95,228,22,6,-108,-81,44,183,-96,330,0,-36,56,192,-97,34,-102,-9,-101,139,-134,177,148,1,62,-50,-46,-38,218,41,-137,-2,78,52,-51,20,88,197,-40,-145,-3,21,239,-182,-99,35,-65,74,15,-3,14,-1,159,-179,-85,-57,-21,91,181,113,-16,120,-137,-19,-16,177,-18,-211,48,150,-3,-93,-23,-62,143,69,35,19,30,34,-72,159,-103,42,49,149,-94,209,82,-32,104,-86,73,101,-47,-40,-36,168,50,29,161,87,167,131,72,60,-39,-53,3,-114,102,19,4,-19,58,-21,137,-14,176,-101,19,78,-165,101,49,34,-10,20,160,183,35,124,21,-32,184,-88,10,36,-5,-153,-79,-126,-61,77,135,70,48,20,74,80,83,62,25,21,-58,119,123
-5,155,41,218,87,319,134,82,8,-97,-4,256,21,178,-176,163,-74,173,126,-126,9,3,158,59,-36,-156,34,142,-183,4,49,-42,15,101,152,69,113,-248,60,167,-94,-62,145,-114,142,72,154,228,51,85,-30,-22,120,-116,82,-5,-54,7,133,-58,45,81,39,-19,45,26,-155,183,164,13,201,169,-70,123,45,-25,87,-83,27,201,110,-2,-64,-227,111,73,102,34,24,-109,82,-181,-3,97,26,-85,62,68,8,-26,-197,44,40,121,47,-121,41,251,1,45,-229,108,139,216,-92,-71,-65,84,-90,-24,-6,21,99,79,22,78,50,-164,-43,305,132,66,48,-77,40,-51,2,-65,59,140,-25,89,-122,83,25,184,82,-179,66,142,-96,-145,-140,89,131,105,-145
100,170,-61,-121,-16,58,9,-145,84,-82,10,-86,-253,86,65,113,38,121,130,-54,-94,-169,-105,97,9,172,110,176,132,-227,179,-167,38,77,292,-24,-113,11,-6,104,95,-182,115,61,81,-60,-131,39,68,-47,83,227,80,18,292,176,242,144,161,14,-78,-19,120,-37,190,-84,169,93,35,183,126,101,-25,-20,-50,56,81,-37,60,34,227,167,10,48,-85,-35,43,-220,240,19,-124,-19,191,92,42,96,57,221,128,-41,125,25,-7,34,78,83,38,76,200,123,40,-61,162,207,111,0,-36,104,-144,-98,-71,0,50,27,51,4,122,-59,27,119,70,106,-131,-88,90,171,4,-20,-62,59,32,43,117,27,17,96,30,88,-72,-137,-53,112,-160,6,-17,157,-161
211,-95,151,-170,-68,91,-179,43,-132,189,-59,359,-28,-15,-156,73,109,-170,63,-56,51,88,47,38,125,21,-135,45,110,-55,23,34,69,-27,175,-28,87,-173,87,-102,39,100,63,237,29,179,57,98,-103,67,8,-108,-44,-160,123,-16,96,109,394,11,-56,153,-77,279,143,157,37,133,135,35,185,211,134,66,-149,-17,65,-22,7,172,118,-31,159,66,107,-85,90,-15,8,66,89,-115,10,-48,-103,-15,-46,-5,-21,-1,8,46,-117,132,-45,-253,221,-160,-21,193,-25,-144,-12,19,3,127,-120,-36,44,-52,-121,-73,-207,96,138,67,174,-178,-97,-61,177,-44,-53,-25,77,128,73,11,1,-14,19,66,56,146,-116,-148,-96,94,28,55,101,10,-49,-144,-55,241,47
-121,20,-95,-193,93,-63,106,68,29,86,-5,-99,58,101,-36,-131,-3,213,26,-203,334,114,-204,-50,-10,49,66,-24,-38,119,57,-100,123,-140,179,57,-142,-69,97,91,67,4,116,-20,-15,27,-92,-45,262,-146,150,18,139,42,89,107,-104,-34,24,-36,-98,-100,144,26,-18,4,78,-70,-3,76,109,52,76,18,-92,-31,192,-42,-86,28,141,-23,24,-9,21,-130,176,6,153,-65,4,116,-79,63,289,169,-60,119,185,-78,104,72,64,-31,23,8,66,-180,-92,150,172,-75,63,-4,192,196,172,209,28,-38,194,107,-107,210,147,-65,-81,223,40,53,12,75,-41,105,-45,103,126,113,-112,75,232,83,65,118,64,37,46,168,17,133,11,13,157,87,245,73,-60
164,298,217,61,24,1,-56,72,-167,74,276,134,122,171,-14,40,166,80,49,92,16,-84,93,126,102,149,118,18,179,236,83,171,67,87,22,39,124,-10,240,-238,-47,-4,170,138,-11,-77,100,59,-112,37,-149,343,163,38,3,69,185,-125,142,227,23,223,117,217,12,84,-94,85,120,16,57,180,97,-160,-144,4,159,191,106,-20,15,219,-75,-36,147,-30,247,49,100,108,86,237,37,137,25,-185,172,112,107,151,5,77,88,-114,5,106,373,33,22,98,92,63,68,30,309,-6,67,158,67,-37,-101,266,42,-37,224,-13,85,89,97,66,37,27,248,-33,113,143,76,-24,85,-14,163,74,75,-8,241,-59,101,5,22,-20,28,199,323,-78,26,246,-36
149,160,-84,47,78,91,130,-73,-70,100,-21,47,-42,320,-152,94,219,-29,-147,111,-7,74,20,-17,-332,86,-77,39,59,-74,84,101,318,354,171,167,37,-92,23,115,-21,119,81,-87,12,38,-82,-38,92,-64,202,59,-141,233,-87,-77,4,171,83,57,-7,53,-64,71,187,85,149,-45,244,-109,115,105,-75,-117,14,-5,155,64,45,-33,-140,93,-61,38,251,5,56,185,-32,-102,195,89,6,-106,16,14,-128,-38,51,-207,111,235,88,202,18,-52,-78,-151,109,12,224,2,-28,83,-130,67,-79,20,203,93,-102,-35,-31,-49,321,86,-5,-79,239,-17,234,73,173,101,100,-186,-34,45,-118,16,-102,-85,84,201,372,323,111,82,270,-19,-68,-7,160,-45,148,422,-4
40,18,59,-135,31,110,6,195,-36,-232,-150,-15,-183,-65,28,96,223,-49,75,-197,94,-14,16,119,59,63,-23,-15,79,-111,-10,50,-3,-14,69,-49,-70,-63,78,-19,212,-97,164,-138,30,63,-3,-51,-55,-11,91,247,-54,134,-14,97,-64,-18,89,-67,-238,-144,-39,-123,31,44,95,-124,155,-30,9,147,-87,68,-113,38,104,-38,48,153,137,-28,-7,-58,-116,-32,33,-85,137,165,20,55,49,95,-95,-39,-113,-65,-72,14,35,6,82,53,-31,97,168,32,103,295,204,-86,7,-12,18,185,-30,146,-59,82,72,97,-63,-14,43,-7,27,-13,-165,-2,229,53,44,-18,14,157,58,-110,85,75,266,78,-51,-117,-224,-176,-148,72,-57,-132,46,233,12,55,125,64,5
48,69,3,-33,143,-101,156,-56,9,90,-63,31,49,26,-42,232,122,127,-92,31,-77,163,-22,-47,-47,-47,124,-117,-138,156,3,173,23,76,186,29,27,87,208,-111,112,-12,-59,3,116,88,-143,206,15,-128,-12,170,9,29,143,119,-26,133,0,199,-57,57,80,-66,14,123,-22,-105,-123,91,211,-38,82,-85,5,-47,122,45,126,15,98,123,17,113,34,45,122,139,55,-99,100,57,117,26,170,95,-97,63,118,-35,204,292,118,-42,-70,60,181,118,-27,14,75,111,71,115,136,195,-29,173,138,-256,129,165,116,132,54,-179,119,-19,65,-15,215,-81,205,-8,9,92,148,-102,56,-19,134,149,231,-4,28,50,215,101,192,166,6,4,-75,97,65,44,21
15,19,217,-23,40,185,-10,118,-39,149,95,237,114,134,-143,173,-19,228,203,4,61,214,169,-133,-111,-68,129,107,-19,83,155,40,100,289,-7,108,50,127,141,-15,-87,-72,-99,72,14,102,33,45,91,85,166,125,43,9,46,159,72,-66,99,45,36,100,72,116,0,29,-149,122,2,-102,9,6,-20,89,213,26,163,61,-112,-103,1,-52,14,-64,58,-106,161,326,61,80,171,-122,-70,26,-136,34,-99,83,15,23,-4,49,67,88,96,41,143,38,182,-37,149,162,152,214,53,40,183,339,-17,59,-104,52,-63,103,239,-39,160,70,88,-24,46,2,168,-60,-113,-5,-16,-34,234,-118,-63,81,64,-155,25,102,-3,109,108,-23,42,311,204,248,21,215,126
-36,29,-179,-70,-22,-17,-162,66,112,-55,153,-159,76,-67,-35,-107,60,189,76,155,-52,34,23,163,-53,-49,205,192,37,-109,82,-57,157,78,-107,7,1,52,24,-72,80,-352,-80,-96,69,-45,83,143,-37,34,-58,19,8,-30,35,35,-90,-10,-147,-213,178,151,111,-12,-132,112,176,-27,-73,-2,53,-125,165,175,176,-45,158,57,90,-79,128,-65,-1,-28,121,11,24,-15,48,139,21,3,36,-16,-9,-12,101,60,-156,-139,-53,76,-77,1,126,-184,100,12,76,148,137,-2,81,54,-62,8,13,285,-22,14,47,-35,51,-67,162,-19,53,166,-40,4,119,-9,172,-44,89,-115,-52,32,237,-185,-19,33,-107,-135,-40,-136,36,-78,82,-151,72,-152,-6,20,216,125,-30
48,110,-12,-98,-93,0,-45,35,125,67,-11,-9,216,34,131,-21,20,-181,-114,-37,-7,-16,87,11,132,-54,-14,-42,242,19,28,-61,76,-66,32,117,-84,334,90,112,47,-27,57,56,-34,86,103,-115,142,-34,183,73,-115,10,-21,-118,79,215,-24,63,68,16,64,121,78,-34,-51,103,38,-40,86,40,71,62,-175,-24,-185,20,71,24,27,-32,213,-28,-82,-21,-40,-65,39,134,73,125,-83,126,27,62,-3,241,11,-55,100,-84,212,121,297,151,52,22,68,309,84,-11,112,97,-156,83,-109,-44,-125,75,70,51,265,18,-61,237,131,76,74,66,-59,181,48,141,91,52,94,-124,-169,88,20,-45,32,-27,73,155,235,48,99,-21,-159,-21,-9,-64,51,252,-24
159,189,2,-202,-148,-22,107,175,-2,156,199,128,33,-27,-78,-102,218,59,152,44,-120,188,9,194,-10,8,76,166,3,19,92,-50,138,101,50,196,52,80,170,-71,1,-84,-31,-78,19,-96,7,86,28,-147,272,18,-88,-42,55,76,-58,-95,184,-100,-5,67,-29,-207,-36,220,30,99,-3,18,-18,94,-85,24,31,80,91,97,101,77,17,160,127,-2,-333,86,42,84,-81,217,127,93,44,106,148,-16,43,219,-56,113,63,-2,41,254,-8,-61,69,220,30,265,210,109,85,84,79,99,141,109,-128,-122,191,246,-101,148,68,175,-60,-23,-87,73,156,-65,37,19,111,71,21,14,58,-31,195,71,-263,74,115,89,-90,207,250,-23,-54,7,14,28,102,230,-157
199,17,141,-173,161,92,124,-68,-61,48,-122,88,30,-15,173,95,221,-42,90,-25,-46,-138,-31,216,0,172,39,90,-88,-70,-124,224,121,19,117,61,0,148,7,-117,134,11,182,-12,-79,-94,-49,-12,12,-271,-162,-134,215,-46,-112,-135,38,85,35,320,-40,41,-38,-36,-30,43,-4,-52,-38,20,-30,2,-35,-154,174,-5,96,-32,178,-158,-11,184,4,-16,149,-39,56,8,-44,-155,20,153,110,24,103,18,-62,14,59,-20,82,2,-88,13,-73,105,26,-17,-53,-122,237,-128,-108,-157,69,357,84,-120,147,91,15,-125,2,67,-42,45,107,38,-90,-33,15,81,-147,-63,227,-366,36,-81,141,-24,169,-10,86,-10,37,-105,70,-112,-20,18,74,-69,101,13,-154,138,125
-236,-26,81,-9,14,60,101,-28,80,-6,-67,84,31,-33,61,-41,-121,-127,-55,5,-57,140,94,-84,-49,126,-142,-7,-5,167,-157,-56,104,0,-102,106,176,-12,9,139,146,-331,-112,55,-75,-110,-123,-137,98,173,-4,5,15,-125,-93,108,286,-10,-148,-207,67,86,49,-9,-221,-44,128,-11,-240,44,-71,117,279,10,82,-33,58,-51,-84,58,-53,-6,-155,50,275,-179,163,-63,-72,-120,-34,-54,-65,162,63,-15,-167,-67,148,5,-172,252,-114,-160,58,124,204,76,15,200,134,-103,85,-132,-224,5,-259,197,162,-39,-180,-68,133,145,251,-63,198,130,4,144,155,164,-76,79,192,-15,78,-133,-3,152,-73,14,65,-174,14,-140,-7,-89,-76,60,62,-49,80,-99,117,35,-94
357,-71,59,-65,-55,149,42,30,-49,198,257,-22,-148,109,145,-73,138,326,-71,84,-48,-166,-9,106,-57,-54,10,157,17,129,131,97,140,-52,-63,171,71,62,59,-30,24,132,15,182,94,1,82,272,-33,28,-93,-55,-15,5,5,-72,69,7,125,-43,-66,62,71,86,96,-175,200,175,-44,55,-11,-47,-54,-15,180,43,128,135,142,-125,-81,-110,-9,-60,116,-180,146,-33,26,-64,34,-57,-149,-77,-171,105,19,72,-45,57,-173,-64,-40,17,132,97,-59,197,160,-77,35,150,250,46,34,68,69,74,84,-71,-214,85,69,218,51,44,-90,72,58,132,110,-72,-111,45,-25,56,25,-1,24,103,-100,164,252,-10,-115,10,-146,-63,34,214,85,161,62,-101,-124,143,102
55,67,-58,61,94,161,41,66,-138,49,104,293,78,108,-16,236,-139,211,118,176,4,123,47,-54,135,178,7,-236,-15,-46,148,114,9,105,46,259,-8,19,5,62,-96,44,120,133,323,122,-160,302,135,134,-64,127,121,-16,63,-109,39,148,117,130,-95,237,81,66,-36,286,0,-9,108,131,299,112,-7,174,-90,51,41,-76,31,258,231,67,94,42,118,135,-41,-189,62,46,110,-103,9,186,-159,-97,30,157,-76,57,16,-85,109,-30,29,-81,201,111,170,0,-94,28,150,186,84,111,-16,-23,-144,-25,91,50,156,86,120,109,-205,-62,-14,139,42,10,56,-98,146,23,-34,-144,68,-6,-63,-18,9,144,14,-34,-99,137,-94,-73,109,139,-68,-82,46,-45,-67
-41,121,129,-56,47,55,-9,-224,76,212,-117,23,-43,-93,71,232,119,-60,-82,57,185,-117,64,193,214,-10,3,301,108,89,81,9,215,-58,-71,48,-16,7,162,37,-206,-35,-43,144,-80,-8,183,107,68,67,-98,70,-6,11,58,-58,-119,152,-42,7,-44,90,6,150,179,-45,35,157,-16,-63,162,201,215,-240,3,173,-95,69,51,-31,219,-59,-90,0,227,-69,-59,29,226,79,21,-126,54,-78,-62,69,152,120,-10,-35,-65,-69,-98,116,48,-65,38,112,33,22,175,117,-22,119,-73,96,280,103,-10,73,115,60,-46,81,8,47,113,10,141,-21,-48,135,-166,75,-96,-117,41,181,-167,-111,98,-71,218,-174,-28,-26,38,82,158,-152,131,-123,162,34,93,61,-68
30,-103,-163,4,-115,10,-110,158,-88,-178,46,-119,-118,154,-31,28,-18,1,100,25,79,9,-43,36,16,-139,5,68,37,102,52,-8,164,184,-159,13,-140,46,211,7,112,-148,226,42,116,74,93,123,124,185,-2,-15,89,172,117,163,69,141,141,20,84,-109,-106,101,158,54,-23,-12,-124,53,93,117,1,-69,37,-160,101,42,-133,48,14,-5,-42,151,-39,74,63,-15,166,65,10,-8,67,-9,-93,-223,139,65,-204,-26,115,-15,-64,74,5,-229,-99,132,60,-12,-7,-162,70,-122,160,-15,105,80,-11,-145,110,-65,-121,106,210,-159,107,-19,102,234,-24,41,-6,-39,-47,22,-14,76,96,-195,-4,2,32,-80,8,26,-103,-35,-85,-15,-28,120,-47,95,-37,143,175
173,101,-106,-26,89,141,167,2,-94,240,168,-40,-34,289,-45,96,132,63,206,147,39,46,-152,163,-78,38,110,147,75,-18,-39,-134,12,-44,47,-107,75,-19,79,-122,-88,13,-73,2,92,-201,31,100,-64,-20,144,121,-165,44,-21,51,14,-97,61,79,-50,56,133,121,116,-157,-84,-13,76,73,-1,34,-29,126,-18,158,37,92,133,-23,-90,251,20,-40,-15,84,56,46,117,-89,-94,222,-41,-82,-20,176,118,194,3,27,-123,-115,46,-56,97,63,24,-35,224,20,-12,91,-38,56,-12,242,271,-55,-115,-101,-217,22,68,126,-92,16,-109,-19,185,-189,-42,69,-16,40,218,-154,133,192,131,-63,61,-151,185,94,278,8,-45,94,-34,1,136,-22,-45,-88,49,160,45
-96,55,43,-41,-87,77,-54,-78,142,-47,-157,152,-99,-158,-57,-61,-5,17,-48,104,218,126,-125,103,7,-56,-71,-54,-76,-26,28,23,109,-67,46,145,28,68,-50,113,-90,28,120,18,90,-11,-112,-50,-41,-39,58,63,12,-87,-87,-98,214,-42,-104,45,32,-16,-83,-208,-100,135,-70,-10,113,-120,60,145,108,139,39,-104,44,106,75,62,17,-181,145,107,75,-73,80,-38,-124,21,-70,-7,-124,-116,-126,-49,64,-64,-68,65,-93,-34,-31,-16,-38,50,-168,63,-30,66,141,48,-7,82,-106,87,-64,-106,10,234,-65,0,63,45,-31,-7,-19,40,22,24,62,-133,-20,157,132,73,9,-83,140,-14,-26,-9,186,24,3,-119,-28,4,-77,59,-63,107,128,-26,158,-36,26
210,34,-8,-11,291,-48,105,203,10,177,128,173,23,60,-54,-186,-62,72,-76,70,-96,197,-70,24,115,35,-92,31,112,-51,-26,85,73,-2,86,92,57,87,96,-66,-34,206,-30,93,86,169,-196,147,-44,219,-54,61,133,-168,156,70,-94,140,162,60,-210,-15,-35,73,57,-55,120,-13,-61,221,101,12,-131,150,149,-78,60,103,-67,186,131,39,120,18,-17,146,22,1,160,-106,1,19,-13,63,70,-8,154,13,192,17,60,-16,169,105,-19,28,-29,-4,-28,121,5,53,31,106,20,207,-107,-35,17,-179,99,-58,-113,97,119,-89,133,-15,9,101,-152,-30,109,-1,189,-48,317,5,254,178,-83,-95,-78,-20,8,-96,110,333,69,47,124,47,31,114,12,267,210
48,73,9,125,37,-211,-119,5,45,-124,47,-2,-71,128,64,-174,92,44,48,-37,21,208,9,83,37,-26,-86,-90,-22,244,29,-30,142,-9,-77,50,76,198,124,71,10,9,62,68,176,95,-110,136,103,50,-79,-233,73,-10,77,28,-40,-224,192,97,-100,119,-5,-45,85,111,30,-91,-58,57,97,101,342,-17,-137,-193,24,-1,-24,-58,237,3,144,44,-62,124,14,73,170,-109,3,15,69,45,82,-49,92,191,27,-74,151,72,48,117,-6,-156,22,7,106,-143,47,-110,136,-111,115,28,166,114,264,-9,3,159,-200,-139,99,-146,117,93,-51,145,104,146,17,89,58,176,-48,-201,30,125,2,56,-47,-52,-109,-94,-106,-124,59,7,23,122,196,245,-11,-5,-54
107,-68,60,108,16,-46,103,221,110,76,143,-15,19,149,50,99,96,169,229,0,12,-108,89,-103,-76,-22,41,22,70,127,103,189,61,62,-78,272,132,117,-2,-57,6,-51,-3,-2,8,41,9,39,76,-56,-10,97,-92,29,35,46,58,-84,83,-18,94,65,189,0,-11,8,284,-85,12,102,29,-70,91,60,-26,-77,22,45,159,80,101,182,36,31,120,-59,112,116,-73,58,61,111,182,136,21,39,-52,50,132,55,-59,293,127,-115,-56,51,41,22,277,-159,15,131,295,65,-35,-14,162,44,228,208,-165,10,-62,77,141,-51,-103,89,51,-71,127,186,-113,49,38,100,-307,118,270,33,96,84,98,-200,163,-6,49,-90,126,26,161,84,-9,-110,190,237,84
-66,26,-89,119,-52,-39,24,51,-235,-74,-75,-164,-60,-47,-118,40,-176,-52,22,-35,40,-39,38,7,-41,-227,38,108,-56,-67,9,-252,31,33,-113,-65,16,134,-49,-42,-89,14,-25,-121,92,-60,93,-63,-19,-46,-189,101,-68,14,71,50,-51,-100,11,21,-3,52,96,26,-67,50,-179,-74,-17,37,-132,20,-179,25,-15,97,43,-52,-37,-116,173,-103,37,-96,-32,-151,-33,-96,124,112,-116,-61,-80,230,-157,4,132,64,-31,-57,-35,-185,48,216,-73,55,48,86,-87,54,-23,-61,85,55,39,-9,88,0,89,-52,-54,97,46,144,227,40,-194,264,-156,157,-211,97,-8,-104,-18,45,-6,1,85,17,-129,3,21,-68,-50,-80,-76,-182,53,-106,-114,17,-241,-114,10,-145,-29
-10,185,272,153,-145,-132,152,1,255,-17,119,82,82,49,1,189,-35,159,13,-78,153,213,253,-45,191,13,-208,-141,132,-46,115,-139,-18,96,-58,9,109,244,107,73,89,139,52,-57,54,20,-105,51,59,7,-40,23,-105,111,34,30,82,218,-70,49,44,55,279,23,165,-117,-106,-55,29,10,-105,-147,-122,228,201,16,43,-85,18,-76,72,-61,42,-44,-77,82,-68,-9,13,77,101,-29,-137,51,9,215,-10,-57,41,132,-22,194,-10,14,-126,243,148,34,370,165,-36,-114,245,127,80,-107,15,150,122,107,60,93,175,190,17,-39,47,253,-6,106,63,205,136,-36,33,305,23,-76,-102,77,160,-55,150,74,173,166,150,-61,186,97,-153,192,222,-41,-9,17,100
-24,-95,-55,274,26,37,51,3,80,-184,66,-28,-78,-152,19,174,5,187,-101,161,-36,-235,60,-92,-14,60,23,103,70,83,79,135,76,182,-88,100,23,-78,-42,55,200,-65,34,-114,32,-144,-15,-49,-47,123,-47,125,-91,103,-73,9,-56,-79,37,-124,132,166,3,197,44,190,181,-58,19,-42,153,53,46,97,-51,-111,113,84,11,-120,-82,60,57,40,-22,89,153,-36,13,-50,47,94,15,-21,-23,172,154,168,67,108,81,41,56,17,128,134,-11,-59,109,-46,-28,2,107,200,-58,64,83,-79,119,120,-100,56,-18,-56,196,18,-37,-72,131,6,65,37,128,11,3,44,84,79,-29,-111,-46,92,19,-163,-44,-36,-95,26,5,64,-34,167,-116,83,15,192,-111
-61,114,-139,108,169,62,167,66,-22,-134,-80,209,-152,8,-76,-52,-105,371,50,108,-75,216,-31,48,53,71,22,55,-126,89,110,163,-11,-90,125,112,-142,-52,115,39,-40,-86,-87,122,-153,58,-10,314,7,227,-40,-162,-31,37,0,-169,24,70,36,42,-172,73,151,26,12,24,-26,-2,140,235,179,90,48,36,-11,6,225,128,37,52,27,72,-5,-35,229,-180,62,-12,103,-150,-23,-36,-94,24,34,-9,17,158,1,-283,-180,-137,-95,-218,3,53,92,134,-109,24,2,106,226,191,-119,-60,239,82,151,-41,-160,43,-163,58,-53,37,4,-66,-25,99,-59,63,149,35,-15,-17,31,-157,-80,60,2,164,122,-37,151,10,-99,-9,84,-76,57,-29,-62,32,82,66,-118
10,179,-70,-35,17,81,-119,-71,-14,-186,30,54,6,192,-13,208,267,-87,-263,32,230,82,75,-171,-103,178,147,-131,-49,4,93,53,-125,85,-18,285,129,-49,102,-85,-17,-275,-22,138,3,39,-23,186,31,-87,-52,-77,-96,180,72,-23,71,134,115,-47,30,4,13,-38,158,143,82,-10,146,177,160,129,78,163,54,76,157,37,-155,135,21,187,6,0,-5,-94,220,-78,-17,115,-85,-145,-41,-8,85,-75,-102,266,34,-154,71,70,-44,-16,9,-204,89,72,188,-63,-2,-125,7,132,321,-67,38,309,-94,-131,-12,207,35,161,84,-25,34,-108,4,101,105,-103,162,-4,101,-24,-54,15,-84,-40,111,46,58,151,-21,202,-113,0,58,178,8,163,175,82,-34,262,-43
217,89,-170,44,66,-59,167,-3,50,119,101,190,94,-23,-11,-14,75,-38,218,13,100,-2,84,241,16,-35,15,-51,5,98,174,-17,205,99,264,-11,110,-159,28,-9,134,-197,-15,96,226,6,-15,198,0,-8,-144,141,46,-118,-6,-35,90,136,90,69,102,10,-26,26,-39,-11,97,1,-22,29,-13,44,151,-17,-220,-84,-73,-45,148,79,52,-132,180,-119,225,-59,95,39,-66,236,141,60,91,60,-94,34,96,77,7,-28,-105,224,49,111,-61,143,88,161,-9,-16,-158,-21,87,-89,-106,39,48,181,65,-17,65,103,191,58,54,118,-134,128,-23,172,-60,136,-56,176,97,-50,16,0,210,-64,75,19,157,-35,14,39,119,-53,142,41,137,-140,29,-68,5,128,57
209,-197,155,-146,39,110,-10,-106,63,23,197,132,-22,156,110,-62,83,51,43,-79,70,-151,-36,-180,50,177,170,-22,-160,0,1,116,153,149,95,-66,28,66,189,163,-50,-46,80,149,-212,60,-183,-19,180,-62,28,163,137,135,32,146,76,23,258,197,-181,179,276,186,-19,18,79,110,-50,61,87,120,81,-216,208,26,8,221,181,217,176,60,242,-121,25,-94,-28,-1,202,112,39,107,85,171,-47,89,154,-41,-103,-76,130,165,122,-34,120,73,29,84,76,-4,242,-34,-10,116,118,63,101,82,117,191,-58,7,-158,55,156,-70,265,132,165,-138,-80,227,69,137,-95,71,110,138,168,159,166,172,115,-173,-35,-28,13,-95,25,-122,228,3,98,87,78,299,-72
149,-11,51,69,63,16,53,9,42,134,233,36,256,-8,-63,6,-85,47,8,130,10,125,-8,125,-57,-3,56,1,100,194,54,-54,202,-30,-55,-54,17,261,-74,65,166,188,148,-104,-61,-9,-17,63,127,-29,164,-93,62,-114,-25,-75,-140,-5,42,119,182,30,82,218,48,85,123,12,214,33,101,-155,160,-150,251,-85,112,-1,141,-9,24,15,-9,-93,95,234,-134,27,-30,-7,132,179,-66,-95,30,-10,-112,-19,-66,12,42,70,252,20,290,-36,48,-141,113,0,62,-27,101,31,73,-15,155,91,27,79,165,118,-73,-148,-6,-57,-33,193,71,-19,-30,-73,-91,83,38,-73,-12,-15,49,-151,25,-109,23,61,149,105,176,-89,32,-42,14,43,89,-74,39,95,112
142,70,-209,172,143,-116,76,182,58,169,-35,154,200,13,95,33,121,96,117,-126,168,91,126,183,18,73,40,42,178,-119,87,109,147,98,224,-2,47,-39,68,112,250,-129,184,0,64,75,-36,171,187,140,236,218,106,76,32,7,38,277,16,172,11,107,66,258,-159,210,20,-55,77,173,-10,102,64,-90,-101,46,127,-181,-157,79,153,-43,191,-194,-84,-83,-65,231,72,174,308,116,198,346,-21,-46,-50,-6,-201,21,16,223,11,-2,50,-11,225,51,-67,171,65,-40,-24,94,48,79,-21,-42,123,163,186,82,103,30,35,34,89,-19,-29,149,-84,164,71,-50,119,-6,91,51,16,-115,180,-56,93,144,3,-7,143,40,127,-41,21,15,-38,-101,200,156,41
60,119,-15,-142,-97,-40,40,133,8,-58,-59,-10,44,60,61,100,-12,81,189,-276,82,-61,79,-154,71,-170,-88,99,27,-179,166,-107,31,-113,110,5,-146,58,78,41,102,67,48,36,164,61,132,-28,225,-157,69,67,-183,80,32,-63,111,140,191,-116,-3,88,202,-32,68,63,-14,-159,-85,-41,20,-77,-26,218,-26,-66,223,0,130,34,-34,-92,212,-15,111,71,86,-118,16,125,141,-111,-144,-1,66,46,73,25,-155,-134,8,80,15,81,31,159,65,117,92,95,15,-86,-25,191,-176,-45,203,-84,-64,45,-54,2,117,98,90,92,-271,42,26,-35,42,309,80,-40,78,151,-99,158,-1,-107,46,14,36,223,171,23,203,74,-77,-12,49,80,-246,96,8,143,84
232,141,53,-86,142,59,33,149,29,103,251,219,41,196,43,-83,7,48,-109,144,73,59,105,167,235,32,-89,65,-14,59,97,143,183,49,-51,125,-32,148,43,-11,156,1,136,40,107,254,66,121,-62,33,104,39,-16,83,18,-51,-171,-136,89,91,28,182,71,160,52,177,17,-30,56,-5,102,26,394,-116,37,-132,-68,143,63,102,89,37,100,96,27,-83,130,14,39,236,-39,134,-27,-94,-54,-17,338,190,-16,85,202,246,13,48,115,-50,91,-109,6,39,27,5,-148,-70,-42,61,53,149,-9,104,101,159,-104,100,102,-48,-18,67,-63,90,131,207,100,-178,173,29,155,-77,-47,-92,-25,-13,142,56,58,9,28,154,-15,62,118,338,111,-198,25,129,207
202,-28,41,7,-120,86,52,173,113,51,-25,222,-86,88,-8,-58,130,-188,85,-40,-44,202,-104,-247,171,135,7,-2,79,147,37,343,119,97,-58,-55,-49,-192,132,-120,156,10,13,255,133,129,111,-26,157,33,-1,140,-168,-49,-42,74,93,125,192,69,-47,93,-71,105,23,238,-44,151,-9,165,11,-6,-33,-114,39,-139,228,91,23,186,109,80,123,56,156,12,213,-25,94,85,60,30,-22,215,-11,-137,88,93,-35,-8,52,274,-124,-15,-102,183,130,110,42,95,155,-80,-62,61,41,146,-307,134,-45,-68,37,72,-83,-3,192,-34,-33,-33,130,40,204,73,136,87,147,53,64,54,98,153,192,270,-145,-24,77,-140,7,-1,110,77,162,190,236,-203,155,134,137
138,167,65,57,-29,79,162,109,-16,-109,31,3,-41,-193,-49,228,200,186,313,-236,48,12,-3,187,-95,108,-39,45,36,117,148,18,141,-86,235,-137,-28,-108,79,296,202,75,127,-76,133,-15,-168,18,67,-55,118,17,-23,40,169,-29,136,41,161,-107,123,-137,163,61,106,59,15,134,-19,207,87,98,78,35,49,58,288,152,9,-30,135,3,-55,-204,83,143,278,3,78,-10,-27,146,275,230,27,90,-90,-24,-42,76,-108,161,-73,-13,-58,101,140,61,89,315,-15,59,131,-71,57,63,37,171,23,-5,18,46,21,262,199,-36,76,50,0,215,95,-110,33,-160,105,194,-4,-37,-46,10,177,240,104,-16,13,41,-85,-148,-25,107,120,145,19,31,35,64,-16
-73,115,-92,48,80,7,165,159,36,32,-112,-18,-56,63,16,-49,-129,83,-33,30,292,59,51,-43,-15,-16,68,-58,-86,-22,-10,-93,-87,64,-67,223,154,43,-77,-82,-101,-139,-133,-31,-40,68,-17,-95,103,6,134,188,23,170,-1,-34,-50,226,54,-51,-4,110,23,60,-40,83,-92,-42,18,-14,106,57,8,38,-64,17,-38,-12,-20,171,-8,47,-123,-238,151,-128,-91,39,32,-70,-47,-164,-85,132,-8,142,-19,98,156,-69,50,-5,199,117,-44,-64,169,70,152,-192,135,-57,88,166,-9,48,63,79,78,106,-13,120,1,54,286,135,100,147,-5,-62,-236,133,-19,-4,73,-48,-255,-9,136,-166,-153,-134,254,54,-79,87,164,39,18,-34,-65,-92,-136,146,-104,184,-51
285,66,-135,48,-60,12,-42,74,172,140,58,48,228,166,96,111,146,-30,145,121,-262,6,216,24,29,1,-40,-60,129,-49,232,113,212,225,56,-65,-3,156,-37,77,293,-19,24,65,14,70,3,-18,212,125,91,376,164,79,133,-22,303,223,60,-62,87,330,55,134,113,34,47,147,71,-115,61,-9,105,141,-68,187,66,51,33,163,217,136,291,95,-87,126,-111,-65,109,120,118,-124,69,16,63,-94,-17,-4,102,17,82,92,151,103,89,111,100,52,216,209,-12,-132,26,166,-11,-22,25,144,-210,-65,221,62,366,17,-28,194,116,-136,185,307,128,372,177,-6,178,261,142,131,256,-143,19,57,-82,153,95,121,104,13,156,93,-4,155,-57,-28,31,226,-75
-15,77,97,43,27,-46,-89,196,51,-59,-38,-14,22,-116,77,-142,57,51,105,-138,-30,-91,265,344,-130,-11,-83,10,-73,-176,127,-206,77,-58,21,44,209,13,127,175,-79,-89,68,-289,120,-75,20,-1,-45,-93,170,145,82,75,-19,177,72,-78,69,-52,-87,-73,-137,21,13,-155,-31,0,-124,-86,86,159,166,38,-122,-80,20,119,54,-101,-73,15,-143,-163,0,37,90,75,83,-7,-39,14,-27,-15,-41,-6,112,-87,102,-9,-16,91,1,67,71,-65,-47,41,23,70,156,8,-145,155,-23,-94,39,-282,28,-132,-161,-9,-58,-92,68,143,183,-16,-64,33,55,133,74,9,259,61,27,-21,-78,52,-184,-144,23,-10,-59,137,92,-60,-65,57,-23,-19,48,292,301,192,213
46,87,35,-78,118,79,6,21,-27,109,95,115,98,-119,3,64,46,284,81,32,233,-70,24,137,-137,94,105,-135,116,-13,140,-141,-45,37,-13,104,191,-19,1,-52,61,-92,52,-155,-91,105,59,100,-216,35,-3,77,42,83,34,134,24,-135,227,-13,-25,11,-248,-133,-44,104,3,-24,171,-136,115,61,-1,13,122,218,31,-146,50,-30,-63,0,-79,-71,-50,-165,171,88,41,142,58,-129,-99,-42,10,-96,-13,39,-33,11,1,-24,-99,-203,34,-105,-8,149,150,-145,34,86,-73,-21,131,25,274,209,63,-69,46,64,34,-39,-139,111,142,37,-47,151,30,-100,-81,-18,-209,-69,-130,-4,-10,35,242,118,-61,80,-107,45,-107,-28,52,122,193,-33,-76,106,1,31,128
99,71,-91,-107,-25,112,-143,1,-24,60,-74,-127,56,77,-141,162,57,-129,112,-20,-138,110,67,45,-209,80,87,35,184,-43,-101,52,270,39,128,-25,106,216,40,-149,-113,-145,24,76,40,0,25,118,-47,71,145,19,7,-76,159,-26,156,6,41,35,-88,55,87,-167,37,224,87,-170,68,143,-20,320,54,-55,73,103,-78,-78,56,81,79,139,22,56,-67,178,180,163,82,73,105,138,97,-37,122,-100,2,190,19,26,41,20,196,105,221,-124,-29,37,143,107,3,164,66,47,-56,-108,148,48,-4,-92,13,19,-36,148,90,107,-15,-199,-17,3,97,73,-2,-12,86,6,49,170,122,-248,147,-44,-11,-109,264,127,-8,54,129,-106,13,-6,91,123,-57,213,-69
-97,-172,-3,180,-38,-35,100,-6,194,-59,156,-40,145,118,-19,24,91,124,63,234,15,-167,146,16,-43,130,152,143,78,59,168,-14,54,59,-285,-64,111,179,-131,213,43,-1,50,56,112,24,-123,-91,30,24,-108,34,33,275,-180,-139,-162,86,78,-21,13,2,47,77,46,-50,-11,214,-103,-100,-60,-94,58,-83,96,-48,26,36,297,162,-83,-94,-35,-7,57,136,-114,141,37,74,70,117,103,-25,-55,99,148,-15,-19,-17,116,275,147,-233,9,37,-31,-31,67,-34,13,82,-69,-9,-48,52,60,-41,-112,252,-35,-214,109,-12,-110,110,-36,96,155,26,-92,161,68,-15,-152,-70,-25,165,8,-45,11,29,-104,295,13,71,297,-50,4,1,-19,-112,2,-125,11,97,75
80,125,10,-17,-102,55,-26,44,-20,7,181,53,-102,-32,75,52,201,125,107,56,-99,58,136,166,-38,124,-36,132,111,81,-41,146,171,214,-33,18,-120,177,239,-103,-2,-129,89,-61,-20,35,9,25,38,27,-44,35,119,22,101,135,-103,171,75,-167,-189,28,143,113,232,17,144,113,-37,-43,121,46,38,-38,40,68,15,219,-78,-31,114,48,-100,-18,-106,26,105,-25,259,-124,-24,178,44,86,86,157,80,178,170,75,-26,-102,-38,117,-30,-35,179,237,267,281,266,-121,99,76,112,-90,10,52,268,-6,19,56,-55,196,131,30,30,53,30,179,94,70,120,-40,138,44,212,-61,0,-98,90,26,4,-138,59,16,47,32,138,22,16,66,200,131,169,368,-45
114,16,216,-68,99,182,-41,104,-37,9,-82,-72,-111,12,-43,-138,217,-37,170,-85,-14,-37,-125,188,-10,62,100,166,-22,254,138,-123,240,-25,-51,-30,-5,-14,156,-89,45,-22,0,-21,44,21,114,-106,87,57,138,39,-75,-4,105,-122,50,79,52,-66,45,62,18,-88,21,4,-110,264,51,98,52,306,-39,-43,76,47,-37,-74,154,-111,-4,41,24,-39,30,110,112,105,43,211,191,-38,-133,65,-2,50,46,94,-116,-61,164,-31,164,166,2,-33,278,43,36,66,98,51,-102,-85,-137,-82,-8,117,-22,-123,113,47,-57,56,-7,-6,-20,-106,10,-45,37,-42,26,-44,-81,26,-35,126,-53,-308,76,64,122,-79,125,92,5,12,-22,44,69,-133,93,191,50,34,97
-124,158,-70,39,-302,182,-71,135,-38,1,-100,61,193,206,-173,117,236,37,169,100,62,67,57,73,140,68,151,154,60,148,240,153,209,-74,33,94,-193,-21,163,63,176,22,19,183,70,63,53,8,68,142,198,58,33,197,-55,-30,179,177,76,178,338,237,9,151,-95,195,5,147,138,88,56,113,-22,129,0,138,280,248,20,-30,33,-248,211,-67,100,-54,255,272,57,131,101,259,-65,116,133,-142,2,162,29,-168,29,17,343,129,81,8,316,90,39,381,173,146,258,-14,-121,-8,88,287,-35,-41,48,49,114,138,325,55,79,13,207,33,121,43,326,191,104,155,139,16,46,-290,-41,89,-68,217,139,-92,221,-60,92,87,-112,158,225,353,28,39,18
-24,-139,-159,32,-11,-85,117,116,25,35,-83,-66,161,149,1,62,-42,36,-205,-7,143,307,-49,-37,124,170,27,-67,19,73,5,177,28,-80,10,-133,4,-110,-66,-183,54,74,31,165,206,11,199,65,176,39,-129,-1,111,-29,76,46,-111,23,70,43,26,131,-68,190,243,16,19,32,101,-19,168,-39,115,19,-23,8,-21,22,-195,56,21,63,83,-72,-39,-11,240,134,-62,-53,-50,201,-35,-56,86,-45,-46,-276,224,198,25,206,-105,87,-29,-37,-4,92,157,26,-79,-50,-71,-70,-113,27,31,163,15,-19,-46,-44,55,17,-42,51,-41,41,41,123,-85,-4,-68,170,-190,-20,84,144,8,174,85,252,-64,143,157,-71,153,37,243,180,143,-29,243,30,14,234,126
-6,152,22,187,22,106,129,-111,128,6,-61,71,11,146,51,279,107,-7,27,49,-27,9,-100,3,-63,-114,-6,44,-110,-74,25,104,-6,-94,119,149,63,19,13,102,-73,-48,-17,-145,-96,131,-41,-35,62,-5,178,-67,-48,183,-25,-109,58,107,67,-126,-120,-102,107,-90,-38,-98,23,165,41,93,74,106,-90,-180,10,46,14,-82,-26,111,-168,57,-133,26,-112,13,-62,95,23,-159,73,46,20,91,7,67,-87,74,51,-61,-14,-154,-121,-24,70,29,-35,160,30,-228,73,33,-120,26,-92,-12,47,89,-119,95,-51,31,-56,8,-54,88,-69,-89,5,-45,31,-164,-49,43,29,-125,-13,-171,-28,-30,170,-155,53,158,25,32,-67,154,73,134,52,-119,-57,18,6,17,16
123,91,-47,-45,-28,-71,59,117,178,66,55,5,-38,120,-136,36,-139,147,-140,81,135,84,122,-84,-192,-192,149,49,-29,-130,-100,34,-16,65,-69,84,171,28,59,110,-103,-285,220,177,121,157,4,-4,25,66,-69,66,140,41,151,21,42,26,86,-88,-53,114,-37,22,33,-67,134,91,13,-62,-3,-102,-72,-198,119,163,-90,-62,-143,-13,50,54,48,-10,57,-184,70,-104,-32,94,-18,-256,73,36,-68,56,36,207,49,-10,36,-80,50,-75,114,-129,-87,-74,-16,-153,-11,148,77,-40,-53,-134,-77,227,92,43,24,170,-99,82,21,55,117,102,16,-36,-59,109,90,-92,80,74,-42,137,-37,-68,27,2,49,31,-43,-247,-193,-53,13,-64,241,123,-114,119,-111,86,-208
105,167,-115,171,37,18,143,-8,170,64,98,-13,238,39,31,39,201,324,63,239,-4,-95,48,-5,1,-92,-52,39,-4,6,260,171,181,-10,212,156,174,42,54,51,-30,279,120,-87,109,116,-274,-17,57,2,240,-8,45,106,267,-94,-24,307,118,2,99,131,-60,277,49,189,-216,132,240,89,21,101,-167,-130,112,-61,153,148,102,-68,248,23,98,-156,64,135,28,85,107,105,139,94,-112,-26,-66,0,4,1,6,-73,18,109,153,154,177,-70,124,-15,118,241,42,-87,45,191,-27,-98,-20,84,101,-14,-55,91,-22,71,49,404,250,-56,193,206,29,-89,29,-133,39,139,119,34,-127,-50,85,142,173,115,157,34,100,67,92,-123,-103,-16,137,142,171,98,-13
-51,147,-111,63,64,-52,189,-29,98,-10,-170,144,57,-99,13,38,212,-7,77,-78,-170,142,83,80,75,21,121,171,155,-168,57,60,13,62,125,-96,-215,-11,-107,285,-52,62,198,-1,-9,-55,22,-11,98,217,262,199,41,-112,122,-125,112,-74,112,31,43,-33,39,30,188,174,11,117,9,-10,18,-5,178,-169,-22,121,21,142,141,277,93,4,1,91,20,-85,10,52,87,8,-4,-160,129,32,100,-55,-61,84,70,-100,86,-16,54,-68,173,-46,-16,-109,-259,315,-36,-35,12,32,-313,134,-14,87,7,160,151,118,-93,-63,-30,190,309,-58,55,32,156,139,6,-75,19,6,66,-44,-43,-75,-76,82,-155,121,90,64,-168,-72,105,-220,-133,161,-131,117,-44,238,-62
23,71,127,-14,97,81,64,61,35,1,121,-3,17,118,79,-81,157,105,103,85,-56,161,76,94,187,-107,-69,-24,90,110,48,163,131,-3,253,-27,-92,90,-70,-220,9,113,-107,34,-37,-89,-171,192,40,-64,-166,103,1,-56,121,45,-148,119,-109,195,-67,-18,88,78,-6,79,-46,23,95,46,180,9,149,-43,118,-146,79,178,71,-37,-116,-47,101,165,-17,-81,84,144,5,-17,45,152,-94,7,-73,19,226,121,231,-17,79,125,182,207,-207,24,82,144,31,186,84,204,5,-215,-85,123,239,89,13,91,123,102,47,-61,-1,-34,-118,-52,16,41,-100,-56,94,-8,73,-163,-1,114,125,124,228,155,29,109,-20,9,279,173,180,-94,134,76,151,-193,-68,-56,83
-156,115,29,74,-43,-12,72,50,-102,82,-65,125,120,-239,-69,73,78,21,117,73,41,98,-171,196,138,205,84,222,55,101,-63,184,70,-101,45,61,111,-74,160,50,-52,91,170,55,95,-79,81,173,-84,127,231,68,65,33,-150,45,225,-132,130,-60,99,-49,-105,-118,120,312,46,166,36,87,-41,191,65,-82,-85,313,52,91,2,141,7,128,-92,-90,-8,147,186,111,-71,218,50,280,17,51,48,53,29,-6,-58,222,-42,-15,-5,7,119,-76,101,150,-12,279,48,117,36,49,63,-26,-6,126,-32,-31,-2,176,-44,157,-23,-66,98,-159,161,82,175,-233,-4,-11,171,81,93,-72,111,-166,77,77,-86,96,-2,182,-9,39,-47,3,-168,28,29,107,88,47,-105
-42,132,251,30,-105,122,-42,213,0,-7,-13,133,97,-19,34,177,0,65,57,-96,34,74,-93,44,-19,-29,-98,-47,-49,53,-59,-23,-125,-166,-128,185,-25,21,-4,-76,2,-9,149,-27,36,63,106,74,-75,-16,86,-31,28,-43,90,-3,175,-103,37,-201,32,43,79,-160,-146,238,-46,99,87,-4,4,32,20,-63,85,140,267,12,193,236,-19,-128,13,58,48,-150,81,-57,51,73,-109,44,23,142,58,-195,-83,36,61,21,33,18,252,93,61,96,208,286,-104,84,58,81,19,-21,-21,-74,-147,156,13,67,161,51,-89,104,128,89,32,1,-89,59,138,30,71,15,-6,92,93,-31,-36,82,-24,117,8,131,-47,-12,-98,-158,129,108,35,138,34,70,4,-13,191
17,51,53,-84,18,7,55,18,9,27,60,77,84,-172,23,72,109,106,150,13,-44,-114,208,60,2,107,20,48,-11,-75,-12,161,-79,104,181,92,-35,77,106,147,102,64,-55,37,7,2,95,-39,56,150,184,299,55,93,-19,-68,168,43,-91,38,-24,-10,46,21,112,199,-29,58,-2,83,-69,123,17,76,-104,57,157,3,54,76,-123,22,122,-11,186,-86,-158,-17,30,151,-12,-1,35,10,23,-62,-138,-26,0,-20,-87,-205,-48,-222,181,101,49,3,-92,102,1,-7,102,181,36,-19,147,-210,-21,112,-2,62,63,45,-58,187,20,-83,-67,-8,-4,40,28,2,81,-38,5,-152,123,79,199,210,126,88,-43,30,-124,-54,41,-143,144,34,-212,-71,-31,179,-185
247,76,129,-79,-156,40,205,25,174,-163,154,101,-61,108,114,171,207,69,58,77,154,-48,93,240,237,345,46,39,178,28,-49,159,10,243,252,39,30,7,-51,105,261,-140,32,168,107,54,-23,157,150,113,-97,-40,128,110,57,56,-11,59,150,176,188,184,-113,45,186,90,27,-51,156,-125,69,34,-22,130,125,128,72,74,100,107,2,92,162,-18,100,-37,-33,10,229,-35,13,106,-84,141,134,187,-43,258,22,58,-48,70,39,274,80,218,118,-45,97,54,233,67,146,77,-44,118,31,122,155,52,131,-21,119,21,24,143,285,2,-113,213,36,151,59,154,69,138,171,126,-156,85,86,106,93,-72,-14,-94,-66,128,174,152,-27,171,36,28,-124,291,-34
-21,30,6,104,-25,52,-51,-41,16,-83,-239,-85,-113,-32,-38,26,43,-67,-24,15,-31,-75,-77,139,-82,83,84,81,52,146,85,-1,-97,-20,72,-59,-39,-148,-105,20,-54,-38,71,75,-140,-139,176,69,-55,139,55,-39,63,-123,9,-73,138,-14,71,48,168,120,1,66,-190,-14,-107,149,13,105,-156,-74,-1,-215,-2,154,123,-12,55,34,-171,22,2,38,98,-55,91,93,194,-31,62,-66,-10,-67,-144,-92,-47,205,-59,-42,51,-97,204,13,53,75,135,-79,-252,5,-97,-131,129,-112,-84,-88,45,226,108,-54,94,111,26,197,-86,-74,184,-161,168,52,80,56,-53,-65,20,-43,127,-29,-49,-187,-34,15,-48,63,-15,109,-234,-252,-4,-1,-133,-68,5,31,-226,-144,-131
66,-137,2,-84,-75,169,-77,-59,-8,-17,103,-52,72,-32,21,133,343,-31,-307,155,5,-13,91,74,63,77,69,107,196,-314,141,168,21,31,105,116,-57,129,-103,-108,132,207,12,-89,29,147,62,108,-59,-9,8,95,-74,272,-48,9,-14,169,198,163,-88,335,-152,326,-60,186,-121,95,258,96,201,47,110,-25,74,56,48,60,-54,100,85,-87,6,-106,-147,-85,-23,161,7,125,41,-23,131,-181,6,-44,-25,-106,-16,153,221,5,9,-142,63,31,131,-61,41,307,-94,45,-85,202,107,28,116,-62,-219,24,52,134,124,23,67,149,-40,-205,23,241,-10,-73,117,-16,-193,69,-65,150,43,45,34,74,-61,185,48,89,71,133,-72,-33,-11,148,61,-179,56,44,-16
-139,-150,296,-71,-243,269,-214,-34,-193,-167,63,-53,85,-87,-97,103,-41,7,-83,70,87,-131,-17,-217,-18,-18,18,-72,173,6,83,138,136,92,-222,50,-84,-12,94,-28,53,7,80,127,203,11,96,176,-113,64,27,30,-39,139,-112,110,-144,30,173,160,57,-44,-140,135,26,163,78,173,96,68,38,45,-75,214,171,-136,-21,-13,20,116,115,-130,13,15,72,218,67,-23,83,-57,267,196,169,-12,-19,-214,-15,-72,86,24,252,138,147,-81,152,74,-73,-30,145,122,67,-67,25,21,156,95,-173,129,-55,104,20,-28,89,25,73,14,99,-84,120,194,212,-102,41,130,-22,-71,128,-9,43,-32,-1,166,-111,68,58,-57,164,-69,98,108,-190,35,114,31,143,137,73
22,40,128,-119,156,-120,-157,59,-205,-53,27,5,147,-53,-91,190,164,-7,-50,-90,-113,76,-28,-159,92,116,-33,-207,124,12,65,166,39,-99,-159,89,-131,43,-48,-157,22,51,-166,145,-151,54,184,66,-21,-223,76,18,-109,10,-88,-77,105,-44,-2,117,-217,-7,-15,-44,-131,57,-136,-124,-33,-6,27,57,-33,20,81,-116,19,56,80,55,29,148,-40,-30,-11,-103,55,-39,-29,-32,67,112,-105,-19,46,8,68,-226,21,118,-2,97,-34,23,-81,9,296,-159,-189,209,139,-65,-62,72,-74,207,-102,18,0,-16,-73,109,-40,-56,12,16,45,73,-135,-178,93,-47,13,-103,-17,15,-39,-18,-152,-90,74,82,9,-216,-115,17,-67,91,-26,4,-72,14,97,-196,-19,-124,77
80,-102,-10,1,48,-190,-9,47,259,82,294,-53,157,29,50,95,90,-97,-206,146,189,5,93,129,180,167,183,129,220,99,-29,102,171,234,143,3,151,214,-88,-142,297,-181,-3,29,75,185,-167,-55,106,-35,-77,200,161,-120,112,189,-104,74,28,149,34,239,21,183,119,122,162,-147,-8,18,145,-117,84,-16,-66,-62,24,83,121,97,74,147,113,-126,-68,-88,118,144,11,77,-19,162,115,108,200,40,-55,80,121,31,67,141,140,93,-9,135,173,-3,205,18,105,-108,80,-114,172,61,24,0,89,-17,126,200,27,-6,201,-57,47,73,100,23,-129,168,264,91,108,80,149,222,142,14,144,153,3,-13,162,4,258,58,179,-67,47,11,91,-45,39,263,-43
58,-56,212,46,66,95,-144,1,-90,-64,102,54,101,-69,83,213,-87,117,95,18,-110,83,77,20,95,109,113,29,27,-3,121,200,183,65,30,70,104,67,175,-118,-147,88,92,159,221,62,-36,95,143,237,24,14,67,-127,229,-146,127,73,378,48,-94,-2,84,143,156,109,49,108,-96,205,-21,128,-76,-15,-34,-38,83,81,215,20,251,72,136,-3,96,-5,59,-21,25,-66,94,-77,153,81,191,-12,-34,1,200,260,-59,-79,162,78,-52,-7,51,-21,49,11,71,113,137,-28,172,9,54,-14,-48,-119,29,128,-61,108,190,21,-20,-51,159,114,104,54,42,-88,214,86,159,257,53,13,8,10,142,97,94,47,15,92,-36,86,110,114,166,212,-69,201,30
98,-8,9,13,-50,-50,-147,49,123,63,3,-158,176,79,122,-33,91,-67,33,111,11,87,196,-9,-18,-90,294,69,98,166,233,16,-35,-7,1,-35,17,92,22,-177,80,74,-148,-9,83,34,-16,147,28,138,32,114,28,100,23,103,-45,184,-163,33,135,61,15,184,-61,-50,-95,263,42,130,63,75,-34,117,82,168,121,42,-318,-76,-13,71,-24,-41,-86,5,-101,253,68,-8,51,-104,-49,42,47,-10,233,290,59,1,74,-53,80,-54,71,143,153,-156,145,117,67,-141,32,6,222,28,97,67,-12,-25,-1,125,-27,154,43,-9,149,-23,128,13,3,61,311,26,146,188,-86,-39,136,-3,-31,113,-79,-125,44,201,-43,139,151,147,-142,40,73,39,-12,115,16
-7,-68,23,18,25,74,21,86,144,66,1,202,122,66,253,63,-55,64,115,-179,211,-207,14,-7,121,297,-93,-12,199,87,77,49,52,136,43,-7,252,25,108,115,-9,92,1,94,-180,-244,-62,-60,139,151,95,211,348,55,45,158,112,157,-65,207,-80,316,-73,142,3,69,76,75,89,-157,84,-101,72,145,73,14,25,122,-40,50,145,-59,-16,-87,93,22,-116,66,253,69,-11,-86,-52,-14,-66,196,-8,34,-178,53,57,95,85,-109,172,83,190,-84,143,-14,124,66,116,308,251,73,176,52,141,250,36,-94,-1,7,-44,80,152,139,186,-19,-75,247,-14,133,-23,200,-45,91,2,-41,-22,-65,104,63,-122,57,16,-109,-43,15,38,230,166,-37,37,212,-102
68,-141,41,-57,12,140,130,156,14,-81,-65,-13,85,3,191,142,57,177,20,-39,106,-106,155,-41,120,-9,142,-149,20,-65,180,289,113,157,106,114,161,227,96,124,34,224,44,122,118,9,-157,74,179,146,150,206,-65,64,47,-168,-84,196,221,-12,52,-19,45,226,114,260,95,104,-170,21,186,54,-92,145,109,-57,106,-35,-200,173,41,181,-68,205,34,180,-37,114,226,89,131,171,145,26,47,-33,96,-9,64,-42,229,5,-68,106,152,123,-35,-37,127,41,121,-97,217,217,-35,159,205,190,80,-24,198,-23,-115,145,135,183,300,-167,208,377,97,26,76,-120,133,123,37,139,20,41,50,162,64,21,-88,29,100,94,96,-65,44,179,-33,124,-151,201,43
107,163,8,-8,11,319,150,95,-14,125,8,166,77,31,-100,-210,35,327,224,151,-6,-158,49,124,-62,-69,191,167,-54,91,288,109,143,85,29,27,225,117,59,20,-109,-47,121,64,13,-37,7,38,104,42,141,190,-79,-121,77,-173,87,62,257,20,162,-93,103,124,49,163,-114,108,39,34,8,127,-28,263,0,83,-19,118,-12,-3,-132,-69,45,116,251,125,46,199,-154,193,103,44,-1,82,-32,155,125,189,145,-22,-32,59,322,-6,32,-2,75,57,-70,-15,77,132,128,33,-122,126,211,215,-25,54,4,8,-30,34,91,203,-39,-96,236,129,282,84,155,-88,56,21,-47,127,106,-98,-18,70,-20,119,36,2,76,-10,166,68,12,174,101,170,28,219,-14
126,79,152,95,24,99,73,111,176,99,113,27,-46,131,254,133,4,177,-41,25,25,56,-98,-9,220,32,-85,-91,2,50,-158,244,-25,-16,-77,95,78,176,-76,-36,194,90,90,-23,-110,-24,-75,-44,-13,95,-82,-67,79,145,96,0,-61,34,32,57,-17,160,135,100,0,-37,89,-99,-17,45,36,-108,29,134,103,-121,70,88,17,46,43,-63,-3,106,35,-1,-13,-75,-74,-40,-161,150,-51,-90,-35,13,-135,-71,144,166,53,-73,121,89,-20,250,1,-38,49,0,108,32,93,105,-162,55,186,180,-2,2,173,-57,-93,150,-12,-85,9,91,-37,-186,33,65,39,42,65,48,60,38,-125,7,12,22,86,0,-112,82,-75,116,155,176,42,313,-3,-109,-206,91,132
41,102,120,3,23,10,57,-36,66,-31,126,8,94,32,186,55,63,149,-46,131,83,26,52,82,71,-59,-32,15,-61,86,59,-1,21,-77,-21,187,101,160,150,77,-10,-98,205,28,111,26,-59,20,162,-23,124,87,-5,-28,-98,112,-44,47,75,63,-20,155,-67,26,-55,130,41,108,-190,156,214,-37,62,181,-65,-116,9,27,169,-19,99,24,-119,-158,41,-60,55,-261,-117,41,30,41,-45,12,14,70,3,-16,57,-22,-117,-174,-41,67,71,-19,14,83,232,-164,84,-152,214,231,-89,67,76,-50,-102,82,89,109,58,-2,3,185,119,20,29,103,187,113,-121,49,212,79,-2,-182,48,28,-10,1,236,-40,-49,-158,-149,-47,68,132,-30,-25,-50,203,-99,164,-142
36,95,14,-43,-6,121,-26,255,3,115,-59,-180,1,34,-27,230,38,188,49,-156,181,259,29,249,79,-39,5,-55,-259,27,119,-89,62,-206,129,43,-29,-71,184,-111,19,148,-78,127,-57,137,10,-61,-7,128,88,149,10,55,231,86,-44,198,90,-267,138,-122,170,135,193,163,2,116,93,44,99,186,-112,146,-26,152,128,-62,-178,156,138,182,47,-98,112,-55,56,-25,60,124,-10,21,-169,26,-40,54,-74,-75,-47,-68,-30,-25,164,134,34,-158,93,37,262,184,2,88,93,19,119,-64,191,35,-36,-244,-84,136,-13,271,148,7,165,-13,304,151,-177,-111,102,-38,55,248,155,52,51,-35,18,48,222,79,17,60,284,171,-135,-35,2,57,-186,149,-59,-134,-11
287,27,45,-39,-135,194,-10,-155,93,49,-151,110,-18,30,-47,371,-65,-184,-36,-102,66,-12,116,186,56,-115,-60,55,-71,-20,41,21,-32,-55,106,-72,20,129,82,85,63,-30,159,191,-89,23,103,17,132,-103,56,-47,99,87,-61,-51,34,61,102,-47,-106,5,-9,53,29,-14,17,103,-44,-76,-72,44,66,-80,-87,93,-20,-183,-154,9,6,-76,50,-8,-56,51,-151,154,113,144,14,-85,130,-24,-182,164,101,150,-87,71,169,82,-48,13,312,-17,18,46,139,-77,-14,40,45,45,-20,178,110,61,46,48,-59,-9,118,76,-52,35,62,-85,195,32,85,72,-88,20,188,210,177,-100,59,-182,-106,-139,9,107,4,-40,153,72,-93,81,-103,-67,31,48,80,201,65
107,-141,205,-26,91,-2,32,-38,86,57,-159,-157,52,-60,-165,-78,-91,130,-30,-56,-189,46,-35,33,90,257,195,219,171,94,134,26,75,96,32,-162,76,-18,-141,64,29,-53,78,176,170,-137,86,-142,78,108,-153,204,-48,39,32,1,-60,-81,135,-37,58,162,12,149,59,154,101,12,223,193,-38,-43,193,83,185,56,20,82,-51,7,119,35,-49,7,2,39,403,-54,93,51,39,95,231,364,134,-11,50,-96,44,195,5,235,-250,-77,-7,11,115,13,-7,286,21,-138,-24,-42,-237,102,-167,240,5,90,84,180,-113,13,166,41,31,-128,-74,165,126,-50,-13,-50,35,107,110,115,-69,38,141,177,-127,9,80,-191,-27,54,-95,3,104,-71,195,22,89,60,3
33,82,-90,71,-23,17,12,152,232,13,73,-136,163,88,-121,56,-145,67,-39,68,169,139,-121,-18,-164,61,39,-115,16,34,253,-3,5,45,218,78,-103,-66,-95,11,117,-32,162,12,-26,-9,-130,151,98,4,172,155,-19,105,58,31,-41,37,-115,148,100,-17,-57,20,68,220,-242,24,130,146,-19,56,-83,-128,191,19,146,128,-19,31,205,30,159,-150,94,-91,274,-242,-85,45,-198,48,-13,-130,-180,12,64,111,142,-12,-5,131,75,-33,152,40,-59,-24,69,110,3,-32,206,-65,61,-82,-88,7,-38,271,113,185,50,-36,10,5,-34,-65,6,62,-31,-87,-28,-19,186,36,142,-101,231,49,89,166,97,37,2,-15,176,37,3,-88,1,52,-79,-54,-67,-41,-241
164,-88,70,-172,15,-14,244,-32,301,159,-28,153,-49,44,7,35,147,132,38,57,-58,106,-111,35,43,187,-68,-117,115,147,-149,32,36,-11,198,187,-269,182,-95,-60,150,184,70,-66,10,82,-135,-77,-23,-81,95,-154,247,131,-28,-13,-164,8,-64,-166,66,111,-30,7,61,191,-95,-55,-80,114,1,-135,21,-86,48,74,184,-3,67,234,63,46,173,12,-2,216,-5,220,123,-108,63,-80,47,217,90,104,20,19,109,131,145,393,-217,-92,-26,18,-121,-62,35,194,16,-30,-53,-144,-130,101,112,-81,258,162,-211,35,-94,182,116,-121,12,-53,-4,19,62,-67,171,-87,2,133,-59,-120,-28,44,-81,112,-55,-35,115,-98,-103,60,61,194,72,-90,158,171,-73,-28,109
-197,15,-223,128,-57,-33,184,-82,-166,33,-3,128,125,5,140,141,-92,2,-25,23,-63,104,77,-144,180,20,-91,-65,164,66,103,-122,60,-173,-85,-40,-135,-53,128,-182,-34,126,-93,225,26,22,112,217,-46,121,182,-38,-146,-68,78,237,-98,-201,38,-115,11,89,141,58,82,78,-59,-72,-59,41,15,29,20,35,20,4,-57,93,24,-51,82,-24,-18,75,-158,-11,-23,100,91,-18,29,26,52,-90,132,-85,76,-22,106,-102,-43,-33,81,202,60,72,82,134,137,118,57,15,158,161,-11,-25,147,179,25,-91,-57,39,44,-10,7,51,-116,11,33,8,88,92,17,-25,-10,214,19,-4,-104,185,39,63,59,92,138,86,-72,-165,133,35,-23,176,-4,36,141,-115,116
-64,256,118,69,-120,99,137,152,1,1,-45,-78,-126,-50,110,68,-49,196,115,26,-75,77,-46,-64,-121,-25,-116,-140,59,79,-12,59,27,276,39,-66,114,37,81,53,-7,93,209,33,20,15,205,98,-14,105,24,-115,10,193,128,-89,-68,91,43,-32,133,31,-46,-59,-46,105,117,60,170,134,0,180,-22,69,138,-97,-27,70,-116,-126,-39,115,-8,148,-24,-1,302,99,-75,-113,-103,23,-167,-11,-86,-14,-151,124,120,-16,70,-37,103,-23,104,140,-186,-12,45,46,-66,117,53,23,-189,-24,146,25,-38,52,56,20,70,211,-112,159,19,-99,27,367,57,-70,8,81,222,5,99,14,-14,-122,21,117,80,40,17,107,-163,-61,48,173,-68,141,-36,-160,-92,-9,-158
-95,2,-26,69,-134,24,66,182,95,-42,-116,-80,127,28,-29,57,-79,230,170,-121,98,11,286,-122,40,58,-90,-154,185,77,233,-77,140,-17,19,-147,117,37,78,204,-54,-260,170,-68,18,109,-106,56,154,147,33,-3,-98,72,100,42,-68,78,191,-150,110,46,54,95,65,219,-119,-170,44,191,50,60,-88,166,117,-122,-41,137,89,-88,45,-53,-53,-45,60,121,89,12,-36,100,4,-69,14,33,-149,252,-25,-124,-112,-85,-194,218,67,176,73,-151,70,58,62,-13,14,-41,109,-5,-158,-205,132,185,-142,-11,-57,-21,-41,271,48,127,90,-32,56,-23,86,114,-13,-74,-38,101,-106,72,-129,-64,85,49,-9,226,45,103,129,-152,46,-142,68,-1,61,6,171,61,-62
55,97,54,127,-141,178,226,0,237,84,-32,8,-66,138,66,440,23,120,136,23,252,32,-160,197,259,129,166,139,97,94,100,185,36,49,170,85,156,22,-80,20,169,-107,40,46,165,-69,-22,226,218,203,65,178,254,161,106,100,51,109,-3,84,92,157,-35,130,133,23,49,17,-75,26,127,26,-162,94,160,97,129,126,0,25,136,33,6,74,216,-86,40,-119,240,-111,-156,-20,165,49,9,-65,-133,163,64,-77,-154,-66,-70,140,207,137,29,247,261,-168,74,-101,291,162,-47,98,54,246,170,103,52,-66,-55,124,242,-160,169,76,5,-32,92,4,-26,31,206,30,59,-39,225,-197,-25,324,259,-154,-22,27,-230,-126,252,107,112,183,-130,209,-35,213,-5
97,47,90,-78,-134,264,-14,122,33,16,51,218,-52,132,100,56,93,-113,156,130,79,124,-8,60,135,114,108,-120,257,112,-151,33,-1,349,-12,33,-80,342,106,-94,117,-45,77,-7,-138,72,-38,-62,220,140,96,52,210,-13,25,62,84,-14,12,203,23,289,30,22,44,128,-101,224,-120,-80,137,136,38,-59,105,156,-164,-27,3,113,-17,-18,89,147,-82,-45,0,112,11,-2,-26,40,99,187,82,100,12,189,214,55,190,-138,47,-58,-73,123,19,41,105,117,171,181,175,-171,-115,-101,-127,-9,16,137,48,22,199,192,122,139,195,-111,162,8,-47,32,177,70,178,195,83,-83,159,-77,-112,13,-38,22,104,24,85,-198,65,70,33,142,-6,78,-158,117,-216
120,100,38,-104,65,-83,-38,92,117,237,23,-136,141,-67,-19,10,266,254,-42,51,-53,9,102,85,-44,3,152,-48,170,140,277,74,295,-284,2,-17,82,248,159,56,-114,85,155,38,149,142,-48,38,-1,-46,86,99,-119,186,-7,-61,-52,234,90,66,51,92,-90,325,12,222,-152,158,4,247,242,169,184,52,-5,94,55,253,273,105,176,-15,-5,-31,134,62,27,218,262,67,192,74,115,141,-38,65,154,66,-84,-113,44,69,37,-34,171,-52,183,-151,54,324,228,-6,8,118,-128,204,95,52,189,122,115,212,-18,136,-1,207,192,-61,97,109,135,-92,63,48,115,-48,-36,-21,113,10,211,166,171,30,72,79,84,88,160,50,202,-246,162,52,307,129,72
175,-25,-20,-220,7,81,-5,-38,129,107,3,90,112,206,95,-9,164,15,-59,43,63,-158,2,141,-10,101,308,39,69,105,209,131,66,100,252,31,213,91,149,-75,185,-176,-25,56,193,-57,48,265,-5,-5,153,109,254,-13,32,-2,28,205,8,218,207,202,-7,44,131,126,30,30,24,-203,139,50,121,137,-3,187,43,297,82,67,166,-13,83,41,93,115,98,63,9,-15,-104,159,92,-37,26,-14,146,175,-47,84,126,222,14,-106,119,2,90,-52,-61,68,-3,138,28,-93,85,111,84,-59,72,13,-18,-26,285,39,-105,-27,-18,-128,106,100,74,36,145,119,130,46,-21,94,58,-108,111,99,-8,-12,-18,-93,-46,-12,92,84,56,137,163,98,-114,166,-148
-25,-82,56,-31,20,62,-38,105,54,98,-27,-28,54,21,-137,236,149,252,157,-6,241,-58,-23,95,101,180,132,143,160,235,123,4,137,35,62,18,-8,51,112,34,63,-39,201,98,196,-34,169,-95,2,48,45,251,162,202,94,142,53,180,-53,47,86,180,-89,-93,180,71,194,72,116,9,144,269,10,190,-8,111,209,-8,198,300,80,114,20,101,-18,-146,15,174,196,-13,-82,11,-9,25,61,-196,121,130,178,3,49,-22,-60,-14,185,-60,57,45,184,106,49,28,187,63,50,135,150,162,177,265,158,62,-151,-91,18,154,116,-128,104,208,9,51,-53,227,121,10,67,-41,232,-135,39,256,77,184,-107,-22,165,-112,130,151,59,-96,62,197,107,113,70
88,47,47,16,-96,118,168,38,45,111,10,64,94,-24,-21,-85,201,-72,217,-25,200,-86,-1,130,25,-1,-41,104,54,-46,100,78,88,-91,70,-4,-56,37,49,101,10,108,115,81,18,31,109,-27,174,35,-121,-62,142,162,58,-167,-81,-5,128,-231,64,39,-67,153,96,155,-134,56,36,167,-97,72,-96,-73,150,168,-44,60,-85,78,189,-79,-75,-18,147,184,-105,70,101,124,-79,-34,-140,97,-15,150,75,82,-28,-101,-65,124,-107,20,87,42,69,75,18,53,-1,-32,-48,-47,-100,35,159,48,-20,1,-140,108,-145,65,-8,167,35,111,4,269,-94,24,-16,8,-14,133,-115,119,63,-49,130,18,44,-90,46,-171,100,146,-31,-124,-67,4,124,-4,102,157,-85
111,-66,188,91,77,103,-96,-55,-129,-135,-42,1,90,38,-30,175,-3,136,-31,-94,158,-6,57,242,141,76,-140,138,11,56,161,92,115,-93,79,100,95,-38,-20,-68,-63,53,-16,22,-89,90,33,-102,-34,2,-36,267,-39,50,-27,10,-73,182,81,199,-193,35,163,21,42,-108,-19,12,162,-18,138,-72,25,182,144,43,58,-2,-155,-100,7,-12,-58,-52,117,-174,39,-100,16,145,-58,20,-182,-42,-120,147,101,-100,99,67,-33,-55,-59,153,38,143,39,16,121,103,50,-173,-29,49,100,-4,116,160,27,208,55,130,85,-42,-68,-40,64,128,-148,-56,77,234,56,157,174,-94,76,-124,56,58,-36,-86,87,87,104,62,107,21,46,164,-152,-10,172,-86,43,90,57
214,-78,165,-11,115,7,110,158,145,60,271,-97,249,219,19,134,278,-62,45,-127,149,45,16,60,89,245,63,-187,229,223,16,66,223,-89,226,15,51,122,-72,133,171,-39,3,-67,18,58,-104,8,9,-10,35,182,106,17,-30,135,19,-31,-23,64,158,267,-1,111,73,225,62,-94,174,12,291,170,79,82,99,-100,100,151,200,210,150,178,-80,-49,153,130,178,-122,115,-2,-115,200,42,25,20,-87,-161,56,-22,178,-44,158,148,6,130,-6,244,-76,255,68,199,66,142,-7,143,115,-42,114,-63,-7,166,-71,85,70,161,290,47,69,7,11,157,-15,172,102,146,143,26,38,45,-20,55,16,-10,42,104,107,57,-1,176,-35,94,214,149,-94,105,179,49
18,76,89,-65,-18,2,-130,-90,138,98,131,-216,-45,55,-69,117,-13,140,-62,126,117,96,37,113,99,89,99,111,270,124,23,58,-25,-39,13,-33,8,36,-80,-68,138,-35,71,19,-144,9,169,115,78,-33,-5,28,315,35,-77,91,-27,135,19,5,241,102,-102,112,135,92,26,73,129,-62,-28,62,5,87,105,166,306,114,-24,97,124,74,-38,-68,174,78,54,70,41,71,105,-33,-43,20,-49,-3,-45,278,-78,147,95,223,49,-5,181,36,8,-112,213,17,116,-29,-34,-35,117,25,154,260,6,-129,-19,219,167,203,94,-46,172,101,255,171,83,-40,34,50,129,39,70,89,-83,-100,-43,102,-53,115,167,349,133,13,216,207,-34,5,6,105,17,88,193
16,-55,183,6,-25,-44,169,41,-128,100,-55,-12,146,79,-49,40,-22,-186,-18,-110,139,-124,102,3,106,52,118,54,98,103,261,98,-34,-4,281,53,-72,190,-87,99,144,50,-29,-39,83,101,-60,10,57,-40,21,17,-15,37,-152,59,-75,-31,58,-29,149,-90,-37,104,-56,-85,61,53,-85,2,-1,2,-43,-2,-7,85,-59,-45,-48,-28,39,-88,-213,-38,-57,-50,60,36,212,11,29,19,-11,39,-60,56,29,-71,163,7,-7,-40,-23,206,19,201,176,20,-41,58,-67,-121,100,45,-8,17,-12,-23,-177,50,31,-29,111,40,47,-127,18,110,-64,107,49,13,-54,-8,-97,84,123,-90,51,190,4,-24,-37,-76,-98,38,59,141,-100,-177,-43,82,-69,-14,72,-38,-106
48,-135,-21,-113,-55,48,-144,203,-189,-135,-123,-49,-35,10,-85,-10,-73,-220,-148,-115,259,141,-1,21,-56,6,48,-84,14,151,101,-58,-26,89,121,-65,63,148,95,-64,-23,-107,-118,-14,70,191,222,-139,13,-15,-11,-106,107,10,91,75,-224,114,134,-274,59,66,17,-53,98,48,67,55,0,47,-11,57,229,-26,-12,20,8,96,-34,235,-119,-50,-74,63,28,-31,190,-70,85,41,-111,-2,-38,200,49,83,87,110,50,93,130,174,12,164,-80,-135,75,219,36,33,123,-51,-87,-129,22,-136,86,29,-32,86,-149,262,38,184,101,21,-104,61,122,131,-127,-63,56,167,35,94,45,-39,149,19,-167,37,38,227,-5,-80,298,-16,-162,-15,103,57,-9,-113,122,161,-83
-66,142,-6,-1,-27,-193,36,57,123,-126,-39,33,74,13,-1,36,217,-86,-43,-50,139,78,19,136,-18,153,-25,196,46,34,-28,-13,17,-88,226,-67,-59,334,181,108,51,-88,-51,58,-4,47,-18,-21,95,96,107,124,9,22,127,67,255,86,-50,-50,69,-59,5,-227,-103,-13,95,84,-30,-2,-2,176,16,-210,-169,28,115,19,97,-128,-112,116,-68,75,-82,-116,133,8,110,31,46,77,189,44,118,-45,-99,-69,40,152,5,-115,-45,23,16,-20,-22,103,180,151,-57,-13,8,46,32,-92,30,74,52,37,39,-205,13,115,9,114,55,-62,-66,147,-181,74,26,24,97,-75,103,99,21,-3,196,45,-90,108,27,18,35,211,138,75,308,-46,53,29,67,287,-15
-67,0,94,33,33,-7,37,-79,-60,74,-14,18,-53,-29,197,414,58,-137,12,-120,152,84,41,23,116,94,74,-32,-4,154,168,157,81,48,96,-13,95,-118,164,-90,-3,102,-52,51,5,75,149,74,123,107,43,-76,-47,102,327,63,9,168,57,60,122,91,66,-35,211,62,40,82,-34,-83,196,14,13,47,30,-36,-92,-45,-4,155,277,242,-129,29,124,-108,-127,-115,170,-39,-72,86,-17,-249,-11,-72,-171,35,-31,21,-65,-23,122,76,-82,-77,213,-24,171,28,-83,-76,279,137,-21,-20,24,-17,71,-183,37,-176,-30,74,-154,-296,80,-19,89,65,46,-36,-224,28,-42,-46,107,-102,35,-25,162,39,227,-105,-26,135,-35,-76,85,59,40,40,46,75,116,9,22
-36,139,92,-18,116,-15,73,-116,199,-18,54,146,-32,-106,121,67,105,76,86,2,26,52,-20,43,143,-81,-18,171,40,211,-6,-94,153,-111,-18,44,80,-40,42,37,125,-90,24,146,75,85,-64,-191,73,169,134,202,-40,154,0,-32,123,103,-31,-19,-35,57,19,106,-21,83,-63,138,-60,6,58,-56,-31,134,-139,-127,372,197,100,60,137,-20,45,-53,22,95,115,28,-55,203,116,-35,92,-4,124,86,83,-58,24,28,68,35,100,0,241,140,56,155,0,107,27,26,17,104,-225,123,-48,202,175,68,49,26,66,-121,48,83,-47,62,108,-73,-35,-7,255,-19,111,40,110,92,4,-115,-123,118,-91,176,154,116,67,-26,28,89,75,137,127,66,122,165,-29
29,25,110,-34,17,-19,275,101,42,59,120,16,42,237,-78,167,-15,305,154,139,20,78,73,15,20,-164,126,-84,94,210,19,19,91,265,-97,170,54,146,218,421,37,-216,98,37,111,125,-180,166,232,107,391,160,257,65,18,59,143,-35,132,121,164,86,-107,31,207,-101,21,-79,35,-25,-155,185,90,64,61,70,152,216,83,-92,81,-5,-23,-69,104,80,225,7,153,-59,153,69,89,124,95,140,-86,-4,55,130,-2,142,18,16,323,70,-133,181,-70,74,87,44,199,-14,-69,88,156,287,25,32,-47,171,-29,163,206,64,217,156,29,130,52,156,91,91,164,94,22,55,-39,-26,-57,69,-41,-56,13,64,95,-46,119,184,37,105,-63,204,67,119,-104
99,-66,11,-86,-33,-154,57,44,57,96,66,0,58,-46,28,-59,-86,171,82,149,21,160,-57,-102,-144,-5,274,-224,141,155,88,37,-8,296,146,27,260,73,27,63,-3,11,161,-36,160,72,56,78,88,201,113,155,143,142,200,-28,-87,39,129,-59,134,116,115,31,67,211,41,37,-28,107,20,24,243,230,51,-43,161,96,3,170,130,129,147,1,15,100,29,113,201,44,-13,-93,303,102,275,-108,26,218,85,93,322,-130,-148,-70,176,95,-84,-44,-90,-91,65,85,250,138,210,56,127,81,190,48,131,92,21,-50,111,11,39,-14,43,165,-44,-89,139,134,43,96,101,98,49,136,-9,41,-67,96,68,243,-76,-102,274,106,214,15,-44,61,169,234,-74
74,167,96,89,-118,-47,78,-9,-69,77,155,42,72,-49,128,105,228,196,52,-32,-44,121,179,144,7,222,150,-30,-88,-4,35,190,145,285,128,89,126,39,188,-104,12,93,-11,-97,6,-149,-161,167,-57,-50,17,247,9,177,23,84,-54,227,-3,250,88,259,193,36,106,225,-117,-66,19,140,78,166,-46,127,48,-120,143,135,100,-99,-79,100,59,-111,22,-27,48,126,127,-144,109,310,-136,111,13,72,-21,2,-1,-170,37,113,14,99,20,284,-43,-91,148,67,133,74,41,143,242,44,121,-20,146,-34,-24,-8,-38,44,154,2,289,-1,95,149,25,-43,137,300,310,103,-27,-223,21,190,132,108,235,-82,141,-53,46,-68,169,23,-124,47,67,60,-140,201,80
118,75,216,-9,-151,112,-129,-17,108,118,-29,111,-74,21,55,-130,85,43,-46,125,-83,-277,42,-77,-187,216,84,176,176,124,52,36,-1,113,-19,103,117,233,2,64,-13,-105,-21,105,-86,-6,-28,-143,-21,14,85,214,-43,189,-222,152,218,17,83,68,-18,258,-13,126,-156,31,151,135,3,177,102,117,60,208,20,23,73,-30,119,-19,-82,-23,-97,-76,59,124,-32,299,237,-14,87,-29,37,134,-11,72,-232,18,-31,-142,22,-29,-122,-24,21,-116,225,-72,291,-91,243,30,48,216,-67,2,-46,100,65,47,-98,115,198,-4,105,52,133,22,23,-55,208,-19,170,226,-171,-31,-72,42,100,-31,43,-4,-13,-29,-22,-68,-37,-147,198,-38,4,-193,102,136,236,145,-146
162,115,26,-109,36,-17,90,58,-198,-82,28,61,-66,-17,-168,32,18,-190,225,78,-74,368,123,184,49,-170,-138,-25,146,2,-7,75,75,-69,-100,89,44,71,-49,-4,-11,221,115,65,-20,-9,-65,-93,44,-117,116,145,91,85,126,-91,-6,61,100,17,-192,-124,-4,-245,154,64,-163,153,134,-70,-63,-64,6,-53,28,37,110,131,-131,-69,-35,104,54,69,-125,-147,1,-63,97,109,-235,-48,38,-14,154,-44,123,132,118,11,263,78,280,107,-148,-260,-38,113,-80,140,49,225,-60,-48,148,174,-33,6,-54,65,-54,-57,-24,123,61,22,-87,18,14,58,67,69,29,-104,215,-121,90,94,166,3,-8,-88,-215,189,124,-1,3,51,-70,86,-86,230,139,130,47,-89,264
130,15,-32,-59,-2,23,231,203,57,-68,-111,191,-123,-47,105,10,45,-42,79,85,206,-5,200,281,159,-8,168,26,-53,-16,212,-5,98,-8,54,70,32,319,178,30,134,-43,278,-123,134,183,56,50,-100,18,-61,-102,120,29,40,23,-34,242,204,92,177,53,-32,134,150,115,169,-24,122,-26,-15,-1,140,-81,179,8,-47,58,119,-134,23,185,84,71,161,31,54,101,-94,232,95,-9,-35,-94,95,48,181,123,99,182,77,276,67,68,-43,-10,-3,-28,148,54,51,83,8,74,171,-135,213,30,-50,47,-87,43,235,147,14,25,147,162,94,68,18,179,54,-42,-54,136,-72,166,149,-107,-53,-45,166,-27,52,89,431,21,61,46,92,109,-16,174,44,170,98
58,35,-2,44,26,-20,35,107,51,224,213,-42,197,-44,-92,53,-12,-11,248,14,238,-32,-81,122,155,-6,-104,-29,193,170,62,-13,-111,-72,19,-94,179,190,72,-130,-129,178,105,3,122,-11,-14,16,63,-194,-6,196,70,-26,64,165,-58,-19,97,-17,5,37,-2,63,-66,56,-11,-120,-42,1,24,-58,-114,70,52,78,-5,4,-47,35,16,22,138,-72,-29,61,139,-56,-42,298,63,112,5,261,-51,-18,128,160,-173,85,-31,215,61,161,81,333,80,52,29,164,-24,9,140,97,-169,-84,75,120,97,15,247,152,6,183,162,193,-49,112,-21,83,50,51,-74,-23,50,57,160,-32,36,-69,-49,52,85,-116,93,257,133,81,150,88,4,91,7,-52,147,-50,129
240,130,-103,66,72,-164,218,83,-2,56,35,248,221,-132,178,138,22,-66,230,-27,-21,227,156,323,125,80,34,-7,212,-123,-20,115,156,-2,237,-84,124,200,24,-76,-33,-93,49,-60,87,82,-123,193,118,61,140,145,106,5,71,115,215,264,78,-10,-2,169,-27,-32,186,203,-47,-188,36,197,43,57,59,107,-48,63,85,95,131,209,31,221,-172,97,-94,104,-77,-104,255,-75,-32,105,2,150,120,33,-5,210,-52,22,-77,289,159,214,124,125,94,328,145,40,19,107,-8,107,-70,25,36,-57,51,-129,-37,-15,-13,130,-28,224,220,-49,3,112,10,229,196,169,340,12,117,40,58,-4,25,-20,-1,217,57,165,277,35,-39,146,-165,-31,-178,21,2,216,76
99,10,-153,64,-41,-124,55,37,121,-26,58,-69,221,-139,134,-155,86,-111,-39,-31,127,-67,158,73,-27,-79,230,207,-106,-40,34,-1,63,51,129,-35,85,189,-75,-41,35,10,-159,210,27,-104,217,179,158,280,17,-36,121,-53,0,79,-41,67,49,0,192,109,196,300,-4,75,-12,10,-62,185,-16,-49,91,110,-44,-113,-150,113,137,149,119,-106,96,-159,125,96,-11,183,155,-18,-76,11,245,38,-105,80,-3,-4,-165,-23,-3,-11,168,157,24,-41,119,-35,-96,-38,-6,32,91,-25,94,244,89,98,60,38,121,68,154,212,143,-103,95,38,-28,215,-80,48,126,124,131,42,124,136,181,27,108,5,-21,-14,72,-84,-53,-9,39,-144,57,130,143,86,-84,-28,-23
154,96,-14,77,197,-1,88,227,103,-84,-125,-40,-20,15,36,17,41,73,48,-11,61,204,191,167,84,32,-90,87,147,-62,120,24,141,270,-27,123,158,246,80,152,-33,-19,95,3,-10,47,18,123,262,212,176,169,53,-83,124,11,-66,27,151,15,-134,146,146,-14,28,272,26,16,112,36,247,203,266,116,-34,2,16,106,91,73,186,45,30,89,113,91,-30,-9,330,47,81,33,105,119,-158,52,140,87,-205,58,54,120,161,152,34,-207,178,85,146,87,166,109,144,134,-9,28,0,-101,-72,65,51,150,-37,81,102,145,86,-104,217,170,69,153,153,15,11,339,76,18,31,-40,15,-46,92,106,-133,168,80,79,238,-108,-98,30,127,-42,330,231,65
137,-160,95,90,125,11,36,-14,77,-116,257,67,45,-68,43,109,-54,180,-4,57,134,109,29,-67,-96,36,4,-260,6,9,206,-40,42,9,60,135,-3,-70,8,-46,173,34,-101,36,225,147,-66,19,66,-87,48,24,-1,-93,160,72,-105,-76,88,-68,-202,216,-49,-45,-9,-131,-90,141,-52,75,40,87,-147,-32,79,-64,73,-169,-31,-130,291,223,46,-131,-173,-50,-2,27,151,-76,79,-111,-203,28,-8,26,32,-98,63,165,116,56,-193,47,-99,13,-181,-42,141,-201,1,31,145,112,63,9,-8,22,-83,-128,-80,51,167,-59,-72,20,-37,3,-76,63,126,125,234,-31,124,129,-103,-31,36,299,-51,121,25,133,-58,-36,-99,-242,123,0,70,-9,65,52,86,-227,53
-1,12,168,14,-95,179,203,-71,-58,6,-15,90,56,92,109,99,6,-34,56,-68,-36,121,103,51,40,-54,-55,57,34,-141,-114,132,258,19,152,145,87,-21,197,119,-4,-51,192,169,-31,28,-85,95,-10,163,203,91,86,83,155,172,69,12,144,11,115,84,74,62,86,219,-9,24,283,148,-76,130,71,161,140,64,-102,-58,-200,-1,209,-82,139,-30,-32,-74,178,-61,12,-21,86,-79,23,183,88,-53,49,9,46,112,3,48,87,57,107,-52,-34,165,179,178,-12,152,76,80,35,-212,-33,-137,247,33,-53,6,21,62,-106,-27,-119,-60,3,210,-27,72,-93,-156,322,314,224,-25,-115,-23,-46,-145,124,-77,62,-123,-60,25,-151,76,-63,240,-51,60,190,-134,-2
157,189,78,-50,94,-7,106,23,18,-128,135,-1,-62,103,-45,68,229,220,-171,114,111,98,111,-2,50,94,89,78,179,-129,250,110,163,300,146,156,136,249,162,128,154,-54,96,9,148,149,-45,263,111,2,140,138,49,115,256,-18,213,69,288,238,80,162,121,105,42,211,-78,-72,-3,113,-40,114,52,-24,267,-11,260,214,201,-83,-48,160,236,94,106,34,132,17,253,-42,52,87,82,27,164,-191,52,276,-30,-60,241,44,36,-40,188,-13,116,134,12,97,119,-71,41,125,294,14,37,115,126,-66,-60,196,-5,18,186,86,201,49,91,164,-119,-34,237,-250,297,-14,158,85,71,-121,74,129,23,25,-18,97,92,11,242,50,56,167,156,-4,36,313,-22
1,-50,79,-4,167,-86,84,215,-32,104,73,-92,193,213,78,-126,-42,85,61,-77,23,-41,173,128,23,193,89,66,-20,269,61,-48,48,113,132,81,115,32,145,134,74,197,-58,147,-45,-118,45,7,52,68,256,245,128,-15,-158,2,-85,-209,-61,64,147,220,52,72,105,137,-84,-69,94,51,-60,160,35,142,-37,-42,17,148,147,65,53,97,125,-134,-34,64,71,231,125,-36,-48,168,-14,218,-31,23,78,-106,-56,-31,150,36,79,51,30,21,-70,-98,51,-173,186,42,-86,-39,138,258,128,-147,-33,20,58,-35,-36,-62,-70,-6,15,-130,2,154,-108,76,165,-4,57,107,125,171,-21,182,42,-47,38,131,12,-125,42,-12,77,-138,185,20,-103,127,-17,-133,226
95,7,136,64,-50,-83,-103,113,181,4,168,68,233,7,-24,-20,45,157,117,148,-44,-173,40,-80,5,293,-95,33,60,63,231,33,82,343,-35,79,267,87,-189,141,225,71,15,-34,16,14,-38,31,173,171,143,83,160,0,-71,187,103,154,391,80,-30,91,-188,292,131,118,121,46,95,43,139,90,-48,92,1,-46,-18,175,437,195,201,-10,-110,-11,127,-5,98,-82,-24,227,-225,-42,154,22,-14,126,0,-124,308,-20,136,50,180,167,-24,126,191,-143,103,111,-25,-188,129,36,-15,72,11,-93,90,-125,-44,186,30,295,144,222,180,107,25,237,29,181,-154,114,136,93,65,129,75,-17,-81,186,-77,177,-206,258,164,53,17,-23,-1,14,-1,-3,26,196,-69
22,86,-91,-155,23,-18,145,-22,131,74,176,-80,-148,-43,2,-10,116,370,89,135,-61,199,113,1,152,126,-149,-52,154,-177,24,57,56,210,-87,44,135,72,33,21,69,42,-57,-71,42,16,-79,-186,156,-77,146,173,16,209,117,-53,11,55,85,-140,-53,31,83,87,109,-128,62,-10,59,-29,-115,46,-156,173,30,115,137,51,-42,-84,0,50,284,93,-110,-184,-143,-21,-66,-2,76,-11,-206,-14,25,202,14,4,-12,156,-47,1,-14,-177,29,96,58,-125,-9,244,101,-98,-70,181,-21,103,32,120,-4,-74,110,60,121,177,113,61,60,-5,154,-31,56,11,1,-142,30,128,155,8,-104,-98,17,-43,59,122,-43,188,-209,296,4,81,-119,120,4,-194,15,-3,55
-97,-76,54,-76,2,-35,9,-72,-155,227,-88,-87,-34,96,-90,172,151,-120,-62,87,109,161,-85,36,205,79,257,219,-87,130,50,55,96,37,-33,-178,96,61,168,-88,179,-13,-201,175,-39,41,283,-146,96,-30,2,199,68,-14,1,154,111,66,-75,-31,169,44,-52,-193,155,75,45,107,-67,-13,-102,14,36,100,110,217,-16,145,-49,84,-61,46,-18,-45,-128,-120,17,19,-152,139,-241,151,-243,-91,133,-26,68,-68,36,77,-1,13,-69,189,69,-93,98,105,94,52,42,-142,-119,67,58,61,-4,74,52,-116,5,6,19,164,72,-93,-91,-12,122,53,-24,51,-13,16,103,22,144,248,33,-264,-23,50,33,-8,21,2,206,132,-7,281,22,-22,-151,-90,-2,80,21
-64,151,-14,-43,-140,0,117,-62,-59,-25,-80,-22,94,99,-122,-90,53,-153,-69,-80,197,162,-136,-41,-97,50,57,54,-134,14,45,-89,127,63,67,232,120,-38,53,89,-143,-2,-162,230,61,-42,81,-110,37,-16,210,93,-90,21,119,-104,102,124,74,-58,31,22,197,-65,-42,10,-102,105,54,155,52,231,68,112,200,94,-8,-52,-101,77,32,255,27,83,96,-46,145,64,114,106,-72,105,-26,58,154,-52,143,179,36,-73,17,-85,-109,151,105,45,182,98,25,195,-38,-87,135,198,29,116,-68,200,53,12,82,79,79,47,-41,87,99,5,24,129,5,-57,-95,111,0,-40,-22,47,-145,119,106,76,94,63,74,-3,31,-18,-52,94,180,-292,3,128,15,-52,-204
10,173,198,42,-35,162,55,60,56,55,14,115,57,35,59,86,-27,100,82,-56,239,7,104,49,172,78,-115,119,-69,-30,90,78,-114,78,-35,102,-270,49,206,-15,-17,75,109,34,-107,56,114,20,200,137,22,92,-55,166,77,79,97,90,115,200,-72,-44,224,40,40,157,-227,-3,-58,172,93,36,-65,-111,112,-133,-99,-165,-87,5,3,-25,18,-47,129,-148,-25,38,-24,158,-165,6,51,100,-5,18,58,-64,12,56,165,-2,22,-148,-3,18,73,74,37,-44,-79,162,121,54,184,-121,111,-32,30,57,5,-150,-102,-43,-91,-37,-86,92,-93,32,-210,123,-31,-33,-161,33,-64,-192,-105,-26,164,130,95,-169,-12,-81,133,-81,50,-61,22,43,148,17,124,-120,113
122,14,-76,-17,-49,4,98,6,52,-144,18,-72,1,122,245,95,119,61,-58,-19,-24,52,-105,-61,-70,-39,72,-263,95,-59,-45,-82,26,-56,146,59,-144,90,-10,20,217,-167,62,-132,40,80,-5,-1,121,-17,70,48,43,21,140,72,230,243,-39,-80,-28,38,100,-194,-26,-64,-12,-2,-88,74,59,-82,-62,-96,-108,-56,34,-144,-82,37,-23,172,211,-57,-102,36,30,-34,98,15,142,-151,6,4,64,-20,-238,22,115,229,104,4,49,137,57,158,-40,260,5,-17,92,46,60,61,-26,-80,-15,75,-42,12,183,-29,95,155,-109,-98,-34,-82,-85,-61,59,95,64,-11,-73,-120,51,-9,-118,36,55,65,-144,119,0,232,50,35,155,171,213,119,-140,50,-60,146,-30
26,111,151,9,-146,70,12,-87,20,14,-3,-4,37,129,85,-11,77,-37,-27,118,-100,-12,-129,-100,-20,113,-59,167,-80,108,63,219,93,-48,94,118,118,-58,38,118,-19,178,-128,143,-44,-45,75,106,49,169,-30,98,-220,73,57,14,211,-63,85,-43,48,143,-47,-45,-114,219,44,59,113,-57,24,-96,-119,39,70,-54,143,167,84,-62,-174,89,60,146,-19,-72,168,68,152,-200,-93,-38,-53,-9,219,-78,-129,56,64,-74,44,-74,33,165,196,-102,-89,117,106,56,96,-65,68,208,63,36,-92,134,13,55,174,-167,-23,138,85,110,59,-149,-15,101,222,42,173,146,81,-171,18,218,3,76,162,62,-110,70,19,39,-197,93,202,169,-16,73,43,-156,28,221,-19
-8,54,-65,79,-36,35,5,93,23,93,40,53,13,3,-31,18,50,-153,-49,-8,73,-130,135,107,-28,26,81,126,106,-69,-67,113,157,87,6,-25,152,16,-30,9,-75,-76,14,32,101,49,160,-39,30,-62,-25,97,-171,3,5,9,39,125,31,-122,38,86,97,119,156,26,75,-20,183,5,98,229,47,184,130,79,10,-11,-83,-3,-107,89,1,87,48,28,-38,156,90,-64,-40,-30,-129,20,-25,82,157,301,55,23,-126,-7,144,226,58,62,264,-80,157,160,257,-2,-69,255,29,-129,-177,76,-30,-92,52,32,152,46,36,178,22,76,84,-192,141,41,148,22,147,89,2,26,-159,-198,48,-226,152,20,-44,152,98,-14,9,10,-46,126,45,-95,189,84,189
-43,-60,141,-136,-29,54,-70,90,69,-72,-110,126,-11,-55,94,21,61,138,-112,50,5,145,32,134,185,-203,-170,210,-47,35,166,8,98,6,-63,91,-36,-12,284,10,-65,3,10,126,43,100,88,-4,324,-105,107,-18,7,-20,44,-64,71,116,286,-113,182,-199,52,9,150,57,87,130,44,100,217,-32,17,-18,123,39,345,-15,-77,-60,29,66,87,103,104,-130,84,-109,116,259,40,59,103,-11,44,73,135,35,122,74,119,131,39,122,-94,-120,171,139,3,174,17,-14,70,177,49,-81,195,45,30,-270,104,31,-182,67,24,-198,-46,-64,127,190,-32,-67,-157,34,16,48,86,42,39,-37,-56,158,50,122,-94,44,194,-16,-3,311,32,147,-40,155,149,28,163
-75,23,60,166,9,-21,38,-169,55,-87,12,53,146,-115,5,35,-182,-102,-33,-47,208,-154,128,27,-29,-89,-30,51,155,12,226,-151,-121,-45,-27,-176,135,45,111,118,-95,9,-25,-29,-8,-59,103,-5,43,138,157,169,-152,45,-63,141,-4,-136,68,-105,103,0,208,122,4,34,38,64,-93,-59,-46,-44,171,3,-25,42,14,194,-26,-81,19,106,120,-1,-48,108,248,-87,67,151,110,31,52,-45,-56,28,81,164,-137,72,-14,317,-100,-228,82,14,-68,-100,12,-7,-159,-69,95,119,-30,-78,66,106,-9,107,-5,163,218,17,8,-105,-82,-106,179,27,142,32,1,21,45,153,107,66,20,-10,-8,-50,209,14,36,7,20,-294,-25,57,-33,83,-136,3,54,38,-107
-157,-82,56,-154,77,81,-1,143,-73,-19,-82,-45,45,123,223,-60,253,-43,19,11,-13,71,174,202,35,-63,134,-3,-100,141,66,-59,51,-56,-34,-70,-98,66,152,-14,-78,-40,-62,46,-184,196,137,92,19,200,150,-23,66,-21,18,92,-44,254,58,-69,101,-69,243,167,266,95,-48,102,92,-135,199,176,132,-5,49,2,-75,5,-229,311,-85,135,-27,101,89,51,-101,8,35,141,-32,-46,-80,-37,-9,-187,-46,123,98,-3,58,-49,66,84,58,-86,77,-61,96,219,4,-36,-57,-47,57,-158,128,-54,67,-14,-88,-27,-93,18,-131,47,251,-32,61,38,-52,139,19,83,-153,59,210,-79,-48,-75,-207,-89,49,-69,-196,122,256,8,41,42,-22,97,-130,153,20,58,-3
50,75,151,-158,-203,-11,68,61,96,90,-59,-107,37,-5,13,244,156,-177,-8,-248,-20,52,149,-64,4,-97,125,77,-56,-91,11,-235,95,318,34,23,-103,153,118,115,167,-1,-26,31,97,-29,54,65,78,27,-91,-31,61,-31,157,-7,155,44,-66,-57,50,25,138,-187,122,-30,56,105,-126,63,-193,23,-58,40,-29,126,83,-86,285,51,142,-29,148,-40,-31,3,97,20,153,-259,175,5,229,165,175,195,-110,41,127,120,108,129,56,154,-23,-84,-7,184,22,138,40,84,115,42,192,226,-91,-81,-9,-22,38,-133,16,135,58,9,14,-199,110,115,-121,150,18,6,136,111,100,18,18,-86,167,85,-120,-35,-71,69,233,61,202,46,167,-3,-60,-24,109,99,27
104,48,186,204,25,-58,118,103,72,116,283,-37,305,-31,130,201,54,294,-144,18,139,44,37,50,28,-61,87,-30,24,12,154,210,22,-125,-14,303,217,18,78,-46,-6,202,50,64,153,135,-145,259,36,23,67,252,-2,116,119,-78,-91,81,78,125,55,214,105,-70,44,166,-207,151,-22,149,140,3,9,279,138,57,222,-82,-137,-21,111,164,37,-190,-81,-73,144,18,106,107,116,73,-178,-80,-28,24,56,86,18,44,43,-126,100,113,345,394,-78,53,129,42,-172,105,195,283,60,135,309,-50,211,145,78,6,-109,3,-3,-27,-7,65,119,207,-120,29,70,59,198,125,139,-110,221,63,3,235,119,-50,-12,47,33,143,12,76,-9,203,77,127,156,85,64
63,-21,-57,18,-121,-59,143,63,36,1,161,-112,27,123,-29,-44,53,212,-51,134,117,-8,-110,54,-128,38,248,173,-78,173,90,220,-119,100,130,53,56,88,106,-119,169,55,112,-174,78,-59,78,-29,-24,-32,73,16,-41,131,-24,100,76,-136,-1,-15,123,81,131,-3,36,151,-62,-92,84,-31,-6,-79,-92,111,132,-4,343,13,53,-6,49,38,-52,-12,-27,53,205,-143,-124,73,2,-47,24,-64,110,-175,-21,70,32,141,34,-46,-272,21,50,70,-16,-1,15,43,-93,51,80,167,238,-115,176,32,99,30,197,159,26,-84,-63,-44,53,-60,-43,49,27,17,122,31,-93,39,75,-70,19,72,48,214,-127,-179,-164,23,-21,-32,42,52,-8,123,1,77,122,29,-94
-53,-112,-199,56,-27,30,184,70,105,-175,31,-11,146,-104,-18,-82,-94,27,195,-42,65,103,-27,149,-36,4,3,167,38,35,108,83,26,-105,156,-52,25,-86,-70,-56,-54,263,75,-81,154,49,59,133,20,156,44,34,-75,22,105,20,-174,34,-50,-79,7,-110,171,152,203,163,-74,23,-75,-98,184,-141,-62,41,5,-126,-16,59,-98,48,-23,36,-164,68,196,111,-30,-12,15,99,28,-90,99,-116,19,150,14,149,190,-53,111,-100,30,6,29,-5,-82,-128,48,-96,-29,161,149,112,-13,8,-15,-61,-6,173,22,-147,-142,-70,-19,-6,36,-85,-138,4,-78,-37,6,9,3,-94,-134,120,203,73,-62,57,-54,97,105,80,49,73,86,-67,117,125,-38,196,74,232,253
167,129,118,84,107,-15,86,-79,201,157,-35,89,232,36,203,24,137,216,-32,132,84,-58,43,75,-25,-271,4,-3,46,-52,44,-10,26,156,89,234,78,190,-18,38,156,38,-85,-14,-42,-3,-88,30,88,-78,28,-36,219,197,217,54,-75,193,4,2,73,187,88,127,-142,-46,40,-63,-45,-124,312,-130,-5,-173,34,98,175,-108,2,190,187,61,131,-214,152,64,-132,-55,194,78,134,-40,-33,12,-173,-62,-96,124,92,95,-33,132,-60,23,41,45,129,122,9,114,81,-27,110,180,-17,30,-29,-55,171,25,-43,115,-28,47,10,215,172,31,65,118,13,-51,58,12,67,94,167,-167,-103,65,-117,-104,-15,5,-82,89,146,-182,137,28,-24,47,84,145,68,68,-37
-137,-40,-49,154,-44,76,-25,-58,12,-123,82,174,22,-75,-93,11,-249,-115,30,163,49,-17,107,76,103,5,89,41,4,-98,91,-91,29,75,48,-74,176,11,-77,89,67,-1,-233,-113,81,-194,-53,20,94,122,-85,10,-4,-34,28,4,123,199,-171,6,-17,123,39,-48,62,34,60,-34,-73,-84,-136,123,-35,-80,4,-121,-8,-72,-48,104,-34,5,-170,23,126,-32,-4,-83,-50,80,36,-55,-132,-54,110,-117,138,-64,83,29,-232,172,-165,-68,-84,130,106,72,-38,80,41,-278,117,118,-190,-63,-91,-3,-85,59,87,-72,-79,-98,185,-122,15,-71,-177,57,-25,16,-180,194,129,-12,-96,-99,120,61,9,268,66,-127,12,-138,-20,-30,1,-175,-47,28,-69,-13,5,170,-66
33,-25,-157,12,-31,167,18,120,-42,-193,10,-80,-66,-53,-11,20,-49,214,243,69,-79,-190,-29,-125,-228,122,25,-156,-88,-57,144,65,59,-11,-8,-61,36,47,-33,-6,-69,12,-62,-47,119,32,-39,59,30,-43,-26,-76,-84,237,-114,-13,-6,-115,84,-146,50,-169,181,250,128,-17,-131,-146,-76,-83,140,93,-99,154,21,-89,-64,-177,-35,60,41,144,-143,-27,96,261,70,-131,86,-43,-15,55,96,108,-234,-168,-29,156,-28,27,-66,90,-25,9,140,57,26,28,137,-27,-89,224,-38,106,198,-17,79,116,-86,-136,-21,-163,27,1,105,-14,143,59,-144,171,3,-49,-102,-3,-279,112,27,-137,31,13,-15,181,-80,-148,-156,212,-107,-97,-175,-5,-79,106,-11,190,94,23,-40
125,-124,-50,-19,68,31,-77,35,-55,163,84,126,164,260,-111,-211,126,-130,53,112,172,-27,198,78,-75,74,181,26,111,103,-133,-63,-72,133,101,-14,-87,273,161,53,-65,-99,-1,91,-91,-7,-101,47,73,39,120,-1,-54,14,-1,100,72,65,1,183,174,130,-20,267,155,33,23,1,74,90,16,57,-40,-108,-59,63,-229,-206,-187,-145,-223,200,89,61,-59,84,-59,52,33,42,139,214,-71,26,-58,246,81,157,-143,19,65,31,53,44,216,-78,-26,-123,122,-106,-46,-64,146,-74,71,-18,-97,83,104,4,91,-182,-108,-20,-18,-86,139,-73,58,-6,-113,84,-32,40,89,-36,-13,-35,-43,68,19,65,-28,12,-32,42,-1,-81,7,91,97,12,98,32,-121,55,-132
-15,157,303,-115,-12,69,-109,-47,113,182,114,211,95,112,92,116,200,78,-23,-39,-64,143,-5,60,-8,-71,35,228,-35,71,-122,67,-12,65,41,112,22,13,339,35,-51,-80,-29,-52,54,-42,10,-27,140,58,174,-43,176,-90,-8,-113,93,46,-142,-71,222,103,-29,-74,-182,-176,62,90,-39,-107,-70,99,110,-68,-1,-121,153,-26,-148,-122,-105,-8,-14,46,62,35,38,248,94,50,171,217,19,-39,46,99,-1,29,87,114,-84,-3,-29,-160,80,198,22,-169,11,49,67,79,50,16,-44,-108,110,100,111,-82,47,8,-71,53,62,-97,33,19,146,115,-4,-103,103,116,164,-64,44,-45,-37,-35,-162,114,80,146,333,-134,128,5,114,101,70,140,228,106,-112,237,35
-112,-262,152,-84,-182,-10,-18,52,60,-124,16,-61,-98,34,-119,-153,-146,-21,47,114,312,-40,51,123,-107,14,-68,-22,-144,45,215,-56,113,109,43,22,167,206,-50,62,123,126,24,-114,239,-10,-33,-167,-37,-140,-14,56,115,99,-213,41,-44,-90,28,-7,-48,-69,-14,8,10,1,163,69,-217,-101,141,63,-43,136,46,126,-5,-23,99,-9,42,17,-139,-21,28,-30,-54,-80,-100,107,-72,-50,-23,-66,-4,26,80,-7,26,-100,132,19,-176,-29,-44,-84,-17,63,182,-132,-1,-18,55,-86,82,160,197,-207,-43,239,-6,-35,126,5,68,-139,-31,-25,-110,54,-17,-137,-151,140,-72,16,-159,-76,253,118,-11,65,-32,43,-86,-27,142,-34,-60,166,80,-76,-103,172,43,2,6
150,-48,-44,-18,44,-128,72,69,17,149,41,20,-105,10,-68,-61,76,-96,-6,-38,87,-62,91,160,16,-60,114,-38,-14,107,88,-55,-71,-5,173,-134,-43,-1,5,7,111,11,39,21,58,204,42,128,-85,-86,-100,41,16,107,18,-85,-126,33,30,46,107,312,-149,57,-95,102,-24,35,185,52,22,183,90,-56,-61,73,121,23,20,32,-14,96,-197,52,114,-61,-21,62,-89,32,50,-8,-70,45,-78,111,18,2,59,-61,89,11,101,-8,-48,62,107,136,-107,-121,86,81,-196,-5,-49,-88,104,-6,-127,-29,194,171,-2,-11,8,89,90,-81,-128,45,-150,104,180,66,48,-121,-59,97,73,-81,-48,39,11,81,130,102,75,85,148,15,-14,-41,39,-94,13,132,-63
-25,150,105,19,-114,134,-219,46,-86,-11,-145,12,-224,-126,-252,-3,-81,125,-45,91,182,163,115,135,103,29,-166,14,26,-95,75,130,-72,39,-99,32,38,174,131,-77,-164,-125,-31,-24,123,206,40,103,-125,-81,81,137,-77,9,37,19,-37,32,236,51,-109,-24,-82,56,106,110,88,1,132,54,-8,168,-48,50,-88,195,-50,154,105,-115,66,54,101,56,14,-5,260,-15,92,75,74,61,-99,-6,-26,85,43,96,-40,24,90,-44,26,-151,55,-30,25,108,7,10,21,12,-68,34,189,-39,45,60,-51,-81,13,209,50,169,93,46,7,-53,201,17,158,-132,160,-2,-2,69,34,4,6,-116,-89,-28,2,32,14,22,-53,18,113,3,-81,20,126,181,67,-82,-15
-43,42,-108,126,-31,-6,111,95,100,-113,46,-39,102,78,61,213,153,11,-14,24,82,-20,-3,-8,224,38,59,-125,190,14,-26,-61,41,-136,122,-55,0,30,78,-17,-76,-40,99,-38,102,38,-213,94,-68,67,-184,125,-9,-32,146,24,-12,17,-131,-26,129,124,-101,53,133,42,-43,97,203,59,17,131,38,28,-95,-32,-13,-69,-179,-41,18,200,114,-73,-154,89,55,128,219,34,76,-79,-17,80,-86,-56,23,231,61,120,-17,106,-53,63,57,-17,108,-31,203,192,-23,86,-26,26,78,-18,51,85,-90,149,17,-93,95,200,-13,90,8,-134,-20,76,-52,-39,-26,-81,87,15,116,-48,-45,45,-7,-34,67,28,124,33,11,86,-34,84,75,68,51,7,133,216,65
-90,-157,-43,34,182,-41,60,-85,100,-168,-79,168,85,-66,-31,98,-147,-67,117,-69,-49,68,138,107,141,39,-75,92,1,-100,136,265,43,128,141,-15,197,43,-11,31,3,90,-96,10,105,-14,-105,61,75,-37,136,56,118,-96,-51,-40,91,-110,111,-4,31,-30,143,-127,199,14,91,-16,-235,-120,-58,56,81,-90,47,64,71,9,32,24,-63,-10,30,62,77,7,-91,35,-14,-9,28,-124,19,88,88,37,166,-70,143,-180,12,129,-76,41,-151,-44,169,168,-293,-96,122,-94,206,53,-147,136,15,-71,11,-33,-93,-46,-32,-27,144,-127,-11,-138,-200,-70,-83,10,-147,-16,-46,-193,-126,-24,210,246,-116,-6,43,201,-129,-71,-83,-166,-81,-21,-79,26,-76,242,-73,17,104
164,28,-38,109,34,2,124,118,84,102,11,29,54,160,-25,183,258,88,76,-74,12,-89,158,-87,83,-206,144,81,-185,15,106,135,-80,-32,-75,102,181,11,115,-72,135,84,106,72,51,52,-32,21,28,-192,-60,146,9,233,83,33,1,241,74,96,113,-116,-19,129,190,16,-59,42,-43,57,92,87,-67,266,150,-68,115,85,-9,26,131,98,-54,-92,-28,43,287,76,-67,115,-88,8,-70,-38,-53,-9,61,-105,-3,-37,13,188,-83,87,-1,-35,44,119,-3,222,-23,83,-160,62,189,97,127,5,-102,-112,40,-4,13,130,-24,-23,142,107,123,24,-29,7,61,-50,181,-1,-59,113,-3,-65,227,124,114,-63,22,342,143,-12,-49,165,-64,192,92,14,211,-22,209
-29,-86,123,-22,-103,104,48,106,-57,44,26,-68,86,128,58,87,-31,17,-253,-60,43,-7,31,3,-79,124,-96,144,-19,314,-51,24,118,-37,-169,-39,-54,-73,140,-81,60,-80,-108,101,-40,81,-133,71,7,-8,-196,131,-153,89,208,243,62,55,-154,-15,90,-44,190,-36,178,148,-5,-4,-175,1,11,59,-46,-34,-11,-23,-69,57,-1,51,-168,58,4,-11,-52,3,12,-35,18,-66,-103,236,-3,-79,121,-47,-181,98,90,-78,-68,173,68,181,-10,-148,123,320,245,5,38,-84,-18,-170,219,55,-236,12,18,-33,-102,19,-79,47,82,-70,44,-87,78,107,-66,-81,-63,188,-46,125,100,-6,45,47,56,271,232,-54,-122,-156,78,-97,71,145,-66,65,-7,-56,-79,64,19
-82,-62,21,-54,-50,56,248,-1,109,-65,148,14,28,151,61,42,94,49,233,68,-48,156,44,61,149,-196,150,-103,-94,-18,64,-5,107,3,93,32,-56,8,182,177,-20,45,-18,34,165,169,-221,189,129,140,107,76,195,92,176,77,-145,84,131,114,67,17,63,11,299,8,-19,3,43,40,155,-30,117,9,25,-40,82,82,92,114,204,131,97,37,149,271,-113,-53,196,-28,192,-6,28,26,-31,-9,-173,219,-83,-85,129,317,136,62,96,-163,-90,84,188,-128,-15,190,-16,57,110,-4,86,-1,68,-187,-44,-55,-19,60,-3,-97,111,-44,-120,85,33,113,53,41,29,-18,85,-4,-3,-32,-63,-138,38,133,185,235,330,126,36,7,-242,55,-124,55,262,114,230
124,214,-16,76,72,207,-44,10,180,78,58,-75,-65,159,234,85,199,112,-17,78,47,-5,61,144,209,73,2,82,-105,13,17,-42,-164,-142,187,216,-184,35,-194,129,203,61,-29,-45,27,44,107,208,135,74,163,-31,187,-34,150,55,-30,140,91,91,60,198,-87,151,-60,16,-62,84,210,143,4,-34,96,-190,-47,84,106,-14,-16,228,-35,-125,74,-161,72,-36,-129,102,74,-33,-66,98,-114,145,57,160,-119,20,31,-38,48,143,114,106,168,178,-27,91,133,107,53,-223,-163,-75,-28,-9,169,184,112,35,18,62,-10,241,4,168,183,6,49,107,90,282,-46,66,227,21,-63,88,-64,51,-82,73,33,-124,-59,3,4,170,348,114,-65,-144,87,4,-16,32,28
131,79,163,-86,-44,-52,143,184,150,85,99,35,28,23,76,75,54,-5,166,-206,112,-85,121,161,113,113,105,-60,-56,26,-25,290,113,106,44,50,166,181,108,215,40,139,45,78,-128,-37,26,-1,139,219,131,285,115,50,67,-86,-88,114,81,-12,-8,33,241,149,177,-80,-59,66,-124,82,-130,88,86,148,80,4,-27,149,160,241,72,109,51,-57,34,134,-23,69,-16,7,-95,92,-31,129,37,198,-65,-176,-10,57,-31,54,176,-6,102,71,49,75,108,124,31,-6,-65,113,-61,250,139,-71,100,78,-203,114,-33,219,-4,-50,179,-38,-17,53,-14,285,102,8,138,-56,-27,124,-45,34,160,-60,77,1,-72,188,232,64,-14,-113,-76,-21,-86,19,-54,238,-82
-44,224,16,-44,51,-104,69,186,-12,-50,-183,-39,22,-76,36,204,307,114,152,-152,233,168,18,178,307,209,159,70,268,-36,66,252,110,-29,297,-97,-104,191,212,-33,-62,-32,79,42,-21,64,-41,66,33,133,25,221,-1,-25,11,-38,108,41,62,30,22,141,5,-120,37,266,-102,80,-49,168,-45,124,-35,-3,146,-46,-27,9,46,-84,-10,261,45,51,-104,-110,82,183,153,12,-48,42,53,30,128,37,93,19,-108,98,5,65,63,111,23,-104,161,43,22,131,80,79,228,29,166,-31,94,71,31,84,12,-23,103,336,70,74,149,-32,125,193,-25,88,127,-172,-104,138,22,81,-30,-119,152,128,87,149,101,132,112,5,86,-12,-6,65,16,-60,91,-19,-80
16,100,-18,26,101,-16,61,-90,58,206,46,46,62,-10,180,-38,-88,164,28,104,26,-56,-114,71,93,321,89,27,39,117,56,231,56,37,134,31,154,47,-48,-48,55,-12,2,-47,51,8,-96,139,41,1,201,65,50,-152,-120,-72,23,74,-18,20,94,52,20,-158,93,81,194,53,-97,44,-12,220,-268,117,-4,16,105,66,40,111,39,222,-93,169,-31,9,103,80,-233,-82,-118,15,-73,-36,101,-75,-30,1,339,165,-91,-30,55,33,53,181,-16,-70,-13,-20,135,-324,77,15,7,227,-10,23,5,-177,156,-106,-47,193,-44,131,127,-27,19,-69,278,127,-50,-4,208,-102,-13,-92,39,101,-49,115,12,213,-118,262,-162,-13,218,129,-27,-154,-177,80,-116,143,-55
224,39,-96,-67,155,83,119,54,-72,-131,95,64,-42,142,15,58,98,105,67,5,-126,31,-74,21,54,178,-80,-5,67,122,-105,146,108,83,-38,121,4,245,-95,-19,-50,-28,76,-20,86,131,-224,7,84,61,-84,5,196,-59,75,-55,171,-81,117,186,-269,244,-113,-71,-49,93,156,82,165,-57,86,-13,-111,-65,9,107,76,64,94,10,254,372,63,-44,-132,-52,228,34,34,-104,86,84,42,27,219,-64,20,28,47,-36,8,-10,54,62,12,33,16,223,-60,96,-58,-164,-81,-5,41,85,25,66,19,-66,-10,-107,-43,45,58,30,132,-14,126,70,77,104,78,-31,-49,-50,89,33,209,-9,-80,232,-116,49,253,40,-155,-59,131,22,47,-5,94,89,-70,174,-167
-23,117,100,245,66,-1,308,101,130,172,62,-52,231,99,-19,215,-4,222,150,-21,36,23,161,-84,-51,269,-50,36,215,6,204,58,-8,80,-72,44,92,31,-117,191,155,24,70,-55,171,-157,-186,291,78,30,-2,197,77,134,64,-16,1,195,-35,22,31,14,-32,-128,122,47,68,-62,23,1,-202,161,58,39,18,124,-25,43,30,50,-113,111,29,62,52,117,-11,185,259,-48,84,52,-124,91,67,-77,-33,-66,147,-174,-63,202,101,-137,94,69,18,4,195,-45,-3,16,63,-44,34,59,129,-21,-27,20,-18,-14,-30,44,17,234,-41,21,117,247,-226,145,-207,13,-21,100,-264,237,-7,-16,109,60,219,4,-126,-83,58,148,-77,-107,139,-132,40,35,-39,115,44
98,-41,4,14,162,147,-73,321,-23,-43,-215,79,-39,104,93,-13,78,5,90,-267,166,49,-28,100,5,38,-129,-73,-24,119,-113,60,-71,108,-43,153,127,45,6,-221,-52,-37,93,-55,-61,-66,174,-88,-33,-41,-163,11,-31,-83,312,29,-198,-48,67,143,-35,110,-35,123,-23,94,-55,-160,75,-19,177,-88,73,137,-132,-164,111,-10,-187,134,79,-42,154,-58,46,-21,201,76,101,193,-107,0,-129,121,-12,-6,-153,91,2,1,20,27,-176,129,-117,-76,207,-18,63,96,30,49,-86,-58,-24,14,141,184,104,17,-60,140,59,132,-94,225,-67,185,-111,15,153,-60,55,-18,-103,62,-9,-10,-108,131,-20,-104,25,-18,47,11,-69,-116,134,49,189,84,186,-140,57,120,44
177,140,13,62,72,141,-25,163,-114,-21,-55,130,-72,111,104,17,-47,-6,-14,185,46,39,61,82,179,74,-131,-69,-98,103,-55,183,-4,-1,112,109,-112,54,50,-21,202,-4,178,-7,85,59,-33,153,-22,-18,38,-29,87,-128,-54,-124,-11,-166,36,191,-44,11,-182,44,72,179,84,-101,175,9,-24,16,171,-58,-57,109,141,-66,45,-129,84,30,141,-108,56,-18,121,94,-75,68,-34,39,-118,-29,45,41,18,136,60,186,104,138,67,-25,-38,-84,-32,-113,178,-68,14,57,-162,-71,70,117,189,-80,-38,48,-64,-5,33,17,-63,235,-93,-108,102,-33,165,292,185,-141,-14,107,88,215,-140,-20,-14,-52,-85,-43,10,-32,58,95,124,178,18,224,110,140,75,143,89
115,95,-70,-78,79,-2,-129,-169,-18,119,155,-65,-25,-64,122,-19,-30,162,49,142,6,181,-234,75,176,180,-74,-25,96,87,-123,89,248,-62,84,-30,-44,11,-41,-125,116,45,1,9,-70,-55,-35,-10,230,25,33,-1,92,-121,4,-62,81,182,-10,0,-99,84,175,-45,-68,49,58,-26,62,31,-52,33,-11,7,17,59,110,-60,77,1,106,83,121,11,55,-55,-36,-181,50,43,65,76,-44,195,212,32,-26,87,61,124,4,-11,115,18,48,214,-2,-24,-30,171,28,-87,95,106,-43,127,53,144,-22,-157,130,72,101,203,143,-199,36,87,46,30,-17,112,-100,124,229,-156,61,-40,168,-20,-3,24,76,-73,-24,172,98,6,94,103,-161,-25,-56,18,-95,103,-5
174,324,156,243,-5,211,95,141,166,33,58,-237,-47,200,-52,217,-18,174,34,8,62,-81,153,132,-134,-211,101,341,-15,115,159,50,153,165,132,216,213,92,136,136,46,-137,151,-131,236,-105,47,74,109,96,-17,92,64,138,96,-197,288,256,-114,180,120,-46,353,206,162,-66,-41,27,-67,161,147,287,-89,214,31,129,249,1,-11,-64,49,80,68,-100,446,138,56,82,187,-133,151,117,164,100,-83,170,133,512,24,120,-67,-167,97,-2,131,208,-14,43,128,49,41,203,204,73,73,74,218,178,-4,48,80,109,-62,50,156,94,53,-79,318,38,-39,123,259,177,320,89,95,115,54,-115,115,51,145,-135,219,166,79,-50,322,-27,92,182,98,104,63,117,9
81,42,39,4,-46,241,62,152,10,-190,181,71,-123,9,-49,145,-77,44,150,82,2,52,197,254,56,0,-11,12,-56,86,72,-54,19,108,-12,45,-81,86,29,150,16,-7,61,5,14,-20,6,123,88,21,-102,-268,11,38,157,-79,-48,17,166,-34,165,-60,98,129,214,-58,10,30,-44,-17,-121,44,20,142,86,-6,-71,-22,62,-121,-107,-60,116,-35,84,61,53,60,64,-123,-38,-86,-15,35,-8,347,47,140,95,66,-35,-45,79,269,79,-51,54,64,4,68,125,43,184,-280,14,-25,70,155,-34,-114,148,-31,110,148,17,-70,134,90,-96,205,-6,91,-103,-31,180,-6,104,-56,-117,47,-93,-14,1,13,-87,125,2,-85,114,161,-41,-6,58,79,-98,29,117
61,127,54,5,-191,40,-57,52,-53,99,245,57,19,-89,-76,88,42,155,-34,2,114,59,-200,61,57,9,55,-15,90,90,-16,9,210,-1,96,-49,-110,112,246,-221,65,42,183,-130,74,136,-45,86,-100,30,-2,78,-103,-148,186,56,-81,-6,-73,-101,152,-49,32,-73,32,61,33,69,-147,13,-202,13,-358,40,44,-20,21,-58,-16,-120,21,45,82,-46,-219,54,93,54,-34,114,234,249,-174,-124,28,28,82,-125,148,93,-42,-145,39,190,89,129,-32,76,30,156,-40,22,228,14,57,-263,6,11,120,-145,92,48,-11,126,-11,-145,-181,-12,104,214,-160,-181,-1,-44,-111,6,116,70,16,-103,54,151,129,-90,122,44,68,61,142,25,-48,42,11,19,8,113,-58
5,-86,15,82,291,78,18,-19,-80,7,-50,12,21,-88,-13,17,71,22,89,27,112,7,21,287,47,27,83,-6,-8,114,48,74,-20,74,272,71,138,104,-108,159,-61,42,-188,93,42,187,-107,112,-29,108,23,26,-30,46,-7,-141,-155,0,181,-35,63,90,52,72,-36,172,34,-133,52,-70,88,9,83,63,2,69,169,18,-121,-99,-2,31,-101,-94,-12,104,171,304,68,-54,-102,71,162,23,-59,255,44,36,74,20,75,5,0,155,36,84,30,-160,-46,-38,-46,-85,-74,-56,46,106,103,20,57,-92,69,-62,-26,55,-29,141,35,96,-31,67,-123,-93,117,-133,75,-53,87,192,110,-113,48,-212,-54,23,15,-61,-28,138,-68,-81,154,-30,2,-98,5,-76,-23
-59,122,84,145,109,-42,-146,-69,-11,190,43,8,138,143,29,-297,154,101,28,111,48,128,-162,73,-164,-65,209,126,68,72,91,-155,22,-43,28,88,-13,-105,5,118,-121,135,-4,133,-20,-39,46,175,5,227,103,237,10,-93,-34,-67,-52,24,-137,-114,-68,-30,186,79,-106,-62,-112,274,279,200,-55,128,114,14,-23,-3,55,-106,-291,-72,-167,0,20,-47,-16,-156,145,124,-59,8,-5,101,161,164,211,-169,51,-35,175,-10,-62,-9,-3,-4,-67,13,-190,-136,64,118,30,-66,-57,203,15,-40,45,-14,150,203,-83,-42,-19,-9,-22,91,-45,-67,-17,105,69,20,25,-25,137,-100,55,94,-57,-4,-46,40,21,-109,208,-36,-43,217,36,140,160,9,82,-32,42,-14,-39
212,69,119,-48,154,149,10,-189,82,96,193,120,35,99,164,107,104,4,-112,-71,132,38,-77,-89,106,-15,326,-74,30,-12,40,45,172,-139,71,137,97,185,135,-31,-28,-129,5,170,180,-60,47,31,52,-44,-186,41,155,-53,175,88,28,177,26,-36,-44,97,25,-123,86,-36,-75,86,-110,58,33,140,64,130,79,-103,97,77,-139,51,222,91,31,57,-89,-100,175,-130,280,-49,-1,-72,-33,125,155,-215,106,127,127,159,102,4,-13,-96,32,21,-42,264,50,-33,191,98,-114,109,115,154,48,118,-40,-62,6,-35,49,171,57,-80,9,162,157,-90,9,55,122,164,58,-86,119,103,-23,26,173,147,95,5,-47,-87,6,68,133,104,159,124,122,73,45,304,103
201,72,218,-48,-40,116,110,43,99,-56,13,149,-148,116,38,145,275,141,90,-163,148,86,42,144,259,100,155,36,222,-116,144,198,24,106,253,117,70,86,30,99,84,-279,148,116,218,-72,-53,139,-12,16,-107,135,299,176,217,44,191,250,152,364,16,113,-22,141,16,45,-88,36,168,252,188,-30,-137,327,166,-156,32,177,-85,126,194,-11,111,78,85,-49,92,37,109,-94,15,14,178,178,81,5,-22,-43,-3,338,21,21,-85,163,21,232,103,136,101,100,123,27,173,41,125,217,50,328,125,62,151,53,-60,-55,-52,-38,344,212,-95,131,17,155,29,-64,57,15,70,123,-80,51,120,81,32,-135,-29,62,-183,167,135,123,79,320,364,-116,214,179,-31
71,-23,83,115,37,-55,-9,281,61,55,-49,67,-19,2,68,-76,-16,61,141,161,-47,42,13,4,-2,47,71,113,78,196,-31,134,174,191,-212,20,7,232,115,70,-73,117,-72,192,-23,178,25,-124,172,128,153,39,38,34,171,183,18,195,10,-4,-74,108,136,24,209,173,264,135,104,213,39,136,153,6,103,18,33,115,144,204,66,221,69,115,58,76,72,103,171,6,20,13,-2,88,108,101,66,143,129,-38,169,181,-15,-103,47,-72,-1,2,71,-33,203,150,-69,-8,44,112,-15,-26,118,45,23,-29,-147,168,70,37,66,-96,252,33,10,64,155,207,-22,167,51,284,205,60,12,52,-64,131,39,-21,173,-35,51,114,78,55,-21,69,153,116,106
-33,182,167,-67,126,53,-96,44,-124,-55,-174,-99,105,-63,4,113,-151,18,-111,-129,-16,-123,18,202,11,-15,137,120,-50,5,251,96,114,-47,97,121,210,150,118,-112,34,14,13,10,-8,91,-5,-39,-168,63,72,5,30,-145,31,-49,9,25,29,41,-89,-30,212,135,54,144,-80,-24,-86,177,140,37,-31,258,-120,-109,110,-52,-22,-43,150,-18,-101,-148,-28,18,193,-65,-53,92,105,46,35,72,188,-58,5,35,-3,115,53,-33,-68,163,44,-232,92,-14,98,70,-64,7,3,-16,153,207,82,-7,-19,13,-137,125,8,60,136,-128,84,108,81,37,-25,-33,44,-83,76,143,131,-84,77,44,229,-121,32,-100,-37,45,110,31,-173,-94,101,75,107,90,253,-32,76
113,-89,197,-51,79,71,209,-66,96,3,-1,-31,-14,47,-99,40,-99,75,-93,-109,75,-47,33,92,144,-24,141,118,69,8,-10,109,115,200,159,-17,-69,118,-58,87,160,-139,-5,139,262,-84,191,139,5,293,-7,54,351,46,-103,15,-58,90,-53,237,143,34,-55,187,17,-5,169,69,171,96,-71,90,-51,71,186,-16,37,194,-15,84,138,-145,62,79,254,116,200,-32,184,-108,65,52,-7,-19,-115,-134,82,-208,147,170,-95,154,-35,16,41,154,-87,-18,-42,120,-17,-125,-106,-112,-180,225,110,179,-31,70,-18,146,153,166,49,-69,73,86,23,307,132,112,159,148,159,-31,41,10,250,12,-71,181,111,-56,96,-59,3,48,229,-31,-82,128,100,36,-55,231,-90
116,-22,119,106,128,10,55,134,165,-42,-79,98,242,22,-33,129,62,-2,67,11,111,-97,-14,45,221,-28,116,-65,41,177,21,226,93,-111,-16,32,254,93,58,-59,64,105,74,78,72,7,20,-79,102,-48,-220,182,325,-24,230,185,54,271,8,128,-117,108,-78,71,131,-63,130,48,-118,199,200,-24,-67,158,80,52,144,83,-23,77,60,133,144,-205,-6,106,36,-3,104,36,-37,11,-31,85,250,114,159,87,133,-102,35,138,-109,69,3,26,76,75,-123,85,127,-27,5,80,64,179,64,49,44,26,79,2,-68,161,51,62,-9,-21,129,-89,195,-125,166,174,128,26,38,108,169,-15,203,84,2,126,133,-75,95,-104,91,200,69,138,87,101,104,181,99
-241,57,118,-80,2,-48,128,69,128,16,-55,-69,-31,-24,18,-83,-55,122,19,-28,51,-15,32,-4,103,-29,-27,101,-81,93,125,18,61,-8,45,41,-20,136,89,99,193,150,186,57,104,-128,127,59,12,-41,58,76,8,123,-28,92,94,14,-119,52,83,-99,-75,12,10,-3,-91,-29,-28,209,-53,-134,64,24,154,-122,101,97,129,-73,-58,-269,46,60,17,-149,152,-45,-73,-21,34,-2,-146,200,4,-119,130,-171,-16,-95,98,47,-115,17,54,163,11,148,17,142,25,-126,-147,119,20,-6,44,-62,39,123,161,180,-73,-17,91,-195,91,17,-17,111,144,58,-8,-22,96,129,3,4,38,-141,157,253,215,108,-77,-34,-9,38,1,-45,15,171,-111,42,79,-35,210
161,189,179,-111,-201,52,89,112,176,-155,114,-9,47,59,-27,50,-85,0,144,-18,-1,201,166,115,134,-3,-45,-96,23,-89,-53,229,-24,33,-24,-65,25,160,54,-55,87,121,58,168,59,44,83,279,-26,-69,4,-9,116,160,78,-86,-157,8,72,235,78,90,188,193,139,-28,-108,-37,28,83,-123,-54,34,117,133,-14,41,-63,-110,216,183,40,361,-63,134,266,42,-84,146,13,273,-30,-42,186,100,1,30,231,-79,78,26,214,-172,-236,-32,100,13,-27,147,50,60,99,123,-153,-37,101,83,176,113,25,60,229,230,53,-86,-91,63,12,-78,160,-88,69,85,-13,164,113,221,-77,96,119,151,-16,57,-12,-22,-63,73,-61,7,90,-8,139,170,67,83,-139,98
12,75,2,73,-82,-15,31,153,123,-74,-12,-21,105,230,219,27,211,-248,-76,-70,3,-33,-14,48,-12,-26,188,140,125,-23,-104,-133,133,114,300,36,68,121,34,50,213,46,18,-79,54,-99,-6,-62,144,-134,115,-147,104,-30,-25,150,56,49,26,93,87,174,-103,-152,42,-117,79,69,57,118,-88,54,40,44,149,-191,79,-136,9,-266,-118,123,64,18,-71,193,153,62,48,-167,136,39,-152,-128,67,196,-183,82,84,54,173,213,-20,322,147,58,-69,-63,212,19,314,-11,-10,31,7,-28,-130,96,-45,-158,133,-41,75,7,214,9,81,-6,43,-88,81,18,-19,164,203,89,38,182,-99,-105,-110,-54,-128,245,81,158,299,105,162,247,-81,148,69,117,-25,311,74
50,-27,-13,-85,-206,78,138,24,-156,54,-133,-29,52,-40,36,-48,-44,-99,-82,-13,34,-9,-94,112,-19,168,-21,-13,2,19,252,-32,321,24,26,83,54,181,25,147,-2,200,71,134,-58,-65,-78,-13,61,141,161,91,71,48,70,-20,-39,281,203,-33,51,136,34,119,116,219,51,-15,8,-34,-36,28,161,67,54,-37,-75,280,102,186,160,73,-82,86,70,92,204,151,209,-23,-96,152,58,29,57,-109,-90,-17,42,87,106,151,-101,47,151,-137,-44,-43,90,219,4,-47,-28,8,125,22,42,74,8,-68,-100,104,-8,226,89,98,233,3,65,322,-11,154,-63,157,57,110,101,99,-48,-120,51,-94,158,41,41,112,231,-13,-167,-84,-157,-102,-3,-17,40,253,-106
190,56,109,-127,-81,81,-42,367,-6,-16,-11,-106,25,109,-73,-133,21,227,123,-66,25,36,62,107,51,-12,-46,-43,-51,95,40,161,85,49,-97,-66,-53,-284,108,-24,95,67,177,169,245,93,71,11,74,133,-97,79,-164,-24,-17,-131,63,-12,220,28,80,-57,139,99,144,119,138,218,34,4,16,222,98,122,-28,4,182,-75,182,161,-97,-92,5,88,202,167,149,-31,26,50,93,2,-109,130,77,-63,12,66,171,-31,161,-22,115,142,35,-53,205,133,93,33,193,18,30,-239,109,62,46,127,3,-144,154,168,20,-13,157,162,87,10,-46,76,131,231,48,68,142,-19,96,158,-2,28,119,112,-62,236,-96,-103,167,-48,70,193,-177,-23,122,-38,-10,142,236
