-52,-73,16,41,1,122,20,-3,-73,22,-94,59,36,87,-1,157,13,-36,-45,-83,30,139,-34,-36,45,-14,-37,5,56,-40,58,70,69,38,-48,-16,10,-113,-21,115,-34,-66,-34,-76,-26,46
-41,-19,-143,5,31,107,21,-20,47,29,-20,36,18,-79,-47,52,-22,13,61,83,45,-28,21,88,19,31,-29,48,123,-46,58,63,-29,-67,10,2,40,-23,83,-11,73,-71,-14,70,40,66
-6,-86,46,-19,156,-60,40,-4,44,-43,108,-59,71,-6,71,57,98,-17,-93,-55,158,91,31,102,-64,-16,-3,55,25,-17,8,80,44,105,-15,130,187,7,-27,8,66,-25,79,-62,95,39
68,38,98,77,90,-18,33,15,21,-21,83,-37,50,-14,-41,-18,7,-15,-87,-47,132,-38,-62,-1,34,1,-13,3,14,-43,65,123,-8,-22,-21,41,62,23,-29,162,24,14,105,-81,-32,-3
94,80,-33,43,36,52,-48,65,23,-45,66,-41,-2,-38,11,23,65,-51,-86,40,-60,-25,-97,-110,49,-30,27,35,-16,-81,39,90,-14,49,13,111,30,81,-55,36,32,39,-28,11,61,170
65,-129,-28,-29,88,27,-64,47,2,-14,36,10,67,20,49,57,33,3,-45,22,160,3,43,97,66,-79,23,-80,24,-19,27,110,38,2,-88,103,83,30,-30,-19,66,-63,-45,-4,53,7
3,63,-121,0,-30,83,31,41,60,108,25,42,-1,-45,15,73,-34,-63,-28,106,19,-110,22,47,-25,56,94,-20,51,-3,110,107,10,9,50,37,60,100,-100,-29,10,-16,21,50,141,-22
70,47,76,-57,58,-47,45,-59,-48,-1,122,37,52,20,37,10,-28,-39,-18,-32,57,47,42,-55,-20,33,73,2,29,78,-29,-50,32,30,-89,-1,68,-13,-27,12,3,33,12,78,-12,-74
87,73,36,-34,58,-95,29,49,7,-31,49,-82,54,41,7,37,21,11,-16,-21,0,-30,13,-12,46,2,-19,33,-47,5,-14,107,75,17,29,85,145,17,25,6,84,-113,80,35,49,55
21,18,79,29,153,50,-10,95,98,56,-39,-53,120,31,31,230,-72,-63,38,21,-27,130,72,-68,46,70,85,109,31,-2,34,16,32,-20,37,36,117,16,2,47,118,2,-9,-51,-160,24
1,-10,23,-57,79,-16,-26,15,-20,-34,43,49,150,39,79,29,91,-27,-60,30,63,118,50,143,43,-10,104,36,23,41,-23,28,-53,36,15,94,107,-33,-49,14,109,-54,-43,-63,65,63
68,-76,1,99,-19,10,38,-61,-39,-52,-9,39,29,-9,-89,13,67,-35,-48,-23,45,-9,-6,2,43,-88,54,37,33,-72,28,19,23,-69,-17,-36,39,-82,-36,77,37,32,31,-10,-1,-41
-50,3,-63,-65,14,79,75,-37,112,3,75,-84,-34,-61,13,34,31,88,5,96,-47,83,-43,-67,-149,-59,56,202,-70,29,65,-43,36,-33,-1,2,-22,-45,-27,-69,-3,44,-5,7,47,64
41,-11,23,-46,-6,-63,-38,63,33,-30,-11,12,43,38,-5,-62,12,-40,-15,-16,108,52,82,92,85,58,17,-36,3,141,-96,-26,-9,122,-43,21,42,56,-3,10,-37,-8,-56,100,46,-16
-6,39,83,21,71,56,12,58,55,-21,62,50,96,4,87,173,54,-96,-48,62,179,-16,-26,24,65,-56,172,20,6,63,102,13,-49,24,25,66,78,49,-123,42,16,-32,-27,-44,115,-46
40,33,24,123,117,-49,159,6,112,-14,56,-16,136,-96,50,109,21,25,-7,52,43,-30,20,-19,-137,-12,45,159,8,32,51,88,30,30,94,98,125,6,-23,83,63,-6,140,46,107,65
-57,0,75,11,88,-4,-5,83,95,30,-27,-3,104,81,63,29,-13,15,-4,89,28,89,106,7,-46,26,-5,25,13,55,10,-47,-81,50,-1,27,33,53,17,-5,-2,2,7,47,21,7
7,29,21,41,32,-13,44,144,13,61,-77,-15,5,25,-17,4,17,26,-8,50,-48,-47,71,-31,-44,68,-71,-105,-57,-8,85,15,4,99,-18,-19,8,30,91,-84,-23,49,20,108,-59,142
-17,-40,-15,59,71,49,26,26,-41,-3,-67,-8,-11,29,-13,36,-9,17,42,-34,-28,44,44,17,-51,0,-61,59,141,-110,-22,8,-2,60,-31,-2,23,-42,106,38,60,-3,-61,6,-93,103
115,-12,59,7,150,52,-31,127,37,-100,80,13,17,-63,68,128,-26,-6,-53,71,102,-10,89,37,-7,-22,163,-6,-30,-19,105,50,-89,85,-32,72,115,-15,-30,66,111,60,-130,-123,-31,37
-59,47,-32,4,-10,64,-33,-4,47,60,-43,-50,-18,27,-5,19,127,70,25,-84,-40,75,-8,22,-89,-7,-12,36,-4,20,76,-29,-61,3,159,65,-37,-19,-34,-13,20,-16,26,-24,50,28
119,57,-16,-23,118,28,46,29,-81,-55,33,92,23,-60,27,-20,41,22,-21,-30,108,-110,-77,29,13,-83,68,-60,47,-8,64,72,6,-34,24,35,50,-6,22,-103,-39,29,13,5,37,36
-17,78,74,28,66,33,38,35,18,85,41,7,50,124,-10,-4,-11,-2,24,30,56,75,40,2,53,101,-31,-38,51,36,23,-22,43,33,-50,33,85,-3,58,26,43,26,2,-1,-58,3
50,7,134,-27,34,3,3,63,-41,37,68,54,29,147,16,37,140,-88,84,-35,22,11,-44,-3,84,-59,-29,21,63,-2,4,-56,-14,-29,13,-93,-101,19,38,-30,26,-20,3,-34,13,65
50,34,21,38,12,57,24,36,37,9,-11,73,32,75,41,52,-7,-63,64,-41,70,11,-10,134,90,-35,84,14,137,21,76,-57,72,7,-13,37,104,-41,-15,94,74,1,21,100,71,-47
-36,48,9,33,-13,8,108,29,91,31,59,60,61,4,-18,82,58,-64,-68,74,48,-21,9,-103,12,76,74,66,-19,60,35,-33,-59,0,65,-76,-38,89,2,-6,-39,20,50,38,152,97
129,21,-83,-5,21,56,-89,100,-25,32,-65,54,81,-20,-47,-22,51,-55,-43,-16,-75,-76,17,-46,78,-7,0,-101,58,-92,34,65,5,-16,-8,14,-98,74,-21,-93,-25,-24,-41,137,-34,81
21,96,13,-6,50,69,58,-42,-11,-44,116,24,43,70,25,28,86,-20,-32,-61,144,20,-120,-43,136,8,36,82,127,-9,31,-2,42,-50,-36,65,164,-13,38,38,84,-5,27,74,89,109
-12,-53,20,56,17,-52,-42,6,30,30,-45,8,69,63,-12,-16,56,-22,10,-145,57,-38,35,73,35,-75,-24,-35,82,-118,47,-30,14,-6,61,-39,17,-56,-37,95,31,-55,58,-14,3,-70
26,-21,51,56,-54,101,100,-29,23,73,26,124,68,8,38,-7,-62,3,20,-26,31,19,39,-25,39,40,26,-46,17,-23,-9,-2,27,20,-86,-24,-44,41,-10,37,50,122,18,103,3,-36
62,-39,80,23,-14,-77,32,-81,-18,-19,-83,17,61,-11,-31,77,16,-57,-5,-151,146,-82,-98,81,106,-10,104,-127,-68,-63,82,89,94,13,29,98,108,42,-37,104,28,-12,24,-58,0,-90
8,-11,139,109,124,-21,115,15,67,-58,52,-14,80,5,52,129,12,6,3,10,27,78,-3,-131,34,-50,-40,51,-22,-49,-18,4,6,-10,-62,13,77,-40,-15,61,49,55,73,15,14,94
3,71,-64,-59,-1,-66,26,-163,-102,38,57,41,19,2,-61,-43,5,-19,-47,-93,41,18,-81,28,-13,15,92,67,23,32,0,17,82,-42,67,-14,67,-50,-24,-18,-35,-40,7,-4,39,-5
63,48,89,80,21,-26,1,62,35,51,2,-77,6,44,131,-7,65,6,-57,38,112,37,-73,47,99,-3,-10,-47,41,-73,40,20,-30,156,14,90,157,-38,75,12,75,-70,8,-51,95,68
63,-27,-31,16,116,50,-96,140,89,-52,-62,-92,-7,-96,50,78,-11,42,0,46,55,-31,50,138,-43,-38,39,-1,39,-66,149,8,-16,47,-15,96,106,-68,15,36,95,-53,-15,-3,54,57
43,-23,34,88,7,31,-51,52,4,95,-89,55,4,0,20,89,4,120,-3,21,-2,-27,109,-17,-98,22,-16,-4,64,-68,46,-38,-17,-17,-43,-61,-12,46,75,38,83,-15,-40,39,-69,0
33,116,50,-9,11,-32,85,-28,-10,42,59,26,139,77,-83,-27,114,-38,-16,-152,-46,88,19,-41,24,44,33,54,83,31,-20,-15,149,-1,21,76,49,-15,11,5,49,8,39,107,-93,36
34,24,-29,-73,24,42,22,-18,-14,-79,-43,63,71,7,62,70,0,-22,50,15,-19,-6,-20,-45,31,-32,22,42,-9,99,39,56,-12,73,35,46,47,48,3,111,21,-7,-18,127,103,6
-30,-66,91,34,43,19,0,35,-9,25,-4,89,141,67,23,-8,1,-76,9,22,-55,137,86,11,-24,15,-15,-37,105,-110,30,-74,11,109,-65,-43,30,-35,0,23,75,31,-33,62,-26,18
-46,-47,72,49,36,6,76,-10,191,1,-38,-13,95,-59,65,20,12,-10,-45,-23,26,135,31,-34,-86,29,67,160,37,-17,-21,-61,35,61,53,49,72,0,-26,-39,-14,59,94,43,65,8
39,72,8,-56,-19,4,-70,13,-43,-49,85,-10,-53,14,-104,-68,-45,28,0,21,-43,-19,-7,43,6,-36,89,10,-41,-34,45,-25,-24,-65,39,-13,-22,84,80,27,66,0,-11,-83,-92,-77
-108,-109,-6,-75,74,99,31,59,-30,-89,-86,-7,94,2,45,69,-47,-75,-28,33,84,7,44,8,23,38,-25,-6,65,9,1,-25,-4,91,-147,-57,-16,-27,-11,57,-36,-19,-35,0,-9,21
76,24,42,52,89,-3,103,59,-17,-7,83,-18,67,51,62,12,77,-67,-71,37,106,-48,-36,12,65,-12,-22,-31,46,-31,28,60,14,100,-56,26,59,-23,20,-7,39,-55,67,-29,97,93
98,58,-74,-80,55,-66,-55,-41,-71,-77,85,-75,72,-5,-74,-11,56,-50,25,-14,-17,5,-16,-42,25,-2,-12,17,16,44,41,-41,-12,-23,12,-26,54,-66,-49,67,2,-42,-4,40,7,-12
-62,20,-52,43,6,12,36,-31,67,33,21,-65,-4,7,21,24,12,33,-21,79,-57,-1,-31,18,-69,28,-23,90,-13,22,71,15,1,-59,54,107,-21,69,51,24,77,-1,57,14,62,69
9,39,11,95,99,8,12,15,50,-18,2,36,-48,-36,-2,78,-2,-18,-24,-74,24,-19,26,28,22,-7,72,-78,41,-120,-8,85,-57,19,123,96,106,78,-78,-42,1,44,30,-99,6,-78
