37,18,124,-55,-28,3,-28,-23,49,42,71,-14,-10,-4,34,-19,-76,49,69,23,39,45,15,-50,65,49,62
17,-47,-10,51,15,-23,10,21,-47,-48,-58,5,36,-3,2,2,11,-25,28,-24,54,38,-25,-12,94,-11,57
58,-64,-18,111,24,32,49,5,12,65,37,54,3,-31,-10,3,26,-76,-41,-39,-6,65,42,-8,10,-5,-30
-132,-65,36,18,-1,-16,119,-23,9,11,-3,30,17,25,-43,-51,33,47,3,-33,7,27,-45,-9,21,2,5
28,-26,-6,107,-1,32,14,15,-13,-23,-28,33,-2,-1,-33,19,-10,-7,2,-35,-11,25,-46,-35,58,-4,-46
2,34,52,97,9,51,-68,74,-25,17,38,-9,-67,-21,13,-17,-19,11,55,58,44,59,11,40,139,-38,14
-8,-93,-15,15,18,16,33,60,-43,-1,22,22,44,-29,26,-3,34,-37,-115,-16,-80,4,13,-3,-21,9,66
8,-21,36,0,43,6,27,42,-30,-2,16,31,-6,44,6,-4,31,-42,-21,-25,-48,-23,-56,-94,61,-55,66
-88,23,30,-36,-6,-35,38,-71,-20,-51,-6,-1,9,-17,-31,34,-31,73,-23,-6,13,13,-100,49,25,41,-32
-33,-54,82,31,33,65,111,-1,25,-4,66,66,-23,-53,73,-21,-49,23,82,-66,4,67,20,-34,44,8,58
-30,-93,-18,79,20,-35,50,35,67,70,83,43,-47,-98,23,-33,33,-78,-70,65,17,46,36,19,-46,42,-11
-62,63,22,-5,-9,-25,46,-21,-31,-14,29,28,20,47,-29,5,-12,107,11,-66,62,-2,6,55,20,26,-41
-43,2,-11,59,24,-1,-30,77,51,4,-46,28,-20,28,-11,-71,3,-70,32,53,31,-86,53,2,-8,-27,-37
102,44,31,21,-58,-50,-32,0,-2,-23,82,-21,45,-75,25,68,-106,-9,53,13,-68,40,-6,15,-80,7,-1
-29,-23,11,41,-23,4,77,75,20,-10,31,64,75,-18,6,44,-2,54,-42,-39,-41,-20,5,40,-65,17,-3
70,-21,143,3,-12,15,54,-35,21,-2,-4,85,91,-54,42,81,-54,38,67,41,56,13,-35,-72,62,-17,69
-80,16,53,-63,-21,40,-3,-33,-43,-46,15,-8,-66,31,-26,9,-65,82,62,1,-48,7,5,15,-30,13,-5
-4,-1,91,53,15,23,8,-9,4,43,-14,-34,27,3,-33,-41,1,49,62,15,-20,3,-36,-29,29,15,60
52,-54,25,33,-24,-26,37,19,40,53,-79,-10,149,-43,57,36,71,-21,-13,2,59,51,-78,10,35,-52,73
-79,24,-13,-59,-85,-50,19,-24,43,-31,66,15,-6,8,17,-10,-45,107,-53,-37,29,2,4,-25,-26,21,-50
41,-27,6,65,-13,-35,-13,58,1,98,-5,44,69,-52,96,19,46,-8,-66,-51,48,80,-27,5,14,-62,41
-133,-12,-37,-12,3,-21,53,4,-8,44,40,12,36,35,-40,-86,103,-19,-21,4,5,-32,-13,63,-48,19,-5
-72,-46,-24,-6,-49,22,45,-18,-1,22,90,40,-55,-24,0,-22,25,38,-16,-12,29,91,47,25,6,61,1
95,54,-11,-46,43,-36,-63,40,125,-10,-30,-33,-10,22,40,2,-55,62,83,-138,80,14,46,-40,29,-10,-18
34,5,59,124,59,42,-19,25,-33,66,27,25,61,77,-57,-5,1,-19,33,-50,-15,-5,20,-25,41,-69,-18
-27,-57,-66,4,-9,-55,38,-20,-40,-65,-65,-8,-32,-5,-65,35,34,-57,14,15,48,47,7,-17,39,-24,46
28,38,68,71,9,10,40,-12,-46,-75,-3,9,73,-1,-13,76,-63,99,102,31,33,14,-21,-12,73,-38,47
