-28,0,88,25,57,-1,-39,-47,-60,73,2,-34,-48,10,-138,25,47,-53,37,-21,-23,-15,27,33,13,14,-4,-5,48
4,-4,-40,13,15,-26,-14,2,-3,25,-3,111,25,-34,58,-38,-70,6,18,-25,33,-17,-15,-37,28,-91,-2,-52,17
26,-30,-10,4,13,4,-39,-2,59,96,29,34,33,65,-12,25,26,-47,32,47,16,-65,32,66,62,24,12,48,60
38,17,2,31,-6,30,-16,0,60,54,30,62,12,6,33,39,-9,-44,99,18,44,-42,7,8,-24,-29,64,45,49
-17,-54,11,2,-29,36,27,-21,79,-36,28,-7,42,34,-38,34,51,-32,54,-20,123,12,-41,8,-17,12,20,35,3
85,-21,-43,-17,78,-54,-2,53,91,27,-58,-4,62,5,-22,42,3,-16,-23,82,73,-43,31,68,-6,5,-23,-16,56
-29,-36,2,-28,-72,96,37,73,40,-73,29,29,-38,76,35,-16,14,48,0,5,-35,-2,-6,2,-19,-13,25,56,-27
27,-18,-2,-2,24,16,-55,-12,93,3,-39,-16,49,13,-37,48,69,-44,122,15,101,-65,-26,81,-29,56,25,104,28
36,-53,36,-11,-70,55,11,-75,-59,6,32,49,88,-50,50,-16,-14,79,-27,-66,-24,-25,-34,-49,-50,26,-21,22,11
-16,39,1,66,1,11,29,-11,22,-39,17,-19,-21,-13,28,-4,-51,-14,7,-7,-34,34,-31,-51,6,-9,47,-21,-7
1,-85,101,-15,-40,112,-21,7,26,48,153,30,34,-8,18,2,124,65,10,25,102,18,47,-64,10,64,-39,-62,-25
-88,-78,47,45,-34,-1,-53,-17,-8,18,34,14,55,4,61,29,72,33,24,56,63,-66,-24,-7,6,8,-27,-2,-45
4,-59,61,-22,-91,52,13,-4,-12,-80,35,-92,41,13,27,1,155,40,75,-11,48,17,-7,-3,-124,90,17,55,4
-6,-36,-20,-27,-15,-46,-52,-7,33,-57,-3,-44,86,-8,18,-20,41,33,13,-24,-39,14,-62,-12,-75,56,29,-11,-14
90,8,-52,-3,43,-64,-9,6,64,50,-34,-47,36,49,-105,57,27,-64,-30,38,62,12,12,97,103,9,-50,50,7
20,-69,55,64,-29,-8,-61,104,66,11,95,-40,44,58,20,-21,74,-23,-14,26,-30,-24,54,36,10,-7,70,-67,-39
-22,-38,22,59,-19,27,-57,11,5,-2,70,-14,71,44,1,45,180,-5,17,55,32,-101,8,37,-41,47,81,124,-32
20,-30,63,-57,-6,96,-123,-1,34,-52,-11,21,57,-2,-52,33,124,-8,47,17,94,11,-62,-55,55,30,-47,57,-39
-9,25,-87,141,14,-18,-37,-30,-50,18,0,-35,4,-44,125,54,31,-9,-35,-51,57,-37,101,48,5,-16,30,-78,-33
31,-6,15,-46,11,-11,43,38,-38,40,-13,60,35,-2,87,0,-74,4,8,-31,22,-19,18,35,-58,-19,12,-18,98
81,-47,-39,-34,34,-60,17,78,104,-8,16,-3,49,74,21,59,-1,55,-105,83,110,7,40,-42,103,11,-63,-49,35
50,-26,-21,-47,55,-6,70,61,-50,17,-40,12,30,-33,28,30,-55,13,-39,-2,-1,57,11,-19,-14,-72,-54,-13,98
2,-7,15,-75,-3,13,52,5,-65,-30,12,31,16,-4,7,-21,49,64,45,-25,15,49,-48,-87,-72,41,33,42,60
3,-4,61,-15,9,28,16,41,-7,33,19,14,-45,47,-58,29,-1,-31,50,54,55,17,47,11,26,-26,-21,-19,24
-72,-119,64,-63,-28,15,-44,-4,53,14,56,1,-11,8,-6,-57,65,72,30,19,34,-17,-14,7,1,73,-89,-27,-32
-42,28,-27,22,55,-11,-64,84,-34,3,-41,-14,-56,89,-22,61,87,-85,-36,-19,49,-21,48,82,15,-65,28,34,-1
47,-23,19,4,7,16,43,66,-16,-11,14,45,17,28,-15,29,-32,12,-33,58,51,-5,37,-83,88,-84,-35,26,50
5,36,-6,19,-35,75,56,-47,-54,14,10,50,-41,-57,19,9,-98,-5,91,-14,-21,58,-3,-81,-33,-32,7,-36,35
71,38,11,71,5,-11,-11,67,39,-21,-22,19,36,-2,69,25,19,11,41,-22,-35,-65,11,-25,-31,21,82,21,47
