47,-24,33,111,64,-27,50,-10,80,-65,89,33,-31,-87,-63,32,67,5,58,-17,118,97,144,66,166,34,43,-51,-48,-68,3,60,141,123,-57,-9,51,-67,-30,41,-28,22,-37,10,73,-20,0,-26,32,113,26,26,-24,4,27
-3,-130,118,54,-8,-96,56,-16,24,28,68,126,26,81,8,-2,-55,82,-19,-96,-17,-10,-16,75,-40,-31,-35,99,-19,51,-25,5,-93,96,-50,1,75,20,-109,-31,-20,70,52,-32,131,87,-29,51,-65,7,94,91,30,63,82
-31,-4,142,-54,49,17,80,49,-41,70,-7,41,-5,-8,4,-11,92,90,-12,-65,90,119,-67,29,-38,33,7,54,57,27,35,61,140,16,-76,-44,70,81,51,-101,15,2,95,60,55,22,24,45,-38,-33,22,85,-6,-66,-14
58,2,61,-8,93,75,12,90,24,55,78,27,71,93,21,69,-74,12,-137,41,-54,-62,-4,-75,-10,73,-53,98,-19,-113,42,-9,-32,43,101,-70,19,22,-19,36,-30,50,-47,90,14,96,148,-49,92,-10,-24,88,64,-11,-33
156,-8,6,72,-32,-54,34,57,15,47,9,28,92,75,-50,20,23,-49,-45,1,-114,-225,114,-102,-6,-3,-56,18,-99,-34,-73,-60,-37,11,19,-97,-27,-84,-56,126,-42,-86,-33,-72,-122,-48,4,-47,95,93,-100,-4,125,20,76
-18,11,102,-25,23,10,-14,-153,-58,79,59,46,-141,70,191,-50,-37,143,2,-50,159,83,-101,64,104,44,95,211,-7,33,18,77,-38,43,42,-9,108,117,-26,-38,85,-33,41,41,18,21,21,-49,-2,40,90,-50,88,73,-38
69,-25,198,-11,51,-46,28,64,70,14,73,68,47,99,-2,-11,5,30,30,8,72,15,8,50,-72,59,22,100,-63,135,-97,0,-26,1,-77,-14,-5,63,54,-26,-26,50,118,41,81,46,-99,-13,25,22,44,86,60,2,14
-21,-41,41,-51,2,21,10,-31,-3,41,38,25,49,11,47,17,-47,206,-11,27,40,-42,-52,142,17,-111,17,-33,25,30,-10,-14,77,101,43,154,103,18,-61,-11,-18,-30,27,-11,99,-37,86,49,-40,59,97,3,-17,161,-32
-47,-30,-7,-60,-37,-35,-16,-7,-58,26,-1,-73,44,97,60,-64,-27,88,65,-3,43,28,4,-53,-21,39,105,47,-42,63,18,15,12,-66,-62,50,-31,109,-27,5,94,-9,14,50,24,-10,-48,-9,24,-45,82,53,54,105,-64
-19,-2,-24,-8,-42,-106,-23,66,-87,-23,45,-67,-62,113,80,36,-42,119,-1,24,13,-4,-28,71,-73,-20,39,-40,92,-93,127,-3,-14,86,-69,32,0,11,-9,-51,87,-61,-4,-36,-3,69,70,24,-49,6,-23,-32,24,122,137
151,11,27,-48,-21,-38,-23,42,-36,-7,67,-3,117,133,-62,64,96,38,-107,33,-13,-63,-21,-103,-13,-67,3,100,-43,-17,31,-49,-14,47,37,-49,-30,-41,-104,-25,32,-2,82,-46,33,126,99,72,62,12,-99,-49,40,129,126
-47,-112,-77,-39,51,-97,49,79,83,-46,44,-25,-110,21,23,68,0,109,3,17,40,27,79,-8,29,3,-1,-72,49,-10,134,30,38,71,58,-20,-62,10,-58,-13,-46,-3,-31,141,-61,-110,-81,44,43,-40,66,62,-96,20,8
-32,-84,79,22,99,-67,-51,47,36,-55,31,84,5,33,69,-4,-75,-44,21,43,2,79,14,22,-10,-4,-109,65,17,15,32,-33,69,40,-67,-73,-54,-10,-29,-74,24,20,12,-9,121,11,-22,110,-46,106,-18,70,6,-12,169
41,33,-100,-43,-14,-22,-94,4,-33,-76,-51,-13,-58,25,-14,-101,89,-66,145,57,-59,30,28,-59,61,75,-123,-32,-6,19,-62,-25,25,-62,70,-76,-135,-3,-24,28,121,28,-6,-88,29,-77,-3,3,-11,155,-29,-75,39,-43,-37
-35,8,78,-7,11,-36,-48,105,-38,-27,-47,59,6,-15,56,-90,-61,-53,32,-19,9,119,15,128,12,-36,34,77,-8,4,36,-50,158,-38,-25,-31,87,4,151,-16,-30,-4,79,93,30,-86,-55,-86,-2,-19,-6,51,68,37,112
63,18,86,24,39,-71,-58,62,106,105,2,-38,102,-13,33,-27,95,104,47,116,-32,-27,-2,38,54,56,-77,-23,-22,-64,75,17,82,98,38,82,-50,4,-10,4,45,-91,114,-98,38,58,11,92,78,45,-15,-47,-49,64,165
70,-16,80,6,-10,-82,56,77,3,117,71,-68,74,72,-13,-10,38,100,-68,56,83,64,118,53,-52,-31,-15,40,-26,-17,37,48,155,49,28,55,51,35,29,6,-30,29,-11,64,53,34,67,129,3,28,50,33,40,24,144
56,1,72,-48,-21,-67,71,43,37,-3,47,-39,-22,46,49,-8,-1,101,21,-18,71,55,-92,13,18,40,-9,-7,127,-34,-25,57,97,125,-97,-51,45,46,20,-34,21,7,47,-45,107,30,31,17,50,71,-157,49,-26,80,53
-16,40,73,-64,99,92,16,-57,-7,-3,85,122,65,-10,-29,-1,51,3,6,93,64,16,-126,-32,-48,46,-87,11,139,-38,-36,-68,-33,126,-25,-28,119,18,-8,-99,-57,139,35,15,-68,160,99,15,-56,-97,-76,53,-76,-17,59
20,8,70,12,-56,37,-36,-31,-92,117,-110,79,112,18,79,-11,34,36,15,-89,113,-90,-145,-21,52,-9,68,43,17,25,-53,41,82,84,-69,9,145,-2,-14,-3,2,26,-7,-75,37,-18,22,71,6,-29,-41,42,77,144,45
-67,59,5,-8,-58,-12,23,-90,9,-11,-2,47,-82,20,46,-41,-24,18,-16,-27,50,82,-70,36,43,36,96,-29,46,61,61,47,46,61,-24,79,49,23,-27,34,8,12,58,-99,90,5,128,62,-41,97,-7,85,-51,55,19
161,-16,166,76,12,-3,51,85,29,93,72,-22,-16,2,-45,36,-41,107,-71,65,39,53,-27,88,7,32,-67,166,11,-83,-39,-69,113,31,-45,20,31,54,70,-23,-126,41,35,82,26,7,97,51,53,47,-61,-2,126,54,55
44,12,92,-105,-3,20,-47,-113,-77,64,130,-37,-6,141,76,-10,-69,75,-56,11,5,-54,75,74,-15,-13,-20,18,-13,-9,37,5,-18,4,79,-10,-11,37,6,-13,148,74,-20,-65,-19,75,21,41,32,105,66,-7,90,100,-102
-5,-64,119,-79,9,-32,-34,8,82,28,-66,40,119,8,4,-3,-18,80,50,135,-34,-87,62,46,67,-48,11,64,-1,113,-10,-41,63,86,3,60,-69,72,-9,-107,67,-22,180,-57,106,8,-17,39,19,25,-53,46,-60,63,96
13,-72,197,76,75,21,8,25,44,-15,85,1,26,54,139,22,78,111,57,47,140,82,73,-19,100,111,19,-8,-25,-63,146,115,-3,89,-30,44,66,48,-2,-117,-2,33,48,81,101,69,45,-9,27,-20,71,0,131,62,124
66,-67,-21,40,-21,-2,-33,-52,30,56,182,127,82,31,-78,-150,91,-13,-49,-60,9,44,-9,210,-13,118,-78,79,-19,-42,40,6,-3,56,-96,-40,42,-4,-28,49,5,74,76,5,-44,75,-61,77,71,-3,73,25,-30,23,112
48,150,18,-21,35,-4,46,10,77,27,61,-40,68,26,47,-67,77,72,16,42,55,16,7,-30,2,174,10,31,23,2,-2,81,75,64,-18,-78,35,53,21,30,81,-58,62,33,-61,-23,56,18,47,61,-66,60,-74,11,30
-56,21,-42,-15,62,78,2,31,-4,22,-4,75,-39,-21,33,37,109,-10,57,95,54,-13,124,-85,-61,64,-91,-47,-67,19,-80,-104,41,-12,63,-40,-37,11,-104,0,44,-16,-36,-33,23,-42,6,1,-3,177,-27,-88,-4,-44,-21
-53,7,65,-12,-53,23,-41,155,-84,46,-52,1,30,26,35,107,2,12,-10,15,0,17,-91,-57,-72,-98,98,29,57,28,34,3,65,56,31,5,144,-5,57,-105,-20,-37,-12,76,64,28,70,-22,-38,-104,-43,47,111,117,40
93,-57,9,-7,-22,-96,-11,7,-6,11,15,-26,-45,86,-71,13,-86,-21,-63,-21,-28,-130,-34,-40,-13,-16,40,54,39,96,-47,8,-86,75,64,-85,-129,45,-77,-5,57,47,-1,-56,-55,53,10,-16,-27,29,-31,47,-68,-25,-53
-20,-48,81,68,-35,-60,5,26,73,2,29,85,13,-3,67,2,43,-56,-11,-115,-2,54,-72,102,69,46,19,55,6,48,43,71,47,89,-8,16,97,-57,49,-66,-34,-1,16,77,3,6,-76,24,-51,-32,-21,7,57,10,179
5,13,16,-56,-11,127,-27,47,-88,120,-47,-29,-10,-21,-37,-18,-8,-2,-32,80,-8,-59,-112,-43,-46,14,58,25,118,34,-35,5,-79,-9,-29,-67,10,113,-21,-22,64,-41,15,-41,-34,93,-35,-72,47,-51,-30,0,40,111,-54
93,106,74,-57,-84,0,19,93,56,22,67,-7,-43,7,-6,96,54,132,-69,189,78,-56,44,-50,46,58,101,38,-53,6,5,77,-73,33,123,-29,-6,-6,28,-100,-60,-44,-20,-8,-116,-33,30,-38,103,-13,31,-51,92,93,-23
3,-11,47,20,1,17,-38,48,1,19,-14,-2,-30,35,39,28,-12,116,-23,-118,61,-36,-50,-18,114,0,61,80,54,5,81,68,30,136,-35,-3,73,67,54,12,38,-15,71,72,43,16,48,-18,82,-98,-44,36,9,91,68
60,-63,110,30,-36,73,-14,28,-116,69,59,91,67,-48,-18,46,-84,-50,-11,55,101,86,88,85,8,-52,57,174,-136,21,41,-5,107,-13,-82,26,67,27,27,-133,-102,103,-58,-1,76,16,-34,73,44,-6,-16,71,105,87,84
63,-57,114,25,0,-64,-94,4,8,35,-59,18,48,33,8,24,-140,38,-113,65,4,-70,3,52,74,-105,81,66,32,91,117,56,38,82,16,41,-43,57,-40,-69,84,43,77,-78,113,19,71,126,70,-28,49,91,-103,146,99
68,-22,137,-63,65,-96,3,-28,-27,37,25,123,-14,67,29,-4,4,70,63,72,99,-28,-39,55,34,67,70,-1,-5,-69,3,28,75,85,48,-35,152,31,-34,-136,32,187,68,81,3,33,18,-47,-2,-44,76,65,-22,90,21
-36,-37,66,-39,99,-58,-11,-63,55,-30,-8,-13,60,130,161,-55,30,60,41,5,133,86,72,2,55,2,44,7,132,89,118,5,-53,34,16,31,-91,71,-48,-42,108,35,175,12,59,-60,-33,48,-107,49,107,42,-92,81,-48
26,72,35,-5,27,-103,92,139,-24,-50,17,-27,3,19,-57,98,14,71,-8,10,14,-49,-7,-122,35,77,30,12,1,-17,-62,39,-6,12,-13,-104,-31,-15,-35,-69,-56,37,45,20,-45,-75,51,-10,93,39,-139,19,8,-57,6
-123,-88,45,83,37,47,-76,5,71,-11,-69,-34,85,2,83,110,21,-9,23,-15,3,-44,-17,71,1,-35,4,18,-13,-44,29,-68,-23,14,-47,55,12,-25,-76,37,17,-27,69,10,105,11,-82,101,26,-107,109,38,106,56,23
1,55,-37,-56,-135,38,-28,-4,-19,8,-104,-37,93,37,55,-42,-3,40,32,-24,-143,-3,-50,-18,39,-85,-10,59,51,16,112,-130,13,-18,49,68,-16,-9,-48,59,6,-118,74,-103,4,-72,-18,-4,33,-24,-85,29,113,93,66
148,-70,16,12,-32,-69,2,-26,33,19,83,32,138,205,61,-98,-80,-15,-96,-10,50,-58,31,60,47,-20,-22,133,27,-26,45,-43,61,47,10,45,48,-46,-18,70,-39,61,-43,68,-18,67,81,71,-78,22,66,133,-4,101,121
-67,19,53,17,-14,81,-31,19,5,21,-16,-34,60,83,111,50,-36,8,-74,76,-19,23,65,-106,-35,-64,81,37,-38,90,45,68,39,9,65,9,-13,95,91,-71,102,-161,32,-20,93,17,100,-75,-89,101,-1,-45,-62,12,46
128,16,87,50,-24,39,71,76,108,72,51,17,9,45,-15,-67,-43,-7,-50,59,-15,5,-29,28,17,149,-65,124,-63,-17,-125,30,177,-21,54,10,110,36,85,65,-59,-11,-168,130,23,17,87,-68,35,31,11,41,153,-45,45
-20,66,47,-1,-71,32,-75,22,-86,40,9,-107,-72,-75,-60,-10,26,41,-44,85,87,-25,1,38,-29,68,95,-19,108,104,85,40,-84,58,-73,-99,21,64,62,-111,116,-19,-103,-47,-173,112,-14,38,43,-77,46,51,1,56,25
-23,19,55,-55,105,-66,-46,109,-40,-13,-49,41,51,2,-11,-7,144,4,99,-21,30,108,-24,-7,-19,18,24,-70,-16,-40,-25,75,107,-69,28,16,112,-19,2,-30,71,38,103,90,172,-52,-2,-33,-71,-15,42,-18,-30,8,-26
-114,6,59,-33,143,-66,73,-31,29,-123,-6,-72,31,89,82,60,2,45,15,110,163,91,-5,164,-14,98,117,73,-23,15,-45,25,-10,59,-141,1,-113,18,13,-40,78,-9,39,-51,-36,4,-70,27,-132,17,46,-49,-91,-112,32
57,-67,108,-39,-3,1,-88,26,-10,27,-6,-70,-7,13,-18,75,27,111,-108,99,39,-109,-48,-102,84,-5,69,27,1,6,41,117,-88,98,115,104,48,6,-71,-91,4,16,-12,72,106,115,134,8,75,-111,-76,-92,162,158,-19
2,-46,7,-147,-15,-8,92,37,-67,-5,14,13,26,-60,-51,55,99,164,4,-55,-13,20,-3,-97,33,-64,-21,-88,-7,-31,32,39,-17,-15,11,-59,32,-1,6,12,-8,-13,12,74,-29,0,8,-50,10,31,35,-124,39,65,-16
64,70,-15,-124,-16,49,-6,-79,-107,32,26,-93,3,33,49,-106,73,126,44,-25,63,-1,-28,18,10,141,-33,56,-20,58,62,44,40,-51,101,31,-10,47,-107,68,28,18,23,-23,-113,-136,-3,42,116,24,-15,-39,114,-3,-178
86,27,-8,-26,32,89,-53,-94,108,-71,68,94,-35,89,118,-59,-10,-63,-69,97,128,46,-26,55,-10,116,7,90,21,39,46,13,23,88,71,-138,22,7,86,91,8,-27,45,84,-146,-140,-35,-133,-21,-6,-28,-3,-52,-37,-81
11,-8,54,-94,-61,62,3,12,-84,17,-20,-28,-38,53,50,10,6,43,45,8,-32,-18,-146,-9,-28,5,4,-14,47,25,-44,60,-6,-55,43,72,16,77,-94,-70,76,38,7,-23,98,93,57,1,-18,15,20,-90,72,28,-55
10,-69,8,30,-61,18,30,51,-71,30,-84,30,48,-8,-42,-7,94,-45,76,-109,-80,25,-12,-83,14,-82,-23,-85,42,3,67,22,66,-13,13,-54,108,-115,-19,25,-81,2,-11,-41,-18,-62,-62,-1,7,-22,56,-35,137,70,58
-11,24,-101,88,-38,166,42,0,-27,6,-77,49,-77,-90,-113,62,-30,-93,-3,68,25,-42,32,31,31,59,83,98,28,37,24,-47,-12,68,-15,-14,-41,23,13,-23,-113,-40,-10,-34,-138,-55,-56,-121,51,-146,-49,72,-24,-93,-23
-40,-17,-49,13,0,66,42,-66,67,-35,-75,-20,19,-30,-37,30,57,15,10,-41,0,-89,32,-30,113,-36,-38,-98,5,-68,-43,-29,72,67,-4,35,-26,-99,22,58,0,-37,-30,-39,-42,-19,-49,-7,16,-64,110,-56,32,-21,21
