40,76,-30,63,-78,33,99,-12,-16,33,-102,45,28,-29,9,-26,28,12,37,-28,146,114,28,22,55,86,95,80,123,118,-152,25,41,50,-14,27,-60,28,22,6,27,63,179,-52,-9,-39,-67,6,30
61,78,57,37,-12,-20,-23,139,-16,9,0,29,35,145,41,69,44,31,-65,30,14,5,-71,-44,-18,56,-32,53,-48,-3,28,62,2,27,-7,40,25,-7,-45,44,0,11,38,44,4,66,-4,-82,76
92,86,-17,98,23,2,-44,103,67,46,-27,10,46,110,14,-3,86,-12,-56,93,-66,-40,24,42,-113,102,-9,-96,-43,-80,-48,47,-62,111,-54,77,13,-29,31,72,-6,-20,107,-1,-1,112,131,114,91
20,132,7,121,-50,-31,66,2,-26,122,72,60,35,56,26,110,-7,-77,-21,-11,-30,-68,-24,-62,-10,52,-3,75,-100,16,32,71,3,33,49,161,-6,-28,49,12,65,-18,90,-79,94,-2,111,83,-18
-58,-45,-35,104,-5,-21,-24,-32,26,50,-64,34,51,90,41,97,18,59,22,40,51,106,6,-92,-20,-104,32,89,84,-128,-80,-80,79,-65,-129,49,92,48,-118,45,89,94,30,-30,39,41,-83,-42,151
-96,65,33,72,4,51,49,7,-103,30,-29,156,-25,21,-49,52,-34,60,-32,-125,48,-40,21,-92,89,104,-46,-10,-3,78,-45,-15,26,40,50,-11,79,-8,9,-20,-14,-48,139,-132,17,14,47,23,-3
56,0,89,53,-4,-83,26,14,31,65,4,46,20,59,73,117,11,22,-1,93,-37,136,117,-38,-13,-94,-44,18,38,-61,51,-43,92,38,-12,164,-3,92,-33,-45,56,-39,-30,-38,24,-76,-13,62,-3
-98,73,197,44,25,32,34,20,99,77,26,73,57,44,120,-73,-57,17,-69,-43,77,80,54,-55,-68,74,73,35,116,79,-14,10,141,-55,23,123,53,94,65,-19,52,-107,-13,16,58,-33,-20,-71,-8
139,52,15,57,48,26,-90,-70,96,35,4,-55,73,44,45,-67,55,5,74,43,-51,6,45,165,-62,65,101,97,-11,-41,-3,-9,39,8,-17,85,-40,4,-52,-88,-25,13,59,67,59,-44,42,92,13
-24,28,60,112,-6,-52,17,62,-52,-87,23,-3,12,39,3,-76,-25,16,7,-3,12,-4,51,62,40,-13,-44,109,-83,42,-8,31,27,-28,16,2,14,37,-15,123,15,-52,72,-26,-14,54,85,-11,25
-75,43,-33,1,26,-12,93,-33,-66,-62,29,-85,-6,-143,-39,48,48,-26,-8,-8,22,-74,-56,16,64,-73,63,59,-108,66,-10,24,-61,9,52,-58,34,-60,63,38,17,30,14,-75,-34,-34,37,51,34
3,28,73,51,-25,-64,87,38,59,-77,32,73,30,42,12,-16,14,20,5,70,81,15,-41,0,18,19,-83,95,-57,35,-65,15,-39,21,14,68,-20,-53,3,122,104,-20,68,-42,-27,39,-48,8,-101
46,43,68,58,-34,25,61,30,-63,-23,-10,-66,-23,29,-46,-18,129,-3,8,80,78,44,26,20,110,-15,85,150,50,90,118,5,60,38,98,35,34,67,93,-10,21,60,20,139,45,-19,-16,30,19
1,-8,-10,-50,42,51,-36,-65,21,32,-3,-98,-24,18,26,-14,45,2,-24,16,63,-4,-92,16,41,-5,12,70,-89,13,63,-38,30,49,-63,83,-1,12,-30,-14,32,-26,48,-23,17,-32,-30,99,119
54,-7,10,81,-30,-16,4,23,49,111,-74,-81,16,2,9,69,100,76,78,2,65,4,-52,31,-106,-48,78,-141,-5,-160,-99,-43,-18,-138,-134,-79,-38,26,0,87,-16,-15,69,-78,149,-3,28,154,-34
14,140,9,104,-48,-31,45,-58,-30,56,19,68,104,25,35,51,74,-62,-18,37,-18,43,-62,7,64,-48,62,144,-41,67,-50,33,-5,62,94,114,23,-80,47,-43,-38,67,94,-7,-123,-68,17,-98,74
0,9,-43,-8,91,23,41,59,-60,68,-97,47,5,-83,-73,38,92,50,45,75,132,61,-40,-79,18,-34,19,30,-6,56,58,-44,17,13,121,-36,-3,-10,66,-40,115,72,-29,13,33,-37,19,-9,64
-2,-22,23,13,4,39,28,-35,-38,-21,37,-2,-77,42,13,49,-46,51,79,95,-84,-7,151,-55,-29,76,24,-23,66,-38,14,8,-35,13,30,-67,98,90,106,160,71,-8,-50,0,70,8,-11,37,-56
47,61,-64,21,-69,36,-117,-36,18,-6,27,-91,25,12,74,45,48,-145,-52,-56,-11,92,-112,-9,-62,-52,31,15,-17,20,-54,-54,118,23,-7,-47,130,-1,-91,-68,-71,-1,13,74,-90,-6,-78,-95,120
79,-130,1,-15,-24,132,-74,114,141,47,-47,109,20,-7,43,-30,-46,38,48,103,-55,203,4,-42,-92,0,39,29,109,-81,-104,10,-5,60,-87,-52,67,73,10,25,177,50,19,-45,-49,42,9,-60,-24
26,20,10,55,-29,10,51,-9,-29,-3,-36,-21,0,-25,-33,6,5,23,97,54,28,86,49,-55,103,86,97,62,120,83,62,-45,79,12,84,-44,28,75,97,-18,-44,30,-27,104,-65,-22,50,56,41
-50,-59,61,33,26,83,120,52,28,33,-66,100,-6,19,-10,34,26,66,81,58,-61,10,61,74,83,-29,8,116,-5,-4,-5,5,-74,-75,-61,10,-11,-2,79,127,52,73,27,-49,-5,36,35,49,-65
72,37,117,141,42,-48,30,135,67,56,33,16,97,152,19,-40,15,-43,-62,40,-84,19,81,100,3,19,-124,-13,-65,2,44,-66,8,-2,11,84,-66,22,-34,62,-14,45,52,63,80,6,87,47,-68
-2,0,49,-65,-62,6,-22,92,-89,-96,-28,-47,-41,27,-88,85,130,51,71,65,-2,-96,117,-15,2,-25,85,145,-93,-56,-4,14,83,41,62,-50,60,53,-118,116,0,10,84,89,17,-44,69,58,-73
3,113,35,47,-36,-7,82,47,1,-6,54,23,26,-9,10,-51,16,-82,19,-27,-68,-56,-104,69,-34,18,-46,73,-61,51,-42,43,-2,41,0,39,13,-17,46,-10,94,128,72,21,42,-2,52,-52,36
15,8,47,81,27,-18,107,-130,-66,13,20,46,-25,26,17,61,-3,94,102,165,21,-17,68,-58,76,-33,31,82,53,-70,26,50,-39,-8,-16,71,94,14,116,52,149,74,38,-19,87,41,94,28,-30
-48,-94,60,45,78,57,144,-1,87,-30,-34,137,48,-129,-3,72,-120,-32,-6,-91,-90,59,-34,-45,-26,-50,-96,-81,44,12,-20,34,-41,-59,21,56,-76,6,30,-15,41,74,-19,-44,-10,78,-23,-7,-42
90,29,-14,-63,32,34,11,37,-32,14,-52,-69,-29,114,-103,-26,85,43,81,72,-34,-91,121,52,38,78,140,139,74,1,90,24,21,81,82,61,35,48,100,78,62,63,35,113,94,39,39,17,-40
-53,-24,47,11,-19,-61,-7,-56,35,27,66,0,109,-106,-52,-16,-116,-6,-69,-25,-61,-13,-1,104,8,-64,-88,-49,-5,50,46,31,-99,-133,51,-11,-92,-59,-12,-45,-28,-22,-39,-62,4,16,52,16,-117
22,60,-14,203,37,3,77,111,-20,82,-18,123,32,88,-26,34,86,73,98,158,102,56,41,23,59,123,26,120,20,55,3,31,29,91,12,16,4,-47,119,50,106,160,-34,70,50,-15,-5,-93,122
27,17,49,73,40,16,43,-35,-22,51,-22,-49,-4,49,6,-46,63,47,40,44,41,87,-13,23,13,-60,-8,72,-10,17,20,-31,11,49,-25,-9,130,82,84,-17,72,45,47,-11,102,-13,66,-81,-9
-36,81,-14,68,-40,-135,55,-67,-7,28,-17,33,91,113,52,-16,-14,2,1,42,9,-70,27,53,-13,-26,0,153,-25,36,114,90,40,93,92,159,-23,-12,0,37,7,86,57,24,52,-7,-39,-41,31
-12,-54,8,-20,-108,-21,-18,-48,-45,-1,29,27,-80,-118,58,148,7,9,-35,9,-158,103,-114,-87,13,-138,-60,-79,-115,3,125,-35,25,27,67,-79,108,81,84,40,-55,-51,-49,-94,-86,25,43,-22,-8
73,-50,67,54,3,130,44,109,91,57,-69,17,-46,26,-65,-47,-4,26,144,6,10,-111,72,97,-106,-17,-26,-19,28,30,-37,-74,16,-9,-48,-31,-21,-51,86,5,-46,4,68,43,40,-23,107,37,-30
77,34,-56,68,13,-33,-25,12,-81,8,-9,30,1,61,66,15,61,-9,1,58,-1,29,22,35,40,-45,-23,-9,2,-122,-15,65,20,-18,-94,-47,71,35,-34,-2,-20,46,-21,-27,-18,6,25,-53,94
-11,8,70,27,37,11,12,80,-52,38,-14,-53,-9,-9,-77,73,159,-15,13,154,3,13,25,20,38,-20,32,-17,-22,-14,-21,-18,-18,-25,88,-34,8,-37,78,19,109,31,-38,56,-13,-76,-2,-15,3
56,15,65,29,55,-24,50,127,-85,-39,-26,77,19,51,-159,47,105,86,70,65,10,36,26,13,148,-60,-32,51,-52,80,42,-55,9,46,197,-67,0,-78,20,128,-33,40,-36,27,21,-44,-27,73,-157
24,-51,-32,-65,-92,32,-28,25,-9,-75,-54,-15,-55,18,7,70,-27,96,-48,-111,-70,-1,48,-13,-60,-64,-144,-7,-29,-34,24,-81,68,115,-70,-30,29,93,-36,24,-62,-31,106,13,-8,62,-14,-34,26
-20,-65,-40,-115,77,-30,25,29,-104,1,46,-27,-86,-37,-22,19,30,-46,52,1,30,19,42,-36,120,45,92,-41,71,-28,59,58,11,57,23,-51,55,113,58,-26,75,3,-20,-53,32,-135,-143,29,29
37,-39,95,-55,77,204,-44,19,87,-52,19,-49,-36,8,47,-37,-56,-9,-57,-13,-50,-69,47,-19,-40,147,-7,-11,31,-33,-104,14,-25,46,-46,73,-12,2,-10,26,17,-58,103,92,-39,73,73,122,-74
-37,-114,35,-2,42,82,-10,-23,62,-17,-26,-52,2,-55,-82,-4,-11,59,87,31,1,2,55,29,-128,-59,53,72,81,-40,16,-36,7,-23,-22,35,-28,-13,37,-18,109,22,-12,23,10,37,-30,4,4
44,10,12,71,-58,-74,57,-40,15,-79,25,70,55,85,-20,-14,97,-66,-3,-13,-86,-45,47,9,19,-65,7,14,5,-19,-12,47,34,92,103,103,-19,-144,-38,74,-102,79,-4,85,-45,59,-76,69,-101
-29,27,50,-23,94,82,-24,-52,-10,-60,-1,-20,-8,20,17,-28,-109,80,16,-15,-16,-40,137,-34,-10,-14,92,87,109,-33,17,89,36,-21,-10,86,112,103,-3,27,37,-73,-6,6,60,33,56,32,53
53,66,-54,37,-69,34,15,-16,-55,-93,35,65,39,-53,-52,98,20,10,-16,-58,11,-15,-136,-89,1,-20,103,234,-94,-10,36,51,108,35,36,-9,40,39,-146,-88,-18,63,47,-46,-93,47,58,-56,5
105,153,-14,189,4,46,22,79,53,113,-59,160,126,105,82,-28,-6,-71,96,91,4,109,14,84,-6,93,7,80,74,33,-57,92,65,115,1,158,30,21,55,-48,-33,23,107,45,-20,-95,-8,-26,75
-54,-104,89,42,31,119,-30,35,-23,-85,-2,-49,-127,67,-72,44,18,155,72,51,55,-83,73,-65,-14,65,-35,138,-47,-90,31,-104,82,-40,-54,-4,52,107,-71,139,108,21,89,2,5,109,20,-67,-35
-28,26,-32,27,-3,107,-18,14,-28,52,-46,129,90,35,-8,50,30,-15,-29,11,-12,58,34,-47,45,9,23,80,25,-86,-158,45,-54,-126,-61,-27,43,-69,-32,13,78,44,-16,-72,-27,49,27,-56,17
12,97,-52,29,38,-60,15,-83,-21,13,-24,6,23,20,99,10,-141,-12,110,-42,-54,9,65,52,-6,23,43,17,82,7,49,112,22,72,-1,96,12,65,72,-33,-137,-30,7,-17,-37,-30,39,32,59
44,150,-24,103,110,-26,-46,58,-29,39,-68,80,114,50,70,-22,-20,25,26,-13,74,11,-56,134,53,22,-52,54,-95,53,127,111,58,38,95,80,10,-3,78,-21,-49,-38,63,-8,80,-22,45,30,117
