-8,163,6,118,93,28,-32,-53,32,8,-187,129,133,76,105,-18,-40,95,67,-180,23,86,-8,-77,-40,-62,26,28,6,89,-11,-3,-16,1,-63,113,43,71,-56,105,18,34,38,136,161,-72,30,56,112,58,-67,-34,68,-44,25,-18,-29,137,33,-64,63,-33,39,230,34,75,81,21,64,-12,-83,179,128,80,-4,-12,36,-34,95,41,-93,103,23,-7,105,146,-7
68,43,33,-27,55,57,-142,-53,64,156,35,-46,51,49,171,113,30,-62,-73,44,53,-70,160,52,17,55,-50,92,-56,6,-164,-9,125,50,-69,-29,124,166,84,71,-21,-29,-21,39,94,-15,12,-144,-117,-108,83,43,-53,-34,35,10,-1,-39,85,10,-106,-27,27,-6,87,-77,-25,56,10,-13,55,-14,-53,-204,146,-121,-102,16,-38,45,65,37,-135,28,-110,159,-21
-36,23,100,48,-80,-14,-9,-27,71,10,-61,55,69,23,-20,1,112,96,-63,11,-176,112,121,-9,96,-69,87,112,122,-59,-55,20,8,36,-9,117,109,91,47,-99,14,86,-62,126,85,192,16,-66,18,105,-32,34,20,-63,124,113,39,16,-28,-7,72,6,24,76,-78,11,56,-22,18,55,2,59,-2,40,17,76,-20,96,85,77,-82,103,-68,93,30,116,-27
94,43,0,98,-57,163,209,97,-10,98,46,50,19,86,-31,1,74,43,-64,-47,-23,-62,-112,63,-9,-196,37,38,125,53,103,61,54,94,44,113,-5,-35,-7,9,-74,0,-36,52,157,37,5,-63,89,-75,-62,-33,40,-67,-123,46,-123,-74,-8,-92,88,-70,-35,-56,136,69,139,-22,41,105,-16,-76,-34,19,18,-67,-18,20,28,39,-27,7,-71,-54,-136,164,25
33,-67,-82,-16,-83,-44,19,38,-7,47,43,48,109,-22,69,-44,90,2,-135,137,-43,-61,-74,-72,25,-40,-150,106,84,137,-51,24,-33,83,-4,-96,72,-50,-58,94,8,-97,-133,120,24,4,90,20,28,25,108,34,187,-10,-102,-31,-38,-1,44,-53,-9,-80,8,-16,-73,-12,38,-51,-63,45,56,97,-51,-89,-33,1,-33,113,3,-43,146,-55,125,1,-56,-140,-8
-11,-73,-78,39,140,16,56,116,20,162,33,51,-64,-7,116,-10,50,79,223,225,-5,-74,73,-51,52,-45,-122,160,24,27,49,88,-111,126,131,-82,-66,-116,-110,91,-70,9,-26,-6,57,-27,66,56,91,93,133,134,20,210,45,-13,-43,117,-62,55,-37,3,-138,120,36,114,22,-109,-102,-78,-6,-94,-44,-7,10,-30,-133,141,-146,330,202,-37,107,-24,-125,-16,85
-127,67,57,155,120,60,32,-74,-59,34,-74,-132,173,86,6,26,0,141,89,-66,-42,102,55,67,-34,-4,80,-64,-18,-35,73,10,29,-16,76,238,18,104,-4,103,16,-40,104,-33,54,-4,-26,-4,81,110,-66,-159,6,-66,157,45,33,-98,30,61,54,221,18,18,130,33,-54,8,-25,-93,32,17,84,114,41,48,61,6,-111,137,-71,45,-67,-24,135,97,110
153,62,-15,46,10,66,-30,173,75,161,-58,206,-6,57,71,8,32,-41,85,-64,90,41,-41,47,71,125,86,-180,30,44,-63,52,32,61,25,86,134,10,102,88,114,122,46,-9,76,-29,122,41,156,284,-188,36,5,-3,-49,21,-18,103,21,85,99,18,-69,51,84,291,139,-29,211,-167,-37,11,7,185,59,135,82,-60,-72,80,128,22,-8,-41,-29,186,-50
144,114,-17,51,-87,-112,71,102,20,21,226,28,105,0,-46,126,39,-110,-34,-42,-68,23,-8,-83,-210,37,140,-94,-51,-28,-96,-31,65,-105,16,-30,51,-19,59,-106,3,73,-144,75,18,-134,51,0,79,-31,-112,30,99,-1,-25,-24,-30,1,-136,-7,1,-51,20,-39,38,23,178,11,19,-47,-46,43,77,-24,-94,-63,-2,-68,-6,-26,110,-28,-4,-31,34,-93,-217
-87,50,-166,59,23,87,-34,16,-10,13,65,124,80,-26,118,159,-169,106,-38,158,21,127,-23,105,-95,53,-61,144,79,58,-105,-105,56,49,-4,-113,62,-44,120,27,-70,42,100,74,171,12,15,64,105,-12,67,33,6,76,51,42,-51,-56,-125,126,-88,106,-104,107,81,18,25,-91,-102,47,-71,60,68,51,-47,21,-44,131,-67,131,-19,41,-31,13,-30,-64,76
91,-18,-14,14,-9,42,-13,58,-77,-64,-120,-21,-89,-133,-33,53,-5,-5,12,-109,34,-134,33,57,119,180,-140,22,-56,120,11,-95,-36,-68,48,22,-82,-53,-18,16,15,-60,43,52,-26,33,-66,71,-62,3,9,-125,140,140,-23,-52,-79,-46,-106,-16,39,87,-28,26,18,-250,34,73,-20,-117,0,-69,-44,-102,145,52,-83,-25,-111,-31,78,-55,68,50,21,-105,-123
-2,-19,-153,-23,-121,54,48,-33,-74,111,-11,66,-52,-71,-88,9,28,-12,97,57,49,38,37,46,28,101,-120,23,209,100,-66,-32,155,180,120,119,61,70,-7,37,-5,119,-45,-52,107,-60,-25,-46,110,32,-79,85,74,-75,53,58,-41,-151,97,-137,173,-5,-61,13,62,144,124,-64,-22,107,-26,-82,-17,4,51,6,28,194,-22,-9,-45,74,41,224,-179,-33,115
7,-76,-19,-73,23,-19,76,-33,7,117,33,-3,-191,-24,13,59,36,-143,41,-85,-25,32,-87,95,3,79,29,-31,37,-49,-118,11,-54,-50,45,-87,52,-11,-35,-5,60,2,-61,45,-181,30,-50,-44,-15,69,-27,-88,-137,-13,-33,-78,19,-4,58,-55,-12,39,67,-64,216,76,153,-53,38,-109,-101,64,68,73,9,123,25,20,-40,-116,115,-24,30,2,15,40,-137
-49,-54,82,75,36,-23,50,86,-31,9,38,50,83,118,54,66,48,5,0,89,36,55,62,-71,-186,76,66,-31,42,76,35,40,-140,117,-42,1,47,-9,6,-6,11,-3,65,45,-26,72,-67,170,-30,21,39,54,-96,119,163,173,36,56,-1,42,38,23,136,107,-15,9,74,44,150,90,-22,56,-73,75,-41,-25,-48,1,-88,150,150,-101,193,90,-35,51,-41
-34,128,77,166,6,-47,-22,25,48,-22,131,-151,25,189,-46,-78,37,63,99,103,-91,216,93,-89,-58,-38,20,-21,-83,-21,182,147,-10,32,-14,65,-107,-9,-54,116,14,-12,-92,-29,-63,66,-36,87,21,47,119,9,-59,-64,36,21,61,82,-133,135,29,-30,-2,41,12,63,23,24,-88,21,35,31,36,16,-64,-69,89,146,-13,100,-100,-76,1,-35,26,50,-69
53,117,73,271,-2,39,-5,-27,99,141,43,181,121,109,103,77,38,36,-84,51,108,30,-36,45,7,-149,-10,-10,100,95,62,61,90,9,35,70,93,198,44,-5,174,16,80,92,139,48,49,3,-102,55,-45,146,83,-66,46,166,32,-23,-98,123,80,114,-26,-49,-34,60,17,14,57,122,91,2,42,226,125,31,-92,23,118,-37,15,-10,149,-31,84,153,54
18,-38,-30,108,-66,-97,-80,70,-46,45,6,5,26,150,-59,-5,18,0,-126,41,-115,-36,77,68,121,84,4,-14,52,72,-20,23,16,83,80,102,71,-4,144,50,-91,48,-21,-66,46,55,32,50,160,158,-67,-16,31,-19,134,41,-9,14,83,-145,-26,-78,1,20,-27,164,90,-30,67,48,-54,46,-44,-3,-1,92,68,136,127,130,-57,126,159,156,-50,-38,-7
53,55,-5,63,-63,122,20,-50,70,17,27,-39,-43,-60,20,-57,5,-51,-100,-20,46,26,127,122,67,52,42,41,104,-7,-10,-1,-100,-121,-7,86,85,136,13,-70,50,118,-56,-104,-70,52,54,-139,-30,69,-176,29,-16,20,68,-33,-197,-19,-10,-68,27,-37,-1,121,21,120,47,26,108,8,-54,64,-189,57,49,-64,-3,14,-30,-85,-13,13,171,-12,-61,1,-172
62,46,28,-164,-11,-18,-83,-22,111,85,52,37,151,-15,214,61,-10,-131,-25,-101,20,60,-8,100,-119,237,-51,-94,-93,18,-53,-150,1,33,-79,-26,184,284,53,-34,25,92,-57,148,138,80,49,-88,76,76,-134,77,-89,-118,32,29,-122,56,11,-18,-17,110,63,94,14,255,92,62,132,-7,-45,152,-12,47,29,49,-11,6,-6,-65,-67,-130,-16,141,60,-21,-142
-4,-39,-91,-2,87,35,-117,-20,-29,107,-61,57,-113,62,-172,77,55,-90,32,26,-32,-147,10,200,193,120,105,100,53,-2,126,119,70,56,-94,22,64,45,71,-12,122,-105,16,-120,29,113,18,-11,-169,-14,-151,41,-52,38,-13,96,-68,82,-25,-26,75,-66,-126,-48,-95,118,52,20,65,90,110,-102,-101,-3,85,0,-37,-42,20,31,83,-72,50,186,-112,-36,83
-130,66,17,4,-46,19,59,-29,-50,-2,-9,-9,-47,86,-211,79,23,71,-57,-75,-91,29,-61,-76,-30,159,7,-34,62,193,31,36,107,102,-103,60,14,-18,14,96,-81,-25,-20,80,80,-70,-151,20,26,-44,-9,110,-7,-9,61,48,11,58,-132,23,38,43,-97,2,-55,62,56,-4,-24,138,65,-62,15,76,73,-93,70,57,-28,-47,103,-45,-108,-18,-102,11,67
133,-53,43,72,18,37,36,22,-31,138,35,-31,83,-23,56,90,-52,57,-144,80,47,11,127,74,-69,70,65,-15,-89,-97,-36,-41,-25,97,-136,51,110,89,156,137,178,95,111,57,128,-30,140,31,110,30,-65,85,-21,72,-129,61,23,-90,39,40,80,41,-12,190,168,33,72,28,206,-49,-35,26,-27,2,54,106,43,90,-90,78,21,39,-15,127,-9,134,-68
116,126,-94,-51,-89,142,24,31,43,160,126,50,184,-9,-101,-58,129,-104,-31,78,-68,69,34,22,-50,59,13,36,12,69,-23,-14,217,170,86,63,39,155,-22,94,94,36,-63,-7,37,-97,120,16,110,-72,-110,75,56,12,-35,40,86,10,49,-6,80,56,107,178,90,70,133,-68,5,87,7,23,0,192,77,81,45,-54,50,-4,-19,23,-70,-16,36,76,-45
74,103,29,31,-52,111,104,73,92,72,70,12,150,166,45,118,72,22,-155,9,17,-76,-34,86,51,134,24,85,-54,-33,52,47,-65,-18,115,107,61,10,-44,-89,-12,-140,-105,23,105,158,100,67,36,47,-122,14,97,-32,59,159,-141,-53,88,-15,89,3,55,39,149,68,25,47,-71,73,145,168,-38,-48,121,9,52,-81,-9,-53,45,16,74,-20,76,-86,44
31,74,90,140,62,-14,-36,69,8,85,-84,150,174,50,30,179,56,-12,24,-6,49,90,52,76,77,78,90,4,68,72,3,154,32,36,10,-65,197,92,13,137,132,36,0,11,-112,184,-27,35,97,5,-101,86,-57,19,36,120,-47,124,78,36,70,77,57,171,137,149,30,-60,130,91,-103,230,-33,81,165,94,-38,27,20,-68,67,-116,67,31,34,127,-17
5,78,44,130,177,2,28,69,-60,-8,-107,124,-13,82,70,74,31,37,10,-28,148,-113,40,89,55,101,-6,67,-8,86,-52,-34,-115,55,-16,44,78,-34,159,50,16,-59,119,36,72,105,-104,112,-50,-14,-69,35,45,89,90,70,87,34,19,90,-18,-168,-46,58,65,44,108,43,36,-165,174,-92,-53,-78,54,-85,14,-55,-3,95,43,54,96,173,67,33,201
-28,22,16,-99,15,64,-99,-36,-23,-31,-57,-11,-54,147,103,-13,70,44,-67,-187,-49,1,-168,46,35,-8,-20,-107,35,99,132,-22,86,-5,-74,-54,42,28,96,-14,1,-11,41,34,44,16,121,60,-28,-10,-77,81,33,-83,-7,217,-6,29,110,-7,79,99,-34,71,7,-56,-46,-20,56,32,26,46,-6,130,35,36,117,12,-26,-1,57,57,-65,-52,-6,-14,65
131,-6,64,1,77,77,90,83,33,74,70,97,66,78,-29,-33,69,-26,94,38,13,-34,35,-41,134,77,107,7,-54,14,142,9,2,65,50,-32,-86,-33,37,-16,125,-135,25,69,-98,78,178,33,7,65,-178,-16,150,225,-9,-44,156,39,-53,129,50,38,24,153,116,21,59,123,106,-48,80,-75,25,98,7,6,10,-104,-89,59,107,74,-34,-12,177,48,-111
78,51,18,29,14,-51,-66,12,201,-27,132,80,141,29,187,-100,16,11,15,43,36,54,8,-132,-60,21,65,94,15,-25,102,33,-88,-52,27,77,7,66,-46,80,8,-21,-149,-28,55,39,-21,-70,-33,71,87,69,-40,51,88,105,6,31,36,-47,36,-48,38,167,2,183,31,107,-168,19,-25,124,8,-56,-33,-211,-15,0,47,35,81,29,23,30,42,9,11
60,57,84,144,130,118,-20,6,22,88,-9,7,-14,182,97,-36,-21,-1,84,154,107,65,-31,140,-116,106,56,29,-72,-17,65,6,-9,42,-106,33,-44,-10,91,83,24,-10,72,-31,-6,40,65,10,-39,72,6,87,-40,185,-70,113,71,-18,-51,134,136,46,89,159,18,95,77,123,15,4,1,3,-45,13,30,-54,24,19,-14,118,-2,41,27,113,50,10,-82
-22,37,88,36,56,46,-136,1,7,-2,-107,108,-104,29,-39,-89,31,159,-86,39,54,-137,-112,-94,51,15,-10,-16,112,34,119,-8,0,16,-42,154,-13,-70,56,-43,-65,-66,-123,79,94,-112,-93,-19,-78,-7,123,55,-78,92,43,-90,-30,71,-111,-64,86,-59,-166,-91,-128,53,139,105,10,-88,13,-21,-24,15,5,91,-94,150,58,63,134,-133,75,57,-171,32,58
-97,192,113,116,-77,90,77,256,94,-120,10,-5,173,25,-14,-55,-51,176,163,116,-58,-21,98,-23,-28,-49,13,35,-29,42,268,11,116,26,164,169,-59,122,13,100,33,47,42,37,70,74,-38,101,54,79,12,14,-15,157,95,103,176,138,-31,84,-34,-21,84,-1,98,109,75,163,-96,50,-29,32,-8,114,-76,-64,-50,92,47,144,-49,66,-130,43,-54,108,48
-32,46,25,200,159,2,71,87,-88,127,3,110,113,116,126,124,55,51,30,5,-46,78,53,-74,108,40,128,131,-32,51,36,64,-27,20,-38,148,19,-69,75,63,24,-18,74,37,119,-20,62,-3,53,129,-18,-60,93,104,63,-90,-65,-46,-141,146,81,3,-1,157,3,166,67,34,29,54,31,-47,-64,-97,174,-27,89,90,-157,181,61,-149,87,51,32,32,8
56,107,81,-33,-71,34,34,203,3,126,129,219,180,22,35,39,40,101,63,-40,0,-56,-21,-35,-81,-52,-6,-83,104,-50,11,-49,-2,123,256,84,83,60,140,-58,109,145,-57,21,54,-148,106,74,149,-78,-137,186,71,-11,-107,99,-34,117,64,164,81,-55,117,-1,11,38,161,108,202,-16,104,3,36,65,32,45,49,-54,-20,-6,70,-48,161,54,-20,88,2
25,87,-40,58,83,-58,-127,-28,80,133,31,-15,43,32,84,82,69,3,-7,76,59,-63,30,28,64,9,-89,71,22,-2,-44,-107,-71,-30,89,140,153,-39,159,103,-52,103,64,-65,120,-19,20,18,1,122,94,98,11,-58,10,38,-15,-53,113,-2,22,-94,-83,-2,49,78,60,85,6,-90,141,25,-49,-138,-4,-10,-18,38,-52,-3,-98,9,120,20,61,-32,94
-43,46,109,-19,-10,155,-51,-18,64,74,80,3,8,38,141,34,-147,-8,-53,-14,62,-73,154,-18,7,80,96,-30,-115,-105,-149,-49,45,162,-8,10,-39,58,-76,-10,-50,34,24,3,106,37,91,22,-17,-54,13,23,-77,-43,-22,18,6,80,-152,-13,-72,41,83,-53,-24,155,-14,-19,124,44,25,77,4,81,50,-52,36,-120,44,190,-10,19,-5,36,42,94,-78
28,-100,-80,43,-19,-30,-102,5,100,104,-46,29,42,79,-82,62,233,78,34,70,-45,129,156,-16,20,-45,54,89,65,1,88,24,35,55,-74,143,-3,-55,214,26,15,14,61,-23,6,32,18,82,-20,80,-103,30,61,-70,109,6,-34,32,54,-8,57,-89,-10,26,-153,111,112,-111,30,10,7,-54,31,84,71,79,31,-2,-85,-8,-124,75,-70,17,74,34,61
53,24,-74,32,85,-162,-103,-73,155,1,-87,66,58,21,89,25,10,36,-167,134,89,79,-125,-81,-87,-11,-34,68,-18,93,8,-61,78,-24,-84,-27,69,163,-84,-36,-132,166,171,7,69,-137,-51,-133,49,90,139,-23,-98,42,19,-65,35,-137,-48,-31,-45,43,156,26,-125,80,-57,27,112,-21,-88,46,48,55,10,-150,-120,-118,150,53,-49,-52,83,-6,132,33,-66
55,-43,-25,-40,65,-46,-26,82,-5,-74,79,12,54,-62,-29,82,64,-18,190,47,-34,25,122,-78,133,-66,52,8,-17,8,105,145,144,49,154,9,-32,-28,-181,103,142,142,-25,-117,-65,1,-30,73,5,-12,-49,92,-29,28,-84,155,107,130,-66,104,83,1,98,-14,94,27,-35,8,38,85,21,22,-24,121,103,-30,-22,-15,121,55,116,7,46,-38,-38,92,22
-38,79,112,87,-9,-35,-13,-180,-35,17,130,19,6,38,29,-92,24,-17,84,147,37,-14,15,53,-48,-19,107,19,33,-52,23,40,11,59,105,-71,-102,105,-15,9,-17,-52,15,90,-47,2,-33,16,5,-86,-36,-5,16,35,69,126,32,87,0,6,8,-33,-31,6,53,28,21,35,-89,16,64,-184,-29,-11,29,-133,51,26,64,244,152,81,34,118,12,-15,66
102,171,67,-45,-29,79,77,-51,-56,155,57,12,87,-40,71,-152,25,-103,-9,-27,122,2,-8,70,2,-15,33,-3,-92,-114,28,-24,-83,-17,25,-60,-10,97,43,-169,197,-139,-24,-19,8,190,218,46,35,-70,-182,-74,-31,26,-60,-23,-63,-67,130,117,107,-107,16,107,167,160,13,87,-35,145,-112,2,66,-74,42,-28,32,-51,-63,94,37,-51,-57,-17,39,-7,-127
40,16,27,-27,-36,-44,67,-44,-8,-69,135,-73,54,13,2,-9,-32,-124,216,39,-5,-21,54,85,-63,68,-32,-18,49,-62,-42,-54,52,-8,34,43,-54,9,28,64,-18,0,49,-29,26,115,-14,124,-30,5,21,-99,24,66,-24,-37,-17,58,-84,47,-158,9,85,-5,-15,39,83,-107,-30,75,-47,-68,98,-24,-32,5,-96,-10,-19,111,-7,-14,8,-39,38,-82,-49
31,42,-39,-23,31,3,-57,-124,-10,181,13,93,-146,15,33,-42,79,8,42,-82,-6,34,48,-83,64,-144,-31,-50,-7,77,81,13,-53,84,-1,16,-30,-4,-40,-146,76,13,-48,-51,40,-34,189,-19,-15,21,-52,0,4,-108,32,-62,28,-23,-30,-54,81,-139,-184,-43,-111,99,-79,-54,54,144,-113,-58,165,81,-38,1,100,15,17,-35,-7,83,19,-66,77,-14,-25
-2,63,131,49,115,58,-34,-18,-96,33,-86,-95,-110,-41,182,61,-57,48,-57,36,-74,-75,1,-35,58,79,76,-22,-71,-117,-164,70,79,58,44,181,-14,23,61,15,-42,178,90,-95,109,-49,95,-29,-74,84,28,-78,-45,-34,22,-42,78,-142,-77,101,12,-28,60,4,-94,10,-121,5,62,-4,88,116,8,1,-16,-68,-95,106,1,65,7,104,-65,-171,-151,63,33
-66,47,101,-25,-35,11,-37,15,65,-77,-147,69,26,1,-95,-88,47,75,33,68,-59,-132,-73,51,88,51,21,17,-46,-42,33,16,-40,-7,-69,10,16,70,-109,2,61,-130,100,-62,-136,166,-78,-39,-84,-97,-18,-50,-117,66,26,36,-66,150,19,41,-90,-1,42,-38,-48,64,-44,59,-20,66,80,-14,-79,-89,43,18,54,-61,77,-30,39,-90,-34,-12,-44,98,6
99,-1,-74,-85,-10,97,26,68,-35,-56,-25,-76,-33,-15,-154,-52,61,-16,-73,-29,-115,-156,26,-66,71,59,22,91,75,-22,-8,-68,90,-29,-1,23,-87,-234,130,22,115,-17,37,-43,132,-8,-14,60,28,55,-147,-50,95,-28,-87,37,-127,92,1,84,93,-30,-16,59,-24,20,46,-21,63,37,56,12,32,26,-37,47,-140,68,-44,84,-106,93,-2,-106,-177,93,63
19,-40,-7,70,86,51,-31,111,110,39,24,-71,177,-75,166,134,-15,168,36,-6,-91,10,40,-54,48,40,-33,48,-20,-26,151,12,-137,-7,78,46,102,84,35,-101,-28,153,89,2,192,-9,39,110,114,-3,-79,59,19,21,67,91,2,4,-17,147,94,-12,-4,106,-30,114,-149,63,15,-53,-5,148,71,66,93,-129,-74,1,-67,48,-63,45,7,-126,71,68,-55
87,95,28,-12,-24,-47,73,-40,109,36,46,104,158,37,16,-40,-48,-45,33,-79,24,-58,-16,14,-43,-92,84,1,87,-40,61,-85,14,-141,24,53,33,134,-30,43,196,-58,15,-33,120,83,23,92,-20,-41,-35,43,65,33,-26,26,153,11,125,14,-68,70,77,59,130,29,139,78,88,39,-59,149,118,67,39,31,4,-104,-42,73,-31,40,-77,-8,-22,219,36
134,175,1,135,41,62,27,33,104,34,95,-48,-78,-37,-6,-46,80,9,52,-18,36,23,-19,-21,-78,21,-18,44,38,46,-28,-55,68,-68,144,107,34,116,4,57,27,82,29,-36,-61,-21,-11,-44,45,161,-27,158,-101,-109,133,-42,-17,-87,-7,-30,65,-12,58,69,29,109,264,138,33,-29,4,126,-55,-102,-144,-31,27,45,5,58,23,142,106,-85,-83,24,-70
59,49,52,53,64,65,26,-177,40,117,-107,148,193,142,70,1,152,92,265,103,22,-3,-93,5,16,41,15,84,232,23,81,31,12,39,154,117,-16,59,-19,6,-11,57,54,108,-39,2,-47,-57,84,64,-115,-42,106,11,85,110,-46,49,75,162,109,-109,133,122,91,41,55,57,190,-1,1,0,-34,71,48,-43,-78,167,-65,67,-65,34,58,7,128,103,9
92,-75,2,-66,122,-7,76,40,-46,150,76,4,-125,33,-123,-94,87,-82,-127,3,-152,5,-98,-25,-43,75,-69,-40,35,60,-54,105,-144,7,54,-144,14,-140,-31,-4,7,17,-30,-14,117,-118,51,-62,39,127,-38,88,16,-57,-60,73,-35,74,9,-133,29,-19,-31,-7,20,100,88,-38,87,-94,-80,-30,-61,59,23,66,4,47,80,96,94,73,56,-106,-98,-55,-164
70,134,-122,72,1,-2,117,141,63,235,37,124,-12,107,175,125,103,-36,-150,-86,93,85,104,36,43,132,-33,8,-49,187,-30,141,-113,91,22,2,59,35,127,80,40,-118,-47,114,76,129,-1,123,-30,109,-104,162,2,49,61,291,140,76,-63,-24,44,-64,-147,88,99,229,35,68,-11,-102,99,-97,-71,257,51,-17,36,25,33,95,120,126,45,123,27,118,122
16,69,113,135,104,53,32,47,-19,59,-12,130,83,85,9,15,-19,-25,56,135,76,12,19,-77,-132,85,24,71,-6,14,6,-57,3,108,48,75,-133,159,-124,59,48,178,83,-51,48,-95,-120,63,62,18,-20,122,-96,34,-63,51,-39,55,-236,112,143,12,96,71,-12,8,20,83,110,6,18,119,-24,184,-31,5,-147,7,86,154,-98,66,183,-33,-49,90,-130
-78,-1,26,14,70,-101,-63,28,-53,12,83,-21,-9,59,57,-58,50,-79,0,-46,119,133,7,-23,-125,-37,19,-15,-106,-36,0,15,41,-134,-139,4,-6,74,32,55,29,-10,-9,22,110,15,72,-134,60,33,-130,1,-89,-36,112,82,-83,100,4,-120,21,77,25,53,66,164,-20,-19,-8,48,-11,-74,74,88,-1,18,-79,32,35,86,-35,70,-49,151,29,3,-95
51,101,93,199,58,42,-16,68,-33,-103,60,-99,0,-81,-136,73,-67,91,102,59,-35,78,227,40,46,4,-16,-67,-158,-5,33,64,71,84,49,44,31,-2,6,54,26,43,204,-80,72,96,10,119,111,109,-54,-60,-49,-93,-195,-29,49,-2,-45,91,134,25,-4,19,-3,-22,-36,78,-27,71,-80,-70,41,-166,-11,-112,43,-19,48,141,-83,-18,-94,-15,109,75,-91
-82,168,79,120,157,26,-18,-15,126,140,-111,-57,-13,150,185,63,71,65,127,25,-66,131,224,11,141,70,248,80,-71,-46,40,73,-2,48,25,185,-47,-53,119,-3,-99,-3,181,51,63,92,-43,141,-47,49,46,-70,-19,69,1,-124,55,31,-187,140,-86,-97,-32,-46,-61,242,17,51,-25,4,6,8,14,52,72,-49,166,-16,44,239,-24,-44,-30,-19,41,143,-66
53,54,104,170,169,73,43,-8,-13,-37,34,120,-39,59,33,-42,-25,126,149,-67,54,-16,143,-34,-118,-104,-21,107,99,-37,39,12,10,27,-63,128,-52,33,17,-8,80,58,26,53,23,81,-97,-40,-61,102,44,58,81,-3,39,29,119,-50,-39,18,52,-122,129,46,27,55,86,21,-8,-76,-27,46,-31,-14,16,-83,55,97,15,172,-112,110,4,79,-80,106,62
-83,179,-8,115,-38,5,-158,-67,91,37,-196,73,80,32,138,82,-32,-16,-73,55,87,43,91,106,225,-3,78,46,-73,-9,25,67,140,55,-45,153,83,123,129,151,118,-104,171,-7,7,323,43,174,-53,-5,-77,-61,-79,-10,-43,-128,13,118,-126,66,-36,7,-29,-10,-78,150,28,90,-11,133,28,153,-59,98,61,209,19,-89,104,49,-26,-136,13,10,35,196,164
95,36,56,10,51,104,1,-109,72,110,-32,-5,89,15,-32,28,74,32,-41,16,11,17,247,15,17,116,30,45,37,-70,-173,-2,37,160,95,103,-36,55,-5,66,59,-59,59,36,-120,-63,-134,90,-63,1,82,-29,65,-16,3,-143,-69,18,-170,155,-28,-21,3,-9,50,-42,73,-31,-34,14,-51,36,50,-11,171,-47,16,102,-42,58,36,13,-20,-124,-37,16,-117
16,60,80,32,36,-57,19,73,22,106,125,145,27,11,176,43,14,-30,171,22,56,-23,1,-68,-48,-211,48,51,-35,10,30,97,-2,26,-132,-94,-1,33,-10,24,174,-43,-71,30,-8,-17,116,-127,-104,-52,-51,6,-79,96,-90,-11,158,-104,-46,-47,-51,-13,8,-72,71,100,-41,-28,162,-98,7,-156,-66,-2,-16,-100,-31,-51,-44,-31,131,-45,-44,-2,50,93,-44
-18,2,-235,-26,124,24,44,72,14,100,-17,-126,-33,120,-55,-9,71,-86,3,2,144,-35,29,-6,-104,40,43,-27,-111,144,50,-84,50,25,-31,-5,-52,-58,-94,12,-30,-8,95,-93,-1,-171,-95,133,12,-115,54,108,-29,62,-31,-43,-135,-38,-195,-19,57,-95,-147,-88,73,-27,106,51,-42,11,-26,-118,13,138,-19,25,4,46,-199,57,4,-2,10,-12,-124,-90,-99
-73,101,52,-40,-25,196,-40,12,-27,-30,-103,52,-108,-116,102,-52,80,104,-28,-18,-11,-123,24,14,115,10,-44,-2,71,-54,-83,-38,17,153,81,82,34,94,-47,-46,51,51,32,6,29,54,41,48,-141,-1,1,44,-15,-78,4,80,49,-72,61,33,92,-11,-67,-20,-57,-79,-33,-4,-88,16,145,67,8,43,-54,-2,-64,55,-81,-79,91,153,-74,34,-80,-15,132
55,11,-3,11,28,66,193,74,10,15,109,56,122,1,-211,31,10,16,-78,-78,-47,138,-76,-88,-107,-13,16,-60,202,6,-18,126,-41,6,-60,-38,8,-6,-65,113,102,-73,-43,-94,-57,26,21,-73,110,80,39,-8,122,-46,-39,-138,-82,-134,99,48,80,32,169,-13,9,36,48,-59,-70,113,-107,125,11,77,-50,35,20,151,-35,-94,-16,-77,-146,-137,2,1,-126
1,4,-27,25,51,29,27,90,-6,181,12,146,44,151,177,-35,78,101,112,173,70,57,60,-62,-43,8,-7,156,138,64,111,17,-86,91,-18,155,15,0,196,19,86,67,44,19,90,-50,25,101,-16,1,-75,210,17,123,52,48,73,-21,-78,104,159,-40,48,93,-81,69,104,146,223,-215,126,-130,-139,165,5,-1,12,41,-73,105,12,39,178,192,31,92,67
-114,-85,74,-23,-128,-44,-12,19,13,88,99,49,-16,52,77,-11,109,32,65,171,-75,-73,-32,12,-8,13,-89,143,146,-130,-98,-17,17,170,165,98,-60,41,8,12,-120,130,-80,-44,-32,-17,-44,-92,5,-119,-74,121,-32,-2,28,145,-113,20,-15,-23,49,-108,39,-37,-19,-15,92,-1,15,-19,-14,-44,-143,13,15,-64,-91,159,4,135,-52,149,89,218,-65,-19,-45
74,-35,-50,49,7,46,95,52,76,74,23,148,78,215,60,31,116,-60,121,195,72,0,-7,0,14,49,75,107,-40,-12,13,67,-22,153,27,175,2,1,-45,2,42,-89,-43,101,135,4,40,104,-35,130,-90,29,131,197,-13,129,3,51,13,11,195,42,58,126,54,123,106,43,-97,-107,45,28,37,255,-4,32,-36,43,-22,25,39,59,182,126,115,60,-3
-91,53,-141,119,38,-5,-21,-28,-159,215,-138,49,76,-78,72,119,51,122,91,99,-79,40,93,-54,-24,11,39,23,-53,47,-9,113,28,102,114,85,-52,108,23,-46,-163,172,93,-20,192,-21,14,60,82,32,-32,-10,-26,-69,122,57,-45,23,-48,-104,194,-44,-65,-35,-230,139,-18,-36,-16,61,31,-58,50,-78,64,-13,-133,51,33,114,-8,26,-68,52,-61,-72,198
105,201,119,51,71,121,-81,4,57,103,-94,90,-2,25,46,140,0,-7,111,-112,18,79,4,-46,128,95,192,-36,-182,101,-18,-14,84,14,35,150,115,198,-4,115,108,28,75,115,-18,-69,34,-39,-17,91,-78,57,36,4,-10,-71,24,-2,-102,39,40,227,-76,157,57,126,57,96,116,-89,55,-15,-42,88,66,60,97,-108,-145,82,118,-74,-57,-38,143,162,-34
81,-27,13,102,129,39,91,237,-15,23,5,146,25,9,35,67,178,96,22,21,-181,-53,23,46,73,-33,23,8,43,78,-69,45,80,24,175,111,117,-31,-54,-127,17,33,43,-75,22,-72,51,135,13,-22,-70,-13,84,-58,-102,25,-5,95,-46,77,67,-68,-11,-7,-61,-30,156,0,100,14,50,69,10,50,93,57,-10,40,55,-14,7,-26,120,-52,-62,155,-57
-23,63,34,80,-15,-47,4,-40,92,-33,31,-187,13,138,-1,103,-17,-49,107,120,79,-20,177,137,126,112,-75,69,26,114,48,-104,106,27,-38,63,149,68,-71,28,-86,-21,68,111,151,207,-123,136,-33,43,194,55,-74,38,77,134,109,34,-12,41,-132,12,-94,-34,39,29,11,87,-46,6,-16,-6,22,-31,-21,33,11,-1,120,165,-143,14,121,132,76,130,12
-15,7,32,0,-66,-71,-2,-21,89,-25,-13,-87,6,129,-59,20,-39,-6,-108,98,-116,-35,-99,111,-72,177,60,37,-1,-24,-3,-126,58,-14,33,-28,-62,13,42,-1,-283,-23,-20,101,46,-37,-160,-127,99,-10,-12,-24,-50,96,-21,-59,-87,91,52,-77,-100,24,34,96,92,76,-24,19,-27,-59,33,52,-29,-90,41,-27,36,-94,156,77,-24,-36,-18,-23,-57,16,21
104,129,0,98,32,119,-143,-39,60,66,49,161,-107,-123,42,17,54,3,-182,35,13,80,-73,-150,31,-42,-66,-2,23,103,-93,-64,-6,80,145,-44,25,148,83,62,149,100,71,22,14,-98,95,51,-68,106,-52,194,90,-70,19,-33,142,-7,67,55,110,142,15,168,5,-49,-15,-35,73,-2,90,165,-39,59,146,47,-22,-70,1,-122,58,30,187,-171,117,90,31
96,34,29,113,46,-15,-135,-65,115,97,-19,115,-30,8,91,-33,-16,-121,-93,-115,87,158,110,54,42,19,36,28,13,25,-114,-18,54,-70,-110,-106,94,50,150,6,68,-73,-14,114,-71,84,61,-65,16,30,-22,6,55,-46,-22,-72,-71,63,-74,41,-26,-118,-21,68,-66,34,120,-21,-8,-12,-19,-6,19,-7,67,23,15,-74,30,-2,4,-9,-53,75,153,61,2
-44,-160,93,28,-18,-152,-48,-33,59,-28,69,22,-139,1,177,-66,-89,49,127,75,0,19,137,-272,26,-37,-18,76,-96,-64,17,123,-53,16,2,31,-78,-176,-34,-47,-66,165,35,-88,34,-179,64,89,29,-140,20,121,-25,54,-18,112,21,140,-147,71,45,-54,-7,53,-35,-11,-125,13,-12,-85,4,-17,33,128,-133,-242,-34,-6,-72,78,-26,203,124,-24,29,13,37
73,-70,-17,-48,116,119,72,-43,-49,87,-12,-108,-119,31,-49,15,9,-211,-68,-16,-9,57,127,149,58,149,258,52,-103,0,-60,24,48,-43,-70,-117,-50,-27,82,25,98,-135,18,-88,-196,49,17,-8,-90,-1,30,-114,-13,100,161,-147,-57,-27,65,105,-39,-2,-35,101,54,118,61,-124,-115,132,14,-76,2,6,118,-28,96,-81,-138,90,168,-70,-144,-81,-1,-20,-22
97,192,28,21,-17,-44,-119,-156,22,115,-147,30,12,54,131,-35,16,-24,-93,51,43,15,135,-17,95,57,87,-35,-52,22,-63,11,-22,38,-47,47,60,115,125,69,28,13,89,158,2,124,27,6,-47,30,-87,60,32,40,-44,-23,-32,23,49,12,77,-107,-64,58,45,36,49,219,90,-126,-61,64,-82,48,82,123,-7,-2,41,124,-9,59,-86,136,47,82,-27
-48,32,30,90,13,177,-42,108,47,-5,-44,64,6,50,-74,-25,43,97,-13,110,-32,-39,-40,14,58,-56,-32,-57,143,15,81,-66,59,66,142,15,-7,-37,-24,21,78,12,66,-80,-84,-123,19,-15,42,67,-9,48,73,138,14,120,95,52,135,53,115,95,-108,-12,30,-41,-2,-26,60,-26,66,-38,-93,-15,99,23,39,65,150,32,95,-67,153,-18,-35,75,144
-73,91,-33,72,70,45,-89,57,138,-89,-83,-45,-72,25,55,81,-100,129,94,106,167,84,123,63,51,112,88,182,-57,-37,60,34,64,2,138,159,17,78,21,120,23,-36,197,104,33,109,-21,132,-24,95,-13,135,15,60,142,153,8,29,-139,57,-1,-137,-95,68,90,149,-2,170,-53,24,87,-9,-29,33,-46,-119,87,61,51,221,11,96,34,205,5,-11,164
-88,2,-31,81,-4,126,0,122,17,-56,-71,66,-6,-17,-17,-81,-2,21,14,102,40,-120,-2,-3,-72,-21,-48,96,-101,105,150,-185,8,-118,26,-81,-46,37,-46,-94,88,-36,-12,-30,38,-39,-6,-10,-18,-22,-23,7,-45,127,-23,63,8,66,-60,-1,92,-60,-89,75,60,-6,-110,4,-120,175,-27,51,64,-11,9,6,-35,-13,41,-117,24,-62,126,-82,-65,73,56
-54,125,-117,-29,39,61,138,-57,-80,47,-69,46,-35,-98,36,29,127,98,-65,25,-73,-39,10,-81,86,-114,-70,120,-29,200,36,-45,-19,10,14,-23,135,63,-170,-165,88,-102,-26,-5,-27,114,46,53,23,11,-30,-84,-66,1,97,41,47,-130,62,-100,68,136,-93,45,-22,-44,-1,24,-79,105,-67,78,57,3,-11,63,9,47,-21,22,25,-31,-33,25,-69,76,111
46,-26,241,125,-155,-32,28,85,85,-91,169,185,-16,23,120,-45,-109,61,80,51,115,49,0,-128,-24,-89,139,8,0,-2,-6,13,2,-26,40,7,-116,116,-50,47,70,-2,-44,118,2,-16,-9,-2,-44,13,38,157,-35,125,67,244,-54,93,11,160,71,74,64,181,188,56,-54,144,131,5,21,41,43,108,36,-130,-60,37,-182,53,71,74,157,6,0,138,-4
3,242,1,-19,-82,-18,-8,22,-17,191,-52,208,59,139,-31,-86,80,7,19,-66,102,1,46,-117,143,66,24,36,174,86,104,123,133,3,79,284,163,-78,135,13,178,-42,-78,-12,73,-72,276,73,46,213,1,195,27,49,-45,154,-97,155,-59,115,175,-37,-52,-36,14,177,172,113,4,-83,-44,-79,-60,160,-77,105,-26,134,28,59,30,-38,47,99,0,-3,119
7,-64,-137,-57,80,-81,10,-107,123,50,130,42,-62,-24,95,20,-3,-33,36,-8,107,121,127,-20,101,-151,119,102,41,-70,-168,63,93,-59,65,31,38,50,2,-111,48,8,103,-166,-149,15,50,32,-127,-28,18,99,-23,-10,84,-81,-8,34,-62,70,33,-14,93,-67,64,17,113,125,46,98,34,-11,-4,32,-23,-106,106,24,-49,79,29,135,123,50,-23,41,-57
-1,9,-39,62,39,63,46,139,78,40,-7,3,-3,-21,3,74,46,91,48,-46,8,-69,143,-5,65,-136,-36,-47,-88,-83,17,70,-130,-67,14,138,56,35,56,72,122,-56,146,-12,159,90,-56,114,-98,-13,-82,-7,11,-40,-103,-111,62,-60,-141,-79,-6,-24,-114,-193,-40,35,84,102,6,-93,-3,-39,69,18,48,88,-16,-2,26,-102,53,-23,14,-42,11,130,-34
140,58,-47,61,129,125,-33,-34,150,-7,-9,9,21,45,-20,59,68,276,22,80,72,-9,-19,-52,-19,-110,16,-11,41,-18,205,-27,-14,113,23,207,-37,215,-12,-109,93,0,142,-150,-16,-41,-112,-28,-42,173,-41,70,-26,-44,5,-81,-41,-134,122,78,106,7,69,13,-35,0,16,84,21,-44,31,30,-59,59,-44,14,13,98,4,13,-73,54,40,-125,58,102,-2
-80,115,28,55,-96,16,-74,-92,-2,43,66,62,-19,127,61,-116,-17,-20,53,93,51,2,20,28,-81,-83,94,27,170,-65,-50,83,44,39,69,162,6,178,6,155,27,120,28,-11,136,66,38,-15,3,-3,11,85,54,-56,79,94,-80,63,-47,-103,75,-98,43,6,-49,61,47,-9,-8,61,88,90,-2,78,-30,-170,-102,-99,90,-76,-50,200,19,40,65,177,-98
-61,-155,28,93,204,92,19,151,150,139,-56,69,-38,18,146,190,126,104,232,96,-134,-93,-27,60,118,-6,45,87,21,-107,85,-20,-80,119,93,-2,-67,22,89,-18,-77,-16,122,-49,159,78,39,9,-121,100,-7,44,122,26,30,44,137,-75,-10,42,26,-26,-97,-18,-131,123,-86,-120,-87,22,170,-110,-13,-47,62,-75,-54,122,-20,62,-13,38,-126,30,44,118,72
