-179,3,89,92,45,8,37,57,225,110,106,293,65,-65,14,123,10,182,83,89,80,1,27,-110,103,9,94,51,247,166,-42,2,21,124,74,-99,145,58,265,84,-6,74,157,-111,-100,-82,-116,116,69,-7,-20,20,-76,36,129,-39,71,205,92,45,100,98,106,79,13,87,-39,96,-54,89,-112,50,-15,88,95,122,146,-17,165,63,-127,-131,150,51,42,-1,65,212,18,-230,131,162,120,6,-56,58,-28,147,120,-54,-229,-55,102,-30,22,159,-75,-190,-80,-72,-61,26,17,-78,31,-45,122,90,82,27,143,-82,84,-26
141,43,226,126,181,-38,283,20,198,131,253,85,160,-47,-70,-23,60,47,-21,86,67,46,-51,270,170,163,-134,-12,20,-11,66,-42,48,30,119,-15,198,-128,61,-4,153,65,160,70,106,230,35,146,-139,-105,-88,102,104,41,-6,-17,84,85,41,120,355,230,-98,108,-66,238,164,86,112,119,77,-212,-17,20,39,-7,240,44,38,49,37,89,-18,96,89,235,12,-21,68,22,127,86,88,-126,6,178,2,119,107,52,-169,105,29,69,-55,21,55,-51,-103,-6,-84,-70,-106,5,-41,137,98,-53,17,-29,-174,180,-97,-147
-76,-39,28,-34,8,-15,-86,-27,107,176,233,-55,-71,-167,106,83,-24,-23,-42,72,-49,74,113,170,148,84,23,-42,88,40,11,17,-156,150,178,31,-14,-117,105,-34,83,143,148,227,-19,49,-97,31,-11,55,-25,14,-31,-48,-73,-13,132,-15,80,-6,19,77,22,83,23,4,-147,16,-64,-6,58,70,-92,49,119,27,67,18,0,153,-26,3,15,17,13,69,53,125,19,105,-18,166,251,-147,-131,32,124,-74,-52,56,-16,118,41,74,12,-184,77,127,-33,-92,-27,-8,-1,17,-77,66,-116,-31,-60,-94,-63,79,-47,-9
-30,-36,37,71,58,36,-43,68,-19,-29,-12,166,62,-97,-159,40,-22,51,114,86,-173,-69,128,-102,36,26,20,-38,151,-7,-73,-64,133,-111,95,53,14,-65,-160,-136,-49,109,-9,-119,-58,17,130,153,-4,-9,63,143,96,-61,75,-134,-119,-52,-126,28,89,123,-39,31,187,-14,100,-190,-101,2,-131,79,9,-189,-170,83,-141,-47,193,28,226,116,71,34,-29,196,-33,129,-112,87,135,-227,190,-46,83,48,-52,71,80,-38,126,112,-134,217,-35,82,-16,-42,78,9,-99,-149,85,-166,66,6,92,-90,30,91,-27,-10,96,104
158,147,-3,59,-77,109,69,131,-49,-22,-40,211,96,-54,44,48,7,82,-14,33,-43,119,-11,48,72,-133,-51,-98,40,101,21,73,162,82,202,90,-93,115,-23,48,92,29,-8,133,159,72,9,8,39,-23,104,67,86,128,-24,-47,25,-74,56,204,129,86,2,153,77,-70,4,-97,123,-126,153,-132,71,-25,79,-122,-33,104,115,164,143,-145,30,119,90,192,-100,61,-14,74,129,-123,65,105,87,193,-15,-28,-1,192,161,123,-141,-54,188,39,139,76,38,-29,130,13,29,-26,214,46,70,125,40,70,94,14,-17,-13
138,-3,-51,-18,-1,-49,121,6,80,80,185,81,129,80,-18,-51,-52,104,56,89,48,-128,77,8,112,-56,22,-44,-43,42,26,-147,-10,-101,127,84,17,-16,6,-41,69,130,43,-135,263,-158,130,-41,195,85,137,-19,63,-3,186,-95,-77,100,168,-37,-69,229,63,82,-55,9,-205,-65,63,82,-121,-118,34,105,114,27,102,70,-37,-92,-52,77,-63,-79,153,54,-67,70,-28,139,2,1,-33,156,-107,18,53,-4,-19,-4,-55,-44,108,-180,116,-61,95,-8,-116,42,16,7,77,129,-81,50,-14,81,58,-70,76,54,67,45
76,145,-62,17,51,38,-74,46,-136,75,229,0,11,115,-76,77,214,-37,51,-58,131,159,65,133,147,-55,78,-104,47,84,19,138,135,54,270,-33,-61,-124,190,142,115,218,43,87,-8,62,2,44,171,-2,98,119,146,73,-35,4,-34,60,117,-34,177,168,187,-26,231,-66,-33,67,75,115,-63,-58,145,98,-6,13,-44,-43,71,158,-27,-62,121,63,47,48,13,0,-32,-8,26,-100,32,176,85,144,134,65,1,208,144,48,-212,216,68,62,143,112,64,-97,176,130,116,74,107,2,51,37,179,58,69,213,49,116
73,163,-5,273,-1,127,170,160,227,191,152,40,212,29,6,-147,50,160,74,105,7,-3,51,22,84,131,180,-51,152,4,67,-89,97,40,121,-7,-164,95,167,-108,-123,43,334,-66,41,195,56,75,48,-94,40,31,44,115,254,97,40,48,47,-6,-53,186,191,82,159,-53,-12,-122,-62,28,-164,125,-86,249,-126,82,-72,-119,-16,-12,172,-94,211,185,29,132,71,73,158,-45,29,19,51,192,-27,179,121,130,58,126,-84,102,47,-99,146,149,66,-47,-181,-126,105,-121,91,-33,213,89,-27,18,96,181,280,-77,136,116
72,107,-85,116,201,235,38,66,0,218,-56,107,-130,-36,20,141,120,-138,168,36,-26,20,-23,-1,91,254,55,-39,72,107,105,-88,-35,-40,70,107,-130,-8,141,51,103,6,184,23,150,62,-163,-96,-125,209,62,73,66,-6,-50,95,62,146,1,131,4,50,-6,50,-86,76,7,130,136,-86,136,-48,-83,167,171,-26,8,14,-130,10,82,105,-18,39,100,-95,-33,-9,-58,-9,-135,97,-135,227,-7,-84,80,-48,28,-45,24,283,10,-173,49,122,66,-38,5,102,45,42,64,-18,195,-104,-25,14,-10,142,-66,47,143,45
261,86,-2,97,37,102,-58,-97,27,80,-69,114,-55,-173,23,-82,32,42,103,37,-100,-55,49,-36,-107,79,-138,140,-47,55,48,57,-132,-53,-29,181,100,-61,168,73,-28,-24,69,136,50,-28,-72,-47,-143,72,163,75,-12,-18,1,26,147,74,-15,31,227,58,-103,-11,11,254,125,-21,10,28,16,18,-70,56,69,24,-51,38,56,64,9,-39,55,190,-13,61,-38,-17,-128,49,-86,-39,167,97,-7,-30,114,25,113,106,-8,101,-215,-50,124,77,97,98,57,-82,-17,-106,40,124,-8,-34,-8,89,-76,-88,49,37,142,-22
22,130,-1,45,128,4,18,22,69,105,-106,-67,117,-97,-67,-20,142,-76,-63,93,-20,-80,14,-88,227,140,12,36,42,144,220,-56,44,-23,19,228,19,31,-203,4,2,-89,109,-42,17,25,78,72,62,-141,-60,36,3,132,93,160,10,-49,16,-58,35,106,-143,134,45,60,96,92,6,-19,62,30,83,-88,94,-102,63,-37,-21,-2,222,-70,-24,-20,-130,110,-167,232,228,-86,84,-78,-74,-89,-59,-31,-60,-63,-11,135,-24,38,102,-152,20,230,-5,-2,152,169,83,13,-8,-101,248,-3,-191,73,-48,132,-93,-40,79,101
65,-78,-56,-48,15,80,-103,33,103,123,33,-66,221,-137,68,-144,91,-187,182,23,-15,233,-58,64,93,-35,-15,-24,-48,79,130,-57,23,35,61,-63,-68,48,-18,-105,98,26,51,-60,71,-93,83,12,12,6,-8,-32,-97,-79,14,50,91,-9,201,37,-26,-49,-43,15,147,2,27,-90,1,30,-47,162,160,114,-35,-4,82,168,168,166,27,-64,-49,69,19,102,148,-49,2,-16,44,-57,39,-31,50,80,35,-27,59,33,4,14,-82,199,85,102,27,-37,178,-100,23,-29,78,23,211,-17,-12,154,-58,-183,99,-91,-144,261
170,69,-167,-96,139,118,-76,-25,-97,-123,155,-27,-35,-28,-41,77,98,-17,61,49,98,229,-95,-21,-58,69,-66,-4,126,171,135,183,39,-48,184,44,-59,-42,54,56,153,173,24,115,-61,-1,-141,50,-46,-43,-57,65,36,149,88,-73,2,114,64,24,219,-14,3,37,100,-120,183,125,-3,-162,15,85,110,2,-87,103,-8,-150,94,75,69,81,151,-1,27,14,-12,87,104,35,-59,41,-7,25,25,63,9,90,-47,121,90,175,113,180,-82,20,79,-4,185,-79,204,145,16,-146,35,124,128,119,27,-48,-76,-3,33,250
17,58,-28,74,-25,98,-154,80,-52,-175,6,102,-102,-62,57,-77,-32,-92,-76,-8,-122,68,52,102,125,22,225,8,80,-64,128,9,-19,50,-144,83,-48,105,-88,59,61,206,107,-44,72,36,18,-25,-8,91,-22,58,94,10,-132,154,-189,-115,58,15,49,102,-84,-86,64,0,1,-19,97,-28,-88,99,-27,54,-146,164,34,-40,33,120,67,-13,-108,-69,-71,-70,86,19,116,-23,101,-72,137,106,229,-98,75,-84,20,-93,173,-4,-88,65,216,61,-65,80,0,116,-10,15,122,10,39,-168,-184,-26,-34,30,215,97,114,94
143,162,-10,-189,108,29,251,86,41,108,127,165,35,3,-18,-5,67,94,-82,199,-33,51,-64,-14,107,11,22,-12,32,-76,258,-85,77,119,40,-44,7,148,69,18,77,129,58,23,-2,-188,185,-15,148,13,94,-9,-6,-92,47,-31,8,4,90,22,137,39,92,15,30,57,-23,-69,129,16,-57,149,-27,178,-16,-119,173,47,105,1,-11,167,274,69,181,95,-167,28,-3,-38,18,-170,-136,-125,-106,15,-93,56,-82,60,-26,-74,18,-14,-48,-2,-159,69,-69,-18,243,-19,-102,-29,55,90,39,266,92,-101,-28,67,114,-94
-97,82,-9,29,32,46,30,-104,153,70,26,323,-109,98,-111,-135,63,-12,6,170,-78,-150,-40,49,-10,27,163,42,227,59,-118,34,8,-29,-107,65,20,33,247,-50,-147,22,120,-37,-157,34,-37,77,-66,57,86,64,-7,22,-15,67,-107,-88,-20,64,10,73,-48,-114,81,205,103,149,-64,114,122,-39,100,-53,89,68,-40,218,58,194,-61,-4,21,-63,48,250,40,-21,42,81,126,-23,-102,-93,61,29,-101,45,14,100,-196,73,87,137,-61,70,210,-34,140,184,-113,98,31,38,-14,-12,103,82,-150,41,97,150,-48,-262
179,36,-10,141,98,113,-34,64,-105,9,7,-203,38,4,66,-11,46,-92,31,44,4,153,3,1,9,-5,130,-55,32,114,140,105,72,-132,258,-38,-95,55,18,22,78,34,24,4,75,96,-27,-5,-79,37,52,91,41,83,64,180,-50,146,158,151,56,89,43,52,41,-75,266,-34,36,19,37,9,30,36,38,94,55,-131,131,6,160,44,102,42,23,22,-126,55,19,112,-110,84,132,172,184,207,59,-24,98,119,214,107,-83,59,91,254,21,54,204,-244,-97,60,93,-81,140,-93,-69,130,-15,217,75,136,16,188
36,30,20,12,-34,118,343,183,123,144,116,109,212,2,-11,146,-5,-24,99,168,0,53,72,152,-65,136,191,-71,-33,141,71,81,24,95,40,-1,-82,-76,223,49,127,187,271,-88,-1,91,95,132,-38,36,-49,87,67,96,-18,260,209,-122,44,223,105,146,-5,77,154,-39,2,-107,152,226,49,-98,118,-122,75,4,67,203,181,213,89,-16,-97,-21,282,121,-13,106,97,87,115,-65,157,91,149,51,49,93,212,124,-64,239,53,16,35,114,-5,54,9,160,2,197,217,190,-81,1,81,-58,-6,3,105,78,16,-118
50,-24,39,-55,55,187,85,-25,-27,171,81,-55,-118,157,75,73,7,27,252,-33,87,-22,31,-67,118,37,89,-25,0,145,60,90,85,-35,31,-43,-66,-7,172,34,212,-171,6,78,-197,-2,-105,145,0,-10,-124,51,-140,152,135,42,5,35,44,72,55,-159,-31,65,155,25,41,36,-142,-182,84,29,226,-61,-19,-26,-57,-14,161,68,261,-119,-22,-71,75,292,132,163,251,-19,38,-48,35,133,152,297,0,18,300,201,-159,107,-118,58,15,176,92,23,143,-77,-33,40,148,-37,73,-34,-49,108,79,60,-65,92,118,139
132,102,-98,18,215,66,7,273,42,102,51,-25,-16,-25,82,77,211,2,120,39,-29,125,-16,-91,258,-19,71,-63,208,69,173,8,44,213,24,-45,-6,104,86,167,48,229,113,60,-177,-34,-231,47,11,143,62,154,-50,95,120,-202,-102,-72,164,-40,5,42,57,66,67,-41,-84,218,39,-173,56,109,137,-33,118,24,-30,132,-78,13,28,-92,111,59,-36,-129,30,6,13,-110,94,69,83,-28,124,34,-36,-116,141,139,72,53,80,-6,93,160,61,-26,-108,37,-65,79,73,-124,112,-45,81,84,199,5,120,-58,136,266
9,151,34,-21,-44,103,-63,-19,-94,21,-38,-24,21,-6,4,13,103,11,-162,57,24,108,137,-16,-77,-37,170,-148,-152,209,92,76,113,130,67,-18,-122,241,89,199,109,-95,-136,-37,184,148,60,-42,172,-144,139,8,36,67,114,125,-35,-132,59,224,91,83,-39,130,30,-72,29,62,112,50,-29,-64,-79,-120,-19,40,164,-90,108,177,77,-89,73,214,-15,-53,46,-11,-33,-7,-56,27,-142,176,-31,265,31,47,-18,97,6,-131,-71,-73,140,180,-21,-53,142,-182,-61,139,7,-20,136,-74,-70,17,-49,92,67,120,-10,-93
-10,84,196,29,191,-61,98,-93,70,22,132,67,143,-78,-1,-95,37,101,159,62,83,-45,66,76,63,14,107,-80,143,11,15,121,50,-54,-75,-51,-49,-145,76,92,115,49,-41,-38,-128,-68,-96,43,-139,-146,-32,73,97,113,97,-84,-69,2,-86,78,50,-2,-10,120,-103,-135,-13,72,-42,-49,-108,170,101,-144,77,59,-84,-18,15,-45,27,-33,-40,-75,-92,173,-85,36,41,-66,61,28,17,68,77,112,-55,150,140,-53,-51,19,59,-10,-53,1,62,5,-81,87,-85,61,-25,-109,53,69,1,30,-121,36,-31,24,-7,27
19,137,-49,-17,-100,110,-42,-64,-31,184,-102,16,-249,201,18,-130,-154,24,-96,-14,-125,-45,79,67,-24,-67,27,-29,-89,100,33,-38,50,-11,-13,31,-4,12,113,82,-10,-92,-27,72,-69,88,0,28,18,-105,79,-198,73,169,176,79,-3,-88,-90,72,-68,96,28,-37,26,2,202,-110,66,-10,80,-21,-28,-70,102,1,3,-104,18,15,285,-110,-216,-70,-74,49,11,49,157,-69,18,-236,1,130,71,21,-84,-107,29,93,-90,-15,75,105,-12,51,-187,82,-9,28,55,137,-116,-120,124,27,-92,-23,103,210,90,-102,-24,-68
133,53,63,-14,115,107,90,-51,-97,-103,-45,52,109,-36,27,71,173,-42,-34,-9,-24,68,1,42,-69,-56,-96,142,30,106,196,55,-8,-208,-32,-7,160,0,-126,9,-29,3,-136,106,12,95,31,8,26,-132,214,-49,22,-114,13,-20,-43,111,-44,77,42,18,3,35,-31,117,157,59,67,98,85,-15,117,185,27,91,-10,151,124,17,79,16,36,37,-43,52,-48,153,-37,17,-18,129,48,70,72,-15,-29,41,31,228,-103,-38,140,-29,-106,95,37,46,-41,-61,-47,-115,-47,-10,-162,161,128,105,-27,-36,207,-41,14,-13
224,304,67,-81,51,-85,52,258,-90,-101,195,13,323,-99,36,65,122,199,-1,238,-149,170,138,5,131,-77,29,-14,-80,7,194,32,77,119,65,106,131,101,-100,63,48,125,54,152,156,76,70,86,153,-8,44,57,43,140,68,-103,-30,139,196,93,175,41,85,184,25,43,62,-26,154,54,36,31,-75,49,120,-78,64,-51,-53,-6,-48,9,214,94,45,9,-115,190,15,-24,111,-20,11,-40,-245,49,51,49,-174,248,90,39,-85,-81,-29,-48,-148,59,-136,-52,-28,24,-147,37,78,9,109,45,-9,-44,24,112,172,85
8,116,-6,61,146,-1,-41,65,62,-56,151,56,59,77,-31,-29,-177,-80,123,-78,49,98,71,4,18,66,-4,-176,33,-50,187,-4,-32,4,114,-24,82,-28,137,204,96,25,60,95,121,-60,42,-69,104,49,-58,-96,137,119,41,170,33,39,79,13,52,92,128,-51,49,67,-41,-39,15,11,28,54,-38,76,-46,74,-5,-15,-2,44,-135,-53,-170,32,142,-25,-14,3,174,-7,75,-98,198,28,120,68,-22,2,-58,-33,30,-6,163,17,114,86,-7,-42,-89,45,58,74,-1,92,89,9,-4,53,139,122,142,38,90,150
169,143,-58,37,115,208,5,11,253,110,118,81,83,62,-13,73,-30,-19,261,-56,-33,-61,-22,109,56,-81,43,56,-99,161,169,-55,-14,41,-18,23,-11,110,60,-47,-46,-8,158,146,60,24,-66,143,-41,74,100,50,82,71,48,-95,-26,135,77,82,-49,6,110,88,104,19,84,102,-4,-71,63,163,-113,-72,97,-52,28,58,-54,-174,-38,53,120,4,56,13,-64,125,182,-25,11,76,86,217,26,-64,66,-8,128,214,-81,266,14,29,-89,11,-129,-16,38,75,-12,117,35,-24,190,63,-100,83,44,2,42,220,-35,-6
-97,-2,36,58,59,169,-29,137,113,112,-42,55,54,145,11,164,73,-21,92,77,102,-26,119,169,-22,49,175,-67,-33,53,-35,118,192,28,195,28,16,80,-31,107,34,-12,-26,-261,29,67,100,70,219,-8,-46,16,79,37,85,128,49,62,120,26,59,44,56,92,2,-146,69,119,52,153,-107,35,-169,97,13,150,59,55,111,13,180,-14,-21,22,34,-41,-37,186,-123,84,-22,131,153,82,89,161,164,84,246,-25,-9,154,-59,-52,-88,-5,-4,49,189,-100,-145,110,85,-38,58,-3,65,-196,44,142,8,-8,160,-28
-99,-97,-3,-54,5,-6,104,-49,41,77,88,-32,-93,118,103,59,166,53,9,6,5,70,162,66,120,10,102,78,-2,-54,215,-1,-8,-111,-2,148,96,-71,-46,-97,39,69,110,-27,-31,76,162,-14,-7,-4,-108,-109,-193,110,139,20,-88,177,81,-41,38,90,0,-14,47,112,-111,-18,-17,325,-6,-73,44,67,46,-89,109,32,131,-83,-32,176,-2,-110,25,22,-60,-88,-24,-27,-45,-43,43,47,-248,29,170,-59,-6,130,-9,37,246,-39,-172,27,23,-30,-55,-81,-21,63,50,57,-185,214,-45,100,78,147,199,-15,101,-63
134,117,92,52,155,109,164,-83,70,287,128,188,65,53,40,75,82,-64,175,35,-33,-93,-136,75,76,125,148,45,7,-10,67,-1,-193,-60,99,-32,71,-4,105,-148,-40,-71,20,-241,-89,-8,-78,-8,-83,83,-21,123,-140,-22,-21,89,253,140,68,73,65,59,110,110,-24,95,179,-67,-18,194,-51,85,-115,-52,-8,88,56,216,25,38,-28,-97,7,-66,-68,133,118,-23,-63,7,7,-95,39,44,-57,-24,-112,44,129,16,-51,155,72,65,-15,188,3,-32,-1,238,-186,42,114,86,8,-4,62,41,120,63,-22,17,-116,78
-123,127,-170,54,76,103,-27,-80,9,19,-246,171,-56,-50,-2,41,2,9,77,-110,-8,-1,-40,26,-22,-227,45,63,187,-19,-125,-42,-3,-71,-52,-34,-23,98,98,89,-64,68,118,-71,60,29,-55,-174,-145,163,68,-97,92,74,-85,36,-179,55,-8,13,15,-48,-104,51,7,122,30,278,6,98,-4,-118,-32,-136,104,77,142,117,182,-20,106,28,85,76,-16,60,-85,107,68,-142,6,-9,51,149,41,-83,95,34,39,-27,20,89,86,-8,-91,82,88,-110,31,-80,-28,116,107,-207,86,-6,133,25,1,20,141,60,21,-105
33,91,47,155,168,211,-1,88,218,43,208,141,-41,-73,32,70,111,-21,180,144,-21,-11,-2,12,89,129,70,-11,167,141,130,56,-40,-146,8,36,121,26,210,152,225,57,136,104,92,172,29,193,179,-71,-40,30,50,96,157,175,-6,16,133,131,57,76,102,112,85,112,-109,30,166,26,133,104,81,190,20,115,69,85,14,-34,80,-128,-43,-146,163,177,131,-42,35,-126,42,-63,186,-43,20,201,-33,115,0,97,-18,155,120,-90,18,154,46,-7,87,178,94,71,62,52,118,139,89,6,123,-65,132,-113,240,-19
-46,-90,68,2,-88,30,9,117,38,-99,-115,-51,-7,-187,220,-26,114,-24,-81,-152,43,-16,-126,-27,152,26,-20,67,44,-99,66,100,-46,101,-226,-67,66,-22,81,-68,171,-172,-74,94,-39,-98,-142,-14,-31,46,1,46,-204,-110,18,-39,58,218,90,-177,-137,-173,-88,82,-62,-51,63,-57,-120,-66,64,43,-75,255,6,84,20,-103,-11,-83,-72,-30,-37,38,-40,-91,-115,45,57,88,-34,136,-7,-47,98,-42,-20,-107,-43,29,-171,-80,-94,-119,24,27,-42,144,-133,-28,8,-139,-65,14,-34,-79,-53,62,-11,-81,-62,-152,42,63
144,82,-10,70,31,-30,132,-47,-25,170,138,46,128,-32,-25,140,138,223,-78,209,94,105,-192,99,32,-40,105,157,24,244,-23,56,49,-49,178,222,-56,50,5,21,-98,257,116,-41,103,-49,69,-122,113,52,-5,-20,22,17,-49,-12,89,-2,41,120,141,99,-70,79,135,139,65,118,-15,-14,-68,19,60,192,90,-2,94,49,68,178,-7,77,218,93,-56,230,-119,105,97,-115,-70,-122,98,64,-19,108,110,254,174,134,-71,73,-56,102,18,53,88,16,47,-48,206,123,87,203,-10,76,62,251,-38,55,141,37,194,109
96,53,2,78,-79,-15,77,31,-37,-95,-88,52,-17,114,109,-18,-41,20,144,24,-17,20,47,-15,70,38,-15,-46,56,50,56,130,87,37,67,87,-217,-132,53,-77,-27,17,83,63,12,72,3,52,41,-37,-39,-78,23,135,67,23,-18,17,-85,86,-67,-95,21,10,-116,54,-53,103,-107,22,85,1,207,-1,8,-19,-109,-65,-13,-54,95,174,-33,4,76,12,3,103,45,-4,65,-1,138,72,113,129,-28,-74,20,158,-121,161,27,-29,105,101,-58,48,-37,28,-25,199,51,-142,-17,77,42,17,64,32,-81,-80,148,-46
-57,-10,324,-102,53,60,126,114,38,7,-29,131,199,110,154,53,-60,-83,118,55,-166,-250,74,215,172,-54,89,-72,131,79,9,117,35,124,188,-34,117,67,17,222,15,-27,-20,-112,229,50,119,59,-1,30,195,146,-79,91,-130,3,0,43,127,54,136,121,62,207,-10,286,23,130,179,395,180,-124,29,-50,43,16,58,192,85,54,52,-16,-219,111,9,202,140,167,131,44,103,-20,47,16,-2,244,-11,40,110,-53,68,53,169,-51,-16,55,9,7,7,154,-51,17,85,223,-22,-57,191,-188,-4,-3,211,81,63,-83
294,122,-48,100,-1,192,75,89,-23,67,223,-111,84,88,103,17,119,74,-21,93,22,100,-89,-87,-52,150,26,187,-67,180,27,47,-65,-42,1,17,14,-36,45,22,73,-67,185,117,7,23,-143,204,168,49,153,-3,-136,93,-59,-13,160,62,52,144,58,139,104,13,47,-92,230,-185,119,-133,3,-137,-30,256,144,78,-7,-123,94,-108,57,128,18,184,70,146,-61,20,-32,79,-65,-98,60,-71,-58,82,-35,-21,-24,309,-131,42,-176,19,76,216,-69,184,-108,-136,-143,87,34,57,84,35,-61,150,6,-45,-73,-70,-70,21
180,36,20,-195,133,-115,-13,25,13,-92,135,-73,141,35,109,-23,84,-81,-32,-37,-72,-18,16,-89,33,-14,0,-46,9,-17,145,97,37,59,90,26,107,-87,46,-50,-38,-10,33,71,-27,9,-5,83,111,-133,-6,-51,114,24,75,101,79,-73,14,-17,-90,-32,-57,-155,64,81,112,-13,106,0,12,-56,5,193,-24,-34,34,-102,76,99,-125,134,-25,138,135,-116,171,68,94,173,27,-24,-21,1,115,4,-150,-134,-50,199,-144,-59,-20,83,-5,-27,-37,-28,-12,46,-14,109,9,-102,-35,80,153,37,86,-75,-45,36,17,21
231,355,81,-38,-95,60,35,263,123,45,45,108,199,13,215,-68,145,131,-18,-53,186,162,136,183,7,108,63,90,-27,177,134,173,11,-5,128,237,9,-39,-33,21,-34,136,118,-31,233,-163,-38,-182,-50,85,15,-74,80,173,-48,80,-155,177,59,-11,139,135,98,159,203,-25,319,50,-17,249,-131,39,-269,32,37,10,222,-16,101,30,285,215,-119,138,0,173,90,215,117,67,-83,99,232,197,108,119,145,-127,292,94,98,70,-99,107,121,18,-203,-10,-35,-94,-38,139,104,41,208,-106,34,-34,23,307,149,146,113,220
-50,100,126,-13,209,115,163,88,47,89,114,192,50,-58,50,101,117,-43,251,115,-46,29,176,63,265,51,49,-163,233,23,242,101,165,-13,28,-21,4,-45,101,153,80,242,56,69,72,4,174,243,75,-70,54,35,34,59,-21,34,224,32,55,-18,159,130,74,35,92,11,59,96,81,158,-14,81,-1,97,214,57,52,263,197,73,-31,-106,244,54,55,119,-55,152,-21,51,64,9,111,-29,-8,13,150,23,92,105,77,182,93,-99,-52,160,41,139,56,73,57,26,59,110,3,-34,271,-70,97,117,132,-158,63,-67
-50,46,205,-11,75,-61,-55,190,47,-28,-36,206,70,-98,50,57,280,-30,182,3,72,161,-69,42,186,-151,260,-77,35,-37,10,62,137,133,70,14,-63,69,-16,-62,134,28,-31,-126,-111,-28,-73,111,25,-156,-30,66,47,176,-18,-31,-10,0,14,-5,84,-22,110,204,8,-101,127,107,40,-45,-9,79,140,21,106,66,-114,-91,102,14,-79,-61,99,236,-106,36,201,-7,157,154,82,88,75,124,141,162,85,25,145,97,-12,94,-14,133,-26,-68,239,154,-6,-18,-160,35,90,-6,114,11,78,-81,68,179,193,-17,-65,129
107,215,74,-54,-4,60,59,151,-72,36,-2,189,231,7,10,64,79,79,-7,62,-202,135,193,141,59,7,92,123,-43,-48,96,97,93,19,62,250,-77,205,-114,-109,-142,113,175,-38,66,40,-8,-186,-8,-59,53,-97,-42,16,68,-8,-52,84,134,75,-18,-90,24,-15,70,25,41,71,39,-30,-76,213,-83,24,89,-82,154,121,36,39,42,90,-113,-11,-99,84,-122,198,-68,41,-25,-24,146,46,88,40,98,-49,101,39,1,52,-56,0,-16,-81,-6,133,147,70,19,24,40,53,180,21,28,88,5,103,172,188,-97,87
135,25,62,-12,133,124,-123,175,-120,0,-56,84,88,127,1,-45,16,-170,-64,-4,19,-51,99,111,-101,-20,-42,-27,173,101,39,-78,148,-67,-2,-10,-17,65,-101,56,-140,149,82,91,-27,-54,64,36,75,106,130,-65,-48,100,21,117,118,63,161,21,-135,71,285,64,239,133,-1,100,189,89,114,65,-36,225,264,-1,-117,-20,91,92,-8,60,156,55,93,-107,-68,157,-157,90,18,43,-62,-49,-74,34,-96,-140,-4,158,46,203,125,-98,-110,11,13,25,43,13,-161,203,146,162,9,-42,-15,17,74,32,209,-112,125,89
-50,-116,39,131,61,41,-16,96,-47,29,-32,167,36,-119,164,-107,-35,-61,-63,22,-78,39,30,150,-84,2,-44,-9,-8,3,-36,24,118,32,98,165,102,202,-70,-69,6,-5,-45,-83,43,-37,10,20,147,20,-9,32,-48,74,106,132,57,48,225,154,-70,-94,-102,141,81,34,-71,-86,-3,84,-24,-40,186,23,20,139,-45,144,39,281,156,-55,23,-88,11,5,70,85,-98,27,167,-15,122,97,-52,60,49,-90,-84,164,41,93,137,85,31,112,73,4,49,-85,-5,38,121,124,-12,87,78,47,125,18,211,-91,146,84
-4,196,-76,17,331,143,63,-158,35,87,185,133,82,-110,-53,-33,31,-65,88,131,129,98,-160,-79,84,-30,-63,29,191,127,20,128,0,-42,140,-19,98,30,80,68,107,-30,-62,23,-14,129,88,60,42,73,-88,2,181,62,121,201,205,82,-57,162,231,185,53,7,-32,84,135,151,-54,-23,-31,199,78,66,123,-11,-25,17,65,-121,39,-42,100,165,29,9,-217,30,-38,-102,-120,-20,135,-5,104,32,-78,80,29,150,130,93,-25,-138,11,-70,2,51,96,61,105,141,52,-86,108,145,221,49,-60,-54,-30,43,189,94
85,51,-102,56,44,229,-3,208,-108,108,106,68,195,-18,32,-71,189,-79,-134,148,-201,33,-153,1,75,-55,268,-4,25,44,230,181,-71,179,54,-34,-4,182,-87,-174,27,68,121,115,-73,185,66,154,-25,-47,82,135,-35,55,-76,91,92,179,356,50,-90,87,66,58,49,-9,70,72,-37,91,128,160,253,73,140,1,175,-1,46,202,-30,-22,165,95,53,14,-153,2,3,97,-15,80,89,198,104,-72,49,-111,24,7,62,129,-129,170,-49,29,1,164,141,-46,-105,-41,-20,197,46,128,62,277,131,92,-9,-2,-117,69
71,62,-26,14,-87,110,-88,-47,-80,59,-129,65,28,107,-25,-114,-20,93,105,76,-34,57,35,-66,-15,19,-47,159,-17,65,-36,117,21,49,-38,142,82,33,81,10,39,10,142,134,26,-67,182,64,110,-9,-4,-113,-6,109,86,-19,49,62,32,102,-64,142,88,-123,21,100,-48,157,56,-28,-95,84,73,45,146,-29,-54,125,-98,-57,-22,114,-150,50,24,-72,-122,-45,-23,-73,-27,26,21,36,178,81,23,47,72,7,-52,36,-77,-45,125,37,8,9,92,-94,82,157,18,158,106,29,49,118,18,35,173,122,8,-17
68,9,-90,-5,15,317,124,27,-32,117,-13,-1,47,-51,-52,-65,292,-111,-7,114,-101,81,18,81,33,-28,71,134,-192,82,101,103,-65,133,64,170,-104,95,6,-138,83,24,65,-58,149,-16,-233,-160,59,9,53,185,-155,4,82,186,-55,162,27,62,-160,31,-22,26,79,72,-12,154,39,120,83,92,8,111,48,-90,-40,-171,-33,130,95,129,-72,5,-18,6,-81,104,-82,41,-89,63,43,252,56,49,-123,12,-126,87,-72,-35,-50,68,93,-147,72,74,-43,9,40,-28,95,173,72,228,-137,109,30,56,55,181,111,4
98,51,-91,112,87,-20,84,48,159,4,26,-68,-40,-97,-107,-19,86,-72,9,39,131,-29,-55,159,43,93,42,-67,-96,-10,39,178,159,82,-60,23,-66,92,-39,-35,-8,-6,-46,-32,2,-8,62,33,47,14,9,10,14,-85,-45,-13,-80,-68,183,-40,114,-13,-66,-124,-70,19,58,1,-79,-84,-27,97,-70,136,-206,25,-13,-37,-112,109,38,-5,-29,1,19,36,-149,-169,11,153,56,-42,-96,60,101,32,-84,-2,115,79,-12,20,-42,-144,60,-90,-131,-36,-115,94,141,54,121,88,14,133,10,156,104,23,-6,15,141,-7
106,110,-141,-52,87,-41,100,8,1,-39,-1,273,-12,-19,49,199,222,181,93,3,-4,79,-63,49,-1,-31,-125,90,40,-19,38,23,6,24,77,19,120,-22,46,126,56,3,-26,-56,130,162,31,-42,67,37,11,29,59,-16,6,60,56,-34,68,-34,156,-5,-24,147,22,-79,-53,16,59,11,-80,-92,-141,25,51,-75,-115,113,7,27,-73,-9,61,98,-131,151,91,81,-64,-27,89,-144,-30,-63,-14,7,158,47,-123,53,51,-53,40,-80,93,12,144,50,-24,60,-40,-144,-8,-91,14,54,204,-43,56,-62,-65,44,47,115
-36,224,-48,-103,-1,176,11,-113,-5,-65,-51,126,-37,15,-104,-14,13,125,8,-44,-71,22,-85,56,171,62,-19,5,205,170,-152,-48,-34,-81,36,-4,119,24,24,-31,-82,49,-36,-48,159,-39,-5,-8,-81,-19,36,28,45,142,150,145,26,29,-71,-87,-89,47,182,-29,167,53,134,122,13,21,19,66,-36,16,-4,97,21,15,86,66,147,29,-8,5,-96,116,97,187,8,-116,65,-149,-26,35,41,-23,-133,-4,61,153,17,-45,83,46,-30,-12,-17,-28,-31,39,46,10,-46,-28,26,-133,42,-43,33,51,215,-26,51,-11
27,-24,-41,28,128,78,22,6,-45,-30,13,125,95,75,-55,-98,32,-24,44,-69,-17,105,-6,-99,-77,-150,-89,171,8,42,-87,108,172,71,105,55,30,20,-19,-98,57,22,-42,-75,-39,-43,0,39,62,32,17,51,-149,5,-42,-17,67,135,66,32,177,69,11,116,57,192,64,156,-36,32,4,-36,86,80,41,90,41,128,4,130,57,143,5,54,27,-69,-205,217,-13,19,-52,11,131,-67,77,-30,47,-21,-39,67,-11,256,20,225,49,-19,71,-64,25,9,-85,73,69,120,-66,36,214,-37,-5,-89,-140,5,146,36
-113,15,-37,39,2,-58,105,108,128,-106,-81,-16,102,-186,111,1,-30,78,-53,-110,-79,12,-8,-71,25,-106,172,-71,-4,120,23,-22,71,53,-124,-1,-102,61,-137,25,-27,17,-43,-8,108,48,185,-28,-81,33,43,99,-25,-51,85,119,-49,108,115,22,-39,173,39,61,34,95,44,-19,3,9,-82,58,-76,-19,-118,-64,-93,22,66,0,169,-5,44,69,152,-17,-33,109,107,-33,29,34,23,127,199,-3,-14,-10,107,32,57,178,-153,-93,118,-20,-54,-117,-71,17,-45,7,1,-10,10,-180,21,-94,-135,8,226,-25,47,44
349,245,-69,-96,-10,43,117,-170,14,29,133,102,44,-44,18,-18,21,156,75,-27,-44,172,-92,-51,-12,28,69,-37,-28,118,50,-93,-147,-24,120,-58,63,-180,117,119,104,135,41,4,64,65,-35,161,-39,-123,-42,188,40,170,-14,27,295,-29,84,88,234,-87,41,-121,105,-27,122,21,126,-8,117,-48,69,31,3,-33,177,0,-48,119,112,-29,53,95,44,-34,26,71,20,-32,92,-218,82,136,-16,79,-32,112,92,147,66,53,-170,102,-48,-62,-54,-50,-5,-101,-36,116,-132,42,14,17,176,3,31,-156,69,10,235,52
-17,-31,50,-127,-6,-15,-108,-88,-217,-91,23,58,45,13,-151,103,-32,-84,-28,-90,-46,16,-65,-88,-28,-84,102,-49,-15,118,-60,-13,-86,-141,51,32,130,-3,-105,-83,-160,58,-58,-37,135,-57,284,-51,13,-5,194,-148,113,1,-147,-140,-42,-135,92,89,-23,21,-93,-110,-21,71,-12,-5,-22,-30,41,-91,130,-120,13,-25,145,147,21,111,-57,-48,-18,-4,49,-18,-4,23,43,-100,63,-106,-33,56,-166,-53,78,-154,-49,63,95,-34,27,163,-114,117,24,15,107,-31,52,-56,0,16,-115,-55,119,170,-7,-119,-57,11,-8,-47
135,132,-94,37,72,277,-21,37,56,101,158,170,193,10,3,-37,18,77,42,91,-167,168,116,195,314,63,-12,159,105,-242,200,193,12,248,12,208,70,33,-26,73,0,235,99,16,63,45,-83,-52,30,102,95,71,29,142,-44,-5,-16,5,182,-111,-53,131,95,178,51,-124,-1,161,147,85,19,38,-158,79,198,-117,114,113,-22,191,91,-79,-72,-38,-130,71,4,174,-56,81,58,47,-13,33,-9,-107,91,-176,-105,7,101,114,63,12,80,-6,-1,69,-85,-16,166,-38,-74,78,222,38,151,79,157,-27,-41,26,17,-22
85,76,86,109,139,-81,78,65,276,-81,-66,274,-52,76,129,-2,133,-58,26,7,-42,-93,-5,90,91,78,25,-30,166,198,-32,54,31,41,123,-12,-31,37,68,1,81,28,26,-3,129,50,-40,107,49,19,191,-60,-6,43,55,140,5,161,182,-100,56,3,28,162,55,75,177,107,-30,124,34,97,-6,187,57,-61,99,-150,87,162,48,98,64,56,-72,-49,49,11,-29,174,-34,-54,114,116,97,114,-92,-2,100,28,0,14,41,53,132,34,-47,122,16,28,-127,83,-17,102,63,198,127,-61,46,187,57,-50,37,21
24,211,13,116,83,79,36,38,-86,-119,28,-54,70,-55,-96,113,63,122,77,96,-183,107,29,61,137,146,96,-52,79,33,72,6,-51,74,-56,-17,100,79,249,91,86,90,174,-53,146,129,-108,-38,-101,53,72,70,117,57,133,23,38,209,136,-97,97,55,69,108,-31,-5,64,77,49,36,46,78,-127,-14,-19,144,71,-148,71,-41,52,59,76,-60,-83,-30,-122,71,103,-160,3,-44,107,226,22,10,84,-40,-25,99,148,108,-31,54,-22,147,-30,-54,-42,78,-2,-41,-31,127,12,-112,168,-126,-24,61,159,44,161,83
160,15,-3,-4,28,103,53,85,133,112,121,125,26,94,9,-7,30,130,69,82,227,-153,62,53,149,-110,37,-111,-77,245,-65,59,110,-15,167,-53,44,19,49,31,6,16,-39,55,92,52,-86,267,-48,17,-76,-21,115,82,-28,-222,-21,56,-20,71,37,78,66,137,128,14,4,68,-1,-167,-19,-28,-50,101,-90,83,-65,8,-133,26,136,-211,36,50,-44,4,90,-131,-94,-49,-46,-61,-67,267,-143,162,-11,93,94,20,-125,72,-194,-185,112,79,29,94,-109,22,-13,-160,-123,141,45,91,5,21,125,69,21,-22,105,-44
103,81,-18,-164,-8,-19,101,-71,-69,232,-34,56,-22,32,-145,-27,147,-65,-94,-75,-51,-40,-42,-87,55,-63,30,55,45,39,43,-35,25,-68,-45,-66,82,-21,37,42,42,83,20,-99,-169,-66,123,-97,67,17,117,116,116,-43,48,-66,238,-96,146,-126,118,76,-60,-199,57,52,-99,-55,42,-119,24,0,66,93,-40,-36,-128,119,-54,133,29,-199,37,-42,-85,34,-89,-108,-118,10,33,-100,-91,4,-79,-101,14,57,69,34,73,50,-63,15,-12,5,-57,-76,-6,92,-34,-130,-55,41,-19,89,129,77,111,-130,-19,-6,111,71
4,60,-67,175,-5,103,7,-32,15,89,-107,-4,5,19,-41,6,79,-86,58,72,97,27,-77,139,57,71,167,31,24,97,70,-32,30,4,76,69,-37,-23,156,128,196,60,-93,-93,159,-149,-70,-22,1,37,-19,8,0,-86,-72,-16,-64,1,74,32,66,190,-148,18,42,87,127,59,-18,-52,-11,-92,39,140,-83,166,59,-68,37,40,119,35,-61,-52,-108,102,86,-1,-37,111,23,-40,63,329,134,28,35,47,179,-6,9,28,-22,38,79,140,92,-76,37,20,-2,-5,129,100,-23,-26,90,-53,-24,37,78,134,69,65
44,-10,116,-49,-60,-26,-25,152,-43,110,101,130,-21,-48,67,-191,-144,1,7,-51,-38,111,97,11,22,-26,-77,71,-24,-79,212,-144,103,66,30,17,-133,134,-59,-145,60,100,159,-87,12,-75,84,-46,-49,23,146,-36,-125,-7,13,-127,72,-59,62,34,101,23,43,49,128,91,31,-60,51,92,-11,113,-47,97,-89,39,-21,43,20,76,62,80,-150,-128,116,-46,19,60,103,-29,-77,104,59,19,267,-34,-102,-14,57,-52,-69,28,107,127,149,-71,-91,-47,14,13,-84,43,-8,156,-53,56,-85,151,-55,-17,260,-130,58,127
-213,-24,65,-124,27,76,57,-180,64,62,-4,210,11,76,-32,-60,-38,54,117,233,66,22,42,6,129,-128,-142,86,21,67,-28,-11,84,-69,241,29,146,51,-59,27,98,58,88,-155,137,86,55,160,29,91,-66,-17,7,89,82,156,-57,47,-46,-36,77,71,66,167,107,58,63,28,15,200,146,-31,-70,-42,-13,-92,45,50,61,-52,91,45,-66,-84,-35,145,-23,161,94,-173,-128,-81,62,-79,128,12,-55,65,135,-12,30,-48,145,-59,9,-143,92,80,23,6,-51,-126,44,98,-26,32,-114,103,26,68,105,148,113,31
-1,-124,92,29,-71,-61,90,-21,66,-100,-87,12,-111,-71,178,172,94,59,16,-38,-16,43,-62,213,95,14,-10,38,10,175,-46,67,-8,-111,114,125,-13,-92,-77,21,30,155,-19,-53,266,24,82,-54,-125,-2,24,-84,-34,2,40,-128,-98,30,-140,85,141,60,62,77,109,22,104,-146,-166,195,-48,-143,10,44,-152,142,215,94,157,13,-4,196,94,-7,18,56,114,-26,-154,119,-80,-62,150,51,32,188,83,13,26,131,23,-26,65,90,-20,103,56,-82,-4,21,63,143,14,39,-154,5,36,-77,69,82,152,-14,-2,-83
74,14,1,-47,-44,-27,199,95,49,93,29,416,128,65,14,16,104,82,168,133,-23,51,-75,51,20,-1,33,115,140,32,73,-41,-98,81,-41,41,135,-45,194,-9,-27,72,140,-72,90,35,-32,86,-87,61,10,114,-16,-89,-120,77,214,-120,110,0,136,33,79,204,25,81,125,111,-145,84,4,-141,-179,75,44,-76,54,36,62,234,96,21,-103,131,60,62,-77,241,-76,136,49,38,113,6,139,-37,61,-6,190,26,-73,112,42,47,48,-25,14,-90,-15,42,-87,76,19,192,-40,84,189,44,17,-148,72,42,161,-146
-16,24,140,152,42,200,-115,69,31,92,215,125,-16,-73,-135,-18,-10,-46,152,-7,-38,54,-20,67,7,8,14,-100,111,46,92,-4,19,-82,139,62,62,-117,78,62,112,67,35,-81,-10,81,-100,242,17,-79,50,150,5,134,-45,0,58,106,46,80,118,194,-10,92,31,49,180,-88,-13,260,-25,167,111,-31,99,-44,41,48,9,256,-19,-239,-80,25,14,64,-56,-49,9,-113,-27,18,95,13,35,-2,-55,148,90,-26,-56,-2,81,124,-87,95,-37,153,-31,25,-83,-70,67,69,67,-10,26,-33,90,79,133,-26,-19,51
-32,162,81,-22,114,-32,-31,51,126,-36,203,102,23,-21,-53,50,74,59,-65,155,-39,-6,-24,56,101,40,-203,-10,54,88,34,-89,61,-116,176,64,298,45,45,21,-13,97,51,-71,137,13,-59,74,47,44,-110,-84,184,75,94,95,-13,217,125,30,149,179,25,83,51,-7,198,25,183,175,-157,-185,-76,16,113,-32,180,-144,1,-52,-129,96,55,33,-15,29,-24,-113,-92,34,-38,-84,-10,-112,-82,-74,127,207,-70,66,166,-121,85,-3,4,15,-175,211,97,-62,-30,24,-46,-38,4,5,203,-11,292,177,-43,207,-28,91
-164,-58,50,-57,45,120,2,-71,-29,80,-16,-73,-77,-94,17,-66,8,-59,98,-159,1,7,6,-69,10,-172,40,-34,-44,-98,9,22,-70,-173,86,-81,1,-5,26,200,110,131,80,-205,-61,114,50,90,-24,46,-111,28,1,91,1,13,22,-68,49,-62,202,-36,13,0,63,76,-15,3,59,47,44,-97,6,-26,-34,75,-60,191,14,-73,42,-136,-8,51,122,21,148,-60,161,-94,-121,-64,49,49,135,37,106,-74,3,-33,45,41,-7,93,-51,155,17,135,-223,-96,-166,-188,104,-110,-170,-24,39,-165,153,55,-113,66,-50,12
8,60,90,-4,196,255,138,-54,-42,86,181,46,-16,34,-115,110,41,-83,193,-99,-15,192,-12,110,51,-50,29,-67,82,20,64,93,191,-106,212,78,-68,62,42,133,241,79,-30,-113,45,60,-92,45,37,-187,-13,82,80,129,78,97,-20,-49,117,76,177,6,-32,-108,96,-102,8,33,61,-6,158,115,256,41,91,-131,125,103,56,58,-23,-94,-146,-87,-22,265,75,38,157,-45,-1,69,0,115,93,118,55,42,101,5,226,2,-57,72,28,-77,123,123,217,55,74,-61,102,133,233,147,-22,148,-37,-10,-72,169,-59,-18
14,82,-151,-42,25,-97,5,-23,89,-23,88,163,74,-157,32,65,82,-36,124,80,-110,113,106,139,160,-4,209,-151,24,46,212,95,-9,100,-65,-49,22,73,31,-38,57,86,202,99,90,-41,144,-96,-14,-12,54,-32,-62,119,66,42,-4,143,297,55,127,123,-28,165,-51,-20,135,84,-81,-19,26,274,24,-75,58,23,229,-104,-18,145,44,-41,110,-77,-50,-43,-114,142,67,-49,-13,41,63,165,32,-124,240,-77,58,0,101,163,-19,143,-41,-101,20,-48,67,-7,188,68,-93,-76,129,-40,160,107,-55,-65,154,31,-89,167
-78,80,113,3,148,96,110,162,50,40,99,29,118,88,134,181,58,9,202,60,-85,50,-17,96,86,56,148,-34,20,180,74,225,137,149,149,24,-13,68,27,182,99,141,57,-59,-123,-25,-168,152,40,-43,1,93,-25,229,-43,-117,42,98,38,31,38,-167,-8,103,27,-23,57,113,1,67,179,135,132,35,100,66,121,62,10,25,-82,-4,39,-95,104,-80,-100,124,8,-41,-11,131,149,56,-67,130,55,115,-8,40,17,214,-7,94,-81,-31,-2,6,26,107,-6,173,-121,21,16,170,126,23,27,-47,-116,212,82,-104
209,8,42,182,97,43,-11,-26,135,109,155,51,130,-5,16,131,-11,34,46,18,47,191,5,5,-120,252,55,124,-10,111,202,196,86,-62,139,58,13,61,-85,112,221,101,29,-36,54,-46,-67,109,115,112,-17,15,93,121,-119,88,-24,56,132,211,341,77,-25,106,87,-85,217,-40,55,188,84,42,130,-125,-22,148,159,156,-74,17,83,25,-24,-263,6,187,-155,41,-68,104,-162,-80,134,94,46,24,107,77,12,101,195,94,-34,215,-81,59,98,-27,188,41,-70,71,-19,105,171,10,12,291,-73,126,1,190,-78,311
246,22,6,6,71,138,51,181,-128,41,58,57,63,10,3,82,50,-9,72,76,84,243,-57,50,54,56,-69,78,91,76,73,62,-43,46,212,74,45,15,74,-36,208,82,-24,3,285,23,53,77,127,76,197,116,62,-48,30,-88,58,-77,195,22,23,103,114,-14,50,-36,124,-101,120,-138,57,-11,10,38,66,85,190,-67,185,108,134,51,80,59,88,-18,52,127,-132,119,181,29,138,-6,11,31,-39,-137,83,-52,-34,120,-59,-6,-70,181,-97,1,103,-105,124,35,112,61,-26,95,91,53,120,-135,-159,36,-44,57
-3,194,77,-58,16,103,-111,6,-43,113,-74,-4,117,9,-134,-153,172,51,-100,-150,-58,99,-73,125,3,-85,28,111,7,-70,19,-29,95,50,67,38,-118,64,79,-84,34,-124,-61,69,28,169,100,-144,6,-242,-21,188,144,41,80,87,59,-68,200,155,86,-52,-41,-14,40,187,-23,86,76,-91,120,92,-13,243,104,76,70,65,-57,245,41,-58,62,22,38,103,3,148,122,74,200,103,35,4,2,146,-81,104,-40,65,-92,49,-86,159,-91,-29,163,-33,132,56,-62,51,-34,-15,135,201,-74,87,-142,-150,-10,101,-56,-27
100,106,45,24,115,17,47,-139,-150,-139,-73,-61,-45,131,91,83,-35,94,243,34,-47,97,113,153,39,43,140,-229,-11,274,66,191,126,107,107,23,-85,-32,93,246,24,42,-181,-128,127,312,164,-8,-49,-152,-127,-1,97,364,200,24,143,-77,20,178,20,-106,-126,-85,29,5,15,76,-25,-125,44,117,159,-150,32,-12,-16,77,-32,212,167,-50,109,106,-55,73,0,195,-8,-111,-176,-150,86,169,-43,208,171,136,136,61,138,148,-90,-23,81,6,-27,71,216,-48,-11,131,108,64,37,-82,125,-19,-96,85,52,7,137,-22
175,28,-38,147,-56,104,-11,63,-79,-40,116,-62,70,-11,-5,-101,12,113,104,106,200,69,41,11,14,-67,-4,-128,96,73,47,156,66,37,229,172,-57,117,-70,-127,37,-103,-32,-14,212,74,4,-80,57,-191,-107,-61,-47,332,82,23,-20,120,-3,61,144,19,190,40,156,77,-54,-46,152,193,32,102,161,61,-52,60,6,-127,-136,82,-25,-26,56,-63,-79,14,10,-85,-2,-55,13,15,-170,109,-208,204,109,178,-231,138,28,34,0,-92,151,79,28,55,12,-36,216,-6,-69,47,23,165,26,60,110,87,195,29,85,80
20,48,66,-20,157,45,18,-35,70,-125,224,144,17,-135,-43,-3,62,-29,179,72,0,275,128,30,97,-106,38,-50,-18,62,121,135,99,-33,24,162,57,-12,-45,18,13,150,-41,45,193,112,182,-26,57,79,-30,-79,158,-27,95,24,41,46,53,120,98,250,161,-53,68,105,182,-58,-17,50,-188,91,-158,115,15,-180,15,92,125,84,14,-53,124,205,75,-80,15,30,44,-82,-105,23,153,77,88,16,148,47,204,88,130,-30,-48,6,122,109,-254,51,-62,-159,104,167,53,94,131,-38,139,-40,2,98,119,179,39,5
-18,-17,207,12,24,101,38,133,106,-36,93,76,101,106,100,-56,-108,-73,47,122,61,-3,-102,104,-111,26,152,160,-216,165,-51,36,122,51,156,164,123,26,-10,-62,38,-102,41,-136,64,-53,60,27,77,73,55,34,56,25,-11,100,-94,172,131,86,185,80,56,75,-82,93,81,0,23,174,-167,-238,-5,22,-47,-8,231,-80,130,133,81,-27,42,50,81,155,153,48,122,88,69,99,61,176,-25,81,32,156,153,103,-89,90,56,121,100,-117,77,9,-18,-34,72,122,94,126,87,-5,-24,-60,78,131,193,77,50,-33
-40,-36,119,94,150,12,-16,15,-102,37,133,-75,66,-44,123,151,0,-4,-46,153,-38,99,92,216,-84,219,56,-100,-34,88,-16,-35,-34,70,-9,95,128,140,123,3,-19,-94,58,109,115,142,87,98,120,93,-24,5,51,-51,-13,148,-38,123,70,153,43,-132,-120,-79,-80,69,-7,-28,104,63,96,61,40,-32,97,-2,113,60,56,172,-67,43,172,35,9,-9,94,-18,-62,-8,119,114,-39,50,-282,65,145,109,-128,166,-61,17,15,-35,-130,32,42,118,215,-10,51,28,21,18,18,54,78,75,-231,98,-27,-77,35,-21
178,-40,6,24,53,56,16,-11,104,89,3,-152,-23,125,79,59,47,121,-69,-24,48,-139,-23,36,99,6,42,44,-11,64,20,78,-99,65,61,92,100,-27,-75,54,-56,-188,-56,160,-16,-48,80,173,43,-35,39,1,-111,183,73,-14,41,122,187,-70,-140,81,47,245,-143,94,73,178,-41,46,71,148,162,50,139,-67,75,-81,-107,24,69,-156,43,52,-57,-63,-29,-62,34,-191,68,-4,54,-31,-179,-37,13,-10,67,32,-21,19,8,-44,-10,47,-113,70,-126,-35,7,81,-214,125,53,94,-46,85,85,6,-7,-124,-61,24
-8,140,-79,29,-84,-45,-23,-18,56,30,40,168,142,-63,-141,255,-27,36,-51,169,-140,32,-98,-129,-126,43,61,208,-10,188,69,30,-102,-7,7,-37,-31,17,-42,-132,121,-10,220,76,-7,-62,267,-23,94,-59,135,62,-89,28,74,-81,72,140,210,84,59,48,16,-15,52,10,21,-95,15,204,53,118,-38,206,-33,-118,47,5,-215,-60,-198,113,-84,-20,155,55,-39,2,37,-61,43,104,98,61,3,36,1,8,-173,138,37,49,97,100,46,-67,-39,-116,10,-41,-106,31,-174,87,42,187,-41,154,32,-82,113,145,9,60
66,4,29,172,3,143,106,122,139,29,92,205,55,9,-41,-66,196,-114,186,-23,6,121,-49,125,171,-31,120,-51,164,-192,194,10,-19,40,-5,128,-18,86,37,34,159,-2,33,-108,29,-124,40,-68,6,58,10,174,-119,11,62,7,57,73,213,-43,196,-36,147,13,85,-21,42,-3,30,39,113,82,62,132,193,-99,67,64,-28,105,-87,-155,-16,-159,226,178,7,98,-51,124,75,80,145,91,31,-79,-67,-52,65,145,144,133,148,72,-9,43,217,25,-193,172,104,24,320,33,230,20,15,74,233,152,261,82,-9,138
-17,-63,132,93,195,123,-25,-5,-6,116,79,-61,-83,209,-47,228,-144,-123,9,-50,-147,-134,-63,-36,96,38,-63,-58,-62,-118,-45,-14,140,92,172,-71,-126,120,16,212,-16,137,-109,160,-16,-9,-35,143,35,166,233,100,42,230,-88,-31,-18,-55,97,207,21,129,139,190,-68,-59,-43,219,-27,45,108,33,93,-140,131,-27,-118,104,-188,27,124,-65,117,-17,226,-36,-87,43,-122,96,-133,123,-86,51,-17,113,-126,-55,-128,31,204,157,58,40,-90,-107,138,35,35,-51,88,63,-73,147,70,-29,64,138,30,2,-110,-23,49,-10
11,197,-31,144,146,165,163,42,121,151,85,230,212,-41,-80,-33,65,67,225,33,-3,146,-14,273,112,-105,-11,47,125,131,11,129,168,32,83,-76,-207,-54,46,40,234,114,218,-24,-9,218,28,43,114,-31,65,98,29,165,117,-134,-102,38,206,40,12,62,-40,48,126,-121,-10,52,148,-83,-76,88,-46,77,201,-61,33,43,11,58,131,-193,98,-113,70,206,-148,49,-45,-98,99,148,57,28,119,92,177,107,22,62,32,215,7,91,-26,31,217,12,-12,20,10,-106,4,-42,293,127,91,104,147,-50,264,86,-6,3
-29,74,-39,-16,142,64,104,-83,-28,-82,50,-17,139,88,27,-123,-190,22,122,84,-14,27,79,132,21,-165,38,48,15,17,61,145,241,98,110,-29,-40,15,-146,71,1,-14,-129,-71,24,72,208,22,-63,10,21,-32,-43,-27,121,128,-273,103,-10,-41,-72,87,-45,36,124,245,41,158,20,123,-24,69,101,-24,50,-133,133,-9,70,38,44,153,99,-52,-119,-45,-184,97,117,-153,-17,-4,-32,-97,163,102,26,-12,163,-31,-116,1,58,-96,148,-45,-68,-24,117,-88,-80,16,48,70,-60,3,-14,-29,-79,2,60,244,-71,-38
229,100,72,-37,17,-109,29,-51,84,-2,-66,53,88,-25,24,22,106,19,65,-22,5,-33,-54,-122,80,39,222,64,-84,104,-28,124,-60,-44,149,86,-53,-65,-84,47,72,-68,39,20,43,-35,-38,115,135,-162,10,93,61,112,-112,48,-79,102,-31,-19,89,31,51,-101,-78,-28,44,-47,-66,17,104,-21,179,-17,-128,88,-3,10,-154,8,9,-106,138,49,-39,54,113,-23,88,-93,-3,-37,-96,26,-236,175,4,-30,-133,23,-85,97,-185,-100,-9,84,86,-73,17,-16,48,-79,-28,1,78,-40,-29,2,-17,-60,-201,204,-1,-275
55,100,-15,-44,-92,77,67,-113,-144,-25,-111,-30,105,-107,14,73,62,52,-106,41,-103,64,-70,96,35,31,-104,66,-40,-60,84,-41,-107,-83,-38,25,-25,-70,6,-35,117,-41,107,-56,177,10,-88,-35,119,45,61,-68,9,-27,105,-49,-224,-31,1,1,-79,46,-86,93,92,3,140,-8,128,85,85,-43,-91,105,-48,83,50,-84,28,-45,156,11,34,-65,24,50,75,134,76,21,-25,87,-10,-81,-112,-29,-78,148,-58,-75,65,-128,89,-33,-94,38,18,54,23,77,91,17,118,134,-20,99,0,64,-80,-221,-17,-54,40,85
37,172,-5,78,-85,198,72,13,143,100,-51,95,142,21,-171,-35,117,-45,36,-66,0,-48,-145,-5,21,-182,104,26,-53,26,15,-155,123,-69,169,-30,12,169,-95,-40,57,-76,40,-95,55,77,25,-54,56,-173,94,101,138,-47,52,101,-50,54,25,22,134,173,120,-36,-89,26,13,-133,-113,-35,-22,-53,-17,-86,-43,-96,99,-25,-107,-57,69,-92,86,25,7,306,-88,-16,0,-129,84,112,-142,79,-200,108,-26,239,-51,-175,-100,55,-96,-17,-90,83,158,-126,112,45,-14,-18,38,-51,150,49,35,71,29,5,-86,85,-210,-257
-3,55,75,157,-14,10,147,145,59,52,96,-5,-55,-133,123,26,128,67,186,-10,48,283,124,180,69,97,262,-86,31,-45,54,215,-32,76,15,189,-174,-68,36,244,77,172,155,-73,-71,23,28,-28,138,50,-66,18,11,68,0,230,148,-111,90,17,283,31,72,-100,127,-59,19,8,-8,-1,39,-37,-25,72,152,79,-56,-46,73,143,-41,-103,25,-90,74,-19,5,46,10,64,175,50,108,76,211,93,285,-61,203,66,33,145,-64,-75,-13,29,198,40,-35,28,53,203,118,34,73,60,-5,93,115,133,194,-6,203,123
86,161,58,-65,54,120,158,45,25,28,201,31,23,-18,54,78,151,64,84,7,47,3,22,182,107,131,-105,-26,-22,67,-21,-93,-52,-70,147,9,124,-9,15,47,90,93,-37,-16,279,22,-33,-24,62,-14,43,16,-25,100,-73,-1,40,114,115,156,-4,106,-40,119,-23,135,31,83,112,-60,47,-62,-77,2,127,-48,234,-37,-38,7,101,176,-168,-36,-99,39,5,141,-18,-93,-106,-44,6,115,-102,105,-30,-20,39,-85,-96,-6,-126,-77,10,90,-119,-56,58,-31,51,45,18,125,65,-1,100,-138,-108,-129,-189,233,-25,8
67,84,49,-131,102,56,62,121,-118,93,76,140,66,-47,-142,-136,-14,35,-7,231,-118,-93,62,-72,160,24,-135,23,117,-60,-92,44,-71,151,119,-41,128,14,99,-68,-55,223,47,7,-21,130,-103,200,-81,-54,107,-21,20,72,50,-99,178,-75,119,-22,-202,-37,27,-7,7,-94,21,231,0,5,-137,-52,-2,-90,193,25,105,-52,-48,14,5,-14,29,118,-173,-131,-123,21,-130,49,-62,61,-78,110,37,-149,-131,-46,-36,-33,-102,-145,26,-63,8,-12,-240,153,-42,-124,-48,-148,-72,31,-43,49,151,135,166,27,-23,-82,99,-11
150,159,82,-85,-63,143,53,-10,11,101,156,128,14,136,67,78,144,-57,38,178,96,-59,-77,-28,109,-9,24,65,36,52,101,70,41,38,119,112,82,171,40,-108,0,74,-39,97,18,-36,166,154,125,-97,-39,126,-66,-52,-186,-61,-6,17,20,106,-32,-78,22,-111,76,125,24,51,75,-86,33,164,62,-12,-36,-46,133,46,-31,93,-49,31,69,-61,46,85,85,167,115,222,80,-108,45,-11,-55,155,-80,-61,-9,153,-94,129,22,117,-27,14,-98,48,52,10,59,23,85,61,-25,157,-5,26,144,-46,-101,216,168,-39
-45,-2,62,3,57,56,-140,111,36,127,133,55,31,137,115,-1,52,-94,78,38,-95,32,-40,50,101,-191,89,4,80,-2,39,54,45,145,104,-39,30,176,48,-30,-89,97,100,-76,-1,-62,61,157,-56,183,197,-18,-116,18,17,-106,147,228,194,-78,8,54,143,-94,91,95,160,47,-98,255,76,42,-104,46,7,65,128,19,65,73,-162,45,206,58,191,64,62,222,27,22,-119,202,85,51,14,28,-67,-133,8,121,-168,194,-20,141,-101,46,65,-57,-16,-86,-142,176,85,81,-43,-113,57,106,87,86,49,26,-45,23
-50,93,-160,5,40,96,-107,84,110,165,-49,391,59,69,-229,-153,92,106,-64,171,-3,-27,72,-63,-53,-138,-109,-12,49,19,-67,-48,88,94,219,73,36,183,38,36,70,128,39,-191,242,-231,28,65,151,65,149,-16,113,-62,-4,-83,108,-119,-20,-21,7,158,-73,37,169,-7,-46,5,222,91,56,-28,-120,-3,-40,40,50,42,41,132,-36,2,-140,37,182,-3,-19,41,-47,2,40,-182,62,-56,147,38,-38,-75,-112,-114,-146,17,-115,72,67,122,100,15,80,1,121,-9,0,149,59,27,40,67,-9,-31,-14,165,8,-69
119,113,-28,-44,172,-33,17,-18,34,-144,82,-47,-18,46,43,62,142,151,39,-20,-104,201,143,120,95,-105,-145,-8,84,94,46,235,10,-56,-40,67,113,-135,-105,169,-34,282,3,83,126,-89,-16,43,-66,-12,-73,38,36,79,129,-56,-115,9,82,-5,173,18,-68,148,185,87,39,65,47,68,143,54,9,-83,32,-90,106,221,179,1,35,71,118,-98,-65,204,101,191,76,-196,105,40,136,-21,46,49,79,-84,70,172,67,54,-16,130,10,81,115,76,57,6,4,19,54,-87,108,-12,-36,50,-82,-22,-123,57,74,88
144,2,-79,-35,85,65,48,78,41,-9,213,162,112,134,-118,-222,99,-54,110,89,27,41,7,36,97,-195,104,9,56,86,353,52,124,-27,192,31,-8,36,-203,2,142,65,-187,-58,290,-100,149,1,68,-119,-77,59,-26,129,25,-106,-97,17,116,29,64,98,164,155,232,58,18,62,194,40,-52,86,188,176,-32,-38,51,16,100,49,95,-85,18,-24,18,192,-85,-13,-12,11,31,-94,43,147,-158,110,27,90,26,79,42,-61,233,106,-84,-20,39,95,-143,21,82,-27,165,26,24,216,65,-39,260,58,159,105,-69,155
148,9,-139,-33,-8,142,-124,-140,-52,-28,14,-114,12,-39,4,1,157,-74,129,127,104,49,72,-20,210,88,35,-70,64,102,160,51,105,133,149,79,-39,-133,-137,159,11,-23,-134,55,115,23,17,-15,33,78,185,95,-78,86,-44,-13,-60,204,-37,104,13,40,17,44,-15,-72,134,50,42,119,0,6,97,-96,145,-59,10,-172,17,13,90,-93,38,169,-167,81,-17,63,-57,74,-27,-163,-86,48,-179,-2,-22,37,-85,150,32,-32,85,27,-5,89,23,171,-66,-85,155,56,138,-177,207,-239,-6,-104,17,110,136,-120,-70,261
33,82,-73,-71,87,114,16,38,89,132,182,20,36,108,-4,8,-20,76,143,204,-125,68,-19,86,158,77,83,61,-95,139,-25,-33,-35,-55,66,104,-62,-67,32,65,-35,209,105,-27,51,63,88,125,29,-33,88,148,186,91,141,93,57,19,-15,-13,-30,97,-47,-37,85,-43,-1,-55,-10,-58,3,71,97,122,45,-109,-59,-15,89,10,-14,85,95,70,-4,-36,-9,11,13,-104,-3,-72,87,64,-94,117,153,-5,127,129,-62,71,35,-17,-18,-80,-2,171,29,22,-12,10,66,21,125,171,-80,46,49,-88,-38,39,-41,-21
-39,105,97,-63,45,161,-75,192,121,-43,-55,78,7,-114,-35,-124,21,-36,13,80,-21,38,54,-106,36,-170,36,50,101,53,-93,-10,-63,-21,53,8,55,98,-48,-150,131,52,111,143,180,34,59,-24,82,125,43,-171,97,-83,43,85,-87,103,94,21,2,26,104,168,82,126,31,170,23,132,13,171,-122,49,5,59,157,-27,47,51,103,-8,102,43,164,-73,101,180,145,-33,-5,221,111,-93,4,-41,-34,-46,78,-133,90,138,4,9,-40,112,-94,88,91,-62,111,0,47,115,41,-8,-58,76,50,-87,-37,0,188,-109
68,179,61,36,277,-121,239,30,242,45,112,91,18,-115,58,28,131,21,-61,60,61,99,-12,34,-4,-47,64,32,7,226,-17,-92,-47,-65,-19,-4,38,-42,56,89,18,-13,94,138,136,-46,-17,-46,3,97,8,-22,63,45,77,159,-15,66,148,154,122,202,92,217,120,163,148,131,151,51,115,-39,-84,101,-16,-17,-16,22,-42,124,76,-179,214,14,53,92,-80,76,135,-77,206,36,-33,120,-7,106,3,33,42,162,-48,115,54,-95,-3,124,86,-94,-32,69,82,76,-60,16,29,119,27,152,-68,-72,119,58,282,77
6,-46,16,135,146,20,36,86,178,33,103,67,234,28,81,-66,227,153,81,184,83,-34,-63,81,34,-51,109,181,-92,112,-66,287,170,51,48,95,65,-115,-193,-89,33,4,23,-15,139,90,92,175,16,-23,-35,79,77,46,-28,2,-225,83,67,152,14,147,-17,224,79,78,99,151,-47,260,-66,-47,228,51,-17,28,73,20,-37,100,188,-20,6,-90,48,176,-68,71,-83,-171,-39,70,45,-67,49,112,-38,218,69,113,-233,96,-29,34,24,38,151,-64,-9,18,-79,174,61,111,35,145,107,117,99,-59,3,112,63,82
-28,-103,31,-27,30,-54,-43,126,95,-76,84,-56,-23,-54,103,-116,-43,-56,122,-285,-52,210,-17,215,146,-39,-10,-10,103,-48,7,-113,89,-59,-27,-133,-21,63,15,-82,156,-44,-2,-70,61,-55,1,-98,-151,145,-139,5,-110,-3,97,44,-62,186,289,140,-68,-2,173,31,-43,-129,131,-84,2,58,-90,-6,-139,-58,-68,56,-13,23,-59,-27,28,29,-43,-260,228,85,39,174,30,-54,-44,12,100,33,193,-76,13,-120,48,0,101,53,58,68,-84,3,-100,-154,90,-37,-20,149,98,-13,59,-246,-70,13,70,-13,120,140,-110,171
43,6,-46,112,-47,125,13,-143,-17,0,95,49,7,25,-15,205,86,-60,152,59,209,127,63,112,-23,132,-3,-150,171,139,30,56,-59,-32,59,85,-156,-80,51,-19,-20,-9,81,91,148,19,107,-106,36,54,-102,115,-8,126,-56,-114,109,42,143,47,-41,-74,134,-72,158,-8,26,-32,6,-82,78,87,-129,199,116,-71,11,-136,-167,186,57,-74,63,52,113,-66,-21,16,0,104,240,16,-118,88,-176,94,17,-22,-29,-57,-55,211,137,6,-110,226,-33,-192,12,-26,179,147,-104,-38,199,15,100,97,24,41,48,-198,75,110
-33,-120,36,11,100,58,-28,-15,66,198,-11,94,169,99,-82,-81,-208,11,140,-27,-18,-93,8,119,28,-45,94,34,77,71,-46,-164,46,-21,169,-40,-14,57,-17,1,57,61,94,-144,-1,-152,8,128,-42,141,93,44,153,-67,9,-139,281,31,89,132,107,-61,109,205,88,-296,-46,63,-85,123,-29,36,72,-1,11,278,-77,218,115,-110,198,-66,-173,-56,77,11,-155,129,-63,-26,59,106,116,91,70,12,88,55,147,-41,48,209,-34,-66,-132,-55,64,-3,48,70,-1,138,51,117,16,88,85,-95,-42,-13,117,103,-72,143
17,2,183,-56,38,109,201,-5,71,-23,43,-14,194,151,22,21,4,190,92,64,-53,55,106,98,-13,65,223,-16,48,158,-101,-74,123,-123,-125,132,-131,-111,16,12,-140,100,36,-66,114,97,51,118,-41,10,-42,-1,-106,-30,123,33,-115,70,94,44,-156,70,-98,33,51,53,171,49,-41,54,-47,-28,33,-60,24,-27,148,-6,186,52,176,306,-68,-41,-165,81,-130,248,96,126,12,-222,143,-40,-17,169,5,60,219,62,-128,40,-5,27,-9,225,-176,50,176,11,-61,51,-24,104,48,-72,-122,46,-181,65,123,79,104,5
52,-98,53,51,149,231,160,75,186,81,78,-51,-65,-37,133,-23,160,-96,175,71,107,273,-147,259,52,15,74,71,70,108,340,291,-116,105,0,69,113,-132,-11,44,331,48,78,23,-105,123,-40,122,45,81,-85,-152,-27,125,50,-70,106,-42,163,104,171,-15,-80,-55,-49,-67,52,-67,-62,-98,60,206,177,84,59,-25,-94,-26,-123,-4,112,-100,-238,65,72,111,32,-85,59,-125,32,131,125,-52,238,9,61,-123,117,74,-77,148,2,-40,2,89,82,228,-23,98,-10,52,84,53,94,144,3,194,29,-78,-13,-29,82,98
153,33,62,4,-19,55,57,-45,35,134,29,9,-80,-124,114,69,53,161,-54,-29,209,-9,-42,134,-69,5,-128,39,216,29,-30,21,-64,27,68,82,134,-21,-61,6,31,-93,31,212,-40,-102,98,143,-124,-21,23,38,20,30,-28,-56,-61,178,47,-40,-1,44,245,-16,53,-60,120,18,165,120,-59,88,44,-27,103,48,43,14,-242,-135,173,-15,27,-54,-24,-36,-40,-101,85,-186,207,45,-86,-57,20,-17,-52,-65,-9,-78,-13,23,-152,-103,-8,46,-155,99,-50,-156,126,-73,-273,15,-46,-17,-4,-23,-8,2,-2,99,10,95
152,-23,-8,-38,108,-1,-90,99,-161,-221,-1,-63,93,-92,4,-75,96,0,83,-92,51,140,115,-173,-6,-31,2,-2,49,91,7,74,29,62,-84,197,47,60,-2,41,61,47,-3,86,130,-110,-140,84,84,11,59,120,-38,-39,60,-61,-137,-63,28,-182,76,-44,-42,-4,113,-162,41,49,115,-142,-31,151,45,-34,-64,4,-81,-171,-2,36,111,-54,14,58,-98,-210,-40,35,-57,38,-166,-48,23,-65,95,-70,96,52,-55,132,171,-8,-176,-3,216,-153,104,120,-33,-12,152,7,-14,31,-1,2,-22,16,-38,-16,87,6,-25,51
-40,26,67,141,36,0,-4,-1,32,-115,-195,-27,-38,51,23,126,21,2,-42,-73,-89,24,-9,-21,17,125,3,138,-28,-45,-97,26,-64,27,-68,41,-125,-63,-173,36,26,-66,-33,117,121,22,-106,-147,25,209,147,-56,71,5,-199,77,-110,77,-33,-27,117,0,22,206,-26,-55,198,8,-42,19,115,-144,-85,72,42,50,-44,-85,-12,39,20,50,30,94,12,-8,-117,-21,-97,153,51,118,-122,-51,-15,-101,44,-46,-124,-135,91,109,-117,-19,-56,209,40,128,104,29,69,-59,-115,87,43,-49,49,310,44,94,-156,64,-23,-67
196,12,14,50,38,84,24,-30,106,88,188,-67,41,203,67,-74,74,-38,73,188,76,65,-35,159,120,-106,-56,87,35,122,179,31,16,78,297,134,169,21,141,5,40,131,164,70,-22,121,-104,142,-118,-11,23,-20,-48,29,15,-156,89,24,70,55,128,17,20,93,-8,188,16,195,-75,121,-16,-6,118,26,-1,-153,70,3,-127,145,40,-23,-105,-25,-66,189,93,32,48,-53,34,133,156,141,115,112,-25,79,114,116,-151,29,158,243,31,88,7,93,-50,-18,-33,93,64,144,38,164,23,-130,-9,-64,45,0,110,123
43,108,89,-65,22,246,45,118,-18,43,223,97,113,224,-216,-28,60,5,-41,187,-33,93,-23,-30,87,-81,-136,-5,46,-30,33,-79,6,-91,103,116,134,139,120,-108,29,40,48,3,111,84,-216,227,140,-75,-29,54,-40,84,44,-59,-119,39,148,-11,-26,91,-45,156,-74,214,71,225,186,70,82,-14,157,40,115,-137,221,-143,-14,117,48,-32,-34,57,41,14,41,-51,-20,-105,114,19,-82,49,4,-103,-109,153,46,-4,51,-94,166,223,-25,118,-174,12,19,-6,-7,-66,-101,51,132,106,144,105,177,-48,177,24,193,-6
-91,-223,-43,-16,94,-8,1,-25,161,101,292,120,-80,-33,7,-63,38,84,112,-39,206,36,135,-61,91,4,51,-125,-8,-17,59,102,-45,8,-27,6,47,-5,-66,-140,11,-191,-16,-32,82,-12,-26,146,-114,55,-71,98,-119,-57,-18,-54,75,140,13,26,-37,101,-22,124,25,-25,107,-197,-54,112,50,-39,33,-1,21,-121,-7,116,57,27,-22,139,-198,43,144,-11,-105,-11,150,46,57,-19,-24,73,139,22,21,-182,152,-67,-116,-89,77,6,-48,44,-128,18,-38,22,97,85,11,71,79,2,35,82,-15,109,-12,-4,-42,123
173,100,121,-79,64,123,95,112,-57,-14,110,41,-35,64,114,13,282,-48,-47,-14,-65,152,-79,-93,-18,-55,115,125,125,86,74,67,75,-9,157,99,-63,152,-40,-35,209,118,-4,-9,84,76,21,46,170,-17,206,40,177,19,67,57,-129,-23,131,185,-14,77,-16,-12,-68,-118,37,29,124,-9,-26,-15,208,-28,42,-16,173,-67,-40,94,113,-102,107,-162,-35,176,46,23,22,-9,-70,44,6,149,67,4,-44,155,-104,88,-60,4,-12,161,-69,83,133,44,96,57,-28,166,110,-48,79,21,30,165,5,34,61,14,-44,123
43,-35,-82,-25,117,55,-79,-84,-112,-52,289,-5,46,18,-60,100,-39,34,-108,-123,-78,128,49,70,-27,-155,47,-91,90,-60,21,63,38,-14,84,-124,-23,15,-25,14,57,123,-56,46,-22,165,133,93,137,-58,-29,68,-119,27,87,139,-56,41,161,4,-4,-46,56,-122,102,171,-174,111,119,80,20,194,102,122,21,-57,27,79,-12,234,-145,156,63,-35,121,-45,-30,115,-80,-148,-73,8,110,-53,36,38,-43,-95,-72,53,39,74,22,106,-127,-133,-20,-24,4,-11,-70,29,82,14,-26,73,-9,115,-8,-116,-23,42,97,58
179,8,-69,-37,120,29,-54,-3,108,63,187,-55,99,50,-40,60,-60,129,49,97,46,94,-65,-119,-77,-61,96,122,-141,158,-43,-15,123,-70,-121,-81,-28,55,0,-131,78,-46,125,125,-9,41,-91,132,75,100,55,96,-148,73,57,14,5,58,44,73,-20,98,39,22,1,-72,242,-52,115,66,-2,94,-154,-37,-114,-44,-41,-106,-31,-47,21,135,139,39,111,65,-88,97,41,35,-112,-18,63,-10,24,52,9,162,84,291,35,27,89,96,12,-135,-63,-24,-134,-28,-59,32,93,-92,28,-4,-17,106,121,-59,75,109,48,220
49,118,-132,33,27,133,-134,135,133,125,37,51,122,14,44,74,38,67,10,-35,-21,145,39,32,144,-77,189,-24,87,154,113,-47,60,77,-25,-53,-93,211,189,-3,-3,169,27,59,37,38,-179,-119,-86,-40,190,-9,-1,84,154,-7,-96,-30,200,97,-47,49,77,125,-78,111,-35,-15,81,-145,206,231,144,77,2,15,-38,79,175,70,-107,3,-96,137,16,66,257,254,136,-103,-3,92,173,214,41,54,72,-114,97,136,-4,61,-109,65,58,11,177,29,-5,89,-86,138,82,-10,84,-35,-110,106,-128,-22,147,134,-116,135
-86,149,-60,57,-31,107,9,31,-106,-31,6,67,73,-71,32,-19,-25,114,-27,104,78,140,50,-46,103,-2,84,153,108,213,86,222,161,-12,276,150,60,12,5,51,212,150,159,17,40,-36,-7,139,86,-109,101,67,7,151,61,-9,12,99,-15,-53,62,-5,-20,-43,37,-129,79,155,-59,58,0,113,218,-82,59,-22,77,-165,-67,130,-3,-80,-33,-4,-33,35,30,164,86,-25,84,131,15,-50,328,10,98,36,13,-14,83,76,4,86,131,31,23,143,67,-43,89,-14,74,-19,162,-52,0,-2,72,72,-8,72,-14,-64
-69,21,71,120,-46,-133,105,18,-224,-115,-4,-6,131,-172,15,117,132,32,-22,-129,-94,33,-110,34,-89,-52,-98,41,136,38,-82,115,-27,-132,80,-76,-27,-98,-85,-31,-29,104,164,78,12,-160,106,-117,-7,-163,19,120,-110,-91,-98,-92,151,35,40,-59,-20,-135,-214,-68,158,24,39,16,26,67,-18,-48,-131,169,75,62,-69,113,91,4,-107,8,73,-36,161,225,28,166,155,-86,268,172,165,49,87,106,-16,18,3,142,23,31,145,228,-47,165,158,-92,-102,-25,17,35,33,-185,-36,34,-47,61,5,-88,-13,-87,-108,-4
-100,-71,15,55,222,225,16,88,57,-45,150,107,-72,-56,103,-53,-158,4,205,64,26,82,72,215,-38,-76,17,-196,104,-23,117,244,-125,-28,195,19,1,-133,52,47,188,188,54,28,79,-67,66,73,-54,97,-131,28,36,54,101,128,168,202,266,88,231,127,89,79,130,8,-46,-45,-133,153,-82,124,-5,31,49,134,91,-30,120,106,91,9,48,49,232,12,-173,-100,-112,-113,37,4,176,13,102,80,206,101,-16,-118,199,242,4,-36,66,144,-29,172,-3,-194,84,129,0,8,22,27,89,222,139,128,112,10,85,42
18,107,73,-15,51,-19,238,30,126,-10,61,-19,88,-198,-35,104,135,38,47,-93,-2,29,-9,161,-94,56,-1,-106,-15,85,30,151,74,3,89,-67,-64,-30,91,34,37,108,-130,-53,-32,91,144,-149,-138,-252,201,69,58,132,122,-51,-3,-63,107,83,-22,34,61,1,105,-54,-79,-36,86,6,-18,18,-33,46,-77,-119,-52,72,19,118,-12,-78,102,-13,156,151,-39,113,19,69,-50,-11,40,-26,76,193,27,97,58,143,25,55,-28,68,-57,-88,15,-157,-124,-66,-130,-181,-44,-25,-2,18,147,59,11,-131,93,59,-9,12
154,100,100,153,101,324,-100,-32,154,104,37,36,-48,103,-21,-144,-64,-97,54,114,63,26,45,26,-50,98,-141,238,53,-2,-11,62,-3,-75,57,91,-26,48,159,71,118,114,24,88,-8,-72,-148,127,83,201,66,40,-61,79,-32,150,43,114,94,150,186,121,245,92,3,190,100,165,106,26,73,29,25,26,65,113,-9,-12,-43,-61,181,22,-56,49,160,66,86,-23,-132,13,-141,83,106,-214,30,48,-119,19,52,48,53,319,-8,-45,19,98,-21,66,39,-49,27,308,181,85,148,-63,32,118,24,-15,-113,18,100,-71
-33,96,60,101,-33,29,52,-26,86,-36,190,89,-8,-17,-133,13,-188,91,-37,137,56,16,40,230,164,21,9,-136,20,-148,-105,-16,145,-22,155,10,-125,-134,98,-45,186,124,88,78,76,-144,-26,29,-78,87,-135,-20,-147,81,-42,135,15,169,128,101,53,180,-76,143,-96,74,27,-84,-35,93,64,-28,-28,-61,73,-41,-1,-15,-159,107,-5,-2,-211,-187,70,179,-57,34,101,65,184,-59,5,-35,-78,156,-32,-96,-68,-57,67,158,83,-84,124,-41,15,168,-163,91,146,118,-5,127,26,-106,-107,-7,-92,-58,-191,139,81,38
-160,37,153,70,128,-15,155,143,122,-88,-77,-1,180,-62,186,75,95,232,107,106,-51,224,115,213,-105,-128,38,13,108,28,-121,110,-26,38,122,87,54,24,77,-30,-83,186,104,-16,73,89,-13,-87,-71,80,-19,120,-40,-28,103,-115,73,319,171,84,18,-93,-193,86,-28,79,17,-131,-36,167,129,158,33,-92,7,-30,54,-99,22,17,-64,100,96,158,-92,21,118,65,41,-92,158,90,220,56,57,37,195,83,-36,24,-61,101,-8,36,14,47,-74,57,56,-41,-115,98,-14,-148,160,76,52,-64,-220,42,78,-64,-2,-5
-12,243,89,-7,47,26,52,195,48,-14,86,156,140,42,29,-79,70,127,83,-38,-136,150,-137,98,133,-83,-115,112,150,-20,-41,171,156,44,53,71,-22,-27,-85,-63,-67,157,94,102,45,-27,14,101,-111,60,105,144,2,156,-20,115,-51,66,81,30,13,144,26,137,38,127,87,40,-25,135,-40,31,60,25,178,-86,40,3,10,-17,-29,155,120,211,-20,169,-73,-106,70,-185,128,48,-58,-132,180,-26,56,47,-11,31,-6,48,-35,151,147,-40,8,100,-51,-60,-89,-11,-83,78,113,-69,124,156,-35,58,122,-3,27,-22
