38,-54,-3,28,-29,141,21,46,-15,121,28,-37,52,44,-41,78,-107,24,29,135,68,24,90,-83,-10,116,-44,-18,71,1,82,-86,-6,60,114,-9,-58,22,-25,10,-164,80,-138,-14,0,-28,54,-9,32,44,-47,1,99,31,72,167,-17,-50,-37,87,-26,-15,157,50,-43,13,15,-117,-144,-19,-44,84,103,25,-25,78,18,37,-73,-24,15,-28,-20,128,-124,43,-28,44,-66,1
73,42,95,-43,87,-162,-71,27,-46,-55,16,-13,105,152,34,76,-113,-65,-90,48,-4,36,-151,-93,42,59,89,11,5,86,-17,48,7,-106,78,-29,106,50,53,-36,50,170,-7,-12,71,-56,61,-10,57,-41,155,61,-10,58,-48,30,43,-152,-73,87,-76,22,-20,45,-20,95,-38,-41,-70,-110,65,27,-90,58,139,67,-44,55,96,-162,84,161,112,-47,-39,16,-29,-50,37,136
83,34,242,75,35,-19,55,118,122,-82,135,42,-42,34,67,49,214,137,-12,21,-179,-113,227,106,67,-65,117,113,110,-50,-135,35,-18,-3,65,73,111,-50,137,159,112,132,-21,-18,75,-59,73,-79,99,201,-46,30,25,120,-9,56,-7,34,90,92,111,12,36,11,-50,78,40,42,81,135,30,22,136,-61,10,33,-87,114,-20,-75,80,41,38,-21,-80,81,141,-69,113,8
218,-98,-16,-78,111,26,-8,203,-49,-102,-73,173,51,-187,-8,-117,-93,-65,-6,33,128,115,-4,42,5,63,-39,87,68,-40,-34,-44,308,76,49,30,77,2,37,42,-46,-82,151,121,93,7,203,82,59,-77,29,170,11,75,27,-49,-79,157,-66,53,-57,50,36,53,-109,4,-54,-82,-58,-38,-45,15,47,169,-3,62,-5,189,-122,-142,111,-64,165,58,-55,-81,42,1,58,88
85,22,53,9,22,-144,-36,104,6,11,100,-49,38,9,52,21,105,7,24,-124,-45,-37,68,77,-34,-23,18,43,179,59,215,-81,43,-8,102,-25,-73,45,-59,5,-104,-77,-5,65,147,-53,101,2,111,69,-33,100,7,144,100,-4,130,-42,19,108,168,45,161,-2,-32,15,58,-69,-35,133,146,-81,-15,-21,92,-77,6,81,-55,-137,-15,-13,198,-4,57,-172,68,-15,56,20
72,-52,-12,-48,-52,-12,163,85,2,-75,-41,72,6,116,-78,89,117,124,98,20,77,143,-28,10,67,86,92,105,167,-39,82,148,47,75,121,25,-81,115,71,30,152,-29,-61,-26,144,-107,33,52,-162,99,52,136,-54,134,-32,26,66,167,-29,-134,85,-220,-32,181,170,143,-21,168,141,24,75,118,-25,50,15,-23,49,-61,191,42,-5,88,-16,125,-72,30,139,-4,14,-46
-25,-31,48,-24,-28,73,-6,130,213,48,103,-39,-65,44,89,-53,-8,138,-4,-51,-34,28,73,-169,-105,82,-90,-77,-38,60,63,76,110,84,51,-28,-64,57,76,144,-68,112,28,92,137,-6,76,-113,42,-50,60,44,-1,63,187,21,133,123,-30,38,59,-93,-57,-4,50,45,27,99,113,-41,74,126,-10,18,43,-70,32,-28,-30,17,-58,14,-73,-31,-11,-59,-139,-34,47,-89
144,-25,9,-103,50,-6,136,97,13,28,59,76,70,18,-135,-40,-57,-82,-22,112,77,-17,-37,18,108,52,-76,-27,22,82,-60,46,62,1,58,-110,-76,-12,76,29,-56,159,88,-69,-18,95,45,30,8,-12,-143,-82,127,122,-33,-113,-16,-57,74,115,-53,59,-43,-53,-83,41,-46,41,107,-4,23,151,46,106,-77,27,-55,73,32,-8,-103,2,19,-154,-80,-54,-31,63,51,164
-55,-28,4,69,64,-52,14,101,-45,25,-123,46,9,13,33,-13,149,52,-74,-21,-21,-34,-75,-76,58,95,128,23,83,106,-8,-142,70,58,133,-29,-56,-79,43,100,-7,-139,-48,25,71,53,-75,-138,89,56,86,250,-87,196,51,119,60,-23,-71,70,103,96,60,38,12,20,8,-30,9,65,67,126,55,39,-86,-21,114,11,-147,-83,-20,130,198,-183,57,-75,-47,57,27,123
-3,-52,-21,-93,-45,103,-17,-31,12,-72,-100,108,-39,35,-78,-26,18,-32,-13,45,65,57,115,29,131,142,205,-22,111,-41,-100,28,68,135,49,-93,66,-22,126,-120,113,-70,-86,-15,-24,-31,-40,-25,-157,98,70,123,76,81,-28,-7,-75,5,111,126,98,239,71,-115,-20,56,-23,124,123,163,-47,-29,148,87,-98,137,4,6,-72,76,157,-36,35,151,55,24,25,22,40,247
216,-2,73,87,-157,179,39,-79,91,63,-13,184,45,-39,-81,9,79,31,52,69,-102,122,196,64,36,-52,-47,-11,68,0,-14,54,-32,-145,9,46,-40,-5,-17,21,54,-105,50,-23,-19,-25,148,73,87,34,69,-19,-16,-68,-37,46,120,140,-93,86,-19,93,-34,-3,-28,88,66,-219,-61,66,-63,12,158,9,-65,128,79,24,-124,-75,47,96,-110,-26,-65,128,-9,-121,-167,71
-16,-78,105,-175,79,-155,-144,-3,136,-1,79,-67,-56,-39,60,67,87,-3,-32,46,32,36,117,42,-18,132,70,43,-10,-99,105,-51,-56,76,-3,-40,-137,-26,76,-87,-38,50,10,55,223,-89,166,71,-42,84,-65,74,11,158,36,18,91,7,82,104,129,5,-13,23,-88,-5,-1,151,93,113,109,-78,-48,-28,-1,-44,-57,13,149,-109,-34,52,111,-32,94,37,2,-72,-29,49
66,10,117,19,7,32,-52,171,91,59,-18,147,-49,48,15,-102,104,118,9,193,34,1,72,-86,74,0,70,172,127,-34,-68,156,-34,-2,-41,-13,123,-26,28,57,0,36,34,74,97,40,29,-123,122,114,60,168,-22,50,-26,25,36,105,6,-24,56,-29,-74,95,-4,131,63,-123,165,-66,96,0,104,57,69,19,39,49,-1,0,67,83,-28,-56,-22,-54,66,-8,160,45
-24,6,109,14,-28,80,34,88,126,-47,-31,-26,-35,212,131,-25,-53,65,89,-10,-31,-24,171,-5,76,52,-157,19,15,83,127,63,11,25,53,-21,-42,-5,56,63,7,21,-83,142,76,20,38,-21,9,170,-49,-100,-22,205,43,39,-26,39,31,57,154,-16,117,-154,-33,53,4,115,27,-37,69,-23,121,41,27,-185,97,-4,20,70,132,18,58,-20,-72,19,15,-32,82,-52
-39,-96,74,83,-104,86,-3,-82,-21,65,-27,124,113,10,-25,-16,17,74,-44,-72,87,105,120,-60,132,32,161,40,-46,-27,100,247,60,-64,-75,-31,82,47,73,-79,161,-23,-30,185,147,-104,-99,-114,98,0,121,150,153,-2,-17,70,-109,-87,70,4,114,30,-21,-211,-61,109,-3,-16,52,67,62,112,70,153,-69,188,174,-90,-72,67,22,21,-57,-79,34,55,-29,79,71,112
191,44,35,-22,98,-74,-28,86,64,-87,-56,30,-82,-9,252,-35,-62,185,158,-60,-167,2,-27,28,67,71,-31,-52,-26,175,-23,-74,96,41,71,34,-129,-7,101,127,-106,-23,42,24,137,59,51,34,115,-24,-50,-31,-255,119,-180,-53,39,119,-73,-37,5,13,64,-2,-198,63,22,-32,0,-18,124,-8,53,86,59,-24,87,59,-157,-93,12,45,25,53,-116,-51,95,-26,38,-66
-7,19,31,38,-27,48,-188,112,50,-57,6,-9,-148,82,-121,41,8,19,-46,81,-14,132,81,21,2,95,207,-80,-76,74,-175,195,-3,179,60,0,-2,42,5,11,-25,73,-2,76,-29,71,70,-81,-68,32,-69,-30,-45,-60,51,77,-88,15,86,57,25,84,-43,70,78,43,28,-65,78,87,-126,17,-74,26,99,-39,-92,66,71,-6,127,6,27,38,-13,-21,54,-116,63,11
-80,-18,3,-27,37,-26,-187,-80,-112,16,10,73,-38,99,-27,-82,33,189,-49,58,-66,19,-33,-25,59,136,223,-102,16,-74,15,151,20,1,36,-3,99,49,93,84,47,55,-39,-19,24,-32,85,-38,91,-149,-102,66,-80,23,83,121,-8,27,-81,-102,77,-71,-109,119,-27,-20,-102,24,121,-24,-12,128,-34,41,-21,-24,0,57,-16,7,-38,82,18,16,47,-73,-35,-23,-25,61
-42,-31,4,-97,-91,1,50,-119,27,-46,-3,51,-9,76,-59,76,41,147,38,40,-109,-6,121,75,58,71,66,114,86,11,-56,-57,66,55,199,113,-48,35,-8,58,-44,23,2,-87,82,-178,51,-54,-75,41,-61,-34,85,85,26,-1,51,-117,115,26,-28,-11,51,-11,-23,-45,150,16,44,316,-78,88,30,-44,65,18,42,-17,-17,-20,85,-17,6,223,75,23,157,-67,-70,138
95,0,54,31,98,77,68,2,93,-114,131,-11,-37,40,-72,37,-19,-15,-108,-84,14,121,72,-24,8,-3,67,-14,18,125,82,60,-60,-1,57,-99,107,-21,50,-48,126,93,-75,-68,170,-25,37,26,8,27,-57,32,-13,-23,-83,5,-5,116,-11,154,15,-121,-51,31,181,28,-83,-34,-12,-148,-57,-11,62,78,41,49,-60,32,129,-63,37,-71,-82,52,-2,117,73,-96,-3,27
-23,55,-27,64,20,13,-29,37,39,35,61,-3,-40,-76,32,76,56,70,55,-37,210,104,-36,5,-13,120,-40,16,-90,-93,45,-20,55,-23,0,46,63,-31,59,3,-47,120,41,-14,1,-20,96,-75,-33,50,25,-35,100,-7,-2,-12,-129,-33,55,51,-3,65,4,229,81,45,102,-94,-27,54,-49,37,-133,-107,-37,104,127,100,-6,-86,-64,38,-5,17,-89,36,129,-36,-35,23
-41,-32,-50,-3,-89,80,89,-3,40,88,-13,-41,-18,30,-95,60,-51,147,73,-54,51,92,13,35,65,0,37,125,-63,-38,106,-62,15,100,-30,-42,-41,-6,-60,101,124,-29,6,-41,142,8,24,70,10,61,-88,-93,8,203,-103,132,-9,-17,99,-87,10,-71,28,89,82,104,39,-61,37,117,160,61,46,-143,-6,173,91,-143,81,-59,-49,-42,-154,-36,-42,111,103,73,32,27
-42,-5,-112,27,-4,-40,30,117,15,-42,86,-70,169,-111,50,18,11,-16,72,-71,-16,59,-54,-72,-186,131,-67,-41,-129,-22,83,-81,-34,11,120,-125,72,-24,63,-8,-168,102,-10,20,-95,32,57,35,47,-53,42,77,93,-109,138,80,-113,-139,-43,27,-88,26,84,94,39,-9,40,-3,-66,9,100,38,-45,-106,64,159,107,17,-107,-113,4,-42,47,6,49,23,-57,91,-16,23
87,56,78,74,-169,-65,-41,-86,112,177,65,43,-181,33,32,5,-19,71,185,5,-116,78,188,-2,67,-49,14,52,129,-91,195,-84,21,-31,34,-89,23,-7,-14,-45,57,-120,21,-156,78,-89,133,144,-132,80,18,-11,83,-13,-129,62,70,137,-2,57,240,-27,-101,134,74,124,-77,-18,115,-68,91,17,-36,145,-31,64,90,-105,76,-6,6,27,30,-28,-35,-15,158,-77,80,-12
26,-22,163,131,91,91,-110,202,-31,8,75,71,-20,64,-17,18,141,87,-34,91,-20,84,71,-68,-56,175,42,-29,-96,-38,274,90,115,39,-130,-38,-73,-46,20,200,10,121,-30,188,34,107,53,-9,96,46,42,77,1,95,4,113,40,146,109,65,86,-37,-46,91,135,16,-35,52,16,28,7,-3,53,61,-24,6,88,72,-70,-12,-19,122,134,-4,43,44,-205,-39,122,66
-30,-92,-108,89,127,140,-24,35,-115,-66,59,-95,-84,33,-46,37,-80,-10,117,28,-25,27,-42,44,-24,63,148,66,-113,32,57,100,102,75,-221,-24,-39,26,43,107,42,-9,90,85,3,158,121,-65,20,164,23,14,-45,84,-94,-39,-75,-17,18,42,-61,98,-73,-29,30,48,-29,81,-10,61,39,123,153,-39,60,2,120,52,-80,180,-21,-40,-54,30,8,-17,37,-68,22,7
-66,16,231,-98,202,103,149,-72,-67,-71,99,113,93,254,271,-90,163,249,67,80,93,120,71,-121,31,240,30,172,24,86,87,55,183,-15,104,67,-111,-69,50,75,-102,86,96,121,272,-112,86,-20,118,56,-51,57,-20,308,31,99,-85,16,100,-34,159,99,118,-58,2,108,23,150,-18,117,29,62,119,-52,6,-68,84,100,14,-74,264,171,43,-76,-41,107,99,-41,223,3
16,-31,-2,-6,64,-25,80,-69,-116,66,-4,9,-42,-43,-23,25,-54,-144,112,-95,-165,30,18,31,-14,-161,-123,14,-75,103,11,-152,108,-192,-230,-38,18,-43,-106,58,25,-22,68,-1,-14,23,-82,139,119,-40,90,-22,-87,-59,-51,21,71,7,-40,-76,40,-115,95,61,-30,64,29,-21,0,-53,-28,-22,-65,47,-17,-69,184,109,-108,-19,-39,98,-77,-134,55,16,-5,146,84,-12
-35,161,225,152,234,48,-24,-52,47,-4,131,-41,5,50,5,-17,-24,46,-116,-3,88,-64,-215,-25,167,43,4,46,41,58,94,30,-13,-103,65,95,68,-102,-77,146,19,80,-15,59,-53,53,-55,-38,24,-40,-39,47,6,30,-12,70,71,-53,14,14,-108,113,-36,114,40,152,36,-10,-69,-105,47,58,182,85,16,69,128,-27,-147,-44,25,162,-74,82,117,-17,93,37,-2,191
134,55,77,54,13,122,5,5,70,-44,133,56,90,-112,-13,233,-45,-46,46,-11,49,19,39,56,108,74,119,-9,163,-33,42,-24,43,65,110,57,-124,-15,102,159,-35,60,32,-81,104,-2,22,126,69,26,-152,36,100,166,38,12,91,15,-79,321,38,51,127,111,-22,-106,-51,-5,-65,22,46,114,128,112,104,164,-66,26,-136,0,-169,-9,148,18,24,66,46,-59,53,43
70,119,163,-28,56,-4,33,18,21,-83,142,-108,90,111,16,-30,180,94,-46,80,115,36,97,-49,1,-49,8,58,68,-96,38,-6,71,54,-11,-9,27,49,39,-16,2,50,15,82,-39,13,32,40,-42,107,-22,11,117,106,-20,-77,-92,-101,169,118,9,12,-135,67,-60,220,-25,32,149,105,69,23,38,51,-26,143,49,-106,83,18,-79,-8,50,103,37,153,153,-13,-48,55
88,58,36,58,127,-41,187,67,-50,-71,-5,-3,141,83,-65,25,-148,-158,-144,14,196,201,48,12,13,73,100,38,104,-204,124,66,87,3,108,-65,50,-112,64,-164,19,75,-30,-13,-125,-90,27,71,-132,85,-36,18,36,45,79,30,-115,12,57,-40,60,53,141,-124,-1,91,-61,88,-9,152,127,33,6,51,120,144,19,54,58,48,60,-179,163,-5,-87,78,52,36,130,32
-161,-124,-17,0,-68,-23,76,47,-59,-40,-126,-3,-99,-128,-88,-52,40,-58,48,-24,49,-8,7,84,4,77,79,-123,-73,21,-178,-19,27,-43,62,-42,88,43,-70,-29,101,-55,84,-128,-45,-52,-1,72,-89,32,38,-11,-24,-150,20,37,-136,17,6,-81,-148,-92,-74,78,-3,89,75,-23,-61,0,-3,-19,-71,-16,-118,41,-31,-120,-2,77,-100,8,-47,62,30,79,-10,-31,-53,-97
19,-65,3,38,-45,55,72,180,38,-47,13,89,-106,17,11,-146,36,94,1,43,7,-55,113,-27,-11,27,-55,60,51,32,-44,-17,154,70,22,-35,-48,140,2,86,-20,-128,149,-101,92,32,92,-53,-22,-42,18,-26,-16,87,69,13,52,171,88,62,105,-54,-76,10,76,36,-98,72,3,169,47,71,59,41,-101,-4,96,60,-111,-24,38,-56,62,29,-111,-37,57,-56,19,18
-70,-33,-180,-30,87,-27,58,140,76,-3,-100,-26,118,-103,102,6,4,-147,-22,-49,15,34,-92,93,121,-32,-33,93,-165,-72,-135,-10,71,-26,17,-40,142,39,20,128,-3,16,-47,266,-23,50,-55,36,68,-31,121,31,51,128,105,83,-80,38,-39,-118,-91,10,88,99,-123,231,-53,68,-139,-83,94,15,29,-90,107,60,139,16,-189,-51,118,-69,-103,71,-85,121,101,-9,28,-41
140,-28,133,87,2,182,21,12,-36,88,-21,114,81,20,-57,-165,49,113,-134,34,-64,-11,127,17,48,93,67,18,157,-55,107,16,-79,-100,34,-128,-63,91,-28,-19,64,-46,-48,6,-88,-11,-63,54,74,-21,112,25,-93,-80,143,20,23,102,-199,-20,159,118,1,-27,17,74,43,-22,98,10,-35,-22,138,41,5,-123,34,-28,11,-46,106,43,21,92,76,91,29,151,-179,22
20,-127,121,-19,61,77,-59,37,8,-9,-99,98,-270,74,57,-24,17,77,35,99,37,27,58,93,86,175,72,-14,-66,-74,57,56,162,58,-39,18,-47,-3,-84,170,162,46,169,43,160,-93,168,7,-92,179,-44,60,-40,186,-85,7,156,178,151,-141,86,52,-86,-55,-43,177,46,207,-75,4,65,-11,49,-22,-166,-25,84,-39,-45,78,191,58,-30,27,-34,87,44,-42,71,53
184,23,138,-17,102,228,-1,33,16,-134,221,-31,132,40,-59,25,109,39,-5,-66,83,51,85,21,94,151,131,37,20,130,35,-38,-37,115,56,-108,147,21,-10,75,11,25,1,-12,63,50,41,46,133,234,1,-63,-125,122,24,224,-84,13,-32,41,-30,6,135,30,103,19,-22,-72,-91,181,-91,70,165,5,-35,110,86,19,-62,-128,44,36,51,79,103,222,59,-65,-11,96
128,-1,97,-38,62,68,141,62,21,24,91,62,-46,-42,-55,-131,163,70,27,149,52,-74,16,1,-205,87,10,98,101,-39,33,37,101,30,-10,110,-23,-20,-3,64,-80,-123,148,223,60,-4,8,-96,29,122,-5,11,21,70,137,-119,27,-4,47,28,61,4,3,-62,-20,161,62,96,78,116,90,75,33,0,-53,22,25,-180,-88,51,56,63,31,118,43,-28,-81,134,96,-72
15,-16,140,50,-6,161,-31,-55,101,-152,92,-34,1,28,13,65,-84,14,-111,49,48,63,-4,-25,-2,49,77,67,50,70,99,13,23,-72,127,71,-11,-21,3,-31,58,-26,84,59,29,20,172,-28,-2,120,-207,-15,75,63,7,-10,-14,86,33,174,-64,-43,-153,28,-35,56,26,128,-76,51,-36,52,108,10,-7,-29,83,-51,2,-24,83,21,-102,102,2,137,166,-165,-34,43
5,24,194,97,29,15,89,34,177,130,-74,69,-55,-21,-17,-143,183,-37,55,113,13,28,117,66,126,-31,108,86,162,0,-3,103,-62,-121,10,-37,-3,-95,-11,-15,124,-27,-54,102,83,-5,-3,-13,24,100,99,-3,-11,2,10,47,149,347,-12,55,100,68,11,-53,25,140,11,59,9,-34,86,-35,99,47,-49,76,78,-28,-16,64,6,96,23,72,-152,3,80,-14,108,21
48,-64,-93,-69,-99,45,-16,101,43,-97,-58,165,-100,-25,79,-59,-13,213,90,23,59,117,59,28,64,85,59,-44,-21,79,-5,145,115,104,-15,46,69,40,68,84,-125,65,66,104,142,88,120,24,68,-222,-35,24,10,12,-3,-101,-24,149,8,7,39,-48,-150,71,-42,20,-13,-131,-61,23,32,45,31,-42,63,102,70,-43,59,66,-32,-54,-22,12,-129,55,187,-142,105,-71
22,25,258,19,117,141,-111,15,63,-75,216,-39,2,15,77,-9,229,66,22,-1,28,83,213,-74,118,135,192,40,-12,96,88,-19,-28,64,106,-96,105,-32,152,49,1,38,-74,49,100,-91,61,84,-8,157,-59,107,-64,75,155,186,-57,149,-58,2,20,53,84,71,-88,-2,9,89,-30,49,-23,94,93,23,28,72,44,97,72,-35,4,92,148,126,154,86,104,-155,-23,-24
-63,-10,33,-72,150,-5,101,132,38,-23,-10,-17,45,13,91,-34,-22,-14,149,25,114,3,-61,0,177,35,-109,89,110,-24,36,2,60,86,5,39,-48,66,-6,104,70,127,-79,-44,25,73,14,-11,-98,138,66,-90,26,232,128,123,83,79,-7,163,-44,81,73,-7,25,59,6,63,-20,-63,99,-113,201,-77,36,23,9,63,-74,-73,175,-26,-62,244,-106,-4,0,-24,20,115
59,30,90,111,54,122,21,30,131,145,6,-97,-72,165,-40,-94,-119,43,51,-22,61,23,-27,-90,60,5,14,12,63,-50,114,22,-195,-39,-76,-89,-38,-82,23,-117,-64,-43,-10,-16,49,-18,-136,-31,-167,-8,30,-82,-75,-94,-52,-13,64,28,1,202,135,60,-33,83,116,61,-152,1,37,-77,107,-20,61,23,96,61,138,-50,161,90,-24,-9,-120,52,41,104,-14,-54,97,38
3,-56,60,-61,11,-117,80,-92,115,-17,-152,110,115,-2,111,-8,27,33,136,29,46,140,149,102,43,126,-9,62,44,-170,31,12,6,69,50,5,-91,136,137,-24,36,-30,61,-2,65,-238,67,73,29,51,25,60,44,165,26,88,-2,108,64,-115,122,-10,131,-100,-53,43,83,26,-124,130,36,-31,-127,131,25,29,-39,37,-58,13,67,0,85,76,-10,-115,-31,21,35,-130
-209,-19,37,112,-135,64,16,94,91,54,-144,93,-55,104,85,-48,24,140,146,40,-32,83,55,27,119,107,-53,30,-59,-58,109,49,-22,80,98,-27,-40,92,8,117,59,-21,-4,11,43,66,43,15,-113,105,94,41,-77,23,74,45,31,166,-100,-198,193,133,77,68,70,25,60,65,74,-28,-8,125,31,-72,-24,-100,174,38,-70,51,108,36,-11,96,31,-16,-20,90,104,-57
169,31,-77,-112,-152,-13,-3,-22,45,-25,-35,147,4,-147,-66,61,149,126,198,54,-73,-92,93,118,165,-64,8,-13,88,12,-25,71,67,-53,-18,100,-109,152,69,158,-28,-48,58,136,149,-1,83,138,82,62,27,22,117,165,0,37,19,144,42,40,59,-31,27,66,-83,165,79,-48,-22,-7,156,-3,203,78,-18,41,20,-76,-111,42,-27,142,-45,-23,-22,-21,49,51,30,59
-80,-33,114,-108,83,-70,24,-19,60,12,-54,0,-25,0,-4,73,118,89,-73,-25,-21,58,-7,-41,-143,47,-61,-82,-77,110,26,41,-20,-50,-61,-76,166,-59,27,24,-29,-11,1,-6,-34,-60,-83,21,131,24,-98,65,-116,-103,-71,-36,-89,-163,53,-199,-97,-43,-35,9,71,82,91,-174,56,92,-59,28,-26,-56,-10,-15,178,-26,-66,101,-37,96,-41,-39,139,-46,-23,53,31,45
39,32,84,14,-39,140,77,108,24,-70,35,63,-20,65,85,12,-65,89,32,62,185,-67,84,2,24,70,-92,143,210,151,125,-115,8,66,110,-41,-172,149,114,106,-4,-49,55,-4,152,56,-10,107,59,-13,-1,-18,16,130,75,7,-27,49,-116,250,198,62,119,59,17,-50,23,-7,79,16,17,162,133,132,36,-91,41,73,-5,-57,-83,27,177,66,-6,-63,-34,120,49,49
17,80,69,124,-12,22,36,-34,1,46,170,108,182,162,-83,-14,55,65,-98,68,-14,61,-38,-77,171,-8,168,194,-25,-8,79,117,124,-73,-55,44,70,124,-59,7,-19,57,32,6,101,130,-7,-95,158,4,150,49,85,211,-8,28,3,-18,-67,42,97,-19,-54,65,53,33,-40,-61,-30,23,-18,24,-73,-5,95,69,84,-77,-71,-85,97,55,4,-11,-41,-10,-64,-83,138,9
142,-12,52,63,72,16,94,95,49,0,-63,106,-41,-7,131,-40,-92,56,155,-25,105,44,82,127,119,37,-31,-2,61,-117,144,67,32,-10,-241,-82,-8,-14,49,6,90,9,99,98,-31,-38,13,100,-57,80,-30,87,32,63,-119,37,-5,124,139,-78,24,39,-1,-83,71,118,50,37,-104,67,110,-76,131,165,-87,19,208,-19,-161,77,75,53,-19,58,7,-48,46,56,18,48
48,53,173,110,106,76,33,93,99,97,120,100,-142,83,-137,38,39,-7,67,16,-46,-77,61,-2,113,80,-33,131,137,49,46,-110,34,32,22,36,0,141,-113,59,55,74,67,111,176,-56,-95,54,-82,5,99,110,70,55,-30,39,-5,111,124,167,-8,-6,84,139,56,76,7,21,-59,-62,-32,-61,88,91,35,-5,88,40,56,-34,218,139,29,125,-39,93,-17,49,28,150
231,33,10,3,72,78,195,-100,49,-30,142,140,49,-100,-104,-44,28,56,81,17,-31,106,112,11,156,172,-44,122,182,111,3,-71,79,-41,134,-14,-68,166,-19,-7,-112,-59,89,8,-68,-18,-60,97,-25,-29,91,40,20,12,107,-95,-66,14,4,105,-87,41,33,105,-43,164,64,-70,-4,71,31,34,147,114,93,83,159,-122,-118,7,80,25,-66,175,53,90,133,49,-124,-29
22,63,-71,-30,-40,96,-3,10,-106,-39,117,-13,-26,152,-130,-59,4,-35,19,19,-80,-41,45,-80,169,148,133,71,13,131,-29,30,-68,2,72,7,-10,78,-52,125,22,27,-53,65,44,182,-136,-38,64,56,193,50,6,117,83,62,2,-46,39,175,77,51,-8,53,26,63,-50,57,14,73,56,16,92,-17,47,-135,-80,1,-30,-53,47,84,119,-9,67,33,9,-32,28,63
1,47,159,8,-54,94,-78,-63,-75,-56,118,97,-173,151,44,132,-58,2,-75,121,118,144,179,106,-69,166,11,90,178,-57,91,54,25,21,105,36,81,23,-109,42,151,74,9,5,68,-3,54,8,11,182,36,33,-41,-15,54,93,114,50,22,149,71,218,110,-38,68,-189,113,-27,-17,110,-200,81,34,-40,-35,-4,-72,203,-56,-112,23,95,270,98,76,-78,-103,64,-41,87
-98,-100,-6,103,-50,-14,45,93,-96,37,-18,12,6,-99,-142,-19,131,94,147,-65,-109,-78,66,14,-48,-48,-32,99,53,29,21,-104,134,-54,115,7,-79,4,-50,36,-141,-102,-173,91,21,-1,11,135,-139,-19,88,152,100,-25,107,-68,-68,-19,-46,34,11,-53,17,135,-102,66,62,134,129,-135,67,82,122,55,10,-73,29,-145,-36,43,-31,46,9,8,60,-49,10,122,41,28
102,48,-19,-2,76,-76,-9,44,-51,-26,40,10,46,-19,-32,-59,8,105,-112,-37,169,83,1,34,35,-44,-12,8,-70,27,60,55,95,-52,-33,153,-27,6,163,-63,30,-26,31,125,74,132,0,-10,-13,-53,53,92,100,106,35,-198,-41,10,94,203,95,-12,-106,62,129,27,-2,1,131,138,5,11,-155,-16,-142,-1,32,-5,-4,-85,-73,25,80,-148,8,-35,49,30,-25,-56
73,147,-40,34,-71,-32,101,93,60,8,-19,-18,-20,209,33,112,-103,110,67,-1,60,-77,-15,53,89,82,-118,2,164,12,222,6,-72,99,184,177,-54,-52,-108,104,-101,-75,99,31,175,101,42,73,-33,-47,-131,74,111,236,-36,-58,134,37,-10,58,140,103,114,-49,207,-29,44,5,-18,101,89,29,-1,-10,-88,-69,13,-38,92,44,-56,58,100,-104,55,-57,22,-54,68,-124
59,12,-35,-72,-7,26,99,144,-56,-99,14,-25,-64,94,-23,-12,-85,24,-59,-27,47,44,15,70,32,28,38,53,91,63,66,57,38,120,16,-91,51,-8,-2,-60,29,-61,10,54,25,18,-80,-1,-11,57,-40,-15,-77,86,-33,-94,-11,-35,39,-76,77,3,26,26,116,130,66,-66,188,117,34,37,18,-97,95,-23,4,81,205,-28,-39,-26,40,143,101,-28,167,156,41,26
60,110,29,209,-95,-56,-79,144,15,-42,97,-59,30,150,43,173,-153,3,0,-128,92,32,-47,75,131,-16,278,31,152,-9,164,51,-1,44,86,50,-34,54,15,-102,-4,-45,-81,17,55,-108,-18,-95,-60,17,47,81,-26,63,61,-2,195,12,33,109,170,-68,41,173,-2,23,85,-17,-19,90,234,2,-128,104,96,-5,-65,73,138,-175,-69,-34,174,120,-84,-142,149,29,3,48
6,-5,-133,62,-51,83,-36,-163,-12,27,74,-39,-16,117,-31,91,-146,-5,50,13,141,10,-35,52,86,96,112,-16,92,8,40,151,-123,23,115,20,16,-88,67,-13,143,162,-45,-157,-6,31,70,-88,-180,94,-59,5,-18,75,-3,117,194,-34,-54,-78,36,111,13,-45,19,-78,-1,15,5,102,17,41,45,-94,-32,4,-71,23,4,10,-26,-85,37,-101,-60,-19,12,-35,-36,72
29,-77,11,40,-186,52,-20,40,44,-50,-75,51,-41,-41,-222,-54,-89,-176,-82,-22,40,38,85,-4,100,98,45,-39,23,41,2,-7,-13,-50,116,43,95,88,-25,-7,103,-101,40,-2,37,113,-48,31,-43,-86,123,183,-21,-51,36,-36,-16,71,-102,25,-9,-7,65,-6,-36,10,-54,-102,-35,5,-43,-61,-160,-34,-34,128,-45,-88,-49,-68,-88,-38,8,26,-5,-44,-62,-86,7,-25
2,8,48,63,-35,90,44,-23,120,124,-38,-52,-78,61,71,-50,-41,38,1,-48,-16,70,102,127,215,-9,62,71,28,77,91,160,-59,-100,-98,-86,-5,-36,-49,137,253,34,-27,107,-77,61,-161,-138,26,93,118,-153,-50,-37,-20,34,57,68,28,-110,102,45,-31,-55,45,144,40,24,27,72,44,-81,37,79,40,16,54,-19,-29,77,29,29,-94,114,76,52,91,34,26,-78
6,16,112,-147,18,125,8,-77,80,37,-85,-20,-200,-24,-97,-9,120,-49,0,17,-16,70,182,109,0,-10,175,38,178,-190,30,-34,75,21,-31,-39,75,21,-31,115,96,-24,124,-16,-37,-79,-36,74,-39,168,-68,125,-52,-6,-92,79,76,113,-24,25,24,35,-83,99,65,-31,26,-10,61,0,-80,7,-15,80,-131,-145,-50,-41,22,56,84,33,206,46,33,-75,-71,-20,34,-78
11,-54,-56,-66,-34,-45,80,-40,-67,-13,-19,52,-47,-16,73,114,-5,-39,142,-61,69,-42,8,99,116,-102,47,63,28,46,-59,140,98,80,-172,24,-20,45,15,-47,58,23,127,0,28,-30,76,17,31,62,78,51,-34,13,-107,-57,-18,17,114,-3,-30,14,-63,87,-6,-8,87,-123,74,216,110,14,64,16,-23,12,82,167,55,194,-4,8,61,30,-7,58,-22,41,-15,71
-91,66,157,-85,103,108,-71,-22,61,62,93,-16,-5,186,44,-130,92,32,-16,136,-12,33,5,-113,25,79,0,20,76,95,178,5,-85,0,19,-118,-66,77,-85,25,-2,-67,-37,15,83,10,-97,-13,12,24,99,-9,-13,66,-28,122,158,80,-35,100,-4,32,-50,-57,183,29,31,137,-47,-105,-53,-22,147,25,-68,-54,107,-46,71,14,156,173,-15,144,88,-39,-49,-47,-63,21
-109,138,54,-26,-25,-135,105,116,75,86,-72,-33,47,156,123,-152,71,-10,60,8,-47,101,-21,94,-59,-153,72,93,87,8,53,82,62,-65,-14,-58,-67,109,-115,17,114,-105,3,313,-97,21,-88,0,74,38,74,-23,84,78,-23,12,6,121,87,20,52,16,-139,91,48,208,71,57,50,110,92,-48,-59,87,102,-40,97,-26,-28,-15,72,34,-13,57,-30,-65,92,89,59,-167
-63,-54,-98,-60,-63,20,87,-6,-18,28,-98,-19,14,2,61,162,-93,113,28,87,85,-3,220,143,-77,64,-6,-4,139,77,35,-117,101,-5,-71,46,-18,-69,40,231,15,3,12,88,151,22,60,95,105,-70,9,59,33,145,69,-26,12,-10,-27,-90,28,20,83,-118,-40,-187,55,-20,14,57,-120,87,33,88,-80,-17,-59,-5,-119,-2,-146,34,34,54,118,-14,-55,118,23,-67
80,-184,52,-166,104,-50,-81,225,9,21,-154,75,33,-111,206,45,65,159,-19,66,138,46,-41,14,54,54,47,64,74,-210,-20,-26,167,266,-74,33,-48,-56,-39,134,-49,59,-8,63,67,-11,151,10,-20,61,31,57,-68,150,-64,-31,169,151,11,-63,84,35,65,-34,-82,73,164,83,93,-15,102,-8,16,16,28,48,-29,5,153,28,-27,-87,74,61,-145,-23,52,-25,51,32
81,-121,-117,-39,42,-58,152,73,142,15,-81,11,-13,13,44,-30,24,136,-92,-46,64,-35,-91,-43,57,0,-35,-10,-39,-23,-11,19,112,-28,20,50,-148,67,110,103,-102,80,-11,98,8,-11,-58,-64,-9,-106,18,-16,-17,187,131,68,160,72,18,-39,92,33,60,79,-51,273,69,41,138,91,194,153,-26,-78,0,-10,93,-32,-103,57,-50,-46,15,7,-228,-86,43,79,-38,-12
54,26,133,114,12,-54,85,92,66,-47,115,68,-36,96,136,127,70,28,66,83,19,-10,98,-94,65,21,-107,66,94,17,48,-128,149,71,-11,-1,-83,61,193,-18,-28,113,-4,-31,56,-142,107,76,-35,71,57,152,1,85,75,-18,-37,70,33,64,133,99,53,170,-58,63,7,-2,155,21,72,20,55,29,-55,17,161,240,-2,-22,18,-8,36,-52,-90,64,86,-35,-24,104
-17,57,96,37,70,-45,-65,185,220,-16,52,24,-19,88,135,20,-57,137,107,103,-17,123,67,39,4,81,-44,-68,33,110,0,-66,37,26,-45,-52,-29,-58,-9,16,-13,-4,86,144,-2,38,188,54,57,36,-25,-42,56,74,-6,-80,-69,112,200,211,-80,62,-52,78,38,39,173,40,164,8,-30,-71,48,204,25,-6,67,36,-2,-19,-20,80,-129,99,125,20,16,-60,74,-79
-61,-46,-11,113,-9,90,33,33,-153,24,22,81,104,121,-98,-21,45,126,101,28,-51,74,-3,-52,-28,228,-20,13,27,1,234,53,252,-24,142,38,-118,28,-32,-28,-20,-78,-59,20,-13,64,93,15,48,-71,115,-137,159,-29,-50,-98,-180,-143,85,-78,62,32,25,98,108,102,-79,-3,-19,-40,-7,8,-40,38,71,75,73,-174,-60,-37,104,1,144,25,-99,70,3,128,57,-35
-71,-7,-23,46,-66,12,30,7,-31,-19,7,24,57,-77,-24,75,42,64,16,-27,-20,-44,80,-121,-11,58,-136,91,-119,29,106,63,65,99,-76,106,11,23,-77,59,-60,109,-49,-20,-28,78,73,39,100,-129,39,18,54,-77,77,110,-21,3,-29,-87,94,-59,8,-14,-29,-80,30,6,131,56,-15,-54,44,-44,32,8,92,-5,-27,31,-13,9,-37,121,53,6,-173,11,20,145
-31,13,-4,104,110,14,156,87,111,2,166,-1,49,4,-32,176,200,54,-37,96,-5,69,60,-12,-26,-64,-41,196,48,323,-82,-93,162,-22,108,-41,48,95,-92,66,115,99,6,72,1,50,35,-45,87,124,90,-152,205,71,157,100,8,-65,112,131,-114,108,59,41,34,175,162,73,56,19,-81,177,168,62,96,138,91,-53,-112,9,64,115,-25,12,-37,64,-21,59,83,97
177,-168,78,-79,161,-20,26,55,-7,-109,66,84,194,-79,49,41,-6,76,-1,-80,-12,1,-64,61,109,-39,96,32,63,45,-87,16,173,4,-125,1,21,-109,-28,89,-44,-36,116,172,107,-80,131,37,125,94,-65,197,-129,156,-206,-24,-64,-42,129,-103,-127,-61,26,-21,-78,81,-4,-175,-13,79,159,-54,167,-10,136,3,49,117,16,26,66,60,30,-41,32,85,124,91,59,90
193,4,132,-68,220,-72,31,85,98,-162,-22,59,-52,29,122,-68,59,60,-23,-4,43,83,28,107,17,99,-16,-41,64,-26,-9,-75,-58,60,53,-71,-152,-18,64,12,-66,36,-39,-13,46,-53,60,46,81,102,-137,-4,-109,155,-9,73,13,274,26,29,106,13,86,83,71,102,-4,58,-147,72,76,-58,49,-20,-66,-67,-44,148,0,-9,17,-12,96,-74,-104,34,35,-63,14,8
-37,-34,281,23,73,67,9,93,43,49,32,86,45,39,97,-26,-55,199,66,107,118,90,80,13,17,117,-54,141,186,-180,206,77,175,40,-202,37,-91,-41,85,117,3,51,174,141,113,10,150,61,-71,51,-43,21,51,171,21,-135,-36,127,37,-28,102,-57,72,2,30,117,213,87,94,158,62,12,142,97,-4,91,219,31,84,83,-25,137,30,66,72,68,20,95,89,-37
-97,-45,-202,-34,30,-80,-43,112,64,157,64,119,-37,85,-5,-62,13,131,-69,77,-39,97,53,-76,204,136,121,136,-19,-93,-61,108,66,75,64,19,83,10,-123,7,-206,63,35,83,47,98,119,-164,-16,-91,57,73,124,109,123,-69,-43,20,-4,-140,21,39,-21,-71,-65,53,55,57,127,57,90,137,-37,-52,103,36,75,104,88,1,163,40,69,27,-105,-72,62,20,-46,28
-21,-33,138,21,-18,73,26,3,46,88,77,71,11,118,52,-78,-64,160,-29,24,94,132,258,5,-85,-19,-12,232,137,-172,246,-17,113,-32,126,-24,-86,-31,73,90,68,27,-35,113,85,-72,51,-10,95,21,103,111,60,103,181,45,12,62,44,127,210,135,-43,59,-37,16,61,23,219,66,42,67,102,36,80,29,-4,35,-12,-5,102,-63,78,114,65,48,85,87,22,61
106,-118,61,-18,60,-33,79,-164,-100,-134,116,-10,-19,25,-93,26,42,-79,73,60,-67,-5,81,-2,-113,246,-67,-5,81,138,98,-109,-38,81,260,35,-137,64,-22,-34,-58,12,-37,-172,-8,-72,77,44,-19,112,-79,70,-174,78,4,114,23,-24,-70,31,60,52,59,-35,-32,60,82,-94,1,177,-12,-76,-74,-88,-94,105,25,3,-141,-12,41,11,-23,130,83,106,13,-44,-228,110
52,58,-67,-195,42,-37,-32,0,-78,-46,13,-45,-14,47,17,56,-11,41,168,117,-137,-77,-127,-71,-4,20,18,146,107,59,35,13,-74,166,98,200,103,-27,-98,54,-203,50,-39,144,145,174,-23,-57,71,126,-83,11,-98,206,63,18,181,12,-182,165,-66,23,117,-113,-90,-71,103,62,72,96,72,31,63,-164,-5,-75,51,-36,-20,83,119,151,-3,101,78,28,-86,-17,94,31
-2,62,40,-169,208,-129,151,87,122,-60,86,-65,23,44,122,-69,87,20,-130,-158,108,201,70,90,113,17,95,85,-9,32,143,92,141,-53,65,-87,-80,-26,-6,-1,86,40,-81,137,104,-42,0,-82,122,17,163,-73,-16,120,142,139,78,153,55,-20,145,10,19,80,114,196,32,237,111,61,194,4,-23,-134,6,42,63,55,123,-178,133,-18,96,70,-94,6,90,52,30,45
154,43,44,-35,73,78,-49,248,17,-77,-66,61,-12,44,129,-48,-140,100,26,7,134,51,-107,119,83,-71,97,-46,84,-3,200,222,135,52,-23,-56,-179,-26,228,-17,44,-37,-33,167,63,-15,66,-14,-59,26,78,106,-9,184,-158,-32,150,126,44,131,82,33,-148,73,194,211,-19,-23,137,-67,224,24,229,115,133,11,133,25,18,-22,77,118,8,64,2,-77,179,167,84,138
54,-131,176,50,-19,-75,46,53,165,137,47,50,-31,-101,-68,21,37,47,4,110,71,35,63,-22,112,79,-140,82,112,212,165,40,-4,-80,-31,37,-67,-87,32,135,-100,60,18,122,99,67,72,68,13,49,73,-65,-45,36,151,-41,108,231,16,17,6,-8,-9,0,125,60,125,-104,13,142,-1,53,87,45,-41,64,252,24,-51,31,-118,141,-43,-6,43,43,6,27,70,64
23,31,-67,110,42,-35,43,-1,-35,44,1,-21,108,194,59,-58,21,187,64,-14,30,5,28,-38,-69,30,-132,-23,61,16,181,54,-35,-87,147,51,-87,82,-5,68,-58,-29,67,146,214,-88,124,91,42,-79,-84,74,-18,86,116,84,-52,83,-34,-66,200,-41,63,-52,-2,-5,-79,58,-10,-24,55,54,32,64,65,-87,41,102,58,72,-19,25,-20,5,76,43,59,-102,28,-80
-53,-21,35,65,40,145,57,-96,70,31,44,87,-6,5,6,-8,20,-29,96,47,28,85,-3,64,161,-55,195,17,138,95,22,60,87,-117,-85,-86,-4,-61,100,87,201,-20,60,121,-13,52,45,28,11,46,64,-39,-22,41,1,106,27,125,48,18,-46,237,43,-11,-49,118,-136,39,73,-149,114,107,185,132,146,77,-2,45,25,56,128,85,76,-13,-87,-12,44,185,131,77
-77,-53,-19,75,-2,63,-192,-44,32,141,63,-24,-34,-21,-75,27,177,-14,78,40,38,51,60,84,-118,-58,61,3,75,-52,49,-122,-117,76,-38,-30,-4,65,43,-14,-84,-115,-24,-92,-22,43,67,102,-66,-42,-29,100,-117,17,3,243,181,44,-90,77,85,14,-27,194,-31,-58,-64,-126,20,22,-30,-53,-90,58,-33,-41,-29,-11,72,-56,-78,87,135,-27,48,-30,56,-106,-147,41
8,-76,-6,28,57,83,117,68,57,137,-2,-58,12,-43,-44,6,16,-58,36,23,83,-53,10,0,219,107,-25,103,49,-104,197,84,32,-25,0,-31,-71,-14,32,142,83,125,-47,65,14,66,-8,87,0,156,20,-56,14,106,93,197,173,130,-18,-27,84,167,-68,70,-26,-11,-46,110,87,-75,91,-16,49,-70,19,-129,99,-12,-11,-16,15,-25,86,9,-56,9,-10,9,-54,41
