90,90,-4,-5,36,13,-46,25,50,78,48,0,8,-87,-8,-34,-25,-16,41,4,35,-78,26
6,9,42,19,-7,-7,3,-24,-21,13,43,-68,-32,-38,24,39,-6,35,54,57,60,24,4
25,-13,-1,-66,47,6,-3,46,23,24,-27,-8,10,50,17,16,31,1,35,17,-58,-28,48
-25,18,0,23,0,19,3,55,-10,-27,-12,13,79,-18,-21,-26,23,-12,29,-8,-61,-20,8
-79,0,14,-17,-22,38,-10,-74,24,7,98,-1,38,-41,-82,53,-16,17,-14,-13,26,4,-7
111,-3,-2,-49,-53,45,-65,44,43,37,104,-50,-57,-7,-23,30,24,11,-82,-63,65,-35,39
-20,-68,28,-78,-41,-53,-49,-13,-28,-73,-10,-101,15,48,-41,12,-26,-8,-54,-61,13,2,-14
46,35,15,22,-7,-4,-42,-13,-29,30,-11,34,14,-11,49,-65,11,8,89,85,-52,-13,-6
77,22,-49,25,10,-31,-44,0,33,-30,-5,84,-65,27,-13,3,-20,-9,-44,-2,0,66,30
29,-37,-46,24,-30,4,10,5,55,-3,103,3,-2,26,39,14,-7,-19,23,-24,-20,44,46
28,-9,39,-56,-101,7,-82,-10,-2,26,95,-20,-4,-54,-8,68,16,14,-17,47,19,-52,-34
98,22,-44,-3,-3,30,36,47,10,3,32,7,-22,7,-16,112,-1,24,-45,49,51,-58,-31
142,33,-49,-30,-19,15,7,14,-5,33,66,-29,-102,13,51,27,-11,33,18,29,23,28,17
-7,8,23,-11,-62,10,16,34,-61,32,-59,-27,-40,-5,-4,40,35,4,-74,24,14,7,-82
31,38,18,41,40,36,-1,-7,-67,-18,-75,30,-45,6,-42,-13,-10,36,-13,2,8,75,1
-50,0,2,45,-80,24,32,-57,-69,-7,48,-50,-9,29,25,38,73,43,-24,122,21,8,-42
27,11,2,7,54,-20,28,71,72,32,-35,0,-14,44,27,23,-8,23,24,91,-26,-45,-30
12,17,58,21,23,-40,-65,33,33,27,-9,-18,11,-28,42,-50,-23,-38,61,10,-9,2,41
-12,-6,-3,-9,4,76,3,60,-35,-37,-44,26,24,1,-77,9,15,40,-40,-25,-44,3,14
42,52,22,111,39,27,48,42,16,64,-30,37,-9,-9,24,-6,15,-31,-35,1,50,-15,-46
-37,42,-30,34,21,8,12,52,69,-23,47,19,-6,-4,-23,29,-34,28,35,26,2,4,3
32,3,-36,-9,8,15,15,53,-4,-10,-15,-33,71,58,2,3,18,-22,38,-37,-11,-66,-5
24,-11,7,-11,-32,-70,-74,-13,34,-1,50,17,-46,15,75,-5,-23,-49,32,11,-19,58,2
