-55,-12,-10,-26,21,11,-13,-39,17,-33,66,4,-29,10,17
24,26,-7,36,-11,18,-15,10,-19,-1,-37,-9,-16,-29,-24
51,-17,26,4,-38,12,3,25,-7,4,-8,9,-11,14,16
-95,-45,-33,-14,4,31,26,-38,19,-4,47,-25,20,-7,88
-32,-15,33,-9,0,22,7,25,11,-37,-14,-11,29,-18,59
-23,-20,-23,-15,0,-17,-18,31,11,-13,-9,-5,25,34,50
-20,-45,11,33,-24,0,-1,-9,36,-25,-43,-46,27,-14,12
-27,-13,-4,-21,29,9,15,15,59,-49,31,14,29,-5,7
-9,12,60,-33,52,-54,-80,1,29,4,11,-31,-21,14,42
57,15,-13,0,-42,-33,-58,-7,-11,-6,-51,-1,3,40,-30
-59,17,16,-1,32,-16,15,18,24,-16,60,4,44,-19,-12
42,-12,41,16,-16,-1,-8,27,29,-18,-36,-2,17,-26,-22
90,-2,7,-15,-87,-1,-36,26,25,10,-49,34,-2,62,-43
60,38,4,-3,-53,10,8,13,-53,37,-17,36,-11,4,6
46,29,3,12,49,-1,-2,39,-35,39,9,13,-63,5,-18
