14,-22,39,-29,12,27,4,13,63,-4,85,28,-1,-78,-13,-34,-60,17,12,-39,25,-18,-10,20
32,33,26,-36,9,-6,67,60,49,-31,31,28,25,-34,4,23,-44,26,6,-76,-7,30,-3,50
9,-50,-1,33,58,19,9,-31,-51,29,23,-11,-30,-18,-65,-77,60,33,-3,46,12,57,23,6
-14,5,7,-39,-33,-73,-23,36,-34,4,-41,2,-20,64,4,-47,35,33,20,-32,-18,34,10,-2
-52,71,-63,41,-9,-26,-41,-32,-46,-110,2,-5,-24,-10,-38,-45,-20,-43,-39,-13,15,-59,52,-61
19,42,12,92,5,55,16,22,59,50,-4,0,48,6,-10,50,24,35,62,77,11,16,38,44
21,11,37,-55,17,38,112,73,30,-8,39,-11,-7,-9,-5,89,-57,94,59,11,-42,56,-47,47
-17,19,6,20,6,0,53,6,31,66,-26,13,92,2,6,37,3,-64,-45,-56,50,27,-6,55
36,-36,60,-63,6,0,-21,-2,-73,-20,-31,-30,-18,5,50,46,8,38,12,-21,-59,-16,-52,24
-92,15,84,-31,17,58,78,-98,-91,-48,37,11,-32,45,13,-45,-66,-43,-7,-7,46,3,-100,-32
17,37,-18,0,36,-26,57,38,59,27,53,0,90,21,4,25,-31,-48,42,-3,-3,-40,-33,47
-1,-42,-16,-26,-39,74,26,29,-41,-21,26,-33,28,8,50,35,14,40,44,26,-13,-46,-11,-68
-61,-15,16,31,2,-15,30,-27,26,12,-23,35,59,22,-6,-33,-29,-77,41,-16,64,-29,44,28
82,26,11,29,0,4,16,-3,20,-45,32,-49,88,90,-27,-10,3,-8,-1,25,32,20,12,-4
72,-6,78,-7,-36,40,18,35,-40,13,-8,28,63,43,38,24,-5,-2,30,-14,45,-39,-9,-40
-20,-23,14,-18,-14,67,43,0,-74,-70,65,-39,29,-16,-10,-28,-62,43,42,63,-22,29,-20,7
-36,-54,-2,11,29,14,19,1,-40,29,25,-12,-18,-17,-8,-9,24,9,-22,-39,39,54,66,-32
65,43,12,68,19,-37,-28,14,17,44,-35,-6,53,-7,-10,24,63,11,16,44,-24,44,13,65
29,-34,-9,-86,-22,0,18,53,-15,-56,49,-15,2,8,4,0,-43,23,18,-5,-46,29,-56,25
-10,-15,-2,-6,66,-12,7,52,45,60,-3,-3,-41,-17,-42,7,39,72,3,-5,-9,-2,-4,-32
-5,45,30,6,44,-78,-26,-19,45,23,-29,39,-45,-6,15,0,2,-36,23,-38,0,-55,-23,-43
-20,54,6,76,41,-8,-51,-55,-4,-13,6,12,-22,-46,-41,-31,11,-12,-12,43,-4,34,39,32
-9,0,60,-3,18,66,18,28,-48,-32,29,-23,74,16,11,-32,56,61,23,30,-27,66,72,32
-74,54,83,-16,54,84,84,29,-7,37,3,82,22,-12,62,15,56,-1,-13,-55,-4,-8,-31,7
