-9,9,158,52,26,-77,-48,-38,61,94,24,18,-22,2,72,188,-7,170,70,87,-57,170,146,-20,4,57,7,3,74,-45,-12,-15,-21,134,24,33,45,57,-27,29,4,20,-33,105,-94,-5,136,26,73,145,274,91,81,154,29,26,150,31,49,141,-25,106,96,23,-18,100,64,149,148,70,-3,113,51,150,-137
-2,12,10,109,195,-7,15,-49,70,74,79,5,31,208,-6,147,50,112,48,16,45,11,86,28,29,64,-91,39,-107,37,42,31,138,96,27,-134,45,-56,59,-9,-36,110,44,-108,-41,52,-38,-126,-2,52,-79,55,59,-23,53,-38,-89,50,-59,-2,88,174,147,-15,64,-7,-62,89,98,37,-17,42,154,66,-29
-57,-38,-91,-40,-14,40,31,137,96,43,-143,-84,-23,35,-63,-57,152,32,-47,6,-53,44,138,22,-36,23,73,-72,-22,49,31,-83,-63,-25,69,33,-32,107,220,-161,51,-16,-118,115,42,-29,-2,80,-9,6,40,38,29,75,-17,53,90,104,-77,104,-157,-83,-7,8,38,26,50,-49,-58,26,51,-59,28,-48,-15
-87,-57,-83,-40,193,-103,24,-5,67,-23,-122,46,45,128,-20,-147,-37,-153,-54,-93,13,-111,13,96,-191,70,115,-46,-115,31,-32,119,148,-68,-172,-105,-70,-20,42,-35,-41,21,30,-91,24,121,-85,-111,-6,11,-217,-74,-18,3,37,104,-24,-60,-50,41,33,-32,-149,-80,106,-72,-111,-62,-106,19,109,-69,64,-40,-142
21,36,67,57,94,-49,-8,-211,14,-42,60,99,70,30,24,25,-7,14,61,38,71,-13,120,168,117,-83,67,-18,56,-5,-95,-67,70,28,-30,-112,208,-17,-19,127,44,30,87,13,-22,29,67,3,176,-28,-56,37,76,-2,13,36,4,36,0,97,56,-33,59,2,16,114,-41,42,29,111,123,54,-116,102,-1
70,18,17,28,-1,29,138,-99,23,36,10,80,-60,44,64,77,171,76,86,-44,37,22,99,79,95,66,62,94,10,-150,-28,-93,142,17,194,55,69,23,49,20,6,109,70,23,-29,72,-9,16,64,58,160,83,104,163,-6,23,-32,38,-60,127,21,50,201,-49,68,149,141,24,151,-19,46,91,-44,49,6
-29,-17,-37,83,63,34,45,76,174,-13,5,73,108,38,-10,-101,-78,-121,-47,141,-29,-86,130,6,-97,137,-27,-4,-45,115,-65,-138,-26,-99,-172,-46,133,148,120,-21,44,75,-192,42,-92,40,118,22,-160,-20,-42,48,69,-76,-61,28,14,4,-8,45,-75,8,64,37,160,-93,-53,-19,-106,-8,75,2,169,-78,-17
9,-8,-57,7,-31,91,26,-46,-44,12,22,30,-99,40,66,59,-1,79,17,28,186,-19,4,131,-98,166,-84,30,105,130,-32,32,11,35,111,-36,30,-73,60,84,194,-5,14,-21,60,-14,-62,-68,-1,40,-6,74,47,27,-85,-84,49,-122,-1,146,-29,103,-90,6,41,61,4,76,21,89,-20,43,-12,-13,27
-144,-21,-35,-8,73,16,12,-85,99,3,36,70,24,17,138,2,9,111,63,-12,21,123,-64,126,32,-10,83,-59,15,-48,-97,54,41,17,109,-4,-41,-19,-19,135,42,155,14,76,-36,92,-5,-55,15,-6,-19,-107,-108,-60,-98,87,44,0,-62,97,63,3,31,-68,5,29,19,8,-9,86,-60,-44,-41,140,14
3,20,-31,31,-29,128,75,-101,107,60,-59,47,-102,36,116,56,159,56,7,89,-68,109,-59,141,17,35,31,96,55,5,-66,-12,-12,-13,103,111,-66,-6,80,7,103,78,93,63,146,6,25,-25,-37,-81,76,-76,27,1,-83,-53,-104,76,20,80,53,-21,4,-73,82,62,45,-62,4,-58,88,-37,-27,-49,92
10,10,-103,37,-14,-13,-28,68,-11,-125,5,77,-78,-138,79,-31,26,21,-13,-18,20,-58,-94,9,64,63,-54,1,14,12,20,15,-86,-107,-101,91,53,77,123,13,6,-83,-23,123,24,139,-40,-25,-5,-96,65,66,-30,-32,-119,-44,-12,4,35,59,10,85,100,20,78,3,-43,19,128,-63,-35,35,-4,-74,1
0,42,151,124,-31,-63,38,-173,37,173,10,-78,-10,-6,27,81,87,37,119,110,5,22,-172,0,140,-84,6,18,159,16,-37,5,-85,-40,60,15,72,-81,30,-40,-47,18,218,60,-119,26,-13,-45,-32,42,91,1,13,75,-59,-120,-53,-52,-11,-95,-5,-57,41,3,-104,59,-30,46,49,-20,45,13,102,-15,37
101,62,-93,45,-42,-10,0,-114,36,-104,103,97,-13,53,34,-44,-110,60,1,48,-99,-78,81,44,-47,10,-75,-23,-38,-159,-51,150,36,18,70,-42,-61,-104,-34,-22,-42,-23,-55,90,111,113,98,40,-62,28,83,-183,-67,111,3,-37,-80,10,-55,101,28,94,-76,-103,13,-67,75,-32,-39,-100,-117,135,19,67,-5
-33,-103,-23,108,20,-66,61,105,30,-53,31,-3,135,62,59,74,-11,44,127,48,13,-43,15,134,-41,52,-9,104,-38,-34,35,37,167,13,45,90,-8,68,78,-36,46,-32,170,-62,56,37,-72,1,63,67,120,0,86,-16,45,24,-112,50,-33,116,-20,113,284,119,-4,21,-5,1,81,103,-113,58,-96,42,95
82,89,-91,-79,96,-16,-6,-73,-133,-143,102,36,-16,-81,-69,110,42,30,-67,-54,-50,154,94,77,73,-5,-104,180,41,-32,-89,184,117,-12,93,-89,14,-79,-158,-32,34,-27,56,37,-2,-40,5,-62,107,-110,-41,5,158,64,91,60,35,95,152,-12,-2,-24,41,-77,-60,184,-23,-15,4,131,49,197,-43,104,-9
97,-35,-55,84,169,-23,91,-85,156,135,-132,47,-49,149,5,71,177,21,12,33,19,-44,117,148,-69,116,120,114,70,139,-108,0,123,86,13,-101,82,-33,105,65,-21,10,63,-42,142,133,129,-37,115,30,-48,10,101,-4,15,25,-165,51,67,30,51,53,112,38,213,1,-68,49,88,18,184,68,5,56,-55
-8,43,-27,18,-78,84,47,-33,47,81,-130,86,-88,15,94,-50,63,-107,-154,26,23,-47,75,95,27,135,58,-21,-135,37,-6,-77,0,-40,13,-80,24,47,-9,56,98,29,-40,17,15,-32,40,90,-15,4,-27,24,45,-32,-47,100,82,33,19,133,37,29,-86,-36,147,49,219,36,-7,12,227,18,-20,-36,43
27,86,90,13,24,67,61,151,-22,52,-18,14,121,38,23,25,63,170,-69,104,67,182,50,150,29,137,-90,51,164,-98,-103,15,52,37,110,4,88,10,100,73,-25,0,181,95,84,28,129,-9,111,101,103,11,143,-49,62,34,-48,83,89,4,-56,4,91,41,-83,25,182,-112,78,-6,-69,73,67,134,209
83,192,157,151,-7,-52,42,47,-25,52,-8,54,-94,-9,-133,-68,-59,28,75,-9,10,70,-78,21,-47,221,55,68,20,-35,83,35,39,-47,154,-166,37,-33,62,32,-49,67,30,41,7,112,43,4,134,-15,-9,17,107,-74,-110,-49,40,108,0,113,8,-72,-23,-73,45,49,22,-73,75,80,-35,-83,65,50,96
-7,70,112,18,4,12,144,49,26,99,-35,-80,39,3,31,76,40,37,-85,164,36,86,-21,128,130,53,19,75,12,-58,-21,-17,106,40,38,-80,130,117,43,37,23,60,3,109,-81,-44,88,5,-37,-18,-35,8,17,107,42,25,247,-30,-10,-22,56,91,59,-16,171,58,40,15,20,-48,-32,102,82,-160,-37
-46,-6,31,79,30,61,21,-121,194,-123,73,87,21,-19,122,57,29,17,1,157,-31,12,78,39,174,-9,-42,92,-49,73,-107,-95,-18,44,87,9,127,72,85,142,93,-20,72,-26,-44,42,17,-61,-33,51,-85,26,15,100,39,96,-114,76,24,-128,7,43,-7,19,-111,132,62,-50,-82,35,86,36,-59,-36,-39
66,42,116,79,44,-25,53,-114,222,152,-54,156,-124,104,68,108,-23,82,154,14,-101,58,74,-231,-28,24,195,132,-16,71,94,99,10,177,117,70,-71,9,46,63,45,120,49,61,-15,-21,-23,42,47,63,20,102,-11,1,4,68,-76,148,55,118,57,36,-10,-2,75,-9,-101,105,22,48,48,18,-20,121,-110
-35,88,82,116,21,95,22,-35,8,91,-93,4,-93,42,87,52,127,-20,80,118,68,32,-127,33,-18,121,58,38,86,48,106,-11,-27,71,43,-33,98,120,129,134,200,9,20,-137,-46,-6,-9,-52,35,-18,40,58,-9,3,-130,-80,-43,100,99,40,-100,144,70,79,52,-36,47,2,136,-25,21,-3,-6,38,64
-77,99,151,101,156,-99,63,-60,65,121,72,42,15,-3,127,153,-14,69,118,69,71,133,17,167,-26,65,47,97,-150,-27,29,200,170,-36,47,9,65,-51,-77,16,-49,184,75,-76,-65,12,45,7,121,38,30,49,58,-75,73,-44,54,145,91,145,75,183,117,55,56,63,-110,142,131,157,-69,74,94,121,53
62,80,80,48,27,5,53,-105,-74,-2,10,-69,67,-92,-9,42,78,39,-19,127,-30,223,3,194,204,-39,-125,17,93,-120,-75,-76,108,40,97,-108,42,11,106,95,-3,66,39,53,-54,27,25,43,31,-5,-61,-12,19,182,-108,6,-8,19,33,-2,22,-137,-109,-83,-67,106,81,-170,-64,24,-28,92,73,29,87
-69,-3,36,111,-120,11,52,5,127,49,-61,76,127,24,177,-74,76,59,-118,38,2,59,-53,45,106,116,-16,-38,26,26,-15,67,-31,188,104,-23,12,231,-4,72,130,8,87,236,78,51,84,44,-38,-8,-74,-49,135,-8,-7,25,45,122,57,7,89,-63,98,-127,-53,78,60,-39,-9,9,98,-34,39,59,147
-93,19,98,-86,166,-84,37,-62,86,24,56,125,74,122,131,59,50,207,7,10,-99,182,106,111,83,13,-8,20,-21,14,-131,28,40,109,169,32,-71,-26,82,149,151,38,33,192,17,-30,92,83,29,44,14,-27,-19,55,-30,55,20,87,-18,13,-37,-11,13,-15,20,124,128,-69,6,34,-30,19,-14,212,13
-12,-6,45,2,84,-66,140,-32,24,-7,157,179,-62,20,71,138,103,23,78,8,-58,26,105,-8,-96,36,53,116,-77,-97,32,83,91,-46,279,93,112,121,26,-70,109,-2,81,18,-92,58,-42,20,40,161,12,-57,83,-47,57,106,-53,145,127,130,25,46,168,57,-66,37,94,7,22,11,-82,90,35,87,-19
17,92,72,-10,-117,-107,107,81,-51,-7,-145,-47,-18,15,-23,25,34,80,24,28,-84,143,-109,-39,-87,81,68,52,39,-31,0,18,-66,44,92,-19,-61,165,-16,-39,-38,-42,82,65,14,-48,68,17,130,46,157,84,114,-46,-1,1,90,213,39,80,-82,91,51,34,-5,96,91,-31,20,29,-46,-20,-43,-29,65
213,21,83,-4,86,-46,-40,-62,-100,-82,4,46,14,-144,13,-14,45,-4,1,-52,-24,-3,65,16,199,-30,119,46,44,0,-15,18,-10,-55,37,-27,120,63,58,-8,112,56,20,44,42,-74,10,79,78,-109,-43,23,4,-41,-67,20,-5,75,92,27,-70,35,1,100,22,117,83,72,-30,28,17,86,-72,-45,65
-145,-110,-64,-16,68,-23,-19,-127,98,4,56,82,43,165,42,-51,37,77,106,0,67,-16,52,-19,38,-125,60,7,-25,65,-65,27,9,-52,51,60,34,15,89,-47,-29,75,22,-70,93,141,-23,53,-2,-16,-104,-90,-5,27,-10,-15,-195,173,-158,-137,-98,-19,-27,5,-32,-13,4,-40,-27,30,5,-67,-53,33,122
130,-20,6,-23,159,12,113,6,115,-81,105,87,163,64,-41,48,65,71,-89,99,72,42,185,148,132,77,-66,184,-12,127,-115,-37,92,-82,136,-36,88,1,171,42,13,-18,131,62,144,17,132,157,172,-34,53,120,159,-55,43,40,-35,-13,4,69,-32,48,102,121,48,93,138,-31,28,90,18,55,-12,65,115
-66,18,39,-7,55,23,149,-122,38,142,21,20,-88,117,57,7,78,67,201,-29,-3,81,-174,43,-110,145,6,-12,38,-68,16,145,-6,29,42,8,-13,-5,63,-2,-55,152,52,-27,13,66,14,-50,45,84,-64,-38,7,-95,-28,-34,15,65,-84,32,67,60,130,-58,142,131,40,100,72,-109,4,2,162,-4,-4
13,-13,33,-118,24,64,-26,58,-58,25,56,-11,23,-81,-24,-81,-17,61,62,126,-46,28,-125,86,-15,80,151,140,107,-93,175,35,79,73,110,13,38,140,147,36,103,159,41,43,-18,20,16,-38,155,62,-18,72,118,-62,100,143,-28,69,18,186,39,51,187,-14,45,89,166,76,-101,43,-42,34,9,102,-30
60,-132,107,53,94,-144,65,115,106,16,-164,17,110,113,110,134,163,219,4,-30,43,30,187,60,76,103,11,-15,5,-45,-42,-35,84,75,166,76,-59,61,176,53,-14,22,-9,4,144,20,-82,-29,-12,182,188,115,16,154,77,64,-19,4,-122,60,-68,193,154,169,56,67,-16,2,78,-157,-49,-44,-2,-23,-1
-59,16,30,-7,130,-13,96,-103,128,87,33,81,-37,64,155,88,112,94,19,-76,78,2,-39,147,-7,61,-10,116,20,33,-157,-54,74,-18,16,-37,15,-85,-66,194,53,105,176,-14,79,47,-35,-35,-34,-38,41,24,16,-34,16,-104,-103,-15,36,41,113,160,48,-36,38,58,-38,104,85,161,65,17,5,70,-149
17,-42,41,82,24,166,-18,15,21,7,0,57,118,93,64,-15,156,3,-88,97,120,61,110,41,201,171,-14,-18,169,32,-16,-80,73,53,94,-3,82,99,44,-37,203,108,65,66,-71,7,27,8,-87,4,19,183,125,18,-73,7,30,29,-5,82,-125,-9,12,-21,3,5,89,-13,-80,-1,90,-10,98,-53,159
-31,73,-34,18,78,75,-9,-13,43,46,-62,-16,-42,-60,16,-123,-43,19,97,-115,-35,-64,-76,2,-54,54,56,-67,-53,-74,76,102,-64,-25,94,-30,-30,41,6,29,12,4,102,122,123,109,20,26,-46,16,-48,-159,-117,-4,-8,-61,31,-19,-39,67,-38,-14,-27,-75,-38,-92,63,1,-9,106,-96,-38,75,38,-18
-15,39,-40,-31,-26,55,39,-29,-62,55,-99,20,-135,-38,104,32,71,-14,-20,-22,-1,-55,-35,-13,-10,28,83,-58,11,-59,-79,-38,-122,-79,-95,-15,88,36,-10,30,43,-145,-68,21,-54,75,-38,19,-65,4,-54,-75,-46,6,-67,78,-4,21,131,-64,-43,-1,-81,56,112,0,181,33,-7,-36,56,180,-19,-132,-95
14,-148,-41,10,122,-48,85,48,123,85,-120,-21,-12,103,64,83,34,108,178,-32,42,31,40,53,143,81,153,-93,-2,-123,-42,-48,100,78,218,-23,-22,67,77,135,40,48,50,21,146,59,12,100,-82,54,56,-106,-37,140,78,122,-8,78,-53,-26,44,53,150,31,2,99,56,-54,13,-44,17,-21,-35,-22,94
62,25,74,-65,100,55,5,-74,3,-61,-40,-20,-56,85,76,104,178,189,-88,49,-65,164,61,143,237,75,73,96,16,-8,-44,-7,-40,83,175,-14,37,14,72,178,101,61,87,161,58,23,200,54,78,19,140,78,77,32,35,66,-45,76,70,127,112,95,24,-15,71,80,154,16,11,-78,22,70,-83,102,92
69,-31,63,26,-59,115,74,-148,15,-58,71,47,-10,21,90,103,166,-5,-10,-5,-98,87,35,99,54,71,-94,92,50,-19,-53,-115,1,80,266,-11,49,-64,87,109,96,141,49,70,-94,-156,25,98,64,153,128,4,-66,132,-61,-9,59,-4,-32,104,54,-40,107,-15,15,183,78,13,85,79,-108,36,-54,120,15
-105,84,85,65,44,-46,50,104,-23,37,122,88,10,-52,-28,23,29,75,72,102,45,40,52,-6,22,153,-16,95,-14,-139,117,-39,84,13,102,-48,83,73,24,-46,114,34,99,108,-129,52,-35,5,59,66,69,22,55,-14,-70,86,-36,152,98,-44,-158,51,147,103,-89,86,94,-19,84,67,-64,77,36,73,93
-98,-87,-38,50,67,61,28,117,77,133,-9,-7,23,130,36,95,44,85,51,4,128,-31,-96,-2,84,124,126,-33,-63,-38,25,-86,-35,62,103,62,-27,96,134,135,125,-12,141,122,91,-8,-86,11,37,-65,134,23,-80,-14,-52,133,99,89,-48,-32,12,151,103,116,-1,76,40,-16,169,-34,-9,-116,-113,-81,71
-41,108,199,0,69,-15,-29,-67,70,46,73,80,-96,-164,148,10,63,53,11,64,1,140,129,127,109,117,63,61,-69,-18,-77,53,26,-96,167,2,47,38,-20,-43,99,26,-93,113,-38,-80,207,-21,65,-39,-27,-34,-57,72,-57,24,64,50,-23,24,-70,12,36,18,73,159,63,37,-22,57,-37,60,24,-22,-4
-15,-99,-14,19,-65,129,58,26,57,32,72,-180,25,-113,51,-32,102,3,50,41,82,97,-92,135,73,-57,36,57,4,43,-33,55,38,-23,155,-26,76,75,63,79,-39,-31,69,64,-1,71,104,32,-53,63,-138,-19,109,-81,86,63,9,-63,67,-37,175,-5,85,27,-22,-26,-29,56,-101,133,18,167,47,-56,65
-106,-1,116,72,188,115,40,58,149,42,47,-11,104,20,137,99,180,47,58,164,25,34,97,91,133,99,69,83,-12,-53,15,0,-25,12,192,37,141,157,132,122,175,-54,232,129,32,-27,160,11,101,-29,285,11,-28,-77,-36,39,-15,61,5,-3,-26,182,290,137,24,33,100,35,134,-93,-59,-49,13,108,77
-86,36,-73,-55,60,18,-28,8,-108,-82,21,-26,97,-56,-36,-69,-31,-52,51,3,43,-38,-22,194,1,124,-33,92,78,-66,-35,-54,26,-127,-143,11,51,23,8,21,81,62,8,-83,-46,37,-43,85,97,80,-21,14,31,-35,5,109,23,-207,68,51,-56,-76,160,107,34,-58,143,-16,64,110,-15,-17,-26,172,46
15,-34,63,67,-19,-55,13,10,-58,1,118,-9,35,-72,-89,182,-40,105,68,112,-95,25,-50,-119,155,13,-59,114,41,-28,90,-20,-40,90,102,145,-13,37,137,-21,122,-77,-23,72,-17,-139,-68,43,-3,61,97,71,-25,34,64,68,87,81,121,-69,-54,65,111,128,-127,97,-32,24,48,-49,-116,-58,57,12,53
-60,12,169,-35,215,18,43,-160,-53,59,28,-16,31,-52,-17,1,87,-60,8,-25,-72,-49,8,180,-5,48,153,77,-88,-72,56,91,67,-29,-104,-72,182,12,-45,72,28,88,195,53,20,8,-14,-28,145,82,5,-53,92,-129,36,70,59,-14,45,-5,148,-47,84,-43,125,114,211,188,55,-27,92,24,-80,179,30
-26,-45,46,82,26,61,32,-80,-31,53,-105,-82,49,87,80,18,141,-21,-25,28,-67,67,75,95,169,21,43,26,73,-145,-82,-3,60,19,-107,-51,136,34,10,15,-18,147,48,-29,-31,68,-21,-65,-75,14,69,-65,89,83,126,87,-52,73,52,-75,15,20,-9,-30,103,0,122,22,-46,27,96,117,56,29,15
13,-96,-47,-1,106,-42,91,32,141,5,-89,25,-7,79,37,131,83,-36,-69,-27,-69,38,121,21,67,110,43,9,-70,-140,-45,-12,95,103,42,-68,73,57,-81,120,15,77,77,72,118,15,-8,-7,-40,6,120,-22,16,63,52,60,106,-23,-1,-147,138,126,149,-107,126,112,75,51,59,-56,67,22,-45,-51,-52
10,54,50,118,-82,-32,83,-24,15,192,55,98,-89,-4,-1,147,22,22,54,5,-29,127,58,-36,1,-59,-2,64,-25,-130,-22,62,42,120,69,5,33,21,-78,-63,18,-17,2,38,-60,-35,-37,16,7,102,59,-15,40,117,50,-54,55,179,24,-49,-10,34,91,-75,-49,130,11,63,103,-44,-50,168,27,-49,38
-16,-80,53,90,66,-7,100,-9,146,66,-33,4,65,98,80,103,6,25,42,155,78,-54,41,145,-126,-19,2,-6,34,-4,-102,-83,87,93,-5,2,115,105,29,0,102,46,110,-109,-48,18,12,-54,-27,110,110,-79,4,110,222,-64,-29,32,-45,75,23,176,201,78,-40,5,144,4,15,-19,-56,27,-10,25,-117
72,3,53,104,116,63,95,-27,118,51,-126,62,-2,-3,-53,-65,-42,150,-23,135,-37,0,82,-1,79,161,73,58,90,28,46,-53,-39,24,-78,8,-10,26,260,105,33,37,-131,155,111,49,134,2,63,-19,95,37,-39,9,31,61,-66,3,81,-75,5,-67,49,49,222,6,79,119,8,-182,145,44,-60,38,42
-120,-37,-35,-91,214,-64,94,-36,-83,15,78,161,30,110,-1,144,35,86,-38,-110,-75,11,38,151,33,45,18,145,24,30,-61,16,208,-57,67,58,109,-76,-12,36,53,104,83,94,-152,120,24,-51,-10,-2,28,-84,-19,-6,92,87,74,-68,89,-9,154,-47,143,4,170,-15,-33,30,182,9,58,102,-74,225,1
-117,51,11,135,47,-11,49,-53,3,150,-27,84,150,84,79,146,15,33,49,21,-52,120,7,90,98,-168,-32,-46,43,-158,-76,94,-59,97,29,-55,94,139,-24,-40,107,-1,147,72,1,16,36,-25,-8,4,-104,-132,-89,-74,-44,-11,160,135,48,-155,75,-94,28,-82,-33,10,14,-74,127,15,38,-63,-3,86,63
89,-32,97,61,-22,57,-80,-175,23,0,-128,-28,-141,-62,104,30,153,118,170,88,-87,117,-55,56,178,-1,101,47,215,-27,-91,80,-143,15,165,159,45,-34,132,26,29,45,112,55,72,39,-13,104,-32,209,157,5,5,77,3,58,-32,59,154,8,-43,-120,-59,97,-97,18,232,-47,-35,28,-16,-18,36,95,96
37,14,-24,3,-20,157,25,-112,13,-23,64,-50,-135,-140,-3,-30,72,110,98,-48,40,115,-109,59,-18,-151,47,38,6,-178,-109,50,-91,133,134,10,-17,21,110,-57,50,79,-18,24,-127,-29,-84,-146,15,64,10,5,-189,69,-54,-16,54,15,-5,53,88,-7,80,-13,-77,55,41,14,62,5,-99,34,-55,34,-101
-6,40,22,31,56,-40,201,111,-9,34,78,21,7,94,-94,-17,-40,42,64,-78,33,100,-8,-63,-61,57,35,-45,12,-14,-7,16,120,31,74,-189,-117,125,-74,45,-43,138,35,79,68,104,21,77,-44,136,35,16,94,-94,57,47,69,28,-38,40,24,116,69,76,-71,11,-19,6,-9,-2,26,73,89,-57,-91
153,5,101,143,4,17,27,-3,-7,13,-69,23,10,-39,37,48,90,-23,99,-63,92,-65,126,40,57,72,83,58,16,19,-47,143,61,-85,162,-15,11,-54,39,-33,-62,-3,33,-35,186,26,-26,-37,7,5,-12,16,85,-18,110,111,123,-128,4,40,15,-13,46,57,97,58,-25,6,52,86,-9,102,-55,-38,-69
-5,36,-3,-32,96,14,120,-86,42,29,-19,60,-30,34,43,98,25,13,36,67,-24,44,106,21,20,124,13,97,-81,13,-50,49,-14,37,109,16,89,-13,86,69,102,-4,120,65,-92,-35,37,107,41,35,54,95,61,112,-46,-10,-8,156,150,-33,-63,-114,-35,-48,11,207,36,-21,47,87,111,134,-14,172,56
37,15,51,171,-68,65,20,-79,69,-51,33,-7,32,-74,56,-91,-35,10,98,42,-60,93,8,35,72,-94,14,-77,26,17,-107,53,-18,13,67,-23,7,103,18,43,0,-32,16,139,41,158,46,9,-131,71,-11,-87,-19,-39,81,-16,-27,4,-13,-12,42,14,-49,26,-36,-25,-19,-50,-142,10,-40,45,62,-66,4
155,-45,-2,51,83,-24,11,26,21,16,-49,62,6,88,-48,-22,62,53,94,32,136,-103,75,-34,-59,15,-47,67,20,10,78,-66,4,-56,-8,-21,98,-27,190,-64,52,-15,19,-145,167,-20,-53,-28,-31,20,-10,115,-6,-6,4,-47,-131,65,0,-5,-113,166,62,112,60,-75,-18,-25,27,-43,-22,4,21,-19,93
84,-67,-56,75,132,91,20,-51,135,-157,-141,38,14,43,-1,-48,133,70,-85,91,13,-105,225,102,19,71,17,-48,-48,28,-88,-39,9,84,68,-107,-6,4,161,40,68,94,-116,-62,134,-107,-59,3,-27,76,60,65,9,72,-31,57,-78,77,-27,92,-185,85,67,10,26,33,102,58,11,-31,24,-18,-161,-23,45
-3,-59,166,82,75,-63,-51,-18,65,48,-80,-92,140,140,42,5,51,86,46,236,23,-81,28,96,39,52,97,-21,-26,-41,-23,8,-36,-31,-15,6,-17,2,18,39,52,199,37,-86,49,-57,-68,72,-35,5,273,79,44,-65,86,-61,-57,-12,40,24,-55,31,112,102,6,-142,65,47,-9,9,16,-159,-71,54,4
55,99,7,65,-90,85,-32,-15,-51,39,-34,20,-25,-118,-86,-16,85,-96,-107,189,-23,105,37,67,215,11,20,84,73,-67,49,-42,2,13,59,-59,74,26,65,0,119,10,-1,13,7,-72,51,49,90,-49,-55,130,-30,-70,14,53,28,79,148,-72,8,-113,34,-27,14,54,56,16,-74,4,147,38,-99,-17,171
-20,-118,-43,66,-44,103,44,-22,139,-15,-85,37,5,23,20,-98,71,21,-50,17,130,-33,160,42,-49,192,-56,-61,-60,64,-56,-166,-49,53,-25,8,16,84,104,5,4,87,-109,40,133,-60,42,-3,-91,38,-18,54,20,100,6,-10,-82,-88,-41,-81,-5,-2,-10,59,70,24,86,82,-47,88,36,49,7,-46,-19
-155,23,-29,117,-79,44,-123,2,39,123,-133,-130,70,-135,53,-49,102,68,-35,-20,27,-91,-136,64,-30,10,100,-129,-83,-173,68,-6,-99,-57,-90,89,-74,111,52,-46,-74,-66,-64,86,41,208,-105,-102,-11,-84,20,-66,-162,58,-107,-60,-39,78,-79,-71,-138,-10,-73,17,2,-93,-79,-30,-6,-63,-24,-159,-65,-82,74
-98,46,73,190,-84,-51,148,62,86,82,-62,43,-56,85,125,87,47,-49,75,113,57,-70,-166,65,61,136,-6,133,-4,-17,5,-20,14,87,-32,-11,12,5,3,20,182,-115,115,-50,-60,43,-93,-112,-35,33,-83,-20,44,-32,-103,-22,-13,-12,0,35,70,107,144,-2,42,-34,-137,-79,72,-83,-9,50,108,-120,-21
4,-3,66,50,-55,22,20,-34,-62,-16,43,-90,26,-24,-98,57,30,136,-170,24,34,100,76,19,32,17,35,13,46,-74,28,-24,75,72,-20,-104,30,111,56,37,-3,-20,-9,119,16,36,157,-5,112,-7,41,33,47,37,-21,-21,-21,-1,-56,-65,52,153,-60,0,68,36,5,140,-23,-83,93,227,-53,-15,-65
-63,-65,-9,117,2,-4,62,-23,-46,7,113,179,17,-99,-3,1,-78,-81,14,11,-39,1,-19,11,76,-132,-52,0,-13,3,-1,-11,12,-67,27,-15,-1,-6,92,22,86,-55,-97,-41,-45,29,-4,-43,-57,-107,-58,-118,-69,-47,-7,-3,-114,83,32,-175,-4,59,-27,55,50,45,17,30,83,-39,65,83,-61,1,60
46,180,85,132,-18,-138,105,7,-21,-176,-70,3,-16,50,37,34,-24,36,24,70,-4,45,65,140,83,159,-130,98,26,31,27,110,19,-29,12,-74,41,-66,39,48,47,106,49,-89,177,-79,40,2,35,190,4,75,46,-43,94,-40,31,-28,-22,132,32,226,17,41,3,-5,-8,0,-4,-31,-118,75,53,50,60
77,28,62,23,-111,26,-39,61,23,79,83,11,19,-145,51,-31,27,134,-19,32,-15,45,73,63,70,-90,-35,150,72,-65,-35,-2,-27,-38,147,61,79,56,162,-39,55,33,-113,159,-12,-20,32,-41,-59,101,61,145,-35,51,-62,39,67,108,-88,40,-35,171,115,80,107,109,-14,36,-26,-73,-38,87,82,57,-10
-73,1,97,53,-14,-90,71,59,69,126,-58,111,-41,167,73,-71,63,58,111,45,-60,3,-37,-123,-43,92,82,-44,-52,16,-41,-103,-71,21,91,3,12,147,135,19,46,2,-80,63,-89,119,-92,-62,-145,59,116,39,90,87,-4,77,-36,132,1,-56,-117,85,79,75,66,23,92,-55,57,-2,31,11,52,-11,-20
