40,-50,22,-1,59,103,-36,-76,23,-37,17,-42,11,-64,156,14,39,20,-49,30,21,-79,-170,50,44,-45,-40,-86,-5,93,5,-15,31,70,-37,36,-6,-19,6,42,64,-18,-24,27,-36,-32,8,-36,-20,8
47,-32,-42,-13,-43,-4,71,1,82,126,37,12,77,6,169,40,32,-9,-29,67,-97,0,-19,-58,-50,95,35,-11,88,-145,51,85,68,5,11,-60,-3,85,-24,177,38,29,-63,23,0,-5,-39,0,-52,-16
-4,71,87,95,-40,-63,66,-102,14,14,28,-7,-21,-12,65,-5,40,-15,-33,-60,46,36,-133,-14,22,10,76,-79,-79,-6,43,75,64,8,20,-43,11,31,123,102,33,-8,-102,62,8,-61,-37,-68,76,-45
-19,101,-74,116,146,78,87,-75,38,21,47,33,-51,-53,28,121,112,-23,-44,35,-77,10,59,55,109,56,43,-43,13,66,-37,94,-7,61,-29,17,4,-124,-18,-26,58,-43,-5,-52,38,-29,42,-105,-19,-52
-91,100,11,-58,21,-105,56,24,33,122,-106,31,-40,-4,-13,-33,-94,29,94,-5,24,-12,72,-57,51,-39,35,3,21,-99,-1,77,47,-20,-4,-96,-44,80,66,2,10,12,-6,12,73,55,5,-29,63,-90
-65,70,41,75,8,55,2,-45,-114,21,12,-23,13,53,122,16,72,-99,-90,57,-44,35,36,109,96,148,147,44,-23,-27,-59,92,34,-40,75,-59,50,10,-35,-23,114,-25,73,-64,-23,11,46,13,75,-104
70,32,97,16,-1,81,65,31,111,56,189,25,63,14,-4,23,-55,12,118,-7,101,-47,-26,92,85,25,-28,3,40,-123,-32,18,144,44,-86,64,-10,19,39,54,-73,4,-4,37,-38,2,-7,-93,-5,65
44,35,37,-18,-154,77,18,-44,30,4,33,39,-55,-8,-60,-26,78,-27,32,50,73,53,-41,4,12,1,-24,23,-50,24,88,23,50,92,5,-59,56,5,75,77,7,-73,-54,7,72,-50,-84,37,-8,-63
57,-9,13,-11,-33,-88,22,-9,-31,-53,-56,-43,38,8,-47,-43,0,-58,-16,-103,41,-9,-81,-71,-56,33,79,12,11,-90,104,37,-29,21,54,-16,17,53,-40,128,-82,-11,-124,52,1,-57,-22,-28,-24,23
-18,-69,3,52,6,60,-46,54,-4,52,-2,40,9,62,-79,4,25,-80,75,-3,70,4,13,-29,-62,40,-3,57,-20,65,-68,-67,-23,72,30,14,102,-31,15,-101,9,-61,-75,56,43,25,-13,69,1,-9
19,36,52,-68,-10,25,72,78,47,42,-1,54,49,-33,73,-89,-9,-14,7,63,-71,-35,29,114,6,-4,2,47,3,-9,-112,68,131,2,-94,-27,13,86,-3,-37,-62,65,1,-35,84,46,-45,-60,-11,-15
3,-17,32,25,-46,-49,32,-20,50,-46,-7,-84,25,-8,20,44,37,20,-9,-57,-12,-22,-72,26,27,-18,-51,-70,24,8,70,-161,12,2,-74,65,-44,45,52,38,-100,1,130,31,-80,115,15,-43,-16,70
-2,105,36,63,13,-1,59,-65,42,-51,33,-69,-12,-78,13,51,12,-62,61,-7,26,2,-100,12,82,-19,12,-27,46,-112,22,32,103,-20,-22,47,-53,67,-4,67,-79,7,-45,-9,65,30,-8,-103,70,40
-79,-26,-10,11,65,54,63,50,-49,140,12,21,83,51,37,-17,20,11,49,10,-55,116,117,-15,102,40,37,14,-51,-85,77,69,-43,49,64,10,7,6,49,10,47,186,4,-14,74,7,18,77,-21,-25
12,2,139,-47,7,75,-50,-5,50,38,-40,27,155,37,9,-50,44,-16,-14,-15,39,-134,-11,15,-3,77,28,54,106,-97,156,138,96,139,16,17,153,67,-49,101,42,100,-30,-18,46,-35,11,-18,11,1
16,-54,8,72,37,-62,2,-91,-28,-58,-7,-26,-9,-31,19,-1,79,-86,-81,-17,15,84,68,-92,35,84,62,116,-67,5,31,-19,-15,3,58,-55,77,-14,-19,-37,-24,111,-12,-76,46,-133,44,21,-5,-83
-16,-16,8,-4,-23,6,-36,35,88,-38,28,-26,11,-24,-72,-19,-48,44,-48,79,68,84,50,-47,-40,-18,31,32,-86,19,23,-143,56,-43,-41,124,-31,-25,-4,-25,-10,-14,87,-79,41,-8,-32,67,-41,-19
-7,-74,15,102,11,-23,-14,62,18,79,90,-71,66,54,48,103,95,52,-3,-25,19,-11,-11,-70,8,-19,69,-17,47,8,2,-19,57,-4,-6,111,-96,37,69,56,51,33,37,38,-9,36,22,2,-36,58
-45,55,-32,21,-31,0,-4,54,44,21,-52,-121,4,28,-83,99,26,123,17,17,40,50,53,-49,45,-51,41,-66,-103,5,90,22,68,1,43,36,-7,92,42,-51,-7,8,80,-50,134,1,-27,73,-27,-73
-29,125,-6,-44,10,-99,80,-65,72,56,-95,19,-21,-10,42,24,-15,106,-36,-14,4,70,19,-76,-17,27,23,-75,-101,-72,91,45,-41,-9,51,-100,-40,9,33,90,81,7,-90,-2,48,-45,-25,66,-39,-90
-4,-61,-27,115,83,-37,7,-16,37,88,-34,46,43,67,-37,-22,120,-37,-13,-8,108,-31,118,-123,117,88,-1,-19,-17,-47,73,-105,-13,28,75,80,30,5,40,-82,66,122,103,15,106,-18,51,83,-25,-66
30,58,-46,40,-28,48,-7,-21,-152,-117,-22,-9,20,43,-58,-27,103,40,-64,9,-94,-1,-4,49,63,-48,56,33,-88,21,-12,85,51,6,6,-79,62,23,-34,-71,-10,-22,20,-94,20,53,-22,60,-42,-66
35,17,14,18,24,37,-104,151,-91,26,31,-54,19,87,-27,-50,-1,19,56,29,-9,-147,5,51,-51,-96,0,-9,52,-8,-86,-30,-50,43,-19,73,-49,55,1,47,16,20,-59,66,44,62,72,-14,16,45
-111,-1,68,-67,-42,-19,42,-79,-10,-69,-91,-9,-49,104,66,-57,-29,-41,-17,-103,-41,-72,-36,108,75,-25,-28,-19,9,66,67,108,-88,56,61,95,39,2,-9,-85,36,98,-20,-40,88,12,-5,-90,169,56
80,-33,-7,153,51,-13,40,-121,-7,-9,63,18,-12,68,87,-110,114,35,-56,21,85,11,8,13,33,72,69,-22,-6,41,-163,-28,-13,-65,-15,58,-55,34,117,-88,37,69,67,92,21,64,41,-34,36,-38
-8,-29,70,46,-60,49,-13,14,148,-10,5,-42,13,-37,-16,60,38,5,-52,-50,63,-72,15,-53,-36,20,59,7,41,59,22,-5,143,-33,-15,118,83,89,-42,-45,-63,-24,53,43,89,-1,16,-79,-43,-36
45,-14,-48,-16,18,81,-56,-86,-13,30,-75,-58,-116,-77,-46,43,38,65,-22,11,109,45,4,-48,99,-8,34,-18,27,1,17,28,14,68,138,58,-83,-1,4,-28,37,-68,25,69,53,-89,26,-14,25,-61
-22,-18,8,-9,37,72,46,25,39,96,-65,15,23,42,-23,19,13,-2,81,-7,-2,-55,-34,-52,-4,67,116,42,112,-64,-7,104,23,29,74,-43,53,89,-82,48,79,-13,-27,36,-12,-70,39,-87,20,-47
9,26,-1,11,58,57,-39,54,80,-48,143,94,5,-18,96,56,0,-26,-59,94,-119,-7,21,75,-132,125,-74,-81,55,0,-42,-12,30,9,-62,-3,-24,-52,-77,39,25,15,-4,-68,-126,-15,27,-71,-33,136
-40,-99,-2,32,100,93,-30,26,1,44,-146,-74,63,33,-44,-4,143,-76,-8,-71,67,-66,27,-6,40,107,70,61,65,40,14,58,-43,50,46,-23,65,-9,-67,-59,49,71,27,51,13,-31,41,-53,-60,-13
9,-22,-50,128,56,32,2,-5,-30,29,53,76,21,21,-26,-43,93,-14,-41,91,25,-82,117,9,50,1,50,45,59,-20,-41,36,116,-62,8,75,-24,19,8,-104,-30,86,24,-80,30,-18,49,-46,21,27
76,56,76,-14,11,29,71,37,41,16,91,-6,81,-49,-6,30,18,58,33,-49,3,-14,-7,47,3,-96,-43,3,127,-157,-6,60,130,2,-57,43,-55,25,3,163,-87,18,-46,28,64,93,-116,-26,-2,27
1,162,-38,127,39,47,11,18,45,44,58,4,-15,42,-41,136,29,68,-5,32,-11,13,-16,66,-53,-64,24,-97,26,-89,-46,-99,87,-39,-60,111,-54,-20,-7,45,-16,2,-21,-28,53,-12,-68,9,-51,9
84,48,14,132,18,48,20,-89,81,-101,49,-61,-19,125,17,13,41,77,-21,-2,-3,-3,40,31,58,33,-55,-116,68,-16,89,47,71,60,73,69,2,41,37,-34,-58,135,209,0,-23,38,-32,-88,-37,106
-91,-9,-74,-8,-55,51,-46,72,6,5,47,-49,-32,-80,43,111,-23,-71,-1,68,-48,-31,85,47,-15,27,83,59,35,7,-33,-10,11,32,-70,43,-65,6,-63,57,-11,-30,21,-12,25,66,-27,-138,-32,-18
68,88,-4,138,-10,-27,32,-132,-2,-7,7,-14,-85,-53,61,85,79,-24,-16,-159,49,59,17,69,19,49,32,-36,69,-52,-22,48,-7,85,-32,80,-16,-22,77,86,-12,-49,-2,50,58,27,66,-74,19,15
-19,-5,94,-60,-92,40,101,-40,54,72,-7,67,40,15,-43,31,123,15,3,4,24,-118,78,11,45,37,2,126,135,11,80,93,102,17,56,-17,58,116,20,-21,-8,87,68,36,13,17,-28,-65,8,-7
-99,29,-29,11,25,50,14,-88,-36,-33,49,-6,67,-126,156,104,-25,-15,-15,104,4,34,31,53,-7,0,-122,10,-32,-42,86,-44,79,-26,-106,69,26,-56,29,79,-49,210,-3,-111,50,6,16,72,15,71
-101,48,77,53,36,108,29,-34,88,1,65,-47,77,-82,72,123,78,-18,-32,93,51,-69,53,108,6,59,44,26,75,73,33,-26,127,-22,-37,85,10,11,35,19,-78,25,107,-42,-36,-19,48,-79,12,15
4,-47,121,33,55,-17,-7,32,26,24,-59,-25,69,34,67,-12,102,-20,-49,-22,37,-90,73,4,91,40,28,70,39,106,-73,-53,82,68,-38,66,81,72,18,-5,33,-20,181,24,63,54,113,-28,37,-118
-19,-72,65,-27,-5,139,-47,71,-6,42,-25,-82,104,7,87,-90,23,-51,20,42,20,-19,-121,-25,-49,9,55,2,33,67,41,34,-50,90,4,-6,171,34,19,150,98,-8,28,65,40,25,50,8,19,-20
35,-63,-115,50,95,25,74,-43,41,61,34,-26,-39,-91,75,-20,-51,88,-59,102,-76,69,19,-120,71,14,75,-33,32,-9,15,42,-81,-78,66,4,-96,-14,57,73,20,74,-15,55,16,-28,59,-120,28,-59
47,18,-69,80,1,24,-32,-55,-26,10,63,81,12,5,-49,11,148,-76,-58,109,-24,60,72,-35,-21,94,146,120,-12,-82,-28,69,35,61,35,-135,116,53,-56,24,149,22,22,-61,11,-40,-21,-23,-89,-130
-103,-54,-7,-63,15,46,79,6,44,-5,-31,-46,-23,-105,-1,-4,-69,-25,-28,55,0,40,134,-69,-13,73,-28,61,-26,13,141,-46,-110,-22,80,64,-48,-32,-24,56,-78,80,-21,-46,96,44,88,-33,65,-28
45,-115,71,-48,-18,-66,-8,24,122,10,-32,13,20,81,-114,-60,39,19,25,-47,66,-20,95,-19,64,87,-14,61,13,-26,53,10,43,43,30,52,-54,117,43,-144,43,138,84,-26,113,42,16,-17,9,42
90,50,-53,27,-5,-92,-82,5,52,56,10,-31,-76,13,-80,47,-124,56,-9,24,41,18,87,-9,123,-44,-4,16,10,-59,36,4,-16,89,57,71,2,-15,45,29,-19,-42,19,84,55,59,26,-56,18,12
-75,89,64,54,48,101,47,-26,53,31,80,-13,-5,-42,49,146,99,-54,0,46,26,185,55,88,49,141,66,12,-16,-33,-11,-2,50,47,10,1,14,-26,-36,106,15,34,80,5,34,19,48,-72,-30,-32
-65,8,87,27,109,14,29,83,6,62,-57,-17,68,8,48,48,38,70,39,-104,-62,-110,-9,-26,-13,-74,-2,-25,107,19,16,-47,17,-2,-107,76,-37,-20,34,8,-19,105,-11,1,41,12,39,-43,-3,-54
-89,77,-23,112,30,87,12,64,45,168,70,-48,-55,-19,-62,15,29,92,125,44,50,53,149,-24,-76,-13,42,-60,-50,1,-78,37,2,11,-35,34,-97,25,122,-27,32,94,-42,71,85,-2,30,-32,-20,-59
89,65,18,101,92,37,23,4,105,90,35,5,-38,37,8,45,2,41,44,59,-6,-54,-28,30,-58,-9,-67,-46,73,20,-79,-26,13,-33,-44,-63,-60,8,14,18,89,9,-103,60,4,-3,-81,-37,-44,81
