73,165,-19,72,3,-1,129,151,113,-77,-166,29,123,-83,-30,69,249,-74,179,60,-57,45,-89,-47,58,193,-137,76,0,121,90,119,-82,82,-7,-53,134,17,116,-60,129,57,-114,138,36,94,90,151,135,-85,85,62,53,-203,8,-85,53,34,150,12,119,36,63,166,138,-35,60,98,-88,-135,144,-88,-105,22,213,-11,185,3,11,-44,88,-115,-28,-41,-100,18,-96,37,112,134,-43,108,212,173,-16,-50,-49,51,-161,198,49,-51,15,161,165,8,-17,239,0,-47,-24,-35,84,160,4,26,-39,148,125,137,10,89,112,-40,164,-113,22,22,35,201,-2,144,32,-29,291,172,-56,-61,-149,-14,-24,77,47,-71
12,-54,215,156,14,-128,120,-105,-206,229,67,93,-39,146,54,-20,12,7,-48,76,176,-20,-36,85,138,83,-53,-114,44,0,29,199,18,154,-60,-43,-50,6,77,22,-16,102,220,33,-36,112,54,-143,250,-140,131,-137,-19,-35,-5,72,48,96,110,178,121,59,18,113,21,-84,-185,-104,127,19,61,47,-65,55,7,54,5,-72,111,150,42,40,-90,85,-137,53,63,-17,27,51,94,20,70,144,70,22,-159,27,191,-101,51,282,45,-20,37,89,-43,-19,60,122,96,-102,-103,126,-98,104,24,40,100,64,179,121,90,5,-86,-79,10,25,-110,60,-33,-191,18,53,43,53,-104,79,-50,119,108,-30,-133,72
79,-40,232,-127,11,37,127,-63,-9,75,136,49,77,4,-83,150,-21,105,43,187,96,25,-80,172,100,-15,30,-52,24,110,53,99,19,-3,186,-148,83,56,-49,-49,162,-116,292,-14,38,213,277,15,53,-124,212,119,85,-38,40,148,-77,-31,50,105,147,232,275,164,-131,105,-149,44,18,142,96,131,12,199,41,118,-127,19,-97,90,137,-110,-58,47,-41,-71,-235,-13,25,-13,29,-108,60,293,115,-7,-76,189,-16,-52,7,17,64,-104,69,-55,19,88,56,-67,27,122,169,-10,93,137,-4,147,38,113,-38,66,15,58,56,-64,-78,55,-24,21,185,-179,174,-73,-157,-154,158,156,-53,18,96,18,-95,75
1,175,207,73,132,144,102,7,-14,70,-35,60,-14,138,2,-90,-71,114,-191,59,116,122,89,48,34,-91,82,72,135,20,-30,-8,41,230,127,38,153,-2,141,24,-63,-44,83,39,-61,75,-25,-78,147,64,52,-99,137,-83,49,173,-55,64,-7,106,77,-2,-65,173,104,-6,-109,-14,77,235,54,218,-26,8,8,131,39,-39,93,-111,13,-66,-45,275,225,92,13,21,-23,19,147,7,6,161,-85,-55,89,-5,-10,-204,39,81,-30,-13,4,-29,179,35,-111,65,43,102,239,4,-66,-36,226,-121,49,-71,45,84,24,68,-59,58,38,99,-19,-58,-24,206,4,-19,89,-49,119,77,66,97,220,-114,-18,40
-119,-72,171,128,215,-85,-5,278,-115,81,125,60,25,14,82,217,203,129,76,78,-120,197,167,-60,-69,-18,28,88,-16,232,50,71,38,126,1,190,173,-124,-15,196,66,126,12,14,-183,136,-43,-62,94,-66,-21,-148,221,-31,62,109,185,74,82,152,57,-47,48,159,195,-86,-153,-30,-29,-12,32,0,-26,223,25,-82,-59,-3,74,45,-27,-79,36,105,182,10,-102,37,110,32,119,203,81,210,98,-17,283,-5,114,126,118,-105,-95,57,110,-33,235,104,-8,29,243,-8,241,285,-79,122,60,15,129,10,198,143,-31,79,-14,-211,155,140,181,38,-27,146,268,163,251,5,-86,151,20,97,147,43,95,145
-66,53,217,-10,117,25,63,101,47,-114,-56,26,-86,-43,65,156,44,10,-74,53,-108,4,98,113,109,45,221,272,0,41,103,14,234,-52,64,39,61,-68,29,-134,-13,143,-3,33,-180,-26,-58,-68,38,12,-56,-64,55,181,145,-52,160,-46,49,-6,83,111,29,97,-23,-206,30,-10,-31,-15,-22,-61,69,258,64,-118,-76,40,-74,69,-3,210,123,-1,-17,164,137,127,22,-33,77,1,87,-1,1,-63,112,-37,67,86,-145,-155,-81,-82,60,-22,45,66,22,-90,216,197,90,86,-145,115,-155,213,15,-100,-20,-35,-45,73,-59,-216,234,11,115,8,130,-138,45,80,105,4,96,0,58,-168,-167,96,76,119
25,96,-9,289,22,95,-62,-80,57,153,6,88,87,-40,145,30,-5,61,-28,84,137,117,227,99,-46,-38,144,52,-9,161,42,-81,10,-8,35,-81,124,89,1,-17,135,10,265,48,106,-19,44,44,154,1,-23,22,-150,212,274,115,85,64,-78,110,33,52,-21,305,183,40,171,262,131,88,59,168,-88,37,21,151,41,-178,39,136,-11,222,270,18,12,140,51,-108,94,-143,-109,108,80,-74,8,29,150,-21,-38,-71,-60,22,-23,-30,97,46,121,8,27,179,-67,-22,305,-109,231,225,24,153,110,118,-81,-42,96,88,27,57,29,49,101,-100,16,32,129,-73,25,-15,-13,-39,-82,43,103,277,68,85
7,71,199,22,114,118,166,-89,70,0,17,12,28,39,-191,94,-117,200,52,-21,11,102,-119,80,145,-195,38,-45,121,-123,69,169,46,-48,67,18,-23,139,68,-52,31,-149,-24,58,-13,260,186,62,42,83,-29,42,20,-42,14,219,26,-80,15,-55,42,78,279,-149,-104,35,-43,-176,-24,196,-60,119,-118,125,-66,35,-133,149,-58,4,139,150,54,56,134,6,-23,-51,68,132,70,-18,29,91,234,152,170,58,-9,-5,0,85,-183,-73,59,48,8,11,7,69,122,106,-69,-51,9,18,229,137,-93,-66,76,20,-57,17,25,-52,151,219,-51,-69,-50,68,126,33,15,-74,68,-114,-12,-39,127,-123,2,51
74,62,115,-141,113,172,92,-99,87,33,-21,17,-86,221,-87,80,-106,-77,-141,17,-13,-156,-89,-26,35,148,145,225,-121,98,28,16,105,107,213,64,172,65,35,-18,-94,32,-30,45,-44,107,-21,41,114,41,2,-55,82,35,52,31,-135,16,66,86,157,-24,-107,7,0,46,79,39,-15,129,-91,58,32,78,-141,173,106,75,-4,-86,63,-133,-113,-18,-42,-36,126,15,117,140,-40,-45,203,27,4,-61,-222,110,2,99,165,-66,200,20,82,148,-32,125,258,111,71,185,136,-99,125,-77,-75,-48,25,7,51,-27,58,12,26,85,34,118,-21,84,93,12,55,217,41,116,64,-216,-52,-89,-198,-80,95,54
114,235,-74,105,48,28,87,-41,46,31,-88,163,118,-40,-20,100,46,111,-54,234,88,92,6,181,-19,-169,-82,188,40,142,146,52,120,234,167,174,93,270,-2,222,48,31,7,77,-74,206,96,-63,282,129,4,38,200,-38,0,106,-220,-25,251,85,157,-80,133,57,-55,91,44,99,120,210,29,129,-29,188,55,181,-29,196,30,83,112,-128,9,179,166,-11,-121,61,162,3,177,212,169,357,115,-20,27,114,-121,4,25,-153,39,87,96,138,35,73,56,13,91,-38,62,133,-13,166,20,54,-78,-108,142,25,260,129,-6,-34,36,123,-22,128,126,197,143,-19,213,-146,-165,-82,10,37,40,13,68,-109
-56,214,101,32,193,108,-20,-19,41,-209,-36,-32,-30,-7,41,147,-209,159,-35,25,41,64,28,131,-33,-57,-46,-21,159,-27,141,135,22,99,74,101,65,13,254,-40,-2,157,71,-181,156,139,16,22,159,90,-78,57,4,-199,85,-79,-7,-175,0,119,-17,99,106,-171,52,161,278,-26,21,204,63,127,122,135,258,119,-136,-9,-75,-60,87,45,127,-20,-65,50,-14,8,123,199,134,46,65,139,-102,25,174,91,-131,-64,-112,12,142,197,257,210,-58,-84,59,-65,135,94,156,45,-77,58,95,270,-147,-136,12,-20,-44,57,-15,-79,185,300,129,35,191,259,93,-182,-8,48,70,46,90,9,5,119,80,20
145,159,-2,85,147,42,57,88,-50,240,236,127,97,6,59,136,-96,61,32,2,144,174,86,48,279,-71,61,-17,163,-69,143,96,193,27,74,173,36,92,227,207,74,305,-197,171,82,-55,-21,57,19,-112,30,28,21,104,136,76,-103,-93,31,-58,53,136,41,181,28,-68,-48,-46,161,223,95,35,-177,-105,68,108,-90,53,6,17,144,-46,-13,75,132,66,-144,-292,39,63,-33,24,-111,268,-50,119,-33,60,191,-86,31,201,-157,77,74,-201,27,149,112,-77,104,17,199,36,111,-115,10,-1,36,83,-159,-14,-79,-46,97,102,-123,10,-201,18,-141,48,91,81,155,85,82,-117,92,-61,157,-59,-92,109
-22,135,232,62,167,11,43,190,-35,99,31,109,-31,28,-104,103,94,20,118,154,-64,2,194,92,259,-8,45,77,34,95,160,117,68,116,73,-49,68,154,73,92,-16,165,27,175,55,-61,55,162,-30,-39,-119,47,52,141,-45,58,-29,235,166,2,122,-113,35,12,22,87,-20,99,48,129,2,72,224,33,50,172,24,-55,66,-37,171,208,219,-41,95,34,154,-114,-157,127,-24,130,131,21,14,225,1,-120,59,19,3,-42,198,-35,273,230,95,106,59,-26,-1,59,130,107,12,87,193,148,3,29,158,44,109,26,96,-290,125,63,124,37,153,95,122,107,97,-64,-213,111,61,31,95,99,-19,180
110,34,98,-30,8,98,39,94,-30,91,-218,60,-68,141,-223,140,77,20,94,105,-172,-32,9,119,98,38,49,45,12,61,-52,58,114,-50,-65,115,-12,43,-28,73,117,152,-94,19,65,44,-92,-202,10,73,-2,-1,73,-60,72,-161,146,93,-12,-87,-57,-48,102,-31,33,25,-148,-66,-105,-74,15,-37,63,116,126,-116,-39,176,62,19,-81,-43,-8,93,-78,87,-13,-93,146,91,-11,-45,-7,219,-125,-77,-102,11,-44,-38,89,127,-223,-34,112,-81,226,54,173,-152,183,22,-117,163,-69,-18,118,-84,-82,5,104,220,-63,-32,74,-172,11,16,-95,35,111,24,-88,-35,221,187,-19,178,-10,104,-41,-148,163,-138
-47,27,121,194,33,145,-33,-51,10,-91,-21,-206,193,5,96,119,68,-17,174,99,-26,77,242,70,-150,89,145,315,-95,283,59,72,118,69,204,-3,128,-71,-64,-70,131,105,77,196,-42,-28,-127,-18,106,-87,-53,-13,162,-70,-31,237,-80,85,64,-48,258,-104,-63,219,11,-13,108,181,264,-68,-113,109,276,136,57,15,30,66,-32,-58,-56,14,196,121,17,-118,-18,-18,-22,113,27,224,168,55,-16,81,75,-131,-18,-25,-21,66,182,25,149,57,93,104,-22,67,71,93,125,-15,-29,125,252,33,-129,-35,127,-108,102,138,-23,10,194,-210,190,102,114,-28,138,-284,218,-79,-105,46,176,-17,104,-18,-72,72
50,-82,203,49,141,25,-20,25,-17,-14,99,80,-30,144,244,-76,232,-51,231,132,-119,301,85,-11,146,-103,-165,252,4,6,95,90,-33,45,-6,-114,-65,145,-107,171,16,106,148,129,83,-20,56,60,69,101,-43,53,176,23,-145,120,16,164,186,20,198,-27,2,66,-85,-64,64,96,-10,29,143,94,-36,257,-46,30,153,-11,-34,15,92,-28,85,19,-10,87,136,21,-167,138,66,103,105,38,-58,91,-36,-192,269,27,-42,147,163,-139,101,63,111,115,23,52,36,165,-56,1,-40,149,81,-30,-93,139,349,-9,181,-9,-152,-77,38,-116,-48,24,205,-82,-95,133,-89,97,-32,126,-28,16,265,86,-29,111
-90,110,-6,20,-2,-14,181,-54,-2,-28,23,-51,94,61,127,-138,-38,49,-78,16,-73,32,18,49,-39,-35,130,109,99,17,104,212,-115,26,29,-127,293,5,37,-28,-2,-27,82,103,70,2,20,172,7,63,-30,51,44,39,86,-56,20,111,43,156,236,141,-43,59,130,-143,103,87,-37,-94,-7,-36,25,-21,-60,16,23,59,8,20,43,-37,-53,-45,-232,256,-89,101,30,261,-111,-196,238,-63,-199,62,-26,76,37,139,150,86,104,19,-3,23,-60,161,-59,174,43,151,-28,-47,-123,72,101,67,-107,184,-37,134,-31,-68,-101,136,43,111,129,164,79,-173,-5,49,-8,140,-65,144,90,-69,-290,40,33,41
87,-124,-78,-10,149,-21,10,18,61,-70,110,-22,-23,-71,11,-28,117,167,20,-18,68,82,-25,-65,-1,-41,-8,-2,66,17,223,72,-53,-8,5,-13,247,35,-76,106,104,-78,-80,-70,-96,94,50,278,-9,75,102,103,100,21,21,208,-100,-27,102,192,17,26,-99,93,-15,182,74,34,17,77,47,123,22,166,150,1,-141,199,-45,101,146,-146,-139,-58,98,40,-1,-111,-105,91,239,108,-150,135,47,-30,175,23,-16,-133,67,-36,54,130,60,-368,-132,249,-124,127,-35,-8,198,122,28,118,197,96,-52,7,126,-28,89,71,185,126,-63,220,53,162,121,77,236,73,-21,80,-11,-36,-14,-140,17,14,110,21
58,-8,39,39,44,-40,-101,1,-190,15,-84,25,-160,137,-21,-19,11,118,-4,91,-66,-61,25,84,122,24,96,20,-56,-99,-121,274,-198,80,59,164,334,-36,204,-30,78,39,-18,-11,49,-49,-161,148,-22,-77,86,-16,130,-22,52,-17,-10,-139,-107,3,61,47,160,60,-6,37,-14,-3,45,-116,23,-57,-48,165,-18,77,42,-52,22,-25,19,-72,9,-46,-351,-14,70,45,145,42,-7,-143,15,-165,-24,14,61,-109,-39,93,185,185,17,178,-95,68,-135,144,68,212,-62,21,60,-56,116,-24,-88,-194,-64,149,-111,-64,-17,-14,88,63,24,107,26,18,-143,35,-57,115,-156,246,172,28,-87,-124,-34,-165,75,-36
8,145,-17,18,22,-92,76,-62,101,-13,-4,170,129,-81,104,-15,-16,68,-134,47,4,-34,-22,-77,93,143,-18,-85,-44,40,-24,101,-181,-24,103,-142,46,49,80,-106,-128,-53,86,202,167,57,221,207,1,71,3,-124,64,16,33,32,41,19,-32,129,165,-24,160,30,-51,55,-109,101,23,18,-158,-90,-143,-80,-63,-51,140,157,-66,-71,101,58,69,104,212,-44,-160,14,101,15,-70,72,268,126,162,93,87,233,98,225,49,-55,-44,-63,-26,85,249,-32,-69,5,75,23,55,2,22,103,-132,110,193,-4,-37,-11,8,55,-6,-42,87,15,102,32,127,1,121,-102,31,-39,68,-98,-28,63,-3,-6,-145,-31
-1,77,98,144,170,-60,5,-53,143,-34,-78,-4,-311,165,-87,136,-13,-82,118,-35,20,0,36,200,44,55,-63,236,-11,-65,89,155,155,227,228,58,178,-37,13,216,-53,37,-128,71,166,78,-108,20,64,15,65,170,44,158,-29,-37,138,-41,351,19,-10,-22,-16,-22,9,93,58,69,99,-4,-53,111,-23,42,-62,189,-90,-41,104,23,83,-6,-33,-113,-95,14,106,113,-10,104,2,-1,123,-36,6,-177,-111,-30,-40,224,251,-32,98,11,211,56,-12,29,-143,213,-46,229,-48,-40,52,169,68,-13,31,22,55,35,-95,40,-33,21,-169,-27,-119,33,90,-51,78,30,-134,48,27,-142,-1,27,-3,60,83,-161
151,-55,66,-17,41,-90,311,98,57,123,-75,-53,-184,-20,118,-22,57,-149,36,91,101,-167,-70,-91,-97,-89,167,54,73,69,-78,64,61,-83,-125,53,28,-38,-96,-67,-8,119,150,325,-31,165,-45,-17,53,123,20,-182,145,134,-123,55,125,-75,167,51,43,21,39,-91,-136,72,-90,189,104,84,121,-119,156,-36,-43,80,178,62,79,242,-52,52,-64,148,-45,131,-35,-43,10,9,22,64,96,40,268,-81,30,-34,9,61,-89,79,14,-30,34,44,4,-82,-78,141,-70,86,70,146,-86,211,57,-47,-5,97,76,123,120,-14,-202,118,-41,-26,-57,181,69,-238,175,-38,127,-13,-88,118,73,-81,-239,158,7,-8
-146,-25,-20,2,-126,-94,10,11,-58,1,63,-127,12,-58,21,24,-138,-213,-82,-10,165,170,4,88,73,24,99,-16,43,-194,42,1,-56,30,-84,120,89,-126,77,-96,22,120,68,59,-50,-24,35,-7,36,12,4,292,53,88,-93,-22,86,13,29,164,-4,17,-68,89,0,-29,23,182,-16,40,104,114,-6,71,78,128,179,-19,-105,72,-4,-139,0,93,36,78,94,-73,122,-95,-124,-137,83,1,3,-113,-241,-53,-66,14,42,-97,-47,91,-72,-85,19,101,88,61,-94,153,60,-110,172,-44,-34,129,296,63,-83,-97,53,-133,34,25,69,125,2,-33,26,-36,-66,55,16,143,53,57,-131,-106,-124,91,35,156
273,-113,-30,29,112,85,305,-104,59,241,107,103,-4,-66,101,-10,-154,171,-56,366,23,-4,-18,-84,319,106,162,-93,156,-86,18,251,110,124,40,65,184,143,-107,200,6,-139,-87,4,-95,170,189,32,-74,23,72,100,-68,254,138,-20,94,67,19,114,199,-16,136,-14,-92,-26,-266,96,230,133,227,25,1,97,27,65,-124,198,-29,207,342,38,-16,78,67,161,105,-108,222,98,140,-66,339,127,116,26,-58,257,90,-40,-54,-16,-17,117,-113,-75,38,217,171,58,190,188,267,90,10,83,104,-3,3,153,57,35,-166,-32,112,-67,-118,196,-2,130,188,43,182,142,1,130,-121,42,-70,82,-153,-75,106,126
66,-81,106,121,51,58,97,24,-22,154,136,-4,116,25,43,48,163,-139,298,196,152,45,193,207,-24,-10,-71,13,3,143,345,-221,33,77,13,-123,51,-96,77,109,123,-112,103,45,97,64,105,48,64,-4,134,67,153,153,-3,142,36,-84,70,146,14,-261,-101,99,-48,149,-4,120,187,-14,184,119,-25,117,68,150,-52,100,-4,212,50,-78,-65,-7,-2,51,-1,39,-29,7,14,-17,106,167,8,-36,181,-17,71,44,-260,-26,-27,-92,124,26,-9,65,119,16,54,36,100,186,211,73,92,-15,-27,-37,-9,155,59,157,129,-168,-104,-16,35,103,84,87,59,-121,-110,-76,-110,184,53,-102,-77,223,-42,-45
-5,-26,-93,91,278,79,-36,-113,268,30,216,381,10,-36,-27,108,-87,99,200,38,60,103,8,172,165,162,-96,125,120,-30,156,109,81,88,227,-35,7,113,55,109,125,-83,108,-36,-1,-17,-167,183,21,44,82,81,-187,130,92,-23,121,-62,198,-28,94,-45,64,92,-33,27,24,-58,289,-60,122,-26,62,2,167,117,-82,145,87,116,99,-9,-88,-134,-45,-62,-16,99,42,234,-56,28,78,-11,156,89,37,91,-41,41,64,-32,78,30,76,-137,-29,120,9,-27,206,253,-40,-53,137,138,-95,-85,-105,165,45,-18,-4,166,97,145,2,-19,8,119,58,49,91,9,59,266,272,-168,-10,150,189,-72,180,-93
218,104,32,-102,165,155,38,132,101,49,30,46,-9,197,87,56,77,15,-136,121,-2,9,11,96,112,102,218,227,105,43,101,45,3,104,-9,208,53,209,154,48,-32,-35,-19,42,1,-150,101,-55,-191,130,-26,60,-2,-40,185,145,230,-95,-98,-151,-50,140,84,218,-50,-11,17,54,96,108,143,64,85,-176,89,79,74,91,176,-31,74,59,22,65,191,98,47,43,-47,-18,-53,-32,-10,-48,47,-124,86,45,-41,-116,140,-42,-96,-96,131,138,-103,34,28,83,109,0,85,-90,102,140,-21,-87,125,-56,65,-67,16,-65,40,228,59,70,121,-44,-34,-107,-17,84,71,-3,0,79,-99,-74,49,-28,11,-177
70,63,187,50,98,5,100,156,20,-131,134,147,-81,125,246,126,26,183,12,62,-14,-89,77,129,136,-12,208,53,-47,7,-20,133,66,57,26,70,42,325,-26,13,-89,2,128,71,246,-51,125,274,22,5,32,-122,55,-30,82,164,184,43,-92,136,135,-57,239,58,-50,68,114,33,207,97,262,74,27,113,-31,36,126,123,49,26,256,106,38,93,-239,47,109,45,122,69,153,38,39,0,103,73,85,101,-28,63,-153,115,58,14,46,93,-14,-2,55,-13,170,34,113,155,-33,-59,-31,166,9,114,139,8,64,96,39,-21,68,157,74,231,97,54,53,-2,-165,119,-16,-22,50,71,-90,51,78,110
-46,110,-53,115,86,178,-97,259,21,235,40,35,-50,59,30,229,99,-94,156,176,11,-13,75,234,144,129,66,348,-16,108,89,57,109,184,-109,139,61,14,25,315,-146,94,-32,83,133,9,78,87,-104,-159,-285,163,37,140,127,40,111,-66,114,-48,-56,26,88,136,-57,-110,63,78,169,97,144,166,21,127,104,70,-109,125,15,143,82,46,57,111,-19,61,18,-66,114,136,-52,120,-197,-1,48,81,189,-156,198,139,78,112,-5,-22,48,-8,209,32,69,72,238,-60,-43,-63,231,182,1,-73,-181,62,62,171,142,213,29,-9,-54,85,-84,251,42,73,4,66,124,85,145,70,260,-74,-93,99,149,-19
-61,35,-222,102,178,76,17,-85,-20,-77,93,19,76,-116,5,-149,33,74,-113,105,180,12,20,209,32,10,-109,-154,21,61,229,86,15,263,-37,-98,67,-22,34,58,64,-66,97,88,155,-40,139,219,206,60,34,138,72,158,-71,119,8,9,151,114,-36,-190,-1,-68,-152,151,-34,-113,86,113,-8,151,-152,182,-116,160,-99,57,-125,59,149,-178,-123,-178,7,109,-81,3,-109,-36,0,104,143,132,-24,-4,-27,114,52,-221,-129,-145,4,-71,10,57,82,117,-129,198,57,66,-68,31,110,145,-8,36,48,-36,102,-222,22,92,198,7,-2,123,67,184,51,-39,28,-85,-79,76,-18,56,-46,-161,-1,88,72,-124
38,-26,38,89,69,-232,92,-64,114,-145,-66,41,150,143,140,92,89,107,-58,47,132,-13,-31,54,84,92,2,-196,9,-48,-106,188,-6,124,63,-20,9,41,42,39,68,-63,92,126,86,-99,114,19,71,27,-32,132,18,129,23,199,-111,1,-4,54,-155,-224,-85,-152,-54,-41,52,-93,-134,-49,-7,-159,9,158,42,-48,-10,-39,123,-175,-44,-46,-75,132,71,145,-20,66,137,29,23,11,-26,189,21,-116,-146,-48,33,-58,-144,-72,-143,117,93,38,-3,-100,193,-2,176,-158,-100,3,-21,51,-39,43,308,-23,69,40,154,-21,106,-159,58,-97,57,180,31,-12,-57,-116,96,202,25,-90,12,-37,138,-73,55,-13
17,-57,-26,14,52,-30,194,7,-66,96,-58,19,-10,3,13,54,7,-12,21,99,-61,-29,-13,-62,-65,59,42,116,132,84,157,6,-94,27,0,-103,185,-85,44,-11,116,172,5,192,24,-61,-66,31,171,-11,145,-15,1,156,73,-13,6,181,-16,49,106,109,-51,158,102,-26,-35,113,98,-138,-17,-83,34,-57,79,159,117,-134,169,137,-67,-34,85,52,-16,210,-136,187,-61,2,-24,-77,326,27,-59,-198,-144,193,-63,157,169,-36,144,32,98,29,71,95,37,208,-16,94,81,-79,-24,-71,-59,-184,-2,88,-136,-47,157,21,-2,24,74,-77,16,-34,98,-111,22,58,-123,0,-285,-5,-115,-50,14,-42,-20,-219
-36,-54,39,-15,150,29,-25,-131,31,67,-21,75,5,-131,28,172,-58,-56,181,74,133,-33,118,86,46,125,84,-80,-36,-45,83,58,-71,-118,22,27,-69,-236,-46,-33,116,210,109,20,-24,87,60,31,124,-83,214,-83,90,99,-40,59,-76,-90,88,-113,-45,-30,160,10,-136,17,125,-58,57,108,-151,-14,41,-62,187,-7,99,8,-55,-50,270,105,10,-94,5,-117,-41,-140,-18,-89,-196,103,-30,114,175,79,-179,-116,-169,-23,7,-99,-71,-178,96,96,152,91,49,80,-16,4,-16,-21,61,206,19,179,282,-3,72,-79,53,8,-64,37,93,11,94,28,59,-35,121,86,73,-80,70,-3,-98,-37,60,166,102,80
-45,18,47,41,-73,26,-56,-51,-87,62,190,61,39,186,-55,89,246,-22,69,-45,76,58,-47,-19,89,94,159,147,117,50,-16,52,1,51,89,205,-58,190,60,-99,113,-105,67,-45,-11,-89,99,31,-65,174,146,136,80,-33,63,72,55,74,-28,58,195,-39,50,53,-120,120,-58,35,111,39,-4,-1,109,56,-95,-72,122,96,24,59,-106,79,121,155,141,-66,296,-4,-33,77,59,-147,-43,24,-35,273,-1,-122,-71,68,-34,-82,110,-27,56,28,-66,-92,85,-39,-79,72,106,55,-90,195,203,48,57,-15,138,55,11,184,57,-41,77,-9,233,-133,142,-128,167,-77,139,43,-104,22,121,146,85,-18,-8,54
91,85,127,244,77,-11,215,78,95,-32,137,113,15,47,174,-10,-1,43,112,98,-2,-70,52,31,33,111,-121,78,-94,47,-196,-36,-20,83,109,113,122,-43,-262,201,72,-97,26,56,166,-32,15,63,114,3,100,-14,50,-163,-64,86,199,35,19,155,70,-6,161,140,35,84,82,164,147,-8,84,140,129,69,-124,256,81,-3,54,60,-91,134,-193,-28,-131,147,48,-37,167,187,96,-53,132,9,58,124,39,74,52,107,25,134,56,60,178,-35,-166,2,140,71,-148,18,133,179,-34,80,-7,-28,53,168,81,-49,-71,-13,-28,-2,-45,38,-13,142,-51,5,45,-69,123,155,-57,80,-15,-69,-24,41,73,88
-35,-93,-123,-72,24,12,-7,95,-39,134,120,-14,136,79,118,55,21,2,0,129,201,-9,-145,1,-116,96,8,-4,13,-59,40,83,-81,11,-26,57,-54,97,84,-77,38,30,45,6,-89,-48,-99,-34,-104,79,49,-10,-148,-43,33,54,69,-25,-144,79,11,-4,95,7,-11,118,-53,-51,-63,51,143,50,173,-182,38,77,87,-24,44,-10,-48,-44,185,134,190,-4,16,-23,-159,88,45,-120,62,-61,57,5,175,18,82,26,-32,119,191,-48,49,69,-138,-114,-68,36,-26,47,5,-37,-20,168,242,91,39,57,115,-1,123,-35,-202,-1,125,97,243,75,120,-109,-104,-13,185,-14,-69,-118,-105,44,64,44,84,84
83,-11,143,276,7,96,-4,64,26,38,-148,-34,-37,-180,-61,223,11,-9,191,0,-46,-182,112,225,95,-3,219,19,87,47,67,158,178,269,137,135,97,76,-10,-79,-16,113,-108,173,36,188,-103,113,115,-154,63,237,44,-15,77,163,199,84,-54,42,-119,-22,104,168,260,-6,-25,265,279,-93,106,73,81,179,65,214,35,-120,-101,4,-6,8,-126,44,89,-75,-45,-5,84,104,191,129,-1,213,115,-45,-152,-44,-83,-102,141,1,32,-103,161,-109,281,114,156,91,76,148,78,69,119,62,-24,14,-58,121,-15,32,32,-42,195,-40,-30,-35,-230,127,61,126,177,-69,177,203,-133,-168,45,163,46,0,-46,-75
-15,-45,-29,-24,38,155,33,-17,96,46,67,51,-73,58,-169,-88,-42,-42,22,110,-95,-19,-72,-71,30,90,320,79,5,265,73,-99,-2,89,-63,-11,24,85,-114,-22,-282,25,-110,194,-166,48,101,94,-113,39,132,-139,-66,-91,-17,53,187,161,56,8,33,-150,50,-77,-9,-117,-68,149,253,92,108,67,1,52,-186,-25,84,67,82,110,95,19,-22,28,53,100,-37,138,-2,-209,-14,-125,-27,45,51,-21,-29,30,3,-16,56,-107,118,-93,-153,-44,-160,-163,61,-105,-95,49,-35,71,-97,-29,139,-68,-144,15,-53,44,98,184,-53,-49,-17,-107,-67,224,49,40,-68,67,32,-144,-124,-131,15,-18,46,-10,-89,-194
12,-268,61,-35,14,124,75,6,19,83,158,36,-13,-42,21,100,159,-13,-74,64,-68,35,-8,-94,266,112,30,-66,34,-13,-19,-19,188,0,-227,208,-6,-27,-55,102,132,-100,-186,134,-11,18,100,-121,-100,71,-62,172,-82,134,-127,28,140,-50,39,-25,-342,96,13,93,-8,41,36,34,70,88,41,82,70,-54,10,120,-73,22,81,181,99,-176,128,-22,137,159,44,48,25,-171,59,2,66,55,-57,19,143,174,104,-44,103,49,-62,-184,37,151,179,-11,166,43,-21,74,-61,-132,131,97,8,-158,-186,54,84,77,171,-46,17,-165,-36,98,55,-31,57,-16,-67,-30,94,-90,104,-36,92,-174,200,-15,88,-139
-10,-112,-77,85,17,73,11,-63,29,40,94,-177,114,3,75,182,106,86,70,186,88,66,17,-124,154,-9,26,34,29,56,-31,41,22,144,-107,33,-95,-27,-67,-14,-83,47,67,190,-10,-21,-22,-116,131,-88,40,44,27,62,-25,214,-26,26,-4,-18,87,119,88,185,2,4,16,75,104,9,147,39,-71,-29,225,-54,36,-32,152,25,76,-9,40,76,57,-60,-56,71,-105,-78,95,109,-9,71,-100,-71,228,101,-173,-30,-16,107,-69,-75,120,30,28,144,110,-96,-84,79,146,104,0,218,-76,136,16,223,1,54,23,-108,60,139,-27,123,154,-269,-54,6,154,-157,-4,-60,-130,86,-92,35,82,96,-20,31
123,-29,-42,173,129,160,-54,-54,-82,263,-11,59,66,114,126,85,78,96,210,226,100,-17,16,48,-50,-97,-3,167,-147,-58,-11,164,-18,7,-26,113,151,-36,59,77,59,42,51,96,-104,183,-11,30,-60,-60,-196,68,79,143,102,98,168,151,-59,176,-35,131,-3,179,43,161,-71,70,53,-105,32,274,26,282,-8,195,-34,-164,38,81,109,28,-24,-37,-7,13,225,-73,110,-61,97,117,205,-76,52,22,199,45,24,-159,161,-51,103,117,80,61,37,23,12,110,67,139,206,-10,283,138,21,-108,-225,79,101,49,192,18,-29,-97,-53,59,-36,16,139,-100,175,-13,91,75,34,-23,68,-219,109,108,74,90
-75,11,11,102,132,-8,46,58,59,91,173,174,-120,-94,3,87,39,-127,155,-155,83,-32,75,58,245,-12,4,99,190,-147,101,227,-74,4,-123,99,-37,-28,76,64,-2,-3,-38,190,2,55,9,30,-64,1,-31,120,-7,0,-152,112,134,90,152,36,18,-127,90,-62,-13,18,-26,0,-28,-54,-25,72,171,239,8,-51,25,143,17,148,20,106,29,101,53,3,46,53,48,78,-16,38,-166,132,128,153,19,-200,139,-73,-111,-163,58,87,125,159,42,10,-23,107,52,37,-66,107,111,134,-58,107,240,11,216,108,142,42,-158,-75,108,92,-147,167,103,48,82,50,-5,139,62,31,-18,-19,91,156,-10,-16
-65,139,-78,239,179,-215,-96,163,-52,-53,-47,72,-118,78,49,8,9,175,-91,75,-48,27,167,-108,206,-42,-47,162,-139,39,9,37,-129,89,177,222,6,-167,-104,37,115,86,69,-12,1,8,21,67,-44,-85,-146,160,-1,121,120,59,55,81,9,102,-95,70,-50,31,119,1,29,187,222,45,106,147,97,190,-89,217,0,-190,22,-171,65,6,84,160,163,68,123,10,99,-79,72,39,-207,-194,15,71,75,-71,29,-37,4,-21,25,14,-76,-61,30,55,5,147,90,-36,285,-74,216,-7,30,51,14,-15,4,-81,103,14,141,-99,165,83,-2,-107,72,155,161,47,101,87,270,45,13,124,23,168,160,307
19,-5,58,62,124,-49,160,193,-1,-33,112,105,-5,2,-6,63,-125,-69,209,179,-54,79,306,181,95,-8,-77,72,95,30,-23,-63,-17,266,-160,278,55,-85,24,112,-123,207,-27,283,154,157,-41,13,-84,-22,10,191,-202,-7,22,-19,182,56,156,50,-190,142,96,-22,32,-35,-94,93,244,-52,323,27,50,-2,-10,48,-17,72,-91,214,78,87,-9,-172,-44,77,28,93,-93,-125,21,82,-6,67,-62,-116,102,-53,-121,-63,84,13,53,-115,-106,96,47,247,42,14,72,-8,-32,159,81,-44,-28,-65,-89,123,27,218,212,15,43,-158,-51,-21,-258,-67,-83,89,-8,-76,-90,131,-61,19,122,184,116,-48,153,-126
-2,-118,44,143,42,54,-88,51,204,-53,-1,-22,8,-22,9,198,122,56,13,133,-1,156,-91,-156,1,-106,-119,145,51,-27,181,135,3,-94,70,50,111,-111,36,108,266,125,21,58,-10,-1,-100,35,-41,-93,147,5,54,29,113,147,-52,85,-23,42,-50,122,16,-16,-80,34,5,137,-42,-117,-98,34,-48,66,-20,-16,67,-91,-65,108,-134,68,102,153,143,175,-21,94,112,71,-65,100,37,75,68,-37,-77,14,149,16,111,49,20,159,135,-22,62,128,110,137,49,219,266,-84,258,146,-170,232,16,49,-10,-55,104,29,-47,0,-2,-69,-121,50,125,73,-11,-2,3,210,62,-70,-51,-83,234,224,143,155
-57,256,52,65,118,57,73,27,13,-36,-33,107,316,64,-40,137,-26,19,87,174,47,198,-49,43,4,15,-174,-52,213,116,45,14,-88,164,257,82,23,98,-71,18,97,33,224,-38,40,46,154,89,253,42,65,213,-116,50,-67,3,17,207,127,120,251,119,188,102,-161,-97,41,114,61,49,48,-23,22,229,181,176,-114,-101,170,42,167,157,117,-28,-27,57,-85,-89,-51,164,-112,-20,-15,168,-71,247,-33,-9,-137,-113,90,2,320,41,176,23,22,136,15,-14,-52,-51,214,-33,-197,171,93,81,43,35,-48,25,113,29,104,-98,-15,207,83,-175,101,2,68,-140,-141,-52,-36,-66,-49,288,302,-66,13,185
156,110,47,73,33,82,249,25,171,-77,-40,218,89,-17,-8,129,40,46,43,-149,133,30,10,93,-112,28,141,24,-72,52,-9,51,19,7,56,-173,-136,-6,-94,99,-88,-118,-104,-43,15,153,90,-56,-84,-15,-9,-51,-98,101,7,70,19,70,55,132,93,10,179,12,54,-29,-23,-27,124,-44,112,81,-81,22,-47,-21,-165,62,-63,-117,191,112,-29,-46,-17,236,-27,-39,44,73,36,122,125,-56,224,64,-17,61,20,116,85,-23,-113,-25,89,0,45,15,-32,-77,92,79,-30,-79,-61,233,12,212,100,91,-96,42,10,-73,17,25,-25,-107,-28,102,-47,111,216,-55,133,-86,-20,90,-15,67,95,170,40,54
-72,46,249,117,-28,-58,88,18,278,62,35,-138,-110,67,78,170,76,21,106,236,46,36,-178,184,77,-42,109,94,-85,30,250,86,27,32,97,-57,23,-34,48,-50,-80,-157,80,146,-178,43,2,102,-193,63,96,21,38,51,-13,-37,-64,106,108,37,220,41,-10,140,58,-141,-57,54,44,-97,143,94,62,46,-4,0,13,123,-45,21,41,9,-104,82,-36,69,83,75,94,82,44,78,112,35,60,-150,-97,-9,111,174,54,-2,-94,15,112,-24,-111,27,2,-48,65,223,-15,58,52,72,10,165,68,40,150,5,-49,43,-130,5,-4,37,156,167,30,-40,-106,79,14,-37,100,-90,1,93,-217,-64,41,94
-29,-99,66,113,15,-162,65,192,-253,80,182,50,111,-9,206,162,-8,-3,208,234,19,92,-34,86,59,-251,18,-35,15,-63,135,68,90,0,-134,-51,6,-10,-30,64,41,92,-101,6,-78,-2,165,-7,62,-127,-37,10,54,77,96,67,-131,1,50,-12,80,84,88,104,50,23,-11,-101,-81,122,151,-2,98,-28,39,86,-87,100,-25,21,75,4,112,157,119,133,-172,-20,160,-187,-78,121,-103,138,-109,176,52,55,-9,134,30,192,103,49,-1,88,69,121,90,110,5,-51,-113,67,34,224,98,7,180,82,-3,-112,187,88,-89,79,41,-40,251,-33,160,7,81,-83,43,-104,-16,60,32,-1,136,-20,104,145
269,0,-61,293,-42,-60,-96,193,-3,97,-57,192,132,-20,2,4,167,15,13,0,84,-34,46,76,73,-109,48,-25,-97,-8,25,-44,147,-87,34,51,-69,134,-87,35,283,30,222,-17,-103,74,218,161,140,-73,88,49,46,155,192,114,138,-8,31,32,129,-29,18,183,-32,67,-25,207,25,-68,-3,105,87,77,2,10,53,89,10,118,118,-38,-34,122,86,151,-79,-157,30,-67,21,-25,-21,2,14,-100,-28,68,128,22,-178,-109,67,152,4,-86,81,151,-155,16,-71,-67,-34,105,20,85,-206,158,170,21,-27,0,169,33,1,-29,61,23,7,68,232,-156,76,128,255,-176,-9,87,-18,-209,37,103,-6,-3
-79,145,-7,179,192,100,-59,93,64,76,-22,56,194,50,-138,261,24,68,90,-41,-11,90,268,-43,-134,97,72,110,-5,121,-25,84,103,-72,60,108,-5,-192,146,-58,19,31,-3,-73,-41,144,85,-12,-39,-92,-135,-187,-163,35,117,47,225,112,89,-111,-92,82,108,107,117,-1,1,158,-66,153,-17,-1,-51,-91,52,19,20,59,-12,1,93,146,109,-112,209,-73,105,7,75,181,87,-74,-10,-23,199,-115,97,-12,-23,37,145,29,-10,169,219,114,27,41,-65,-18,67,-31,77,34,107,-47,74,154,-21,1,39,85,96,135,-16,-34,183,-67,158,102,-25,127,239,-85,79,-18,-197,-57,-18,47,-49,52,3,16
94,17,-4,4,199,-28,61,-3,14,-4,-34,-92,-112,209,51,85,-43,-9,78,45,32,61,70,-138,109,26,7,223,1,-46,-86,-66,40,43,-22,89,93,-36,-125,17,-141,-43,147,-85,-44,29,-64,-5,10,-32,-15,-130,101,-88,25,117,15,63,77,95,9,21,51,58,7,-70,39,-31,-31,72,-6,-65,-122,26,-128,-51,76,1,76,131,28,216,-3,-141,-76,25,41,29,-79,17,-43,-65,-48,-35,-30,-4,-10,-82,94,79,194,-2,7,24,91,104,-135,147,-73,130,9,-52,78,181,-13,-53,133,9,6,110,108,74,-140,42,-45,-7,-28,96,129,-75,-94,-94,-81,188,-52,229,65,113,-81,-24,23,-86,89,134
51,92,45,72,89,151,67,164,103,162,91,-176,-2,88,68,61,52,16,145,43,-4,-3,94,106,223,72,21,260,103,101,178,203,286,99,163,-5,238,41,122,73,25,-68,266,76,-51,167,18,-4,289,-8,-116,168,-55,148,168,84,66,65,101,7,183,298,-8,335,19,-69,26,149,106,71,162,-62,105,57,64,194,101,28,128,-42,155,218,205,78,-22,166,11,140,1,106,-6,6,291,-65,10,86,32,143,103,10,68,86,52,67,165,91,-80,145,-26,-68,-76,115,131,62,167,84,12,270,81,192,195,102,-68,127,85,86,185,325,230,-189,88,82,241,265,115,54,99,126,-116,32,-63,278,157,-4
57,-32,210,21,24,30,83,-3,18,-41,116,84,4,118,-124,266,31,13,54,67,-112,-184,-100,45,283,-35,68,121,-116,-51,-55,62,41,28,68,2,61,66,76,97,-136,31,-156,-128,-37,363,-61,10,-154,-169,-63,138,-5,248,-100,73,94,226,11,147,-11,166,196,-41,-6,134,-23,277,121,-182,23,-69,-22,68,18,81,-128,-18,84,-166,97,198,45,-37,-175,5,87,115,33,10,16,-68,128,-73,-4,18,92,7,-43,103,158,77,154,45,12,30,-15,138,-49,-131,-55,65,64,-159,-6,61,-22,50,-129,44,-81,100,36,-12,36,-77,-29,-90,26,-157,265,36,69,-80,-233,-88,-99,-113,-20,0,13,70,38,-43
105,54,78,96,45,49,13,101,105,100,-100,104,168,-1,-106,-8,32,-31,221,-41,-65,81,218,8,29,-72,-127,-193,56,75,-30,-101,-53,133,-24,152,26,57,-118,-142,-139,51,45,96,40,55,183,-41,34,-155,-63,-1,-16,8,31,-176,228,-36,-26,-56,-141,3,245,58,56,-66,-82,-20,54,406,168,122,115,-58,-97,62,90,-78,34,-158,3,205,93,-31,25,76,-100,-176,68,-20,-214,-128,-194,-79,-34,116,-63,-27,-31,74,47,172,-45,95,66,52,82,296,-19,-31,-89,-88,-46,9,226,21,-122,84,56,74,24,24,133,-44,30,2,95,-121,-8,-205,-94,84,-95,-50,-98,-8,-76,69,146,16,128,85,106,-151
72,30,-55,-62,-51,-20,35,12,48,-52,-134,-96,-6,-45,98,-41,23,-74,33,107,1,-245,61,169,118,94,239,19,67,3,10,164,32,-65,85,-96,-104,38,121,-214,-116,-42,67,67,24,-89,147,18,-193,-69,54,29,-129,165,4,-129,42,-81,-54,14,1,11,-65,62,-47,-132,3,169,57,-77,-62,-95,43,-130,-47,-167,31,-79,37,148,-22,163,-8,-3,-207,178,92,-10,-19,-75,-119,39,-26,-8,-77,-218,96,-70,90,-118,-12,28,-12,59,235,-33,-157,-88,0,-76,-42,85,141,62,-45,138,2,204,-23,30,0,-30,41,-125,7,-46,-18,-103,-55,234,54,-70,-8,-31,-47,93,65,149,99,-83,-40,56,-160,100
109,-14,160,133,204,-108,196,24,43,55,124,-111,31,197,157,52,49,-62,141,199,108,140,99,-23,8,74,164,258,78,111,-7,93,-44,235,163,-14,90,-12,96,-79,8,240,52,219,-106,189,177,31,-43,12,14,207,188,-45,-15,225,56,-65,127,77,240,111,-5,243,81,181,184,255,247,139,309,254,172,57,25,326,-95,92,2,-142,-20,201,-58,171,-53,24,-11,-49,106,13,201,118,-236,181,37,90,225,-25,-2,152,-26,79,167,-36,240,-17,93,153,59,32,-31,52,271,88,87,242,235,3,45,-21,-59,-47,50,150,118,124,-203,28,292,104,218,-55,22,-1,-25,54,103,99,34,22,38,117,90,211
-121,-182,36,-27,24,-36,106,115,37,54,98,-41,90,16,63,-172,40,153,4,-48,60,122,92,-19,-6,-30,-168,-106,232,42,62,-11,35,140,-5,-26,141,-65,-72,58,0,-220,208,246,1,95,43,-10,256,21,148,52,71,11,-47,131,9,-15,211,77,116,-12,41,113,2,-8,-2,-7,88,61,41,160,-16,89,-42,-83,366,20,99,61,-142,-142,-99,-59,56,124,30,92,-138,7,-13,-122,-22,32,-77,-5,258,115,15,-73,-213,100,97,-75,-67,-48,62,77,-92,145,-29,58,-22,79,-7,21,6,151,101,146,147,33,198,51,-72,-104,58,-16,29,-39,102,-4,-62,-48,-153,-124,67,78,33,72,147,-19,-83,-86
-26,165,83,166,179,94,-42,79,-31,106,1,61,-35,105,-71,152,4,110,5,163,67,106,-6,-194,7,77,-45,-74,-54,184,113,158,-27,-25,37,44,2,-127,-121,-14,176,76,31,31,13,184,118,95,88,-98,9,168,-96,28,129,-44,181,189,237,58,26,-19,160,34,106,-16,-107,113,95,52,192,163,-176,147,164,163,-20,-45,42,260,-30,-151,24,35,99,190,-40,-37,64,196,-26,-110,199,-6,-8,72,-35,-10,86,191,-75,1,-45,99,102,30,9,-131,-12,36,12,167,151,49,145,213,49,182,-92,237,-142,151,-33,91,172,-140,-41,54,73,-66,-98,-2,104,-37,101,4,-34,-43,-51,20,101,259,184,97
47,-15,-23,72,-2,-149,318,-27,54,38,186,-39,-57,-34,163,178,129,148,-76,38,53,55,-12,100,169,-31,29,37,-12,-20,80,122,-20,109,-1,-83,-64,-6,-21,152,-16,-186,86,122,40,82,14,22,170,-22,138,49,-9,-157,32,85,-37,-17,17,187,23,289,110,37,54,130,6,65,169,170,-4,132,87,-22,140,145,-216,93,119,93,146,0,45,172,145,114,48,212,-36,-7,166,113,126,235,138,-21,269,158,-7,57,7,144,-88,33,82,162,18,-118,-71,41,38,62,206,151,142,207,-108,307,73,49,247,-18,98,106,25,-42,73,184,86,9,-5,56,270,-31,-83,-24,42,78,88,-14,14,55,-31,-128
-94,81,-184,54,-15,-117,-32,-222,66,-83,85,133,-223,8,10,11,135,-72,34,114,85,18,-42,14,140,36,199,153,-66,-53,83,-88,53,-164,41,-132,-47,-16,81,97,-120,66,164,145,26,187,117,277,-98,-15,34,-16,-91,76,194,78,-104,131,165,248,3,9,-35,1,-12,-63,150,150,196,33,33,-38,-232,-116,-91,147,107,65,-168,120,42,42,101,-76,-11,183,47,156,-43,-7,-26,-43,219,-39,43,-131,-198,39,-74,20,86,-69,254,-91,-24,3,23,-32,7,-23,-113,84,3,-160,-118,182,-56,46,-51,43,32,75,-3,160,91,-1,60,52,-51,161,-13,-70,20,111,-124,-13,-93,-91,-100,45,-118,350,11,20
-65,-3,4,-23,11,177,-238,213,116,90,-86,-33,-82,-111,-64,-30,48,97,-108,40,127,-15,107,21,66,-18,-42,48,0,157,78,53,177,54,-82,77,136,-129,117,98,-91,26,-23,-74,-44,-133,-80,-78,-83,10,138,142,-11,61,60,52,119,152,-130,4,-65,44,-81,-24,95,47,-91,29,-102,75,-15,-50,97,95,-153,30,93,15,46,30,63,45,25,86,161,-46,-193,10,-30,46,132,-21,-59,-55,276,40,100,32,99,14,95,-16,-6,28,-31,-36,-50,102,36,87,-46,229,117,37,116,-15,-3,159,13,-34,88,-49,-106,45,121,295,-111,-1,44,116,38,61,94,-45,89,171,72,-36,-91,100,178,156,7,33
66,-67,31,-85,-24,23,-3,30,0,-52,-163,79,64,-63,58,40,71,146,-19,-3,-45,-50,15,125,-2,96,183,99,179,202,106,-66,7,103,20,4,136,5,40,12,189,66,-14,12,-140,7,-113,-104,60,-13,169,176,12,15,54,48,11,-72,160,19,51,-15,141,72,-15,64,142,25,113,-10,-34,-25,89,149,72,-104,23,-54,114,-12,77,-68,43,-76,74,12,-56,12,80,-117,-1,208,80,-185,89,-112,210,-10,-142,102,99,-122,-130,11,-87,-58,31,266,24,89,-57,-37,20,-16,-31,-67,105,-76,99,-23,45,-84,15,-37,-3,148,139,141,64,27,95,40,66,139,9,36,54,200,-36,15,43,-2,70,-84
94,-101,144,-93,124,94,79,-166,-92,-21,199,2,27,60,-92,199,27,188,15,320,45,210,-119,87,-14,28,-136,-2,106,-71,39,97,-60,93,39,120,19,121,64,173,121,14,123,-56,-20,183,123,61,-66,163,30,1,123,-123,6,77,-129,7,269,132,137,92,337,-36,-13,4,61,-75,15,-76,198,181,-127,70,69,-41,43,78,-56,138,62,-38,220,-199,76,-14,-12,145,142,41,170,4,240,9,57,229,-158,115,-98,-33,125,90,-12,27,90,134,-22,212,72,-14,162,168,101,33,54,66,238,-30,23,163,-100,-9,-211,-73,-139,-61,107,156,97,37,-90,6,173,-91,-92,-56,-98,281,-115,125,50,-22,-34,187
50,-94,115,79,33,-61,89,115,85,225,-27,171,-26,153,213,62,101,72,-6,78,68,61,20,30,195,-23,-117,-72,280,31,-103,140,-62,75,232,247,2,67,-11,39,116,35,47,-30,155,39,11,-144,-58,1,165,113,-2,107,12,-102,256,20,-106,129,88,98,188,87,111,289,-56,246,41,121,123,-28,128,160,-29,123,165,-132,218,95,-27,62,10,171,-30,235,15,-38,169,96,-4,-31,7,114,42,-52,96,31,120,45,71,168,-52,-124,271,59,-106,119,-70,168,-35,111,231,182,155,160,94,139,211,330,144,189,40,-131,58,44,-87,271,91,-85,131,19,69,10,76,225,117,129,-25,121,72,120,261,172
-6,260,-3,157,36,-137,38,135,-66,-14,12,211,244,-28,39,86,130,-10,-4,10,-13,-7,-59,102,-121,155,-149,145,-153,54,90,13,-44,101,121,-110,52,-117,91,129,11,21,-170,-16,-143,-97,69,44,-19,-22,89,-145,50,36,73,66,-37,41,142,-143,85,-120,-41,-9,-33,-14,14,-117,114,-135,-25,-14,12,133,16,-76,-16,151,115,161,153,96,12,109,81,243,55,-107,-20,35,-137,256,-108,19,20,105,61,-285,-10,53,31,-125,113,75,82,77,-85,92,-23,199,126,31,69,225,-115,75,138,3,-2,-45,74,26,114,114,87,-154,-65,-105,-19,151,-66,107,144,-58,140,102,-86,74,-33,90,-7,-56,7,73
185,149,135,-63,86,178,-55,55,-95,27,46,78,-63,29,-83,27,18,-123,91,109,142,18,-93,112,-18,96,198,-59,153,243,156,-44,-79,90,-114,-28,59,192,62,77,-8,-86,-16,7,143,-133,184,134,-205,16,-30,180,-181,-20,-5,-157,94,-3,22,243,-7,-94,-170,150,-26,126,32,126,91,37,87,101,-37,23,71,160,-135,-103,-124,116,-25,26,-160,-48,106,27,95,-38,22,117,64,111,34,-14,103,-88,74,-70,61,-108,-66,53,219,166,111,133,111,-19,108,194,28,-78,-14,-3,168,167,171,-134,0,-135,-222,46,30,105,103,103,1,212,-31,228,60,-41,18,132,78,121,-65,178,56,36,24,-83,41,-34
38,-122,151,23,-97,160,-55,-115,412,137,23,140,-79,27,-90,34,-18,47,-27,244,63,-27,-36,45,74,136,114,-64,200,-54,-33,25,247,-142,-15,55,52,158,-63,20,14,-101,121,-86,-22,93,125,-36,83,128,-43,-70,-41,166,-82,129,164,170,-29,-16,85,-17,200,169,64,-77,66,122,-123,45,243,23,-9,36,-40,-83,152,-11,83,100,73,185,54,-56,6,143,-75,-3,-19,2,35,-172,138,-30,38,-53,92,115,173,-125,-39,110,-43,25,221,-56,-78,118,111,-31,-1,-1,215,-40,-34,85,101,70,25,83,25,-113,-133,-44,-179,13,-38,222,133,84,75,-84,-118,55,47,-29,-2,-58,-85,48,35,255,21,-141
-25,58,245,75,108,26,65,-15,9,57,169,69,27,-121,53,-38,126,-61,166,179,9,-39,52,108,169,54,50,102,210,262,342,-4,263,64,137,126,-86,148,102,53,98,51,-13,138,-77,74,36,-5,61,0,-14,-46,70,68,-151,56,18,-109,178,70,168,-41,14,121,-31,-116,-10,151,250,216,40,-27,90,-5,34,165,85,16,93,30,63,-10,166,40,145,57,-110,89,21,113,181,111,159,88,120,168,14,85,7,-101,33,74,69,-94,77,20,-24,116,81,3,37,172,76,-60,-77,63,173,37,57,-127,66,59,-27,140,21,18,287,344,167,273,105,222,195,184,179,-163,9,-24,-4,62,1,135,38,157
73,7,2,163,38,18,90,56,-41,112,-14,-36,79,-85,36,86,67,73,130,-1,187,4,3,94,9,-32,-4,-48,111,-5,-16,-3,263,-144,147,12,81,117,22,135,92,-154,89,-58,-33,60,-131,83,246,35,104,-18,109,129,114,52,13,21,55,97,129,-161,92,-36,61,-29,-42,17,58,-24,14,-215,-37,26,43,-120,172,-136,-7,5,-38,27,-43,-18,-69,54,-139,99,-22,40,51,20,107,138,62,140,4,-48,7,-100,-52,-80,-27,280,107,18,4,20,-13,75,101,177,61,-67,-58,-8,26,106,-65,72,67,91,-50,51,16,1,-27,93,163,107,62,154,159,86,-45,78,54,171,0,86,47,30,198,-97
-16,-70,236,-143,37,47,-11,-15,65,-109,66,85,10,144,95,172,139,-51,-161,20,-126,222,-46,67,157,-12,53,-19,156,195,-65,91,84,197,-60,-35,22,66,-8,101,-55,-48,-98,187,134,55,-38,-167,-93,-41,15,-53,117,-38,-112,240,-63,-52,-63,-81,205,85,170,185,22,-188,-2,296,64,108,98,160,-48,144,73,-139,14,185,35,181,-61,24,58,-19,66,67,-3,-221,55,-14,149,42,-81,155,-116,21,131,118,61,-168,78,54,-41,-167,81,-42,44,93,161,-69,152,175,170,8,-126,198,31,118,-9,10,119,60,-59,15,-74,-97,-161,284,-20,3,85,-124,-197,9,-2,41,-4,48,123,-8,51,-81,152,93
-33,86,69,41,53,30,-49,-74,-24,-30,37,167,32,194,51,40,74,106,180,43,-182,104,15,119,-28,-1,102,-4,203,104,44,225,12,96,74,-75,119,35,70,-72,-68,73,-161,25,-99,32,40,201,-47,-151,9,106,84,-119,-62,74,3,-14,104,183,287,-96,-36,15,164,-26,-52,72,123,-50,59,-96,-134,239,-73,-55,-45,-41,-6,17,209,-174,-168,33,-19,-63,111,65,213,-5,-8,-61,11,47,-48,164,13,-73,19,102,65,72,61,81,188,-12,-14,132,157,-79,50,-15,-76,154,6,73,166,-82,-49,48,-135,25,63,109,129,193,82,46,82,137,5,-12,223,55,192,243,-11,-58,-11,57,145,-151,-5,-153
-36,-108,-135,-105,-2,136,-214,-55,-181,2,215,19,-26,56,86,1,50,64,-26,82,-99,-95,-15,-31,-171,134,55,158,-144,83,158,205,32,-242,28,-312,-130,-6,17,189,-69,2,-170,0,-167,-47,69,-41,-36,-89,-172,-13,-13,-61,27,182,-70,-6,-43,-90,3,90,-51,72,-6,106,-15,-37,44,-18,96,163,-80,-17,-34,-19,-146,81,169,83,3,-180,-31,64,201,151,32,245,-202,11,302,109,0,-54,54,-80,240,-59,-2,-35,139,-39,-76,-41,72,-84,-2,-96,-182,-30,45,175,-67,-13,-46,284,223,61,-265,-24,64,87,-16,-112,-91,102,49,152,98,-83,180,55,190,4,32,54,-47,66,16,-29,43,-69,39,37
7,-17,122,123,-7,-43,67,59,-295,50,203,119,-3,48,161,178,41,106,-180,-13,-85,139,145,132,50,57,57,135,21,72,-89,138,-108,81,121,69,293,-217,206,260,123,113,-190,112,76,-108,-55,28,26,-11,134,42,54,-71,-15,204,41,-162,52,152,-10,192,-75,252,-58,-78,32,164,40,-115,24,73,304,190,155,122,-132,147,-191,36,-117,119,-109,-51,-61,39,180,-72,-2,47,100,0,-67,-56,-23,243,164,-132,14,-1,1,56,-32,126,63,-20,-63,214,-11,186,117,-30,316,-3,164,55,-35,65,163,236,59,13,-74,268,109,-250,-70,-13,-55,-18,-62,-146,214,74,-43,130,200,150,-12,59,-2,13,127,128
-146,99,57,219,-34,-18,152,92,-6,119,80,117,92,-63,-18,6,-90,-110,150,98,76,107,75,340,32,-9,129,29,156,-126,289,-109,91,23,44,-74,-14,77,54,219,-25,-98,109,32,-38,43,230,84,84,-28,99,80,-158,262,114,-35,4,-70,-62,35,-45,-101,-79,-34,29,-41,28,81,119,141,61,-116,124,-225,52,97,-106,-7,-13,12,-56,75,-223,76,148,207,-51,69,154,86,-175,-30,59,96,12,-72,-34,19,86,84,-176,-69,-20,-48,-43,-77,2,37,100,30,174,70,-56,2,215,9,133,112,221,-34,-84,119,67,155,20,88,-200,-86,-66,149,40,13,34,72,36,16,-11,88,44,14,-77,226,-14,72
211,129,212,21,97,-11,34,2,33,99,-50,237,-202,32,62,39,48,247,-50,85,16,-79,-98,23,-128,-2,-8,122,-63,212,62,47,28,-59,84,-82,142,-58,-134,138,86,53,61,-30,102,-51,-27,-67,151,-162,88,-94,-109,-229,142,50,74,29,86,72,96,177,-30,189,284,-13,29,5,49,128,46,285,88,135,86,175,-103,103,-2,84,100,-261,-135,-15,61,42,82,10,-60,150,141,-30,246,16,-77,-185,-195,-1,44,30,193,-261,178,-67,164,119,207,-11,72,85,-62,-36,-22,34,-145,149,-111,59,121,212,219,41,27,32,-127,2,-11,171,5,73,41,-83,-78,103,-150,-29,-38,-71,-55,-63,-72,76,39,-103
72,-133,69,119,-62,-157,54,75,-59,-90,102,-13,-47,173,-27,125,30,47,-78,6,43,-199,88,-25,-173,112,183,122,-198,197,-97,131,104,176,87,22,-134,-38,-34,-48,119,266,166,175,-8,99,-10,-41,-14,-39,-35,32,-132,-42,126,192,229,5,147,142,81,121,-43,32,212,28,59,24,166,-254,27,21,-2,-12,81,210,135,-68,81,-60,-196,-38,19,163,55,-11,57,115,36,-33,285,135,109,49,30,-129,48,102,87,4,-11,48,197,-66,-2,-4,64,38,-95,4,105,26,110,20,101,117,-17,51,207,156,-4,25,77,-8,-10,9,218,-30,24,131,174,-128,101,43,228,28,-176,-49,49,43,126,225,-35,63
86,-55,-34,3,153,-22,78,81,132,-49,56,77,-151,-167,64,230,120,57,-107,76,48,6,-187,-30,137,-26,-115,-21,108,-53,84,3,29,-39,-135,116,171,-93,29,50,-29,-7,-9,51,34,121,-154,59,60,-16,59,-58,-83,39,46,33,49,-35,201,290,98,218,-126,-27,42,163,5,82,164,41,24,22,38,118,67,-7,-1,-20,-116,144,65,-58,-56,-38,171,25,-13,89,110,22,-67,23,159,139,54,-128,-65,41,137,40,210,-120,79,118,32,212,217,18,-32,-17,-4,268,250,130,99,195,-306,133,124,73,86,91,-45,120,-36,79,-29,84,-37,148,94,-14,110,-50,37,62,71,67,-2,-86,31,123,164,-134
-36,-134,145,154,21,8,46,9,22,242,141,126,10,25,52,241,-5,176,383,124,107,-61,69,161,181,12,99,91,32,94,118,68,193,68,90,-33,122,-6,-79,160,84,132,-105,178,21,-68,-37,91,165,-243,99,110,-100,188,75,226,-16,172,29,202,76,-63,-34,179,25,13,-69,43,153,-224,217,52,195,152,-50,160,81,169,53,155,214,-24,-84,41,-71,51,0,167,137,14,-54,107,64,224,-26,63,-67,-33,-20,175,54,-37,267,-86,201,124,156,305,62,74,-79,56,-23,96,201,99,-9,76,127,356,19,174,-29,83,105,-60,10,27,51,75,149,3,150,31,-8,215,-98,-62,-39,82,86,31,53,51
-10,190,6,178,165,88,190,49,-157,9,130,-43,-82,-38,132,-31,14,-7,161,120,-79,-90,135,110,194,44,49,203,-1,29,60,142,61,7,54,101,6,-104,93,139,-79,57,43,92,-158,254,-30,97,121,-76,36,133,170,-98,166,23,126,-24,96,-74,-18,80,38,44,87,119,234,-31,224,129,-148,51,-90,-31,8,208,25,-20,59,-143,-23,-2,-30,68,-87,45,-15,121,14,143,-8,149,54,118,51,49,151,33,66,63,30,37,16,27,139,85,138,-81,-114,123,134,228,-63,35,-33,-31,110,54,-245,28,127,53,54,217,12,147,25,-180,-3,-6,38,201,74,164,30,64,146,154,58,-1,160,33,39,-11
-73,-4,10,68,-51,25,99,-56,126,215,-10,162,50,19,42,287,100,49,13,62,-2,97,-229,-19,19,-80,-98,62,9,-47,-37,26,-40,-136,-19,-97,108,-143,-136,20,-21,-168,-204,75,-84,-212,-43,162,-100,-187,23,-142,-17,143,48,106,156,-90,26,-57,34,-28,76,-36,157,-55,72,46,163,-33,70,103,162,190,0,16,14,59,-3,114,174,-112,18,81,74,73,-71,-57,204,206,80,-82,53,139,121,-19,-72,88,112,167,69,-67,35,54,193,102,8,190,110,57,134,45,138,20,137,-75,-188,110,86,186,196,-141,26,196,175,-38,-97,-177,76,89,-123,-86,59,-78,-41,66,-44,-155,-137,2,43,44,210,26
129,46,6,-88,48,113,-25,-35,-56,-13,116,249,157,154,6,-189,-1,52,-7,-97,4,70,144,42,-33,40,143,-83,122,172,-85,57,59,-23,102,-51,47,22,194,-89,24,80,39,23,-47,-163,72,37,-136,68,134,24,25,-75,81,40,-61,-176,-252,106,18,-26,-90,152,-141,112,-218,18,106,130,7,-162,-1,-50,-76,108,-53,61,-48,-152,103,-146,-86,26,64,-20,4,-34,-5,-89,175,-67,-66,30,-62,-98,99,-37,-69,-67,57,-26,-23,-52,-70,-101,59,131,136,4,56,-142,-134,38,40,-78,34,2,-6,3,-220,75,97,-62,263,70,78,-23,107,1,32,24,-31,112,10,-107,191,-101,76,-10,95,-283,-33,14
138,147,248,79,104,130,-51,165,72,28,5,-44,122,88,-118,20,78,176,127,-47,48,-59,106,18,-152,153,145,0,33,94,78,140,28,-72,-23,-33,1,70,110,18,2,-63,132,249,-203,85,115,0,-72,-32,-88,83,-130,-24,117,174,160,49,151,47,19,29,113,222,-123,-121,79,-43,-18,-7,157,-78,-69,-7,173,25,23,91,49,41,-156,118,-69,37,33,-25,189,24,59,-25,33,87,-86,-42,21,31,115,-123,-58,7,54,-118,-10,45,205,-3,97,-61,218,-20,31,25,136,102,149,107,-37,90,-148,81,-89,-2,56,46,15,31,-73,-94,-88,89,-97,-108,-4,-129,43,102,126,19,-59,120,-7,-73,-140,-63
-11,-79,92,-111,-177,145,-86,120,197,144,-36,41,133,30,150,115,176,290,88,25,-64,-95,-122,14,85,166,154,128,-42,43,1,-124,55,1,-31,75,65,108,59,27,-198,-26,-32,49,-105,-15,7,-79,-97,87,77,176,5,8,-99,-15,265,117,67,112,8,36,-97,114,21,-44,-61,106,-83,-146,110,6,17,122,109,-95,286,22,41,33,115,-47,-64,-1,53,-14,104,-42,86,125,88,201,157,-84,6,-100,134,-134,69,63,87,-152,181,27,77,9,52,-43,115,-133,-19,157,223,208,-74,153,-14,27,2,101,81,144,89,-213,87,-141,99,21,103,93,68,-65,48,-4,289,310,12,-8,-1,129,-1,79,-176,14
28,-169,-85,-36,-11,192,86,-6,-100,55,-19,-164,173,-69,-131,-59,-131,-139,-101,-149,197,145,177,-7,166,137,76,104,-71,-85,47,8,20,33,-30,-192,99,55,37,-45,-122,52,65,123,18,92,242,-14,106,-22,35,28,-38,121,-145,54,3,94,151,-137,-42,70,87,31,-113,-10,85,-35,-39,231,175,-41,103,92,-19,53,-15,20,-51,-60,201,137,90,-1,-83,34,-104,-66,-11,168,-56,24,-43,-37,229,125,-17,-53,-62,98,-35,58,122,45,-94,167,20,215,6,109,0,81,85,-149,57,-75,41,12,-27,-90,129,-154,85,6,106,64,-115,-45,16,39,-62,144,159,-48,-86,-20,-42,100,-58,-77,-18,208,11,215
-17,-20,-101,130,61,140,99,-233,-3,-84,104,111,6,-59,-258,112,-172,188,-109,-28,-21,102,-59,2,12,35,281,-122,215,32,52,86,142,-3,4,137,128,-35,128,22,50,-29,-83,84,-53,142,165,23,51,18,315,69,-6,-67,120,160,43,-81,-9,104,119,-116,6,46,-49,41,40,-152,236,-7,100,81,-65,124,-110,136,33,117,1,-262,44,13,-185,67,-66,67,-162,50,-46,27,51,-89,-20,204,101,102,22,166,-67,-102,-14,-75,-51,-89,-29,-14,44,68,87,78,165,228,3,26,9,78,152,115,37,-16,-67,61,-177,53,-73,-1,56,138,58,85,35,-117,91,-29,73,-42,67,40,-63,37,49,-155,124,-29
-37,55,260,171,-59,-7,66,3,-172,199,-47,48,-105,45,-53,119,-55,98,91,73,128,38,125,213,207,146,38,138,-83,-78,88,205,165,15,81,127,112,-26,93,22,61,-26,138,-99,-14,-43,-27,-54,118,-135,59,21,125,-79,42,-114,-19,-71,-24,-74,19,-147,207,137,4,9,-16,-62,159,-113,5,-24,48,219,29,110,18,-32,-101,5,-38,-55,6,75,-163,-84,22,88,121,64,-31,147,88,60,170,297,-67,-118,240,20,-41,139,-178,-172,99,22,103,-32,133,24,177,-27,-182,101,115,-76,80,97,19,33,-92,-137,-178,125,-3,-90,102,32,2,56,-109,28,41,133,157,-1,258,131,-55,150,115,-65,6,157
6,-141,147,68,180,90,19,61,-10,169,-11,105,81,189,-29,22,-114,-122,172,107,26,114,125,46,130,18,-43,24,34,37,158,120,-44,243,84,-10,17,41,62,8,-16,18,-78,73,-131,-100,-21,-60,11,7,-54,113,-181,170,14,2,-70,-28,-40,120,155,-92,-42,140,-106,84,-148,78,41,-9,171,-40,-17,136,108,150,-117,95,123,158,272,-31,-24,141,91,9,159,13,54,114,22,122,70,44,3,-31,111,-125,89,99,-4,122,5,-99,20,88,3,165,84,52,28,45,22,178,145,91,214,27,64,190,-49,269,99,-80,71,-6,-50,207,218,-107,206,37,111,72,162,218,45,-69,-72,118,144,-124,245,210
89,-90,-12,-4,83,70,7,42,-183,-3,-46,-98,-21,73,-64,-38,305,-57,-115,-145,-26,148,221,-125,-116,147,-7,114,-31,209,78,173,-25,77,200,64,65,72,161,118,18,148,77,24,112,30,-4,-44,-41,78,-50,-86,152,-14,141,33,-27,-114,140,-100,20,7,70,20,-151,129,-42,-3,-41,67,-38,-113,-73,100,-8,-14,-120,-51,-2,0,65,2,83,84,77,19,110,-148,-15,98,120,17,47,-19,90,98,88,-16,10,-12,184,72,-144,-51,116,23,122,7,-67,-35,159,25,-40,108,69,95,26,-60,-51,-47,-24,117,-28,70,197,116,-167,95,42,-15,54,29,83,107,-18,108,-45,128,59,120,20,-48,188,-42
-38,20,81,-46,-4,175,-47,-67,-74,-25,187,299,-8,1,26,-64,225,-100,76,144,5,-123,-11,78,182,-70,-22,118,61,164,77,56,77,-18,266,-65,39,114,41,29,72,-25,52,-137,94,-71,-112,196,68,103,11,61,19,105,-21,31,-25,85,13,189,91,-30,107,85,3,39,-3,140,76,-21,-38,-98,6,159,-96,117,-5,-83,-50,254,149,-143,1,-82,-8,53,-2,127,-98,168,186,-180,339,52,-37,-24,-35,-88,-76,-177,52,-13,54,-48,129,132,-121,156,74,154,-5,177,38,-138,39,-17,130,-110,-23,99,120,123,121,20,28,-12,67,280,130,175,138,118,104,104,-91,45,-1,-106,-214,42,20,91,149,-45
178,16,259,-22,16,153,181,143,104,-81,117,48,-49,101,-17,-69,-31,26,104,170,210,35,81,48,26,41,91,46,52,247,-146,165,-94,111,145,7,127,88,84,43,40,117,184,244,133,-39,93,-47,-41,110,-9,43,74,-122,31,-1,95,-25,-128,231,223,148,66,124,-13,176,-168,36,62,-19,126,80,144,148,-100,236,97,31,-66,95,-68,94,80,193,73,163,-42,132,72,81,120,68,131,64,263,168,-35,87,-22,-124,-107,129,126,49,-37,22,10,40,68,42,-20,-38,103,-27,89,40,55,100,32,260,-101,-24,-6,82,6,96,100,132,-92,146,64,-95,73,-113,144,125,53,281,66,66,143,134,58,133
-44,7,-20,16,38,44,-13,-12,103,120,34,-47,-70,-88,-75,225,46,188,-12,-20,74,-45,36,59,-10,-15,277,39,25,142,64,-112,166,-100,-79,33,-152,105,-42,-78,5,-16,38,72,-178,108,-17,-158,-155,-167,48,48,-86,-24,199,19,41,-86,-80,-70,107,73,-3,-5,83,-11,37,44,188,-114,59,-76,194,34,13,-156,84,43,36,2,202,194,135,-27,41,-21,149,-156,15,-87,-54,50,-105,-150,133,-90,86,-89,182,-10,-137,-98,-20,-62,-23,33,84,-15,147,0,9,-114,148,15,130,72,-11,130,113,37,94,-10,-141,98,27,94,3,-117,74,17,-23,-146,153,126,162,-88,94,57,-15,64,-105,30,-112,22
198,37,7,166,235,27,107,104,300,-164,-13,75,86,-74,77,205,-20,164,44,190,19,83,54,-64,135,-57,13,120,-68,44,-50,309,-111,267,133,87,167,95,-64,-11,11,73,127,-80,-11,142,1,163,149,14,-105,186,147,-85,113,82,208,152,102,256,90,130,42,200,205,-53,61,27,190,7,-4,108,24,347,74,134,-209,3,-4,68,296,85,-64,345,102,7,-179,8,211,27,66,69,56,217,128,-44,83,79,71,-24,104,-62,-58,66,146,-1,58,85,79,59,131,12,274,-9,87,172,138,78,-16,-111,48,-116,71,30,-129,109,48,337,43,152,220,182,223,-87,157,69,116,15,-65,6,118,127,58,33
50,137,127,151,-4,70,224,-102,138,-121,-29,142,42,115,-132,201,-58,60,2,-11,-86,107,-122,-14,92,-99,96,139,275,-16,258,-47,112,149,215,106,59,1,-37,-140,74,-161,60,-63,51,246,41,-11,108,13,24,97,69,2,26,36,13,-20,31,77,174,-22,124,4,2,21,-131,-17,74,223,96,135,-57,148,40,52,-77,23,15,-47,76,-26,12,-47,88,-83,32,76,111,175,-64,-54,84,177,39,152,-70,-42,38,61,78,47,87,155,47,-38,49,191,207,-3,134,158,25,-168,87,-44,145,122,121,109,-44,-1,106,-11,-126,55,39,59,49,-16,189,22,90,-31,-90,-33,172,-137,134,-8,122,-64,44,113
73,46,294,132,32,-23,-27,70,13,84,-88,-47,238,30,38,149,-64,223,127,272,79,135,-77,145,-165,-110,-195,-48,-41,183,-10,55,-203,-20,111,-205,70,165,82,14,5,27,-60,87,33,-126,51,105,178,30,165,65,91,-97,-15,9,59,-89,122,181,305,60,69,33,130,46,24,113,28,17,41,73,-76,168,28,141,85,-116,-16,107,44,21,-14,63,103,6,132,-136,129,199,142,82,85,111,92,136,-47,-96,76,-57,-118,123,54,119,54,97,47,-84,57,186,73,33,74,12,-8,120,262,157,9,52,-64,32,141,-82,-121,28,-186,-45,43,129,226,-165,34,-103,205,190,30,70,-155,85,182,-98,-32,175
61,-102,192,104,54,5,142,22,207,78,92,-16,-20,18,80,115,193,76,301,-51,47,-16,78,107,185,-209,57,89,60,36,85,149,4,211,47,68,163,-2,-43,153,149,-80,192,-16,-52,123,47,80,89,-13,53,170,183,-22,36,198,-1,41,79,-60,-126,4,-79,2,7,70,262,89,165,-27,24,230,259,401,112,186,-84,-46,-33,113,180,-27,-3,251,-172,202,-31,-135,156,87,80,100,-112,71,-86,4,109,-49,-64,-20,-135,80,55,63,222,-47,-60,194,135,102,51,131,214,180,89,68,31,246,-274,138,-50,46,99,73,143,-51,-8,63,-20,137,83,262,180,-174,36,-120,18,89,158,-112,61,228,73,-28
6,-73,139,-59,30,35,116,-21,-158,12,86,-35,-79,172,-31,131,93,8,36,197,-13,-103,-8,-118,123,29,90,39,53,149,-85,254,215,-5,64,-38,57,-164,12,-35,-118,151,15,168,71,178,-51,6,-40,39,42,58,35,-135,-45,121,93,78,-107,31,-38,233,139,121,-54,25,-72,15,41,-7,3,93,70,-16,24,200,-5,66,-27,-63,-154,4,-120,36,28,-19,57,40,-172,244,287,-19,98,186,-33,38,72,68,102,-103,256,25,119,-110,254,-15,55,-76,207,7,102,-15,-26,-4,-207,60,32,25,-146,85,147,-9,99,82,-100,-212,-33,-12,57,38,65,30,-130,125,24,-22,-17,-88,19,60,36,72,113,63
120,-183,71,83,272,81,-88,98,-41,-4,57,133,23,57,45,198,113,-6,159,-28,-103,25,16,141,-120,131,-79,78,-60,-53,65,197,-83,229,-14,-16,-37,-12,-164,152,-31,145,28,72,145,70,-62,134,-75,-78,-113,34,46,99,-86,55,137,58,170,109,-48,-39,191,35,-46,167,90,6,92,110,43,173,26,234,213,86,-15,127,9,95,230,-45,158,-37,0,7,138,-137,-46,79,-21,69,-46,-123,12,185,-15,-41,-42,-68,48,-58,133,-86,154,142,178,118,-81,68,272,253,-5,38,142,233,75,7,141,167,29,82,227,-50,-34,-102,127,184,106,150,230,-4,192,-34,-141,-25,85,-41,-46,-60,34,202,41,56
84,-93,259,157,127,-137,154,184,-56,-17,131,230,-179,-74,94,7,94,127,-106,156,72,-37,67,213,151,-157,131,32,92,20,80,1,-22,131,130,-36,-104,126,15,17,-48,96,124,-18,-67,26,151,129,-145,-45,137,136,-1,-49,148,6,-201,-110,-93,-46,68,142,166,-40,174,15,53,258,188,-44,169,187,205,-3,-173,132,81,-55,28,-32,-49,-7,-59,103,236,199,-87,206,61,35,-239,63,-136,-139,148,-62,-44,18,102,3,-80,-12,49,-48,144,-34,9,147,-68,124,135,31,37,-112,0,43,-11,27,195,112,4,-39,118,144,-153,88,101,-110,88,143,0,-37,98,17,-100,79,-81,112,-69,148,122,195,-37,106
117,-218,56,52,-10,-48,-53,117,-1,8,-127,-55,-162,30,109,-86,75,78,-191,-19,93,-54,86,-14,98,-18,64,38,30,-137,117,50,36,-66,79,143,92,30,43,-104,195,62,39,-44,-47,-26,-91,206,-90,28,210,70,43,-150,80,115,-45,-81,53,-67,111,63,-93,44,161,-26,77,22,-171,-34,-96,40,51,103,133,-180,137,-13,115,-50,6,-164,96,274,27,-121,17,49,174,-84,178,67,-110,7,-73,-175,100,-133,3,222,34,14,10,70,17,-51,-119,24,-84,-39,92,71,155,193,37,142,47,-16,70,-113,113,141,120,-4,62,-8,101,88,148,85,127,-39,66,4,-90,-67,92,-192,194,-120,76,-25,-14,81
82,65,1,21,-50,-47,171,57,-21,-15,101,-58,-188,-114,-76,-90,1,-107,-19,-137,131,-14,-86,-20,83,-90,105,-93,74,-95,27,117,109,-163,-36,-32,-66,81,175,44,245,-110,87,-5,81,22,111,89,86,-25,-117,-95,-2,118,1,127,55,-151,-26,69,-80,-96,-139,-16,29,120,-34,78,-15,-1,25,-82,21,-86,-38,121,16,-148,46,-70,-176,-146,-108,-11,91,173,-53,0,-47,82,9,-57,29,122,64,-186,-15,-76,52,-171,-220,120,-21,97,171,-26,31,-34,-6,37,-47,-88,-3,-10,174,59,0,-61,60,-14,-42,-86,-11,138,115,-38,-76,-68,-79,-60,-160,-44,-7,-66,61,1,116,130,-59,-99,-22,-3,-7,36
122,124,192,40,-19,71,-98,139,-57,177,-19,-71,22,97,64,-64,11,99,-5,57,-86,227,-39,-41,-112,96,68,9,66,125,210,116,35,17,-37,28,156,34,20,84,128,145,99,217,-131,-72,65,10,-24,-162,54,-144,115,2,202,95,88,100,-176,34,203,35,-97,189,56,-44,-160,249,125,114,153,26,199,10,123,44,20,-10,68,-54,-116,0,-22,166,116,211,182,-43,101,59,42,-79,-54,-1,88,44,137,115,199,58,-142,41,234,232,103,-117,243,-63,282,35,27,-54,129,-6,105,110,-113,36,-32,4,75,-18,137,201,-11,199,-146,-94,126,56,159,19,26,50,188,69,29,73,70,42,18,152,-25,133
106,11,194,331,189,41,48,19,19,163,28,113,-144,196,54,128,-10,-49,203,244,93,138,68,75,105,112,-74,117,-43,40,3,192,-27,128,137,84,-41,-169,-59,28,204,98,83,204,-85,103,10,9,97,70,33,278,127,-28,124,-162,184,-31,89,105,86,8,91,162,-125,49,-151,25,227,2,264,317,163,268,15,171,-5,132,-119,211,25,66,16,-67,13,34,220,-119,110,175,47,33,50,46,25,-167,-121,49,145,91,-52,42,-111,62,123,-70,61,195,-20,377,-9,126,8,21,192,13,162,33,-15,242,118,93,-81,87,-168,-61,-18,101,-43,-21,122,-88,14,163,-47,89,190,137,-9,4,169,37,258,221
7,24,25,29,-55,19,29,58,-18,148,42,70,75,-71,122,86,59,163,-142,-49,-7,179,-5,215,-1,-69,10,-102,-139,-45,-113,23,79,136,-140,-78,67,115,49,96,139,-117,-8,-207,76,-16,-68,-16,-36,-35,-78,-7,58,40,-32,33,-40,106,-4,254,-67,-30,-86,81,157,-37,-46,219,-51,-101,36,69,76,6,-33,11,24,13,-192,109,102,57,0,-123,103,-33,167,-118,120,-8,41,-111,193,104,-9,121,-122,-60,-5,-156,24,161,40,77,112,41,52,106,106,24,14,-125,223,-16,8,-64,102,-30,-33,-28,24,-165,-11,-3,-16,-132,-34,-168,-109,83,-31,8,5,6,-6,-7,-83,-44,-91,-43,-32,88,39,-35
31,-38,-70,213,104,98,-22,84,-11,14,51,-181,110,-6,45,-61,-137,79,163,-9,136,-92,186,-59,-6,-50,43,98,-58,-72,-23,89,129,93,-104,140,81,-64,-84,11,63,-101,170,-36,-125,103,-70,-32,58,-93,-87,80,-179,-46,256,48,208,319,54,54,-17,50,-181,16,-15,-111,42,-148,-38,-87,18,74,110,218,-79,103,-68,195,12,93,111,160,167,104,-201,25,156,70,128,45,64,-37,27,-140,60,-11,1,-44,17,83,-65,-66,256,52,8,119,-101,-15,67,68,-108,115,224,143,22,-9,-55,214,1,93,226,144,18,-146,41,-97,40,6,5,64,69,108,214,-279,-6,-36,-25,-76,2,-50,-75,58,-1,70
99,-182,-358,93,77,-8,45,-46,22,54,3,-33,78,-76,-32,117,-69,102,-36,35,238,28,-62,-44,-89,12,-51,-55,-104,128,-63,-16,122,6,-57,-34,47,-160,-30,245,85,-66,19,3,155,-21,5,-3,130,58,142,104,10,104,102,88,-48,83,104,98,-13,18,-89,127,46,63,102,17,157,4,67,91,-10,137,-198,252,72,-16,-50,161,-12,-25,38,82,-96,152,-14,-82,-56,5,285,-49,94,140,-7,-76,65,54,-115,-109,1,66,112,102,-47,63,18,-53,51,181,-123,-6,100,83,78,111,172,8,-78,-20,102,2,-105,-25,131,61,-59,97,-46,103,90,5,233,-144,-57,-76,-45,72,-56,7,4,3,75,-153
-110,-42,148,64,111,-64,31,72,39,165,38,163,-126,-5,56,159,120,-34,209,31,94,25,127,107,217,-197,33,7,262,63,-29,72,-4,-18,86,65,-22,-121,-98,2,140,118,-73,-10,-55,42,-284,-67,-16,31,176,-11,6,125,158,-16,57,-37,23,151,145,151,188,-27,125,-49,2,-44,140,19,-42,13,242,253,129,-48,-113,82,56,175,31,28,26,82,48,27,134,-69,150,52,131,-41,-40,178,-25,-86,-51,-41,-64,32,-141,-197,-161,-7,45,-15,131,122,147,43,172,92,59,-32,43,70,20,124,58,93,95,1,11,93,-114,-69,-16,44,-18,50,297,-85,-31,8,29,-41,26,-138,-21,-84,31,73,328,228
37,-63,11,143,212,130,-12,188,17,-117,5,53,61,90,-24,71,-93,43,97,-35,77,148,23,-94,-72,-147,-50,-16,181,-78,182,30,67,28,117,-1,-32,-59,176,114,48,106,144,-34,114,141,82,102,138,70,64,16,35,181,157,283,165,70,28,241,141,36,136,92,-183,166,-34,-145,-37,141,157,156,27,55,137,116,54,13,152,94,87,125,-10,63,61,307,-36,4,-161,110,-7,-81,-37,66,-64,-45,210,109,50,21,42,-39,154,215,203,-68,-2,68,52,-8,73,102,59,74,65,111,-92,63,-6,207,-3,57,100,65,7,-34,-1,123,-8,39,173,209,110,-1,-21,-143,21,-16,97,-119,149,172,116,12
167,234,-55,77,118,165,65,12,93,-99,-173,-247,41,-37,-85,89,11,-4,-11,-1,76,-10,-47,-95,30,21,15,273,-8,71,58,219,65,-111,89,110,52,-47,84,-139,61,99,6,-170,-54,19,48,-126,-72,-90,75,209,-7,-182,1,39,48,141,50,-58,65,73,-166,-55,29,45,27,54,-81,-119,-65,-54,185,374,117,85,-204,-89,88,-123,44,11,-72,179,-19,-38,-87,-8,162,222,2,-20,-18,43,-11,-24,-140,-211,-199,32,189,-95,-63,80,318,71,-28,62,127,66,-26,0,47,210,-99,74,59,105,48,1,-107,-23,-39,-80,183,162,101,-70,18,30,-16,201,115,-97,122,242,96,0,-136,134,-50,-66,8,81
8,109,-20,-111,22,18,-113,-92,-111,76,-33,131,-151,31,-41,31,102,85,-137,-38,-73,55,124,54,86,124,-82,8,106,17,-34,102,-31,-74,185,252,-32,35,186,-58,232,206,-122,-91,147,-116,-24,90,-96,15,-103,77,179,-71,-31,89,-38,-111,-98,-7,231,-58,94,77,-70,15,-43,22,-7,-54,-55,-27,37,151,22,-13,143,-5,-21,82,-90,-207,7,135,-138,-160,143,49,-50,-71,279,87,12,1,23,31,87,-262,5,-44,119,-149,1,-140,161,8,129,-39,64,-142,170,-6,-33,28,-18,-6,12,-117,-107,118,-41,34,-57,118,-2,-19,83,130,12,61,-23,-50,145,39,79,82,246,-34,135,33,-58,30,-103,114
-137,-1,-23,196,123,-202,-52,3,73,125,102,198,86,82,80,-59,18,10,117,72,17,130,67,-52,103,-57,-131,139,-3,-86,-39,-109,-242,200,-55,-6,67,69,28,40,-33,-65,48,121,61,-162,-79,14,5,-13,58,-175,0,161,68,-24,-104,-63,63,-27,-117,-5,-31,-5,85,17,-2,-32,135,54,54,38,66,-5,-61,64,126,-17,183,121,-37,-33,74,90,49,253,-15,93,5,-157,-10,52,-12,16,-122,1,87,110,86,99,62,43,149,-22,-175,190,-31,-156,-17,75,73,-23,-71,53,10,88,-28,34,128,136,22,158,211,45,-83,-80,-9,15,114,53,156,14,-98,-116,298,-82,-62,-24,132,-256,104,-52,123,24
-158,60,127,130,95,0,-109,20,-132,-103,247,14,78,-167,-36,-51,8,-10,110,-57,-49,148,53,163,-3,155,-26,90,26,100,156,194,74,80,16,-24,-95,-47,-15,55,-45,-123,99,158,14,117,-19,81,60,-60,168,22,-111,44,52,125,-2,-153,152,2,128,43,-81,149,-146,-70,-106,-18,282,9,-48,115,-82,-172,-123,131,118,-23,-172,5,-22,98,-170,-166,147,-24,138,172,-47,28,31,109,48,29,62,104,51,-39,139,-213,52,1,47,-205,-30,-179,74,94,41,43,105,255,-173,-86,-55,241,246,51,-7,-48,149,133,151,67,-95,71,15,137,-164,104,181,152,78,154,130,103,79,-6,-10,160,140,-114,29,48
52,-91,58,-58,1,68,-147,54,17,223,-7,79,18,106,-50,31,-37,65,-31,81,-96,45,-60,-14,118,108,28,90,-89,72,59,46,36,16,23,-14,8,96,-50,131,-60,-5,-124,-62,-24,1,81,-91,-104,11,8,102,-95,171,29,-91,61,156,-8,-82,126,72,150,193,80,-52,-64,56,43,-48,88,10,-220,-66,-147,-6,-34,92,155,147,226,-52,131,-31,118,27,3,30,-131,-2,88,-26,96,-76,106,53,193,127,153,-26,133,43,-9,-181,-99,-20,-96,-43,-61,-146,-28,132,-29,51,-33,33,133,-94,-13,13,-38,83,35,-143,-82,106,-64,148,64,-126,38,10,85,79,202,-18,87,-114,-75,-15,111,57,-154,53
-38,-12,-3,23,67,-13,28,122,-17,-58,53,1,-48,80,-46,-3,122,-65,70,192,-8,56,108,43,-15,-123,245,37,11,178,-74,101,-27,19,-115,53,93,-33,-149,70,91,36,214,45,180,-82,28,212,177,91,-22,91,-109,-63,201,14,226,206,-83,228,83,-6,-10,79,109,5,-92,167,139,108,115,97,-68,88,-139,34,3,18,-262,65,30,36,52,-32,12,132,93,-90,83,128,38,-205,144,32,-127,-93,-20,53,179,-47,-130,218,2,15,21,1,124,-107,11,109,-232,82,187,119,-1,-16,97,106,132,23,164,55,57,130,-55,9,-4,33,139,124,60,75,65,12,-13,66,-162,188,-88,6,-92,290,86,27
-96,56,22,51,-125,63,61,59,31,52,42,80,54,50,-44,-151,-18,-27,-1,112,0,36,45,1,186,69,-54,-97,38,5,-123,51,-88,57,6,192,161,-103,104,82,-37,-16,9,6,18,15,-57,-40,35,-164,102,79,24,-45,94,158,151,-72,-103,80,78,22,87,14,58,168,-188,88,68,-43,39,99,4,8,-65,24,130,68,25,-188,85,147,-44,118,110,64,-4,-10,132,54,54,-106,161,171,-10,55,43,89,68,96,146,50,-61,32,0,60,-81,162,68,81,44,-170,59,110,-8,156,27,50,150,67,-93,-13,129,18,53,19,-45,16,71,-138,-6,87,-47,47,116,145,114,-209,-11,-57,125,-49,92,31
-87,103,156,67,-83,-56,137,84,-53,-17,201,177,110,108,-64,49,241,-243,-105,22,68,-54,42,72,166,-121,42,-54,79,98,-55,105,9,62,-37,59,-86,-54,-16,20,-4,229,139,35,87,133,29,-158,94,-93,-118,82,56,187,-122,-41,192,137,-216,75,-21,165,257,20,-23,23,12,65,-27,-68,6,3,-122,-15,-137,86,-132,-160,257,122,186,31,91,90,-95,233,-175,1,47,-52,-149,24,3,55,-47,-26,62,-89,-5,29,221,158,-111,-40,74,62,83,216,76,51,82,85,26,15,-2,39,-97,-32,18,119,-81,-63,164,5,8,-151,183,94,-14,-139,-68,61,-64,110,-47,150,-19,119,93,130,58,37,0,114
90,-78,89,31,-87,78,-20,6,86,47,-35,-70,63,170,63,100,91,-16,42,169,10,96,-64,30,-139,92,-125,-135,-4,162,-59,210,25,127,-44,6,-13,-25,124,-29,129,150,-5,-1,-64,-69,-110,-85,42,-72,-105,143,-96,-143,99,30,206,-17,40,121,-43,97,-87,99,104,139,-127,91,48,-111,135,123,108,-94,-23,47,1,-45,31,-97,-137,-65,62,-92,101,13,143,128,89,-145,153,44,119,-52,-110,138,-5,187,-50,-79,74,101,18,-54,160,64,41,189,-103,-127,-120,-84,32,45,217,112,-180,90,76,235,61,-79,166,140,-58,59,41,-97,113,-52,191,124,-141,-35,-41,-64,75,23,130,107,128,-22,248,-110
-40,-50,-17,150,159,75,63,10,37,76,28,69,33,14,11,119,-61,95,-45,-36,108,58,-8,207,223,-83,-66,-18,47,-53,16,-34,81,149,-53,-58,106,1,158,24,-126,-60,78,11,164,56,-69,115,113,5,121,-79,19,123,-4,103,-24,60,94,227,-129,-36,-118,-41,45,-46,150,107,-93,-3,-14,-8,-190,54,57,42,-59,-146,13,-9,285,108,65,193,-44,-57,125,-16,8,-3,-10,-23,-154,-40,69,124,35,-35,89,46,-13,78,142,14,22,-33,140,5,65,-47,48,25,144,-34,-87,20,17,187,13,15,-57,-1,149,39,-17,-154,16,-83,-44,82,132,175,87,-154,3,132,180,-145,26,9,155,196,-77,195
45,88,24,74,114,3,173,-27,71,103,-3,256,-2,26,179,22,-39,325,152,-151,143,-3,-83,7,-30,-71,78,181,-4,-97,-254,178,16,145,-99,54,17,168,-179,193,-16,53,48,-57,42,-120,-15,-39,1,-17,40,-14,83,-131,10,45,56,-76,52,89,154,-50,88,79,48,24,188,-125,172,-55,-27,84,65,159,-79,130,252,154,87,-46,318,25,-44,140,-202,24,46,-213,160,194,-154,30,-77,18,-36,293,-1,-98,-56,74,-6,33,152,46,279,117,-116,-77,-81,111,-203,51,119,229,-117,-66,161,-17,95,-15,144,58,-13,-7,-45,80,-5,-30,117,-69,-45,-37,-21,-5,23,101,-115,70,-251,54,-8,172,53,164
135,-41,154,230,142,179,11,292,125,-57,-89,-156,220,-10,-40,144,69,148,79,111,-139,38,318,-37,20,-39,-43,126,-41,21,-40,6,29,36,31,66,251,174,72,85,117,99,85,128,-60,-42,-111,78,231,-44,-75,87,29,-53,-27,57,310,-31,239,65,7,13,-79,98,64,57,75,161,-149,38,26,-35,188,179,175,33,-21,54,-53,-169,98,67,177,94,-70,-156,0,-134,285,64,134,101,-16,70,65,62,43,61,129,149,84,50,6,356,-24,2,101,139,-77,-110,160,-133,202,183,217,-168,-118,68,184,160,3,18,151,112,142,3,-55,-178,66,183,148,-6,96,-96,16,44,64,30,73,17,108,-2,-12,216
25,-5,156,-19,85,-180,154,18,55,133,18,143,-164,44,83,100,184,96,86,96,177,54,106,15,145,30,120,103,142,124,10,-23,97,101,17,-54,209,18,45,143,-137,149,90,84,176,-1,-209,6,103,65,129,-65,163,10,-19,11,-42,-171,18,181,125,81,112,22,120,118,41,29,80,173,-12,-45,-16,-45,139,38,-65,123,-103,-10,128,-53,83,58,38,-26,-49,-37,97,-28,84,75,140,143,107,42,-64,120,2,212,52,-15,4,27,106,65,225,11,98,-19,-12,145,-20,-29,-14,192,22,77,103,-55,-112,-40,-9,154,-56,86,-23,82,88,-13,189,-73,-21,-131,36,49,82,-85,-118,-67,120,58,6,-102
87,32,14,135,142,144,67,26,230,-101,82,-69,23,32,41,277,-23,100,-115,55,-183,181,-115,-150,95,-186,73,115,60,251,8,25,-54,87,139,191,147,12,-41,43,225,-22,100,-5,208,72,-71,48,2,83,-16,-42,130,18,92,0,322,152,217,-26,-165,96,29,-46,135,6,59,34,33,-5,-44,194,190,56,2,86,-32,-86,71,-18,18,59,261,32,123,69,-115,-46,17,93,36,-73,-49,-62,-21,106,102,220,-58,27,66,166,90,55,106,131,106,121,-14,11,102,34,138,25,97,70,-85,204,-15,58,138,-89,-9,164,177,-88,276,122,93,-22,111,205,83,-102,93,-98,58,218,184,6,-17,14,263,-236
80,-91,-129,109,214,11,58,-35,-106,-25,120,73,-33,65,-12,66,113,58,-52,-12,135,8,137,55,175,3,235,83,11,-62,-64,115,272,73,-26,200,246,-85,-46,78,192,54,108,21,8,201,-123,-65,197,-98,15,176,95,110,48,152,-27,-18,30,93,-9,15,-100,194,32,6,119,96,146,64,102,171,54,63,-56,227,-54,10,-178,-37,82,-104,75,-27,-192,-108,48,-21,-16,26,132,73,68,71,10,7,15,-33,27,124,180,-5,152,36,7,85,173,63,226,176,58,147,199,-35,118,105,-17,64,-97,63,-7,-58,-9,39,135,-125,61,91,24,191,-5,-45,214,144,163,160,125,14,62,10,-44,52,-9,104
24,139,11,41,40,96,133,166,75,50,83,-23,17,-203,-62,-33,-144,-32,112,223,40,-47,35,-8,138,-128,-122,16,30,-40,217,-61,71,42,-52,33,111,115,237,314,-128,-16,13,134,-89,73,174,44,210,10,69,95,48,41,-4,63,6,24,321,152,3,-23,94,54,-46,-78,-21,75,-63,252,156,95,-118,61,117,171,190,16,81,10,-83,4,-3,139,69,79,-68,-47,29,66,-121,-4,73,109,33,17,1,229,0,-36,14,32,-35,273,7,-29,36,9,-20,24,-9,87,-13,163,92,-27,-107,157,69,19,122,-25,99,137,-55,19,30,21,-116,104,57,167,-84,-64,11,288,41,70,-71,60,-76,15,-30,-68
37,44,251,120,184,-233,62,49,99,106,44,195,-109,126,121,53,177,48,30,196,67,4,157,-149,53,142,97,187,-76,76,-92,93,11,-21,227,25,-1,19,-47,49,-30,170,175,223,48,75,94,8,101,98,-195,-182,121,101,87,-59,56,41,66,53,173,183,-22,131,-60,7,-21,64,92,125,107,-29,-92,-21,-207,-62,78,80,-98,-22,100,124,123,19,43,120,183,86,112,102,76,-93,333,1,100,-152,-90,164,58,285,54,7,89,-18,114,251,253,65,27,25,42,131,141,118,9,158,-134,51,305,15,2,204,-66,-25,-25,43,73,91,140,-111,169,-162,178,27,96,-49,-57,47,-70,-17,-25,19,-35,114
-169,36,173,154,-71,-23,78,7,-151,82,-3,35,9,-42,34,104,33,105,64,91,204,78,132,92,106,-81,162,-1,76,-110,29,132,-131,18,63,42,3,-83,-3,-60,-239,100,-34,-6,-94,101,119,-65,-37,-18,233,189,70,-18,36,-100,42,-150,-191,205,-52,198,45,161,83,44,-139,87,71,168,-19,3,98,12,42,203,-128,-122,-234,-64,42,175,-279,102,142,-9,-58,-30,145,85,-46,-27,-140,301,70,81,139,24,97,-57,116,32,-168,-51,167,-252,-89,6,59,-54,-99,43,184,-2,-11,185,68,115,-14,-73,106,-19,108,40,71,-61,-147,28,-110,-201,84,-28,33,-5,128,111,61,-4,26,77,187,36,-44,134
-28,199,102,-40,186,84,-82,11,-95,199,96,-44,34,27,10,53,-37,224,212,114,-40,-183,17,17,-32,-102,-3,31,19,-56,15,104,113,-125,-41,87,108,76,98,-38,29,87,-30,-47,-258,223,-72,-38,-112,-168,-183,-72,133,-36,-50,59,-126,-103,70,-8,60,-59,20,-127,-50,64,-89,-14,75,-75,0,-18,44,73,52,77,-56,84,2,-51,102,-73,45,19,-17,-88,65,-66,-74,-38,160,149,-61,-60,99,178,17,-264,20,-46,128,-6,67,35,-46,-80,-17,0,23,-87,21,-134,-61,72,-2,62,163,31,-1,-10,-151,66,12,30,-6,-13,162,-35,28,3,-42,43,246,-42,134,-195,117,-89,-89,-116,30,-78,-54,161
176,-64,102,123,64,24,84,103,68,14,13,-10,91,29,99,188,-100,-32,80,24,1,58,-178,-7,165,23,-124,17,-51,118,-36,-34,63,110,-59,84,-54,16,-228,116,173,78,-181,72,-17,-107,-57,-11,19,17,80,229,-226,30,34,62,221,183,23,109,54,8,42,63,171,-148,73,280,8,-146,121,61,128,76,52,-17,112,6,219,247,-20,27,-62,188,61,132,43,-11,292,63,-71,-97,-14,22,-51,128,14,-59,31,71,-145,41,86,23,140,-26,-144,-1,121,-58,-112,249,235,162,70,68,-15,113,117,71,112,188,-70,-170,123,-7,-115,108,104,94,20,-22,74,14,122,240,-188,19,-173,-20,-149,25,116,99
154,23,41,82,100,181,97,37,-97,111,-58,-42,43,-47,-4,27,12,-7,-21,57,100,101,21,212,-116,175,45,79,118,87,199,69,24,14,-37,-92,-27,12,134,117,22,21,-61,185,-56,126,53,51,-85,-73,-7,-111,-14,-126,-154,235,-77,29,100,144,72,-84,-74,62,-82,11,117,-14,-18,26,80,141,188,66,112,85,-146,38,-103,75,25,51,13,-22,7,25,20,74,-11,-13,234,2,159,141,69,65,154,132,23,35,52,40,182,119,298,85,10,138,219,58,154,-136,1,187,74,28,215,-74,-151,-80,6,33,77,150,159,-130,147,205,-19,374,-21,90,82,16,206,-81,-231,126,46,-41,-46,30,87,70
95,-56,118,54,245,-26,11,10,52,-129,40,70,-10,-71,71,-150,-35,74,-14,132,64,18,-48,-171,158,-28,-87,5,153,109,155,20,-61,164,131,98,198,144,14,131,-223,-74,110,33,-5,79,109,141,143,127,119,40,60,-160,101,95,-49,-150,-59,75,193,-113,153,141,-119,52,192,37,194,381,188,-1,-133,5,-59,242,116,-112,-48,-66,-111,124,92,-8,-18,59,-28,-40,-149,170,-16,-6,-78,-73,-58,77,-7,14,-43,-53,56,102,-2,88,-67,-51,-157,174,182,252,-35,197,138,5,52,62,76,2,-34,92,18,-88,58,-35,-135,227,-23,213,16,2,-34,260,54,5,-76,-91,180,-49,-108,-92,58,49,89,-92
-58,-53,202,-60,59,-85,-11,32,152,-30,82,58,-30,18,-198,63,-173,134,-156,29,-36,17,83,-28,7,-102,56,5,101,58,-105,211,13,75,-43,30,321,36,145,3,159,79,-162,206,-54,-25,-168,0,67,-62,9,32,39,-113,106,94,31,-159,181,0,204,45,98,7,200,50,29,-42,44,28,-17,54,49,168,-137,89,-52,114,-73,-137,-97,-76,172,67,5,-15,-61,56,218,167,156,51,126,103,53,78,62,184,173,101,26,39,-36,36,-82,102,52,258,49,-54,66,-18,54,71,84,-86,-196,125,61,66,3,69,69,82,-17,44,5,85,-51,20,-196,87,-117,49,241,53,109,-11,140,-17,5,-59,88,-19
-24,57,52,83,114,70,39,107,51,109,39,224,114,92,13,89,86,81,146,16,76,38,100,54,78,1,-61,71,-55,27,-16,37,42,-109,172,-96,-20,-15,16,194,80,51,-151,-26,-5,-43,-90,43,238,-54,160,-129,74,131,22,193,75,17,172,58,137,-52,190,72,-66,-98,47,32,65,112,85,-70,49,67,97,18,39,74,53,-123,53,43,-35,44,85,-14,-16,-12,-24,353,57,-98,200,-30,-2,34,155,-50,54,291,-20,82,136,39,288,17,-29,36,100,56,25,95,100,132,-45,79,15,142,-69,184,-74,-76,18,168,-56,67,-134,-148,237,-56,53,15,114,45,39,-86,-28,-79,-102,-36,32,224,203,155
-73,37,146,-95,-52,108,39,9,91,57,-19,80,14,-13,6,154,133,-51,-116,-195,68,111,-14,220,-109,92,98,62,-39,54,-108,17,-6,-35,69,-193,112,-75,65,84,186,55,84,17,-93,-126,-226,15,49,-20,115,61,85,-109,-36,0,10,-148,-90,95,253,-99,-86,23,32,88,112,117,326,-66,-103,152,229,191,26,110,94,-80,-71,-58,-16,-21,240,52,-213,178,-112,-45,-4,109,81,68,174,76,35,-12,-79,-134,11,177,-1,-45,206,53,147,154,23,-36,126,15,66,169,149,-60,35,-4,0,172,-106,-32,-10,-26,53,210,-55,-142,121,-10,-42,105,-21,-62,34,-15,137,-131,-70,128,46,-23,26,253,148,22
-165,-36,213,61,-64,-45,-24,47,-133,113,304,65,-42,37,-41,60,41,50,96,63,196,-7,84,67,100,185,-23,-40,-14,-49,35,28,145,-92,-27,133,58,92,-130,68,-32,235,-99,59,4,50,-108,58,123,-40,-75,-116,101,91,-149,-39,39,-23,171,68,186,48,-72,-25,39,218,87,-59,28,31,-54,-124,-47,84,131,137,26,52,-4,27,20,-62,-61,70,13,15,-46,118,233,74,126,96,105,333,198,-17,14,-109,134,112,29,-29,31,-48,-140,-96,9,110,-18,-96,36,-96,-72,145,-2,101,133,-7,39,87,-176,219,70,91,-44,-57,-77,20,-207,53,54,-9,-16,36,357,-16,-70,-203,98,125,-9,90,44,17
30,6,56,-64,135,23,-105,-52,-49,-13,103,-8,-111,97,99,136,63,149,8,-34,-70,58,-83,52,140,135,-78,136,-66,114,-11,24,-9,133,36,-129,-12,5,87,-5,33,127,-56,163,-147,-34,-160,44,44,34,61,-6,166,-218,4,23,-4,-20,-57,100,76,231,-78,212,17,95,18,-72,185,56,0,76,242,56,108,-71,43,102,119,-44,29,-177,104,40,110,-35,146,47,-35,-23,247,192,-34,122,-20,-46,23,184,-89,-39,55,-66,113,197,46,119,218,79,-207,-84,2,107,107,112,122,0,-99,125,53,49,80,9,-14,151,-17,271,48,-52,78,-164,-8,-88,139,41,-29,-148,48,56,26,-28,222,19,-42,-20
58,-113,120,71,71,7,96,-142,-115,-155,11,32,66,-58,98,-45,141,10,-102,-103,142,115,45,182,66,133,80,28,47,-4,7,185,167,184,-2,-26,6,33,114,-37,15,124,39,95,0,-75,-148,47,-53,-35,21,63,-56,212,4,137,-36,-20,67,176,95,-108,-95,113,14,-38,-74,118,323,-202,-16,7,-74,150,-65,-44,-141,-26,47,10,130,130,-68,24,137,80,195,58,17,-147,100,143,-90,41,125,134,30,-77,95,-168,39,19,4,-144,73,-110,100,17,-61,-23,208,102,64,-47,-7,75,-22,-271,120,-95,33,-102,51,115,2,19,-98,-170,-17,225,150,26,173,43,-4,157,81,-36,58,126,131,29,5,68
-41,-184,-62,-142,21,-119,-92,24,37,-97,42,-106,33,-33,5,-40,79,-45,-117,26,48,25,-10,-80,83,17,21,160,27,-56,-179,182,-104,55,37,51,133,100,106,-167,58,-120,185,43,18,44,82,62,65,119,21,33,50,-90,100,49,-113,-58,54,-32,106,154,-4,97,-25,-8,236,-151,-70,82,84,27,-11,-51,-6,-90,14,47,-102,63,34,-91,-8,36,25,-86,2,10,30,102,165,-85,-65,143,-89,-114,168,-3,77,160,-12,12,-99,-29,18,10,84,-45,-31,98,-87,47,74,94,-181,153,123,85,15,-123,95,129,69,-124,3,65,-151,181,172,-24,-43,-5,-44,3,170,230,51,75,-48,118,-46,-24,-5,76
69,-11,146,255,86,36,123,-85,68,176,3,20,41,16,121,7,117,20,252,-72,110,-97,209,39,114,41,54,188,103,-116,51,-24,25,64,125,-24,-105,27,99,-28,94,-47,158,63,-145,148,24,-86,12,-134,101,-10,-7,36,38,196,-5,-190,39,104,1,-50,-21,106,105,-25,147,10,131,-86,51,54,83,-72,166,-47,85,-103,54,44,81,161,21,172,-74,10,183,36,6,-55,137,122,-98,170,8,51,33,-94,87,70,-92,-111,-15,-104,226,126,7,-20,96,-137,121,68,56,11,255,143,23,145,14,116,113,136,27,24,87,7,-8,89,227,192,-13,50,200,-65,111,-18,15,69,95,-86,-39,192,70,165
-123,173,-21,29,-29,70,75,-100,3,20,30,-202,105,104,-127,142,-28,26,-47,138,17,-6,6,-18,125,52,-174,71,-64,178,4,69,-108,64,-44,43,76,90,197,32,-63,63,61,-9,10,73,-27,-1,129,47,-79,185,82,-9,-46,9,83,48,163,25,-97,-135,92,-157,17,118,-35,92,-83,-32,4,-118,-113,110,-15,30,-23,-150,112,-128,-20,55,79,181,2,-170,162,-32,27,139,-131,153,-128,18,78,285,-29,-177,168,43,23,287,-81,76,97,115,195,-53,-46,51,15,-30,-1,-162,213,-61,43,33,-196,-63,148,7,149,191,135,68,-88,-124,116,-37,-11,95,-20,-24,-48,336,218,63,92,25,92,44,155,30
122,50,55,-18,-30,38,80,31,37,-3,-157,179,-50,83,-20,-34,1,-39,-22,-196,-103,-65,-8,-37,26,55,82,253,0,52,16,215,145,43,141,-109,157,42,21,80,43,-15,-194,-129,151,-44,25,221,51,-99,-3,-17,-97,146,67,57,-12,3,-40,23,138,75,48,106,59,44,16,147,13,17,-157,-126,-64,91,-72,110,-41,35,24,33,164,-223,-82,101,-93,95,3,-42,57,58,30,-35,66,185,-123,3,105,37,62,-72,74,-62,110,-71,85,-8,4,78,-75,-20,-36,-6,-165,115,-62,-26,0,120,-51,-131,-51,69,118,78,44,21,-23,-14,32,67,233,35,-83,166,141,48,16,-193,-77,69,-62,-1,10,41
101,-47,212,44,27,75,227,158,-50,173,212,125,63,62,-68,-9,169,89,33,-8,-44,183,-4,148,45,61,31,-13,152,116,164,84,128,87,64,-25,93,135,40,284,19,41,150,67,117,22,-2,88,100,69,161,80,158,58,16,1,76,-55,59,183,154,-2,219,-53,-45,-3,-175,36,229,197,124,15,40,97,-63,153,-121,-39,33,18,-189,-132,-110,132,19,143,10,43,21,65,99,-124,187,262,3,280,-12,204,58,39,208,39,-49,19,-17,-149,133,-75,175,-58,283,215,-35,78,9,67,86,80,72,26,25,12,72,121,-160,-55,-30,-2,-291,115,189,71,59,25,142,115,56,-20,59,101,-12,120,-141,-27
143,52,162,1,37,85,95,-50,-29,131,173,-80,6,110,169,103,217,319,48,-115,91,52,-157,-49,-186,39,40,-15,90,261,93,-29,5,-105,72,82,104,36,12,105,111,80,-15,50,-21,-130,109,161,-3,255,182,173,98,-73,-101,141,101,-36,44,87,110,64,-59,87,96,-27,124,69,8,-108,160,-78,-143,104,-61,49,162,-6,140,23,-37,-131,-96,66,37,16,169,44,83,41,106,32,6,19,34,254,-41,-155,-128,-56,110,-71,149,-1,311,-16,-17,14,-11,-9,13,133,38,144,10,182,116,-52,69,138,-82,118,-36,-67,97,206,117,-65,285,47,15,-235,183,-74,7,275,37,-3,-91,168,1,-172,-34,-91
-35,93,-155,30,99,-100,11,-209,49,65,108,-24,-257,13,-41,183,50,2,77,-36,7,-12,-231,28,-108,-122,193,80,163,-85,92,-71,167,-36,9,-52,-139,-116,-92,63,-37,91,15,88,-231,237,52,-189,-97,3,246,-72,20,83,10,-19,-214,-183,18,-226,-52,-33,-92,-173,-70,16,-6,-148,173,138,-28,-64,-39,-270,47,64,-151,-85,94,48,14,-37,-61,70,48,15,-57,-67,-7,-135,-112,100,-146,86,12,-85,-87,28,-129,68,29,-203,-99,28,58,-144,10,-173,90,-160,-112,221,-79,-32,-8,50,-2,77,-18,-95,18,-118,-187,21,-18,200,-106,-67,-121,-127,-155,-96,-60,28,116,-31,-13,-47,-31,107,-13,-157,-69,-102
-29,58,73,217,25,37,-51,62,-6,-40,19,-85,-146,204,257,31,123,127,53,110,-244,-6,2,-95,75,4,-50,112,38,-143,13,178,-48,8,140,-112,117,-105,71,80,-40,72,-14,216,96,123,71,114,-116,-75,-214,-58,264,-34,76,29,173,117,-29,36,70,7,139,107,166,4,153,164,-167,-13,-15,1,1,155,212,7,106,-96,-44,123,4,94,54,103,-136,83,-25,-1,171,101,224,-218,75,-106,-43,18,10,183,55,94,84,82,49,94,133,-29,-35,-28,-14,-55,112,88,-19,-93,-92,-81,-117,-49,-145,224,61,-123,12,205,95,-16,100,55,14,212,-44,-39,-155,23,-183,132,142,32,-82,-67,-50,76,-77,-104
