81,-47,-10,69,154,-148,103,100,277,147,-33,-33,29,-37,93,105,-8,66,65,208,125,103,95,130,129,-6,194,64,56,-85,-126,19,-138,-49,139,-19,16,73,-111,-25,38,-32,36,23,51,44,-220,128,-142,89,-18,-110,-112,48,86,62,51,-96,-30,-64,58,55,-40,203,-33,-10,110,214,54,-2,91,83,-115,194,-79,-2,5,-11,154,46,133,57,28,238,44,-23,41,53,-75,-62,-106,142,13,57,15,66,37,217,11,-22,-104,-30,70,-126,14,22,-8,74,166,105,81,69,111,104,204,-13,30
274,-33,-59,36,-111,-129,105,46,46,34,49,-47,188,31,96,225,-43,0,-3,70,-16,-4,54,123,102,125,183,153,46,171,252,84,35,268,12,123,-5,136,73,93,82,2,-82,124,71,161,-4,-138,121,-61,103,-15,77,33,117,121,70,22,34,-11,49,-29,72,29,37,-35,108,-22,118,28,58,59,125,29,40,113,-96,113,-97,-15,-30,-20,130,68,46,-1,26,-2,101,38,53,105,64,19,-79,-56,-25,145,-36,183,40,57,86,1,80,111,-74,-14,185,19,115,6,105,63,-143,-54,-20
-36,7,93,18,-119,75,27,56,97,56,60,-13,30,-12,18,-61,13,-72,-155,67,177,16,-60,76,-64,-40,105,-24,1,100,-14,-59,104,110,119,58,-68,85,161,-71,80,-89,-29,111,129,2,-23,-123,-4,-3,-42,-160,-103,-46,57,34,-5,196,-136,74,216,113,288,-120,23,30,-16,-86,15,56,121,90,34,11,2,113,55,106,6,-14,-147,21,-35,11,178,-179,9,145,51,11,-40,57,68,33,-91,-43,15,-88,138,-88,74,16,-77,10,-65,119,9,-109,121,-28,180,3,67,20,-110,48,-127
149,167,82,76,111,56,19,97,249,124,-16,72,155,67,87,-69,63,36,-50,47,27,-30,52,21,116,29,45,37,-76,72,99,4,287,214,88,49,-11,26,-137,146,249,-27,-44,-24,-89,163,66,225,-6,19,-3,192,80,-20,45,225,133,-41,185,-82,25,44,-14,109,-71,-51,-113,28,-57,-105,195,64,-9,59,-4,-20,-95,37,-12,42,44,40,184,62,239,109,-54,-71,-88,143,176,97,92,74,-24,-119,-34,46,46,56,195,65,151,224,-74,69,114,154,94,24,56,203,171,0,40,63,20
111,126,78,276,-42,158,89,27,114,3,56,5,65,76,24,-11,200,80,44,-4,6,99,184,127,90,55,119,-90,-34,-156,-36,35,-39,49,78,101,-149,-109,56,116,103,5,55,-64,-1,-36,179,45,117,-38,-62,78,99,152,76,9,226,45,110,24,42,-6,-101,90,132,-27,-27,30,99,-283,-57,-93,171,49,-10,-96,-45,105,-106,101,253,-8,13,155,-104,135,112,-57,-134,23,192,-50,-64,46,104,101,-70,34,26,33,157,-91,-130,93,59,36,45,-50,-29,35,-104,-179,122,121,179,38,27
68,-29,85,92,-93,47,143,72,120,-20,107,-16,51,16,-171,69,83,70,83,109,105,-49,67,42,45,172,-6,62,97,111,-83,8,245,14,95,-5,24,-68,3,-111,140,151,-132,3,76,11,37,143,107,284,-9,-27,148,-6,165,-53,197,-21,187,37,110,-76,-39,221,-11,49,14,57,96,20,148,128,64,172,-15,53,164,104,83,103,95,175,133,170,-63,88,104,-6,-14,145,163,23,-38,13,-48,99,90,20,165,98,42,34,18,78,17,-9,42,229,157,47,-41,-18,9,-103,-59,67,80
-55,129,-61,-80,226,58,113,32,106,89,104,40,37,121,-49,-171,-49,-30,28,-74,80,-115,22,59,-15,-77,218,88,43,102,54,-114,101,-103,56,17,-43,132,71,33,84,135,138,184,-130,58,-18,95,-5,-73,6,-70,7,67,-133,-2,-96,41,-45,38,132,95,116,14,-7,-193,131,47,-167,140,15,25,153,-63,-108,-136,-81,-85,26,-2,81,63,-94,175,88,63,88,25,64,-66,43,-70,-4,-56,-13,-33,59,-35,-65,-37,110,-55,72,-19,61,149,105,33,-21,54,69,37,-40,15,-47,75,129
61,89,127,-102,132,95,129,-109,1,196,57,132,-31,-100,140,136,-30,44,-104,256,125,236,-2,-23,26,-5,-10,1,-152,94,20,-104,114,-75,-21,47,171,-79,-39,-50,-57,27,71,127,-9,-6,66,-69,187,54,-51,1,26,-16,32,53,60,108,101,-19,-46,128,70,116,-54,116,5,233,75,131,-8,140,-73,-14,-34,-103,-132,244,-83,140,-146,-38,158,-16,4,-25,59,105,-204,-36,-20,168,84,61,-20,-24,33,-22,248,117,47,167,168,62,-36,167,93,10,146,127,293,49,-62,152,35,124,105
-71,24,-85,87,-68,307,12,163,-54,-172,74,-29,-9,158,146,290,-79,53,91,-31,79,-20,109,-25,-27,-32,78,130,-12,71,145,136,12,155,42,75,163,-126,6,103,53,23,-169,-40,49,39,-42,-69,-115,-12,72,-19,185,81,230,-129,-62,-30,105,-81,-25,-31,142,144,163,67,-57,-3,230,116,-53,122,-5,-70,-23,215,35,74,-23,72,57,67,30,119,200,-22,97,-1,-15,85,80,171,-164,-83,73,127,165,-15,214,27,81,-65,-127,219,-9,219,-65,-155,215,-145,82,15,102,-115,-78,87,66
170,-41,190,4,-68,55,9,94,5,0,44,-50,98,-108,133,63,57,129,-98,101,79,59,-53,97,110,24,79,-63,-72,63,45,47,195,109,-213,88,-56,106,91,3,80,101,124,123,74,49,-64,83,15,25,5,24,104,42,15,-179,-108,-130,-47,-95,-90,-108,-69,-142,141,43,-46,12,-98,111,73,-101,40,13,-2,-8,113,-32,16,51,10,-56,124,-75,-40,63,85,27,43,127,-2,127,206,100,-98,70,-38,46,136,101,138,83,181,135,-40,-11,-220,-100,40,-65,44,77,51,119,49,30,-91
-26,71,-1,236,54,-20,-15,-95,22,120,-13,149,134,128,60,-96,-137,-14,100,48,19,55,114,-20,133,2,88,-62,110,11,12,-13,100,224,-38,155,46,104,163,131,149,128,-4,-125,30,71,74,-42,107,0,54,69,39,92,11,54,69,-81,-21,-91,143,202,-63,50,-154,-23,27,-12,96,-39,233,-47,44,-37,33,40,-31,-122,-53,-38,-36,12,104,105,-116,10,-9,-8,-80,-146,18,76,199,-120,-8,-55,25,181,-68,-117,166,31,78,43,-102,19,63,173,-68,-54,132,39,52,-67,5,-11,57
22,136,197,-123,112,-19,59,32,98,306,-86,1,98,53,101,-186,24,28,34,82,7,156,-73,-25,77,-58,109,5,-23,38,80,-27,90,91,33,65,25,84,86,117,92,-8,-213,191,22,109,132,274,-72,12,-31,218,72,16,38,160,-80,143,69,-95,83,105,32,26,-89,16,31,94,-48,-62,66,248,11,-31,101,10,14,68,88,62,47,77,59,-53,126,147,-92,190,-99,8,-1,-21,41,79,28,-108,-3,29,78,123,123,-39,127,-11,56,32,10,74,-86,69,131,49,78,200,107,176,-75
-152,-118,49,-21,65,30,-39,-82,106,-1,41,151,243,9,-101,-1,-67,69,-82,82,38,27,63,-165,-67,23,19,-16,-3,164,140,18,71,-55,-121,241,-6,8,187,-27,-55,172,-48,103,133,-111,-62,-6,-80,80,-62,-33,218,-29,-112,118,-1,42,47,23,-41,0,-13,127,-52,-63,-38,-7,120,159,76,50,113,-37,9,-272,-88,-55,61,56,8,-42,110,21,90,-22,-109,86,-213,-61,111,133,-75,176,0,-45,118,-39,186,-7,86,52,43,64,-38,-97,-41,-8,100,154,132,73,95,47,-68,-52,236
-127,94,-68,-55,19,52,-87,-50,20,-28,-27,10,-145,-64,13,13,-93,-7,-42,80,39,74,-91,-97,28,60,70,-68,-18,102,12,-141,-58,13,53,137,-53,5,-82,13,-102,16,-35,52,-26,111,-24,-3,-39,62,43,41,-26,-43,-90,29,27,9,75,22,-81,99,-56,198,-3,-13,52,-23,45,47,-29,99,-153,-52,-41,12,-22,-21,-8,49,-82,-33,-26,83,2,-142,142,68,27,-20,11,-27,95,-138,-36,-49,-65,-61,-62,-190,-209,-19,34,-127,8,30,7,41,-96,53,-101,146,-36,-72,-138,49,199
-12,116,-196,-7,62,140,-94,36,33,82,117,-36,202,29,76,100,-87,-24,-39,-157,-35,44,74,-90,-8,-151,31,-18,82,45,50,55,-23,-45,40,-26,94,-82,175,118,73,65,-118,-126,-99,-39,-5,-62,-95,-49,139,72,102,26,-20,-126,-95,143,85,112,113,36,103,150,53,-134,-26,2,87,20,22,-76,-27,-193,76,12,116,106,-23,115,121,57,59,99,148,70,45,-26,33,3,62,105,-83,-156,-38,55,-58,188,6,29,68,9,-1,38,-191,64,130,-24,189,-23,-15,34,64,-40,45,5,127
-9,131,-37,6,65,107,8,56,73,7,66,133,87,104,156,-15,106,-36,19,-57,-31,-22,50,-25,33,115,48,-44,135,38,127,-14,104,24,-185,150,-73,144,32,249,-66,-14,26,53,105,6,-12,-19,33,-66,-217,-33,205,-75,52,84,191,207,-100,75,-13,101,117,67,45,21,-17,-90,-36,-183,28,26,79,-76,82,-56,67,-65,32,140,152,-12,128,83,33,24,-158,131,16,75,2,47,66,225,69,-69,-110,75,134,-129,24,-71,-21,-128,168,38,154,-60,71,-91,25,32,-98,57,94,78,-47
93,29,-203,-2,6,-10,86,-69,-1,163,-42,52,36,41,185,89,42,101,90,110,-80,-96,-84,121,-15,-54,10,69,25,39,-174,-72,-51,9,-46,104,42,93,153,-122,216,96,-32,33,-72,68,22,-19,-45,46,70,-18,39,-119,127,-100,23,-18,7,-112,47,-32,-47,-94,-24,-91,227,47,52,163,15,42,-14,-30,32,206,-7,146,79,144,69,53,22,73,58,38,70,-125,69,-137,-53,73,-94,-27,99,2,-44,68,84,42,-185,105,124,105,-62,167,80,4,66,-42,57,-9,-43,-56,-102,48,45
172,194,9,186,198,14,-85,106,99,70,-10,-23,14,-227,65,-23,74,31,69,-11,35,199,149,84,-43,6,110,271,46,135,-45,223,-46,36,63,-30,-65,104,108,-79,-64,-12,33,167,-67,-81,74,-78,71,-67,68,-244,15,13,-181,-63,189,67,-106,-18,211,94,217,52,153,144,-57,40,184,201,57,-19,46,-40,-17,-17,43,152,-167,179,4,33,56,72,-13,-11,137,2,95,36,125,296,191,-19,-59,131,0,120,120,-95,7,199,20,52,-8,110,219,120,227,-7,225,7,46,79,0,48,122
10,50,33,39,-48,104,-17,120,50,174,159,-177,113,131,146,87,99,102,26,109,221,-39,35,127,64,5,106,13,36,114,-21,-9,-48,127,-14,52,33,103,41,-15,63,62,112,114,181,-10,-11,114,92,114,58,-75,-45,-21,76,199,31,56,43,-120,18,90,103,56,16,98,60,77,16,150,142,170,85,-14,-53,89,-3,-17,76,79,-51,-1,44,-39,176,-32,-26,-67,12,20,-37,127,42,108,-128,-143,78,126,50,47,-21,47,164,62,-42,-11,30,83,17,-21,131,8,78,149,-43,170,-79
38,94,32,-40,16,237,48,57,132,-57,83,35,-117,171,152,32,-81,-32,-9,-106,136,202,70,-19,188,-103,53,10,87,113,57,201,-214,126,-28,104,138,32,-125,188,-148,-101,88,-9,144,-37,11,90,-136,5,79,56,65,-42,-55,170,-9,-18,-5,-47,-84,119,52,122,-23,87,198,60,14,163,-211,97,-83,4,-3,-3,-18,11,108,-191,100,119,124,-68,121,95,-70,-153,-91,110,-153,137,42,-63,81,-33,-8,111,45,-115,45,-117,76,3,-16,-37,-156,-48,-68,-106,101,109,75,-23,80,88,-103
55,217,129,82,201,31,25,134,56,52,-118,-124,-24,-36,35,-33,29,65,64,-64,-30,24,140,-91,20,-102,80,146,3,85,42,176,45,-15,193,27,-75,145,-32,187,88,18,-59,35,-17,35,26,120,114,-18,52,76,-6,62,-92,172,69,2,-44,100,71,-25,108,121,7,78,119,-107,96,31,13,37,53,101,41,25,-15,114,64,-20,-55,158,182,111,4,14,46,182,-106,47,81,126,145,50,30,10,-36,-14,76,20,309,-3,15,-31,-27,44,-51,-39,124,2,39,125,-35,-36,-26,43,-60
-105,82,2,-30,46,93,-171,148,95,2,-104,-133,78,-29,50,-93,59,192,94,-60,-19,76,15,-24,-55,-15,216,-13,-147,-17,80,-33,-61,61,84,41,75,-14,-14,-134,-153,-136,-98,-32,3,-101,10,43,51,-32,34,92,19,54,-28,46,78,-90,-59,-210,-72,55,81,-14,59,8,-19,-96,-50,55,-149,-9,-75,-32,-2,87,-14,-22,9,-124,85,35,87,-9,15,13,-29,28,-1,56,-32,57,197,13,0,30,-183,-119,-95,-115,-123,42,100,32,-19,5,-41,-20,-92,-160,83,-111,182,113,153,52,-94
-3,139,-119,-22,-15,147,55,113,79,112,49,171,-45,150,161,89,-56,-47,145,4,-83,-56,166,82,115,146,87,-56,89,-52,109,-46,94,178,9,-5,99,115,11,0,175,-64,56,-47,55,29,46,196,67,47,-21,22,205,104,-27,-11,-30,-41,170,27,-15,78,31,133,-128,88,40,-47,-65,-64,-64,54,111,-41,29,-44,-20,110,103,-48,249,87,-54,94,151,2,-59,130,72,55,59,-45,-114,-43,34,62,61,58,24,-15,135,-72,-6,22,145,134,-151,-26,-14,-137,142,-27,114,-65,83,79,-28
28,138,-96,118,181,77,-23,67,119,178,147,90,51,172,74,-34,8,72,82,-10,-136,-3,-4,-5,-26,42,-62,-123,-198,-131,42,49,76,8,-19,-54,54,101,-58,56,-35,-20,-93,11,21,29,68,199,-20,46,37,129,151,2,-9,85,171,-65,76,-14,70,80,55,96,-57,23,9,58,-120,2,-62,90,15,-55,69,-120,-99,15,23,98,-29,-129,206,-15,113,8,-1,-34,-9,-35,47,207,234,-60,89,-18,-97,49,208,19,-13,-26,35,-86,-145,6,107,150,204,-26,-2,87,-88,134,107,119,-48
-170,2,-58,4,-81,124,32,-29,-39,50,-50,216,-29,69,13,-5,-3,-32,-122,81,-29,-69,144,-82,-32,-34,-87,-70,22,-142,-48,-30,41,44,12,-53,77,-118,5,-108,57,-51,-12,14,134,67,40,-44,22,10,-79,13,-40,76,9,-98,-29,18,7,-27,-18,-7,-129,5,62,-63,71,118,-89,99,22,31,21,-176,-75,-145,-78,114,117,110,80,3,101,21,26,-12,-9,41,-78,166,76,-37,-118,84,-39,-40,187,-32,-30,96,96,118,-81,5,223,-33,72,-82,9,-71,125,-79,-6,13,-49,-55,220
133,4,11,19,63,121,-21,79,48,69,-10,58,41,2,94,-133,-73,68,-126,-55,5,167,-88,105,94,24,7,20,55,-50,-50,175,20,130,-78,-85,120,26,109,-16,15,-70,10,-46,-131,31,127,48,3,-3,210,26,-36,-134,-70,109,136,3,116,-108,35,108,-87,-101,39,-167,174,55,111,-63,67,7,-10,42,96,-28,80,20,67,-62,-39,117,6,-52,13,-101,150,-88,36,-115,-57,33,-96,27,-94,-86,-48,107,-50,-100,86,-136,135,162,-35,150,-62,-122,-50,37,140,-58,57,-30,108,4,-21
-62,-33,-214,229,105,-45,-2,-18,114,-47,-26,13,-86,-73,109,23,40,-47,140,-39,-33,100,43,182,38,14,-26,-135,213,-187,-8,121,-54,-21,-74,5,-158,-120,40,-6,-41,-137,-38,-11,0,-178,71,-47,9,-47,115,72,6,104,106,124,39,20,-82,-80,165,112,113,116,138,81,-129,60,-102,-181,-11,59,11,-118,52,-62,66,-8,9,85,127,30,-49,5,-82,-65,-12,37,31,69,38,77,-11,145,78,8,-68,47,44,-94,-25,48,46,13,121,15,94,53,135,2,77,10,-232,24,-7,-54,-92
36,95,-138,143,10,68,-58,-99,115,209,155,39,54,135,-47,131,60,-16,19,152,95,88,99,84,125,45,-44,-33,12,46,-6,-46,-166,-98,56,-2,-161,93,26,123,48,27,41,49,106,19,137,6,75,-82,64,-63,22,-12,124,131,-127,46,15,-17,78,86,34,100,117,168,107,-56,186,-10,89,208,44,-129,-21,111,-82,84,53,257,14,35,56,61,120,143,100,-3,-10,-125,26,40,15,113,-228,46,42,196,-64,-103,59,6,103,124,14,149,49,39,-42,65,75,72,122,28,39,105,118
-71,10,41,134,54,91,-10,-29,-92,11,-2,30,-231,140,-76,-90,105,62,5,-72,80,83,46,59,-130,-96,54,137,-65,73,-72,92,-112,-100,218,56,46,-90,-47,87,-88,-30,-50,2,132,57,-15,-26,-4,-112,96,7,-27,137,57,109,70,-25,45,-17,97,-25,56,129,23,130,168,-42,110,81,-52,84,3,18,48,37,7,109,-53,-34,-71,15,3,71,45,26,-54,-95,-13,-38,63,72,85,19,-38,171,41,90,-64,-25,129,-79,-52,35,-40,-57,24,45,10,-48,-129,132,118,-20,33,-43,63
72,58,82,75,41,24,-99,-7,63,-199,-49,-201,40,17,-97,-40,-51,56,75,-57,10,-37,-44,-18,-41,48,-195,48,-14,15,59,23,139,-37,-10,114,-72,-39,18,-18,126,-136,-112,0,-4,63,74,106,-107,113,49,-22,16,36,-56,-123,-21,-25,108,54,5,-76,30,-64,8,-2,18,93,45,1,19,-58,68,129,44,-48,4,37,56,-85,-95,160,163,135,-12,-40,8,-55,101,12,-1,160,84,-36,-31,44,50,-60,81,56,111,90,6,112,14,-31,60,150,47,60,-55,-4,19,-53,-39,33,42
-5,22,97,-59,-88,-113,212,-26,11,105,-115,24,23,31,78,151,7,-48,-69,86,-4,-70,42,-30,136,8,82,2,107,133,-61,71,143,36,56,-41,196,81,190,-1,86,72,74,44,-8,58,49,-78,29,-22,-67,-19,102,17,20,-205,-84,-3,77,15,170,83,-220,100,75,-30,91,118,-30,9,161,-98,-7,65,-69,3,125,23,2,-77,-43,44,-84,41,-4,17,9,120,124,-140,105,67,-26,-9,83,207,-69,110,-50,238,-158,-20,101,-12,-132,-30,-39,83,21,-33,12,-3,128,0,6,-50,169
15,-161,32,41,-11,-159,135,135,52,79,-208,-26,14,118,-65,-46,18,103,18,54,66,-94,0,-110,-162,21,18,5,-36,37,-174,100,-17,-5,151,-129,38,-64,59,-46,-2,-147,-35,109,89,-57,11,-34,18,-72,41,53,-20,164,131,16,-43,181,-50,-17,15,77,99,69,214,86,87,155,-31,-5,-49,135,12,57,-14,68,152,56,92,4,-56,-162,-190,35,136,20,0,65,241,43,42,-3,-148,192,-104,-86,-34,-63,-73,189,14,18,17,71,23,-57,117,125,-13,135,-95,199,-146,162,-46,44,99
102,63,132,24,-54,70,224,89,215,-4,-22,34,-44,-220,-71,122,29,-160,35,204,-84,9,113,126,13,43,-19,21,38,-49,-1,65,127,0,235,42,6,-50,65,50,34,150,23,-26,109,115,8,-14,-175,207,-79,43,266,171,197,-89,62,-91,22,-15,-47,-65,62,150,-19,-48,-12,119,94,59,6,8,-15,101,-17,184,6,56,63,116,123,120,-49,88,91,99,-16,46,-4,93,164,85,-22,-6,132,-71,148,-79,79,127,38,24,-90,211,-55,74,105,1,84,-12,8,121,159,38,24,89,-19
72,49,-57,-62,-168,214,77,96,155,79,-30,14,-56,8,216,183,3,76,15,-53,50,160,51,21,214,68,120,-55,83,77,12,54,62,90,207,85,42,87,25,17,90,-9,-11,-48,40,19,-64,-65,-56,43,88,65,143,38,52,-111,88,-48,-29,-24,20,31,-9,-23,-77,-37,-14,152,-70,67,78,-15,39,-30,82,64,195,109,205,-90,142,194,65,-47,19,147,-121,67,-102,25,-38,-7,-22,-22,97,-28,-82,-11,70,-75,-127,-49,80,-61,-90,86,-105,-75,52,-103,51,10,17,-14,89,18,6
39,20,-58,59,27,32,-47,19,64,236,127,-63,65,31,63,136,-58,44,14,49,-88,-106,-97,54,11,74,188,7,-69,-40,12,117,161,110,-82,-114,-95,119,58,57,98,-66,65,11,-1,-21,17,27,18,88,213,110,-43,-65,20,194,13,-139,-10,20,83,104,214,-125,61,67,87,-40,-22,-45,158,-71,108,-3,-16,24,-23,67,178,-77,-32,27,174,-10,197,1,78,93,35,-125,106,101,89,-69,131,-58,121,26,121,87,-9,109,-11,31,16,-42,69,-29,153,71,121,193,94,27,37,-4,-95
130,90,47,-161,-36,214,71,-17,176,59,103,181,-20,7,-54,116,-24,278,60,-86,86,226,84,177,157,84,70,171,35,40,-76,99,125,-22,139,-21,22,98,20,2,66,-71,74,182,33,46,126,-4,-86,58,78,70,195,89,260,13,11,-90,-83,43,7,107,269,53,17,193,259,173,70,90,9,4,137,-22,18,126,40,-122,81,69,125,45,140,93,129,54,11,107,-70,42,130,77,101,-96,-26,167,107,-44,38,-31,-6,147,-137,97,1,133,164,-8,139,-91,212,144,117,43,69,42,148
23,106,288,24,-6,104,17,16,21,139,13,-35,125,10,32,25,-3,91,-103,119,42,-7,26,-159,-16,85,148,57,-52,66,131,9,-15,23,25,218,158,-55,14,83,7,-32,-116,83,186,182,-67,159,2,-24,0,151,-46,-117,-4,-27,19,2,82,0,18,46,-26,-7,9,113,118,85,102,23,-84,141,161,57,-40,33,-17,-96,123,-121,-47,22,71,-2,1,4,-20,54,155,-157,113,46,20,-72,-21,37,-73,-215,124,158,167,-137,-24,-80,-167,-75,-210,-127,95,38,-51,89,40,113,18,-18,89
-2,119,-114,179,-55,82,62,181,85,157,25,156,71,181,212,37,-47,14,262,2,-149,-76,73,-32,61,146,109,-20,35,13,48,201,92,233,-32,-69,83,145,208,-27,-8,-81,-134,-16,-40,4,78,18,159,-59,57,172,152,53,18,154,150,14,121,81,186,-25,34,1,55,94,-15,-120,-98,63,28,245,21,-52,-72,96,58,-33,80,112,82,-10,98,-106,52,-54,65,225,118,47,161,6,13,1,162,51,67,-26,165,86,295,14,185,177,-9,27,-77,-12,189,82,113,152,-137,87,-17,116,-16
94,201,33,112,-52,58,57,42,237,3,23,87,143,24,27,-43,101,82,93,-48,57,45,142,50,-21,23,52,115,-14,-59,47,8,69,-1,-3,65,-61,-2,12,144,305,-63,-10,-123,130,63,33,-18,28,31,195,66,97,-82,96,79,149,-114,15,44,2,-76,76,-170,22,-65,261,-38,-7,-52,-130,-34,6,97,-14,-25,4,113,55,-53,207,160,180,-22,-28,94,-43,70,38,78,25,107,1,-16,26,60,94,94,-72,-14,82,-24,27,60,-10,-16,-54,-49,148,62,54,-1,209,-84,37,67,-50
30,50,47,32,23,236,93,32,205,172,77,6,55,85,47,127,-62,41,-35,136,46,198,92,103,198,6,174,-109,39,157,86,56,165,184,-38,41,62,66,133,-5,120,-20,37,123,20,-74,110,-16,-34,33,-2,157,182,112,102,-99,-92,-30,40,-109,58,45,30,295,66,-21,150,220,64,6,132,138,-71,-74,53,73,-46,29,-65,182,-19,7,13,72,67,39,32,123,-53,88,43,194,63,76,7,46,44,23,118,123,49,144,229,295,82,260,-86,10,39,-29,155,99,8,82,-21,122,137
182,150,24,55,-21,195,261,28,121,237,99,-1,64,139,129,128,-68,157,133,-118,36,15,144,-146,30,118,24,121,-43,78,27,101,-56,142,143,154,269,-17,-25,46,152,-226,-84,26,13,-5,56,102,210,-19,39,138,53,37,76,58,207,17,136,45,50,2,125,148,94,205,48,34,45,78,-33,115,89,59,-134,157,-197,70,-61,55,199,81,88,65,57,61,42,7,-90,84,164,135,41,-85,94,-41,18,-137,182,70,133,28,93,26,-119,49,-155,72,252,148,23,48,103,-20,71,101,84
-33,14,114,41,-119,90,-20,-43,89,-13,-10,-32,160,133,101,284,87,-22,55,204,-49,-15,38,81,-15,-79,24,11,-4,45,141,0,-4,54,-40,4,34,-8,103,-74,244,-88,-104,19,95,129,63,7,-75,81,156,32,139,92,106,-7,-122,38,210,-17,114,-61,38,50,120,84,113,-22,172,203,-90,-98,-56,71,-48,129,48,39,49,29,279,68,53,23,136,-82,-68,27,4,19,67,70,2,13,1,9,27,0,5,54,54,118,86,108,-72,-32,47,26,34,-14,7,-113,322,-20,113,179,46
78,71,164,12,-33,125,30,4,-78,80,-87,-125,-38,-64,46,-227,42,267,113,-156,-35,136,-19,-57,-1,37,205,49,-38,168,-29,121,38,-22,135,91,-44,91,80,72,53,37,-121,173,109,51,-27,51,-1,56,31,66,47,29,-10,30,90,-36,102,24,-100,-144,30,178,36,-82,257,13,-10,73,-53,107,70,83,233,-2,46,65,108,89,-37,136,87,-81,52,133,22,121,142,61,31,6,24,191,2,26,-16,38,51,52,100,32,71,65,2,-46,-182,-23,87,61,-55,94,16,128,-54,124,-28
174,-62,82,117,-19,40,-29,-12,65,-2,31,96,-9,-1,-96,-128,-9,-17,-87,52,190,193,-7,112,-10,-21,-22,-85,1,130,-67,-57,78,-177,60,-18,74,21,-80,20,36,4,85,107,-52,-108,-135,-22,65,-25,-26,-203,-53,-9,-80,-19,-122,83,-142,10,66,-39,114,129,86,98,-78,-59,27,-21,75,-13,84,176,-56,40,57,105,-163,6,45,-123,-29,90,40,38,81,2,17,-63,-16,-67,81,72,-23,-26,-108,-52,161,-6,108,-63,18,-65,-11,198,108,25,36,57,63,-7,36,133,-129,-31,45
-5,74,78,19,76,191,32,100,229,42,-51,-31,91,-101,26,113,-6,185,87,-39,76,205,126,56,172,92,194,179,-23,-35,47,194,-130,-68,223,-1,39,19,111,57,7,88,32,-138,74,23,161,66,-118,164,209,54,25,-7,10,-15,42,-36,101,32,-55,179,-13,143,77,151,59,-1,103,-113,114,-18,-79,91,-76,-94,51,86,218,76,78,19,8,-9,119,-29,-77,29,-77,-35,79,-129,26,76,-80,70,25,53,25,-156,116,-141,167,-59,31,51,-73,-17,91,-37,-2,1,265,152,-94,-14,60
200,66,-1,10,207,60,111,115,233,-53,-178,15,56,-186,24,2,-91,0,93,-40,-17,-24,241,14,76,-71,89,142,-9,-6,-7,183,-103,-34,163,160,38,108,-19,152,-5,-12,27,-39,-125,35,165,-61,98,-52,82,-31,26,168,178,166,23,21,-30,-139,131,-13,189,57,28,138,39,119,-79,14,-102,44,107,71,138,-8,14,123,-24,67,133,101,52,169,-30,15,137,48,-6,33,163,17,116,-98,96,-14,62,44,-46,-115,178,32,-99,-28,26,256,89,-3,111,11,207,73,-87,36,116,16,0
-98,127,43,130,133,-94,38,4,-114,14,-12,-6,-31,42,-101,86,69,-153,-78,-28,21,32,128,31,-64,-62,-79,9,1,-125,58,7,88,57,-91,-38,98,39,-13,55,26,-43,-75,-37,72,7,-166,-172,-23,63,157,-98,-1,-148,-97,2,117,-73,-41,157,50,44,-55,51,72,106,1,-104,135,-163,148,-62,6,21,-188,-3,-82,-35,-20,111,-36,-62,346,98,92,-67,-52,-62,39,139,92,208,92,77,28,-36,-119,107,-15,119,-58,52,165,51,54,-235,191,59,114,107,-70,82,86,-180,19,-31,1
47,-137,-70,132,-145,15,-96,-19,-29,29,-163,-26,28,6,-122,170,49,-14,-5,-52,-48,107,34,16,10,75,126,-91,118,35,97,-22,-14,77,57,69,-86,37,-40,56,132,-49,-25,-103,-13,54,-50,-38,-5,89,-6,76,36,-11,112,164,16,-68,-14,-125,50,-75,56,-31,64,107,57,-82,-18,-112,-51,36,75,-20,51,65,-53,-124,168,-48,73,27,159,0,-33,-7,-131,137,12,80,147,28,102,130,9,-161,-20,-32,-104,83,-44,95,-38,-81,91,-102,-10,32,-65,52,20,212,35,-186,-12,-1,-67
76,203,106,-52,45,78,73,62,43,253,-59,-3,-50,90,26,14,-35,30,-58,60,-49,223,-38,-86,-39,-26,161,-13,14,113,97,110,94,108,75,-60,141,-147,45,-9,51,-45,-24,106,-212,-175,-159,-48,-71,-12,69,8,-7,0,-29,-75,85,97,-165,64,-43,67,134,311,25,-201,113,125,185,48,-92,-214,62,-123,-119,-40,-54,37,16,-42,-66,10,-92,157,81,9,4,123,-36,-53,41,112,64,-41,-7,-249,-109,63,9,99,-104,44,-44,-60,-194,177,3,-118,141,163,-141,93,-70,38,-67,52,103
155,-82,-70,55,-49,86,66,156,163,68,79,209,10,168,141,180,-156,131,59,-189,32,84,64,198,99,69,50,7,28,115,17,80,88,-93,131,153,87,-146,35,159,15,98,129,-14,-80,73,117,38,111,293,48,-31,51,54,32,14,-25,105,101,106,45,41,82,5,-29,-18,-8,-135,33,158,95,70,254,83,-44,-90,-65,94,29,-9,330,-23,-49,66,160,149,-17,-81,-302,-42,31,-71,70,103,101,168,161,-108,127,91,141,13,45,53,-7,168,113,-45,164,-19,162,40,205,76,-13,-134,67
-80,14,91,37,-103,142,28,33,171,73,43,90,44,85,34,12,30,215,18,-66,-42,169,10,32,62,35,27,213,49,167,-51,249,86,123,15,-36,86,-73,134,155,37,110,-12,86,-46,15,96,-31,-51,-45,89,20,54,-38,-23,-70,-38,-81,-114,100,35,86,90,-6,94,128,106,-11,204,129,168,-23,23,-9,-260,6,-14,-137,60,-14,36,1,87,121,-17,176,117,4,39,-24,52,44,47,2,179,136,2,73,29,34,-14,74,14,191,-21,106,54,-77,91,-113,21,122,109,105,33,81,211
-25,-25,81,-90,20,40,87,2,55,169,-26,-36,-26,-36,-47,-31,24,64,42,51,49,37,-40,-9,-92,-12,56,-174,3,-193,115,-40,-8,-72,-71,99,-1,46,28,-28,-67,-37,94,202,48,-75,-38,79,-110,-18,116,90,31,-169,91,8,-67,-20,-80,-104,150,35,55,-136,-26,141,27,51,-64,-67,-8,56,103,17,33,61,112,-27,-31,-60,-78,-79,143,-10,28,168,-52,-116,178,-179,15,150,-7,54,-18,43,-127,32,2,-58,-68,175,75,-168,25,14,35,-46,27,40,84,64,-129,-9,47,46,-128
34,-73,113,25,59,-20,-87,6,77,32,-18,98,110,128,17,24,-53,14,-4,48,-86,140,-14,-73,40,139,-43,29,-76,152,87,44,-98,-71,41,-47,51,-56,-164,219,80,13,63,-16,4,-13,-36,161,11,37,40,181,29,-47,79,161,31,70,41,-164,1,49,88,3,31,75,57,164,33,141,10,4,10,-51,-27,15,-8,-41,57,-14,-37,50,201,-42,79,102,-174,-139,-99,90,-98,17,-28,45,-62,-3,-28,-65,147,-10,20,-27,169,-92,-21,147,-124,13,50,8,-42,148,-38,3,-130,-62,81
119,48,17,24,-26,135,88,133,49,6,-2,225,-82,106,153,74,-100,125,253,-20,114,-82,1,19,187,-52,35,115,83,194,35,125,142,112,-18,52,-21,171,168,92,-137,111,176,105,79,171,-45,-52,39,-34,-80,193,97,-11,-35,90,3,45,187,15,47,87,-25,-86,-21,-24,147,116,-49,-68,27,89,-117,-13,41,172,161,166,133,-79,0,179,73,34,50,234,32,118,26,-64,-14,0,-59,35,146,166,90,54,38,98,162,95,14,211,58,88,239,-204,44,-174,190,107,-31,91,101,15,-70
59,-14,-38,141,-80,-127,174,-131,59,49,-48,50,-75,-103,58,-236,30,-30,-30,179,-129,-26,96,-123,136,-55,77,-78,52,66,-154,5,-31,113,25,-81,16,7,-72,39,-88,71,76,50,-21,21,74,18,-1,-189,-137,121,10,76,90,180,-95,7,-129,-78,-2,162,-21,56,-7,-109,56,-47,117,-98,-46,131,33,115,6,94,96,44,-129,-64,-32,1,-36,69,47,154,159,64,104,72,-95,-63,-15,5,32,-38,-122,203,74,-38,-62,-68,-81,70,13,72,-10,-148,-63,-61,26,187,-41,198,23,142,-88
75,0,20,40,-49,117,1,55,134,135,32,158,163,69,-15,195,92,137,41,86,5,-120,90,115,-28,3,243,97,-132,21,91,-64,86,85,-83,154,-38,75,127,105,148,56,110,-32,-53,75,-141,30,53,48,46,-131,21,-18,123,-45,-5,21,131,-143,38,9,107,-20,49,-47,54,59,88,-30,75,99,55,109,107,276,-28,-102,4,185,113,-140,137,175,90,49,-70,-138,48,-48,133,-5,-62,17,78,28,63,-43,22,66,-93,54,-55,62,-112,117,129,51,250,32,-19,55,81,67,54,-47,138
112,-15,-2,205,-181,87,50,51,-11,-117,-60,-103,-97,15,233,174,17,-39,30,10,-58,6,69,114,-9,102,89,1,-14,-1,85,67,12,19,136,156,-35,-93,13,180,-36,-130,114,68,12,6,-112,-94,97,-35,48,-80,170,57,3,-137,111,-141,162,1,-22,-113,37,-43,151,51,161,11,33,59,-152,-52,21,224,-100,163,-93,32,70,-79,44,65,56,46,-39,91,58,-89,209,-53,26,227,-3,135,159,126,-8,61,42,130,-37,-50,29,90,41,87,-4,5,9,-76,-34,87,103,-89,160,121,-108
202,86,94,142,-56,104,3,-113,133,277,33,58,137,-222,79,-67,-92,71,160,-5,6,129,93,-5,2,215,136,168,-26,-46,-61,99,105,194,215,277,94,112,101,6,111,-121,-14,-19,65,9,41,-55,166,-42,65,21,-62,127,-32,80,67,92,111,52,-139,73,81,195,-59,27,107,-74,141,63,-124,52,59,54,-76,36,-46,44,-17,-48,4,20,-57,1,-94,-9,184,42,-1,16,27,-115,60,35,-141,-95,1,-6,25,-29,217,137,169,168,-25,208,75,76,103,44,-30,79,174,102,80,42,23
31,-44,-37,37,131,-89,-87,-92,20,-89,79,74,100,-33,159,191,-217,38,137,11,24,-247,-18,-18,28,-33,145,100,36,103,108,-21,53,94,-25,166,-159,98,87,142,80,-82,53,26,177,85,-46,53,117,69,55,9,-21,64,136,215,-59,63,216,-34,-21,13,82,107,-9,-145,29,151,-6,167,81,17,5,35,-40,-104,-191,-74,199,22,52,47,107,-8,94,-9,-91,27,47,120,34,17,-96,155,59,-52,49,-2,39,128,70,146,8,4,-109,-195,2,83,164,-74,-42,-12,-4,-83,-99,3,126
118,54,-56,-31,29,-38,47,34,40,-10,90,-51,211,77,94,84,71,39,-45,88,47,-164,-77,-39,22,121,195,52,-213,136,164,60,70,189,106,55,6,-121,283,-17,154,-166,-101,109,-32,165,26,3,-154,-45,49,-2,16,-4,26,98,19,173,66,-112,1,63,145,108,107,-183,165,50,-53,179,-40,-111,4,60,-59,10,-49,-23,64,-45,-150,72,-113,-168,215,-22,-115,-143,138,-108,4,-23,-10,98,-189,-26,162,-65,57,83,-6,-9,-6,93,-55,171,-219,83,148,4,9,104,219,34,-9,-18,-108
207,106,-43,179,51,175,155,235,182,120,170,-17,167,-107,147,130,-193,247,78,68,50,139,94,41,111,128,-55,116,57,-83,-125,19,-108,52,104,162,99,15,-5,87,-54,164,-60,-49,38,96,35,216,8,86,41,92,-34,5,97,191,148,41,42,90,-55,-8,17,85,57,238,-95,21,180,-85,165,47,-35,124,31,21,-101,164,75,-43,142,-25,117,163,7,174,195,-8,-55,120,138,7,46,-30,-15,-66,-62,-42,213,-43,32,16,33,8,-79,109,64,-29,-34,82,134,95,1,167,-20,-23,130
-22,75,-106,-37,60,-15,131,-140,-21,91,-17,44,-33,80,102,101,205,1,-18,35,-5,-26,-32,80,18,-68,-11,145,-21,-28,56,94,78,91,-135,170,22,-17,33,26,141,41,-92,1,9,173,-71,-74,28,-142,-26,18,-17,32,80,79,56,5,22,-143,67,26,-119,-18,136,-53,89,18,-100,104,-18,-50,188,-16,27,-83,-101,144,-62,18,122,33,42,95,155,-78,39,-152,-179,-44,52,127,-88,20,21,20,160,8,7,27,115,103,-106,114,78,38,-48,16,149,29,199,-13,2,25,105,-139,75
147,-31,52,91,139,41,121,197,-2,101,51,112,82,50,22,-94,3,154,35,-91,126,-162,61,-27,-98,-64,70,76,9,-26,-52,9,105,-1,-33,96,113,-66,-22,-104,-36,-82,-38,116,62,84,63,130,21,22,-4,-88,-176,73,-10,32,12,-23,-141,-59,24,15,88,-14,49,146,-29,85,-63,95,-50,47,-10,2,-164,-164,-96,42,-44,-107,54,-154,66,91,-87,-1,124,-20,89,124,9,140,192,70,41,99,-3,-125,85,167,96,-65,-32,-135,-19,-12,158,80,96,-17,153,-36,-97,150,17,111,-60
4,122,-126,128,-111,143,5,138,-96,-17,-87,85,23,148,-65,213,42,44,17,97,262,-131,0,-9,22,54,53,-113,-48,68,75,20,228,7,38,152,-62,-86,1,45,104,50,-3,9,60,-1,-36,60,13,58,6,111,172,-30,114,-70,72,-26,86,-66,82,124,-30,50,7,8,-194,-136,34,23,70,13,126,-135,41,21,-25,-12,12,56,-81,-36,-178,79,245,121,0,-17,94,-33,190,6,147,25,-5,61,38,-4,50,11,78,-30,113,30,-137,100,84,74,148,52,1,-1,75,76,-160,14,-58
-107,32,32,85,210,-3,14,13,-52,-24,51,169,-169,24,-39,162,62,74,96,-16,-97,38,179,-1,14,-48,125,-42,-97,-270,126,-12,-37,-18,-32,-1,35,-27,-48,52,-8,-126,106,50,102,-163,-82,62,-76,90,-3,-43,82,264,24,-180,-121,-111,87,-227,-69,4,-53,157,114,-35,61,78,-59,76,-150,10,10,-10,44,-133,-119,-129,-30,188,50,-155,-77,5,93,-93,-20,25,-107,23,64,274,51,-19,64,-63,-20,42,47,58,10,13,78,-95,-24,-121,71,133,237,87,18,17,-75,32,35,63,93
129,192,78,46,-28,69,101,140,41,38,24,102,10,135,113,22,0,11,41,-2,117,-67,-29,27,64,-1,-25,36,-17,5,95,-111,18,105,-94,45,21,-93,48,119,67,-158,31,153,6,64,-57,34,25,-177,-179,-48,25,-16,184,-24,69,41,0,-78,16,79,160,-72,76,39,12,-108,53,16,-42,47,-80,60,-99,181,-45,-96,-167,-11,16,-38,84,-36,45,152,5,66,111,-111,-105,262,300,-25,26,15,-76,-35,124,55,-59,125,24,91,-97,87,89,39,152,6,54,140,31,77,44,64,-42
26,118,55,-20,211,3,176,-3,180,124,102,8,114,-8,195,41,4,-35,172,4,45,-155,237,72,-19,-22,-73,48,15,132,84,-87,-58,152,9,95,44,-37,-13,211,35,68,-9,70,30,72,46,19,22,-88,-49,35,87,6,-57,-13,37,-82,3,86,34,157,-64,203,91,187,20,85,10,6,54,-135,47,2,-249,2,-153,10,-136,55,95,-148,84,179,42,117,22,-138,139,135,101,76,-50,-36,-19,-22,-109,10,46,12,77,79,-28,91,149,117,121,-84,-138,-98,-81,-5,90,88,-92,-35,128
-10,42,39,0,65,143,129,-88,45,36,78,10,-24,-68,69,156,-114,-16,21,89,-43,49,88,-33,131,49,105,166,-36,-7,95,-48,157,18,81,-29,6,102,-67,-96,151,-55,51,160,-31,17,7,70,73,114,-69,-32,-9,-78,-62,-83,-13,-26,125,15,-4,31,34,-69,36,157,-84,106,93,38,46,-77,25,16,-146,-4,-44,64,114,-119,290,14,75,52,119,109,104,108,-111,191,-2,-20,-191,79,60,127,21,-111,197,63,41,235,170,158,3,25,-21,4,20,7,116,174,140,-110,63,63,151
155,187,-56,-154,-29,23,204,-8,52,158,-74,100,-164,-54,120,165,94,164,193,138,23,41,106,81,34,-9,54,105,-89,73,32,111,108,182,42,152,77,144,71,-112,-47,-14,-32,113,-89,92,125,-100,12,34,52,-22,49,47,157,128,-158,92,94,-106,-103,-40,-5,325,84,199,93,2,114,146,-183,170,-104,-11,-56,133,-13,234,27,115,22,-82,75,54,181,121,177,61,45,20,27,91,114,171,-6,-14,-79,59,11,49,-28,202,39,90,-12,240,102,4,73,-15,165,117,38,-13,75,254,-46
61,82,-18,47,117,93,258,10,163,-67,135,38,32,-20,-79,-104,-134,21,135,78,56,-12,135,167,105,123,-85,201,44,-97,-36,147,-40,45,29,174,83,70,-44,-70,-78,70,-101,56,199,-97,147,-42,114,-1,-105,72,96,112,142,214,238,-188,-13,9,-79,-183,103,374,26,26,146,136,-3,-1,-90,204,45,162,13,-297,-293,64,14,-24,62,-29,62,1,-91,15,80,-6,-51,97,143,47,-3,79,37,-62,137,48,115,56,230,20,-68,176,254,84,68,71,-112,48,214,-165,-16,-85,108,-6,39
-24,-145,-75,-13,125,-92,85,-182,39,35,7,163,59,-1,79,-26,-140,-17,7,28,-8,-197,2,-44,-35,26,-135,-88,-8,-75,-98,-40,-39,16,37,19,208,126,-111,-18,-60,-59,61,-126,132,199,56,106,17,17,-5,1,-216,-49,-118,157,4,1,-49,47,-171,57,-108,-58,-81,113,17,-71,-204,20,-6,23,-19,-19,-132,-108,91,83,57,-196,113,68,170,26,1,-80,113,44,28,134,-46,-68,-13,19,-83,11,-42,-170,24,36,-45,55,166,-118,83,-159,0,-56,-63,-78,-7,-16,121,31,27,-2,61
31,63,211,62,131,-43,13,22,48,90,-160,136,19,-64,136,56,-113,-101,-101,44,154,40,-20,-57,-96,-31,-70,136,-36,-67,62,212,-61,-26,46,125,78,-20,4,-2,-37,33,57,22,127,61,38,-20,62,-151,94,-158,-32,-53,99,91,124,-45,116,-6,23,88,126,8,163,20,96,-19,97,116,68,-6,30,20,-36,-191,181,164,-201,-179,-111,-61,195,-97,127,-217,56,-183,1,55,24,165,132,52,-181,-30,26,-58,82,126,75,-7,127,-20,-72,-173,185,-113,50,226,-75,45,233,169,-54,-30,104
-13,57,106,-58,116,-30,-36,103,199,99,-40,8,174,-28,-125,16,-133,27,0,73,81,135,-23,-59,-50,178,137,184,-4,161,165,-64,84,27,174,-36,38,-48,65,65,6,97,-116,-104,118,16,38,33,161,63,-43,11,-14,5,-93,57,83,28,28,23,-38,207,176,53,72,-137,-29,-44,76,-78,127,39,46,109,70,80,135,64,36,-104,-27,20,55,3,136,122,-26,17,-113,103,-13,-146,-66,16,-57,-85,-126,-209,44,42,-40,-135,123,58,127,158,29,-64,-28,7,-127,-20,107,2,-23,52,95
-39,107,-87,22,-73,3,35,143,198,79,96,8,-33,67,-16,242,101,148,-106,171,230,51,26,61,-1,171,202,44,-96,17,6,-157,191,40,79,16,-94,-22,-116,-16,110,-85,-158,-16,-22,81,-30,95,120,54,-24,32,90,99,219,82,4,111,133,-41,-14,39,17,-36,60,68,-92,-92,146,-120,-7,82,19,21,-98,50,52,249,31,-19,83,-39,-6,64,286,86,83,53,3,132,-36,44,-158,-18,-99,88,49,46,74,55,9,18,-72,87,89,182,15,-29,155,4,112,-16,218,-62,66,121,-24
71,144,-97,48,19,91,134,95,198,121,112,-7,-25,-40,104,-77,47,137,-5,-109,-29,-94,75,82,-47,41,47,177,-113,51,-36,308,33,56,69,50,3,87,13,47,-40,-134,-50,119,-35,-55,186,-22,13,-18,100,22,110,-88,28,60,144,83,-26,185,206,-28,306,33,138,161,109,-5,77,46,-60,-24,145,-67,-26,-51,18,180,16,41,61,56,51,-17,188,21,133,2,109,-35,70,125,18,-95,4,90,164,104,210,40,111,26,-197,-16,-132,151,35,-32,290,18,94,85,55,-6,47,-21,-50
-33,11,63,176,-20,-121,90,20,60,-7,74,92,272,0,46,-65,-15,-49,240,60,-85,-31,45,149,18,14,137,57,115,3,-22,-46,33,116,37,-49,3,175,126,150,-13,157,-152,-203,219,146,-42,-40,-3,77,48,-41,119,172,162,-1,-22,70,-64,-59,44,-11,118,110,-67,-101,-45,-44,152,6,45,46,-9,230,21,65,76,-115,170,44,-33,-33,281,99,-6,48,-225,140,-34,39,-16,-14,-110,11,-10,2,-35,30,76,102,27,39,56,156,-75,-4,34,36,98,-84,66,-62,192,-3,15,-83,62
66,48,14,-5,35,71,81,223,97,132,166,-55,-26,66,63,-69,201,76,55,-72,-78,-79,-108,166,55,9,26,45,131,-35,12,45,2,-31,-87,-44,-79,-4,-109,144,97,27,44,65,-6,52,43,221,31,-22,-48,109,116,21,111,-143,27,54,-47,-7,-26,-80,-8,-39,7,-68,55,-51,-114,-18,-82,-95,192,102,57,-40,31,-18,24,-62,55,-40,-18,23,57,181,-107,125,20,44,201,146,74,-12,-38,-42,-103,-103,-28,-30,23,44,37,-25,-23,-7,-42,10,36,51,-96,-28,-110,-12,163,19,109
-4,2,60,-24,149,195,-5,171,16,107,20,91,119,-119,-125,32,32,156,175,-103,-73,-148,-9,-49,-36,-114,164,0,-69,42,-43,55,72,-175,128,-100,43,116,142,118,39,58,150,86,-92,-42,-26,-83,-5,60,144,-157,-69,40,-133,-108,73,26,-113,-94,-86,-44,-39,-49,22,-33,-100,-31,-13,47,144,-61,-149,110,113,-19,51,-98,152,92,-18,16,67,46,-1,140,24,19,59,-127,74,13,29,64,109,-96,-179,11,-1,-25,-68,51,145,94,-156,57,185,85,6,4,18,-22,115,-108,33,-65,212
-31,62,-79,65,104,130,-19,53,34,22,108,29,-9,111,113,76,-199,-5,30,-52,141,-81,22,23,48,-209,82,45,50,-39,19,66,-5,15,79,41,-32,8,10,69,79,-156,-1,-123,158,31,-2,-73,-78,72,201,-104,-49,91,109,-54,-33,14,206,22,109,120,140,23,26,-11,193,-48,77,178,-37,15,48,55,10,-53,-96,128,113,-14,32,95,32,137,157,-119,100,27,-77,-36,-3,42,-89,8,62,55,135,15,18,45,171,-1,-6,128,6,90,79,-105,180,-46,133,23,76,-123,-45,36,141
-32,6,-79,106,22,-9,200,27,153,127,98,28,-63,80,121,85,-193,111,53,-60,-129,155,69,12,44,150,53,19,75,-34,75,-49,48,-48,70,157,97,-83,141,136,6,-67,-56,-98,71,271,207,0,-34,-4,-96,30,72,109,-95,122,149,172,81,127,-39,111,-25,57,2,48,39,-38,-20,-122,-71,15,33,15,-33,-57,-26,-35,153,63,123,-61,-51,167,152,160,5,140,-30,23,39,8,62,33,76,8,99,18,7,43,62,135,54,-56,60,54,108,113,65,20,-95,34,60,138,9,70,111
86,-71,-73,14,-53,-130,38,-58,82,-20,85,-29,-4,5,44,-116,33,25,43,-118,-13,22,-63,106,108,-52,-55,63,125,103,-135,99,93,57,150,-120,66,152,15,100,-42,8,60,170,46,62,-23,96,36,-102,5,208,38,78,79,175,82,44,-27,154,166,160,127,-69,-31,-16,95,145,-74,-88,181,158,109,-51,184,78,-19,-52,-34,-147,-15,293,-4,123,34,-124,25,146,-89,103,28,5,-71,-148,-42,-2,103,87,-65,-61,16,16,27,126,27,-93,125,-82,-39,13,265,71,55,115,-57,-109,32
-15,43,14,-41,85,-143,20,-78,-140,118,7,-17,29,23,57,-4,74,46,-110,-139,-106,21,28,-16,-7,-53,265,32,-25,133,277,-179,98,25,4,-28,-17,48,159,-18,150,-30,75,182,-129,-13,-74,-140,179,-78,-30,-40,-41,50,-29,13,-27,-28,-90,-1,218,122,36,25,33,-99,108,74,-76,140,202,-132,78,-189,-80,-167,-68,-87,-80,5,14,-75,87,61,222,41,-78,-27,-20,90,-127,-6,92,111,-16,9,-145,173,-76,49,-7,-15,86,-172,-15,-71,91,66,49,-34,-64,-4,88,77,-176,-6,-35
184,-92,-100,48,3,104,66,110,117,279,171,143,-43,38,-6,80,37,70,99,-85,73,38,10,186,196,9,28,138,123,58,-2,161,-3,-55,183,-31,62,-26,-41,4,-47,47,176,20,29,8,-214,75,76,-47,-28,-8,-37,-97,90,26,113,45,-177,9,-33,-113,174,139,-105,-85,205,-19,76,8,-17,-27,135,-1,-35,-7,47,76,43,26,89,54,-65,61,28,171,106,-152,44,-90,-22,-17,69,-134,-51,-23,91,51,-81,15,62,-67,-50,-4,-115,180,-44,-91,149,-13,31,107,-46,58,45,-78,-80
-112,7,38,-7,34,-167,-81,55,6,-4,-24,80,13,-48,-117,-25,69,-58,11,90,-74,-16,7,-11,-102,38,-45,149,-14,34,-96,93,-5,-47,-53,-74,-142,109,-81,-31,7,94,-98,-49,15,68,202,68,33,40,-62,4,-76,-37,-130,100,120,109,41,62,118,-41,-14,-19,-40,-25,-73,-50,76,-102,-3,140,-29,33,43,-32,49,182,33,-13,-61,-22,80,15,-10,53,-3,118,-56,140,119,-9,-109,24,81,48,51,30,69,20,-15,-50,-79,21,-138,-64,94,55,-4,15,-84,-16,17,53,120,13,86
88,-3,130,-127,-76,-74,-36,13,191,86,-127,51,48,48,52,-99,33,152,83,40,62,228,130,-15,-52,139,-28,66,54,202,-131,181,-48,76,19,-133,21,177,-273,-41,11,-28,-2,162,-63,61,44,208,40,-23,23,158,28,-31,187,185,9,-42,-14,42,-30,17,160,116,-22,311,170,218,-28,15,-69,193,25,-94,0,224,158,-10,87,-26,44,192,-6,71,-1,136,-108,139,-4,247,-17,-104,83,31,-76,-126,2,-131,-1,10,-171,-15,120,-17,61,67,51,-4,-104,-28,-56,143,26,142,7,22,85
93,150,101,6,4,189,129,-69,201,75,47,-34,115,54,-4,-58,-115,44,-2,35,45,143,134,137,46,-17,71,-44,22,24,-89,145,55,131,199,27,96,137,-90,74,39,-67,-76,90,192,-79,-10,-7,134,30,-108,97,-19,-5,106,-64,-6,-38,-105,-94,31,53,236,106,-52,71,86,-7,19,109,-97,94,138,-32,-73,99,48,-107,163,-47,-96,5,44,100,15,59,46,4,-33,9,67,172,14,-1,24,-20,-59,-23,70,-33,52,209,110,46,-33,111,64,-101,280,-31,197,101,19,161,7,79,-133
91,143,-40,120,36,75,174,91,225,254,134,-125,-7,-140,7,138,48,17,65,285,183,-30,115,221,149,171,-35,169,-22,23,-32,104,47,88,194,90,-19,0,143,24,-9,48,122,124,266,-53,90,170,96,33,87,254,119,-97,30,156,265,175,50,-47,93,56,66,175,219,103,-28,204,194,-190,115,86,105,38,-36,23,-31,151,65,15,144,28,13,34,64,2,138,57,41,-31,257,83,-82,-62,-144,32,75,75,76,85,80,124,73,52,-70,15,-28,71,90,207,93,173,90,143,-57,8,98
110,-9,40,-68,-56,243,42,85,85,56,47,91,214,30,-165,-31,126,99,-108,19,167,162,51,-40,134,71,35,63,100,-23,-48,-89,-13,-74,88,7,54,-63,-38,-60,162,45,-122,-28,175,184,24,161,-67,-97,-2,136,20,0,99,95,23,65,-18,-93,72,-57,75,-32,50,-29,329,8,-21,-58,-164,106,28,50,178,88,111,3,93,-11,171,103,83,-22,5,173,27,62,137,71,92,-55,-126,-125,-170,14,-16,-105,-36,2,216,43,-81,130,26,176,-119,-114,-69,64,77,60,4,147,129,60,-71
40,99,-91,115,68,94,66,-13,108,-60,-27,36,3,67,139,-9,-3,-117,108,-60,29,32,4,78,5,105,149,-42,45,0,186,55,-134,103,-54,189,-88,13,-24,157,-61,-47,-90,29,146,26,-58,-74,-160,-193,24,29,39,-23,21,272,171,-14,-15,-43,-99,128,65,-35,68,-55,39,-110,-30,-84,-102,116,43,-189,0,-9,-76,38,58,-69,23,47,50,-76,130,24,-19,1,5,104,-5,199,38,162,29,-91,-88,-16,-78,-34,112,1,126,175,98,-11,-20,-121,113,-31,109,38,50,10,-21,-32,-98
27,10,-101,-11,-25,338,74,97,-64,34,-143,-30,-238,74,28,-26,-7,23,61,-136,-133,-48,-62,14,130,-152,50,-12,-8,-121,-14,-41,96,91,32,-47,-25,11,111,-81,165,107,39,133,-15,-25,53,-13,-56,88,108,96,32,83,63,-104,-13,-24,-28,-76,-31,9,-43,-117,57,-13,5,6,-145,-17,191,54,-105,-186,114,84,127,90,76,109,250,118,109,86,62,89,139,7,-133,71,-83,-59,-82,-92,212,-84,-118,5,45,-45,-59,22,-58,98,10,-8,13,-79,-59,-11,49,-52,11,-85,-142,61,-57
-59,-33,23,36,104,-30,-51,13,-39,19,2,75,-83,166,29,-95,123,4,-24,59,-74,93,-38,79,-5,45,15,-59,3,33,-21,113,-22,-31,-40,-233,-37,-90,-108,31,-220,-7,33,249,-141,-132,-192,121,137,-121,-19,59,-41,-75,-75,136,-86,20,45,-36,-23,15,5,113,242,4,138,81,-87,2,118,-57,59,24,29,94,144,121,19,4,-116,-52,0,-9,-58,139,103,-87,34,-42,-79,24,-79,108,5,-43,-151,55,47,-20,-202,-108,82,-34,-13,95,-34,-66,-23,26,-88,120,-189,155,24,-22,20
18,145,64,26,25,101,33,136,117,33,-26,52,-6,-69,114,29,-24,94,151,36,14,-37,187,-11,127,-133,4,95,102,-80,127,103,-14,44,-19,167,-37,109,-58,152,-2,154,11,15,47,268,-30,143,69,-19,-11,-12,-51,-63,4,50,-83,-129,83,11,-86,-17,-56,-14,-109,-1,206,52,7,-108,-30,57,190,-41,15,176,44,108,-162,77,143,122,176,243,23,95,75,114,18,170,-9,142,7,-21,103,128,-38,43,30,60,227,-36,-13,-56,48,111,-159,-178,136,-119,36,181,-1,44,288,-43,-140
201,-8,26,21,-166,-134,18,14,-54,23,117,-149,38,-39,192,105,-11,13,77,-85,-59,57,-28,213,25,37,149,-19,-27,52,36,180,15,128,108,54,34,9,117,10,32,-92,6,25,-35,99,42,-45,144,-19,67,23,39,115,177,202,27,140,57,21,54,-46,140,78,48,163,-53,-74,-91,-29,-74,131,144,160,-1,176,24,-13,-53,-151,42,111,103,-60,-12,-79,76,110,9,-20,29,-40,23,101,127,80,62,18,138,155,-27,-6,-81,42,-18,12,-160,-64,19,-1,17,17,118,117,38,-21,-203
76,331,162,219,174,138,141,90,132,186,197,-91,163,98,5,-76,-5,-39,42,188,133,188,-17,-63,-11,-78,-2,87,167,27,77,41,182,37,-163,-14,80,36,37,179,65,211,27,-18,199,145,9,52,-16,59,132,130,90,-29,-45,31,193,3,-33,-86,74,141,37,47,162,158,89,158,23,-148,28,-119,-67,80,44,-46,48,57,-45,93,-32,-34,239,160,90,111,10,142,-50,-10,127,199,66,-93,-38,-96,-73,95,101,53,103,57,192,196,-89,23,122,-65,-71,151,108,196,58,76,-10,24,259
3,17,-33,100,-51,55,-72,-54,-24,-142,172,-164,-163,45,164,106,-61,-92,-159,173,102,96,-153,18,56,95,-47,50,103,132,-130,-102,10,-62,-66,-93,-13,74,-29,13,11,44,-52,-22,230,194,-38,20,94,3,-116,-127,6,-27,73,-16,210,11,20,-79,-50,64,90,-9,-34,61,69,61,188,-20,-24,149,-129,-63,82,-33,35,-12,79,94,32,137,-12,118,90,-70,-75,115,-124,115,-185,10,-63,13,-41,70,132,32,108,30,-123,-43,-89,70,55,27,57,18,35,-159,25,2,-42,1,-97,-12,52
-1,-14,40,219,-24,6,15,110,95,39,-24,45,70,64,83,-133,-102,-53,-43,130,189,83,-9,-37,74,36,160,109,12,129,87,74,24,316,24,36,61,-22,54,11,36,-77,-131,103,137,74,5,-19,82,-114,133,53,63,-50,35,283,43,-12,139,-195,106,180,115,134,82,142,34,-28,157,72,112,177,-108,93,-21,54,-19,-1,-64,47,-106,-101,86,51,173,-44,70,-1,82,5,18,63,97,-46,14,-69,-7,71,12,-34,178,26,78,147,104,8,22,35,44,46,95,48,157,104,-13,105,-7
25,72,-21,-79,-7,60,-22,-17,-7,212,-113,96,-103,95,30,36,0,210,-16,44,37,-22,-60,-22,77,115,70,28,-41,61,-146,-74,-112,-25,122,-108,-21,51,38,11,62,-81,19,-57,-22,61,67,120,124,-200,-70,-44,-78,-21,125,117,157,84,29,-29,-51,29,122,-27,6,88,103,22,88,16,-70,20,48,80,44,-134,146,36,105,-89,-59,9,24,-6,86,44,23,83,206,-88,-14,-86,28,-18,4,-62,-101,-36,71,0,-196,-48,-88,-97,-118,64,6,-26,-24,3,-58,-87,5,55,-32,154,124
47,51,-25,10,-264,-2,58,-19,54,71,-94,-27,148,-56,49,41,173,41,25,37,113,63,189,-10,95,160,198,-16,53,61,-52,249,21,224,85,106,99,151,-85,13,-106,-43,8,-40,16,2,60,43,172,-118,204,231,127,122,58,16,-42,-83,78,-5,64,6,-108,51,-16,24,-5,-51,-43,-130,-61,216,146,58,-120,245,-47,-82,-24,-139,115,77,-99,73,-255,10,149,45,-45,47,148,-56,-57,-96,102,46,-2,24,-8,-75,102,86,181,87,2,-17,-51,74,126,-41,124,-2,123,121,55,23,-23
107,65,39,40,51,52,-16,-94,-6,46,-17,174,-68,29,55,-11,-18,116,-36,6,-93,27,104,-210,2,41,60,40,-124,46,106,140,114,128,36,30,-2,20,103,116,-174,-28,187,200,88,-51,-40,167,57,-30,25,28,129,112,19,54,-60,74,-22,110,46,36,197,142,89,18,127,95,21,99,-72,177,69,90,33,-178,-91,-140,35,-14,52,-16,139,32,275,304,39,-52,36,108,-14,-104,61,59,-27,-46,-66,-80,242,109,-16,93,-128,77,-15,-93,210,-27,-11,-5,-66,42,128,36,24,167,138
100,-136,-58,98,89,103,231,70,35,-54,215,55,100,67,71,118,-117,1,108,-142,27,-83,40,50,74,70,16,39,-18,-107,243,69,-9,87,28,-71,22,21,169,-54,-73,-102,-43,119,42,44,-126,11,35,42,-16,-132,-2,-106,29,96,115,76,19,-14,-56,18,104,53,54,32,36,34,-95,1,-10,109,54,113,-1,-100,-144,69,80,0,-25,-135,61,-122,25,27,45,-41,-48,29,105,-2,-22,64,-18,-43,36,-196,51,78,136,-71,-1,20,112,-103,50,41,184,-41,130,-3,3,-24,-100,-20,-13
-30,-7,39,-193,-87,-151,-98,-99,7,89,20,19,-58,-87,-182,-101,44,25,-35,-129,-115,-132,-54,-116,23,-31,-16,106,105,-64,-64,-48,62,-92,25,-86,-30,165,7,5,-18,-77,84,58,49,-98,-65,-86,148,-30,-100,-74,-64,-142,-75,96,213,-131,0,67,-170,-88,58,-123,-233,-86,81,20,-27,-123,102,84,-90,-112,-14,-12,12,-33,-93,53,-90,47,72,-53,-47,-176,-193,-30,24,-10,-89,-64,-38,-14,3,-154,92,30,-117,-20,-71,22,132,-28,57,-196,161,58,21,33,23,49,20,133,-119,-83,-75
-60,209,122,-58,93,5,66,-54,-104,120,-123,-100,-56,-115,25,-181,59,58,92,-28,-36,-12,52,-54,-141,62,-42,-154,-107,54,81,-140,3,114,-98,-22,-83,119,149,117,-77,-26,77,111,40,-11,116,-51,-22,-75,-85,-112,-86,22,-69,26,-35,-95,-213,-117,-107,81,13,24,-10,85,135,-60,-105,22,-63,-125,41,52,57,11,-27,28,-32,66,-118,-46,132,-105,77,187,-11,57,140,46,-136,-20,-17,164,-58,-130,-80,-31,23,7,-107,108,-55,-12,190,74,-103,-116,-94,-101,-67,26,46,6,-112,71,8
130,-79,133,-20,-45,-71,4,-76,0,-169,-63,60,153,1,178,9,-12,52,-40,1,-58,-24,29,-2,85,74,12,121,72,106,3,56,-27,74,-52,91,-1,139,45,136,192,-41,29,156,184,117,103,-3,69,-37,11,-134,116,28,176,-114,31,-80,165,-75,-13,25,96,-67,50,27,236,138,-12,185,49,-49,133,111,137,95,22,27,44,25,-28,194,226,9,34,74,-85,124,142,146,25,179,24,141,-40,85,10,70,147,163,-95,122,167,68,74,-14,-25,58,101,-126,-65,-41,81,25,37,40,161
161,48,-111,181,70,-44,-53,-7,174,21,-144,-103,207,45,197,35,19,-105,98,79,-186,88,130,-59,86,-8,124,1,176,91,152,95,-132,119,17,-45,116,-77,118,43,249,60,-20,-119,-178,64,142,-11,62,41,110,27,78,-24,118,121,82,-40,79,-147,72,129,4,110,31,-98,22,44,163,87,39,89,23,37,62,66,25,-41,-40,105,91,61,167,19,20,18,-41,-171,-47,-4,-146,-9,34,-51,-120,-8,60,103,60,-29,51,-6,104,37,14,170,45,145,10,-7,-14,110,-34,60,-105,144,32
92,49,-60,-21,-153,32,137,73,71,-36,52,46,-121,54,186,109,-97,43,-73,76,-87,2,-15,60,149,27,-23,235,-17,-81,-86,25,22,105,-74,1,48,21,-82,48,-24,4,-44,108,18,124,33,57,22,-41,24,29,100,-14,44,-113,93,-139,141,145,88,-109,43,-152,179,-16,167,83,132,51,48,115,-51,45,14,40,-41,38,-1,-8,139,-54,60,44,73,-142,102,79,-42,147,20,80,-24,-169,122,75,61,92,121,48,99,-96,4,142,5,18,12,-153,-61,131,88,17,87,-47,100,-74,33
104,-5,-47,136,-45,197,12,38,62,105,-60,31,-114,58,61,26,-9,-49,16,17,-94,175,-6,90,164,83,119,123,85,-23,26,134,-60,94,124,-102,127,136,-25,48,78,49,52,40,155,18,62,-96,255,121,-97,25,27,-30,61,-23,201,-50,-71,-73,-30,154,119,80,72,111,-22,135,-20,76,202,160,77,-115,123,48,231,143,-29,51,17,-12,154,80,85,126,24,-50,-79,23,-41,119,-39,-82,9,84,-23,129,152,-208,-131,158,198,133,75,62,34,77,32,-74,110,63,107,74,86,45,51
98,116,74,41,244,-157,28,-150,-40,97,62,155,159,-18,88,-53,-122,-57,122,63,-25,-12,58,48,25,50,-20,222,-25,59,86,47,43,6,13,-38,-35,203,150,33,91,89,66,10,91,73,-51,13,85,-186,-94,118,-10,30,-131,-20,2,-92,15,-104,94,79,119,61,-54,11,98,187,-32,147,99,-1,-7,-15,54,-48,64,52,-106,-11,-77,42,5,-44,23,42,-5,20,54,-39,4,51,-42,43,-33,145,88,138,179,58,215,-95,146,61,53,121,9,14,124,-24,-16,67,-8,65,-58,-35,16
-81,195,-222,-119,16,-12,97,65,220,165,53,-83,16,-3,186,226,-7,73,156,13,-62,14,-21,76,55,-57,-21,116,42,-2,93,-33,-55,-29,117,-37,84,-118,125,-14,-20,-89,-26,-76,-65,124,145,-51,64,-15,167,85,55,-22,6,60,172,61,95,96,51,161,17,28,-90,81,-60,101,-38,97,70,15,-91,-21,-80,4,-105,118,138,67,72,-28,-39,-62,40,14,-98,-9,29,-26,-54,26,11,-123,73,-103,133,88,-55,-174,57,201,130,-67,16,68,188,170,-88,-50,113,-106,59,106,15,37,40
273,1,61,91,141,-95,-35,-103,182,45,124,116,-8,-34,7,-10,143,100,-40,-46,-19,81,121,133,236,-6,60,155,63,62,-71,259,97,-16,187,-12,101,80,-8,141,77,40,168,-85,-125,-10,60,115,67,0,48,8,109,31,0,37,-7,82,144,40,30,-6,-8,138,-15,-79,58,53,102,-95,188,94,224,141,82,-2,136,135,25,84,2,234,152,288,135,169,130,-28,-25,-68,255,59,17,-80,17,25,-66,291,46,-1,184,10,54,173,-103,116,209,34,162,18,81,-132,87,75,63,33,29
42,103,5,-47,20,148,53,128,99,86,-89,47,100,54,8,-29,-129,-57,191,-60,56,103,48,20,22,32,47,-14,161,-182,-151,62,26,-153,136,-57,109,189,-136,35,104,-23,-218,84,97,-81,-86,23,78,113,-35,17,176,16,103,-54,119,-221,-17,83,-3,-140,194,175,-33,28,70,58,-39,-6,-104,-38,-53,-24,54,-10,23,35,207,40,230,108,125,32,-131,-16,-134,181,-44,99,124,-8,11,55,130,-61,138,90,3,19,36,-114,39,-40,34,49,35,-8,124,84,160,53,-18,-7,166,-40,-54
136,135,-128,269,156,94,85,262,213,27,101,57,75,-20,135,5,25,124,222,-62,25,134,15,84,-2,68,170,290,123,56,199,37,-50,-55,97,129,185,-84,-6,22,103,26,90,146,-66,75,12,33,162,89,218,125,212,252,20,32,107,34,227,198,227,149,111,288,-16,-35,124,153,40,192,56,39,28,35,96,-32,-176,141,-111,-1,154,69,53,-6,-2,180,9,4,146,-26,53,-36,159,-61,35,-12,7,119,52,-59,240,-48,150,33,143,290,129,106,67,-5,-23,37,-19,6,87,-15,200
-48,-27,-9,-102,-70,-65,-47,-33,77,44,77,160,-75,142,-123,-12,-61,8,-91,72,144,122,-57,205,89,-169,-22,-8,97,141,-96,67,-57,24,45,-14,96,137,-130,110,-125,23,67,-27,148,70,23,4,0,11,-40,-99,-64,48,89,106,-127,8,-103,-10,-38,-115,-33,168,-10,8,75,77,53,164,-4,70,16,-106,-113,14,-82,-79,56,59,-85,120,27,118,-73,-112,-24,95,-85,14,91,84,74,88,87,-1,212,77,-60,-40,144,39,51,3,41,-60,-196,-19,-5,-123,252,-70,18,-13,155,15,70
19,-125,60,13,116,88,41,-46,50,61,8,166,193,158,-2,-28,-54,100,4,-85,-271,47,138,110,11,20,82,13,63,9,4,22,153,-7,-57,-45,-40,133,176,-20,123,-2,135,102,-123,-23,137,-72,36,-94,-94,-122,-82,147,-53,74,18,47,-9,119,-2,117,79,56,-5,159,180,123,-223,-32,125,-123,-22,-91,16,-51,-65,3,-45,200,46,-109,180,142,-181,-33,-2,-64,66,85,-17,80,-7,96,40,-6,-135,-40,5,126,0,-27,31,-124,37,134,203,160,81,-49,-6,22,-202,56,-43,81,172
-3,-42,162,-184,6,-41,-198,-39,-84,-8,72,162,-77,-79,-41,265,-130,174,-52,-23,68,117,36,82,51,87,52,59,-195,3,-28,19,27,-72,154,-99,56,75,116,-5,89,-89,198,-77,129,-57,-23,-111,-32,2,-127,-82,-131,53,180,-41,63,-63,93,1,-58,-19,76,32,-29,-6,39,129,-77,-19,-4,5,-26,-5,22,-58,-22,-147,20,29,-17,83,-22,-131,35,-150,17,-35,18,74,-3,70,52,91,-23,131,132,-32,124,81,-11,155,74,105,-85,-3,-59,-24,140,-49,115,75,-12,8,-95,-71,40
16,130,11,56,-167,248,-17,92,35,141,-114,33,106,13,137,92,-51,25,138,-133,142,94,95,-2,106,-25,145,96,11,-84,171,-145,-206,8,122,67,53,8,16,22,166,77,-4,-62,82,6,-96,-112,27,-38,-9,-36,-46,-61,23,-100,38,60,75,-114,-145,212,-38,-15,30,-24,33,-70,99,48,-72,-10,-39,-154,-37,157,-77,67,54,-29,50,0,-102,-94,11,161,14,83,-30,-26,36,77,42,-11,10,-97,-58,42,-126,-182,80,5,207,20,-83,50,-48,72,-36,-35,81,-54,242,49,67,15,-5
19,92,-12,159,-69,209,62,103,117,50,164,243,154,-1,67,-75,-86,16,261,-139,24,95,18,162,15,-5,-17,-160,205,27,33,182,-58,-71,-11,126,-117,202,68,202,-86,55,5,172,-37,109,82,-35,164,86,64,33,85,22,-61,145,30,-25,-172,49,35,2,91,123,56,90,-52,-77,63,-7,-23,182,44,-24,-66,-7,-29,-94,10,118,14,-191,78,69,53,172,76,63,134,35,175,40,78,206,105,16,-23,45,-1,-70,125,-38,118,101,-110,71,136,61,35,-19,125,192,8,81,38,9,92
-86,-63,-178,-34,-11,-76,132,-122,161,-89,183,-14,120,-5,111,-22,70,110,-38,-76,-26,-111,13,92,113,-131,96,-95,41,65,-157,160,-116,51,88,-1,-92,76,12,151,-142,-111,-32,-135,108,136,217,-11,-108,-134,142,-8,32,123,143,122,-121,84,-93,-12,-21,17,-9,-38,-3,110,-39,-100,-13,163,-16,36,-42,39,-82,76,29,-129,142,-37,48,159,70,90,68,-9,-56,-29,-53,167,-11,14,-109,112,26,164,71,-32,-56,-120,8,103,54,107,-32,-71,-45,-11,159,-182,113,-121,143,78,77,-48,81
