90,20,-60,-24,35,-203,-164,-77,40,-137,-172,62,79,-125,178,138,295,-190,113,58,13,-13,227,31,119,-93,303,165,92,113,53,175,-1,29,-83,36,19,232,-75,61,-74,-175,-17,44,116,-77,9,-8,119,-20,73,90,244,34,139,100,109,-30,-64,18,148,132,81,57,16,-19,-230,171,243,8,164,-190,-16,15,89,154,-9,54,65,211,-100,-49,76,13,67,114,236,45,79,129,138,102,-119,120,45,-30,144,4,29,71,-33,13,79,147,98,139,156,-32,135,51,193,-107,-9,-286,-24,28,-27,302,192,91,-6,-41,-7,25,34,75,184,146,102,-83,104,145
-13,13,-94,132,105,142,36,31,109,39,-1,76,105,1,149,-119,202,-12,-78,-20,-76,-63,150,-107,-90,-23,19,149,9,205,-98,-30,-110,125,150,-91,173,59,-56,163,-65,-128,1,-71,94,119,5,96,-38,70,171,137,-40,-101,150,83,17,37,29,-3,-164,113,77,91,174,41,-79,96,187,80,65,49,-166,7,93,240,90,44,331,-57,-98,-50,102,157,-80,158,74,0,112,81,356,54,-171,86,75,-30,-26,63,-62,-152,-66,-213,187,67,164,144,108,-95,-79,-17,162,65,16,12,-140,78,-157,38,111,-60,122,236,-4,7,-24,124,79,155,66,-59,132,44
109,184,173,147,183,67,1,74,101,106,54,-2,134,44,89,64,134,-71,5,51,62,55,18,-5,198,36,73,207,178,-154,-71,37,-5,-2,42,14,156,-76,-99,19,-14,98,166,34,113,65,-26,-111,-109,176,-122,68,-82,-81,-42,11,26,40,94,44,51,163,-54,40,156,73,-27,70,34,-130,128,-118,-18,171,22,64,-83,209,53,158,-16,76,116,121,180,8,218,60,7,-26,4,204,106,79,-88,-112,76,26,29,51,260,-91,61,-77,-72,120,39,75,2,-219,76,114,38,-98,-13,60,-80,199,68,7,-65,99,-144,94,75,-11,5,161,-74,154,-86,106
175,-174,78,127,-48,-123,-30,80,170,173,70,26,-32,118,-31,8,89,145,175,96,6,69,147,148,-135,147,71,119,-18,-96,86,-106,49,-130,30,42,63,-101,-150,31,114,-120,-209,89,68,120,-210,40,165,64,-43,-8,-34,105,153,24,-82,-73,133,92,-31,-70,-54,165,160,-130,11,-11,254,-6,17,-138,-108,2,178,169,134,-39,-54,-66,41,228,141,106,91,64,-70,-109,98,106,-90,-107,-63,59,-24,125,132,46,27,-93,127,-107,148,56,1,-157,-63,67,61,155,97,0,35,-113,126,-111,-30,92,-66,-4,59,-19,106,109,95,-57,234,71,-31,59,-106,-201
90,126,-81,62,-49,-190,220,-1,-69,21,-133,8,114,10,80,39,42,31,38,1,-45,43,-9,112,85,163,52,199,115,53,-38,130,188,48,-53,-36,54,-13,38,142,36,173,297,65,168,298,-158,221,87,-24,-79,72,8,151,78,186,-5,66,-10,115,70,40,42,25,-1,-11,83,85,144,189,163,-33,1,11,105,-48,123,172,140,4,-22,119,40,93,27,152,-17,61,83,224,69,126,55,35,-13,-20,-94,-51,55,176,-4,0,113,103,30,173,-104,238,-167,-59,57,64,7,-51,23,25,-133,-19,-55,-54,11,176,-36,-45,-1,81,101,145,-66,47,103,-55
116,81,61,-62,-27,85,228,113,-107,8,-29,-118,-100,72,-6,42,15,193,-55,-60,90,-14,-42,19,-25,43,-12,6,143,-41,6,42,39,114,66,-11,59,-53,-42,124,61,26,25,-23,-126,16,42,-40,179,52,9,67,122,92,81,18,0,141,29,-22,123,-19,-94,189,183,102,111,-30,-40,-92,-55,23,-201,220,91,-73,-54,112,7,203,135,31,-43,2,-2,-109,37,160,-37,-68,-22,118,114,92,87,28,-70,-28,-80,108,81,-70,58,-218,5,61,101,96,-27,52,0,176,-75,46,103,-15,105,-33,-62,47,105,121,-111,164,-140,213,-89,172,91,-93,-37,172
111,-49,91,41,116,65,65,1,92,109,9,36,110,-14,70,79,112,-50,1,141,131,-2,63,118,121,-51,21,95,-143,-118,102,112,7,101,-12,143,-17,18,-136,36,65,-4,-37,60,52,88,-61,65,35,43,-67,-129,11,-74,53,4,119,15,-63,80,99,-48,-33,-122,-25,118,98,-10,-56,-20,50,47,164,124,-21,-197,63,-170,5,-72,71,10,-156,-54,35,25,-33,83,79,62,145,125,100,82,91,34,-6,-74,-111,199,-26,63,80,-47,-90,46,-24,93,-68,54,78,45,-100,82,-4,43,9,-58,21,7,29,-6,-38,-68,-140,18,-59,-69,-49,-64,114,128
-66,-22,-10,-36,50,-73,69,-121,84,-181,59,6,102,24,131,17,108,143,40,181,-12,54,139,-27,-14,58,16,130,-18,-1,-60,-45,83,188,-28,-64,-2,43,-124,143,-107,-53,55,-42,35,60,-39,-44,143,83,-29,-56,-10,12,69,103,-110,-143,-61,133,98,18,80,-5,73,-20,-143,177,-22,-86,170,-62,110,49,48,284,-47,172,33,96,-95,78,171,99,53,34,69,-103,22,187,-65,119,72,-88,-31,-1,-17,-174,279,131,-45,112,115,203,219,110,93,4,-99,129,30,-25,-31,0,-36,41,-120,108,-35,-137,54,143,28,-50,-59,202,219,154,-79,-77,-47,146
-119,58,7,116,71,58,-48,121,57,170,41,155,42,92,117,-37,78,-6,63,-19,191,-41,-63,161,111,-133,-47,72,140,66,-35,226,39,-4,237,-20,150,-5,45,178,-187,175,123,-119,82,114,133,52,-36,90,5,-87,9,176,207,-9,-136,142,-233,190,-196,43,-23,90,-111,139,26,38,61,93,109,96,-57,56,127,193,17,212,-12,105,-19,4,-21,83,50,5,0,103,-56,153,80,-177,13,144,111,98,33,57,-120,140,-14,230,102,187,82,254,-18,246,52,149,33,-48,33,259,129,99,40,78,60,40,-94,228,-78,-27,85,3,114,47,39,62,130,103
27,90,-62,55,123,10,-95,114,40,143,58,122,237,-87,190,-49,-8,4,-6,89,13,82,-135,112,-145,88,-101,214,113,53,-33,48,-8,5,127,62,-99,-66,27,187,-95,68,166,110,142,108,99,-56,-159,62,165,123,-276,53,87,-91,-25,-17,-35,94,18,48,102,-108,-98,172,38,-197,4,73,92,-21,175,-84,-7,14,83,89,130,-34,-11,129,-287,212,84,-68,-121,-101,-103,169,13,-20,66,-118,129,-117,112,77,37,133,174,48,25,33,72,167,-47,-47,-40,-2,73,-36,168,161,65,-73,74,9,108,-42,-91,91,133,-28,42,99,-80,-7,-29,53,28,-44
109,41,150,61,-35,-100,168,187,-17,-54,7,-118,252,85,-69,-141,-37,-136,17,82,120,194,-45,128,-37,-74,91,23,158,12,106,-70,89,-78,99,-19,170,11,129,174,-105,60,220,71,138,48,152,-27,-4,92,-103,-53,204,111,95,24,162,174,-120,163,58,-40,-68,94,102,-2,149,-167,-42,-13,-10,-9,-180,-17,37,85,18,24,-226,98,55,64,195,82,-44,133,-5,237,2,-40,58,-90,135,85,-12,144,-30,30,-29,-142,130,-67,51,-30,-46,176,255,-25,229,-61,-113,115,79,51,20,79,116,78,194,64,35,25,136,125,-13,-74,39,-57,167,54,79,27
32,92,3,-26,12,-13,-142,113,195,84,-95,97,-28,26,48,30,36,280,-33,5,252,-13,-65,5,46,42,14,-141,-24,-84,60,164,-64,-6,35,-20,64,40,-64,33,29,111,28,-56,38,100,93,53,-58,29,75,-45,-101,121,107,-128,36,-37,27,-31,-40,-34,59,-91,98,179,66,28,30,-25,-47,33,-163,-92,-39,-137,46,36,50,4,32,59,102,21,33,78,-14,38,-159,-40,-202,-37,84,105,86,69,28,13,-13,146,122,29,-34,-10,19,45,-109,56,67,101,102,99,-51,178,-71,29,-40,118,-62,44,-136,-25,-66,15,-64,-95,-41,-55,-264,212,236,36
69,0,14,255,61,4,-41,-111,102,47,69,-33,46,-157,133,114,143,265,173,103,47,33,66,24,55,91,134,388,144,-56,31,75,227,15,-7,-93,28,20,-80,163,-92,-240,78,106,126,-54,-78,90,-31,-6,-99,115,38,241,-14,67,51,189,25,147,162,29,-52,159,106,-36,127,232,-37,-137,93,-9,13,88,214,-50,154,182,114,7,31,153,72,379,166,61,-51,300,4,25,108,92,14,155,209,72,108,120,-42,124,52,25,127,69,112,-9,213,119,106,-182,107,102,33,-75,126,-7,-33,160,-38,75,84,45,116,30,219,-16,166,196,65,242,33,-174
67,22,-76,-9,95,-9,44,91,-223,46,27,-108,-29,-86,-61,19,39,87,213,54,-45,119,45,-30,-7,-51,13,88,20,56,46,-178,117,26,-12,105,11,106,-142,100,-71,-60,78,-77,126,47,-216,70,79,-49,195,-27,108,77,40,332,-11,-91,-54,93,-38,52,112,29,41,-99,-54,74,92,-105,82,45,65,-148,24,205,-26,69,-79,252,-23,62,197,-14,0,-116,-43,-89,-25,156,-8,-84,218,176,-79,106,-80,41,38,-73,-10,9,-38,10,183,80,-53,-1,9,82,52,-57,144,-15,66,52,16,-152,-137,-35,302,198,137,32,15,81,67,-66,58,8,-41,167
-58,67,-164,62,108,-350,-26,-123,102,1,-115,84,43,-105,-63,149,-20,10,207,140,142,83,-112,47,6,60,43,-111,110,116,-206,235,-3,274,-62,48,128,72,-149,138,74,58,-77,48,267,210,-45,154,-18,-19,44,193,16,213,104,-59,57,37,238,37,-16,184,38,54,-44,-8,17,42,-31,118,34,-208,179,186,-78,159,-23,228,159,30,49,-38,-42,180,-50,153,-2,-12,13,173,21,13,66,114,55,185,-4,-13,-77,-50,9,-43,38,-66,-34,40,28,-110,29,151,126,71,80,-140,69,31,16,209,-43,-35,104,112,-44,35,-167,193,127,84,1,14,179,81
147,99,32,151,80,74,23,-9,132,-48,-51,25,-13,-113,194,-66,185,28,5,161,191,79,112,88,-5,126,63,317,8,-37,163,155,116,42,3,117,100,92,23,-11,46,152,-163,58,-63,-11,-65,218,-5,62,-17,2,115,168,29,45,173,139,-71,200,-43,-51,45,27,199,73,54,-30,171,69,216,-150,-54,227,127,-176,-80,62,40,237,63,12,89,210,243,144,181,-12,74,4,-62,107,86,204,130,37,21,94,-53,94,119,-33,22,93,179,96,140,-67,103,131,170,122,1,82,15,42,85,138,-24,292,72,191,184,-57,35,13,-35,65,25,61,-71,-22
75,37,-78,125,3,-58,-103,0,67,257,11,218,15,11,-64,-62,180,117,145,36,42,82,29,26,-63,192,38,29,79,49,51,12,80,171,333,65,190,-78,-36,103,20,48,-22,-81,111,134,-108,-4,-65,-21,-21,-116,179,35,108,193,-35,145,103,63,-96,-82,140,154,41,-58,42,-150,137,136,142,132,-9,65,150,218,52,30,-42,181,75,-10,36,-10,113,183,127,1,59,230,-14,-62,119,18,78,85,-55,212,153,-46,59,68,113,24,78,113,82,167,72,270,289,-19,124,167,61,17,12,85,-28,90,-58,186,-32,190,63,121,104,55,75,52,76,-43
-65,68,-26,-163,-60,83,82,50,-36,-110,120,-2,12,105,-98,52,71,102,12,75,108,-48,193,58,-87,-49,73,2,27,62,-40,-72,60,-74,-137,-29,26,217,58,-100,-47,-149,-44,191,49,-31,-21,156,208,20,128,63,80,-93,78,3,100,-12,18,-143,55,-163,-207,199,-10,-78,204,157,143,-29,199,-113,-77,-78,148,87,-69,165,-45,53,169,-36,35,-76,128,123,70,9,244,-29,-26,-99,24,37,1,3,-173,-9,-142,5,-112,46,-65,55,-43,36,-36,84,-15,33,-30,-55,65,-10,107,-117,-11,-207,-43,113,35,-77,80,-79,3,24,223,37,52,-123,-61,-62
144,22,154,-71,86,109,-166,76,26,19,-9,60,56,-86,-21,13,-55,146,-70,72,104,19,-159,-84,-5,-45,90,14,21,-1,40,113,23,196,-17,11,25,88,-52,-3,39,-51,203,26,-215,186,-26,80,-64,59,-45,-4,126,-21,164,-141,161,-64,-20,81,172,-47,30,51,130,215,63,-87,148,154,-89,133,19,45,94,57,-133,141,99,8,6,103,-10,30,90,-22,218,46,7,-53,39,9,89,-39,-12,62,-49,-66,-25,238,-54,31,-125,-88,61,72,-37,106,60,-58,42,142,-2,-2,-6,200,180,18,-107,64,-6,-42,-86,71,239,-85,-51,211,126,-25,40,-176
-79,-84,76,108,66,49,-7,60,34,-110,-7,139,81,-4,-78,77,-90,197,-43,45,142,45,-257,-72,73,43,38,80,10,-10,1,55,58,-37,36,-30,191,205,22,96,80,39,-24,-92,-40,212,30,-43,59,-127,105,-3,3,70,-67,49,48,63,192,107,50,-27,89,-94,39,-107,88,33,-67,105,-40,-41,-27,38,202,135,-21,-70,75,117,254,57,-61,65,-55,-175,131,-17,86,10,-139,115,177,41,125,95,-15,123,91,102,-33,-26,132,-8,-83,182,-231,11,140,161,-172,201,-35,183,125,11,359,13,-4,199,60,-139,-10,133,108,-101,-75,71,150,-22,232,107
71,104,-25,19,87,-1,72,48,-211,38,-134,-72,68,205,93,65,-151,21,-110,112,-144,161,-170,44,157,-117,8,221,71,-136,180,174,147,66,28,103,71,13,58,170,-42,137,165,214,-26,28,-5,-5,-1,35,46,80,35,32,-30,-80,-51,-59,34,186,117,57,105,-84,129,15,-57,-56,114,38,30,-26,163,-33,50,-62,-1,171,26,-21,-24,74,72,-91,181,-57,116,-93,30,176,43,14,43,24,-9,-115,185,-99,237,159,147,-6,35,105,151,72,-62,93,204,10,-129,61,-33,62,40,-44,34,33,148,68,91,-63,76,65,104,111,39,201,174,9,79,26
-174,-128,112,97,-6,13,75,-123,-7,71,94,56,223,-47,69,-58,-31,50,-2,32,-206,28,27,73,-85,-199,56,-5,-106,127,107,55,43,-74,81,-223,15,120,20,-147,-43,74,-91,77,-100,7,-16,-133,-95,-9,148,-66,46,17,244,129,-29,-12,189,251,-48,76,179,54,16,32,62,-114,-78,-5,-53,137,1,52,210,97,-75,38,172,102,96,12,76,73,-106,-42,29,188,70,65,26,-97,70,-162,30,-136,24,193,-21,34,-33,-7,-109,69,175,100,115,45,43,157,43,-154,-4,146,142,42,71,-21,131,124,-27,-16,-9,-58,-59,-147,285,131,56,-2,36,-80
93,-31,74,77,62,-135,152,21,144,-72,21,-54,109,-3,-68,39,12,-102,-106,-39,-30,105,24,-60,-14,-78,-30,-156,-47,242,-81,71,231,124,101,61,97,-127,173,23,-14,-55,96,-185,128,70,-84,-23,107,-72,-42,27,-111,53,-113,86,114,28,94,45,127,-25,-127,-18,-68,-23,-67,140,-105,-113,-41,-130,96,110,-110,28,184,-35,-59,-100,53,-64,151,90,107,239,69,90,41,66,-119,93,-63,-67,3,72,33,67,195,-17,-83,142,-111,-1,-137,-159,206,38,-33,-203,-138,72,-80,114,-16,26,-56,-60,146,-106,132,42,-25,91,-71,90,59,-22,-50,-14,-53,100
-13,-52,-79,48,-165,-95,94,-116,183,-38,-126,5,148,-54,65,-60,-21,70,-65,328,4,106,-90,218,87,41,38,265,31,-6,-46,145,-29,49,-106,-132,-82,3,-33,118,176,52,-31,119,-34,101,-8,106,130,16,-105,-16,97,-47,35,-136,39,92,109,-32,28,-58,47,-53,135,-36,79,-159,16,80,56,-152,171,83,112,56,85,93,121,109,0,-33,-68,175,159,275,76,114,72,280,-7,14,115,-85,124,31,-132,83,81,173,-7,-172,-79,37,-53,10,30,115,42,-88,48,90,-85,148,-36,-9,-64,60,39,277,-77,-63,164,81,-111,233,238,7,-154,102,254,-86
185,229,145,143,-130,-155,86,169,89,74,-102,15,276,-120,49,6,45,-11,162,24,-3,-59,19,113,159,13,225,160,-149,-103,-14,190,224,129,-2,-68,100,23,-70,180,-18,112,33,-18,156,173,-93,244,71,71,74,88,34,206,41,-34,193,249,-1,191,-75,135,29,38,227,13,-3,45,-9,89,32,-68,12,-130,73,-24,28,148,-71,-105,71,274,-67,135,-18,215,48,-118,42,22,73,-63,-42,132,85,137,56,131,104,-67,60,180,126,31,36,-95,79,47,33,17,283,271,-159,-27,18,154,17,20,24,108,-113,41,79,-9,49,90,-90,-144,-84,7,82,26
211,-3,84,152,-24,-102,-141,-75,330,168,141,71,174,-13,90,-61,6,44,-17,93,-15,80,-11,-89,-32,28,143,171,8,-53,45,-60,84,169,134,-139,100,-20,-39,-116,50,12,34,-21,155,88,-88,103,-43,-110,10,89,-85,20,38,-103,75,142,268,-29,33,-74,16,100,-76,-74,-271,88,173,164,29,-41,24,74,85,16,-30,-43,47,81,16,199,104,209,124,52,12,-27,86,29,24,-115,32,24,-125,-88,6,-25,72,-119,-18,132,33,27,67,20,49,39,-111,-1,-16,62,-124,-13,-87,-28,77,124,-145,-118,-56,-6,-86,-94,66,16,23,130,70,36,-97,103
-11,200,104,72,-31,-157,169,-12,-1,-51,-18,-120,-47,-173,-52,-41,138,-45,-20,-70,89,5,-29,-76,86,-10,-66,137,161,128,-16,137,92,26,-33,49,34,156,29,101,92,112,107,-76,85,144,-149,55,59,67,15,67,39,6,30,63,45,-71,-147,125,98,-38,-32,-12,13,68,-12,119,-93,197,-110,-17,88,8,-61,-139,-170,4,-185,4,-52,119,113,153,145,-35,149,29,-46,-14,16,13,4,-16,65,-4,-172,-4,-233,190,98,112,107,-3,63,91,-132,-107,150,80,133,164,-82,22,52,254,39,-40,64,-57,67,169,-85,-38,80,240,-56,105,-30,28,257,93
15,118,77,68,52,-30,29,104,-63,-58,197,238,108,-1,-47,-43,-166,84,-35,78,-98,-38,-33,-126,-96,166,60,16,-24,-4,-14,49,12,127,78,215,255,156,35,164,40,52,153,-131,87,204,11,67,172,-9,-12,-81,9,-64,121,13,49,170,161,-105,115,72,313,32,102,-68,-31,82,223,103,134,272,-68,125,145,157,74,116,190,26,-135,-51,182,-27,30,198,180,-97,179,77,8,16,-61,122,156,32,-41,31,109,-69,10,51,151,191,-106,178,23,53,-69,-41,41,92,34,-30,87,-25,124,174,-70,39,112,155,-81,-89,214,16,-168,-63,89,-84,191,144
177,-77,240,64,-4,198,-31,-129,-19,-50,33,-74,-4,184,-51,-82,52,-68,93,112,45,-61,150,-7,104,-136,51,-30,-12,-80,-80,23,81,70,102,0,46,56,80,222,-71,67,108,6,-109,-125,93,25,-10,131,-5,31,127,56,-28,-133,220,68,45,37,186,85,113,-164,74,28,127,-84,-35,239,129,189,-91,190,127,-32,58,72,107,-58,69,18,-73,-38,83,-134,116,-70,40,-87,60,31,80,93,-94,1,127,-51,-86,51,90,71,-55,37,-88,108,-26,-120,160,-15,-176,67,-100,22,-87,-59,-106,-4,121,93,57,-98,-1,-43,96,30,-12,33,203,-40,110,20
-6,133,51,18,-59,-24,-163,-65,145,39,109,68,190,-117,108,31,10,-12,69,14,76,-11,-49,31,-57,2,89,238,-140,37,52,36,108,-41,41,-105,29,82,-55,-32,-22,-12,-26,59,-21,183,-97,97,-31,37,74,139,-141,-54,159,-65,84,93,11,101,32,101,1,11,63,111,-59,-50,60,60,61,64,70,7,49,-100,-11,56,9,60,69,138,11,79,-57,54,82,36,141,1,113,-2,-21,89,59,54,2,73,-2,220,-69,-60,-46,76,62,114,-185,161,16,-102,84,197,43,211,-57,49,59,-1,-31,152,-98,77,-7,-123,109,-50,19,-44,-99,-9,52,25
-38,48,-118,46,-98,-173,127,-97,4,-21,65,-103,-1,56,-13,108,240,-17,128,194,339,63,12,3,113,-117,299,195,-28,37,-2,257,-17,-89,95,-45,53,-1,-47,-95,47,-19,31,-25,196,63,132,-12,-117,71,30,73,41,125,253,31,142,177,-67,232,-124,-80,-97,127,50,24,-46,110,2,-102,-25,-51,64,34,235,21,144,25,108,91,130,68,49,296,-95,-13,-86,170,19,-24,175,127,2,41,94,-61,70,54,-43,64,52,41,205,47,-140,64,167,123,5,-6,-114,128,-128,-217,40,14,-12,214,76,-26,15,58,-291,21,-56,82,-52,160,-39,120,-104,65
19,62,41,119,-54,31,-142,284,47,90,-31,-31,150,-23,135,-50,-163,81,-35,119,-72,5,67,9,1,-136,-96,193,201,-202,4,-9,-163,-47,-162,61,8,53,-121,312,-141,143,26,-219,103,49,-102,-134,69,13,145,20,-129,54,5,-47,57,24,79,-50,50,214,-44,-25,-50,29,38,40,140,146,-24,-49,-70,-6,-16,24,42,145,-47,202,252,-48,-58,-21,113,-28,37,-83,145,-81,36,-27,36,-79,-109,-43,209,64,158,-6,69,-173,9,116,65,154,-111,58,1,2,-55,-89,146,108,125,103,-33,-34,-30,176,130,43,50,136,88,-2,9,229,-13,-22,-50,35
-37,-74,80,110,42,7,-106,103,88,118,106,-67,-79,-43,-8,-84,-125,160,60,-89,-136,24,8,-116,122,-117,-63,-29,-105,-53,65,226,-130,109,186,-18,264,87,31,120,88,-95,6,-194,33,91,55,116,-116,12,-84,-304,86,43,45,53,45,-111,97,69,-9,69,253,-42,9,-130,90,-15,39,171,-36,45,128,45,-15,137,15,0,164,-73,-20,-37,55,1,74,132,29,13,26,-50,14,-106,51,-61,234,63,-51,-170,-99,6,-95,73,109,114,187,84,80,-38,20,19,110,129,-44,189,26,-5,81,75,18,31,46,-22,120,-161,249,-51,132,-75,77,71,52,14
-12,108,115,93,69,168,-58,-68,52,59,-166,194,114,-158,21,-135,-36,107,75,131,15,-94,-122,-2,38,319,129,116,93,50,-23,131,67,-1,35,-115,-40,157,123,49,97,7,81,-46,3,-39,122,68,105,12,125,-181,206,67,189,176,214,104,62,86,-91,-126,200,74,88,27,16,1,4,158,-38,163,-76,-69,53,91,-182,27,165,55,46,-24,66,10,-46,95,167,242,2,-28,35,-96,129,85,237,-68,-19,76,35,-20,69,28,-20,87,-65,215,17,-106,164,88,3,117,-42,99,-5,189,122,-124,119,6,216,104,7,172,-49,-22,80,-23,225,103,210,-26
0,31,-177,61,-121,-218,-60,-26,83,72,-93,67,88,85,-26,8,16,1,-29,185,16,39,-70,-13,-33,-75,261,-18,59,-46,88,85,38,146,53,12,62,92,74,-55,68,73,-138,55,135,-50,95,247,38,-120,170,-24,-27,208,113,37,50,121,156,-35,-38,38,-50,64,-75,-112,-48,83,190,26,118,-142,31,-31,3,88,135,148,120,-53,75,-19,96,177,192,54,-173,-169,-39,70,-26,63,-69,-25,63,293,16,67,-43,125,43,120,102,14,21,90,-11,-33,-37,167,-25,75,14,91,93,-149,125,188,-34,171,-9,-130,-80,12,63,11,77,43,-27,-72,195,200
13,121,67,195,-5,-16,-51,-78,218,-15,-29,167,-58,-260,-18,40,176,70,51,17,33,-99,-60,70,-9,152,100,163,238,-28,-152,65,210,169,73,-9,200,365,-14,140,166,53,188,-11,34,94,69,142,28,-15,-32,47,100,162,163,-7,-8,59,61,147,98,42,188,-118,121,-38,29,64,14,158,108,131,21,52,93,202,-30,172,294,349,111,211,112,213,116,139,69,-53,-16,211,-24,80,229,105,246,131,-131,49,83,145,0,-87,134,122,170,242,66,-52,-28,17,21,136,275,42,93,157,56,30,31,57,-55,326,-15,208,-9,129,111,192,96,116,292,-4
3,-88,-101,-111,25,121,-95,-61,-13,-95,150,97,9,27,77,-21,54,-90,-100,-151,254,186,166,73,32,34,238,-10,12,62,-93,5,-44,2,-30,-8,34,-8,28,43,-26,-25,90,128,59,1,168,58,68,134,82,75,-69,71,20,182,129,59,-29,-111,-83,-15,135,110,98,60,-26,-92,102,-56,26,-24,-2,-43,-145,-64,-35,64,-16,-64,-51,88,-1,90,-118,7,-65,15,80,-82,230,-73,-175,-1,-90,155,-49,197,17,-22,49,-127,131,-15,12,24,-64,101,-22,-96,-106,-14,60,-136,-90,-30,64,-41,-171,-73,16,-7,70,-145,-30,-9,3,-101,-38,221,-51,55
59,209,86,151,65,37,245,-29,177,147,-16,201,237,89,38,61,35,34,-15,149,89,106,-7,44,-48,57,271,77,68,113,0,-21,-81,57,-73,-1,92,278,-147,-40,61,58,41,126,2,19,158,79,83,-39,63,-152,75,-4,269,-33,74,6,161,-51,61,14,77,70,264,177,-2,77,78,-45,63,170,75,296,-24,218,-15,-85,152,45,40,-22,-78,51,-10,280,183,93,12,92,147,157,80,55,-2,40,120,138,-44,59,57,19,176,-57,67,90,361,-49,160,192,68,70,0,163,111,149,108,251,18,-105,-85,133,151,56,50,85,121,7,-36,10,211,-9
14,99,-156,-155,-240,-204,85,58,-23,-11,-43,67,150,25,-75,17,-16,-231,-85,36,-132,1,-50,24,-4,-28,0,190,4,-31,93,-88,3,31,-51,-6,-69,149,-26,54,1,101,170,-48,182,-5,-1,-13,249,-119,11,-106,-14,-83,109,43,-43,-56,-59,97,111,45,64,-172,-57,5,-16,35,31,-26,27,-35,94,89,178,-2,110,-95,-59,18,-113,47,209,-42,15,-61,41,-78,30,178,84,97,11,4,-4,22,-64,35,86,126,57,-49,72,136,82,128,-185,-45,28,41,143,29,104,136,-41,-14,65,195,52,-157,39,12,-87,-25,-5,96,73,133,-85,-13,150,37
-21,-109,45,-95,-103,-156,-54,1,27,181,83,-119,143,40,-130,39,-164,163,-5,-18,100,-13,11,-68,97,-18,101,-28,21,-65,124,64,70,-39,-135,-120,30,266,-8,-61,108,-37,-4,133,36,-76,78,225,-22,15,-51,-54,42,-17,-47,29,170,54,2,-35,-121,9,110,3,18,-83,-89,-155,85,-21,-108,16,-110,-176,-46,34,-106,169,37,-16,20,137,248,-69,-28,99,60,-108,24,-25,-14,-177,38,-54,-25,174,-243,-80,-9,-118,-58,68,-22,57,158,140,-12,-199,190,75,4,172,-142,27,31,2,177,146,-78,136,63,-167,-4,-25,206,-46,212,-163,96,45,117,-78
123,-6,-39,-150,-197,79,-45,60,16,90,-84,52,79,259,-154,-129,97,24,92,49,144,69,-46,108,62,28,-63,-28,-78,87,-36,176,-79,-29,-46,-20,52,-49,70,139,127,77,132,-18,37,43,-39,81,45,-2,57,-66,-79,-7,3,71,-47,-68,106,171,-136,-18,147,38,-189,39,-25,-69,6,-41,-22,-2,11,61,31,34,-91,-18,-18,-35,-93,66,49,14,-113,-44,-54,79,74,43,53,149,40,-12,-30,-6,38,-64,-104,255,-88,-66,-87,-30,2,84,-199,-96,-152,27,-5,154,-48,-10,-174,97,-87,18,-20,44,53,100,53,-141,-122,71,-30,-73,-97,-22,105,-164
98,-85,177,-9,-132,23,179,100,-169,-16,141,20,98,54,27,-79,-103,78,-155,27,-82,142,55,52,135,154,-101,-2,-14,108,52,41,46,26,-3,0,76,-120,127,266,-180,-116,135,-3,-79,264,-72,17,-119,90,-51,26,51,211,-3,42,43,154,91,-77,61,26,64,38,92,-60,45,-43,87,48,-13,8,-26,88,-45,121,-20,170,72,-28,-129,-48,55,94,98,238,-49,-58,112,56,188,-191,179,-86,-38,122,2,17,194,16,263,-73,11,-31,-110,-15,60,-38,-150,-4,-35,-1,-165,-85,3,-43,128,60,149,-186,55,218,21,-95,33,66,63,-2,212,150,-118,-66
284,5,-29,174,-126,-10,-81,52,-16,152,-31,182,122,81,-124,52,126,-104,-65,186,74,287,24,-10,322,-36,96,-41,2,8,43,50,71,185,163,207,-50,214,12,96,66,112,165,90,20,67,-137,-44,-72,140,-1,44,179,17,92,217,-92,149,95,175,91,-61,32,-11,169,186,-119,40,156,158,57,109,-100,83,157,-15,113,106,1,67,62,139,50,13,-10,214,13,89,113,72,187,-5,163,102,45,111,80,38,-106,-46,183,-102,-37,65,97,97,15,0,-39,-11,29,97,-5,-67,-65,78,-95,13,-56,68,179,-42,-104,-147,56,-64,-72,-140,43,96,124,282
5,192,-222,-111,8,140,-104,120,144,177,32,22,-17,20,-104,58,4,241,98,12,-110,-63,12,-56,-131,169,2,86,-11,-176,82,-136,33,113,34,87,-140,283,-45,-75,-29,152,-15,44,32,-76,95,95,3,175,64,23,114,-2,42,101,5,-38,29,22,-131,-61,106,99,100,-67,203,-67,161,-117,2,-115,73,-93,-11,79,-45,127,-17,59,78,-52,91,-58,80,163,-69,59,-24,-112,-51,19,120,47,-23,156,-237,-14,38,17,26,100,-38,44,259,-4,-18,-51,28,241,129,63,228,100,169,-61,213,-196,-144,31,-70,85,59,-89,-26,-71,215,52,-85,11,-41,-86
40,142,186,47,-7,-52,9,123,49,26,165,149,37,21,166,-164,-73,-52,75,54,-64,65,62,70,-11,3,-40,95,13,-19,-36,-4,-113,156,-66,-37,-73,168,-26,-20,60,144,141,6,229,4,-60,-40,-16,-83,88,-143,-64,38,180,0,44,122,-129,297,-72,-68,121,183,41,213,-38,-20,-118,-75,80,150,104,247,51,-59,82,-72,21,186,-33,-89,-144,97,91,88,114,-107,-39,28,-20,32,82,11,-80,-132,129,-68,66,34,37,105,173,-4,182,165,139,4,-72,-106,134,-68,-23,119,158,183,80,100,157,-71,65,135,34,102,-10,135,-185,-49,-19,-63,26,84
-21,-176,21,-30,10,50,60,104,-27,79,19,-79,69,-1,-67,45,-166,157,2,167,-22,-158,-3,55,41,55,29,124,-11,-91,82,-97,166,-182,-167,-95,228,-85,25,13,89,-43,-41,-52,174,-139,-198,73,61,81,-86,-110,-20,-4,-104,135,-111,115,373,4,134,-82,83,98,26,-135,252,2,-65,166,-148,-218,-78,31,203,136,45,114,22,-69,154,31,32,-66,54,31,169,49,152,-87,-20,-8,212,-145,82,121,-74,-159,31,-6,-159,125,169,23,57,-34,-24,46,61,195,-88,-116,-90,-131,169,-94,-10,203,-99,73,68,-191,-44,17,3,-94,61,83,76,-107,32,-128
39,177,44,75,5,-90,135,-18,-141,186,-7,-16,119,-64,-48,-16,3,34,38,72,-17,104,-147,75,115,39,-5,142,71,233,35,123,174,46,-43,166,-34,-80,-39,150,57,90,-41,180,-15,159,-54,112,106,167,20,-92,42,123,168,111,-4,208,30,138,86,-9,38,-93,155,1,-16,4,-65,8,92,66,61,119,-8,-146,6,137,-87,-38,-8,122,-39,103,171,3,43,66,24,89,186,139,110,12,135,30,-66,101,-73,167,78,23,-8,58,-6,-35,57,115,-3,148,90,-31,-89,23,100,194,-63,41,101,79,151,153,-31,23,-83,208,178,106,23,123,200,78
88,-46,63,30,57,28,-59,-15,-23,35,-53,68,139,106,177,109,144,113,-118,94,79,25,-110,12,68,-45,27,47,86,-129,124,91,137,-41,146,19,8,70,14,102,-34,60,5,-15,56,5,223,-75,83,-9,102,-112,-144,18,89,72,-36,-70,79,79,46,-59,-6,-68,63,163,190,-87,15,-91,-27,-5,-80,-86,210,6,250,100,29,-7,-5,4,-75,-116,-6,139,-80,106,20,-41,17,49,81,-12,-32,11,49,53,-25,55,-5,66,172,80,84,199,-4,76,-79,221,-9,-41,-102,59,90,-223,14,45,155,108,-20,-61,157,-40,-17,-70,-36,23,9,3,113,-22
16,155,57,-65,-216,115,46,-86,65,48,60,114,90,-2,-118,-66,-20,-104,102,-149,-11,-37,-27,217,-6,-47,38,9,75,3,-98,84,-47,81,43,53,178,-82,312,194,-51,112,1,100,-204,101,-22,37,40,143,-200,27,162,0,-118,-48,180,55,154,111,36,4,101,58,-4,82,41,1,8,103,-164,95,41,81,-27,-114,186,152,-71,-21,-35,153,60,-58,231,25,-84,175,108,-28,11,35,29,257,139,286,-87,-56,-39,240,92,85,-109,73,-256,67,43,-92,56,39,203,138,-46,32,-2,212,-130,-61,25,162,68,-37,39,41,-44,13,-143,-59,-228,61,89,-67
21,111,19,14,35,154,56,150,62,18,-109,33,8,65,66,-74,-26,239,-47,27,62,-47,-182,228,24,29,-100,99,127,50,-49,77,138,-57,60,36,75,-184,47,-37,30,-1,-19,-26,50,18,-4,168,-24,77,-9,-171,-82,219,180,-78,42,74,37,9,-58,41,9,-139,-149,-11,125,13,54,16,58,-206,2,163,-33,-120,-82,-35,-85,-85,132,-78,-53,131,49,7,193,56,-39,25,-18,33,119,-117,7,-144,11,122,-121,165,85,72,90,-15,42,-9,-4,139,-35,237,-107,-138,77,131,-48,100,99,-1,145,30,-65,76,51,8,-73,165,-83,95,6,32,137,-83
42,-71,4,40,-69,-81,147,-37,-5,-23,99,-31,37,132,1,-109,-13,28,0,89,73,30,-31,-50,8,-15,-26,125,-148,76,157,130,-178,-90,42,19,53,258,-17,80,58,51,-144,-11,-165,120,-13,125,72,147,-63,-85,60,46,115,23,202,-38,-78,206,84,-72,-28,65,290,126,223,58,34,80,100,-6,44,117,162,-29,-26,172,76,-110,-110,165,73,147,110,135,-92,230,55,-42,136,83,5,70,192,73,208,11,-81,64,85,-108,22,-94,-75,55,151,-73,279,223,216,107,-182,45,79,56,-50,166,156,115,80,8,47,-30,248,61,164,-8,-118,27,166,-103
-8,64,138,140,-1,-58,9,-79,20,45,-44,-100,49,-133,125,42,133,-26,-95,86,17,168,116,-69,56,4,169,203,71,152,56,-10,22,121,-85,-63,-34,-12,-54,124,-92,-88,185,-24,256,59,-158,-22,34,-14,-14,-13,-178,-1,2,106,163,-91,-8,69,-6,-72,-76,-45,-4,171,-167,97,-159,45,5,129,76,103,-12,127,101,-89,110,-51,65,10,5,189,22,155,164,-110,123,89,88,-47,56,92,-48,-36,-67,153,-54,-11,23,14,130,174,-86,90,72,63,-66,-209,2,82,-96,99,-39,-4,-92,-30,174,-110,42,259,58,233,-26,33,-4,124,99,52,-32,-105
-26,209,-53,121,-70,144,130,-116,154,49,-51,81,-18,132,7,-42,16,57,-107,-41,61,66,-1,59,81,-93,-179,173,125,15,-95,43,-34,160,110,22,418,260,-141,167,54,59,128,59,81,244,54,4,68,63,-20,-49,230,-8,97,181,-92,-19,188,113,250,40,43,67,218,97,143,72,134,181,-26,98,110,215,111,122,-187,50,87,172,109,51,28,190,178,30,108,169,67,216,113,71,62,129,62,78,111,5,28,187,-3,-102,86,50,253,37,-46,-11,69,116,54,149,114,94,-127,202,254,-36,78,-38,84,26,74,50,160,40,175,250,152,212,238,133
-207,54,173,89,-13,-73,128,103,51,136,69,0,-21,-121,140,57,44,5,-174,-65,-21,-118,-6,100,-34,66,-62,108,-35,-73,28,-7,88,-28,108,-17,143,21,20,-3,32,5,-30,-21,29,126,-26,-21,-37,14,-24,-6,52,103,-57,116,13,53,183,36,-60,-13,232,8,15,-142,81,-111,24,157,-151,2,-98,102,-8,-66,35,-35,34,34,-103,-36,37,81,167,78,49,57,145,3,18,-69,94,60,-1,55,-98,135,166,59,109,97,126,66,41,-14,10,-101,-136,102,32,-156,-47,19,-71,-3,188,-95,-122,-213,-59,154,-36,160,-123,-182,-30,83,55,139,-15,126
-138,127,85,2,-173,-71,50,-127,101,8,-4,70,15,-55,-148,-60,-14,-108,-40,-86,-77,-75,91,-2,-11,-3,-169,15,35,98,-118,62,30,-119,153,-26,50,-122,162,105,8,4,179,-103,-2,-30,-18,-181,-72,-42,31,-29,-25,96,24,144,84,118,-65,227,-67,-90,-30,24,-17,188,27,-127,-96,53,-19,88,11,10,-21,-19,27,-44,-44,78,138,133,-66,107,-219,127,-131,107,-74,12,-109,57,176,29,44,5,15,79,74,-121,200,-12,3,28,50,159,20,-119,25,-74,75,-118,-1,1,-31,49,-27,-64,167,-127,15,-31,6,-106,-66,-4,-94,12,10,131,-14,29
-79,164,18,-15,86,-62,92,-13,152,-76,76,9,92,-27,7,54,110,40,64,121,39,12,80,-123,38,-144,-23,83,21,-14,-43,163,-219,24,-78,132,35,152,-18,158,36,111,-1,11,2,119,71,38,47,-67,-34,-131,162,-89,44,-189,128,72,96,-31,130,178,-3,-242,70,-36,98,107,192,22,10,70,216,97,-165,36,65,-6,141,71,-96,-99,22,-35,156,24,130,116,-92,-4,128,216,15,138,32,26,-42,-247,-22,157,-14,61,40,65,-17,110,223,86,68,-39,73,108,13,86,116,57,80,204,-116,75,-63,137,-16,2,36,0,53,93,-176,83,-80,31
-144,276,90,91,-120,-263,110,-92,-44,144,-44,120,-137,50,66,57,170,15,-35,-65,31,8,-15,2,57,-91,-31,104,-90,88,-82,199,-75,-23,65,49,-45,-20,35,3,46,119,-21,76,113,183,-58,116,54,-115,171,97,2,161,-78,-130,-73,26,-58,-3,-134,80,-11,-148,35,-62,-148,-29,62,151,2,-40,-44,-23,-80,11,106,146,133,-30,-62,-55,-29,89,41,-48,-71,-100,187,205,190,-9,-17,-3,12,-28,-81,162,-10,96,56,-111,-41,-73,-238,56,-127,65,-57,36,30,-42,-35,27,-104,46,-9,37,68,93,-13,89,-10,34,-103,90,4,236,-3,157,-49,-4
32,49,61,22,161,-92,60,-70,158,-65,31,69,14,225,5,95,124,-10,8,-67,2,-10,79,-39,-78,13,35,-198,-57,59,-132,64,173,131,41,155,11,163,29,-150,157,22,-18,-2,-55,177,47,20,105,8,-124,123,44,62,121,109,93,107,56,164,-109,23,173,148,-125,107,48,39,28,-33,32,46,59,238,13,76,-47,9,-24,-56,55,-106,4,86,63,75,209,36,198,73,60,101,-113,67,-56,-24,-82,-5,-124,1,-8,36,-35,71,-65,31,-17,-11,-26,49,23,175,-28,-54,-75,129,83,114,141,-26,37,-26,51,-84,73,-63,-2,53,-57,-71,-104,-50
41,-77,59,-127,106,54,11,35,-1,-90,-124,104,97,-225,-5,44,62,-14,143,77,-229,-97,-112,-16,-36,291,36,22,-124,-32,-31,-14,121,133,-61,14,49,15,61,107,-97,30,-108,-10,-115,-147,-10,74,0,-26,58,-2,149,92,195,184,25,74,121,131,34,93,221,190,-108,-89,-67,293,-101,-78,8,-42,93,48,153,-50,-96,91,-6,65,-63,-43,61,-94,57,56,50,104,137,37,45,-49,149,22,116,-24,-172,97,246,81,4,27,-118,44,120,145,98,-102,-180,22,182,35,184,-165,11,38,16,-14,9,-166,109,-26,57,-19,-100,20,91,-208,-96,74,51,138
-90,45,-145,134,114,-35,149,62,91,274,20,-113,-9,-110,-100,9,17,-84,115,3,180,181,-48,86,-29,-39,-52,264,127,-98,46,80,-110,-7,-167,-58,125,131,-214,57,64,156,-53,84,84,-118,-4,-43,-16,112,47,136,72,41,-34,0,31,13,83,18,-140,6,22,-4,-36,-7,250,-20,-87,-96,-128,-138,16,1,-48,-166,-108,93,8,55,-7,116,8,19,41,0,-47,-16,-58,-207,0,-45,-28,98,-27,74,25,-89,13,73,55,145,34,29,254,-117,-20,-79,-3,87,121,133,42,-35,165,181,-47,-7,25,55,13,-30,-129,17,-143,-5,86,-13,31,126,71,-24
-19,243,-38,-82,1,31,23,23,-48,11,-23,229,-9,-60,0,46,120,-69,17,15,118,90,168,77,20,53,79,166,212,44,9,-42,193,280,61,85,-21,90,-63,21,-2,-13,99,-98,54,75,-49,34,135,-108,-42,24,116,28,204,101,-40,-63,-124,101,83,-76,171,-64,120,115,21,94,71,-78,34,-47,64,88,114,133,-18,-38,50,270,-32,-77,137,-80,-27,162,283,-32,69,45,21,53,37,6,22,-129,-40,-111,12,-29,-29,-71,43,119,153,67,20,250,-54,12,50,83,23,-81,-1,137,-6,-33,68,-50,-22,185,-194,-78,-42,97,-12,268,136,-130,4,-22
-122,-72,-43,-170,100,-11,63,43,-49,-18,69,97,-113,-82,-6,35,40,86,26,0,109,2,-125,-63,-7,118,-22,102,133,-71,-54,239,189,48,-112,52,105,-19,168,-93,116,-56,-75,15,-142,133,22,189,-14,-158,-189,132,-80,23,-101,85,-114,126,161,152,5,-31,115,-40,72,10,-33,-58,-16,44,5,3,155,-11,-1,-58,10,156,166,72,-69,39,171,5,128,19,86,-26,-109,117,-108,-2,38,83,83,116,-145,-251,-3,127,167,67,108,175,126,135,105,-4,-37,122,-42,70,44,-193,122,178,62,-5,16,-32,24,52,-207,-78,-114,84,114,149,13,-102,-60,-18
-139,148,24,-77,3,-191,163,20,-20,-149,-43,54,-57,86,113,-51,25,-59,-7,-74,198,-46,76,157,-43,-16,39,25,65,128,-112,156,-119,16,-10,-101,-6,141,82,144,30,18,-5,50,137,26,226,63,163,36,7,-53,16,29,186,-109,53,-1,-88,-81,85,77,93,-131,2,95,158,-54,81,104,-105,1,-188,-14,31,39,19,157,-75,-5,-129,-89,11,-30,37,70,249,104,-90,2,-53,94,-101,-35,38,19,-8,-9,53,119,68,44,37,16,-13,162,-20,16,169,7,248,50,-92,175,-119,30,-152,43,76,39,-103,169,-31,110,16,78,-33,-59,-220,21,126,-19
101,-57,141,-20,-4,254,8,-98,95,6,93,118,-81,-113,105,-185,0,217,44,147,-16,-55,51,188,-245,180,122,133,149,-105,77,98,-63,44,-35,16,-56,46,-106,186,12,64,-37,184,-24,-26,22,74,23,165,12,41,55,37,161,-112,150,-59,-26,-12,17,27,74,-8,86,-22,58,118,192,56,37,76,-163,133,130,-78,74,93,159,123,148,-110,195,14,260,-15,163,-93,111,-66,43,-108,91,-11,-39,42,-34,-23,81,214,88,-13,34,82,120,212,-44,-10,83,83,-77,-40,105,157,163,65,60,142,10,14,97,190,97,55,-38,170,233,331,94,5,-23,-141
139,-53,-10,-77,43,-108,0,100,73,223,-119,-11,78,-101,52,88,18,45,67,125,-14,-98,-85,-2,50,-39,79,-61,75,-56,-20,65,85,-12,-91,-95,104,-4,-128,-171,-68,177,-159,-104,37,-66,44,40,36,-40,91,-64,74,-20,169,-4,-107,-50,214,-112,-45,178,31,2,136,152,13,117,107,73,-21,-97,-40,-113,-104,64,-134,144,-14,4,-126,68,225,-120,-108,-75,21,68,-26,6,118,-55,156,-86,-26,30,-10,-112,100,-8,-187,88,-58,47,77,84,44,241,-112,133,83,-116,-112,-76,120,-4,89,174,-81,93,-86,22,-96,-8,-3,12,121,13,-3,-102,90,125
-89,-18,-28,-35,-107,111,-80,-9,194,79,69,81,-54,30,-4,-121,144,39,0,111,108,-79,-14,-26,-22,45,-81,120,62,-59,-14,-95,171,-106,14,62,139,44,37,-31,-51,-116,-104,44,152,73,2,100,114,5,56,-58,16,-19,-7,111,-94,125,43,129,80,-96,-35,109,23,-118,55,127,-55,189,82,-4,192,104,103,-18,134,45,-158,209,126,31,-3,87,196,72,56,90,55,35,-63,27,162,231,-31,55,-131,-10,69,-75,-114,-15,61,273,227,81,4,-59,37,10,101,54,77,176,170,-137,79,-69,-117,37,-28,221,40,14,37,9,195,32,55,86,39,14
56,-20,45,46,186,39,-48,125,40,85,61,-13,-99,11,71,99,137,134,-48,300,-83,60,37,2,-41,44,8,5,9,0,95,106,-37,88,88,2,25,11,-61,-29,76,-56,-80,57,53,19,-203,-75,-57,147,90,3,174,-67,29,39,-8,-34,172,66,182,-77,6,162,-1,-28,-18,2,80,120,95,-4,-75,195,211,225,20,-15,121,47,48,-174,-7,48,202,0,100,13,188,282,112,46,166,-203,73,-61,-45,124,-6,170,96,-12,167,-3,247,41,144,177,-137,74,-56,-138,60,-21,75,-77,-19,-3,-63,-125,26,135,-44,88,80,68,181,138,141,-42,19,-19
-45,-19,73,-146,135,202,47,43,105,-74,-18,-76,120,56,-7,68,65,186,-159,125,25,-87,81,-124,-81,42,66,-1,-181,8,25,158,165,50,-55,-30,-44,35,-13,28,45,-65,-71,-4,6,51,-34,120,118,-133,77,47,-127,-118,-126,-7,-74,-23,70,70,-33,42,-21,80,130,-127,-2,65,2,14,-86,-132,-93,-46,-58,144,47,51,155,45,-48,-132,99,-32,122,73,271,95,73,23,160,-68,-17,-55,-52,133,-114,75,135,167,-65,78,219,20,150,25,191,19,23,132,-101,147,-29,246,143,10,72,-31,21,7,82,144,60,-2,43,16,51,118,112,-179,108,21
-117,228,-64,-212,41,165,109,-34,-96,-114,28,56,-44,77,-130,-4,-177,-128,99,-86,-91,-28,-37,38,-103,44,20,-24,118,19,-52,-181,-210,-8,15,64,13,65,29,-2,-48,90,26,96,-80,3,-16,-112,55,154,30,-97,147,-153,90,-105,80,49,82,-96,-19,13,42,-55,-30,33,191,-98,18,-90,1,144,70,88,-153,-24,-80,7,-41,97,27,-48,-15,-188,-58,-230,150,75,-138,-111,-237,-66,-70,257,-183,-149,192,-17,-38,28,92,-20,-162,116,-140,-47,-53,20,154,193,-46,-58,222,-119,114,64,32,-174,-25,-67,-51,64,-95,27,25,-1,-36,56,-114,-44,30,52
-94,144,-27,50,-105,-88,-49,14,68,180,-19,77,35,11,22,128,82,102,114,153,2,-108,37,-16,-93,65,199,154,1,-44,98,77,38,115,82,-71,41,-113,-51,-19,106,-98,94,60,157,-4,14,167,-6,120,-27,35,38,168,284,127,140,123,85,120,52,86,58,149,-38,-27,-25,-39,155,4,37,-84,84,-79,107,90,-54,-112,-19,-9,141,-29,31,1,153,180,107,13,94,129,1,-83,146,6,-97,-15,41,53,55,17,56,179,74,111,-42,96,27,130,-61,92,-30,-35,229,-48,-30,137,78,88,95,-35,93,33,22,150,94,41,202,111,-18,148,-53,-22
186,114,104,38,-43,-77,152,37,-72,-149,-52,-20,116,-79,4,10,104,59,16,130,16,107,-125,-31,112,47,5,44,147,256,-14,-26,126,22,-16,-50,-19,66,50,-32,77,1,61,-36,301,125,-4,152,45,-154,-28,-202,84,-84,-19,25,61,49,41,-38,168,9,-124,63,181,-3,39,72,-8,0,179,-18,28,6,-67,152,133,15,-105,196,89,-258,84,-13,-86,97,238,102,-45,133,-39,92,222,-72,-139,111,-150,5,-28,41,-72,-118,47,73,11,92,180,17,68,176,17,-45,-17,56,37,23,68,129,-9,10,-53,147,167,64,-149,184,202,-63,2,22,187,142
-75,50,125,-154,-64,20,21,-53,33,43,224,-58,-100,192,-21,-58,67,159,52,34,-133,-97,39,143,-34,51,-106,108,-49,-78,-31,114,147,-45,-23,84,-120,118,-86,20,58,106,10,110,14,-35,-19,67,188,-49,85,5,13,-103,-6,88,-8,179,48,35,156,28,116,-1,168,0,123,-114,105,-39,20,74,56,270,49,-70,-22,100,53,-19,-89,-1,9,46,241,47,-26,24,99,-8,126,63,32,1,114,-52,153,-121,101,86,65,137,103,-67,-99,-32,126,62,-9,1,-30,-54,-9,-33,258,64,181,-16,-89,-18,-3,101,-9,-8,73,133,224,21,42,-55,-159,-72
69,115,64,45,21,25,25,-121,111,77,-5,57,66,127,13,-122,103,312,-84,94,-110,67,179,-59,112,8,143,-27,-24,98,115,8,-43,41,-59,-158,18,74,-37,19,4,-127,92,83,-102,73,-72,91,112,-19,114,-100,206,58,119,18,-4,29,19,-37,100,-113,5,166,163,-8,83,171,178,-108,35,156,-60,-50,67,156,-179,61,179,70,-16,97,111,111,31,118,12,150,-75,79,289,44,154,-76,154,-57,84,-88,1,77,24,54,-57,-126,38,-33,121,118,-11,13,99,64,-223,5,-5,82,-10,212,65,-106,93,-12,-145,30,18,67,182,58,112,149,7,-91
-76,-5,-29,-114,-45,-14,57,14,68,142,-111,106,86,169,53,-50,92,152,-56,138,67,-33,96,30,104,228,101,-11,17,-127,60,101,161,93,64,44,31,-218,28,-18,-111,117,-6,-42,100,23,-14,228,-14,-94,18,-90,110,147,0,111,-60,247,124,-52,-38,58,42,30,260,-33,5,172,5,39,14,-54,111,76,13,89,184,119,127,-29,-143,-52,9,-138,183,209,45,-75,-7,154,79,177,222,82,120,106,-213,-27,31,-88,23,-141,184,-20,-30,17,174,74,-2,183,42,31,-123,36,36,-88,-6,200,-97,12,106,203,-24,83,-30,138,178,85,-14,-34,-44,-80
210,129,147,152,-57,45,-109,32,148,118,22,59,205,76,57,-63,37,28,-76,-4,-17,37,51,-88,221,11,-36,1,2,-126,62,68,57,-3,-15,69,202,14,-96,198,-59,-130,188,-87,14,170,-24,-162,-39,144,-9,-31,140,19,-38,123,-11,12,51,52,57,123,0,-80,13,-4,-88,46,31,24,176,47,-121,-16,-28,81,-67,53,185,-58,78,87,11,184,-60,40,-153,-119,13,21,13,-16,79,-8,6,-21,105,-6,-41,92,23,200,4,53,-51,-150,5,35,-9,-55,45,66,-106,-118,39,-78,-23,137,33,130,-54,0,-140,-60,113,-16,45,139,164,-48,-43,18
20,66,114,121,-2,93,78,106,210,30,25,72,47,25,54,60,-11,95,101,140,-81,-2,49,56,110,123,19,256,229,-53,102,27,39,104,-31,-54,35,59,-142,167,74,115,138,10,14,-152,159,33,-24,8,-7,53,-3,-58,59,-51,-12,228,63,-22,62,108,214,-45,140,135,34,112,81,18,270,124,85,40,26,68,-114,160,51,56,-34,-92,-86,100,62,116,82,-21,80,-56,-169,32,187,89,28,-104,38,-105,-160,-25,117,53,90,-32,16,84,81,6,43,4,136,-46,40,-68,-8,-22,-58,100,-15,123,-149,117,106,-181,-35,94,74,-132,-24,-16,-49,162
13,100,-80,18,-87,-89,165,-90,-28,46,51,133,73,-22,20,132,-74,44,-34,2,171,-87,61,181,-17,-37,170,-27,-4,38,-62,-15,42,34,35,71,103,232,-6,-7,42,-80,79,87,156,56,-91,13,102,168,95,-36,45,193,152,193,99,-10,96,-83,86,-8,62,101,193,4,33,-7,14,-100,-126,-108,-121,80,21,110,155,191,126,156,80,9,73,109,74,274,91,176,18,74,45,-35,-36,36,-23,107,250,82,220,30,33,108,3,106,6,1,256,23,72,-5,-25,-56,67,-96,188,87,62,9,77,-96,13,68,-65,251,26,-9,-36,82,-22,79,91,-2
97,124,-69,63,-78,67,12,118,51,183,-19,76,-98,164,125,37,30,-49,-112,139,141,65,-142,281,122,-99,136,184,-26,76,110,67,44,-60,6,27,127,-64,108,37,-102,83,-122,136,136,-66,100,71,144,47,89,-129,-53,200,45,89,111,54,162,-41,-137,55,-72,2,1,-52,86,-22,-6,-12,104,-71,117,158,74,-112,56,145,-17,-67,-94,62,-77,189,168,-20,25,136,0,85,289,6,95,-97,-50,261,63,26,17,141,160,60,92,85,-74,117,40,28,-13,117,-11,-18,2,-23,97,-58,-93,0,148,28,-44,240,-44,72,53,13,89,-113,102,82,79,-135
35,132,81,83,-145,-53,150,-26,99,151,-180,121,268,-107,89,28,22,160,-47,87,-140,6,7,213,176,65,117,140,91,-7,271,146,-47,49,-49,-34,159,-30,-145,174,97,-37,167,128,70,134,-136,25,-13,-3,-44,-14,229,223,104,36,141,86,45,136,78,88,239,23,97,110,0,3,-12,42,176,-78,130,53,151,133,103,71,180,149,-27,-72,-40,179,151,172,3,-129,122,109,-92,39,97,42,-8,-64,70,-3,5,228,93,-43,70,8,136,101,96,190,125,2,90,153,1,75,225,27,-128,239,-32,-47,-13,33,-138,170,37,189,119,189,-73,187,85,21
42,-128,19,88,4,41,-264,-54,32,78,-37,20,-3,-193,108,53,-27,67,-65,203,46,-110,-12,95,91,51,269,33,12,-44,61,33,-58,-25,38,-98,-62,-135,37,-140,-39,-69,-72,-63,-52,152,-74,-62,-94,92,-106,108,-60,-59,-61,-49,27,-35,37,-1,-91,31,-16,86,67,70,-90,-64,89,50,-127,18,8,-147,77,76,3,220,14,190,28,-11,45,23,73,-31,144,151,18,-62,-11,-55,176,-51,-88,111,-26,15,27,16,93,18,-37,68,-75,3,-25,201,-12,-178,9,-101,77,50,-175,45,-49,74,-3,125,-97,-149,-27,41,-19,-193,-12,14,-95,63,-117,42
-108,60,33,-66,-9,79,-39,-71,11,239,-117,174,59,231,-59,-81,99,104,75,-26,205,83,16,217,-100,-47,-93,-145,10,-49,39,368,-109,-60,179,40,128,123,-49,-42,59,116,-61,72,-90,185,95,12,109,-92,41,-164,61,86,82,-39,154,15,-28,89,-28,32,-24,-152,-26,139,196,-65,-48,-33,-123,52,86,127,63,217,-166,238,74,-5,71,-9,123,54,43,31,12,43,-83,90,99,57,24,133,86,-14,8,31,101,282,30,-132,-131,-11,-27,169,-78,168,78,-9,52,167,46,225,5,27,-84,51,-36,59,70,35,-126,-55,-140,37,267,28,8,-30,-22,-33
43,46,-33,169,213,79,-83,24,205,120,54,158,127,88,284,92,124,81,5,190,83,9,40,-13,91,-3,119,-13,140,-126,-202,81,115,92,26,214,199,222,-113,91,-113,59,178,13,41,32,111,74,54,76,-71,-50,90,17,74,89,-92,54,-50,2,68,-33,33,70,-62,113,102,104,94,-57,-7,173,-62,63,104,92,68,197,103,240,63,143,244,31,56,-104,61,100,78,211,92,31,40,153,110,94,17,-14,17,131,-62,31,60,171,121,397,50,-140,57,55,11,116,122,40,76,117,60,211,-93,-10,168,38,-6,129,200,-115,117,74,96,-78,278,133
57,40,115,100,83,152,79,-61,-9,-30,20,-189,31,-61,-85,15,91,61,-56,-84,27,-45,59,-4,-34,-9,-53,42,-90,-24,-6,94,158,154,-152,82,203,134,-53,30,151,-138,127,-3,-125,170,-87,84,76,116,90,56,118,158,-49,203,9,142,136,32,137,182,199,15,120,-132,38,10,85,62,149,-96,112,123,19,177,-29,55,200,-36,186,75,39,87,142,-38,18,-172,77,-1,226,8,101,100,-46,302,48,140,103,182,37,-50,5,-30,153,108,135,59,-60,48,-25,287,98,-27,254,189,102,161,64,-85,201,145,-123,-29,-39,181,210,109,209,68,-92,16
127,71,137,168,147,-54,185,-24,46,83,26,5,-5,-42,19,-98,-36,-185,65,-16,91,116,52,-49,228,52,105,119,167,100,-50,-91,245,160,-121,-4,56,-68,-74,142,-62,-80,118,67,90,-39,-132,215,-117,-5,10,128,-106,121,0,176,-148,74,62,84,13,-142,75,15,12,-189,7,70,-79,83,157,-24,20,-33,72,-40,151,81,-47,6,107,166,13,48,284,101,-222,-149,194,-23,-56,-108,27,16,57,-85,116,70,-32,-66,-69,89,165,-21,43,-60,48,111,-31,72,-75,-95,-159,-3,83,-14,-226,-187,63,115,-16,44,33,-56,-1,130,-9,-95,106,-30,-46,159
150,-130,107,220,308,199,101,10,-49,145,14,9,-75,75,120,-96,-114,28,124,6,-8,164,58,36,83,18,-15,-119,2,29,-164,19,8,64,-27,162,139,-9,-4,151,62,-3,10,111,56,-36,43,183,-23,46,-71,8,-2,130,-33,114,91,-104,275,-120,-56,162,135,-105,20,-117,-10,-28,2,28,11,-31,-111,181,-104,107,-45,89,16,-168,-73,-4,43,-89,82,-71,-55,-108,24,-68,73,-52,-62,58,160,15,134,55,115,-46,72,-23,28,-99,-76,105,75,-254,26,62,-125,196,12,25,84,77,22,40,-151,-44,236,53,315,102,-24,0,118,-114,12,-104,-134,18
-60,73,95,56,91,179,101,-107,-13,30,4,137,47,-39,88,9,69,205,-167,-56,154,-2,2,139,-5,-36,-1,-17,-104,-39,-101,185,107,123,32,146,1,59,43,170,3,46,36,102,119,72,70,119,-59,130,114,-157,-40,222,1,136,-6,-67,100,-36,-111,68,142,-21,-87,-3,129,-100,-16,-36,106,-3,-143,-33,196,149,214,205,150,-3,110,16,-91,77,111,20,14,44,-122,149,236,-33,150,-150,201,197,115,140,229,180,70,161,-14,5,-69,166,175,33,-29,177,-37,20,16,91,227,33,164,198,4,27,122,-29,54,2,-29,-15,34,118,2,50,169,23
248,-19,-25,142,79,-157,43,57,136,82,-5,66,25,75,-25,-110,22,-1,8,64,-35,145,19,30,-16,-109,16,-47,24,50,-56,-34,68,-178,-14,165,20,21,98,-44,10,-89,-89,-17,5,81,-179,20,-29,-28,25,45,82,-13,25,-66,-63,-200,-22,7,-28,-3,-116,111,87,27,-66,153,155,-9,74,-19,16,-105,-8,172,-24,102,-33,-81,-11,57,163,219,32,-3,75,-88,-12,220,132,-37,-30,112,-9,72,221,-8,102,16,62,75,-93,55,88,-128,92,-125,202,0,12,-17,57,68,58,81,-52,184,176,-100,173,-126,15,87,48,-30,-15,123,100,-47,68,16
-146,108,67,25,-113,145,-118,-108,85,189,-70,145,105,-88,87,-39,214,173,34,-39,47,-55,-33,20,-19,19,23,83,-28,16,23,87,-121,85,202,-54,201,-8,9,79,-153,-23,144,14,16,114,50,-2,-205,-88,186,-46,134,136,120,-89,-7,114,126,201,156,-26,150,-5,215,108,-60,31,104,291,18,77,96,68,101,203,135,-22,256,176,61,-4,-93,228,222,116,-20,46,18,59,-78,1,57,159,116,20,76,61,-98,242,89,-72,39,-26,-74,181,83,59,71,153,-64,109,59,145,17,200,287,135,127,-55,-62,129,-42,166,89,71,10,225,-34,227,-19,-33
-42,94,-52,90,-104,-78,48,-22,-166,162,-73,-155,4,-148,-70,186,-12,39,-5,188,-85,-4,-66,111,107,72,-23,113,50,-102,168,-57,-9,-18,28,-67,44,114,-191,71,64,209,20,124,93,-61,55,60,75,51,-31,-25,53,39,87,-35,-120,-73,81,-49,-9,72,69,-8,95,153,-120,-32,138,4,-101,-27,-5,42,77,16,0,113,-63,75,-102,13,234,-119,-29,63,6,-8,38,3,-155,47,91,120,-73,92,-140,-113,-43,-135,209,-228,51,29,128,197,-113,95,90,115,-37,123,104,33,34,-55,82,70,-17,49,123,89,167,-38,4,30,90,-79,-225,199,75,163
-196,65,161,148,98,78,-46,-99,91,70,199,-41,-29,115,91,38,5,-90,22,-26,30,143,-23,136,44,-116,-93,97,-66,156,-26,-25,-100,-29,111,-108,79,65,76,-36,-165,1,-98,106,-187,-52,92,173,-64,86,7,-252,-109,-72,72,-28,-12,-56,-59,164,-215,-64,105,-89,15,-68,-135,-59,-60,-36,112,146,173,93,43,48,47,264,85,127,35,162,133,126,120,142,1,88,-93,68,60,-25,196,-15,29,5,-103,-73,-6,41,140,53,-53,51,-7,107,203,31,-63,-71,72,92,-40,116,-150,-65,-11,-44,-2,123,-65,206,131,-244,-4,17,117,-328,-213,-6,-68,158
-109,101,28,-182,-102,-18,27,84,37,-13,25,38,214,-42,-47,146,79,-45,-133,-40,43,61,68,-58,38,-61,157,7,95,104,116,51,131,90,-12,188,136,156,45,-21,-10,-120,54,-15,171,42,-42,95,30,61,-2,-100,-25,80,149,90,126,-86,188,122,-10,16,113,-61,-27,167,44,15,-23,11,-22,-141,253,7,-12,211,-73,97,-4,123,105,49,171,40,62,227,300,21,4,-21,45,-49,168,-54,0,68,-35,-49,-36,73,-57,-27,-36,171,146,73,70,165,92,117,113,90,72,177,116,-20,80,45,131,-18,-22,79,8,17,91,-16,187,140,22,-4,18,-69
47,-46,115,48,-146,33,-69,186,27,142,-5,184,55,-4,38,-76,2,182,6,99,-166,4,-58,188,-200,75,112,75,-30,-127,44,91,25,119,144,181,-65,-46,-48,128,72,44,69,-39,-98,-77,30,105,-33,-121,93,17,-29,-40,289,38,44,73,-3,26,31,-81,245,31,28,226,109,117,-5,-57,-24,207,-6,49,188,48,181,-40,95,-49,-70,-235,-58,2,-12,134,154,-134,82,31,130,-17,150,-108,139,21,102,32,46,24,41,46,80,43,-43,44,80,52,-101,-95,-28,9,-2,31,28,124,-87,-22,22,-45,104,103,-6,135,-9,32,-76,54,230,-150,282,4
78,113,-4,174,-66,7,-49,91,40,-39,44,-62,-57,-38,46,1,147,-51,197,-210,80,198,62,-178,58,-69,125,37,79,101,-8,66,-98,-38,75,-33,185,256,23,-3,-134,-128,20,-17,186,58,8,96,-20,48,99,-155,260,102,194,141,109,48,46,76,-68,57,19,56,-18,-67,75,74,122,143,42,-53,64,68,44,80,135,-70,186,71,-20,28,-81,61,25,142,73,256,136,56,102,52,-10,178,4,232,-20,132,-297,2,109,58,231,57,75,176,56,-80,59,112,146,-48,91,164,-193,110,108,151,35,98,-88,90,101,-48,36,-43,129,37,19,94,65,79
70,50,69,61,45,46,104,-23,148,-34,183,153,55,146,28,-14,-8,25,98,-106,40,24,130,-92,108,82,31,58,12,-105,-10,43,149,-282,-162,-244,78,138,69,-81,-64,61,163,23,-8,-142,150,150,-58,-46,-51,-7,58,65,-55,132,70,96,134,-128,88,86,-2,49,113,-146,250,166,-64,-134,120,-7,-94,-208,-72,128,-77,-13,165,121,-46,114,137,20,66,40,-41,162,97,-98,-98,84,-17,186,24,-76,51,16,145,51,-104,89,-49,44,-238,-62,20,33,-15,-131,-151,31,-83,-53,-80,108,-59,79,4,164,-69,-96,165,-28,-43,-106,3,-111,18,-3,-111,15
60,67,87,-57,40,49,113,-40,140,-36,68,81,-22,204,31,-154,33,181,23,-12,90,97,304,-3,106,-58,236,-18,129,152,-7,240,23,22,-6,-66,129,-33,9,170,99,-23,146,-102,43,144,112,-47,117,-35,-142,150,138,112,-38,-63,182,39,81,120,-79,151,17,155,45,229,242,-3,-86,-323,102,-18,-137,-50,-89,138,80,165,214,216,40,-44,45,155,-168,119,173,134,-45,222,89,96,93,73,95,49,97,-17,1,124,-73,75,-63,79,-112,-117,255,34,206,103,33,47,-75,-71,64,46,-106,286,151,172,-166,-58,139,136,-45,203,317,136,-13,57,181,-175
94,-128,134,-77,-29,-35,38,42,-124,163,-17,-97,-24,81,-32,-78,206,11,-27,23,-36,-10,25,-167,46,58,251,128,0,61,131,105,-47,46,55,-16,-12,46,41,83,95,-40,-18,127,-4,80,64,145,98,-69,71,67,80,37,138,99,-26,53,-59,168,38,95,61,159,124,93,-40,9,78,30,-57,134,-19,-73,60,89,78,41,66,84,-86,62,-73,-44,26,-87,150,-18,-1,-11,181,30,99,2,-55,-30,44,-36,-21,47,1,54,44,83,39,148,11,77,59,70,-20,-1,26,-6,38,64,76,52,43,51,37,73,-87,68,19,160,138,85,100,-114,-33,50
31,-49,180,-15,60,-65,152,-130,139,-17,17,175,-22,183,-87,-175,-2,27,125,136,77,260,99,-58,-41,60,-17,-103,120,193,-38,62,40,107,99,11,119,61,98,-34,63,-180,41,36,38,160,149,-12,4,-183,178,-20,-13,54,169,190,195,91,50,133,-36,11,-24,56,-27,103,63,66,-38,-113,-77,97,177,96,90,330,-13,22,140,60,-50,-54,87,244,57,180,79,115,-200,157,-51,-53,150,104,-27,91,-183,-81,-70,75,186,87,-126,-91,0,237,183,-204,216,-52,58,5,-42,-65,26,121,-16,228,35,-101,124,39,-125,-53,-112,88,160,-211,-8,148,42,7
2,206,29,-21,155,73,128,-301,64,83,-62,165,-40,23,-110,81,64,43,6,81,135,1,-77,173,221,263,62,25,211,207,-55,2,142,198,-52,-23,-60,-83,-71,119,10,49,63,171,54,13,7,-8,57,23,-145,68,114,-42,-130,14,-83,131,18,-25,-41,-14,36,100,-51,-14,-116,102,4,44,58,171,39,-17,41,-85,-193,93,-34,214,71,184,14,35,190,82,135,36,101,115,-54,50,8,27,-132,-34,-158,-122,115,-8,-93,41,-74,-2,-124,23,-113,14,90,158,69,65,-38,-173,57,161,-186,-56,158,32,60,183,-198,75,104,124,66,144,-74,115,102,-112
-103,97,-118,47,24,104,-58,-81,-82,-14,17,213,176,80,138,-30,187,-3,-157,201,-4,-171,14,83,73,88,193,39,33,-113,-74,40,162,61,-6,110,13,235,91,37,-123,42,-28,162,119,-136,145,154,66,196,-2,-73,-26,-5,43,-22,-100,-16,-102,130,-7,-71,131,-19,253,-4,-63,67,149,39,78,39,-7,-60,126,21,107,233,205,-135,-107,30,103,131,276,88,31,74,48,115,198,-20,-59,-94,131,-52,-6,21,27,161,-31,58,48,171,112,86,238,104,-23,109,41,-17,-6,-81,43,-21,-58,5,27,46,-180,-37,76,-16,-37,-62,44,61,-12,-101,109,-26
148,142,109,47,65,-107,-13,-54,104,-69,-45,-12,48,-34,95,60,26,-45,63,57,-72,-166,-151,40,17,-8,83,102,126,59,42,38,203,34,73,-88,-86,-69,7,-86,37,142,-65,43,16,39,-14,20,135,-147,64,-25,-143,-17,31,65,-46,70,-25,118,148,188,-2,-102,-11,-10,-2,113,-3,72,166,-27,53,37,-41,-112,51,25,-58,99,-27,-47,-159,-108,12,-205,179,-53,-227,72,-106,315,-39,-88,-243,124,81,229,-30,187,47,177,158,-70,139,147,63,45,78,72,71,-84,21,192,-14,3,63,287,-27,-24,-257,138,55,75,7,220,-25,-101,-86,-11,97,126
0,-85,212,0,315,109,-51,-26,58,125,12,136,68,102,133,106,249,129,47,123,39,188,126,-20,-46,105,79,-79,236,-4,161,162,-70,191,56,194,121,72,23,243,-16,36,-9,45,60,-1,162,-67,-61,64,30,57,59,207,-76,69,25,-26,41,288,15,119,-22,188,-20,202,70,92,-82,-44,53,107,-90,111,-70,89,-2,147,223,41,11,23,-59,129,124,13,34,122,-3,-58,109,-16,121,40,52,86,-2,65,-249,174,62,20,10,-18,142,214,183,1,45,87,91,10,116,-38,68,66,-31,248,117,-81,83,30,110,-48,68,133,208,168,80,40,31,-53
47,30,71,-99,-158,-159,-35,-18,-112,3,65,100,118,-211,-111,22,-20,-48,12,18,-56,44,38,46,-193,61,126,94,16,1,90,112,63,224,158,82,-71,72,13,46,115,-22,-9,31,56,52,-52,99,25,47,-30,23,17,11,71,-41,96,99,132,90,360,-13,148,-85,-18,-29,-130,-111,189,285,-20,98,-28,94,255,30,229,-18,-126,235,196,-34,63,62,225,84,339,-117,-34,24,-176,-26,23,-54,26,39,-20,51,60,-49,85,9,-46,68,119,52,75,-52,119,87,200,-13,96,-42,-5,121,148,129,-15,37,88,-12,-83,1,67,189,-33,90,107,-88,57,2
111,-8,164,90,-155,-88,-79,-86,157,-129,-98,42,17,184,-88,-44,108,65,-105,169,11,166,98,-66,-2,-183,-92,82,-37,-49,56,158,-22,150,126,27,-67,20,75,129,49,-49,64,-62,32,149,-29,-37,73,15,55,26,-52,-61,-183,-23,97,0,-63,2,108,80,-69,-117,-1,-28,-75,97,93,74,125,152,70,77,-26,18,-49,7,-41,-62,88,89,-119,59,76,69,39,1,-11,128,52,153,133,13,10,-101,14,-48,54,75,-20,-12,-105,-9,-139,-18,37,-64,48,-137,-33,62,-331,124,-97,-126,-84,-9,-97,159,-12,14,183,-186,10,67,-10,48,55,20,24,52
178,125,74,106,52,-85,81,-110,80,-61,-27,10,78,128,17,44,-48,30,-3,9,162,73,-173,98,213,8,22,115,33,134,99,51,-27,-71,-139,-92,-80,10,-52,-43,38,-48,3,160,86,2,-58,-7,-28,17,-154,12,144,78,59,101,124,132,-57,134,22,21,-124,14,21,41,-18,-42,-169,-13,52,-209,27,83,-85,-77,-82,-13,-53,17,-128,123,-41,73,20,105,39,333,8,67,29,131,73,-22,-124,46,34,21,-12,65,60,64,54,-22,78,-110,232,19,127,37,-6,23,58,46,-26,20,56,102,40,10,-92,127,78,25,121,86,82,-45,-14,111,285,-1
98,-128,54,107,14,117,-138,36,286,-100,-80,9,-68,-115,41,83,125,46,-53,133,28,89,3,-112,-11,23,175,38,97,-137,160,3,108,131,70,-116,118,-32,-65,-28,4,30,49,-41,98,-77,-18,100,-2,-14,55,74,-11,192,112,6,169,91,192,-66,-65,-9,17,78,-244,0,26,115,-40,82,95,-114,8,42,113,-36,133,-77,192,192,152,-9,105,23,-5,107,43,-95,83,20,47,-106,189,-90,-82,136,-172,-82,44,-47,6,-69,22,88,57,76,-175,16,-118,37,-162,47,-68,45,57,-137,-11,32,-52,120,27,67,-89,93,-82,-37,81,21,155,82,94,31
145,-91,87,-56,56,87,-23,84,136,-226,57,33,-78,128,37,-76,-27,27,-129,117,89,120,10,35,17,-52,-27,217,62,-45,127,-38,-19,35,-25,-138,28,93,26,6,18,68,39,-19,-51,39,-1,57,58,-83,-1,17,28,-150,66,43,107,77,10,-52,71,-147,-153,38,74,-37,125,134,132,-35,-3,-109,-50,-5,65,-21,-44,-140,94,3,-30,20,45,-95,8,82,33,40,42,107,206,-5,32,-29,97,104,-33,-189,-83,-135,96,-80,236,-16,55,94,-44,-77,-1,-20,-174,66,-23,40,9,6,-32,-95,130,118,24,-9,4,-147,-24,-15,51,-62,109,-60,213,-2
161,138,45,115,128,22,-62,-151,198,135,18,43,105,-56,159,76,81,82,68,261,7,113,-232,178,3,58,174,71,102,-140,-61,140,-47,116,-140,99,170,-64,-145,-85,22,-53,28,124,134,45,37,-87,-39,108,-106,34,135,185,63,66,24,112,219,2,-1,53,30,54,108,153,117,-99,60,51,-33,-136,106,166,92,238,147,-7,72,-14,-9,-125,65,130,199,167,48,86,130,26,-16,247,98,17,-60,190,57,30,84,176,227,-208,-8,36,177,118,148,75,26,-25,16,-77,320,106,53,52,107,132,98,-97,-43,221,-42,196,1,-85,-65,168,14,203,24,-122
-81,-97,-225,55,-89,151,50,-27,92,-64,43,255,92,38,151,144,186,-6,51,124,-66,-75,-68,42,-94,20,254,96,18,9,154,156,9,30,26,125,85,252,101,-90,-79,-171,-4,120,-166,129,120,192,-82,48,54,-13,151,62,210,150,93,93,0,23,9,-85,134,-12,304,-78,5,115,105,33,6,116,199,80,223,157,107,-23,275,-156,52,-59,95,109,126,131,8,2,-43,1,131,-4,-70,202,47,264,-36,5,-28,192,67,-25,1,215,32,161,-92,-134,77,62,8,110,85,-56,-32,132,195,161,34,-121,133,-26,-205,-48,35,95,125,135,99,-42,96,-30
49,38,-22,-148,-108,86,82,-218,22,-136,-96,81,122,35,-85,-50,79,143,-6,154,-34,-28,75,-70,-5,82,157,-9,-37,-8,149,135,11,139,62,-54,127,14,130,132,9,28,153,-42,63,-8,-11,105,127,-84,-26,51,188,106,148,87,277,203,161,-6,27,96,51,146,60,90,-101,74,208,-27,131,12,121,-93,60,56,-27,23,48,115,22,-76,92,39,-7,158,102,21,38,99,156,-34,167,21,-36,77,-141,-164,102,37,94,64,25,145,-68,179,42,166,59,270,-75,208,-29,-21,46,33,139,71,69,15,98,118,-156,-3,-75,106,152,99,35,40,44,50
14,78,-42,289,-147,-58,205,-112,23,134,-62,50,240,102,98,-88,10,29,12,114,201,40,27,97,309,104,4,100,-34,175,-129,-23,83,-87,-100,-59,170,31,-21,38,-39,-30,12,18,210,95,-184,163,-75,-6,23,-4,-21,203,66,120,228,180,-27,175,-172,84,-122,-49,88,126,-79,-163,-146,-22,55,-211,277,58,-16,-35,-189,165,80,-45,27,270,-85,253,-36,227,-133,328,137,190,206,142,2,177,166,-156,-41,142,-39,-3,102,-133,125,168,76,35,170,-21,-20,-48,173,37,111,21,-24,34,77,-24,33,186,-63,250,22,112,1,36,140,-79,-237,89,-20,25
224,152,151,2,242,102,249,-36,-139,155,4,-75,-29,-161,60,-110,36,-119,68,-66,-9,204,64,-119,-3,109,82,200,12,286,-78,-126,-10,212,20,51,-46,36,-113,303,-76,-34,-7,280,65,196,-80,190,-14,75,-62,79,118,30,56,156,-13,-140,-65,129,47,58,90,111,102,145,125,85,160,2,88,51,-152,136,-135,37,123,-10,157,4,-26,-97,-96,-28,-46,78,212,-77,-88,112,293,-63,12,11,-113,66,223,170,100,-74,117,106,124,42,115,70,55,-52,58,141,225,6,-247,84,48,190,-165,-75,250,-93,119,163,167,67,99,195,148,67,63,24,79,-56
25,102,221,-98,5,19,62,-33,-2,25,7,-45,47,14,-28,-144,-101,173,-141,2,-42,77,9,-39,-53,13,13,-77,-27,29,-100,39,176,186,-124,-60,118,-29,45,175,-49,6,55,19,-24,-82,48,144,112,85,82,-23,39,69,-31,-10,-126,203,-41,-24,227,-54,126,75,74,64,69,13,77,45,-81,99,-250,61,-27,99,-22,194,-4,54,42,-40,145,78,177,19,95,-7,52,-21,148,-50,142,-76,92,-48,31,-88,185,26,-31,220,79,144,143,98,218,147,-26,-24,-56,-85,-261,-81,156,130,40,41,37,117,113,88,-118,-36,167,-45,-95,147,199,-102,2,116
32,177,32,-128,-30,-191,204,-16,-65,37,7,-68,97,128,26,109,84,-30,143,-25,22,154,32,64,165,68,-62,92,62,105,1,235,9,89,-32,-79,-19,-8,-57,122,-10,111,133,62,202,-61,-4,147,-23,81,-23,130,134,85,35,69,71,119,-21,159,-4,73,49,39,85,371,18,28,-15,-62,-2,-105,42,73,-100,131,-235,133,62,-67,59,38,28,20,-25,128,-13,22,180,-81,75,52,5,17,21,-110,17,71,-50,-53,7,-14,116,-156,85,103,-2,302,104,-64,152,163,-123,127,-5,165,-36,-33,203,115,-3,28,-108,30,63,103,-55,28,-47,12,-53,55
128,15,-36,116,87,204,126,138,63,-18,39,12,93,88,126,-48,-26,78,-24,138,-7,75,-39,160,201,46,155,251,65,-125,37,232,-29,-59,-205,105,96,113,-66,338,87,54,3,121,50,71,96,-73,47,238,183,-100,223,-38,-43,27,108,-132,-37,100,-44,64,258,-89,38,51,10,86,47,-54,29,-18,88,-4,-30,141,-300,135,114,-13,89,185,-27,116,-8,-46,51,56,99,-20,-34,-17,142,164,77,-143,37,-41,6,170,71,-6,23,39,46,105,-68,3,225,-130,38,22,32,-18,251,-51,-22,-39,73,144,24,120,192,-40,-42,31,-56,22,22,-65,-125,-26
27,122,-29,5,128,-118,110,57,160,-2,-156,168,63,128,196,-39,49,162,-136,69,-115,-29,-92,100,125,-74,45,-73,-56,-10,-2,175,99,-168,2,67,4,91,54,-55,-13,163,-26,35,29,250,98,45,-1,-61,155,-91,40,101,34,-95,-12,-174,-54,154,-104,88,-25,-13,93,16,-188,55,43,-83,76,-37,144,-128,-95,96,-112,204,165,86,-176,2,253,187,32,85,95,85,-34,367,70,-37,11,90,114,75,-127,-16,0,59,223,-103,67,98,29,149,-110,-33,87,-62,52,57,-9,235,5,112,-5,62,267,-21,20,160,10,-1,-49,36,88,119,-75,163,52,34
102,24,69,5,53,-22,-98,-74,151,23,-18,38,-98,174,59,53,1,180,-82,57,95,109,-81,116,75,-20,-24,-10,-40,-180,-69,-36,100,96,-48,102,73,73,11,190,71,17,27,59,-19,-140,-49,177,66,164,51,-78,124,106,-132,118,46,56,-83,-20,145,-14,92,74,148,47,43,94,-50,-23,122,-19,145,87,-62,-97,-116,187,25,-7,76,252,1,109,200,102,-54,188,201,196,54,-82,156,170,121,179,-142,206,-147,175,21,-92,26,-55,11,81,-3,-168,-74,-50,36,166,59,-43,38,-3,-40,-39,-32,20,163,56,224,-114,81,22,165,-14,-110,55,226,81
16,81,99,-17,59,73,-10,-64,172,81,88,85,-106,-62,110,-65,105,44,-72,-136,27,-45,208,186,131,26,141,-70,185,-95,-87,138,237,33,18,9,59,114,-35,2,74,-19,128,108,-58,57,-51,64,38,111,-153,53,166,151,97,199,227,110,64,-68,-49,1,126,-1,117,19,204,-133,69,37,-61,-44,-58,132,48,129,-9,116,-22,56,-14,118,-4,103,166,31,-44,69,71,11,50,47,3,133,235,173,95,159,27,-10,44,31,155,-47,-114,46,94,50,73,16,9,-31,-7,-82,155,150,244,72,-132,98,-114,-13,17,263,-80,-19,104,70,63,-107,-56,-8
18,-119,-110,21,122,95,87,76,106,43,16,81,174,114,129,-6,58,-58,-85,268,132,-144,-94,-107,197,88,258,123,119,-33,103,3,14,-127,36,56,63,69,-126,7,-3,10,186,21,77,210,154,64,-138,-31,-53,-34,29,32,245,-114,104,100,167,7,55,-41,-39,-76,104,63,94,-146,178,-5,-30,-87,24,105,41,95,104,-17,56,69,47,-83,106,7,-40,58,157,198,-76,-65,109,-30,78,143,0,-142,157,-113,-124,58,42,-99,149,187,-32,107,-18,147,176,191,-194,-21,192,-35,127,42,208,150,186,20,-43,78,-124,95,102,-57,96,102,30,27,54,-125
99,144,140,108,98,-76,2,74,-179,30,12,62,133,-8,-72,-15,3,-39,64,119,87,93,-64,2,-113,77,-29,80,99,-156,-7,118,52,249,125,56,68,103,45,188,68,117,150,-9,83,176,166,83,42,19,229,64,132,-4,-2,3,-48,91,-2,154,210,-25,184,175,210,-63,157,-24,208,-76,68,0,49,16,-11,131,60,162,210,166,-17,-47,70,-18,114,126,6,70,14,-2,53,127,63,75,17,126,204,-14,103,58,139,94,162,-50,28,112,120,123,-56,-141,44,144,-43,-32,166,77,248,84,95,19,145,70,-24,66,-28,129,81,123,179,67,60,80
62,-107,210,121,174,-148,16,-174,-76,-14,7,-29,42,-109,-39,-7,132,-42,3,130,26,36,111,214,-229,68,7,-1,5,-58,-55,100,60,162,18,-62,-34,-69,-122,75,46,-53,-64,228,24,148,-207,93,73,-7,-34,105,30,-18,47,15,-5,33,25,65,25,0,-100,220,-14,-152,-153,-54,89,166,123,55,-83,248,160,-38,122,84,133,75,58,28,31,46,148,83,138,-37,60,142,76,-42,-1,-275,-72,139,-68,-50,114,97,68,36,40,-22,110,83,212,185,-161,-38,-2,-134,13,-89,-10,30,124,96,-99,-64,-72,154,-25,96,-49,119,173,179,64,-10,-31,119
119,117,87,19,170,-33,145,-65,-78,42,112,63,139,-64,15,-140,97,5,-93,139,48,-38,-52,20,137,154,194,28,105,193,-116,217,95,98,26,86,122,169,52,174,134,-11,86,214,291,274,36,183,109,5,148,-90,39,-57,45,45,159,105,122,99,55,-91,57,54,91,133,-96,18,111,129,67,166,130,47,24,151,62,115,106,35,131,142,134,143,183,212,146,13,59,123,86,-104,46,87,164,63,-128,-47,-10,44,62,-21,162,52,69,278,-81,-80,87,-10,166,44,29,123,66,173,52,-81,177,-22,101,237,12,101,8,242,85,-6,-14,91,268,49
36,-110,56,216,99,-69,19,0,-156,77,-120,21,-85,123,185,47,222,32,103,125,-60,42,160,147,-31,-71,148,-150,13,-68,-83,85,45,108,12,81,44,42,70,125,36,37,-39,81,20,-99,72,127,-146,89,88,66,283,208,79,39,3,72,32,112,-84,-196,130,78,216,38,1,4,13,-40,-15,116,-58,-1,-99,86,130,54,212,-27,66,-75,98,93,151,-31,10,-57,26,-38,136,-70,107,63,54,137,-36,74,-141,70,63,40,113,42,101,88,122,142,-69,-95,39,85,-158,-26,63,60,-170,-162,186,102,86,122,26,114,-100,110,45,154,206,-14,-28,68
33,91,-116,84,23,-91,73,23,180,-12,-33,-38,116,145,-86,43,39,117,45,197,-35,4,95,-6,49,42,164,10,74,-126,221,34,88,-94,-44,-6,103,73,-34,104,36,-75,179,11,116,-65,28,7,87,-51,22,-40,115,2,110,3,192,89,-16,117,133,94,32,40,-43,-11,148,-42,-24,-28,56,29,173,181,-175,76,27,21,-44,333,192,-29,96,77,7,172,16,205,40,-20,-76,105,195,111,-114,82,-127,-126,-62,210,36,58,149,192,199,39,155,66,136,49,75,13,279,73,64,-123,195,132,-92,92,-111,101,51,60,0,-11,25,7,29,36,28,51
5,-12,-100,72,214,28,-124,-86,-96,-101,90,-8,-145,-83,196,-104,182,3,-112,-4,-33,-8,84,254,-8,130,-46,157,150,-129,-62,-35,158,52,63,37,-27,-33,-39,-106,-90,41,17,72,118,-3,-45,-31,-4,-31,54,-19,43,-72,114,-74,-188,34,12,-77,140,-7,-6,-149,86,-81,15,61,191,101,158,-82,11,296,-49,-92,51,-54,51,-43,-145,-121,127,134,165,-67,120,52,-177,-29,-61,30,-151,-67,31,-38,245,89,94,108,122,28,219,29,100,-67,49,214,-36,-51,-7,-213,198,77,99,31,219,66,70,-43,-198,250,8,35,52,3,76,218,72,47,-28,-53
265,-42,124,96,-27,89,-77,-20,-5,53,-44,59,29,63,-47,6,-24,45,-203,120,44,65,-91,40,216,48,-10,18,0,-18,134,5,24,175,-21,100,57,-113,-46,18,-19,60,33,-36,-37,219,29,173,-12,43,44,-4,166,6,-165,-122,32,63,83,-47,165,6,-38,2,13,118,-215,-74,195,165,6,-90,69,128,-46,76,-176,112,108,75,50,-85,-20,55,0,152,-13,65,3,167,69,-38,13,-77,-135,94,-76,-1,-61,54,68,114,-11,-1,18,-91,282,44,-93,-17,-36,16,67,-118,97,-76,279,203,-46,86,-108,86,-82,-100,-102,21,176,63,47,67,130,-11
30,60,-44,200,-184,-217,-183,92,160,-4,64,138,331,-6,106,-22,-53,-8,71,-28,59,164,-38,-34,-36,72,157,-52,281,51,20,108,60,73,16,86,155,21,-37,84,-1,-21,54,74,205,113,-58,-44,-184,-101,-28,67,112,122,8,24,191,87,111,122,172,127,-90,48,50,37,-68,66,-93,-122,98,-194,187,-83,-41,146,36,102,100,182,121,12,50,86,70,189,97,22,104,94,-191,137,128,194,52,145,-76,76,-150,-4,139,-220,25,21,122,-51,177,-198,162,-72,29,-4,373,235,14,91,103,210,-30,167,33,67,100,270,-61,12,182,135,-37,46,55,147
47,81,148,145,80,103,41,-42,37,-33,96,180,85,-59,35,-97,-72,-18,-185,95,14,145,32,118,-34,-142,-2,47,-50,155,-15,152,4,121,72,59,47,46,110,65,86,-105,73,-2,-97,31,183,63,-76,-72,133,-230,-56,-69,168,35,73,179,18,-108,72,-7,173,-258,10,25,-89,-79,148,56,153,115,153,150,32,159,-49,-191,116,32,57,87,-63,164,77,208,76,-49,108,128,120,18,80,-217,137,31,101,19,133,13,92,63,132,34,-31,167,135,47,-124,-4,-111,-214,-143,54,-50,225,81,-56,183,2,89,29,162,-85,51,158,55,-89,83,31,110,36
43,-80,18,43,153,-51,-32,2,95,164,-133,-14,59,-58,169,32,127,35,-26,130,59,143,-2,-38,184,106,119,169,0,-37,216,96,187,86,94,147,-9,-64,-110,-120,9,62,-68,-161,143,185,-88,-31,-62,15,-3,-10,103,-26,-168,74,-8,-186,-33,52,-98,46,84,-98,-74,-131,-180,78,21,115,-40,15,27,-4,11,51,-29,-47,2,34,46,-87,35,88,31,-96,104,-65,23,179,102,73,91,-108,105,-77,-108,91,144,93,-36,38,0,-31,-29,86,-47,-97,83,87,41,146,-67,108,74,11,89,179,-59,-31,-98,16,-156,-70,21,-121,-21,47,86,0,-58,64
173,188,66,204,151,-24,-76,78,47,-117,100,3,-49,31,-86,-6,168,19,-63,33,40,-25,146,-71,74,153,59,35,-24,-68,-85,189,17,182,-26,153,-22,27,-77,152,113,38,24,-110,-81,55,14,-29,139,16,63,341,149,-58,-39,-132,-90,78,24,15,111,57,161,6,61,65,-18,6,298,2,103,33,-67,25,28,-147,3,-67,54,188,23,100,120,-28,-17,52,20,103,-41,-57,-3,160,-8,-87,47,50,123,36,-54,114,246,91,133,-56,131,-118,7,71,52,90,120,-31,-10,-161,-33,15,150,72,-39,171,-45,134,-219,-173,60,45,-60,90,46,52,106,96
-61,68,-73,-18,-64,-38,171,10,112,-93,-23,89,105,107,145,-12,-58,152,62,42,-295,-48,93,77,-5,-73,225,49,-55,76,80,148,-44,177,-201,-28,-46,-30,28,59,-34,-148,-70,180,27,199,-20,117,9,-117,8,-14,2,141,41,-1,104,123,-64,-3,-89,-17,77,63,92,-115,64,215,-213,-62,93,-27,58,100,92,172,-24,67,68,-214,-88,-75,-185,150,187,5,50,-90,-10,83,68,15,-9,163,47,-21,-15,-40,-15,59,-22,42,-57,145,-108,21,-91,55,136,-88,164,20,-119,27,52,3,-83,185,69,-97,47,-117,-102,80,105,25,28,221,-25,-126,-11,15
31,11,43,-84,16,-22,-5,-81,-22,303,84,39,-14,128,19,-29,54,92,-85,-123,195,128,-24,30,135,-158,132,-41,-72,-55,29,170,23,95,160,-31,-103,-4,11,-64,130,-64,-86,44,-14,-60,-174,225,-9,75,-99,-52,43,208,-155,143,-15,95,-41,80,12,116,77,-50,-71,46,54,-108,-7,0,90,-76,-115,49,75,115,76,78,159,-26,50,71,-25,33,111,138,33,33,-80,51,67,12,-107,97,1,-22,188,106,24,119,-5,40,49,-116,110,1,115,-66,-8,66,48,62,-82,165,8,176,-220,218,62,-78,57,-132,-84,73,113,-22,117,-45,36,27,-9,-46
-18,93,182,1,-66,-166,214,99,-88,31,149,83,162,-61,118,-10,-103,6,92,-3,4,247,123,9,-58,56,4,150,-111,38,169,28,-109,-46,-89,-34,149,20,-17,143,-152,99,51,82,66,142,-49,-21,65,-61,37,142,144,72,75,-10,74,265,-32,156,108,270,116,107,216,32,-3,-16,250,-68,208,-33,-63,119,36,-127,121,161,99,183,-201,-73,77,61,6,244,-17,90,214,175,122,8,-54,-14,41,118,42,-9,108,142,245,-24,76,-40,-83,104,109,41,37,32,15,-90,50,76,91,102,88,146,11,75,187,92,1,-20,27,59,143,-50,-254,169,-97,124
