96,36,56,55,-13,-11,-9,-7,-5,-47,-57,65,53,-63,-39,140,36,45,4,174,2,0,61,5,-37,14,-82,65
35,10,17,-27,-28,4,22,-32,-12,7,-79,-18,129,-40,-23,17,14,9,83,28,97,-18,45,32,23,-15,-44,-20
17,-11,70,-30,-24,-70,19,-7,14,30,-38,48,54,-5,39,14,-9,-36,8,29,83,-13,4,59,-17,-11,-8,27
36,-17,37,-13,-29,9,-7,-19,9,44,-17,-15,14,9,-4,13,31,-30,7,30,35,-20,17,38,41,35,-20,-29
100,16,108,43,43,14,47,-53,73,5,72,-23,112,34,35,142,-20,13,-35,108,92,-7,-32,62,25,37,-45,64
83,35,33,14,-11,22,4,-40,-3,59,99,10,71,40,-3,25,8,-35,-18,114,55,56,9,-13,-55,122,9,53
21,-35,27,-40,-42,72,-23,-30,-1,-70,-9,-9,-5,-66,42,61,-17,-26,44,41,-8,-19,-38,-43,16,57,-65,-33
39,15,25,23,36,61,11,76,25,95,75,-42,29,23,-20,14,-18,94,29,51,-33,80,14,-12,9,40,22,-3
-24,-87,7,-5,50,40,0,-59,16,-43,-34,-25,-70,-91,68,20,-10,26,-3,-46,12,-26,-9,16,12,24,-63,18
2,64,-35,-10,19,15,-8,-50,-18,24,45,16,-21,-70,56,-37,-16,-51,12,12,34,31,-45,17,-63,36,38,-12
8,-6,-22,-53,3,-39,61,38,-10,-32,-36,1,-18,-6,-31,-45,-25,-12,32,-24,-45,7,10,-20,53,32,-20,-1
-24,-45,91,-51,45,-51,58,-22,5,-126,-37,13,59,-70,-5,70,31,31,32,2,-18,-16,-22,-2,-18,-55,-8,60
-56,1,14,-19,65,-20,-30,-15,-38,29,50,43,-48,20,-41,-14,12,-7,-52,87,-7,15,41,77,-55,29,-12,-26
-29,-82,-35,-38,2,-18,-6,70,-6,-13,3,45,-23,26,-6,54,66,111,8,-18,6,-52,-51,-7,37,32,-4,47
-14,44,84,60,62,-29,63,-64,35,-34,15,-35,43,33,-12,20,9,14,-30,6,-4,33,-27,52,14,-23,-7,55
19,94,60,54,21,-9,24,17,63,56,61,-9,120,18,67,16,35,12,21,52,31,64,-11,25,-10,41,57,-4
19,-25,41,4,-40,17,-7,-16,8,31,-1,50,1,59,4,77,-30,122,-38,30,71,44,-72,-32,37,45,-59,26
-44,-10,-14,-8,-34,75,-35,42,40,28,95,-36,24,79,-11,-48,-41,43,13,66,-7,-13,-23,-76,50,31,64,-25
-55,-56,38,68,-28,45,16,42,88,-7,-21,-61,34,97,-56,-12,6,126,8,2,4,-14,10,-32,50,-14,-34,3
37,11,50,-3,7,-18,59,22,54,-46,-39,4,78,-5,-43,22,31,20,17,70,73,2,24,46,8,16,-50,84
-56,-17,32,-15,7,52,29,52,97,-125,-111,-51,82,-99,29,-18,13,-5,90,-15,46,-44,25,-1,37,-50,-39,-33
-25,-25,4,-17,119,-15,54,29,40,100,74,-37,54,43,-17,-62,47,-23,-12,-71,-2,-11,72,115,1,1,33,12
65,67,38,-5,1,-19,26,30,-13,23,8,-26,10,-53,-52,8,25,71,26,57,52,49,-79,-38,97,80,-13,-44
114,62,23,52,39,8,23,20,-17,35,-52,1,7,-118,34,67,34,-36,51,25,-20,23,32,71,22,-5,-50,22
85,-39,9,8,29,59,99,7,52,1,81,-99,60,-15,-65,19,0,63,40,70,-39,-17,53,-29,-52,13,17,134
-28,62,42,1,91,26,-11,-23,-5,52,-15,44,36,-46,106,54,12,-31,-4,-10,21,9,25,108,-9,-32,7,10
25,36,-23,36,63,22,5,-10,6,-13,39,-9,102,-87,8,18,51,24,6,26,-13,16,86,-19,-103,-46,50,38
-23,24,77,-39,-23,-66,2,91,-26,-30,-76,46,-16,-37,-48,10,12,71,26,48,-57,97,7,-34,-42,-29,23,18
