-109,-82,87,100,-167,-6,38,-101,78,3,21,83,69,37,62,-49,39,-19,-31,8,-120,100,71,67,32,-71,-13,-84,-47,-6,21,47,38,-55,-37,-104,49,41,116,0,12,-167,34,14,-42,-91,-103,-14,-20,-20,-34,62,100,-6,82,-52,44,68,106,-109,39,134,2,90,12,-132,1,-8,21,-77,14,61,106,-228,-9,47,21,2,-97,89,14,19,98,140,-194,-10,-24,83,107
29,-26,-6,14,162,135,-4,-65,-19,18,163,30,31,169,54,-5,-53,120,144,37,-52,-59,159,67,171,56,-115,23,-44,77,-57,53,92,40,8,102,-67,-122,130,2,-88,53,117,0,-114,213,73,174,70,-66,34,84,129,126,-22,107,-130,84,-32,167,36,83,36,-8,99,96,119,64,-32,149,131,66,17,-26,-28,53,43,-38,169,39,34,-18,-66,-28,-8,-119,-129,-22,224
-4,-32,47,13,51,14,47,59,35,112,-74,-79,-2,-19,25,28,-125,18,-4,-51,136,66,201,62,-33,8,206,110,73,83,-83,14,18,51,17,48,88,25,-98,-18,226,51,106,-59,4,-36,75,-143,-44,19,117,8,-45,35,-85,-5,-88,-67,-17,2,118,66,-60,8,-44,20,-98,8,100,25,-76,7,-61,31,13,-55,84,-43,5,-47,50,3,13,-58,87,-27,76,-19,-121
114,-23,60,36,35,-35,-72,-30,150,-10,123,44,132,89,149,39,112,41,-1,82,102,-2,150,138,-54,-53,-5,165,66,36,11,19,31,-11,75,80,-9,-44,-31,16,105,50,-61,-109,-29,63,95,147,72,-109,117,99,1,57,-27,-34,-5,-45,47,14,199,198,-26,69,98,52,27,22,32,86,-86,134,101,-62,96,-37,-53,-27,26,15,-3,-13,163,219,45,64,78,62,-16
-35,159,-81,52,62,49,-3,66,100,-46,62,59,-210,32,-89,98,69,99,125,26,98,26,-15,-22,26,37,63,-61,-7,-108,37,-81,-12,23,8,-85,169,15,20,-67,-24,-109,113,-69,-44,-91,57,58,37,-32,85,-50,-103,32,150,0,-120,-22,77,22,6,-20,6,-60,-57,-91,-136,-65,-26,128,115,35,191,6,65,-19,-14,-44,83,8,73,-36,150,-85,-40,52,-72,17,148
-29,33,-58,72,67,3,-117,23,37,-4,79,106,-71,86,93,19,-6,131,15,104,118,18,-11,69,144,53,101,104,-16,55,-11,-56,69,-21,63,0,-62,-20,62,73,12,-92,81,58,-49,144,108,127,-10,50,76,-92,74,142,-14,75,17,-30,-28,68,46,43,-4,66,14,36,29,113,29,-6,-21,15,116,19,102,62,23,-64,131,-3,-16,-11,125,-100,58,-19,-21,-91,31
-31,89,-49,47,52,-6,130,-67,-49,-49,-81,185,12,116,37,12,49,-60,50,-1,-60,173,131,46,-43,67,-35,-8,25,-54,81,89,108,112,97,13,52,-34,-27,-32,33,-48,-51,2,43,-107,54,-83,92,127,49,-20,149,115,154,82,23,133,110,189,46,59,137,-63,135,-59,101,129,110,206,44,-25,-219,-24,16,-17,-8,57,116,-96,180,-38,49,12,-3,-139,-19,99,118
-1,86,-164,82,101,-1,-19,-44,28,-21,73,174,-82,56,-79,23,7,142,114,95,-20,80,-65,42,89,154,100,81,76,83,184,10,20,-73,-110,-93,87,-47,-20,11,13,173,32,211,-171,60,-68,59,110,17,-46,47,131,85,109,25,75,1,-40,89,42,7,-63,58,-17,-22,175,23,74,-38,86,96,43,123,8,-1,-18,67,48,-88,67,23,-34,-60,-26,133,22,65,181
112,-64,94,88,-15,-58,40,47,-62,-54,-69,41,-8,-68,63,-72,126,75,-39,171,-28,-33,23,-142,80,-79,-80,-50,43,-47,-8,39,-75,-17,207,6,-2,-120,-34,-84,-29,55,-42,-74,-20,-145,-49,30,-7,-107,68,11,6,53,27,33,8,38,61,101,-38,-32,82,-20,-70,-20,105,-112,100,61,-55,83,90,-47,-121,32,9,48,-91,120,-44,-41,139,43,-97,124,30,75,106
115,-10,-14,-53,67,72,-80,52,32,58,89,-71,58,-26,-37,38,126,103,57,131,17,78,-42,35,17,94,45,-38,129,70,96,-121,-120,84,7,-3,81,-40,-12,93,13,-39,51,48,90,97,-147,128,-5,-22,-17,-8,-133,44,-12,52,18,-86,42,-91,3,21,-73,-47,-10,-26,17,-126,-21,-17,121,69,46,-24,-15,-70,148,21,-18,67,-3,69,90,87,54,34,-21,40,-80
-44,125,28,94,38,-77,7,-48,-150,97,-91,111,-118,99,245,54,-17,-12,159,18,-122,-48,-3,30,1,94,115,45,31,-65,87,74,4,3,-97,-63,146,55,-75,31,36,22,97,-42,21,-17,46,-63,24,91,153,44,121,40,5,35,28,21,24,-41,24,61,90,45,23,115,-46,-93,-15,40,-17,-97,8,46,56,34,63,28,54,-1,22,-110,-77,-98,60,75,-30,44,68
-110,75,-65,6,-23,-124,-4,-15,115,-26,79,-16,29,-27,-39,19,31,-78,-56,-48,-54,50,-11,-5,-34,42,70,127,-37,-111,-8,42,-95,-18,16,-72,-35,-115,-34,47,11,-55,61,-3,20,191,-26,21,71,75,59,-96,53,-45,33,21,102,80,129,50,-22,25,-1,-33,-23,-39,-28,13,-45,77,-39,-26,70,106,106,72,-55,-63,-128,22,88,-62,-3,38,-14,82,2,-21,38
-112,44,-25,98,60,4,6,-82,27,9,-135,60,-39,-39,-156,-12,-62,-178,18,-207,-105,45,37,-26,-32,48,-9,-22,-134,66,43,105,104,-95,-155,54,48,127,35,-74,-6,-48,-56,-127,-86,29,-119,122,98,10,30,25,197,33,89,-9,112,182,9,-53,-13,-7,24,108,-35,-28,25,-22,-85,-28,-24,-42,-108,-43,-83,35,146,-127,157,52,122,12,-49,-36,-50,60,-69,150,75
-52,66,58,47,-39,3,-7,7,212,40,114,-91,-40,72,-179,-200,68,138,-70,-3,165,-38,-67,-70,46,-137,121,-111,-63,17,77,-20,11,9,94,-61,-8,-43,165,13,-33,-43,-16,60,-128,86,-19,55,0,-12,-13,-96,-19,5,127,-69,-116,146,-54,-35,-52,29,45,-24,6,42,99,84,4,-3,-107,118,10,-45,-97,34,77,17,170,9,110,50,72,-54,29,-20,61,90,-103
-117,41,-67,39,-21,2,150,79,-94,71,81,58,-37,-146,101,97,-17,-11,109,-27,-13,-56,-11,-50,67,188,112,49,23,-110,-44,-29,-2,-100,-13,56,-38,6,-45,43,-149,10,199,115,28,65,48,42,-40,5,100,55,-29,209,29,59,137,63,217,-39,-8,33,29,177,-25,39,17,133,-136,-3,54,-23,-122,-69,-29,69,98,-17,-39,78,86,-66,40,-20,90,-98,-118,39,22
17,94,33,28,83,-30,-36,21,23,27,-84,-30,-165,-57,-34,24,0,62,47,-279,170,-111,15,-116,-39,-185,-93,111,-42,30,0,147,-73,-78,112,48,-20,31,5,22,-61,-79,-26,-8,14,10,10,-72,-4,30,-42,17,-49,-71,21,-61,50,61,10,18,-64,57,-28,149,0,-51,-145,-19,58,40,-105,-32,-72,88,71,164,-11,70,-3,124,82,81,60,-52,-40,66,4,17,6
71,7,178,141,-5,86,16,-63,-123,95,-9,2,-39,38,177,9,-32,1,130,103,-83,-56,59,78,44,26,-52,46,-41,29,-109,-5,115,-78,33,-17,-30,-40,-1,96,-103,-62,17,5,80,-160,-29,39,17,-99,60,97,27,94,-195,18,49,62,73,0,56,-58,-51,82,35,120,-12,164,-4,58,99,127,-148,53,-84,6,-54,65,88,28,-129,26,68,-66,1,-31,30,-101,91
35,84,-109,130,-47,-17,6,83,169,141,-15,74,-84,219,63,80,75,32,18,8,201,-31,95,21,-16,-42,103,89,6,-113,120,-41,83,112,117,-46,99,41,-2,4,179,-20,13,14,16,4,75,-19,118,74,14,1,187,150,24,-55,-87,103,121,-53,-33,143,95,67,13,40,38,82,74,0,-16,-14,27,-41,112,53,100,28,26,-38,144,-8,79,-123,34,-122,22,112,31
-119,28,-58,-28,4,-80,121,-47,12,-42,134,232,-135,-15,9,187,117,114,53,8,115,49,71,216,-103,-75,41,182,-46,92,-128,-42,-126,49,154,-106,254,-129,68,195,-142,98,-45,-4,-1,53,-85,132,-84,5,71,32,199,114,84,-34,152,89,144,-103,-144,-9,-138,-20,117,84,104,-134,-113,62,18,169,114,-150,182,107,17,-24,14,140,2,81,241,152,73,-91,86,-4,246
-40,81,-142,-121,-25,-60,29,36,-35,28,-52,107,-8,-64,47,34,94,104,30,98,1,25,-31,-23,-155,-71,-84,-23,49,-31,5,-55,-90,91,65,-135,-17,60,32,115,-57,37,-28,29,-75,-58,-41,68,5,47,-65,-56,42,-17,-56,-56,88,-53,107,-74,15,34,-59,15,6,36,52,-15,-53,26,-66,-5,19,-44,63,33,-148,-31,83,-17,-2,-25,59,46,11,7,-7,99,-11
135,-3,-109,107,-62,158,97,126,36,-15,97,-17,48,147,-23,25,87,81,-56,-30,-29,3,71,31,38,76,-92,202,7,-99,130,98,86,-18,116,-75,1,-25,-70,29,13,51,-37,70,24,194,31,-45,72,-68,-23,23,81,44,-72,-42,96,118,115,-103,36,-24,12,30,29,-49,52,85,125,-34,0,6,-49,10,190,83,65,152,-23,101,-79,50,57,45,25,-112,-84,35,84
217,-54,-149,72,-78,39,-31,-60,110,-32,-7,-3,-28,-8,-59,38,12,43,-83,-50,-54,-14,-70,-149,9,58,61,41,-36,37,128,109,129,43,-77,-59,31,-23,-158,-25,-67,-73,-120,0,81,107,45,67,54,-112,-40,58,0,-110,-127,-31,67,35,58,156,7,6,-25,-17,7,-97,-28,124,0,24,-24,45,-208,50,48,92,53,85,62,-72,-82,5,44,-72,-19,16,68,-6,3
-135,52,-54,-46,157,-78,20,-78,22,6,-30,46,-49,39,83,-84,-63,-118,15,-58,39,23,-70,50,16,25,66,2,-3,131,13,22,106,-29,13,58,95,-24,10,49,40,57,81,-20,-15,199,171,63,-53,-74,123,-31,85,44,66,197,-118,109,-23,-17,-107,-6,87,-49,-89,18,69,27,68,91,-16,-93,-32,-72,126,-2,5,-55,72,-25,27,-100,-74,-9,111,-51,-45,-77,-154
-49,32,-9,70,63,-112,77,-19,-101,57,-18,131,-116,18,64,32,23,43,123,-42,-42,-90,-76,-81,87,-1,54,36,47,-3,38,31,-2,-55,-130,38,141,59,-46,31,-46,63,-65,106,-22,-34,85,-17,26,-13,-42,96,96,49,-2,-1,107,13,89,41,-14,125,19,63,18,79,68,66,-100,-65,-10,-68,-134,-43,7,54,-105,38,46,-1,28,-31,76,33,56,47,-14,-6,72
150,132,-23,119,102,63,-87,42,3,22,34,-52,63,-6,-37,35,81,143,22,-13,138,6,-3,18,153,10,44,71,88,56,112,39,35,47,23,-17,62,-4,-62,-33,110,36,81,-85,-103,161,-34,125,108,-55,38,-6,57,8,23,24,-37,34,-109,39,10,41,-22,33,63,-149,25,-64,-17,22,-64,211,165,-73,19,19,64,-28,123,31,-37,59,4,-100,23,31,22,-3,-17
-85,-24,-7,12,9,80,8,45,-32,75,-36,42,106,-111,75,44,70,6,84,45,-36,116,27,86,103,48,0,-125,86,103,-78,-208,-30,61,37,-114,3,106,91,8,17,-10,81,43,-14,66,-5,-59,59,81,75,42,-24,164,77,92,-34,47,125,62,46,33,-35,165,143,118,72,5,17,11,28,-91,35,-119,85,101,170,35,-21,-6,49,-5,-90,21,28,-18,-51,0,111
11,82,-29,-33,72,-41,-84,16,-77,143,-136,9,52,31,73,-75,1,-9,-35,8,-124,-46,47,91,-213,49,32,38,151,213,50,17,40,69,78,76,1,-46,49,72,32,33,-63,-4,48,-10,92,29,-52,25,148,-24,203,110,66,47,26,0,67,-37,34,-79,85,100,2,183,126,-67,100,-106,-28,-100,3,-49,67,-79,88,107,109,-5,57,-36,5,138,99,50,13,29,-120
-79,-2,29,-85,-3,-112,25,-63,-75,-27,-11,147,-41,93,90,-76,49,-117,-19,78,-21,87,82,191,-53,-65,122,-13,29,113,-7,-148,40,127,10,115,119,61,100,137,12,57,-95,-147,-64,-94,-20,-64,-46,59,62,48,127,102,42,23,2,-62,63,-13,-159,3,66,-22,102,31,79,-207,65,-80,63,23,138,-82,98,46,106,-2,20,122,137,63,-29,202,58,177,77,109,135
20,16,23,47,-12,-29,111,111,-85,65,141,-32,-69,-80,133,-19,64,-67,-93,-21,-71,34,80,111,4,26,64,119,32,93,-83,-118,93,-41,-117,88,17,-31,-29,47,-42,14,-32,271,-84,104,-54,72,49,24,150,125,23,67,-36,-16,99,77,64,0,13,-108,1,-63,98,40,70,124,81,65,0,-18,-286,-51,-11,43,163,61,18,-55,-28,49,123,-1,99,-186,-9,-33,-116
39,22,6,-68,27,-68,-88,49,55,101,-94,26,-6,18,156,71,70,2,14,-84,-86,-168,72,0,-76,-86,154,76,107,139,-87,43,-8,7,-70,51,-34,129,24,-43,142,-48,120,13,90,66,35,33,78,7,123,30,-45,96,-129,150,45,15,26,53,142,29,12,8,21,75,31,-65,86,145,-49,36,112,182,32,-8,-8,71,-61,57,-7,-18,107,89,-88,201,54,-83,-35
24,-134,-24,25,-60,34,-66,-116,28,-102,41,-111,9,11,-73,-76,52,33,-27,44,-18,-5,-38,-83,11,21,3,104,-62,29,84,18,86,-60,26,67,-88,14,-41,20,-23,-14,-8,-24,34,-3,-33,57,184,-50,57,18,36,69,-216,2,32,-34,-46,18,71,89,-87,48,0,-1,-10,161,178,30,-23,40,-65,119,-132,83,109,114,-123,90,29,-54,22,-45,-60,-12,155,21,-50
-21,44,48,28,94,189,-113,61,192,-67,153,10,73,60,66,74,57,152,127,57,68,-11,-27,145,71,64,-119,-98,18,100,67,66,118,-44,1,-56,17,75,176,-132,-47,46,108,74,-55,124,60,-17,-8,-25,167,-109,-46,12,40,48,-57,41,-51,100,122,7,24,80,72,31,246,127,36,99,84,-38,88,13,-2,-56,54,146,81,-10,103,89,-48,154,-95,23,-30,-1,119
-144,-52,-54,-108,-50,114,33,58,54,-1,68,-203,17,-143,120,16,112,-53,59,-47,-44,-130,211,146,-20,106,46,-56,42,-35,-49,40,-12,-24,40,105,-38,149,164,30,29,-73,139,-28,106,10,15,91,-53,-75,139,29,-64,43,-66,30,87,33,-12,-97,-25,71,3,-4,-6,-35,47,28,-23,17,159,92,78,-49,-30,-163,-27,-32,-12,110,30,101,-65,-45,50,17,2,-78,-16
54,36,67,-13,47,-95,-54,-40,66,77,47,36,121,-9,20,99,93,100,70,144,7,180,-1,249,-74,28,-70,-65,86,88,104,8,42,-47,141,-124,-4,-155,-47,-63,12,1,35,57,101,-37,-47,8,19,-92,9,9,98,4,13,-54,98,17,-9,53,119,-150,-64,58,2,24,160,57,81,104,82,74,57,-31,163,15,-34,49,22,-207,22,-51,64,192,-62,-45,115,43,-122
10,91,-40,60,120,-82,1,66,96,82,-33,173,-42,9,-148,168,37,47,16,78,167,63,-69,72,-151,32,171,129,19,64,220,63,-20,10,151,-14,308,-205,0,-73,-53,206,-102,31,23,95,138,49,-99,88,-48,-97,-11,-26,-8,60,145,94,123,13,-56,48,5,-44,42,23,79,136,26,117,-24,62,56,49,248,-7,39,12,69,94,67,63,192,59,106,-157,79,40,-113
30,35,74,98,58,40,-130,15,46,40,144,16,-93,67,34,-20,55,-50,207,95,-12,-37,-120,151,184,-18,-13,110,103,-76,-141,-81,115,48,28,103,-2,-73,233,-62,-102,-26,130,11,-27,101,125,23,-80,19,71,50,-43,-20,28,66,12,85,-36,16,-6,62,31,-37,129,46,-13,-23,44,-72,72,-34,-15,-21,-50,-170,59,54,31,16,96,-100,-46,-101,76,-68,-93,-20,-7
36,-137,-31,80,-52,-18,-76,-56,-49,-117,96,0,-1,55,-11,-16,-24,56,74,-14,30,158,38,89,-219,-1,-83,-120,-18,99,11,-69,-25,-70,100,186,-50,-75,-71,121,-79,102,-94,159,-35,109,26,167,73,-22,-134,53,27,31,-143,5,-133,22,54,-98,33,103,106,-28,-67,-249,78,105,25,-5,-59,79,-87,152,-68,60,120,31,-183,68,-101,92,132,97,59,-163,114,8,-11
-39,5,-19,-76,-45,180,113,71,5,14,212,114,-101,93,39,85,99,86,9,81,18,59,-30,154,-50,118,111,148,-195,-164,-74,-111,127,0,49,-30,12,-63,44,228,-46,30,-84,242,-15,33,13,137,44,87,-2,-122,63,52,-134,37,-64,125,117,-43,-54,-70,-79,-95,19,104,-50,-18,5,18,58,17,22,-50,9,-39,197,104,77,91,-1,122,125,65,73,-181,-25,24,177
194,39,-8,5,156,148,6,146,70,-10,106,64,-51,148,-7,-66,93,75,64,112,58,27,27,33,92,46,108,148,112,-91,184,-59,34,122,16,18,5,-184,-16,24,31,63,10,42,-128,-3,153,90,72,16,-49,-109,83,170,-60,2,-36,0,166,34,71,118,-117,13,61,94,2,36,92,67,-28,24,40,-38,9,-72,96,189,43,108,128,-64,78,-71,-37,5,-42,45,54
-117,79,1,-28,194,-65,-59,5,-23,-13,90,124,-64,4,142,73,2,-6,171,97,107,-17,-9,56,-4,135,84,-22,61,-4,77,108,71,21,109,-57,159,-95,85,286,12,80,50,170,21,-27,241,25,-67,104,37,78,93,66,41,145,37,132,-8,77,-53,64,-22,110,118,57,20,87,68,94,-40,-41,46,154,149,39,-75,97,111,14,-27,92,-14,-42,82,-37,89,-47,-24
24,-24,105,29,101,90,-6,-5,48,2,50,81,59,45,47,-27,-146,65,87,92,88,43,104,154,-66,50,45,41,86,134,-27,17,65,-102,110,79,114,-32,26,-22,0,50,72,40,39,33,48,119,50,-28,101,-57,-105,158,-131,108,-25,71,-13,-42,50,2,-53,21,-9,-80,8,40,17,118,11,7,113,126,36,-26,36,83,-15,67,36,128,-11,4,51,123,34,42,85
-48,125,16,11,-25,208,142,163,15,65,81,3,216,70,26,82,47,140,-92,67,146,34,1,27,-8,113,41,-9,-15,104,116,-108,38,42,19,10,203,33,-111,73,65,149,145,-71,24,69,61,-97,70,-7,-10,-42,39,173,48,27,-39,17,198,62,-17,90,-19,48,53,-6,120,59,-68,107,2,19,88,-11,186,20,92,110,52,93,42,170,-14,25,37,-39,-121,58,83
19,13,-29,60,36,-199,-44,-83,-104,107,106,-7,-105,19,-11,15,-23,-30,61,51,82,-103,-115,-36,39,-68,185,-24,-41,-72,-38,-8,-122,-65,16,-26,32,-134,-119,24,-36,-68,-30,207,25,-201,-37,-5,9,12,-1,35,-94,-64,-60,-8,59,-31,8,77,-25,10,-14,9,-11,26,-79,69,49,1,13,97,-121,13,-74,48,-135,-62,-79,-54,-48,33,162,-53,105,-65,-69,-61,-5
-30,-89,-9,45,-36,93,31,19,40,-2,6,-156,-47,46,-98,-45,-95,5,-132,-140,32,-52,55,-92,-43,89,100,-35,-49,75,53,115,47,33,106,63,20,-22,33,115,69,20,5,-35,-10,20,31,-124,84,-13,-47,-68,18,83,6,2,18,-16,84,23,-24,3,64,-8,13,2,-34,83,-2,-68,-75,22,-158,-22,16,-10,1,14,30,81,88,59,32,-27,-32,-89,1,-47,-3
20,1,24,226,-58,66,-84,19,170,160,-11,-36,37,-214,-41,157,19,-69,-20,47,58,113,135,84,-21,57,7,201,18,85,34,27,97,28,39,-47,25,66,7,-84,54,63,69,-116,37,4,110,46,53,-48,131,69,63,-12,73,-118,45,-28,4,-153,1,2,-124,-58,98,40,77,94,86,153,172,41,17,30,79,-86,39,10,32,-117,76,-92,76,-49,62,-11,69,-10,-118
93,-43,76,3,13,19,87,34,-96,18,14,-63,-14,-49,46,-24,68,107,42,82,36,-53,43,-26,-97,73,196,-123,50,-71,-61,-60,109,29,-6,49,43,41,28,78,95,33,20,155,-17,-97,23,16,83,-27,14,-34,12,67,-122,53,175,54,206,5,-31,47,96,50,-64,26,143,141,-65,82,-25,45,-10,127,-25,79,88,66,-24,76,-16,81,17,56,-15,-86,101,45,63
-131,48,30,51,-23,-40,58,-145,40,-40,68,86,-42,114,-25,38,109,-199,6,-76,-29,100,-36,137,-16,54,-74,-57,-100,29,119,28,83,-26,-15,-62,111,-92,-32,62,12,111,21,61,-63,37,51,48,71,52,-23,123,152,55,217,-12,-64,287,15,-70,-108,-18,-21,-66,72,-102,119,80,3,141,-8,228,-146,-7,25,61,120,68,-35,37,34,-70,37,168,-17,-98,-29,-115,123
75,86,-69,82,44,83,7,40,6,-12,17,113,23,48,16,31,39,66,-41,-16,12,65,-82,-25,-19,-159,-61,57,-44,58,103,62,106,16,1,-143,50,5,-127,8,84,142,-38,-58,46,-3,86,-80,71,-120,111,38,54,45,35,-144,-129,41,-5,-1,21,-24,-52,94,55,99,73,41,184,121,-35,-25,36,-62,27,100,25,111,3,-15,-14,-65,129,84,-51,-28,79,170,-29
-194,25,33,-70,116,174,84,4,114,42,63,-89,1,24,-51,51,141,-32,54,60,54,94,-37,35,-49,59,31,117,48,-38,-76,-160,81,-47,-65,6,133,-35,41,-54,153,140,101,-43,62,66,-54,-13,-32,-89,158,-167,27,34,72,67,-2,128,0,-32,34,-71,-18,7,-75,62,-38,32,73,13,108,-92,97,-57,59,-257,105,91,77,108,53,31,-15,40,-58,29,-105,-24,26
-134,47,141,-102,120,-35,58,-74,-14,120,-102,-18,44,-9,41,65,11,-23,-11,75,-96,75,57,-27,-107,-35,-91,-92,109,-69,-91,-47,-54,8,-47,242,-49,95,27,-73,-13,4,-7,18,76,-57,-187,-35,6,87,31,108,-31,6,39,33,56,15,164,36,44,-79,145,58,-60,-77,177,73,-59,41,128,35,-133,-56,-68,-16,-24,-30,-91,150,82,-9,-60,251,-27,-145,9,22,-55
-145,-81,-2,49,-21,15,84,37,138,-54,8,-28,55,57,-140,-27,52,-174,-160,5,24,99,94,59,-97,31,77,-3,34,64,130,-22,149,111,-86,74,64,19,-96,6,182,60,-76,-12,-148,-54,55,57,33,12,47,-117,77,-27,-31,-48,-9,-84,-75,-56,40,8,-50,-153,-13,-127,13,-51,3,63,-33,-97,190,-62,43,-36,3,-40,-28,32,85,35,60,175,-1,-4,-22,-16,-6
90,23,152,-21,-22,-7,-28,-50,101,-136,-55,102,-60,28,26,-29,-58,55,12,195,73,75,-63,-49,-40,-69,-181,50,21,2,15,-5,139,-146,58,11,-136,-107,96,-24,-80,-31,-44,45,-107,43,-8,37,-75,-44,-167,48,21,-32,-6,7,41,-102,100,28,223,3,-80,34,18,32,-39,42,39,22,-157,28,-35,94,-64,-73,-31,72,-36,-59,2,17,103,3,-110,49,90,85,23
-131,9,-77,57,18,-31,-42,-26,-22,113,40,-6,-151,28,-6,-37,-73,-48,44,-183,8,69,48,-89,124,75,236,-11,-62,3,50,-50,-36,61,49,50,66,-73,-12,131,79,72,-61,137,-63,120,41,17,102,172,-32,-24,192,82,43,-81,-43,143,73,-118,-119,4,69,-23,69,-30,-19,-35,-16,-29,-53,-33,52,96,120,136,61,-24,-101,167,112,-13,37,-52,19,-54,-58,-54,117
-46,127,7,111,-60,280,98,109,115,-75,127,28,49,106,18,30,25,180,32,37,92,112,29,4,67,-2,34,64,-13,61,111,4,113,-23,74,-43,122,1,185,28,155,21,25,92,3,79,125,-188,-2,138,-42,-107,5,115,73,53,39,133,66,129,38,104,-54,9,121,63,-1,206,74,110,2,-23,10,26,74,-109,66,201,91,-2,132,188,63,-52,-36,-34,27,136,60
-51,60,-84,-80,19,136,49,187,-30,-21,109,10,78,-68,9,-111,-23,-78,88,133,116,-35,129,71,-43,158,128,-29,-69,-2,143,-6,78,64,3,-11,79,128,128,61,76,-102,178,22,-24,-61,50,42,-133,0,87,-82,70,149,149,-33,16,-3,141,-118,-38,48,144,-27,15,-27,2,80,-63,-32,12,1,38,-105,-89,-86,96,22,43,25,105,-14,-47,-123,-110,128,-48,18,-6
93,-79,117,128,51,201,87,266,-39,-14,77,-49,72,-77,13,57,116,119,36,31,49,81,86,-29,67,79,3,113,35,-77,139,-23,115,68,46,39,28,2,42,78,135,58,-145,65,12,27,140,-63,86,-21,-57,-117,82,103,30,7,55,-9,113,-134,-52,-16,-58,-40,122,-47,-29,0,18,2,66,-79,46,-83,116,31,32,167,-28,81,117,-9,127,-39,-13,-149,75,25,-4
10,101,-40,-4,64,-42,62,69,-67,76,45,134,0,18,-97,-42,-132,-131,-5,8,30,-11,124,7,-13,-5,158,71,0,-116,87,66,7,94,9,71,14,-74,52,-91,1,17,30,-99,176,43,187,-91,-41,-56,42,-39,30,76,-24,-13,-77,-25,131,-20,-160,66,73,-14,173,-37,-68,12,3,-14,38,-81,-26,-18,216,-6,13,-23,102,62,68,8,-50,-46,73,70,-64,84,105
-4,-23,-85,-37,49,-153,19,-45,12,-24,61,102,-71,-36,45,-15,-64,100,-53,-122,14,-116,121,28,-63,-66,100,15,-84,270,-188,65,-154,-162,211,64,-45,-29,58,142,-94,-5,119,60,-81,123,-6,72,-7,-8,67,101,217,121,-22,40,6,7,-31,56,95,58,-123,161,-15,128,26,-62,60,67,-1,226,-15,29,-34,170,1,-118,-67,152,18,-18,-19,-144,13,53,102,3,102
-61,28,13,25,-122,56,90,-109,-52,-92,-16,129,-51,-62,44,84,-15,-56,77,-82,-132,69,-96,71,-49,120,27,3,-70,94,36,147,83,-114,26,18,164,150,-81,82,-48,72,60,-75,52,65,82,60,-68,-54,-21,125,-53,67,-96,26,104,32,-75,-118,45,98,-59,-17,-84,-106,-56,-30,-62,33,10,79,22,116,41,63,-15,64,-24,62,9,0,-21,37,49,139,91,80,45
-81,173,-77,56,40,-93,37,-28,-79,8,130,85,18,5,-80,4,78,-77,24,80,-40,-1,-62,-49,33,-79,111,126,5,-1,40,-123,-155,24,29,56,-7,-119,-32,58,116,19,-42,51,33,32,24,-14,-9,16,-1,108,169,111,117,74,54,-104,105,20,-113,31,4,31,105,137,98,38,55,-66,-108,58,-25,-28,22,-119,-22,28,-90,-63,5,45,241,45,-19,-35,174,8,60
17,15,59,10,29,8,94,19,118,-68,8,-6,16,27,116,-80,73,113,-19,-68,95,-104,32,-21,-5,-163,40,5,-39,107,-102,167,-1,-89,-50,167,76,-21,26,83,43,67,-27,68,5,162,-77,-50,40,-128,-45,108,-29,85,-93,-43,-36,-14,38,8,-60,-2,83,112,-101,-35,100,43,-15,26,-20,64,-63,94,-123,143,104,63,37,151,86,131,84,48,-5,85,122,10,-41
41,108,56,-37,-56,-100,74,14,18,42,-1,79,57,-84,84,-33,-61,-35,-88,37,55,-65,14,-52,-106,54,48,24,22,36,56,-6,60,-31,123,65,-26,-75,-23,36,-7,14,13,84,-59,-13,67,56,-5,96,76,108,-70,10,137,89,19,63,73,109,-27,-16,-42,5,56,23,-1,68,88,105,-14,-21,-15,-56,104,44,-2,59,31,-139,23,-16,-73,10,140,-104,40,41,-38
43,88,-97,83,52,56,11,-22,-4,-133,-13,176,-7,125,82,15,-67,164,47,119,60,34,-80,-53,11,-25,-61,4,-26,160,-14,107,-17,-58,54,-110,83,-83,133,104,-101,102,-56,15,-95,147,-11,-26,-11,77,-155,87,3,160,-93,233,61,118,77,97,35,143,-5,36,199,-106,106,201,20,124,-26,-46,55,93,62,115,66,76,163,68,34,82,89,75,12,-94,92,4,9
24,129,-41,100,173,-70,15,-143,81,88,-12,91,-48,60,33,60,-12,0,28,15,163,-3,-60,13,-25,-11,-50,58,113,17,114,152,48,-130,128,4,102,-45,-80,-82,16,-39,113,-69,67,-10,19,-26,54,-10,89,25,-22,63,126,125,-112,76,95,38,-75,10,0,37,31,-67,-13,-45,65,92,64,48,35,37,120,14,35,119,23,-10,112,54,9,-3,25,44,-5,-63,139
-24,50,105,49,44,45,16,67,-129,-29,38,93,49,63,160,54,-46,98,51,70,66,-4,-61,52,134,78,-29,-49,-102,-30,-36,87,-16,-97,96,-54,-28,8,40,-55,22,54,39,36,57,0,-140,-63,53,184,79,-96,-39,97,-19,73,46,273,-19,112,-106,-98,5,182,155,-39,82,144,7,64,-91,-4,31,60,73,73,24,53,0,45,8,26,-78,18,-21,-77,20,-26,91
73,-40,-130,6,-85,-27,135,56,64,-9,109,92,64,-77,22,-58,133,51,56,59,-90,9,-119,10,20,-22,66,48,110,89,63,-61,53,21,131,17,-8,16,-91,-127,-78,128,-38,52,27,-82,128,-22,32,-142,68,62,48,67,-10,-22,19,21,155,85,63,-82,-57,-58,65,149,98,-30,68,102,-132,-42,-37,-126,3,5,72,176,-120,-60,166,-37,56,74,-24,121,4,112,72
-89,-131,-81,-22,8,-49,-11,-58,-1,-49,-84,-12,65,-21,30,-93,21,34,45,-11,-66,-11,58,-42,-56,2,-56,-14,-2,41,-57,157,-7,-44,18,-69,43,-43,61,112,-105,-35,-23,75,8,26,2,-41,-41,10,64,22,42,-57,-10,-88,52,-16,-108,-31,38,2,14,-11,-55,69,34,-32,5,-115,-3,-104,12,27,-1,61,-188,-26,26,-114,-82,-61,-20,-71,159,8,26,-65,-23
118,104,-123,68,-1,-28,21,94,79,-55,10,-16,-62,-32,16,-72,114,155,110,-192,-35,-159,-27,-87,22,-77,-59,-57,89,-16,5,91,20,-58,-42,58,-47,-137,73,-78,-61,-81,25,88,7,125,63,36,-27,-135,76,48,-3,77,86,18,-35,-4,54,134,71,61,116,-21,46,25,54,-57,-82,14,-15,-67,-11,-49,-105,-83,-65,32,-1,-46,7,-3,109,-80,-26,44,-20,43,86
152,-57,106,40,94,-6,43,89,18,-74,115,18,139,17,-131,-88,30,101,-46,93,41,116,7,113,66,-44,-46,170,-26,39,-38,-11,-75,8,13,22,58,-8,12,-83,-23,167,-20,72,-80,93,72,27,9,-107,-19,-18,-40,72,-37,-69,44,-41,26,51,43,46,-107,25,12,78,59,71,-6,84,47,-42,10,-153,119,128,-19,-126,29,-18,-107,-83,27,184,204,0,-31,120,-21
-55,18,-36,-30,-1,-75,-19,-118,62,-35,-69,33,-81,-90,59,-119,29,-18,44,-75,-128,3,-10,-60,49,29,25,23,80,137,-29,55,90,-71,162,56,-15,25,102,58,3,-30,61,125,-95,18,61,38,22,29,101,117,114,40,103,35,12,79,-4,-74,2,28,-68,-27,-42,35,6,-20,185,64,-2,-34,-41,-116,20,-63,4,82,2,-37,-33,-131,-26,-24,29,54,-41,-14,-4
-70,21,-6,36,104,-27,-45,26,29,23,78,87,-27,-10,51,47,101,-80,65,-164,90,-102,12,140,25,-24,-60,56,49,27,-9,128,-14,24,41,13,155,3,69,100,57,117,-30,-9,36,138,231,49,-89,-24,83,27,159,-78,-2,-88,63,140,74,31,-209,77,12,72,94,30,64,26,40,-60,-21,43,35,-101,136,0,72,62,18,170,-25,50,79,89,-31,-83,-79,-164,136
-70,198,30,90,-91,-101,22,128,-201,-10,114,162,-23,9,152,79,49,-81,123,8,108,-15,-34,165,-14,130,57,115,67,87,4,-71,61,-145,-57,-14,-7,136,-48,98,13,69,79,29,39,29,140,57,69,-69,74,157,27,168,-50,163,-21,31,-29,-8,117,3,105,11,131,137,-41,105,162,97,16,-55,2,25,-70,-103,77,32,14,-2,104,62,91,80,-32,57,-14,48,-68
92,116,31,13,110,128,92,183,-31,-17,197,-25,183,49,-17,-106,18,184,0,201,110,57,11,-7,-104,-35,13,73,-20,120,86,-105,-112,37,29,22,129,4,45,102,20,187,-88,45,-154,113,82,43,-20,3,-175,19,81,133,4,4,-39,60,202,74,13,69,49,-88,68,16,64,210,3,96,-43,33,18,10,-6,35,183,35,131,92,50,166,123,67,-13,2,-59,64,-28
73,-37,128,74,140,98,151,149,34,114,4,-19,50,92,104,-49,39,-28,-101,80,-60,-40,30,119,77,48,28,40,19,-49,53,56,136,-37,-82,0,-43,2,-44,-143,-45,99,108,39,-88,4,-30,-52,116,1,119,-179,124,49,-15,-60,46,62,-15,42,146,-74,48,18,32,143,189,144,-128,16,-86,-8,-80,17,-86,16,35,-119,121,83,54,-12,-102,61,-19,35,-28,20,26
90,97,55,31,17,113,17,151,-13,66,-26,-65,44,86,-121,1,15,-15,-57,-46,71,-14,-30,-40,-54,130,100,-37,-41,-111,68,-21,20,93,25,-4,-7,-73,18,-82,140,83,-34,70,66,39,19,24,106,-29,123,-177,-8,-60,101,13,-67,67,-130,36,-41,-79,179,-37,-39,-51,42,92,88,-68,-26,-121,106,-13,55,-68,11,-16,127,-36,28,10,-71,53,27,-91,-23,39,60
142,57,-5,-8,-34,65,68,70,29,-81,20,67,-23,-81,49,-34,181,51,43,119,72,-8,-49,87,-32,-3,15,31,54,-57,121,-26,103,-48,-63,-150,20,-41,107,-82,31,99,129,109,-119,-1,72,90,101,-93,34,-59,-13,41,-25,11,-71,-6,86,5,132,141,23,24,-68,69,52,75,110,-9,46,-18,14,-52,-92,-133,-26,137,88,-41,-26,-3,54,-13,-165,17,108,101,80
-2,123,-7,60,-19,46,-86,73,-69,-46,164,-3,-5,65,48,31,-20,-62,67,111,26,16,-87,50,-49,100,7,60,9,81,49,-201,4,41,65,-64,-80,47,23,55,57,99,-48,-64,55,101,103,-7,7,-84,11,72,24,66,95,84,-160,-81,52,-17,-18,-57,24,-183,166,37,-36,-5,54,36,-58,-11,47,-139,130,-167,55,6,-25,-78,-6,81,97,56,-49,48,5,-105,-42
65,-88,15,47,137,91,90,25,189,4,15,-6,8,11,109,-98,107,-12,-107,80,9,98,124,-97,-3,41,-22,12,60,-39,22,84,39,21,22,33,-61,-10,-98,101,85,-23,-34,-27,-131,-29,84,-67,14,-134,-85,-23,192,119,36,12,-87,-66,207,-90,-69,-51,44,24,3,50,114,55,-25,108,-72,-87,89,-56,28,-24,200,-72,-10,52,-57,15,109,83,25,60,-2,-10,-69
-65,180,61,47,-20,80,71,51,-18,126,-52,-49,123,80,187,53,105,72,50,4,-122,-115,-8,106,-85,33,-9,66,69,100,47,11,116,20,-40,-22,45,154,141,73,164,-17,50,-22,42,14,-60,-59,102,80,95,148,119,229,48,162,46,67,52,-85,43,-115,68,4,150,71,204,-30,25,20,171,-50,109,-114,13,-99,84,180,40,-143,117,118,-26,75,19,-75,91,84,59
-73,119,43,54,-34,11,69,1,112,70,86,159,70,148,148,-125,-78,-31,-66,-21,88,-193,-45,135,148,93,65,-17,-38,145,-5,70,124,-70,48,-5,138,-62,17,232,-92,13,51,120,-102,-91,-43,-70,-10,78,57,119,-22,74,136,18,36,151,54,9,-40,-17,-119,125,104,222,88,76,103,89,8,148,-23,-52,-88,42,124,3,90,132,26,154,-3,35,138,-54,-254,61,49
-30,201,-14,79,125,82,67,34,-72,-27,-9,43,-36,1,2,-53,54,15,108,-150,51,7,-63,63,100,11,28,68,-106,-72,-27,88,67,-32,-15,40,-53,41,55,33,-38,-114,103,-44,-15,40,-46,-62,-29,-12,8,34,-48,145,84,1,-48,92,51,-154,-38,40,147,19,65,-86,73,71,-48,70,68,-45,-22,-102,-59,-51,107,-1,118,48,66,35,22,-69,2,19,-50,32,-10
4,-50,28,14,166,117,-60,92,-5,33,47,52,6,168,192,1,-131,84,85,9,97,-15,169,119,-86,4,91,-93,54,72,-7,30,223,-85,-119,-23,102,46,75,65,174,99,-25,109,-31,87,89,3,60,34,-38,74,107,74,7,108,-63,172,11,-52,22,-17,82,-96,167,-19,139,92,-48,113,-28,32,40,122,-16,-63,165,-61,119,2,6,182,99,62,-33,-71,45,-44,-20
178,45,28,17,131,-42,95,98,-24,-113,-12,292,54,80,176,-7,79,4,62,123,85,-54,-32,104,35,70,69,40,97,71,21,264,100,-25,99,-2,99,16,52,79,176,87,38,39,49,-41,114,43,-79,10,106,55,89,126,-99,154,135,67,92,170,-55,86,-44,194,54,-14,90,147,106,151,-137,79,87,-13,-2,5,61,24,36,146,-20,88,145,159,-57,-21,122,26,-34
2,76,-51,-11,-153,84,34,-134,-4,20,-18,-24,-65,56,-16,79,140,-53,-15,144,-42,181,-3,-35,-79,-47,72,-46,32,-93,96,-135,-7,64,-109,-8,138,-41,-101,141,56,-69,5,-71,133,-86,-111,40,36,17,-85,90,-56,47,47,14,67,-131,165,-49,21,179,3,-68,99,-151,-77,42,-17,-85,52,196,-110,99,-92,-61,132,49,-15,89,31,-25,222,91,28,-91,96,51,-11
-5,96,18,-7,145,-45,-40,130,45,-24,2,23,-56,40,-23,-2,-50,-22,-21,75,94,-75,19,10,3,-56,164,67,1,-70,86,107,-30,13,23,-37,83,-69,15,-115,-43,28,215,-34,22,-49,94,-36,-61,41,91,-33,-27,32,-1,-3,-42,37,62,153,23,24,11,29,-55,-13,71,38,-9,13,-67,-12,-42,55,16,-22,-6,-1,19,-42,105,-51,-12,-7,-47,147,-6,-49,125
-89,-7,-104,64,-4,-95,-99,-151,40,19,-11,-6,-19,-65,-64,-132,-64,-20,153,-61,-98,-3,-42,-23,-23,18,135,-192,106,73,96,72,-59,21,-16,93,57,22,186,-68,-20,-28,83,144,33,122,-68,16,42,24,0,78,110,106,197,34,-29,99,61,-26,-112,59,187,98,4,-75,178,4,35,-86,168,0,-129,-55,-110,-20,77,58,-46,-17,215,-63,-237,-109,15,-4,-53,66,-78
-103,106,105,30,-29,-115,42,-30,23,151,19,-41,22,-31,-4,-44,92,-100,-57,-27,-21,-26,-101,94,15,10,165,0,168,135,24,-58,-53,24,-19,-20,247,-9,-23,132,10,154,-31,76,29,3,32,-57,30,-11,87,98,26,-6,4,-20,123,83,31,77,-17,-76,19,-106,25,121,94,-38,106,-33,-16,22,-130,75,6,-73,27,88,56,-65,60,67,110,94,67,13,35,-6,-35
50,110,-78,-59,96,101,-19,37,-7,15,74,-120,-8,-223,63,-49,72,4,70,26,-18,-50,-129,14,98,3,-99,-112,102,127,-4,5,-108,-92,75,-61,-115,44,70,34,2,91,190,164,-19,16,61,-26,-14,-113,64,53,25,-23,-31,-14,14,-52,-6,-43,-64,21,-248,98,-74,60,95,-28,126,41,119,50,5,9,-1,-81,-71,155,-6,13,-21,-44,-162,-110,-19,67,-63,-143,-63
61,34,83,33,45,147,11,200,66,27,24,-48,50,22,-128,-34,72,147,-82,31,48,61,1,-245,-40,-27,53,21,-54,-39,113,-55,-19,122,-34,-3,-40,-86,15,-21,23,146,-152,-63,-9,-9,38,35,100,58,-6,-101,8,5,102,-28,-54,64,27,78,69,25,-17,87,140,-37,12,173,-11,-1,-16,-90,-32,-108,62,50,2,73,215,115,74,-27,111,92,11,-106,-12,113,-16
