33,96,21,-54,-46,38,11,20,66,-2,2,89,-23,-27,-11,-112,57,-49,61,97,24,-15,59,92,20,42,134,-29,-93,-73,25,42,23,-87,114,102,-2,-120,123,-33,2,55,172,59,-8,-65,97,24,83,-47,50,-48,79,18,110,-53,24,51,186,75,94,152,43,137,-51,-14,-21,86,-28,31,93
26,123,-75,112,35,-34,30,-102,53,73,-43,61,-4,10,-73,-15,92,10,-18,28,-38,67,15,40,22,-93,39,-37,9,-9,-215,12,-31,-46,89,38,65,-133,59,32,33,-20,11,21,25,87,-34,1,-76,-23,41,38,-136,31,-87,-27,143,36,18,-24,-66,-34,70,71,111,-58,23,38,5,-24,-178
72,12,39,109,19,-81,93,0,177,-94,-6,-14,56,-112,54,9,-41,15,9,86,154,-53,11,21,39,-56,-205,110,105,37,104,49,-33,172,-37,24,-46,-37,29,82,45,155,39,78,-9,-141,-61,92,16,-21,93,-29,108,109,120,13,54,0,-52,-15,112,17,54,100,3,113,10,-127,72,-5,38
-33,15,114,15,-17,17,50,12,-45,64,-49,38,48,17,-41,204,117,-143,-1,0,62,-97,78,77,89,-26,27,-14,-47,118,19,-61,99,68,37,66,-71,72,115,32,7,107,-55,2,-51,144,13,-25,-87,126,52,-40,5,-105,7,90,51,-153,10,91,64,-137,184,-57,91,-48,93,18,0,-146,-20
-4,-95,55,102,76,19,70,56,-67,4,-24,32,70,-5,72,77,-70,-37,58,-19,27,-38,60,8,67,-7,77,44,-31,21,139,-3,21,94,3,140,14,147,5,75,20,144,-32,44,-47,-39,-8,135,22,74,74,-86,136,-58,107,-7,-39,25,47,-139,-42,92,13,1,94,73,20,-13,68,-40,39
103,95,16,25,27,171,0,1,-77,-34,-79,-22,98,-202,131,85,67,-5,-2,-10,79,63,-90,7,23,23,19,4,44,87,65,-1,-15,110,31,-31,-15,11,-154,59,3,0,-35,55,-18,-77,165,-6,2,-109,126,-65,-31,33,-61,125,132,112,120,43,34,-74,4,168,31,235,45,27,221,84,44
-57,-136,53,105,-35,-1,1,-71,-60,6,-75,31,62,125,99,-55,-197,38,98,-81,-68,-136,72,-149,123,54,24,62,16,-16,97,-48,9,39,55,-56,-82,104,-54,-39,-63,42,33,-69,110,81,85,155,61,-30,-22,1,74,67,-9,31,28,138,8,90,14,115,19,31,-8,-23,-105,29,-61,84,64
55,-86,-139,91,-3,70,-14,55,108,7,194,-93,93,-37,4,-81,46,23,-15,-1,200,37,-110,-18,-62,77,-48,-12,-14,1,44,36,-22,-65,-81,113,87,102,-65,-101,-188,18,-61,2,51,-80,80,24,-39,-52,-4,-56,185,-35,-174,-34,6,38,-22,-74,87,-107,53,49,1,-22,44,68,-58,169,-33
-40,138,8,97,53,5,10,-41,24,27,92,85,-11,29,3,-26,25,66,-23,-43,-57,84,-12,117,72,-47,-35,37,107,36,-64,106,55,-90,-31,15,121,-122,44,-98,33,25,-88,115,-152,-62,94,-127,36,97,73,-148,1,71,-33,47,80,-155,149,22,-30,-35,84,67,-20,-73,91,-134,102,-22,-85
41,-35,49,-18,-137,-124,-34,62,49,142,77,-13,-15,-34,-36,61,-20,-159,-76,103,2,-76,95,75,-79,128,21,-122,76,37,-32,21,82,62,-37,165,65,153,18,59,-92,106,78,23,37,13,94,78,-103,84,58,68,-51,0,2,-159,-32,67,95,1,52,39,4,85,128,97,59,47,-70,121,-20
-47,-63,-44,72,44,42,100,-50,-59,-78,-30,81,49,28,84,-31,-89,-5,83,-38,-1,66,21,-45,10,-97,75,-14,13,-38,-29,158,108,100,-138,32,-2,-36,18,103,39,-25,55,12,0,-34,-167,108,21,17,-1,-113,24,38,119,-49,121,-34,82,45,103,-39,-99,7,41,-21,35,-114,-30,44,-70
34,-72,-118,129,45,69,-55,-49,-76,-26,101,-77,92,94,-48,92,88,5,73,-15,-72,4,-57,39,56,-87,-67,-35,4,51,-22,-32,23,-35,-46,-61,31,-4,-43,-68,-77,-65,-112,77,-3,0,-22,-175,-105,14,10,1,-12,-60,-105,19,-2,15,86,-107,53,-144,-4,98,41,186,-42,-37,-30,3,-44
31,48,95,38,72,30,-79,-18,63,-144,78,-17,-95,23,70,-62,28,85,3,-112,119,13,-39,66,73,23,74,-4,-24,-18,91,-18,-130,-18,-21,34,86,-23,54,-9,-38,47,-11,-50,54,-74,-112,103,-26,-80,128,-10,125,-3,89,-39,-83,35,-36,19,184,115,-76,-99,-60,-13,-8,115,-32,67,77
99,45,-57,85,-81,69,-4,28,-57,31,80,63,-31,27,10,-108,-71,50,141,28,88,67,-15,161,-47,8,76,58,108,21,-133,91,51,-122,4,21,68,-165,122,-43,25,58,171,89,-40,-89,82,-103,12,118,-11,125,-24,-41,-29,36,45,102,14,-84,32,22,16,76,-65,71,9,27,4,3,-35
-2,-52,-15,109,23,95,0,-50,87,-21,14,134,-14,44,34,131,-28,37,-41,47,-39,18,-33,-16,44,69,-5,-56,11,-9,-3,-1,-22,121,-4,14,-103,75,-74,13,31,91,9,60,-28,114,144,50,-18,-92,-43,-20,106,-25,76,-39,-73,78,-52,32,-15,-61,34,-46,-71,-54,-19,-186,-106,33,65
-11,-24,-60,90,9,-53,-43,84,68,21,-10,-42,-10,-6,-119,-1,-24,-18,-4,73,100,-48,28,77,114,69,69,114,-63,60,-13,118,-5,-57,-9,40,171,-38,-6,-87,97,19,0,-70,-38,6,-28,140,-52,93,-48,87,95,-39,-10,72,41,47,33,-45,0,146,43,-61,27,2,55,33,106,35,-82
117,-22,-64,48,-97,49,-88,39,39,40,-22,39,15,71,16,-27,10,88,47,-39,153,17,119,-116,39,40,-42,34,-63,-37,-26,78,44,199,76,24,91,103,-76,74,-44,6,11,16,-106,-89,17,111,-62,-97,62,-23,-21,21,-115,-34,110,268,-23,44,130,41,63,31,63,256,-32,75,153,55,14
96,-82,-129,113,84,14,-38,-139,-26,0,-19,75,146,-67,0,-22,-64,46,69,-91,106,27,-12,20,119,113,17,66,-21,-40,14,92,7,118,77,1,29,42,-123,15,104,-7,-73,6,-70,-115,86,168,114,-30,-8,115,17,114,-86,25,-35,-7,15,36,-25,-41,-78,52,59,28,69,-81,140,-65,128
-121,144,-76,-82,51,-51,38,-93,21,98,32,80,-79,50,30,99,91,-37,76,-143,-95,101,20,161,-26,-108,99,-65,4,-13,-93,-35,-124,-31,58,19,181,11,22,-61,-106,-68,134,61,32,44,-37,-14,25,4,-74,-52,-52,6,18,71,-64,53,12,58,100,-23,107,79,63,-122,145,63,0,24,54
-45,-27,-21,-96,20,6,58,37,-181,154,-77,67,-81,-17,-74,48,111,112,-17,21,-8,7,-10,-72,22,-53,48,69,71,-13,-24,21,27,93,85,-98,-109,91,54,-90,-28,88,-9,-28,-45,54,-47,65,-4,-25,-18,32,-15,16,-87,-29,-7,-28,103,-1,63,-20,48,61,43,95,-12,4,34,13,61
65,60,-27,61,42,55,23,11,12,19,15,160,-3,-71,39,-17,21,-7,149,179,128,-19,-4,78,1,-25,15,-49,-11,33,27,65,69,75,48,-45,-43,-86,18,-5,72,89,21,75,-49,-14,115,3,142,102,150,83,45,76,-100,-15,-8,-31,33,-52,-174,18,3,32,-46,199,4,-86,143,-73,116
-6,-4,78,22,14,14,37,-7,-49,17,-9,-27,67,109,-88,53,-6,53,121,38,36,-140,44,-92,112,33,30,-102,-62,30,93,71,21,62,-103,84,-21,86,52,21,-21,-16,-73,-61,-19,63,-51,8,114,16,88,64,94,69,-84,-33,183,-60,31,47,-66,-68,-90,-34,197,-47,-8,21,36,14,39
31,-140,47,74,9,64,47,82,78,-102,96,-29,29,110,-4,101,-47,51,-6,59,55,-143,-89,-63,61,47,90,-75,93,162,52,21,24,-21,22,85,86,68,112,114,15,48,12,125,-40,-57,54,45,23,125,189,-89,87,-45,-21,-17,177,67,33,-83,67,197,18,108,107,84,117,33,-89,121,-56
18,49,5,8,-7,32,9,96,-50,-89,-14,138,-60,-15,119,-42,69,-62,61,29,-25,196,-121,33,28,-21,-26,110,56,32,80,69,55,-56,-19,-42,-58,32,23,117,-5,11,-50,-54,14,-18,-42,10,125,44,32,-109,163,135,45,-53,27,55,136,0,-62,138,43,-64,-47,-58,-1,-39,201,-37,101
163,-73,108,50,-14,14,-3,65,59,37,-59,93,69,-47,144,127,-28,-14,-59,-29,-53,-25,-35,44,21,48,-158,27,143,78,81,-103,-41,147,77,-113,-140,-24,10,123,141,66,-58,82,-106,-16,149,-88,94,37,-10,-35,5,59,146,58,40,7,133,81,58,8,121,34,-26,86,-49,-21,132,19,106
103,142,87,98,-51,116,-52,-29,-20,-9,-25,51,-12,19,35,14,-5,-61,16,92,69,-18,-55,53,54,97,82,-12,71,68,49,-12,-16,-32,97,105,-59,-144,73,44,-10,6,107,172,42,-73,165,-15,35,-89,129,7,-30,-16,20,-11,63,13,-32,88,21,101,166,84,22,10,-26,123,-5,-10,115
96,31,11,-28,-103,-16,2,101,132,-66,-47,36,120,-124,-44,29,-7,-66,19,193,54,60,64,-1,63,122,-93,66,-46,-13,-59,138,91,-48,27,-27,17,-19,-59,10,122,108,-10,-4,-46,-6,80,94,71,1,70,-93,56,150,96,-32,122,-20,77,98,-67,73,-42,55,60,-19,78,-13,85,-14,64
5,79,28,57,0,7,79,47,130,166,38,21,-128,36,140,-6,48,133,88,-104,28,-62,184,73,78,-45,25,88,82,-43,-19,-25,-128,180,137,-32,111,18,126,114,99,77,94,170,-100,112,-19,-5,1,-12,-54,10,-81,-141,11,118,27,25,51,116,27,-6,90,128,117,77,-19,-91,81,78,-4
97,-32,103,-109,72,11,-5,-71,64,-88,-78,-22,-7,131,20,37,-10,57,-69,-82,-56,-94,102,43,-87,75,-78,60,50,0,-41,19,25,75,-4,47,99,94,-95,110,117,-46,1,74,-42,74,39,-24,-38,32,-51,-56,-40,14,138,-11,73,176,-150,182,33,-98,-60,23,81,79,9,-36,-6,-11,37
-10,44,73,64,148,-17,47,43,-32,102,-41,100,-119,16,-80,136,25,97,-17,-76,-16,145,-55,228,80,-56,44,120,177,33,-10,64,-5,77,78,-79,-23,170,119,-10,135,44,-39,137,-98,3,-63,40,68,-2,10,1,30,-25,23,26,41,76,18,-23,74,176,94,-39,69,63,29,-44,98,51,24
18,136,-35,40,-3,-43,-36,-83,-97,69,-49,36,10,24,48,141,-34,-79,-22,-55,-31,98,-55,79,86,-56,19,-125,180,-24,-4,46,-34,0,-32,-58,-28,-112,20,-44,65,-81,36,80,105,6,134,-43,63,32,55,66,-108,36,-93,-30,37,52,32,91,-10,71,10,234,55,-7,106,59,54,95,78
-79,132,30,75,4,39,32,-24,-66,-104,86,65,13,68,-22,-72,-128,94,136,-36,126,-24,31,-53,92,8,156,9,0,-13,21,24,-107,-1,-59,135,12,-51,72,-43,-1,-44,166,-94,41,116,-1,3,73,-65,28,69,193,-54,65,161,-46,40,37,27,18,26,81,-33,24,-123,7,44,11,63,105
57,33,24,6,9,-46,6,-32,-78,-81,-51,48,-4,-47,9,67,-86,38,39,-134,60,-145,45,69,56,116,-20,76,25,10,-32,141,-62,104,42,114,-13,196,42,157,-3,157,114,4,-52,66,69,94,-11,-5,-24,88,-54,50,82,27,-29,84,-31,-54,-84,26,22,-86,116,100,112,18,-21,51,71
20,-64,127,118,-31,20,-74,-30,-43,87,-36,23,33,100,37,157,-100,52,-44,-135,-45,184,79,8,102,98,28,-38,39,26,73,80,24,180,-36,86,-91,183,-15,171,12,-64,2,52,-58,7,34,-46,-3,-35,29,6,104,40,68,85,19,100,-43,2,85,-2,144,-63,98,78,49,32,107,-46,37
113,50,109,35,27,197,33,-11,84,-28,64,8,-65,-13,80,145,115,49,-14,-147,58,62,-86,9,-24,91,52,-30,100,56,139,-26,-197,124,72,-12,17,160,44,247,-9,46,-53,6,-110,18,47,-43,58,-188,115,-29,72,-81,112,108,-36,129,96,53,187,-18,154,3,-16,52,-67,28,94,60,44
9,106,-20,-4,25,100,34,-22,-96,-89,-56,79,44,16,11,12,53,15,138,-9,127,-65,-39,-129,100,12,148,-34,-103,-45,5,-15,-20,41,-55,-19,56,-10,35,28,45,26,79,-63,-69,62,-108,-29,33,-41,97,39,33,38,-73,3,143,-13,57,-85,-143,-51,-41,-76,115,108,18,22,180,12,-42
-31,9,27,168,-8,-91,55,-32,118,153,97,1,-15,88,11,-50,-70,62,-61,11,9,60,118,-80,133,45,39,-75,117,-78,94,21,71,18,-75,111,154,-3,159,-1,45,182,76,-51,34,-122,-86,98,-55,-50,97,13,134,2,30,-65,10,67,99,7,-38,208,-46,56,135,-9,68,139,106,59,128
-25,8,63,-39,58,-60,145,128,-47,7,-97,122,-111,-22,32,39,-89,-63,-1,65,39,-108,-17,-50,134,-56,-40,123,225,103,128,51,49,63,-54,-27,-15,-107,125,99,113,65,51,48,-86,-76,-92,154,30,-46,120,-75,4,46,83,-20,149,-13,36,93,96,193,53,126,60,19,3,-32,113,105,-34
34,151,19,-88,-20,13,-82,35,5,3,-42,55,-17,-63,89,46,34,-9,90,16,25,-36,151,11,29,1,31,49,-29,-41,25,-98,-46,60,38,87,-41,107,-106,36,21,33,43,-9,-15,115,0,125,19,12,-86,-65,26,-41,58,36,-41,-51,63,111,29,-53,25,-42,8,98,17,-43,64,46,142
51,84,39,-52,-7,-59,55,71,120,3,67,-12,-156,-81,-12,-65,63,-97,-10,78,70,-15,-21,21,-150,11,13,67,164,-7,72,95,-55,-25,-26,37,147,-82,86,6,3,26,136,72,84,-107,-22,31,8,1,77,7,37,-117,20,27,-93,-20,-33,19,-44,63,-1,93,-43,-26,3,27,-37,-37,-79
115,21,27,120,-49,27,-36,-1,-13,14,8,37,-54,30,-16,-92,2,65,94,63,65,177,3,25,102,30,16,114,187,164,106,93,-81,-76,-90,48,48,-137,109,69,19,69,-32,104,100,-44,6,1,56,18,51,99,158,-35,107,89,92,100,31,39,37,95,206,102,-28,-44,-62,8,19,46,-11
-34,-68,37,-12,-1,33,45,16,57,76,9,-33,-17,-47,57,67,42,49,-13,107,75,30,37,73,45,136,-122,39,105,64,45,-25,-63,-67,118,97,65,102,25,-29,-170,30,-70,30,-6,-40,13,-62,34,103,46,-3,18,-70,-38,90,10,-18,34,-37,50,1,101,173,48,118,81,33,-26,84,54
39,114,61,137,-56,-49,50,13,51,78,109,-80,-54,-49,108,-44,18,69,-8,42,33,37,-3,99,23,99,67,-10,-8,13,-26,-110,59,-78,121,47,34,58,80,76,-3,106,-24,38,175,34,12,80,-28,-3,50,-26,-153,-119,78,2,70,-2,101,25,-107,63,32,-6,80,-33,50,18,34,-1,23
19,-74,100,-77,98,-36,45,38,-14,15,-51,70,-89,-104,64,22,16,-73,-16,-6,48,-70,-101,103,-63,-86,-50,49,180,6,44,-33,-64,86,66,-56,-52,124,13,-19,59,89,-5,46,-15,-12,-44,42,21,14,-16,-41,-23,-3,54,-89,79,59,-44,102,56,140,21,147,-6,8,-43,96,-35,157,45
143,-4,20,59,4,115,-109,-38,166,-25,73,131,-85,-49,-26,-30,71,91,-113,78,147,147,26,96,28,54,41,47,67,32,21,165,-58,-48,107,50,-6,51,51,74,-120,52,73,52,49,-115,131,19,-121,-61,106,-91,73,-62,-74,50,21,14,-11,80,12,85,81,41,41,32,-44,189,-85,30,63
67,36,54,13,-97,82,-92,20,49,-90,-41,24,-105,-13,34,14,20,-72,-13,-15,-19,129,-33,139,29,33,133,-3,-73,54,50,9,16,-66,42,-2,-27,6,36,-14,-46,59,55,65,32,-143,178,-46,-65,47,-72,8,-3,30,11,86,-102,101,47,38,-45,85,14,-62,-80,-57,66,25,33,-39,124
-79,1,-39,-22,75,-79,-13,-64,-46,-33,-43,95,9,135,-33,89,-8,55,-29,-15,11,94,81,52,37,-24,-3,29,250,-41,-35,193,23,1,18,90,102,71,21,54,-71,44,108,130,-25,53,59,76,47,62,17,8,114,54,-2,-60,16,139,-57,56,39,21,90,54,-29,-29,54,25,-20,18,-10
-96,36,48,35,132,72,91,1,-18,137,13,121,-103,-30,-30,106,70,-2,41,-69,102,90,-52,-7,32,54,87,-41,67,6,95,120,15,132,-14,-9,98,135,69,38,6,165,44,-36,-75,29,68,9,47,-132,38,-2,134,-32,65,-104,25,98,18,-39,-65,126,53,21,34,-17,2,27,27,156,84
-68,56,-30,96,-111,-90,97,-79,86,-42,27,-12,34,31,-11,-2,35,-3,-73,-43,-15,-44,144,22,-17,-23,37,66,20,-61,-8,-124,37,50,71,29,62,-6,113,49,-28,71,2,107,-6,-50,-42,-15,-56,63,12,-82,-25,-76,70,52,30,35,72,-33,30,58,180,190,82,18,-59,35,46,-13,-78
-6,-5,37,-81,-54,-25,-16,-46,35,69,74,1,28,80,-62,54,-64,-96,-67,29,-77,-150,76,58,-96,201,-69,-173,28,79,61,29,-40,-6,44,129,-15,30,41,236,-32,-103,-23,-5,-71,79,16,-42,43,-68,138,81,-124,49,-23,-37,13,-21,88,-5,41,-53,-35,19,115,52,17,52,100,8,-48
48,63,-22,-53,191,-15,-22,52,27,45,40,41,-42,19,-48,3,103,15,-21,-9,66,-110,20,113,-18,-39,-138,-31,198,5,-29,35,-88,7,161,-17,6,131,35,46,12,-43,28,69,-125,39,-77,103,7,-27,80,-29,-75,-9,-68,-12,125,31,-21,81,164,64,35,131,27,59,51,180,61,-11,4
-9,139,46,44,95,21,84,-10,-1,20,-88,81,-2,4,80,150,-35,-45,4,-1,7,189,-75,93,-56,-94,-11,52,292,13,2,156,-56,-21,-26,17,90,33,97,123,-25,108,185,122,-71,10,81,-156,-9,59,155,-81,34,-37,28,118,14,37,20,15,-20,55,94,86,124,14,64,31,-21,5,25
-32,70,-106,119,-36,66,-31,-90,-139,29,160,79,64,174,0,-66,-95,41,153,-86,65,21,66,22,63,-18,193,62,-2,20,-27,61,-10,10,-89,-25,145,65,59,-26,-8,135,70,-14,36,98,-40,-1,54,54,-13,8,69,-22,26,31,-50,55,97,-35,-110,-23,32,-79,72,-77,-22,-2,122,-2,25
-62,90,83,54,0,45,25,78,46,-4,46,90,-65,215,92,-28,32,86,61,98,37,77,110,121,87,103,130,-25,53,86,54,167,14,-2,24,29,111,-48,87,166,128,146,144,61,-10,62,73,52,35,59,46,21,122,25,175,83,93,43,-8,125,38,104,-19,-80,85,43,128,-80,73,-67,120
-52,138,6,-85,-24,-31,-15,7,-119,-131,-38,82,-12,63,63,77,23,47,19,-63,156,5,34,39,114,-171,8,-10,-2,-99,80,17,-7,92,-18,-78,-60,3,71,-15,-99,96,52,-8,-81,-11,-7,67,47,-5,42,-28,73,48,-45,56,65,18,-107,20,54,34,114,25,-88,20,98,62,56,101,80
45,64,98,-54,-155,33,15,58,171,-20,-39,1,-63,-23,211,21,-3,-8,-23,56,0,58,77,125,64,3,-78,170,19,-5,51,39,88,-98,88,51,-45,0,74,137,101,-51,65,136,-4,36,30,-49,80,69,-80,-94,52,-12,58,35,64,3,11,69,-115,120,13,40,-99,88,67,-204,76,87,36
-67,-107,39,19,97,81,17,27,88,62,-18,75,-101,111,61,150,-25,-53,63,-7,-53,131,-69,-11,15,-30,24,-100,42,40,2,16,-8,54,-20,-28,17,-4,-19,27,-3,-127,-5,124,-63,19,3,-127,-121,26,19,-98,33,-27,13,-79,91,43,-142,64,-5,41,-77,106,57,-53,35,-26,-61,-9,9
46,-60,22,-61,8,-24,68,192,-102,-124,-12,11,28,-189,197,-9,-45,-92,78,2,89,-63,-155,-76,28,-123,33,151,7,-32,40,-31,-46,44,26,-77,-74,64,-104,68,46,-5,-4,-21,-48,99,18,0,87,6,-99,-28,20,57,34,35,-32,-87,-67,-61,-152,54,-10,-24,-118,3,-8,-75,22,125,-10
13,0,47,182,-44,67,31,35,117,66,18,93,15,14,55,65,38,68,17,85,36,113,-67,35,134,56,31,-64,54,187,104,-61,70,149,-17,-13,-21,25,-12,118,38,4,1,87,-75,-25,91,-63,18,-9,37,46,87,76,-71,25,213,38,158,6,-54,73,-6,-52,55,163,63,-52,167,151,61
68,58,76,9,-108,100,-20,-6,-23,-47,-50,38,9,13,74,46,-32,-115,-26,-20,28,72,-5,16,-12,-61,11,56,77,66,-1,-40,-70,11,43,38,-109,21,104,115,-59,-18,55,4,131,91,108,-28,3,15,20,-54,72,16,38,8,-61,38,31,2,36,3,82,6,-9,-24,-29,94,20,76,5
110,109,3,47,95,91,72,120,36,2,49,70,-89,-187,57,74,95,154,133,-33,61,28,-14,63,69,-74,36,-13,64,118,28,133,-45,112,29,-31,6,-45,90,145,163,173,42,107,-76,-60,88,24,-5,-108,55,-13,8,-68,144,100,105,-24,216,3,-95,-21,31,42,-15,111,24,23,103,69,98
28,-93,-59,109,-153,-100,-18,-25,23,87,47,60,-2,78,-12,27,-85,-51,-46,17,-39,63,29,-96,24,72,-73,-72,57,31,44,97,-23,-11,29,48,-45,-54,111,138,-39,21,23,19,32,-48,48,-19,-32,-33,-11,135,5,113,-6,2,-58,43,30,-70,-4,131,154,19,72,-37,-21,44,103,-51,104
34,-74,3,66,2,80,-104,-26,60,129,67,-52,67,143,-47,-4,46,-7,34,-17,-57,67,126,72,-117,61,9,-114,-20,131,-125,45,30,95,-48,75,40,156,-8,127,-102,56,85,64,-46,54,-48,48,-139,50,-145,-1,-47,73,43,-88,44,11,57,-78,65,-149,-43,-144,62,-7,79,-5,35,-106,-31
-102,236,24,-10,65,-54,122,-65,63,37,-50,63,-72,-11,20,-8,50,130,-66,-49,-19,11,10,97,48,-89,19,74,124,15,-74,25,-48,-78,120,71,33,22,157,87,-83,62,63,64,-55,42,-5,-2,-4,43,50,-55,-45,16,6,42,80,-78,-81,-74,-99,49,72,39,64,51,91,-55,-1,-4,-143
-19,-70,49,14,-40,40,58,36,-78,31,21,-42,8,53,-3,36,18,7,-3,-22,85,-34,51,-41,-20,21,52,10,-39,-88,39,90,3,32,-59,-24,87,108,102,-32,-69,191,40,35,25,11,166,-47,0,46,0,41,138,-116,-60,17,-63,5,33,-70,-109,12,49,10,131,3,-53,13,-107,98,40
-4,-5,-71,147,-37,60,85,-1,69,-93,53,3,43,-9,82,-172,-145,38,-72,-71,-22,-47,-84,-78,26,40,-53,199,31,-70,-95,60,85,-59,74,-64,2,-62,24,58,46,14,44,-12,-29,-94,72,46,43,-131,-88,-51,25,-5,70,12,-35,61,54,-110,-93,165,2,12,-125,43,-63,-209,7,58,-62
97,165,51,56,57,-44,37,-132,97,-186,-55,21,28,-102,31,-2,-8,96,-81,-88,64,58,-41,11,-1,18,-99,127,137,-51,-30,-1,-82,78,-18,-1,49,6,34,33,156,48,33,59,49,-66,-20,12,75,-31,112,-29,98,20,181,111,52,121,-74,69,-4,26,-47,115,62,39,2,-20,57,17,57
93,154,112,66,-43,100,15,182,80,78,39,-148,-60,15,187,-5,58,50,-69,115,57,-53,14,60,78,32,60,112,28,-60,172,-28,92,-41,153,53,16,48,79,70,48,72,-148,68,-14,-16,23,50,83,36,116,-157,-24,-43,-46,33,-15,-87,106,85,-53,47,53,-24,-39,20,27,-165,163,48,15
117,80,-62,70,91,218,112,18,55,56,-6,28,0,4,3,-102,66,85,137,49,59,112,-50,112,-20,-114,23,65,25,51,-81,55,5,5,108,12,-11,-54,115,37,-2,2,18,145,-54,-4,86,9,68,-50,51,-42,49,109,-7,-10,25,104,17,37,75,-55,-1,137,-50,-30,-4,-24,15,104,64
55,-45,-55,8,24,-74,-46,-8,53,72,-82,8,56,-67,-40,-29,29,15,87,24,85,19,117,-81,7,-20,12,61,-17,-2,79,49,-37,6,-72,91,146,-62,-34,-160,36,106,71,-3,88,-119,-115,58,-71,87,25,-26,120,-47,56,24,47,81,-38,106,80,-25,69,23,100,9,-58,218,-45,-26,37
-74,-118,11,-84,-9,-32,92,84,-20,31,-51,19,12,-23,60,-16,-11,-74,-43,25,-27,4,-41,-65,-34,74,5,-111,81,50,79,-5,-12,1,79,71,4,108,60,198,-21,58,-58,-74,-9,96,95,-3,16,30,-102,53,-55,-108,61,13,76,14,34,6,9,34,74,-36,40,51,53,18,9,55,-24
