-23,3,-19,-72,33,15,65,32,9,136,1,-4,33,-65,40,-85,116,21,-30,-80,3,-56,97,28,0,51,27,10,10,-14,34,83,54,-22,14,87,-14,95,-54,-54,35,18,-34,8,43,24,43,65,-115,-29,11,44,-60,18,6,-25,-8,47,-5,117,88,-36,107
-1,-3,44,-18,79,-43,115,43,36,1,20,-48,146,19,56,101,80,123,-43,-64,23,-95,81,94,13,88,54,82,68,98,77,-8,69,-68,127,2,-46,8,72,78,-20,62,-75,-1,-10,-44,-90,29,-60,32,7,-53,-15,-30,89,9,-14,-43,-31,81,29,-23,66
62,-9,108,-11,59,-30,42,23,72,107,22,-61,159,-13,-2,-51,-9,105,-37,3,-25,-20,-52,16,2,35,155,108,-14,10,-35,134,89,-16,106,26,-38,-8,33,-34,8,88,25,27,109,-69,-33,-20,102,1,25,0,-77,92,-41,112,-8,62,2,47,49,44,38
21,113,147,142,150,-2,-40,-33,88,-36,49,-9,62,117,109,-40,32,141,148,-6,74,-26,69,-32,-22,82,50,87,9,29,-59,-53,17,-60,137,135,43,-5,137,-9,-54,88,35,36,68,116,-36,76,121,150,39,-83,187,-5,-23,88,-82,108,18,16,26,82,-50
-84,70,80,-23,74,-12,-20,-22,19,89,58,-47,220,-14,14,20,60,94,-33,-68,98,12,-36,56,101,-5,2,20,165,35,62,77,14,146,-85,44,-41,-41,10,53,-42,14,-10,22,2,15,-22,27,8,41,-44,-33,64,-28,157,4,33,51,-32,32,12,-9,-88
18,9,80,-32,41,22,-61,-16,-34,127,31,69,-16,-64,2,85,62,65,62,-41,-17,-18,-143,92,107,11,84,81,-35,16,-49,53,96,-14,52,52,179,-26,103,-50,-31,-107,36,170,59,34,103,-39,-93,60,-108,15,11,-71,91,45,-123,107,1,-15,-68,0,13
116,-54,-15,106,217,27,-16,-52,-87,40,130,118,92,85,137,53,-60,-5,119,-29,26,-128,64,-5,-69,152,186,-14,6,59,-56,-103,-37,-131,92,101,38,80,38,-20,-91,75,-73,112,-54,130,65,131,35,27,-58,115,96,58,20,-129,134,13,5,-43,104,-9,106
-115,-52,31,40,169,-83,-39,-38,43,-58,4,-4,-101,57,55,-64,-51,72,64,-50,76,117,82,-144,9,-111,34,27,-31,-37,27,-15,-36,-3,94,38,-22,-12,-24,-71,60,-30,24,8,27,13,-57,-148,93,-35,64,45,-45,-58,-52,-108,-39,-30,33,68,85,-73,-37
52,138,109,-49,10,-48,104,13,-14,76,-60,36,23,26,14,107,39,-51,-22,75,113,-36,82,62,-22,185,36,84,109,82,96,86,-9,58,24,11,-76,105,68,55,97,-111,-43,41,123,54,-5,44,-26,-25,-9,20,52,36,51,-57,93,124,73,108,19,117,154
112,-23,34,7,66,-85,56,133,108,-3,45,-33,19,-34,-22,-91,55,54,18,9,27,78,-14,44,155,52,88,-63,78,72,-16,16,58,-45,-12,0,63,-128,106,102,-117,13,-44,-17,-38,0,-25,150,58,-40,-104,21,46,66,-1,123,126,-50,-20,-103,-78,68,-26
29,-29,53,27,-46,74,64,29,85,89,-3,141,-19,-40,78,-97,98,-93,153,64,27,-122,37,168,-37,156,66,-62,8,12,-12,-57,2,-105,127,85,158,-20,-2,-47,-66,-15,80,66,11,69,48,9,78,-10,21,-123,113,88,-12,83,23,-58,3,-16,-62,62,77
16,44,48,17,58,59,15,-117,24,43,36,-19,-12,96,85,-45,-113,-14,156,45,-1,12,62,-103,15,13,107,50,31,-139,-24,91,-135,5,-40,-97,11,-13,-9,49,-103,-20,71,42,-20,5,130,-112,-70,-166,66,-5,-81,17,34,-9,22,-43,-54,-87,-41,-16,47
44,-58,26,72,-33,53,62,25,56,-51,77,-103,-32,32,-6,-108,34,51,54,-89,64,67,68,90,22,-24,-30,120,-41,-43,-10,12,96,-10,137,3,-93,74,-54,17,-94,45,4,28,-36,32,-28,88,-14,-123,-14,-41,-64,-51,7,54,-24,-63,-90,-9,88,-47,-28
35,-92,-63,11,-109,104,43,-23,-61,121,67,54,-59,104,48,-9,87,-31,60,71,-204,-10,-68,-1,13,-3,103,27,-38,52,44,13,-19,38,-73,124,77,-26,81,2,24,26,63,146,49,103,-56,-2,63,-25,34,-137,-78,42,48,-20,47,25,32,93,-129,46,30
-10,145,74,-77,-52,-162,5,-136,-58,31,-19,26,25,-14,75,101,76,-14,-3,-3,-10,35,68,-102,7,-10,-16,-85,-13,-46,10,29,74,123,-74,0,-37,-37,-21,-104,76,19,90,-25,21,43,72,60,-7,-1,-93,-66,-46,11,92,-53,51,69,36,-41,-30,-32,100
-20,190,198,117,75,-23,86,-31,25,78,8,-35,-3,-45,49,-3,91,161,59,33,3,-13,49,19,17,67,139,38,34,32,-98,52,-36,54,112,-2,64,53,128,128,-61,32,44,8,40,181,35,78,49,36,-47,58,176,6,167,40,40,97,159,151,94,62,38
36,-2,-56,36,-52,-82,68,-29,-119,35,2,59,-11,-12,48,5,105,23,83,-51,-27,65,-51,-27,74,-31,99,-17,-34,44,-10,-33,-28,52,16,-2,18,-106,46,50,-5,-23,-34,18,-16,64,-15,125,54,-24,13,-95,-1,43,41,-9,-1,48,106,-57,-29,16,6
-128,8,176,-79,23,89,40,69,-60,35,-31,57,-42,-45,30,-17,14,-27,-7,-13,36,4,40,53,29,126,-101,-67,68,-147,106,-69,-75,57,30,-20,-100,-10,-94,-48,-1,2,-37,47,-19,-71,83,73,-50,67,32,121,67,-69,-57,-130,-137,-9,101,91,87,19,43
-71,71,-107,53,114,-33,22,61,35,-52,70,102,44,78,53,-94,14,34,72,79,-15,34,3,-51,-120,-20,100,32,84,90,94,-69,-99,-33,-5,-29,157,-90,32,31,-51,34,76,-57,68,33,-57,52,96,16,30,-15,-24,37,56,-116,54,-16,-69,-62,-4,100,3
-69,-67,-71,-15,51,136,10,59,-10,17,23,87,122,35,91,96,-108,-38,-22,-32,68,-14,-52,50,88,76,19,-61,15,2,69,-4,40,-17,25,-13,9,29,25,20,0,20,-66,6,-24,47,30,47,-105,36,-34,91,58,-20,18,-39,60,-7,11,-25,-17,-18,-7
32,149,-63,-90,57,-121,6,18,52,48,-45,24,157,-32,124,12,141,127,15,92,28,37,71,-34,-39,6,16,-57,172,85,54,4,56,24,38,-74,86,-11,-21,-60,83,135,0,-83,-53,-39,-42,112,85,-28,1,-70,76,-19,17,5,19,-57,28,85,3,-6,68
15,32,39,-55,21,40,17,-18,41,21,-73,90,-64,43,-11,22,49,87,7,-77,66,129,-18,91,-66,88,81,-7,83,84,-28,2,39,37,-36,57,52,-17,11,-66,48,-20,-40,-66,128,-7,51,47,77,8,6,48,119,-21,-20,72,-13,18,14,84,-25,133,-89
118,-7,-8,8,166,-60,58,20,95,-146,-26,1,-17,-9,52,55,51,108,-23,-98,78,51,75,58,-62,136,128,13,58,183,-24,18,36,-136,154,155,-14,70,29,28,-68,-18,-94,-5,-14,-27,-63,132,31,-30,-84,17,78,25,-26,47,72,-28,-12,-47,-19,-29,81
-94,78,44,-17,-126,-27,23,3,1,-79,78,-33,78,-103,29,-125,120,40,119,28,46,-18,-24,50,-8,-90,-11,62,-28,-22,-11,20,5,-37,79,4,14,11,17,39,135,-62,84,-6,43,10,-35,35,78,63,55,-57,12,33,-18,-36,-21,15,42,80,39,-93,81
28,178,45,50,44,45,6,72,80,162,-88,8,-62,-38,-77,-45,8,0,27,-52,70,83,10,104,143,18,31,100,79,-30,58,-43,-34,51,58,-64,105,84,-64,80,-44,-126,56,75,18,94,-18,-11,-32,-70,-72,3,97,-122,51,77,-103,51,104,3,-80,160,9
-38,45,134,-97,10,58,15,47,46,14,-38,58,-36,77,48,-100,123,42,-18,-4,70,53,45,-1,43,26,-36,-33,59,55,-30,27,24,92,2,78,34,-122,-15,-81,158,44,87,46,73,21,-10,-59,30,-57,-63,64,24,24,66,-32,47,-71,2,-6,-9,7,31
34,48,-73,-55,-30,-46,75,-23,30,125,14,114,139,-32,-37,42,-34,85,91,28,31,-14,-35,27,30,37,127,82,64,-30,17,-84,66,11,45,-92,-52,19,-4,5,11,88,-49,-39,-20,21,-6,-15,-32,-56,20,36,58,2,71,36,87,-42,15,-22,20,4,12
40,-55,59,-95,-22,-4,53,81,43,28,-70,-23,-28,-24,-158,-89,25,-18,-79,-2,50,35,-30,-23,-1,26,-62,25,0,58,9,-51,49,53,26,16,-54,11,2,-53,188,-56,1,10,78,13,-21,-25,-24,-13,-9,131,-17,-27,-108,9,36,-80,25,1,-46,-20,124
104,90,-88,143,119,46,176,-55,-55,88,-25,-41,43,83,-55,-12,-134,-5,-38,11,1,-61,-77,68,-25,-45,24,49,-52,72,-1,-58,66,-59,22,92,111,152,73,33,2,5,54,22,-9,-43,-58,13,-8,-26,52,23,25,-43,78,-31,-50,24,-5,-28,10,67,97
-59,156,96,-31,124,57,26,-62,-125,-12,6,9,60,79,108,3,6,61,168,-68,28,-55,-87,11,52,2,105,-14,35,5,-52,68,-18,82,61,43,121,-33,22,-49,-48,37,59,36,-14,-15,118,32,79,-37,48,155,58,78,41,10,83,-84,55,32,46,-55,62
5,46,27,34,60,66,-57,54,55,-49,81,-53,72,205,65,-82,-49,28,22,7,-23,-116,11,-86,61,-3,-41,28,34,-26,36,-150,-74,88,-96,-65,17,-41,25,33,-44,54,67,15,-25,-37,-80,-46,-8,35,-42,-19,-49,-59,18,-32,-85,-154,-33,30,-33,31,-14
75,-54,-59,28,101,58,47,56,-49,-31,-61,58,101,15,27,24,33,-25,-136,-116,119,-53,-8,79,10,6,32,-78,-83,82,86,1,46,40,27,70,-71,-49,20,-25,47,-35,-82,4,19,15,-47,-3,-39,31,-1,60,38,3,59,-3,45,-64,-22,22,38,-60,82
123,-151,132,-30,160,16,-52,104,-19,-1,-117,65,-63,-73,-59,108,-7,162,-68,19,93,98,128,51,-6,176,4,-19,66,-36,-3,-56,-41,-67,222,96,4,-62,-19,-26,12,76,-18,-63,-80,57,46,79,-55,36,-27,110,53,-15,-130,-26,29,-8,44,35,59,140,31
-74,182,46,23,41,46,154,52,-13,-139,24,-138,-28,141,82,41,-26,-9,143,72,-14,-131,42,59,-92,34,-139,68,176,28,23,52,-115,26,31,36,4,118,-90,50,-120,-31,-85,-50,64,52,-27,107,116,17,185,-81,95,-40,-93,-104,-31,89,101,17,38,58,16
-24,49,-17,22,-51,47,-61,-35,-6,98,-101,36,-40,-27,27,46,131,117,112,9,-15,-48,55,23,-20,-79,-36,-48,-22,29,-53,-42,-14,45,62,144,37,102,-18,-98,91,10,38,1,-13,119,80,42,59,3,56,59,160,-37,-90,52,7,-30,119,153,-53,-70,15
50,86,-4,61,213,45,1,64,-4,-38,-48,23,48,54,-7,76,-88,-6,-105,115,-2,48,48,-10,7,68,25,-16,27,79,77,50,-198,-12,87,-75,14,14,56,137,-63,81,-27,-78,-2,0,77,137,54,38,58,42,97,76,24,58,25,-12,50,-101,26,98,69
-2,72,128,-24,-13,-19,-51,23,48,78,37,-72,-41,-34,-30,-86,55,22,80,72,21,65,-10,-14,-18,14,45,128,3,-77,-40,81,-102,19,100,-52,-18,-10,-53,59,8,-12,120,17,42,25,-11,28,86,-96,-27,-62,-24,75,-18,-50,74,-1,87,-49,-16,47,92
62,-39,56,38,-33,-8,-90,-106,-105,2,2,110,-5,31,6,34,-96,81,160,121,0,52,-25,-116,-165,-21,114,90,-33,-36,32,-153,-160,-40,48,-89,57,-6,85,1,108,-11,75,87,6,163,62,29,156,-17,29,-14,40,-17,-17,-66,59,87,43,-31,-78,-18,44
62,-32,2,-73,2,-8,25,-20,-93,41,7,-20,-13,37,92,48,151,-31,-114,95,-26,-118,-4,-69,-30,-11,-64,-96,90,4,-23,-4,-6,113,21,-48,27,-8,-21,-34,89,85,-56,-58,-68,55,26,52,37,62,9,-62,15,9,-32,-97,52,-34,-41,-3,56,65,27
-5,41,24,-53,95,-8,49,11,25,-19,-70,-43,-3,5,-22,54,-76,36,-107,-49,103,-49,-53,59,4,116,41,-18,44,-10,-4,-19,61,52,41,-3,-91,73,-116,-66,-93,-29,5,35,-17,31,7,19,-71,-48,-55,158,-55,-4,-68,-60,40,27,87,-19,113,90,2
65,-4,0,27,40,9,115,-63,-26,70,2,188,6,-83,76,-48,83,42,121,118,-42,-78,-94,-14,17,75,137,-51,-24,11,-17,-101,-20,-2,115,146,90,-49,28,13,43,-40,28,108,-83,76,-43,-23,7,-38,79,104,70,69,-69,-46,42,-39,131,-22,-35,25,182
9,78,159,21,44,49,-53,-56,-131,-16,98,72,93,29,44,80,14,80,113,0,2,-3,63,-145,-36,47,48,62,113,-55,50,-115,-131,74,111,3,16,85,-44,42,-76,117,-14,86,30,96,100,144,30,100,132,17,114,-18,103,-30,-96,145,94,111,84,39,100
47,132,40,-12,131,92,-35,66,-4,105,1,-2,115,88,49,155,-24,87,32,-31,43,-76,21,-8,81,79,-68,-9,248,-39,22,-12,27,68,65,-44,132,120,-1,38,4,3,1,38,-21,37,87,94,-112,54,25,65,129,-29,153,-34,-1,-19,-3,72,1,66,125
9,74,-53,88,82,16,16,38,8,11,-25,-32,-26,142,85,-21,-23,137,133,-35,25,-98,30,-48,22,-79,-72,65,1,81,-34,33,-21,10,56,145,53,79,60,50,7,8,28,103,-18,21,-46,40,64,-91,29,-53,46,-76,-11,-86,-29,-47,25,114,-49,-79,118
60,82,82,-46,6,21,51,2,5,-30,99,83,51,109,78,7,23,162,258,-9,45,15,68,-32,66,60,164,67,80,82,94,-166,-61,55,3,-59,81,-90,63,23,16,-32,64,155,43,193,-61,54,48,-60,78,131,2,32,52,57,43,-40,6,101,-108,-11,4
-64,76,-62,48,-5,-200,-7,79,23,-31,57,-39,67,-46,49,-23,22,-7,35,125,82,16,-23,6,-123,37,72,32,102,51,56,11,8,-97,85,-57,97,-4,76,71,-32,-53,40,55,-4,83,-17,32,35,-39,-47,-59,-43,-73,67,-60,54,73,9,-98,-79,3,70
-5,112,77,8,86,-94,-78,77,55,-35,59,33,71,-79,-42,-9,-58,39,88,50,8,-76,-68,9,-56,58,97,-43,130,47,39,-47,-107,-101,-32,1,51,-14,168,60,-84,22,11,-58,105,-31,91,85,101,79,34,158,135,139,-67,79,120,82,81,-129,36,31,-1
47,17,69,-41,88,26,7,9,-24,34,-27,24,135,2,77,-33,39,73,26,-20,45,24,-8,-12,-71,113,102,74,53,42,48,36,82,-19,15,42,62,17,63,12,68,-4,-35,22,51,-71,67,74,-22,1,1,-23,17,-35,78,27,-1,-67,6,146,-20,9,205
-20,97,74,14,51,48,5,15,20,-72,-44,-96,-10,-5,8,24,12,26,-46,21,-38,-14,122,-37,-64,32,-94,-103,3,34,39,113,8,-65,31,-51,5,41,17,-8,-84,-10,60,19,-6,14,72,102,-75,45,36,-85,110,65,40,119,-25,52,-51,-8,-72,64,83
76,-34,133,-3,97,127,-43,-31,121,-14,51,-51,-88,78,-29,-46,72,115,-23,15,-103,159,-71,21,-58,105,126,101,145,-59,-1,-17,4,38,9,35,6,41,-68,-25,-42,65,-27,100,94,127,-30,36,74,-26,58,-28,71,-7,78,71,5,36,109,29,66,108,-81
23,105,100,-99,-13,33,-31,1,-100,27,-25,23,15,2,-64,-15,-62,172,-16,6,28,-31,98,-45,30,11,-110,60,46,-111,16,39,-35,60,52,16,-37,37,73,2,93,135,24,-16,13,-6,142,-40,23,-8,16,-4,64,-80,-60,-11,49,-1,-30,61,-57,28,113
-106,-65,-23,-10,105,-70,126,-66,-43,-68,77,19,46,5,79,-30,23,-34,108,-64,43,14,54,20,-17,-41,46,-97,27,89,30,-71,18,50,-45,-56,3,-1,-66,-98,-48,-98,-30,-16,-35,27,-35,40,47,9,57,87,24,30,-3,-16,0,-77,7,68,65,-2,-14
36,102,44,-109,15,-57,-2,28,13,-58,-103,132,-31,64,78,55,2,167,148,114,154,-134,78,-83,-113,29,-148,67,123,40,-32,-34,-73,54,166,88,48,3,47,-27,73,127,-2,-77,-41,-83,-40,-20,166,-30,96,-34,98,-69,-222,-75,-53,-73,-108,121,-6,-6,70
48,80,92,-96,-50,109,-108,-38,-89,187,-139,126,-116,16,-68,120,-53,61,87,-42,80,-80,65,35,81,-29,-96,38,60,22,-70,-32,-96,80,-25,2,48,3,-82,-57,41,-21,156,8,23,-152,152,-147,-53,-12,-2,43,50,19,-60,27,-110,-44,5,-14,-100,58,10
73,-26,52,15,-70,79,-7,-47,58,144,13,96,33,21,32,-19,93,59,72,54,-64,-8,-36,34,6,75,28,49,36,26,-91,6,7,23,12,3,6,-50,-3,15,-2,-22,44,70,-85,88,-52,55,89,-47,-155,-159,75,35,24,49,39,-11,-56,-57,-104,65,-27
31,84,65,-33,-12,97,111,-136,-5,85,-43,45,134,58,118,109,-1,-28,12,79,-39,-91,87,5,64,38,-32,38,-62,-27,41,117,143,65,79,94,-147,80,-24,-19,34,154,22,154,-86,72,-39,59,-113,-72,78,-62,38,99,45,35,19,80,-76,90,49,-55,103
-46,50,-4,33,76,10,-12,52,48,-63,-34,14,12,-72,42,18,24,125,-26,-69,2,205,70,37,44,62,-9,-57,43,-60,37,-11,-24,-15,46,15,55,34,-40,29,64,6,-81,-117,-46,125,-8,191,-25,24,-91,92,91,-139,5,-50,-1,35,92,112,47,-26,-29
45,8,51,-62,41,58,25,-18,-41,-23,34,118,-91,102,20,19,38,85,66,3,-54,23,53,-3,-4,117,77,-38,147,-28,-25,-91,-36,100,-34,47,-32,-81,-183,-126,-49,25,-42,-59,39,68,-24,-25,91,21,30,-6,91,13,-28,-55,4,21,83,5,53,230,-114
-28,41,-46,59,119,59,-67,59,-105,-36,107,-69,-13,125,143,66,-52,28,57,25,101,-36,151,-48,-41,-2,29,-1,93,-19,51,-48,16,-46,123,-73,-104,59,14,-50,-1,73,-51,92,-58,181,107,26,18,50,6,29,77,-92,25,-151,33,40,29,-22,86,-19,37
-36,-62,-7,36,-73,-20,-16,101,42,41,-13,62,46,-15,-15,-27,58,51,40,15,88,-102,66,-4,-31,16,45,-61,-16,89,35,-189,-84,-79,29,51,-25,-5,-28,-37,-94,-21,71,19,-56,-23,-40,37,76,55,-63,135,-42,4,-128,19,-58,-15,-4,35,-66,-59,-48
-75,42,83,11,79,64,-18,32,-44,159,-48,31,-105,32,33,-7,136,-144,-24,13,16,5,9,61,-14,56,65,-10,141,42,16,18,-57,15,37,73,-7,20,-93,19,-15,-54,-29,116,-14,12,6,-24,14,92,-29,-42,161,-10,12,-104,-20,44,71,7,-42,92,57
-11,-12,-25,54,106,70,-83,-26,6,-116,146,-97,21,95,-19,-85,-42,52,-17,-93,-44,-26,-29,-10,-57,-97,-15,59,58,73,1,-123,-66,-44,-48,-11,74,152,-8,50,-96,35,38,58,-48,-21,-29,51,-10,44,-17,158,-12,20,72,41,-24,-22,-107,16,114,-39,-15
15,73,32,39,9,-41,125,-104,-37,12,-83,42,-24,-78,-16,63,-62,11,33,-80,-13,50,-72,95,44,23,-4,-54,-78,41,46,62,13,148,-49,79,-56,18,-2,-33,-44,37,-32,14,40,-26,7,145,55,-117,63,37,49,53,43,64,43,6,178,49,40,-70,-9
