62,40,-83,55,157,-39,25,-170,55,-4,13,-4,62,0,-126,99,-45,103,-38,47,152,-92,29,105,-82,2,122,105,-36,-149,-54,-62,46,-4,47,83,-26,7,-55,75,0,28,98,-56,-26,-11,-82,-3,68,73,-37,-67,27,29,55,-14,-76,34,-81,81,93,-78,-28,-6,1,-88,-47,68,-52,35,-24,-75,95,41,54,19,99,78,-9,-73,-18,59,-1,67,-135,79
22,-6,26,36,45,131,141,16,-42,-25,41,-13,163,102,267,96,-33,76,-34,-52,83,-91,82,123,22,-7,159,11,108,98,-30,189,33,-100,-72,0,94,226,63,14,103,-134,-39,62,140,52,-49,23,35,18,-114,-2,31,4,-93,102,104,22,25,121,26,131,160,-22,8,48,123,86,59,-217,-5,123,-112,-124,241,141,22,-23,71,135,85,37,76,8,81,139
-46,60,-33,-12,-104,-133,117,65,-89,36,55,77,-9,20,150,16,-16,15,73,73,13,50,11,-78,56,-61,83,-80,84,-30,-155,20,141,3,-11,-22,88,5,156,171,-96,5,-70,96,56,13,35,136,112,128,-39,71,-33,84,66,-41,-96,165,97,136,-39,36,-7,-89,-113,75,-84,74,78,33,-16,126,77,-108,-4,96,50,-12,144,-32,111,-142,81,136,75,120
93,-22,160,-10,110,-32,64,-68,80,29,-29,125,87,116,-5,6,-129,38,160,-101,157,3,103,22,-32,6,92,-86,159,54,-32,97,103,38,-46,101,-75,82,8,46,89,92,-25,-18,104,179,107,103,61,-10,47,14,146,143,138,91,69,140,190,51,-6,47,13,-42,19,56,1,29,40,-72,1,11,61,30,75,-7,67,40,119,-79,57,-23,-4,158,177,119
108,131,41,-58,109,-6,211,-24,67,36,-167,7,50,-131,37,-11,164,21,76,61,140,-33,-63,-65,19,-85,78,-59,-54,145,-12,-48,-31,-101,29,96,-22,44,26,-142,250,-44,-97,54,-9,178,-42,-92,-121,-13,181,21,70,35,-57,65,55,-94,108,210,18,119,45,37,6,-68,62,69,49,-59,-14,-36,-144,-18,-55,-40,24,84,-30,80,228,89,-15,149,-99,-101
-85,48,16,-45,78,-161,-23,96,42,5,-157,-29,55,-116,-9,12,102,34,58,-78,-16,-15,82,-66,18,-25,-5,-9,76,-5,-3,-56,-132,-126,197,-38,14,148,60,67,-3,40,169,34,205,39,158,83,80,194,99,22,-90,67,28,-72,91,-50,52,-12,-23,72,-19,112,42,97,61,-18,57,25,-52,-35,-24,50,-115,19,40,86,20,29,-2,26,76,-74,6,50
45,169,-38,71,-3,-81,14,26,106,31,-140,87,109,-131,-145,22,23,102,48,-21,186,-124,-21,-40,-42,-36,1,55,-74,-2,30,90,37,47,202,122,-67,-97,158,-18,-190,121,22,102,-68,48,19,-5,77,-62,47,73,145,139,-48,-6,28,116,-101,82,20,26,-9,72,-72,62,1,19,-47,-70,-106,26,3,-7,31,-1,58,-13,125,-49,80,100,97,-4,-96,92
-48,0,-63,-27,-16,34,-92,3,-18,-129,78,-32,6,29,29,146,-94,112,-65,104,114,-106,-124,59,-4,-23,48,66,40,95,-6,95,-60,-4,-119,39,-10,11,142,163,-117,42,5,-60,-71,34,-33,109,69,24,-83,27,-9,39,-52,71,-181,125,-45,-22,34,-44,-72,-75,-82,-71,-21,48,175,-145,100,78,78,-197,136,201,-62,30,99,-58,-4,-45,90,15,121,87
83,117,71,-11,61,-8,-21,-34,207,54,-79,100,40,-17,-95,83,-43,57,81,11,79,-31,105,45,-50,47,24,141,-41,-23,48,-1,82,25,-28,20,-42,-75,35,76,133,125,103,-54,36,102,13,30,-63,67,-33,56,113,86,12,47,-108,95,-52,192,52,21,69,39,35,-93,21,-70,-35,-6,38,42,126,-35,83,-29,99,175,47,106,8,79,34,87,-97,147
64,-4,106,28,66,-124,0,17,-3,69,54,38,84,-58,94,96,-58,9,124,-59,8,-13,-42,-65,79,187,29,51,90,61,-52,-61,68,31,148,-150,-38,61,129,36,9,2,205,57,-35,-69,-69,13,53,-79,-81,-95,8,-30,8,55,10,-63,66,24,-5,81,-80,123,70,85,86,167,95,139,-31,-7,-71,52,160,25,16,-33,61,95,-103,-25,27,-119,153,23
-58,42,99,46,62,-104,0,-48,7,2,15,-34,131,-68,38,48,-11,77,1,-13,52,-147,95,-62,51,10,-40,39,52,-31,83,88,41,55,143,-32,-51,7,-29,125,17,109,98,-73,-34,-1,98,99,90,23,-53,-50,-42,175,-3,-43,-69,-188,39,20,51,-6,53,151,173,42,45,3,17,107,-83,-26,-49,-70,-1,22,70,-4,-56,127,30,-45,6,24,-30,143
17,155,-44,175,92,59,-9,116,109,1,100,-71,85,-132,286,90,64,55,-29,67,43,16,-9,-11,-87,-60,-58,-66,118,150,-26,-19,28,-45,-80,-71,-192,82,118,-66,96,175,-6,30,-99,26,-5,74,-6,112,-104,62,9,51,88,12,-103,145,95,38,27,81,23,-88,37,196,97,163,15,-34,140,48,54,-17,41,214,147,90,137,-60,142,82,6,81,110,124
-30,59,14,56,-101,-33,-47,83,120,1,-98,-82,-44,-36,54,46,73,-9,51,95,0,-28,-41,85,-41,-58,155,-42,-90,-12,-97,-1,-3,35,24,70,114,78,40,-47,125,-43,83,38,-76,39,-135,-87,-68,56,0,-5,-62,-66,-116,-147,134,-3,-45,20,-85,27,62,18,-13,-103,-2,160,-102,-19,65,30,-57,-22,-116,-93,134,-52,7,148,4,-51,145,47,-68,-134
-104,-32,-140,-49,-33,140,-44,-87,112,121,-40,15,2,59,-12,119,70,-95,-142,172,69,93,63,33,-11,-56,83,-23,-14,-54,-59,-11,55,-1,35,129,-46,-118,-93,42,-93,64,90,85,18,-80,45,-92,108,59,123,173,77,-15,-84,14,96,94,-82,1,-49,42,86,-62,-68,-130,53,-59,63,77,-118,63,19,27,72,-62,-23,12,-41,-22,-6,-9,143,-48,-50,-2
-85,-4,-102,-133,-31,41,41,62,24,-21,-98,61,79,171,78,27,58,-38,-24,33,94,4,151,13,-4,66,86,92,-15,106,-14,64,62,-63,32,52,-145,115,-120,-4,12,12,-102,59,187,-52,35,-27,-23,132,-2,-60,22,86,-18,-23,115,-46,-74,21,-32,62,-79,50,-22,24,-68,105,12,35,39,-5,61,-131,-24,113,-89,105,-36,17,52,-7,66,107,97,-55
38,138,143,1,62,-61,41,37,107,-48,25,6,87,-54,-80,-40,165,56,189,-161,59,-167,37,14,-55,22,-79,-33,81,-144,24,61,134,15,-95,-30,-100,-13,193,66,-79,71,-1,-66,8,-42,131,180,-55,-28,-1,-41,86,-31,59,-4,-135,95,105,281,-71,-9,2,-17,-90,37,19,73,-1,-63,80,-27,-56,112,95,-117,-59,125,89,-2,131,33,48,45,-33,116
145,12,44,92,93,-188,26,19,92,81,-20,104,90,8,34,79,-63,20,148,51,33,40,127,-34,17,149,214,-29,83,163,23,-65,102,12,136,90,139,12,46,-35,47,172,120,-13,117,74,81,44,8,117,160,67,85,-45,-1,144,129,-27,-40,151,96,-1,32,26,-68,53,85,105,102,62,-37,36,-59,-5,116,32,-11,122,119,91,-13,97,-19,48,-4,39
61,-80,143,123,110,48,55,48,-5,100,-8,-18,69,43,85,-64,-65,44,-66,-42,-1,104,66,14,59,47,175,67,86,56,-46,-23,42,33,-49,-76,-36,26,-69,56,133,-54,177,49,-9,-8,42,44,82,-14,-14,40,135,-75,-50,76,-14,8,100,86,74,-53,-38,-19,-66,58,103,-27,14,-50,31,46,-50,-84,53,-48,18,58,104,93,83,51,-120,37,28,11
23,92,135,125,75,-17,5,-28,146,77,-87,33,129,-115,-2,-35,57,18,159,-151,20,65,-52,35,-106,125,104,-36,-68,-105,53,79,136,-33,177,33,-47,58,-55,-99,87,16,-9,-15,-36,0,-33,67,5,71,194,8,135,52,76,16,96,39,136,199,-40,-43,-3,128,32,84,33,-63,-142,3,-112,81,115,58,21,-20,94,-6,103,-40,5,103,33,65,-8,66
33,34,97,-115,-29,0,10,26,-18,58,-140,-51,-104,52,-73,4,23,-71,-119,32,106,-35,106,-96,123,31,2,-45,-88,32,-78,183,-42,-5,-83,52,56,116,15,-38,21,-41,21,84,157,115,9,76,-56,1,-68,91,-8,51,55,-26,-79,-86,25,-17,-6,100,33,207,117,-70,21,-45,97,62,-7,-103,-52,79,-217,-25,67,29,98,90,68,81,-30,-64,68,-3
-94,85,48,-43,-16,2,-73,79,93,73,-128,-32,31,38,-4,57,66,-97,-16,70,8,-64,120,23,-110,-25,84,-97,57,-74,72,12,80,144,-20,160,56,126,82,148,122,-30,41,120,53,-33,144,45,54,128,-54,111,-12,94,-87,-68,170,10,25,-10,-15,101,25,-1,63,-21,-20,205,-4,50,32,43,-36,-51,-150,-78,108,27,89,86,140,119,122,105,-60,69
-34,187,23,-9,34,13,-56,-18,107,21,9,-142,-115,-20,-76,70,32,-115,114,-5,-43,128,-5,89,-58,94,1,-46,3,1,12,22,121,59,32,44,115,-53,-135,-166,56,107,-71,-45,-128,-136,-158,6,106,-19,150,-109,8,-32,46,66,69,154,-100,11,103,-149,175,-24,-122,-56,-117,57,-75,-10,23,-42,108,19,-13,-66,-41,82,-39,-5,77,-17,58,110,-20,-62
-4,-28,121,88,76,125,101,159,-3,18,6,6,53,-32,215,-19,-23,140,-109,-55,-8,-10,57,-86,15,-60,10,-56,25,-11,51,205,75,-86,30,-116,-63,94,68,82,97,107,41,49,23,-32,56,162,-5,46,-35,-101,-18,208,20,-47,-4,41,-36,0,41,112,34,-3,113,189,21,155,-44,-53,111,81,85,55,48,41,9,53,46,-15,148,122,93,91,-9,38
11,76,70,68,-6,-26,-28,115,12,66,58,71,52,94,8,21,-9,59,-39,-127,107,47,111,107,-22,-163,32,-38,113,44,90,90,-47,3,-138,40,-13,-110,102,73,58,26,63,22,-68,45,84,61,136,10,-33,62,27,7,-36,-34,4,-5,80,47,109,77,-44,-105,72,154,113,-78,95,73,-63,-43,-25,-18,132,68,14,-115,152,-127,143,5,-89,-17,-58,12
16,3,-97,38,-98,26,-28,127,-108,-65,89,-2,-36,-33,-93,-72,-112,16,-90,-51,9,-63,103,-2,-1,-20,-127,-23,54,83,37,175,117,7,-74,-90,-58,28,25,-40,-30,56,-34,-164,-16,1,13,108,10,26,-24,80,-37,-95,-30,86,-57,-112,-5,-3,40,-78,-92,52,123,116,-14,-203,11,51,-94,-26,76,-7,78,128,8,133,-80,-4,-76,20,-23,-14,41,2
-30,-119,46,72,-64,-32,-30,80,84,91,96,113,-26,262,243,-1,-96,28,145,43,71,81,117,-28,-87,-14,75,-35,156,170,-24,19,253,19,133,60,43,47,-24,38,79,113,147,118,39,-96,102,112,-75,153,25,85,62,47,130,169,151,67,15,71,128,41,130,-92,3,42,45,-10,180,-41,-12,132,-23,106,121,64,-30,43,100,-41,58,95,65,76,107,196
-8,-91,-79,-116,32,75,-84,-65,49,-92,46,97,-100,24,169,-142,-37,-44,-32,105,-86,48,5,-226,60,58,-98,43,-19,196,-40,-49,-59,-17,85,33,23,-15,27,-31,4,95,-94,-26,71,-47,-105,-85,-63,-14,-144,-89,-107,17,95,28,-102,36,-63,-111,86,11,-89,-54,-58,-30,33,16,187,4,126,-96,5,-135,27,212,-116,18,19,-6,18,130,-29,89,216,-115
-80,-13,-4,-14,-30,38,-161,-108,-70,126,8,39,-190,99,35,-14,-50,78,120,-37,176,38,116,74,-112,-65,58,68,10,16,34,66,94,-43,5,74,8,161,27,134,9,-42,67,54,89,-98,5,-30,158,73,27,7,96,65,41,112,66,68,179,-32,72,10,17,-41,55,2,86,-127,185,106,-10,106,5,31,262,6,-63,59,114,-68,127,214,-27,33,3,100
6,3,79,179,-58,66,-65,23,115,33,-34,2,11,124,41,53,13,19,113,84,60,122,-131,92,-61,-67,118,67,21,-18,57,72,-39,86,-72,113,113,-42,-35,-25,-85,0,112,69,-55,23,-3,123,-23,-66,106,181,-70,79,-97,30,95,-116,25,81,63,-73,148,-62,-55,-124,6,-67,2,-73,-49,78,-4,20,-43,-21,-41,-96,88,76,-6,-47,46,53,51,87
-50,-6,-6,63,-12,-52,-16,32,111,12,-44,5,116,-51,-40,223,-174,27,-24,66,-65,-88,44,129,-58,-97,140,111,46,48,21,87,14,-35,25,79,142,-142,-23,-85,-7,115,113,-91,-15,24,91,62,47,-48,-29,149,12,-67,-61,132,155,38,-32,4,82,-53,208,24,19,-94,199,-159,8,-47,4,15,-49,-1,60,78,-27,-72,65,137,-105,0,-51,-105,-43,27
103,90,96,4,38,-22,-61,-48,-11,-6,11,-24,-131,-68,-15,72,-66,95,113,-37,105,-135,70,-5,141,-93,79,-245,-56,6,-48,-50,16,10,-67,86,-24,-39,16,47,152,-113,16,93,-103,78,1,8,-1,86,153,62,116,164,-22,18,18,152,67,129,-16,72,-29,-47,143,-59,8,61,84,73,-54,161,-20,-1,-90,-110,134,-117,83,-32,-5,-19,4,48,-66,71
32,-89,81,98,-31,-9,22,83,80,102,50,-94,9,-2,82,-132,48,-24,-25,-3,42,148,110,18,-113,32,95,-15,-58,129,42,21,-111,-116,67,87,49,130,-54,-103,103,34,17,-42,61,57,119,-128,54,43,46,39,45,67,81,-7,102,40,100,-20,83,98,-5,42,53,-26,208,-87,59,0,25,93,-60,87,64,-12,13,-15,0,-33,193,16,13,14,65,67
35,-21,56,-3,98,-188,61,110,-32,-110,82,53,80,31,68,-69,-15,119,-162,102,182,143,49,-5,36,14,20,-25,37,17,-67,70,28,-61,-7,1,-140,98,-92,49,101,113,23,-106,-40,108,5,153,57,-49,129,-62,115,13,61,121,31,-12,106,64,-192,-21,-97,29,-122,212,220,59,31,41,76,24,-39,66,119,91,4,9,42,48,-40,-230,78,91,23,91
58,114,7,14,-35,75,6,-17,4,37,-40,5,13,23,-23,124,81,-42,3,56,-19,-49,33,103,51,-45,55,-70,36,-73,5,34,-40,-22,-112,67,104,127,44,0,-66,-10,-32,-18,129,124,-12,103,46,-33,83,81,6,-42,6,82,-8,97,15,67,-142,12,91,-38,-50,96,67,94,47,-4,-11,-61,-59,65,111,-40,130,29,-56,13,-38,-72,50,30,-79,55
74,-129,-38,23,4,110,69,-138,-26,-80,-37,-106,-17,38,70,20,31,30,-178,143,73,53,-129,28,-20,109,42,-71,-55,-53,-43,39,109,-84,-1,74,-16,-16,-69,-149,14,101,0,61,-37,15,-29,39,97,-32,18,-106,-38,-48,170,-61,-33,208,117,50,-49,18,115,-38,-26,-53,130,54,-17,-55,179,27,27,74,53,-23,-77,25,15,-5,-55,24,21,15,-18,-32
66,132,-12,-23,103,44,98,-30,-17,-133,3,-48,11,-171,-69,156,-45,49,66,90,155,-139,75,25,2,-35,34,-72,92,41,-94,-52,26,-50,74,-100,-65,42,45,-43,215,-16,-45,8,26,20,23,45,11,-44,-12,-62,162,43,-5,173,13,57,78,103,29,90,144,-59,-13,47,36,74,52,93,54,83,-116,4,54,32,62,137,44,102,68,-60,115,54,58,149
94,58,38,133,40,-131,-17,-80,22,152,-130,58,48,-21,58,72,22,-41,43,78,103,121,144,47,-105,186,159,70,148,18,-76,-22,198,34,93,88,51,67,-154,13,97,38,46,73,-70,-102,75,-15,126,76,92,-110,194,-58,-7,64,130,-13,143,107,-5,102,223,61,-45,93,44,13,-35,162,-31,29,-7,78,147,-13,20,74,178,102,18,40,-50,77,-141,167
35,-21,102,93,200,-70,32,60,63,-17,104,-8,177,-184,34,-14,85,205,54,-42,45,-141,207,43,-59,100,191,-6,155,-27,-51,34,-22,-125,204,-18,-50,11,63,1,159,9,-15,-120,117,98,31,44,67,48,66,-20,147,-34,-1,82,-18,2,115,174,-81,45,-73,-12,-7,21,133,-84,-211,21,27,-22,-44,-22,37,10,106,87,79,66,93,17,-62,16,-28,113
58,49,39,40,72,56,77,-16,18,110,-1,10,29,33,32,-118,-48,82,-159,46,19,78,-97,-104,13,-17,8,86,-185,2,-98,98,-33,-25,105,73,-32,-25,-35,24,-10,98,25,-1,-66,-66,22,118,-10,-23,4,-56,32,-26,26,29,61,41,24,-50,-45,-41,93,55,1,118,74,84,2,-33,-23,46,-55,123,-21,54,39,18,-92,-112,-56,52,58,-3,19,68
-30,62,71,76,-105,65,-60,30,98,-77,177,31,40,-32,49,-74,90,69,87,-23,-125,17,51,53,-55,-39,-62,-27,-7,82,71,-75,-114,80,55,67,44,-32,74,16,50,28,-31,1,-4,-1,-37,-62,-171,33,50,152,-92,157,-2,-14,30,-110,-122,7,23,-1,24,-137,75,19,93,-96,-30,-10,47,57,81,81,140,63,130,-87,-58,-50,44,-117,-6,33,-38,-49
45,66,-148,-14,24,49,116,-122,53,-42,138,119,-44,-90,30,-86,-76,9,93,-101,61,25,77,57,-90,-28,-30,91,62,181,-27,-32,99,-46,-112,74,8,90,-79,70,-34,66,-17,-124,106,47,-164,-173,-52,5,-199,36,-40,-78,-51,62,39,26,-2,122,-3,3,-31,14,-20,-47,-1,148,30,-24,-1,-103,86,-62,321,-7,-57,24,16,131,-124,-58,-70,130,84,-99
-76,-48,75,151,81,112,28,42,84,30,-22,76,157,79,35,29,-119,183,62,12,31,-46,180,35,114,-147,108,15,78,17,49,121,24,-40,54,21,-50,108,47,153,23,-67,-5,-24,170,26,139,227,165,196,59,72,130,132,-75,130,143,-4,8,18,-26,-6,-46,-13,37,125,-76,124,81,-21,0,77,-13,-29,-42,65,124,51,80,23,59,-7,50,47,40,148
17,-66,17,-107,93,-51,59,-100,-140,41,39,2,64,34,-37,87,3,72,129,-72,223,-86,40,37,142,147,148,-38,-28,4,-136,-3,-102,32,81,54,7,183,34,-71,67,-95,84,61,198,121,-162,12,173,138,110,-57,14,34,75,70,93,21,-35,10,105,-18,-132,14,206,-17,-45,12,80,27,-96,75,-69,63,59,-11,99,21,-78,-72,-5,-5,117,-38,-12,144
50,88,85,113,-88,-94,55,146,69,57,-40,6,45,4,-5,-30,-64,158,42,73,93,193,32,-3,-166,58,5,99,-96,-51,-29,66,170,25,96,39,78,-114,-27,-3,202,-10,1,54,10,-36,-115,-37,11,-34,52,76,160,-68,54,96,150,-14,81,43,-216,164,116,36,-74,-35,69,76,-115,85,77,111,-49,11,97,-14,34,-39,189,199,49,-107,-49,-22,-43,209
13,-132,-132,-16,-50,24,59,-113,52,-43,129,-29,22,167,42,126,85,66,-145,140,38,-25,171,89,55,-42,-11,139,127,122,-12,-78,117,73,-7,36,-27,-2,18,19,-69,70,73,-13,17,-51,139,-33,106,-35,36,-97,38,-15,-125,119,-76,162,-40,11,1,-20,48,-99,-243,74,-53,167,84,81,104,-42,-69,-87,105,30,91,182,-107,12,-51,-41,117,2,-17,-13
89,-56,32,126,118,-119,-98,105,60,-8,-68,61,139,-10,-48,-32,-68,0,29,-116,133,-146,-53,3,-31,34,65,-25,-85,-31,169,-81,39,-113,128,57,69,-135,72,50,-76,155,100,26,-58,54,112,104,168,117,70,36,80,-34,-19,21,43,59,42,100,126,4,56,92,108,-57,153,3,80,-42,-66,28,-43,15,22,-126,-32,-12,51,-10,27,35,-89,-187,-64,47
10,5,-42,-54,-146,-166,-79,-8,-41,-7,52,4,-76,27,-140,-15,-11,-40,-3,-1,31,22,72,20,-57,9,63,15,17,31,-31,-40,75,67,120,180,67,-62,-105,52,51,107,14,-20,63,5,138,-152,147,22,78,-94,38,43,108,48,48,59,6,-58,51,-126,8,92,47,-24,90,-12,105,24,15,-35,36,16,24,-98,-49,-195,-57,44,-33,10,25,0,-49,-32
-36,-82,-38,115,-67,14,-174,-20,69,162,-34,-73,94,-32,54,-83,59,-13,-18,-75,-31,37,-9,111,1,-30,-51,76,-18,-103,-12,-60,-40,103,-37,54,44,58,114,-60,-92,126,31,-83,-70,-72,-41,-88,5,23,-101,55,-16,-42,37,-169,16,112,-53,-31,72,-66,4,20,-49,29,112,-38,-53,-30,91,-60,141,110,-78,-33,-14,18,-43,16,102,7,53,10,-3,64
-65,-159,-92,-67,46,8,25,-123,-33,-6,-32,46,69,-237,40,-52,42,99,-23,76,140,-67,-79,44,-8,-21,-22,67,-13,-35,-44,-62,-11,-112,-75,-48,-118,60,11,-75,-85,-76,-9,-5,30,-15,2,29,17,31,12,113,9,-56,-127,-52,77,80,71,68,-34,77,-145,48,-36,-38,-138,37,56,48,0,69,18,-7,-4,49,-50,58,-32,43,-24,10,87,91,-54,75
21,-121,180,51,161,94,-116,66,242,15,115,-9,75,-42,236,-48,26,108,88,139,3,-22,-1,31,-34,6,10,-11,129,127,6,33,194,-117,92,-31,4,4,36,12,7,99,109,-28,-61,-33,175,44,-125,-11,-49,-21,91,-25,-129,-2,56,75,-45,86,-73,121,177,-125,16,12,116,113,-54,25,-25,72,-30,-14,138,-129,29,-2,98,23,-6,-32,89,106,45,77
89,18,123,25,165,-85,31,-16,-64,-224,33,0,-26,-145,61,-23,161,216,76,-86,152,-14,18,-37,15,88,1,-117,16,-46,96,46,71,-75,-6,18,79,60,96,224,46,18,46,93,71,99,-39,93,112,71,-37,27,8,140,-12,-118,-34,45,109,55,63,-5,-45,29,147,16,65,158,53,118,11,-25,-26,-40,151,-70,126,-91,88,8,138,121,30,101,-72,63
28,14,-33,69,63,-38,52,-122,-66,94,37,-98,-65,-145,29,-36,18,228,48,-15,164,-60,23,-28,135,31,90,117,-117,-16,-119,71,28,0,73,156,73,75,71,23,-8,-104,40,52,170,-67,-155,-182,49,21,16,59,96,102,-83,97,78,140,52,112,-86,57,78,97,27,-77,-19,66,-14,10,79,104,-72,-54,36,-57,161,5,5,25,31,162,98,-9,-199,75
-20,89,169,21,-8,97,-115,52,89,-32,133,-82,100,15,197,-114,-26,47,68,5,-88,-26,33,-17,-3,97,-123,-56,-74,119,-6,51,192,-22,36,-28,12,-1,143,3,74,164,-78,13,-32,2,46,80,-23,113,-31,-44,88,86,142,-78,-73,129,32,-3,110,-60,52,-65,78,175,44,227,171,45,146,152,31,77,65,25,191,-4,110,-143,181,-24,103,6,-5,-63
-64,-45,79,-92,-79,-16,-19,-55,-130,-85,6,90,-6,68,-75,138,157,-28,25,44,40,-108,-20,126,-96,0,231,-24,120,22,-39,-25,134,190,-33,31,105,-81,150,146,-35,-45,11,-87,80,13,43,82,65,78,-62,11,8,-34,36,20,-31,60,24,-51,-13,5,31,-137,28,60,-15,16,59,104,-72,86,68,-91,120,-79,95,-61,142,-29,88,-3,19,36,11,-77
-193,38,81,43,34,36,-16,32,52,-131,15,-81,65,-85,8,-12,-63,209,70,64,-45,-21,108,44,4,41,-40,-7,11,119,15,235,-44,-9,107,-29,-15,19,23,-4,79,68,1,-58,125,-15,-46,93,78,57,-37,-112,-10,98,-11,2,-56,51,59,-60,-54,-78,62,-24,59,5,-60,102,56,65,74,3,84,16,-76,26,117,117,64,25,142,14,-19,39,92,-15
-123,20,23,-91,29,77,-5,-117,93,-91,-71,14,-107,5,-80,155,213,-89,55,-46,-26,21,114,8,-148,16,123,3,96,34,18,83,-3,137,-7,92,-90,47,-37,126,47,-21,-22,-138,135,-56,-13,-9,80,-23,-109,4,-55,114,82,-84,124,-17,71,-31,-71,-5,33,-40,32,-39,-37,21,4,56,41,-99,88,-34,42,23,-7,7,104,5,-3,98,-3,12,32,72
178,-61,58,-63,-91,-91,159,20,-13,-5,32,102,76,16,52,-35,10,142,5,46,68,-116,-22,37,-54,46,160,47,-123,55,-145,-21,65,-18,-18,32,50,-37,107,91,27,0,51,190,-123,140,-116,-50,-78,63,-93,113,-65,-59,48,-98,-75,93,-60,116,-28,-5,-78,-72,-105,-14,-25,87,30,-156,51,190,10,29,123,-33,169,-34,-20,-102,121,-116,-28,-37,-80,-58
-40,-6,-84,-68,39,-47,12,48,-49,-46,8,-86,3,48,64,8,86,2,-1,26,-10,84,-7,114,35,-96,106,20,-84,-123,-41,-26,56,0,-81,9,-5,-27,-67,111,-17,-140,-97,-2,-6,-83,-45,-75,-81,48,32,-10,5,-10,-26,-39,84,-74,48,-1,-89,15,26,-49,23,48,8,47,-71,131,-99,92,38,12,-80,-29,23,-43,-96,-25,-120,-99,115,-110,-26,-129
105,-113,-223,-50,32,-60,112,-25,-20,-170,26,47,-96,-6,-61,-2,51,26,-99,115,74,118,58,5,66,65,79,-82,19,-20,21,159,70,-11,20,36,-76,35,-54,21,-35,59,-117,-181,70,59,48,32,107,-20,108,-57,-18,-99,-20,215,62,94,24,18,50,85,62,148,153,74,54,-84,105,140,-65,9,-107,-13,63,114,-9,116,-147,119,-222,28,83,88,68,84
76,96,-28,78,-1,-124,63,113,126,-66,-18,-20,86,-35,6,-16,-42,69,36,0,94,62,146,1,-117,-19,-44,-119,-38,5,35,110,159,-68,-40,43,-28,-8,-66,-69,149,145,146,-17,-34,57,-2,-56,-87,72,222,52,90,106,-23,37,55,-37,-56,96,-20,-32,20,50,15,-24,55,18,-87,-39,-70,40,-13,10,105,-107,160,174,-111,-25,43,31,47,121,-105,108
5,61,78,72,157,23,-139,49,-61,36,-4,46,46,-182,31,133,-69,-54,21,-24,5,20,141,104,-83,66,-93,-22,100,25,92,63,14,33,65,-33,-35,106,48,49,-16,119,125,39,179,146,97,103,70,96,-96,38,13,129,128,49,-25,69,75,-56,-74,-33,8,149,81,18,-52,39,-112,31,87,-2,107,15,35,9,128,-9,175,38,-131,-11,23,-31,98,35
-27,30,17,-9,35,50,82,-8,67,8,-33,-10,90,33,38,-52,50,1,33,-221,-20,-35,22,-132,-79,89,-97,96,26,-40,-7,-35,54,-74,232,-73,-143,78,-44,-86,131,122,-4,174,185,-26,-16,-63,-90,43,122,-21,69,127,49,-8,47,-165,40,193,-69,175,-19,93,40,-104,-1,28,-48,-129,95,-35,-9,155,70,-29,140,42,-29,-85,82,-36,50,-104,-79,96
14,-5,110,106,123,-38,4,20,28,42,-68,9,54,26,47,-84,35,1,22,110,161,81,-131,27,82,3,-21,98,-14,-29,-28,-66,-121,0,-75,143,-38,-74,-186,7,-14,3,-6,5,-34,-25,18,19,115,108,-13,-116,-6,-35,85,-50,-49,58,51,26,-30,0,44,-7,-28,55,15,20,-4,25,7,-43,46,18,-72,-47,-194,-161,107,46,47,30,19,-10,-5,-18
168,2,-31,102,47,-15,73,155,-31,-27,95,-43,66,-28,142,25,63,151,-124,73,26,165,-99,-20,39,89,52,-68,-150,2,-127,25,-8,-122,105,20,-27,-78,84,38,148,132,120,113,-1,180,-21,27,-24,130,205,-21,14,-8,131,44,-65,91,5,71,39,82,77,66,139,20,154,-58,-12,-4,104,169,3,6,76,96,157,147,-113,-190,-20,-31,19,-161,-36,7
-12,-77,-68,75,78,-31,51,23,-32,-79,-97,34,9,-110,34,79,215,37,27,57,25,22,22,29,73,-36,54,-105,108,-30,-58,23,-184,-5,-48,19,-60,105,2,-86,-32,-75,15,-95,24,108,-22,-55,-47,97,34,27,60,-101,-66,31,-15,-97,-42,-1,10,4,-99,14,67,134,67,-182,-108,25,-122,103,-51,-27,14,102,1,68,38,63,-112,73,37,27,-209,102
56,75,13,11,38,-63,104,84,73,-1,14,8,111,-66,-50,-32,53,-29,15,-6,64,-195,-13,20,-11,36,137,82,0,46,-12,3,85,73,106,117,-27,-12,-43,-33,-148,133,-9,-14,-13,29,294,192,-23,61,51,73,12,-107,12,107,95,36,12,272,140,-13,127,123,16,93,153,-82,69,-1,-66,88,-56,60,8,21,-179,39,-10,66,2,-68,-18,-86,14,-37
101,-112,-33,49,-33,114,9,92,-34,40,0,-5,-133,39,-48,75,-7,29,116,9,18,22,161,39,91,42,93,-167,97,-27,6,94,74,73,-83,105,-23,-37,49,65,-16,-3,-101,-113,148,-12,99,7,2,114,125,43,155,103,0,141,98,208,-5,102,-35,82,12,-94,7,20,-93,-36,-123,101,-40,131,-72,-6,-24,-83,-30,194,92,101,-28,74,70,-24,-97,129
140,-7,-11,-79,146,-49,158,91,-30,-82,-77,72,46,75,74,6,56,-9,3,-2,62,48,20,-93,51,-10,79,-68,107,118,-52,26,124,27,2,-41,2,16,-1,146,85,47,-39,-35,82,16,49,148,-42,50,69,45,20,30,72,6,-54,-12,64,210,68,51,-22,84,33,-13,-6,115,47,-98,76,-25,63,-139,-35,4,-79,83,37,26,14,-26,-3,141,130,47
24,-73,-18,15,105,82,207,18,-77,11,-15,-29,105,107,74,40,77,93,9,-46,9,-23,-103,-40,200,-107,82,-15,-3,-32,-28,106,157,32,119,-113,18,-111,187,-35,17,-67,41,79,-40,-178,32,148,53,-23,-49,-45,-32,-31,-105,-87,45,52,44,166,53,106,71,-36,13,54,-67,155,113,20,-29,3,-37,-114,-5,-22,-21,18,-68,-93,98,7,43,-15,43,2
-14,13,44,60,-130,19,105,-135,-27,11,74,-53,-9,164,8,-7,-97,126,55,41,-114,8,-23,83,35,-149,26,26,10,95,-61,-36,-75,119,-136,87,162,-67,172,145,49,-36,50,-122,40,13,89,162,30,70,-150,3,-51,-27,73,-21,-131,131,13,-108,137,-190,49,-87,8,56,-51,126,28,-41,72,-12,28,-44,-114,-15,132,0,56,78,-29,-3,-76,12,71,-43
-36,118,-87,51,-67,217,36,84,54,-5,-87,-20,82,-7,62,90,-48,44,-52,41,89,-119,-16,-18,-4,16,138,-4,-60,-9,-10,120,25,67,54,-6,-61,67,-8,-6,61,85,-79,57,53,60,-20,8,-64,30,124,143,143,106,-155,167,149,-9,-25,139,-17,57,242,58,8,85,49,23,49,-99,131,124,45,-70,15,106,46,212,7,156,119,-36,27,-28,67,-30
-132,-32,-5,24,-125,-50,-61,7,27,-24,41,-51,-7,-68,21,87,41,29,76,185,48,79,-110,3,-34,60,-58,-130,11,-144,-33,-57,55,132,-48,96,-26,-41,53,92,-31,63,15,87,-171,-21,40,-29,42,10,-17,165,118,-72,82,-67,93,124,87,-148,5,-79,-56,-98,-26,57,-34,25,-70,122,-84,96,53,90,-75,3,7,-11,29,-39,35,-90,133,-69,-13,110
140,-10,116,45,38,-18,43,-14,66,95,-63,100,168,29,157,141,81,72,-22,3,97,-42,48,40,77,-62,277,-40,30,62,-138,-92,146,-12,-16,69,75,123,81,124,116,40,93,86,95,179,31,-1,-117,34,191,100,98,-45,-125,39,168,35,1,122,-15,119,138,-117,-42,109,143,82,23,-28,3,15,-24,-53,42,-15,188,84,-18,-2,127,40,180,180,-8,19
-55,55,-24,0,-2,8,79,37,-30,-86,122,-72,117,81,-81,-54,-78,77,-84,43,-68,-119,-22,-36,-25,33,-12,170,-34,47,-22,63,-27,60,-1,24,-59,-13,-11,22,-2,106,3,-70,7,-104,-47,103,74,15,-151,-3,-54,-8,-44,-18,-6,-132,-54,-118,4,-155,-23,-38,38,77,17,199,36,-56,137,50,88,-31,47,136,-6,-15,-152,-61,90,-58,-109,-35,35,-159
52,109,91,38,-64,-4,160,57,-25,24,-56,23,-75,-2,-107,-1,-2,-19,-5,-17,58,72,-3,32,-77,-129,84,-123,11,27,-66,20,67,66,-51,68,27,27,20,173,29,-56,4,21,-14,106,140,95,-20,74,40,110,82,-11,62,71,70,69,97,169,-11,-112,68,81,-49,96,119,-10,-18,-97,3,106,-64,52,16,-66,-28,37,71,64,40,97,79,71,-4,49
230,-37,24,49,153,121,17,-16,46,100,-28,37,-1,19,208,-62,72,-39,-18,-57,-17,15,-21,-65,34,149,98,87,43,5,30,10,157,45,1,9,34,189,-52,127,114,-28,-95,2,-9,-4,-87,76,4,-83,48,25,32,-4,-85,33,20,22,55,106,-11,108,22,-59,-28,-42,-34,161,-72,0,10,8,-38,-45,3,-36,108,94,77,15,26,71,59,47,76,-64
63,-45,-33,37,34,30,40,139,114,-74,-49,28,126,57,56,-72,-60,-5,1,114,1,2,-100,163,-29,157,47,52,-131,23,37,-32,-55,-44,38,101,146,3,22,-188,-42,97,-44,37,52,139,-52,-13,-73,-30,47,-91,8,-3,9,78,-41,83,-106,54,18,8,39,-91,-82,-139,94,90,87,-71,-6,-126,99,72,-25,-71,99,18,-112,-11,-15,-87,53,-28,-28,-178
48,-125,-5,16,107,107,13,117,7,-70,-23,-4,3,91,165,8,213,161,45,39,8,-75,104,12,33,34,28,-19,-30,-23,52,130,-100,-54,-7,-24,-161,5,52,-40,141,5,-102,43,11,42,25,-22,-37,27,56,-67,13,11,-9,59,29,-29,112,-32,-65,131,-15,-58,149,-33,105,15,-105,37,56,57,-63,114,-44,-5,63,118,-19,10,54,-30,-77,-180,-66,-105
-101,-26,59,91,-27,61,-49,47,92,-94,9,-21,72,53,31,-34,9,102,36,80,113,-110,43,95,-135,-65,110,-5,58,-29,-25,170,-35,88,37,86,-64,71,-144,67,-11,101,28,-57,87,-89,5,206,41,142,-80,-64,-102,113,67,92,43,62,-15,-34,-52,-29,36,-83,95,12,9,58,-9,-58,74,99,86,88,-62,-4,35,-81,181,27,26,-66,68,57,95,12
37,-22,38,0,33,4,12,6,-32,60,-33,-83,50,-46,-42,105,77,111,28,-81,-20,123,87,143,33,6,-5,-37,33,-27,-50,80,20,-6,-50,43,6,-96,160,-73,-47,29,2,16,57,-16,145,-101,111,40,35,-113,104,-92,113,50,-71,175,0,-42,43,-45,-24,53,-9,46,80,-52,56,36,-58,-25,-79,121,43,-21,-1,-66,159,-32,25,12,43,-86,-8,11
11,39,50,0,-75,5,36,-45,68,-37,-89,-20,93,-67,-132,61,18,101,-54,48,16,-70,4,15,-115,120,69,-65,12,-28,25,129,51,50,139,21,75,0,77,-4,84,97,16,-120,65,164,24,146,10,102,-17,64,48,-166,32,103,-32,78,119,73,73,-65,45,155,97,-26,151,-112,12,-92,45,-70,-11,68,34,-4,191,90,12,134,152,120,-97,54,-125,44
40,97,2,132,60,-42,54,21,32,-27,11,-49,10,-106,71,-98,-74,195,71,39,75,-27,-35,-30,-88,2,-4,-148,6,45,-56,48,84,-78,43,96,7,-55,111,10,3,87,-89,-16,-37,-63,42,69,92,126,-41,14,116,7,177,28,-34,245,99,62,-22,46,-2,42,82,22,64,149,81,21,108,185,0,44,-35,-21,50,8,249,4,146,23,-98,40,-7,109
52,105,0,-3,146,3,-5,33,-37,-164,1,4,-96,-146,31,-99,-13,18,-67,-35,149,-69,54,-117,62,103,-22,-143,131,56,-65,35,-189,-54,16,-75,-142,238,30,55,94,76,-68,76,74,72,-109,74,-20,41,-79,-70,-36,142,-81,-3,5,63,63,55,37,97,-142,6,13,51,-71,127,-34,-90,117,66,40,39,-38,78,141,119,39,-112,59,48,165,149,66,98
91,-99,22,100,77,152,-127,-53,-61,-9,117,65,-51,95,31,-23,-172,3,43,-16,114,-98,104,-4,18,43,-144,-37,6,200,-74,22,97,-94,-114,-65,-156,-3,47,48,-98,67,220,-142,25,57,108,6,-102,55,-120,-57,106,-55,59,92,-91,40,220,-11,39,-45,-13,0,98,15,77,-36,56,10,27,102,55,29,177,-42,-91,223,-23,-117,-195,46,29,-119,133,13
-45,34,-71,120,128,18,141,193,-36,-27,-144,-69,159,-37,5,29,-71,128,40,95,45,-44,-63,131,-55,11,150,-3,-13,82,-1,46,-14,-96,231,-63,26,-20,81,-150,100,75,-1,3,66,83,83,-37,0,94,19,-71,130,-12,6,37,41,-4,30,116,64,80,15,45,22,29,38,170,-24,47,-20,-13,-11,8,-119,-93,67,67,41,10,-28,-9,80,40,-51,114
-86,1,52,84,106,36,19,-92,82,-127,65,-21,39,-26,75,88,87,94,25,73,20,-84,-22,15,-10,72,56,114,-11,126,-50,-53,44,136,56,24,-43,-20,61,3,54,97,19,-72,38,92,38,37,148,100,107,69,29,46,-8,60,-1,88,72,49,20,-92,46,-24,-40,45,-54,13,8,1,25,190,64,-69,22,76,196,137,72,46,41,25,129,-179,24,-87
