-39,206,154,-132,47,-12,-48,-45,-13,46,113,97,-46,119,-91,131,-56,41,-29,-37,105,295,291,56,-37,27,106,71,32,-56,105,-2,181,-150,131,62,-52,-41,91,97,10,-68,-42,86,57,-50,6,-135,10,94,21,85,-37,36,-62,-97,-43,-38,221,-49,237,-95,42,13,-147,-74,32,121,-25,141,-51,50,65,37,-22,-47,-39,34,60,-32,145,30,30,31,136,-57,70,113,117,71,-42,60,37,0,-146,116,-52,136,-51,-12,77,-47,31,206,-134,-13,27,18,-19,43,99,-135,-30,124,19,-109,-109,-71,36,144,-155,-32,-23,58,-88,-75,45,112
138,84,56,19,39,128,10,61,87,-29,-42,-55,202,185,-16,52,26,-147,61,52,62,57,-203,-49,0,39,7,-108,-55,95,24,2,42,53,-85,25,-4,-49,6,106,45,84,187,175,27,49,52,279,38,20,38,-4,104,5,20,-73,68,115,35,-46,-3,-60,84,36,-74,147,80,162,16,-117,31,79,-95,-171,8,270,5,108,86,164,79,-22,235,-116,149,-43,114,21,20,98,4,18,30,30,160,65,48,3,26,80,-14,-120,3,-35,20,25,-126,5,-2,89,-7,-123,-104,131,81,157,33,74,-91,137,40,99,2,44,231,11,78,173
-100,123,136,14,25,-127,161,-8,20,215,6,-105,-43,-117,68,31,-2,13,-33,-106,206,93,138,97,-13,111,75,78,99,91,256,-24,104,83,170,161,-31,-35,-151,-89,67,-34,95,11,137,6,-83,-55,192,127,-15,29,-25,43,170,92,80,-59,36,350,236,190,-101,-10,6,-92,40,-39,-42,199,96,91,-74,42,151,194,68,176,91,191,74,259,-85,29,86,48,107,27,117,196,94,93,10,186,-87,154,12,186,-146,78,14,37,116,-47,77,-56,34,142,8,135,7,-61,-65,-64,177,165,71,-32,35,-31,65,-11,48,-34,-103,56,70,116
149,103,-21,-28,56,-9,17,25,38,110,-6,92,-74,-124,-16,73,86,-30,60,97,-35,118,-37,9,-61,127,71,157,-116,45,74,5,12,117,163,171,28,20,90,-48,13,157,149,238,-60,20,38,9,-55,46,127,-10,190,103,134,-41,8,112,190,171,-53,93,14,-80,94,7,146,-95,260,82,31,117,91,-208,137,-39,12,-31,83,13,-26,32,118,172,188,-5,100,81,23,44,82,97,88,61,52,18,129,194,153,72,29,22,79,22,134,136,11,-80,-59,165,108,20,13,35,117,21,165,70,75,49,67,86,101,45,124,3,177,156
75,-1,55,40,94,82,160,95,119,8,-99,14,98,287,-146,-15,-64,53,-89,100,165,-25,-164,-111,107,16,26,102,171,147,51,103,77,356,-10,-235,24,69,77,100,52,144,-34,183,27,26,90,39,66,144,148,-37,2,91,-179,-99,142,105,73,91,124,-119,-180,170,149,161,96,76,111,182,72,-81,-82,46,123,166,202,61,71,178,-68,102,98,15,-146,-69,-98,282,45,157,164,308,201,64,-188,-111,149,113,221,203,136,-94,178,91,-1,165,35,-16,10,-30,205,-34,120,1,-116,-31,-5,111,128,110,148,23,106,105,-124,158,19,70
47,126,50,141,-17,-46,80,103,25,79,72,-76,-58,59,-19,89,92,84,69,47,-5,111,112,22,1,-47,29,-30,5,48,115,13,14,115,65,75,0,-19,63,63,-117,174,-87,55,81,195,32,125,-68,54,-149,-111,-41,98,-62,72,123,119,153,23,100,16,-110,-73,194,91,51,154,187,84,90,13,-24,44,-25,-18,97,86,69,-1,65,131,44,121,-71,-28,-176,206,-18,22,72,24,186,-86,-62,100,-65,20,-64,56,106,122,63,75,83,52,-3,-185,-65,-6,-24,52,-49,-69,-210,-183,132,12,155,161,131,177,191,89,57,115,210,-121
164,41,-31,22,-43,51,232,44,-37,-6,41,160,-178,93,164,116,36,13,-79,80,31,-10,24,178,0,-31,80,133,46,-46,-83,26,-44,85,-90,-186,214,-22,-15,-156,209,277,-103,-49,22,23,38,-71,24,-53,-236,-56,60,-21,67,-57,-70,124,28,1,21,22,124,-42,96,115,105,7,-11,-63,147,-159,83,185,87,-1,23,-22,128,-53,18,6,67,-9,97,-14,-117,123,10,15,185,-196,75,-36,-18,232,-33,47,-16,-15,-67,-108,-82,-24,126,-5,-87,-100,-20,-34,8,7,18,-8,127,-156,96,264,-17,93,16,28,173,59,8,27,187,-100
-119,-48,77,-43,180,20,59,-139,24,0,-6,-55,107,260,108,-164,16,-56,34,-45,66,52,164,-15,195,28,157,-83,61,0,202,130,-122,61,-5,-118,20,-239,-84,47,120,-44,10,-13,177,70,216,-128,76,149,32,190,-60,96,-29,39,84,57,79,-113,92,0,-91,226,20,83,153,-57,289,228,51,34,-72,238,208,187,124,-58,122,107,141,158,167,249,-79,10,-38,35,-2,85,12,240,67,159,10,98,-12,24,91,47,-6,-91,-53,170,-5,50,1,43,124,49,-13,102,-52,-22,79,96,-176,125,79,134,96,102,109,61,-60,51,129,105
43,33,193,-82,-26,42,-111,15,116,-10,173,109,-127,138,38,21,1,-65,-88,52,116,14,120,242,128,10,23,92,-47,28,6,-58,-38,-40,93,310,165,69,-47,-51,8,93,133,-128,109,-46,131,53,96,51,45,195,-91,182,-45,150,-22,77,-138,-32,165,104,5,83,16,-26,-121,129,-14,-68,5,22,-90,118,95,10,62,59,62,-48,141,43,-113,-63,130,-2,234,64,-33,64,-27,72,5,-45,-72,-57,-28,19,-99,117,91,190,-144,-131,56,-50,-11,95,22,-1,211,135,-51,-77,-21,-36,-62,-86,112,60,-38,283,115,77,1,21,83,-60
-166,-125,-55,38,102,30,126,-147,57,-19,-49,-85,10,89,173,-71,-67,144,77,29,16,165,156,7,212,-128,74,-101,-105,106,-34,144,50,53,100,-56,63,-54,-56,21,79,59,58,67,-61,-9,-164,73,-57,172,-87,89,-59,41,-95,122,71,128,5,-81,90,-51,-181,191,4,132,74,27,86,8,-51,-52,82,-135,49,-61,66,29,-60,146,-63,70,31,93,161,-28,-141,92,87,96,36,85,-50,89,53,55,40,49,69,-173,130,86,91,-15,80,94,-8,176,50,-153,-105,52,13,-58,85,-16,105,229,-120,3,36,154,247,-109,242,-10,-114,38
127,119,69,23,114,-44,148,55,-58,159,-7,193,-11,-12,23,54,254,55,-157,91,58,22,166,90,61,-1,220,-77,148,46,166,186,35,91,-136,2,194,9,233,214,123,144,-54,100,292,143,135,171,-34,5,-122,122,-62,49,-38,13,9,-73,174,-3,93,-137,-14,120,-84,86,86,182,144,109,-186,11,87,-81,51,-26,68,-119,93,-96,80,-46,121,202,89,-5,13,34,97,67,176,160,107,-111,45,118,-84,63,206,125,11,113,96,175,-14,100,108,-33,-4,-4,100,8,-22,95,130,51,131,194,-32,107,16,-243,181,227,135,-3,174,88
157,142,90,154,106,81,93,2,75,140,6,163,157,142,44,12,123,-40,64,80,-9,56,40,180,194,68,112,106,115,233,179,221,-49,204,173,65,38,-16,235,38,255,93,76,172,101,161,-64,197,123,122,131,75,143,93,134,133,59,3,93,56,48,122,-87,-20,34,110,230,-46,109,143,83,21,-21,65,139,269,254,71,156,185,-8,143,244,16,118,3,53,250,116,192,222,-27,75,-98,69,82,91,-11,99,260,57,73,11,70,52,-21,31,-51,-26,27,20,41,36,143,194,61,157,97,-7,121,133,108,130,58,171,-68,157,157
4,-40,49,26,210,-36,217,99,-58,174,-49,-15,55,-80,-83,86,-57,89,-170,77,114,51,10,47,-3,15,130,86,-61,36,137,39,16,253,169,149,-17,77,173,36,-62,86,74,189,244,54,-15,12,135,39,-37,140,30,-88,61,32,139,64,171,-21,245,9,9,100,117,147,85,89,104,179,-47,-56,12,25,166,20,198,-81,77,-4,188,-56,45,58,78,142,-26,142,58,71,-20,241,153,143,-132,24,148,181,144,270,91,61,76,207,-17,117,162,10,42,468,1,152,46,-33,81,-71,207,70,65,109,-87,-69,97,-1,141,115,93,74
42,46,22,84,-44,119,46,135,0,192,88,8,79,143,-95,11,-48,-71,-22,95,94,99,157,202,-108,11,-129,-247,29,9,52,152,-9,43,-118,242,193,-29,36,170,34,28,49,45,54,7,196,-91,4,9,-42,86,135,29,-34,3,-7,106,-126,-49,0,-48,-41,-17,63,-15,-78,111,148,-170,18,-12,-160,-151,-105,140,27,294,0,-63,131,47,31,138,-41,134,32,79,-18,109,75,113,35,-45,59,15,-165,14,-58,170,-28,41,138,20,-11,186,117,35,50,148,107,37,-146,97,32,-23,120,6,-96,92,-20,-124,43,54,118,73,90,135
-129,15,6,67,72,17,1,-74,95,-6,34,30,151,102,-3,160,48,-180,29,158,-4,-130,-36,37,-43,-18,148,143,-236,-78,-7,-120,69,111,225,74,138,121,37,-114,188,139,1,42,27,-34,21,-209,-58,68,-36,-8,-115,9,173,32,-32,-66,18,202,-44,22,26,-198,71,-53,66,-12,-83,113,-93,-74,37,30,-22,-231,183,-45,123,-17,66,-76,111,-54,-27,84,1,59,49,-134,20,203,35,105,-2,122,25,27,34,210,-47,69,-230,21,127,5,39,-113,-44,153,122,64,-102,36,-112,-44,123,157,143,-73,-90,7,-79,22,-53,-88,89,51
38,-62,54,93,61,49,-15,-8,56,23,44,-133,-1,7,6,123,-54,-27,11,58,-58,43,-169,-137,-122,185,69,15,-94,105,122,-98,-14,-93,89,139,-59,-117,-118,-31,-38,-35,73,-27,-81,4,72,-23,4,77,142,53,-30,-67,83,108,-15,156,12,-94,53,97,18,-93,120,-1,43,-18,29,-68,15,97,-59,14,134,60,20,18,180,184,-41,78,110,-86,-120,121,19,-173,124,69,19,134,59,64,-64,1,-27,50,-112,42,-17,-38,-182,130,-15,40,-109,-137,-46,-54,-68,-64,-96,-48,-74,166,-136,-51,33,150,-1,32,24,-106,-199,47,46,18
269,-18,98,23,85,109,169,-20,11,42,26,113,11,156,21,-53,149,9,-57,-21,170,-122,142,-36,190,54,137,-80,120,-164,33,-39,45,78,72,-53,-17,109,169,-51,-154,105,-133,226,130,94,51,-19,109,85,114,-55,26,112,86,79,74,-15,-170,221,167,-130,-188,46,-15,187,28,-57,9,243,50,103,-41,306,87,-65,286,-154,144,-33,99,11,24,59,-137,-83,45,125,124,147,232,3,161,44,20,-88,230,-155,84,-1,160,79,124,42,-160,-3,135,59,39,172,170,97,53,-2,50,94,182,106,43,57,148,7,199,36,-124,21,-62,-104
-87,-48,89,21,-98,-72,78,112,85,180,10,2,76,-1,-60,94,-34,-13,113,50,12,53,176,69,-67,-83,28,-76,-75,136,-91,-53,26,-121,83,-103,6,-44,51,-30,-35,63,46,129,78,-9,73,55,110,-101,7,-127,112,3,242,88,-8,138,50,68,159,82,-42,-4,122,20,1,59,56,-73,47,85,7,179,-30,-13,101,55,-10,15,-48,60,-74,32,40,-61,-196,55,-20,120,71,-161,166,-89,-75,-78,-2,-117,-84,-69,-2,-11,33,67,-54,6,100,62,35,148,-148,-43,-153,-70,-12,-32,44,-172,12,44,-127,173,-40,53,62,69,66,-134
201,128,72,78,182,118,-71,-133,93,200,-18,57,61,131,29,-11,106,102,-118,38,160,153,229,53,-98,-6,115,205,36,-67,208,33,88,175,31,123,7,54,57,21,-52,153,28,92,309,17,100,57,-42,69,-4,146,-14,-55,-30,-28,-1,7,300,49,173,-3,-13,91,100,81,128,-4,120,217,105,57,8,-233,177,6,195,170,63,54,56,-3,-75,252,-44,119,113,128,179,69,234,222,188,116,-46,-30,11,2,129,108,55,67,175,207,108,172,73,-88,71,-77,277,205,144,64,18,-68,-8,1,97,116,87,15,113,-34,-13,119,-46,-27
43,3,168,266,0,259,-18,139,-77,111,52,210,39,42,76,126,32,15,132,-97,158,-13,242,156,-133,-29,-81,-74,68,-57,-54,78,108,4,24,172,115,-67,-114,10,76,88,-1,22,84,-27,129,147,-3,64,83,161,-52,50,-48,84,197,8,-49,53,18,209,-6,-6,-63,18,-74,248,195,19,-44,206,106,-11,61,30,226,77,10,41,86,21,8,-21,65,50,-21,-6,-31,-13,39,1,260,33,63,-24,-14,-6,-30,258,-23,43,-20,89,89,69,78,71,-155,199,95,-112,-32,-67,-45,-154,118,-101,85,150,25,-25,243,-270,-16,101,15,-64
13,43,86,-20,52,-55,-59,23,57,46,-14,29,23,-109,-32,20,-101,-125,-13,46,70,146,1,-20,28,-107,78,262,-52,117,-62,67,165,158,-45,59,-10,-156,20,45,-53,19,98,180,-13,-80,119,236,233,38,64,-17,163,160,128,-91,290,178,79,170,24,-15,38,-84,11,11,97,53,-17,122,83,19,-88,-1,88,-12,-41,27,60,85,16,56,-6,56,-12,48,120,152,-98,72,96,-37,82,19,31,-42,-43,35,62,150,181,131,106,19,-62,102,-32,1,1,-65,159,-110,6,61,81,-21,124,77,10,-23,71,102,41,28,125,56,59,-26
-11,71,72,157,174,12,19,62,144,1,-75,32,84,162,-162,-106,80,-86,144,0,-167,27,-76,131,-105,184,-22,-133,-45,97,-130,-267,-123,-60,-39,40,43,82,-55,137,18,-68,88,-61,-15,44,15,-74,34,-132,-48,74,179,175,10,25,-66,-22,-7,15,-20,145,-46,-78,8,-43,-17,-21,-136,27,29,47,0,-103,66,6,6,164,-27,3,45,65,115,-112,160,39,111,116,13,47,-21,-110,152,-77,116,-46,113,39,-131,-31,-247,-137,-19,40,-61,-48,-76,-39,-234,140,113,-86,80,-88,32,34,-28,-170,69,-20,44,46,25,10,140,68,69,172
171,40,48,58,115,85,10,82,29,73,120,52,-49,-10,-7,112,-5,95,166,31,64,352,49,79,-151,172,37,-143,133,197,-19,8,-15,-84,-39,-2,35,78,-39,303,54,-68,169,7,-98,137,179,56,83,91,-138,175,-57,94,83,-79,49,197,187,-190,50,217,44,57,183,166,25,136,170,-20,-132,-6,77,-26,220,67,34,120,-173,163,-22,208,138,-55,81,30,2,-29,105,49,-36,105,99,15,150,231,-5,66,-35,99,-103,143,60,21,-41,108,-45,-19,-64,224,-17,84,66,71,102,50,-111,-63,80,81,-108,101,-19,-24,111,161,2,234
157,28,91,47,56,117,-71,0,80,101,88,154,119,56,50,-16,-27,98,237,-134,-6,101,16,-5,-75,-99,110,-30,131,-77,4,47,19,-68,-49,185,-63,-38,-12,117,-51,57,116,-36,221,55,241,86,-55,91,-34,87,-7,70,-85,-18,185,34,54,-46,90,24,135,57,117,180,-6,-16,171,90,-23,-3,-40,58,-30,240,93,-60,-53,8,51,232,138,-13,62,-41,85,86,41,-27,-38,95,52,-50,205,159,39,134,108,-66,-47,18,42,100,-117,170,116,20,37,107,-62,173,45,-18,118,-105,12,51,158,92,1,173,117,130,42,130,-126,-75
39,9,48,-54,-18,-30,-66,-4,-71,-58,-5,-82,-2,-20,-129,-43,200,133,41,55,-91,-29,-36,127,1,-64,-212,115,-57,-70,-80,-140,57,66,-40,-126,-172,-62,-70,74,-107,32,14,-45,90,-137,-52,49,-14,-54,-72,-115,8,29,-29,-273,48,0,34,97,26,31,-54,-5,-23,-7,117,46,67,63,64,74,-2,-77,122,-6,-1,-17,-143,-48,47,102,-142,124,-30,142,-12,65,-78,65,-128,-18,16,9,81,-148,164,-57,85,-117,-113,-84,-64,-47,-69,-55,90,55,-72,147,-49,-35,19,135,90,28,-42,141,64,-178,42,-48,-53,21,202,-15,37,87
133,4,54,2,3,-44,61,-54,72,76,225,-17,-83,101,26,120,84,-1,120,146,-1,119,11,131,-13,54,184,-111,-118,137,153,21,200,84,69,53,108,-87,93,2,-87,115,231,199,113,101,-17,48,147,-115,-45,95,-26,83,177,185,-26,170,30,13,197,117,-11,90,81,-45,21,8,6,-22,77,-26,3,18,83,46,55,-22,-40,-33,47,130,127,220,-89,-99,162,27,0,17,-56,79,37,115,-58,2,33,-8,17,156,-13,153,-20,32,-35,-47,161,-58,1,127,-70,-115,-124,-74,200,58,-62,114,-11,105,47,148,35,194,-48,173,99,137
-29,86,92,2,160,-107,24,-80,-47,88,21,61,-2,101,82,-59,18,164,-136,96,127,-51,-15,89,63,285,106,-77,113,20,11,-30,184,97,-63,14,137,86,136,39,174,-12,-92,183,84,180,-22,84,49,-45,-165,42,18,90,191,0,86,-102,65,127,101,68,-77,122,-176,-82,227,70,-148,115,-16,14,-21,4,176,-217,42,28,-14,-38,-27,-3,42,1,65,-105,-25,46,20,-2,136,194,-61,-75,-75,51,27,95,130,174,43,84,81,-58,-82,-81,126,60,22,145,86,-117,109,65,-6,41,-49,51,-78,62,77,-148,-90,149,-111,328,46,87
-70,72,115,37,78,-99,68,-105,-2,104,-114,24,105,61,195,60,99,23,-70,-18,178,142,0,40,19,-93,145,9,34,-9,176,42,38,172,149,-96,54,-42,-72,-142,23,133,30,78,137,46,10,76,-108,88,131,149,-1,47,-126,184,-89,-41,157,97,32,81,-112,139,-121,100,150,-1,91,266,-37,-84,97,-21,28,32,-70,-156,152,75,-106,154,-40,30,-96,-35,-20,98,106,-54,186,218,-29,84,40,130,123,103,251,-2,79,84,206,240,112,137,53,66,-6,55,38,102,22,-13,63,119,-16,95,-13,27,94,55,139,-273,-47,-27,-60,-63
-20,18,-2,-31,20,305,198,7,-35,173,34,-2,193,-73,-82,-108,-79,-233,-31,265,91,181,70,20,45,51,7,43,-34,-23,260,35,-30,107,-4,124,-100,38,20,164,-37,161,43,165,121,8,204,30,45,-147,111,59,187,151,59,-251,66,111,-115,-116,0,-160,117,-73,325,102,98,160,140,247,50,-58,-216,130,1,81,70,46,209,17,48,-8,305,-20,-222,260,101,129,113,167,145,82,168,114,68,130,129,90,74,-35,204,-25,-99,277,-64,83,-68,-83,-27,55,106,172,-139,-127,118,24,10,56,-1,132,110,153,199,139,58,-132,7,65
32,65,139,19,8,-91,35,64,73,59,201,-105,-84,64,-40,6,166,108,25,55,91,102,42,-21,-109,-24,73,-129,9,47,29,100,21,-32,-72,63,-70,92,27,12,30,-120,107,-91,2,-4,81,53,-40,8,-104,173,-71,-6,83,-1,19,-49,88,174,85,-73,-27,-39,41,-70,83,68,136,37,21,63,-38,145,-17,166,6,81,1,170,99,26,-17,-27,121,17,-64,-60,241,-35,67,-61,-55,99,50,15,3,31,50,-211,132,56,16,70,70,-6,-33,-44,158,-126,50,93,-17,-101,40,-36,-78,-100,37,-25,-87,-3,-146,-64,20,42,86,102
105,-37,74,218,31,66,-59,-53,87,70,-28,125,-56,-8,74,143,70,42,-53,-120,99,-18,-7,-92,24,120,-75,-8,-31,50,151,50,-41,112,208,47,198,63,133,18,87,37,116,34,-20,83,-11,69,15,50,111,-30,-44,-32,43,43,-15,-37,206,19,150,152,-198,92,87,22,-10,16,64,-133,-4,27,24,-58,-14,65,69,37,55,11,20,-72,56,120,-50,-183,45,-28,-51,110,13,54,13,36,-41,-159,-37,-140,-36,210,69,79,199,-46,45,-146,161,-37,-13,-22,9,79,-175,80,5,-146,43,-142,11,70,73,25,10,-25,143,-15,-30,3
157,3,15,114,203,89,107,-52,139,52,93,204,76,134,-76,0,-25,121,2,69,-25,15,-142,-27,14,11,-33,-29,117,-26,-174,-3,165,80,-80,131,125,-1,160,-13,-35,104,66,231,-59,-89,207,24,10,-110,-89,-50,-99,35,101,83,160,-23,-59,18,51,-40,-14,-162,85,20,176,31,119,70,90,89,12,80,183,-39,109,83,-9,-44,-32,92,89,-22,56,13,104,89,-114,-108,101,29,86,35,182,50,130,-59,131,21,183,-104,-90,135,-156,-99,-169,-69,-144,-80,85,-25,276,-68,157,-66,-91,90,-47,18,-29,61,47,22,-285,95,113,-2
0,2,59,11,-138,-33,45,-124,145,26,-46,133,4,-13,-63,129,123,99,-95,-66,24,73,-8,114,-64,-24,-57,-78,-40,122,-109,139,18,205,-6,114,206,56,32,-134,116,86,-26,-174,29,188,-47,129,7,222,-54,-60,-126,-31,25,95,-56,-38,273,77,136,9,-65,116,-94,74,24,90,90,-4,86,9,66,-39,-7,-145,82,52,72,39,239,64,132,209,79,-15,15,-16,-123,78,33,-83,146,1,25,-20,-176,-7,44,-63,-153,-176,73,-127,30,96,40,111,102,19,105,15,169,-4,-55,35,-97,-2,-84,-56,-25,98,-115,135,46,158,86,137
-11,88,-100,57,145,86,-47,60,-121,-151,101,-38,73,159,244,32,-95,32,60,-116,121,-2,131,-62,27,6,39,20,110,183,12,82,56,-58,-95,-59,-5,85,33,181,116,45,-138,228,69,-40,240,127,-1,-97,-136,-11,-56,-54,-4,129,213,73,8,-3,177,-32,70,-3,-12,-13,28,91,97,-163,-50,129,-102,-42,151,30,198,256,15,78,-83,158,-21,48,-14,-155,88,1,-40,32,119,123,186,9,-49,103,-16,76,34,229,88,144,-5,72,9,-69,55,-49,-3,-98,-18,-32,-10,-144,-149,3,106,119,-93,212,36,-35,80,9,-28,119,24,-126
67,38,15,18,-23,65,63,89,163,26,66,73,9,-86,-138,223,87,-25,35,176,-4,-44,-2,96,2,28,296,67,-92,175,30,-20,-57,142,225,27,36,12,75,-98,-62,165,95,51,67,49,-104,34,158,-22,132,88,252,54,-20,37,136,136,185,99,130,46,-52,26,80,13,135,22,-22,247,116,64,-9,137,69,161,-33,28,17,62,150,-145,15,145,136,296,-46,100,159,99,78,115,-14,-102,-38,-41,94,19,14,180,112,155,86,74,124,12,39,-69,-10,143,143,77,10,116,150,-30,26,-6,108,227,-51,-34,78,-27,148,-118,215,81
118,43,-101,26,123,131,137,14,-57,-13,16,40,-91,250,113,27,128,97,-73,88,159,290,112,322,171,11,168,14,77,74,152,-19,-161,86,18,46,-103,5,97,95,-160,123,39,183,123,123,-133,398,90,89,-50,34,160,-60,-176,95,-23,126,20,-154,55,-42,-24,141,219,194,49,195,117,202,116,11,29,-100,246,112,159,176,197,169,32,20,101,151,34,64,33,256,-22,48,73,138,163,-34,38,0,77,81,-36,142,30,156,95,176,-72,32,141,25,125,-11,117,185,132,-50,145,-41,123,161,169,149,190,275,8,62,107,63,47,55
209,217,91,89,85,141,89,197,49,293,24,128,22,149,174,168,-1,-131,39,104,177,26,130,21,-46,47,159,19,197,113,45,33,104,28,179,21,203,-74,62,-73,59,207,169,189,44,83,212,-43,58,112,-83,54,83,-16,99,-31,133,93,63,127,160,0,223,55,16,123,95,147,126,237,168,71,-107,115,58,189,130,156,22,-24,250,140,123,28,146,26,45,176,61,61,152,204,-51,-68,14,-18,118,90,56,207,64,223,29,185,212,248,141,-98,189,129,-20,109,130,-31,143,47,93,59,-46,197,30,104,120,91,-30,62,76,120
-76,-83,17,84,157,133,-6,10,13,146,96,21,226,140,34,-48,114,-165,25,30,-1,64,152,135,1,89,192,51,-47,-97,79,18,-115,192,69,-283,-174,93,-131,-35,89,62,5,86,45,221,-28,27,-97,94,47,144,52,104,-109,-45,75,-68,-31,-12,-156,48,-66,-17,35,58,272,82,0,141,30,-221,-2,14,46,133,157,105,-26,5,16,163,184,-145,-130,65,72,271,69,-118,183,106,110,155,35,77,95,135,169,16,-62,58,-65,45,18,181,147,124,-49,-124,137,127,119,-35,-41,15,36,214,39,160,146,15,-10,-123,51,11,-119,168
7,45,-31,143,36,187,89,198,49,83,-34,30,77,157,-42,42,18,-7,50,79,48,-165,36,-47,-89,-74,100,27,-38,101,12,-62,-62,-60,49,160,102,-41,6,-173,137,13,23,-47,173,-13,-11,-53,-7,-99,-29,8,195,-91,-23,79,110,-43,-130,42,-25,-110,-80,-91,3,-82,8,22,-18,31,147,-10,-44,-101,17,67,154,-41,122,-71,105,33,120,-116,51,-97,143,113,-62,5,-60,39,12,-122,-119,-86,7,89,18,-22,22,22,-63,-153,74,121,58,41,43,75,84,-42,-20,27,-71,124,108,50,-2,168,-18,66,36,209,-28,14,167,14
224,26,-61,-26,-83,-1,100,-116,95,44,113,-46,-52,37,-89,112,66,-37,-35,-102,167,-64,29,108,87,-95,-52,-40,17,7,-22,22,-40,-12,53,-50,60,130,153,-92,-113,128,-44,-43,-185,-107,-91,-164,-12,-141,-317,-6,138,70,2,26,91,39,-72,120,40,-105,-55,-59,60,74,165,-98,50,35,63,75,-24,116,31,-114,160,5,60,-25,34,67,-158,24,46,97,-85,112,132,11,-11,65,101,48,15,31,-83,19,94,-18,17,34,-20,72,154,-35,-56,8,104,253,48,-7,41,-88,118,5,131,23,-40,66,-43,-64,55,150,-81,-30,207,41
166,36,41,68,-66,86,65,-88,125,99,40,122,-6,-93,133,267,67,50,-98,12,119,5,-5,-41,-8,12,95,86,119,99,187,126,103,92,8,111,198,86,64,-50,18,129,166,94,100,61,135,73,47,-14,-64,32,-1,-140,-69,32,63,-78,56,151,136,-63,-82,19,-58,197,84,207,153,49,-57,196,77,72,131,49,-99,-80,142,12,56,161,148,95,-6,-98,-53,100,90,75,147,176,115,-131,-7,-1,-22,76,-71,-53,-31,33,310,64,-70,16,2,-54,125,50,98,112,46,-51,111,153,76,8,13,77,70,-54,69,162,-50,32,35,75
235,30,104,147,-29,-59,28,288,-44,-74,59,211,200,134,109,116,16,-123,135,10,82,70,34,52,55,-22,194,43,128,78,17,104,33,-56,-49,91,106,-43,125,56,30,-20,-100,89,5,190,-38,38,20,170,-46,62,128,53,118,37,258,156,-108,72,140,48,-88,105,29,118,48,10,-116,-35,-86,115,-182,92,48,148,-66,21,-40,-35,35,101,11,33,-23,-3,3,111,81,197,68,-59,44,69,11,20,58,-28,71,323,91,208,79,112,-8,97,211,-54,114,43,-75,79,-60,175,-76,-142,138,65,33,146,85,145,206,231,198,222,-86,24
164,30,-35,41,151,191,-13,70,127,79,60,28,246,152,-62,65,67,-139,52,167,63,-8,159,54,-11,246,210,-117,41,79,26,84,47,3,122,185,109,110,193,-72,-41,83,9,128,153,78,155,135,12,93,211,154,91,66,123,181,-75,72,227,-136,117,85,-164,149,169,36,84,63,204,67,5,157,-8,-12,126,76,67,140,48,129,125,-38,92,161,61,55,67,-5,1,57,59,255,84,-103,63,127,32,77,8,158,74,58,-3,156,-89,117,106,-155,29,167,41,102,52,121,-32,50,12,1,159,244,64,-12,98,75,38,147,93,113
15,-151,-75,100,39,-102,-54,121,-19,24,132,35,124,-113,122,128,-76,70,-147,33,-107,-145,44,-47,21,-67,112,47,212,31,-51,-62,28,20,39,-55,40,-89,-60,-17,-23,-10,-222,142,-11,83,60,189,-40,-45,-49,-36,15,-36,-129,-75,98,-47,25,111,-148,-300,99,-21,46,6,169,30,-37,40,107,151,-41,119,129,117,37,-78,43,-31,-206,27,-23,44,-61,13,22,75,-178,9,6,-11,66,-88,94,48,195,-61,77,36,75,37,47,0,35,85,51,-163,-81,-18,15,-7,-96,78,-74,-16,93,127,-26,-1,92,-5,205,34,-37,-6,39,0
49,59,-59,58,75,77,119,75,-213,21,36,56,117,25,53,62,70,-138,-8,23,-53,221,206,157,-77,-35,-4,67,-79,-169,70,-6,-5,-50,232,-58,73,-60,44,142,-57,95,58,47,46,-23,98,-75,178,152,-1,68,-53,-66,-63,-130,30,10,-151,-74,150,90,0,-26,-25,183,-172,98,197,85,-103,-13,61,-49,-37,70,24,129,78,-61,114,168,-68,192,-69,82,155,11,-19,-21,71,14,111,133,41,44,117,141,7,-77,-17,-175,-99,224,-111,-17,66,61,-38,131,71,178,51,-83,21,-49,130,-4,26,-131,0,-137,145,-24,7,20,-120,242
-141,88,17,35,225,-13,48,131,57,-84,-110,209,64,44,-54,-17,-7,32,124,53,-42,60,-49,23,0,-67,-36,-43,48,47,34,78,-278,310,55,24,-80,-3,-12,70,-24,21,45,45,-54,179,116,34,3,147,95,168,10,177,-26,-56,12,121,57,-78,-106,-53,-144,135,18,26,128,198,188,257,136,-11,31,4,55,88,-8,34,229,25,16,159,191,168,29,267,44,111,270,152,-11,103,-12,32,120,135,-5,126,112,97,166,84,-59,22,105,176,-1,18,-4,31,190,70,16,101,-38,77,21,112,-41,152,51,83,166,-21,222,52,91,212
-63,-76,129,-23,55,42,-166,14,-1,14,-72,-164,54,-67,-96,88,-135,-89,12,113,-45,82,138,62,5,-185,-17,44,-137,-78,47,-39,-23,36,30,25,-173,-11,-78,79,-164,-46,46,7,60,34,8,-73,85,153,-26,97,-91,-23,-55,45,22,-70,3,-15,142,-70,7,-53,95,185,85,-60,145,112,126,-15,-46,-7,-46,-64,-27,-18,-40,-8,84,104,43,-30,-98,159,-40,-95,89,-60,-102,114,68,23,-108,-98,118,37,134,0,-3,25,107,-57,31,8,101,49,57,15,54,44,13,-93,-145,-41,75,118,65,-59,-22,-67,-11,-87,25,-51,-33,80
24,139,-63,29,22,183,106,30,-42,136,30,82,180,149,45,23,23,55,116,80,21,63,51,35,112,6,29,50,90,132,14,133,-38,122,81,65,-9,-53,-70,182,36,154,267,211,-26,191,240,176,-68,3,1,178,43,182,93,21,17,11,-62,65,-56,-71,-44,211,32,127,64,40,142,205,82,-74,0,194,-51,153,-72,-76,-38,-149,72,-91,-21,183,-44,84,58,127,119,-47,162,117,27,-79,-13,-5,111,55,91,-15,34,131,46,136,-108,284,59,117,163,8,107,168,91,39,120,75,158,-16,-94,60,17,-38,50,-78,185,-90,77,104
133,-54,-59,-178,-143,-24,199,-103,-81,65,64,1,-50,-92,125,108,-2,-57,-81,28,155,73,294,49,209,32,181,-6,5,-7,141,74,-186,166,229,-89,161,-94,23,-44,91,58,-80,-52,36,-28,27,-36,78,153,-28,24,17,44,26,161,45,73,3,122,335,-10,-16,14,139,183,-45,-76,307,296,15,141,-77,38,233,34,-81,-18,67,-67,50,95,33,100,-15,37,37,-3,5,69,166,183,-17,82,-69,130,-46,-2,69,-212,-20,-77,57,-79,16,10,50,190,26,91,-137,196,122,-122,178,231,24,89,-118,66,-3,70,180,41,70,39,36,94
-166,84,-89,38,91,61,133,8,65,225,-124,48,91,165,-186,-151,110,-25,-22,57,141,28,77,42,-58,-126,128,-65,-92,64,53,-49,-194,80,122,-72,1,-5,4,31,-103,115,268,114,143,139,-189,49,64,-62,-237,24,7,144,105,-2,-122,261,94,128,89,-214,5,50,-31,-130,114,71,-26,183,0,-32,-84,34,45,104,-18,-34,4,-83,212,133,104,76,28,114,-146,73,185,117,22,149,-107,-168,-219,-52,-73,51,-132,-35,150,-110,103,46,-35,57,1,95,68,231,141,16,-71,55,31,146,37,-83,58,138,-27,71,-70,67,-121,91,121,114
-14,-43,65,144,24,-148,15,70,85,131,1,33,-117,150,92,36,-28,143,41,140,30,-180,-67,-2,127,4,100,183,-20,45,103,-93,72,109,101,154,-113,-122,48,31,115,-132,72,-59,36,58,-97,17,275,-74,-39,177,134,-46,146,-22,216,-23,-39,182,61,69,-39,-34,-52,55,125,4,131,172,84,-111,-76,106,55,-145,48,47,258,86,-44,1,40,47,77,47,79,177,95,-105,119,203,-36,41,-76,16,-28,-29,149,128,122,46,144,-129,100,58,-117,-104,81,-3,320,-142,87,31,-31,-37,133,-20,22,35,49,58,165,47,-36,71,62,128
158,39,-92,28,79,132,87,118,-64,53,27,256,70,-16,102,124,18,-76,35,84,-84,26,56,301,23,23,64,14,32,99,-30,-46,23,-39,54,126,107,-91,-68,-7,188,130,112,-64,-43,-23,50,94,-47,52,107,-120,113,8,40,74,20,26,-103,70,-83,105,-9,91,186,-134,209,33,-122,-18,-19,-101,-15,158,69,26,219,33,2,-33,-128,35,156,-88,114,95,11,26,-9,108,65,56,164,-107,211,167,240,54,-24,150,-16,311,-156,5,40,-26,-40,-93,-85,131,126,238,-119,-7,96,113,226,183,-144,127,260,66,219,23,53,-39,48,-78
-83,47,144,-159,47,113,39,95,-155,70,61,56,106,0,-68,-41,96,17,50,138,16,118,175,153,139,105,92,-53,39,-32,151,100,-58,162,-9,147,-19,20,-135,78,-24,54,-45,56,73,94,-10,0,-23,-22,-7,97,-136,87,-73,-111,26,-76,8,21,33,10,76,132,128,119,31,107,273,81,91,79,99,12,-127,73,-57,25,-57,145,245,54,34,14,-6,-7,18,107,115,153,83,69,97,26,-22,206,60,48,19,38,-25,41,31,153,15,155,-13,174,-53,-19,66,25,-12,-45,5,-35,78,166,215,158,-78,53,116,87,186,65,-75,49
-66,-44,141,-17,144,-105,-149,-158,-148,-53,128,-55,85,-81,125,17,-74,-38,-47,68,-62,90,65,-130,8,19,79,-183,6,-122,125,34,126,-132,-81,33,12,39,-55,-18,-102,-196,-45,-109,-101,39,-131,22,68,66,-33,52,-38,-23,2,-181,239,-159,17,76,-43,0,-20,-26,72,-8,103,100,53,-28,70,39,83,20,-104,-81,-25,3,2,119,1,-133,-2,-97,-59,-119,-169,21,82,-49,36,28,99,138,83,-29,-113,-6,5,12,63,1,102,-33,109,32,22,26,51,-289,45,-30,13,-47,-162,-121,61,16,39,123,-25,-66,-67,73,7,23,-26,-115
33,-63,32,221,-304,25,-54,8,154,246,-52,-137,169,241,-17,200,91,7,39,59,-16,35,183,63,-46,-7,77,-90,-22,-48,71,18,-78,112,59,12,-69,-80,-4,119,110,-49,-42,90,88,44,68,9,196,-149,-202,81,-80,51,163,-1,-24,-40,182,45,3,-46,216,42,66,69,-17,134,270,140,-44,29,168,55,-138,-46,122,107,-53,52,11,94,21,40,11,76,-146,-89,50,-104,28,-10,153,-55,114,269,-23,31,-149,-126,-3,-154,0,-6,87,22,-31,-97,-198,133,64,-144,143,-136,-34,-69,130,58,-84,-118,-199,14,-7,-176,-57,-2,-49,59
80,0,37,-31,-69,-155,54,-21,47,73,-35,81,-50,286,-86,35,12,42,-25,119,58,123,20,109,167,-138,-52,28,-81,-98,63,-63,58,88,-60,80,-73,126,186,-48,-30,-6,131,63,46,-103,20,-34,20,68,21,40,80,32,-96,-27,-85,166,147,-40,165,-19,-60,109,120,53,45,144,49,16,90,-51,83,32,83,-141,104,137,90,-118,178,-112,72,146,53,-13,26,204,39,-71,58,139,86,102,-187,-117,71,56,70,71,50,4,-129,95,-98,-35,9,-108,151,-28,99,148,-35,-66,-37,14,-71,138,196,69,-41,89,2,-38,47,-12,-80,191
58,-44,-60,122,72,-208,42,161,1,165,24,65,100,336,18,-36,186,120,89,69,144,-14,-75,82,141,91,111,8,105,119,-7,178,-3,123,-64,-160,2,61,42,202,119,88,6,108,122,120,143,32,-225,-11,109,40,16,105,179,-123,-64,138,36,142,-2,-51,-25,145,-28,181,-18,67,160,-51,-37,53,3,69,-120,74,109,14,8,106,-153,123,93,25,77,-70,-69,74,85,25,137,141,151,30,122,225,208,7,90,-6,131,12,51,107,-80,21,-1,18,38,28,52,-6,-47,12,-201,38,123,49,37,43,69,-6,-10,24,51,-94,112,-20
72,-54,48,249,147,105,56,91,39,185,-25,-10,-4,6,153,81,-90,-18,111,126,103,131,1,146,41,-58,-73,86,-105,12,125,-120,55,-79,98,213,131,70,6,-85,192,144,60,3,78,-120,91,-56,-56,-172,-187,-2,70,-2,84,28,-69,-51,-13,-44,39,208,239,-50,139,-68,60,26,72,-50,138,118,-21,-251,14,11,111,11,128,-87,91,20,231,-135,67,86,34,-18,125,-35,39,141,69,-107,137,83,84,-28,-1,-102,-163,-38,-5,-9,19,90,-36,56,34,-62,95,53,31,132,-87,60,72,-48,-18,52,-30,-51,-45,-127,69,-73,-38,11
13,135,-149,195,-22,-140,-24,97,155,-177,2,161,-118,-148,29,120,83,-74,29,-4,46,41,-14,-161,49,138,-14,35,-20,66,45,-20,-120,6,-28,-20,-64,45,-9,168,-71,-118,-36,158,2,35,131,251,-18,107,137,-12,63,14,36,40,100,-32,-164,217,-46,90,-151,-64,-62,91,-83,162,26,-60,-104,100,71,-77,59,-143,-111,52,118,27,-84,199,40,14,-31,-2,0,161,169,0,89,-10,125,-42,-107,-90,19,-8,74,30,-132,75,-11,-20,-24,27,-2,-93,-102,-125,105,-25,-65,-106,-127,134,-25,-33,-4,111,85,65,191,99,-90,107,54,50
70,-32,128,-34,31,164,152,-93,82,31,-92,-76,-182,67,-29,30,-1,137,-34,157,80,73,44,209,44,-85,110,69,58,-34,158,-27,170,22,3,-68,9,-49,69,55,-110,159,73,96,34,-66,-50,13,23,-11,53,-69,69,5,113,-23,60,55,-9,70,136,121,5,107,106,82,-76,-31,78,59,162,-137,76,57,-186,-55,63,33,-128,38,47,23,-147,17,149,-13,71,86,86,186,109,-38,-47,27,72,-58,74,96,45,-63,36,-137,227,-83,96,-6,23,273,61,-73,32,-67,107,-86,79,39,-22,59,-74,-67,77,76,39,69,-107,155,-40,-127
63,-60,-115,104,80,-31,25,-23,-36,-65,-35,-86,48,-106,60,-138,150,-163,82,70,170,-15,44,78,134,9,164,9,-79,125,56,180,-200,-88,-4,40,43,-133,-123,129,-157,116,54,63,-9,133,-94,115,25,86,88,-31,-94,78,-127,135,40,178,-47,-36,-97,-44,3,-8,-65,35,-22,-126,-21,8,-48,85,-1,48,-61,-65,-119,138,142,45,122,149,-18,131,-14,-3,-49,-64,194,208,-16,42,37,93,77,30,17,-79,109,178,20,-47,142,82,93,156,97,41,146,126,3,111,-25,-100,75,85,182,46,4,-46,232,138,230,87,-2,244,-10,-23
4,-61,23,130,170,-13,31,50,53,52,44,10,41,63,-30,-24,-72,107,66,136,-136,71,81,-3,176,8,123,-88,4,18,-44,34,162,81,99,143,207,-93,-59,-36,115,18,153,34,43,15,-57,2,150,210,222,154,129,-4,23,20,32,-12,-69,-77,-20,148,-46,1,1,101,110,-228,33,6,10,-83,-113,-157,127,58,-19,43,-70,69,-66,-78,286,-86,139,-50,207,79,28,-5,40,-5,-28,141,84,50,153,10,115,-78,-42,76,-104,-28,-40,-15,26,-3,89,-60,-185,-4,-28,-49,142,17,57,3,12,-98,41,170,161,-131,162,-2,76,112
-95,248,37,225,188,-5,-73,132,-86,92,-54,96,2,63,270,137,-1,-212,40,140,7,-18,212,-33,-344,50,78,-5,126,-26,55,9,161,50,156,-18,102,-107,17,30,129,38,-2,115,93,114,41,61,175,108,-11,80,-14,-96,267,-76,-63,-13,54,-31,176,222,-112,104,-105,-114,-82,53,14,87,56,68,141,-73,172,35,51,232,30,217,71,214,42,158,13,119,-25,-36,122,10,38,8,-41,102,-93,229,-20,133,-141,76,23,73,96,7,72,78,-44,-34,-26,228,147,-23,19,98,134,6,44,34,-87,95,-188,62,9,46,-27,153,97,19
-53,-35,160,116,17,-116,52,45,88,-17,39,74,30,-57,92,62,-150,-67,133,48,-3,-151,50,-107,123,-76,-130,55,7,-30,-235,75,172,16,-19,-102,31,41,15,10,-60,65,97,71,-17,134,90,200,-1,-34,-151,142,160,226,293,-52,4,90,55,166,70,165,130,143,12,15,135,53,-21,-108,19,40,-69,-100,162,179,5,-12,-3,-54,-26,-87,-250,-18,220,-46,2,42,12,-70,38,-197,-48,-94,42,1,-18,-101,-18,-33,-21,-123,-17,-72,130,66,-161,-4,-58,33,-18,-85,79,134,-143,50,114,-55,-43,37,-8,-217,39,-180,227,-44,81,-75
262,52,87,5,-24,273,37,64,-27,49,6,44,55,-26,161,229,234,14,-51,159,3,-42,254,245,24,31,77,107,33,132,312,133,-30,74,199,229,-74,-61,-30,59,-46,166,191,-31,124,52,138,101,58,-56,158,20,74,-34,47,132,133,-196,11,106,27,-5,45,33,110,139,131,93,405,104,154,174,-34,21,-25,32,124,32,126,84,188,71,-15,35,-1,139,77,-23,-1,87,150,122,233,-95,141,65,67,202,-1,15,-37,184,47,121,41,-1,70,35,66,21,139,246,13,-64,22,59,110,121,10,50,233,19,204,32,44,-51,61,-34
20,99,8,48,52,-55,12,-94,-125,27,-18,21,151,-136,140,97,131,-249,-26,-10,-49,24,77,-119,-89,63,140,-21,-12,-32,5,64,60,44,54,193,61,133,-18,-162,-56,1,56,23,111,-49,7,72,76,138,128,73,-89,-24,30,38,21,-71,18,-20,75,65,-173,-39,-147,-19,-53,-69,-89,-22,-104,53,-94,-74,29,-8,-112,97,51,-32,64,27,96,91,-78,84,121,-94,71,-10,7,1,3,72,-24,-37,66,-9,119,0,59,82,-179,21,-58,-40,56,-142,27,116,-1,-3,-182,-75,78,-3,117,96,-88,163,110,-66,189,-21,218,57,-44,84
81,109,34,-27,69,94,131,29,2,8,-24,13,46,18,-12,81,46,11,-120,11,84,152,51,100,82,177,102,-33,133,129,126,107,-91,23,-1,212,48,31,78,-197,210,-4,-24,155,103,21,239,9,26,48,15,-58,14,-133,164,219,-86,-123,45,185,4,-36,-84,-54,-80,86,72,14,279,24,49,203,13,145,22,14,110,5,291,-26,35,75,14,135,-89,-109,16,2,-216,-35,220,114,182,-107,-195,-4,9,106,-14,81,19,60,-47,-63,-142,-5,107,-82,182,-81,137,46,32,-108,-44,0,-18,44,21,140,122,64,-48,43,-64,-34,205,52
-57,-71,-3,32,100,60,-37,-141,-186,58,103,-70,-60,35,59,37,-136,16,-4,-154,111,-22,28,43,4,-59,53,65,39,185,-149,101,-8,121,103,-39,23,-62,-158,79,-21,195,100,-121,-69,-50,34,7,77,32,107,166,174,91,57,-8,42,-41,74,20,-68,-68,-76,-40,0,81,-59,-92,69,159,8,83,16,69,117,37,40,-19,48,163,-56,-128,-84,44,24,-39,-10,-42,-40,-18,-82,59,45,160,32,36,-43,92,36,63,66,101,57,144,174,34,22,124,113,11,126,-48,74,-30,55,-71,153,-146,105,-40,-154,17,-36,-112,88,-174,152,-51
29,-60,1,-35,-104,136,-70,-63,157,19,117,26,32,-54,-215,54,-67,-125,61,37,-7,168,-112,-60,98,-143,8,38,-132,133,183,22,8,101,81,146,33,30,57,35,-137,67,207,100,-32,-2,117,-46,71,3,37,156,40,19,-50,31,142,190,202,-38,-66,-155,188,-59,226,52,143,143,215,192,-70,139,-54,-57,54,-80,102,-91,-5,-88,56,-100,83,75,23,56,18,-43,-76,114,-89,194,105,-46,69,-116,-36,38,13,239,-30,75,-82,103,153,11,-66,-108,21,107,61,54,-16,99,41,0,-46,32,91,-45,-53,224,23,129,-3,-14,-42,238
90,-66,-139,-28,87,-143,-75,-31,116,-61,145,-82,18,4,20,42,106,-1,-23,64,1,2,37,-30,225,142,50,-117,-95,27,52,119,31,87,157,-36,19,37,-2,-112,28,122,-113,115,-61,45,64,55,-110,136,64,57,36,-1,151,-74,-119,-40,47,181,24,187,85,5,-190,110,67,-32,93,-136,42,-40,163,39,-35,-19,1,40,-36,73,-1,39,-80,-27,112,-118,86,105,85,-62,37,4,-78,154,53,106,124,-114,232,-61,21,21,-6,-57,91,136,56,9,63,-34,1,61,29,0,83,-55,40,56,-2,-47,-4,-53,-37,-112,119,-5,75,41
121,-7,31,33,162,-86,-36,-3,48,21,152,161,154,59,4,129,-42,28,-196,200,41,149,30,8,81,136,197,30,69,18,252,199,76,141,-117,-18,-21,57,192,244,61,58,198,138,118,47,-5,131,47,149,25,205,-39,155,172,-53,119,177,267,-13,37,-129,222,-62,-90,78,230,212,34,238,105,154,99,-33,-10,-107,240,126,56,64,64,55,122,19,131,134,-22,221,103,115,290,234,156,-156,6,-21,-10,138,155,237,-44,23,2,87,-50,146,92,-103,32,-55,28,-88,-33,153,30,51,-101,112,-75,193,33,-16,-17,127,-68,100,2,199
-166,77,62,-4,-115,11,-150,-111,113,-121,-166,-49,80,-7,-109,-79,13,-16,-55,39,-5,-17,90,-141,53,-33,-156,-53,-43,94,32,109,-94,-63,-6,148,-1,-87,-39,55,-44,-188,-40,-86,33,-136,73,-137,-180,58,-40,37,-87,-96,-39,20,-147,-154,-31,-77,-50,-190,82,-27,-109,12,83,-20,95,6,-71,-2,-54,7,-140,-26,-78,57,12,156,-63,47,38,-11,16,-80,44,-111,-13,-73,-75,-31,84,-43,30,84,23,-154,24,-123,-73,24,-84,56,-38,-73,68,-135,-110,-64,-80,37,-105,0,-54,-75,-22,-52,-83,-134,24,1,-62,25,-21,-97,-90,30
201,-115,95,94,266,49,100,-122,281,123,8,-79,21,57,23,48,178,-31,3,177,12,101,-11,47,98,27,83,-10,120,-136,-15,36,45,0,-98,-33,52,115,63,-48,-50,153,76,119,65,-6,226,133,51,122,99,-40,-11,237,-88,101,120,47,65,-33,74,101,-98,78,219,-30,104,148,34,96,-63,174,168,13,128,11,228,12,86,-5,65,91,37,103,120,-90,-48,-15,-30,34,213,86,283,-15,159,44,85,49,35,85,-36,59,-9,99,-31,-7,-136,40,62,27,80,153,6,15,161,95,-68,10,58,-29,100,-26,180,-22,-33,30,59,159
58,94,215,-40,182,97,-45,-97,78,53,199,50,-26,-128,-110,107,88,-130,-199,170,-15,163,78,23,124,136,111,135,-179,-68,128,91,0,129,254,54,132,86,2,-125,34,181,2,100,30,16,111,110,64,103,40,61,-101,215,46,4,3,-49,45,53,56,67,-51,-27,90,62,126,-126,19,171,80,32,26,-147,42,111,111,43,209,42,76,52,6,46,-48,76,-30,117,84,80,-90,18,193,66,-21,5,90,92,-22,79,-2,144,-90,150,128,-81,-11,86,-63,-24,114,198,-82,28,24,-15,-90,168,-19,164,37,-67,22,23,26,123,108,-25
-13,50,45,45,208,49,109,34,-11,-43,46,127,231,-63,-160,52,22,8,51,-101,-75,102,46,-110,-86,-81,182,271,176,309,-25,162,-114,219,82,-145,8,35,-76,-46,-23,111,313,126,145,-16,29,239,137,174,168,98,39,56,-21,77,57,-46,199,127,-6,-110,-336,-16,53,89,-31,-72,-30,128,-113,119,3,244,174,194,-71,-108,137,44,217,162,49,55,56,107,72,298,85,168,72,43,-16,12,-46,-56,47,160,46,85,-51,-111,256,2,17,101,-17,113,112,105,90,5,52,107,147,6,136,11,88,-25,26,123,111,69,-23,97,115,-210
29,-7,160,56,150,48,82,65,147,237,-179,26,175,11,45,51,23,-48,30,306,-100,103,-49,94,47,222,60,0,-12,-5,28,1,186,76,180,49,71,-6,165,-10,65,81,58,126,-21,180,86,13,29,-68,48,73,-28,175,171,-63,-134,53,130,73,130,73,15,207,208,-11,169,-56,-37,130,-21,-103,39,136,11,-23,-21,17,63,-47,7,-19,80,78,23,-16,47,-22,180,104,110,146,94,46,64,138,232,40,83,10,88,33,68,102,-56,99,-23,-29,-55,-19,243,123,172,38,20,161,19,105,-177,-71,43,-127,102,-89,115,-48,-161,96
-6,211,-18,-98,248,164,57,140,-82,-93,153,40,93,157,79,-58,11,-2,49,-117,54,-37,27,37,-53,237,85,2,-71,182,94,102,-107,-140,126,-2,31,-54,37,106,220,82,-106,106,24,150,127,34,64,90,45,49,-32,138,-7,-103,43,-9,10,-20,54,119,228,13,-135,18,-1,96,-33,25,-19,50,-62,-18,95,26,247,45,5,100,130,175,124,-67,157,54,213,51,43,200,-40,21,116,-33,222,143,164,104,51,124,-148,-75,-18,64,-12,77,-36,73,-187,197,73,-229,-40,40,108,36,-26,67,-107,139,1,-75,91,31,-40,98,49,13
145,-150,92,15,-11,82,-51,-21,159,-38,-55,-57,53,-20,-49,-10,-257,-48,1,40,21,-18,58,-93,174,18,-11,-98,-110,73,-54,41,56,-15,103,35,41,77,-14,82,116,-29,95,-137,28,-112,-63,-79,153,-103,-26,169,89,94,61,109,-36,81,100,-72,94,61,160,161,94,6,-6,-189,-7,-113,44,17,2,29,-20,197,89,45,-96,148,-6,-7,9,-124,17,-73,48,72,224,172,63,116,-72,54,-52,-79,4,7,14,63,-121,-47,55,41,239,24,-49,85,-132,97,-54,-20,-50,-40,110,129,0,-19,-49,-179,-47,-18,5,42,47,41,25,70
-89,214,-99,-38,81,-7,95,99,-90,48,41,77,109,49,-12,-44,-35,-106,8,115,66,261,171,43,-46,-56,97,171,128,153,48,86,-71,-178,-128,20,-65,54,-9,174,97,27,9,37,92,-52,127,234,2,157,127,63,84,45,13,-32,-26,-49,77,-106,-50,-15,-15,202,149,202,-48,132,109,63,-52,80,-57,-47,114,174,5,195,0,168,144,38,92,199,68,156,119,91,-64,74,80,60,273,-77,138,80,58,3,84,-12,83,102,-1,195,-54,160,80,43,78,18,59,227,39,38,-40,-29,-7,-13,54,130,-40,131,-129,7,144,-149,236,5
-78,134,7,27,160,-80,-19,-33,91,3,50,41,74,153,45,94,-312,84,31,46,-119,96,-46,6,103,12,36,-78,116,-121,180,203,212,60,-85,60,83,-47,40,107,5,101,147,146,118,23,251,94,1,64,-159,75,70,-52,117,55,2,-161,222,-12,162,94,-77,43,23,-34,-12,53,77,136,-55,68,63,7,-60,148,42,163,26,-1,140,82,117,117,66,-142,23,126,61,-19,-34,158,-91,54,37,-23,-9,65,107,32,135,11,86,-34,-29,15,63,-182,195,-114,-95,17,140,15,63,-100,-19,113,-43,94,-19,14,-37,78,80,25,113,41
63,-42,-17,82,128,62,-98,38,-108,27,-58,136,3,141,225,-125,98,-64,-9,68,89,36,97,101,22,3,72,2,-57,-98,137,183,128,234,-50,-8,229,-202,137,45,129,19,-53,188,134,207,15,46,-31,-105,-92,25,-120,-95,79,-50,90,124,107,109,41,-62,267,-65,-12,-83,-72,111,296,-33,-30,-11,19,-66,39,109,121,-109,-35,15,30,129,329,187,-98,-147,53,-11,-28,39,-19,42,188,-23,-227,109,-25,53,31,147,26,-69,28,27,-55,39,12,2,15,-82,23,-94,120,-147,-63,157,40,92,-62,247,23,-3,-40,67,-91,89,120,-32
120,43,46,15,-56,75,-147,25,40,83,137,-116,83,86,-19,-113,10,74,-16,170,17,92,2,-146,-64,50,-81,104,-74,48,88,162,30,75,94,-133,-178,38,-17,210,-35,51,3,100,5,105,243,190,-88,47,27,201,-7,321,31,-174,112,46,81,-20,60,-70,282,106,79,45,80,209,190,164,-14,97,-87,2,99,200,116,19,-36,97,13,71,9,-26,-203,36,111,-13,-13,-83,149,72,240,183,-44,104,-46,85,129,-55,12,90,-115,251,-46,139,46,-46,-47,-60,-73,110,23,-56,49,40,-87,-83,22,56,19,114,-159,-63,-78,-24,-13,98
134,16,-65,207,3,-46,8,152,-21,153,65,79,-57,233,-64,76,193,-58,-38,42,-50,137,132,159,58,30,268,5,-8,-40,67,45,16,28,123,-125,-93,-192,-131,-23,100,69,57,47,224,245,-74,202,0,223,202,107,-34,135,2,80,49,131,119,152,57,91,-114,35,-39,87,7,16,11,211,-3,19,-1,131,159,128,23,67,-25,21,80,87,107,84,75,-57,-60,157,18,56,6,19,36,51,-32,-99,226,-9,54,-14,-10,6,134,-56,-71,-67,-47,-41,-2,7,-4,131,40,-18,18,-77,-102,90,30,48,76,320,91,-88,-108,228,84,38
82,-9,90,-294,86,25,-30,50,149,-13,51,30,-25,98,11,96,91,47,71,85,-65,372,-54,70,193,189,91,18,5,118,190,74,6,-15,16,85,-22,37,101,43,-15,28,68,126,-33,-17,125,-38,22,-76,-106,11,95,-10,-5,-39,56,87,133,29,130,5,68,-58,189,137,50,58,160,-31,47,-2,-28,-105,156,-29,-92,127,-133,-69,78,75,110,17,78,-36,278,234,-48,106,37,105,159,-34,-28,81,77,84,98,157,-54,67,-32,97,-77,-118,27,17,9,-22,71,-91,17,-62,229,14,-61,173,35,8,70,94,13,61,89,-171,137,71
61,-98,19,203,241,128,19,152,123,201,263,-72,45,193,-53,25,23,139,136,64,165,-91,-51,94,91,-85,-41,-21,-42,82,12,87,-16,103,148,24,-126,5,228,110,-98,113,68,188,126,138,190,101,-17,80,9,30,89,230,-90,35,-86,176,-73,65,-87,13,46,21,179,62,135,155,196,208,19,74,-47,-50,69,25,414,17,85,120,26,154,36,68,-44,51,72,45,152,-19,128,239,-33,-30,126,-24,149,108,30,-105,-63,212,120,40,43,197,12,-74,113,93,26,20,170,-34,-39,-52,84,-48,207,-121,101,52,102,-77,-98,-28,-41,76
16,10,93,66,-56,-32,-31,88,147,119,189,0,92,41,-229,-151,59,-28,103,112,-62,-87,-85,-22,-83,-19,41,124,-160,223,16,-89,2,-2,-4,43,62,152,-49,16,-135,73,121,167,219,82,-114,152,-92,-48,60,92,-76,5,-91,104,-20,242,66,51,97,24,45,194,99,8,-24,95,-104,19,-29,235,-17,-78,62,222,-40,-17,-212,115,136,131,-84,114,103,-140,110,4,-103,104,-67,-106,40,-84,-80,-64,225,-34,-194,14,18,126,155,87,-143,151,84,19,-178,44,-32,-52,80,44,70,67,37,-20,26,31,-184,57,-22,191,13,93,2,6
69,-10,90,22,-141,139,4,182,180,3,-42,21,-16,34,-224,196,143,-51,-82,62,-208,-115,13,74,-41,-71,82,-58,-28,125,-73,-126,-17,233,73,-97,-49,59,77,-87,210,150,-122,82,31,146,30,76,77,-12,-83,-114,82,21,80,-90,111,-18,-10,182,37,-79,-101,52,-80,22,97,134,-65,-16,-30,17,60,-52,77,30,57,-48,-50,48,22,112,79,16,67,145,-110,40,25,126,129,27,-21,-93,110,-113,-25,-36,-108,56,140,-1,159,-76,121,-45,-52,10,-12,34,197,88,32,140,-254,-14,49,137,25,17,-62,-76,-75,123,85,36,126,59
120,109,223,146,55,-248,154,185,163,194,108,120,-72,158,36,7,-52,1,11,-23,130,99,-39,-70,77,-76,-36,-54,24,15,5,-74,93,-144,6,-82,21,2,194,8,147,-210,-10,154,1,19,74,-63,137,70,22,-6,9,108,181,0,19,186,83,218,182,124,60,0,111,5,229,64,-17,-5,5,51,-98,136,-10,-2,150,72,-7,-30,-42,190,-25,-87,170,-10,-136,110,126,-122,134,158,52,45,39,94,-27,4,13,150,-64,23,-48,48,68,15,-118,-229,107,99,-51,-124,-99,125,3,12,51,-8,-142,174,-20,188,236,-65,2,2,43,92
28,-86,2,202,130,21,-173,-71,42,22,2,-19,-1,48,-123,-28,-103,15,-101,17,1,155,8,100,13,-108,10,-76,-142,-33,-64,94,47,171,-17,18,142,-128,11,116,-19,-31,93,3,23,-48,-56,74,176,86,-21,77,-30,163,30,28,179,106,1,29,62,12,58,-12,42,-49,-22,81,135,57,-39,19,-75,58,10,-1,56,-76,92,-1,80,78,70,88,-14,42,6,151,25,-43,5,146,-57,85,-124,-18,-93,116,-72,108,62,7,90,-70,62,-1,-75,147,-142,-26,101,4,-2,131,41,105,-23,26,-19,3,-118,158,-61,-48,-137,165,189,75
-68,71,-188,80,-45,130,24,72,-100,-87,-139,-30,80,40,-155,67,-49,-46,-83,53,52,91,130,-57,-44,-70,-64,-136,22,-54,89,34,-19,61,60,28,68,-2,-30,46,112,151,58,61,62,-11,-1,93,-142,-79,-83,43,46,57,93,-237,162,-33,-11,16,-21,-183,-13,63,-121,145,52,206,211,1,91,52,-100,-47,30,196,-137,-23,-50,-36,42,22,67,47,-94,-111,-8,74,43,45,-97,103,-1,130,-127,-74,121,-66,76,1,142,-54,24,178,20,107,27,80,-14,-27,-62,161,-34,-66,-130,42,0,22,-55,86,114,-45,-36,134,-125,-6,107,80
424,51,5,47,250,58,197,216,51,-78,52,107,48,-34,124,164,64,44,3,102,-21,88,22,26,41,3,165,117,111,88,-57,170,108,210,131,134,25,71,185,-8,32,146,-62,202,107,23,201,133,273,112,176,-23,246,55,32,29,183,-28,-18,230,55,78,-88,41,-49,168,93,-29,2,78,-7,308,97,95,217,123,149,-21,215,89,-8,90,-97,29,215,104,116,185,247,214,221,51,73,-26,159,91,71,229,128,99,28,89,81,211,-55,-36,119,-15,94,138,151,155,14,31,71,72,231,48,159,35,123,-9,217,-103,23,-85,193,92
52,124,78,28,139,86,1,99,-31,-57,23,124,147,105,41,25,90,-2,73,-49,29,-85,236,5,-39,20,101,40,170,16,170,86,71,123,81,-45,-30,-131,-137,43,112,35,55,107,88,71,46,59,159,50,-18,19,-26,24,99,-61,211,-71,56,128,74,25,-57,159,-9,143,198,104,85,-37,0,-7,113,25,235,218,100,-13,-28,163,81,92,103,-201,14,52,-90,117,147,165,131,32,-32,76,39,0,-6,6,-17,281,-45,6,56,95,183,98,204,57,-162,48,-78,87,11,145,61,-50,158,16,102,28,3,-77,133,1,-19,128,10,-26
16,23,25,-14,90,-43,6,76,-104,48,32,99,10,7,54,24,-32,-90,-35,-44,68,54,-48,-37,65,-82,83,-135,-42,101,-57,9,73,30,1,17,32,-204,78,148,56,37,117,76,127,88,71,5,86,34,67,3,180,-5,61,-28,115,40,-60,86,-53,-18,-48,4,-121,98,137,4,97,76,-74,-84,-68,59,24,142,57,-216,100,22,-72,102,39,44,-11,-1,-18,-28,-86,104,-12,142,-107,-33,31,-71,-53,165,39,65,116,101,190,-159,72,120,-103,52,81,175,12,147,112,121,21,96,176,35,3,-8,50,74,-86,69,60,31,233,40
308,11,205,68,268,182,86,-1,282,18,127,193,265,21,-87,51,7,18,86,23,26,46,69,-48,-62,86,272,24,31,66,-53,-12,61,40,1,59,126,158,167,-45,79,-83,145,91,119,119,114,119,115,220,174,106,-65,-57,59,32,104,-110,84,-104,171,63,-2,34,-40,285,180,-48,85,29,166,-55,-189,123,118,164,201,-77,152,63,182,106,177,28,108,38,223,90,55,-178,113,88,97,122,84,119,51,192,193,207,-78,-33,-48,45,92,96,168,-32,33,172,-107,79,8,140,66,8,11,41,-19,197,40,25,-6,83,86,70,101,65
5,-180,-72,-161,-15,-33,37,-113,148,67,61,94,9,104,-18,-120,56,124,-167,-2,8,95,131,16,84,44,110,-216,-85,18,124,-18,-165,107,-15,-82,-213,-36,6,-51,-23,-66,-142,-69,-77,-3,-124,218,-49,-107,-8,-85,70,183,-205,33,13,27,147,-56,38,-137,-23,41,109,-118,35,-31,142,-34,47,151,-43,118,-47,69,158,62,-86,68,29,82,212,-92,-25,-16,-67,228,42,99,147,11,160,-75,29,-50,-90,-77,29,-173,50,-64,-68,16,-178,94,-112,-29,61,-13,28,-108,-75,-78,155,9,-91,5,-208,52,44,219,-130,-21,55,-127,-7,-65
196,-30,102,-22,70,18,6,-58,116,-3,13,-7,227,71,62,-89,54,46,66,154,193,3,34,248,27,-103,-31,18,-27,96,164,64,95,98,261,118,-62,174,287,-34,-13,139,-24,205,22,-35,17,171,53,-137,24,-118,32,-22,186,22,-32,62,245,6,227,112,70,-26,236,21,-36,82,243,62,71,194,66,-57,18,-50,163,71,-11,153,35,91,-57,49,-134,236,-45,61,122,-22,301,194,154,63,78,97,77,5,10,107,15,16,123,72,121,-7,32,35,-75,224,84,-12,145,93,52,22,111,-86,-75,79,10,78,58,12,134,11,23,-72
108,20,191,-1,94,-58,75,95,-26,171,61,-10,9,342,95,73,74,45,-8,2,104,78,-33,57,60,250,167,-72,42,-81,185,-102,38,140,32,84,3,20,132,36,4,102,-10,106,207,179,62,-49,-86,-56,21,147,112,-36,28,-62,125,53,146,-14,142,6,89,51,57,112,220,148,70,124,152,21,-151,-15,50,266,127,39,99,136,-10,17,180,-144,106,-84,10,92,113,0,66,212,26,-54,98,17,100,62,99,155,-3,-45,12,291,106,37,-52,-100,62,133,31,31,40,46,-115,-148,16,-80,51,184,178,-54,27,5,-76,127,117,151
51,122,-35,-191,60,-63,-32,-68,29,-78,-147,126,110,76,52,-100,28,-57,-166,22,5,30,200,56,61,-74,63,7,96,-107,83,-178,25,117,42,55,3,-14,-66,-138,-28,37,-104,-126,199,110,-72,252,109,100,130,-20,120,-51,-78,-48,-34,91,143,-21,229,-50,-90,189,43,158,130,-53,-104,47,125,7,-78,123,174,156,-15,-9,135,56,75,21,34,81,-85,118,129,214,202,98,119,133,-21,86,-143,-31,108,-11,10,-7,-18,-66,-7,273,-20,196,-51,43,73,-9,123,136,30,3,66,295,78,109,-18,85,168,-29,185,41,112,-159,63,-73
117,-24,54,-63,49,121,51,-79,6,172,22,106,59,65,193,68,34,85,-103,123,42,-1,123,73,19,-16,-42,-99,64,-2,56,-7,169,274,-9,170,124,-45,-9,58,-164,193,113,132,164,82,56,77,155,-255,-85,60,136,20,9,8,274,-9,-70,13,115,4,11,-37,139,124,17,64,193,-12,-37,-29,-25,64,-9,20,71,25,20,-20,27,29,164,65,-38,-112,116,77,-61,20,179,79,119,148,1,57,-8,-42,227,162,193,58,-9,21,139,-16,27,-42,111,13,-20,-7,77,-142,111,24,200,-19,-13,204,-89,75,209,93,-19,69,73,-16
67,128,55,24,71,-55,-47,-108,-26,-29,-105,78,134,306,19,-112,-29,44,29,81,131,16,164,133,118,-75,109,-5,62,-136,118,86,161,46,-70,126,32,-91,54,-31,84,9,50,144,201,-88,59,-37,85,78,45,170,-54,127,24,112,-16,-5,131,45,110,-38,-132,254,10,63,86,76,102,212,34,11,-3,12,227,106,-47,39,55,-77,124,18,-66,170,-48,-63,1,162,93,71,130,155,-7,70,-136,66,18,-41,21,141,84,136,28,158,4,36,112,-8,-117,70,53,85,77,80,-76,128,-31,140,-64,187,53,-16,125,-30,36,38,167,43
31,-148,161,91,114,39,23,152,184,59,-89,117,74,161,-2,59,114,-82,47,89,-2,-64,-62,39,73,-80,23,-115,37,86,-182,-70,12,102,67,50,37,62,22,-155,42,-12,60,12,18,-20,-45,-14,261,-229,71,-7,118,106,231,35,-51,-41,-5,94,-55,22,33,-110,86,-27,8,56,166,12,55,-8,-105,42,88,4,59,-99,66,130,100,63,153,-141,30,18,-35,62,113,9,128,27,13,-25,54,219,15,9,30,-8,-107,-32,110,-77,138,-67,-103,42,-64,245,180,-175,39,160,95,32,52,-98,5,-98,-48,223,40,50,15,-45,124,-27
26,193,72,-36,267,37,-3,208,35,-142,36,68,317,34,-25,-196,-61,-120,88,-110,-52,45,126,-44,-110,-46,72,70,-7,135,38,-11,33,-40,10,-216,28,135,-108,105,-43,34,249,192,141,121,148,58,134,117,76,99,-13,-55,-88,-30,105,103,108,32,37,167,25,108,111,66,72,143,67,29,-88,48,-181,-91,191,214,135,81,-63,54,260,179,227,16,143,135,122,205,32,74,-9,94,93,-18,258,27,187,224,108,35,43,20,51,-105,89,84,110,26,-50,247,-6,101,-67,132,-72,53,58,22,-61,112,53,14,63,-53,203,41,117,14
80,46,89,174,-124,170,-37,-34,-10,26,110,45,-133,42,-5,78,18,47,90,-1,44,195,154,47,82,-149,-50,23,-7,-54,5,-8,148,101,-15,84,-92,11,-149,35,-141,109,-2,169,67,81,-22,95,55,150,122,9,-12,111,-40,-75,80,71,38,179,38,57,47,81,5,-18,-96,179,-24,192,58,125,103,-43,19,-7,122,119,12,-6,283,87,-24,-80,133,-47,111,88,40,84,-3,-25,223,79,85,62,-173,52,-76,104,-81,106,8,-65,118,-9,125,59,-74,322,144,-58,-46,-36,131,-25,216,8,0,22,61,207,50,25,-48,63,43,93
89,-15,-80,142,154,26,134,-29,93,53,9,99,118,-36,19,-100,-18,84,-58,91,92,119,-233,160,154,68,-80,36,17,9,104,133,68,248,30,133,347,55,-7,107,342,288,12,94,-46,-11,165,-37,-133,17,-163,82,-46,-150,88,-9,90,26,131,-49,-35,69,-38,-105,11,50,189,-100,61,91,30,-167,41,-84,-7,103,117,155,-51,52,-164,29,34,31,54,95,-173,161,36,-24,17,147,14,87,164,293,162,113,283,200,47,30,-2,129,52,136,133,-77,107,48,-69,199,69,120,-64,-69,50,155,-117,130,24,84,202,-68,227,58,20,64
-189,92,30,49,-2,-26,-52,67,-102,35,-19,181,48,-14,-18,47,122,81,-23,6,81,-23,94,217,-156,-47,80,104,28,32,112,37,31,2,169,34,-83,-45,-33,-53,-45,74,180,19,89,66,-88,119,-129,76,-23,-38,-20,4,45,63,154,76,37,92,-40,14,-123,-80,-3,-66,12,124,168,80,-9,124,-194,-14,27,13,-1,68,-104,-61,90,78,175,55,-222,154,-10,134,-145,60,-9,125,-72,-41,8,-177,200,11,-28,-30,102,180,-11,-112,-158,22,60,101,21,74,28,15,-60,146,-53,-155,-100,158,-28,20,103,188,-50,79,-24,103,-27,-3
79,52,165,14,25,-61,-48,44,113,-33,9,-6,97,153,-7,-119,-51,-8,171,94,24,77,-52,46,37,-14,-46,-72,4,126,13,105,65,16,15,164,92,-69,61,82,127,138,94,96,164,-95,314,72,124,-43,-49,46,-39,141,222,98,57,119,112,39,195,66,228,116,85,17,3,135,119,93,49,89,27,76,115,141,54,101,51,111,57,172,29,21,48,19,-9,15,4,115,-16,120,109,-128,28,90,-58,9,-32,226,31,29,-127,107,28,-78,70,-68,8,76,-65,32,45,-24,-29,59,-115,-32,76,33,72,129,7,85,-1,76,126,-48
0,-10,13,112,-37,-154,53,-54,-91,42,-57,20,23,99,58,142,-231,-145,-59,-22,39,90,118,55,94,-103,-48,143,73,87,43,-176,154,40,-25,-85,-48,-84,-76,-92,113,45,-81,88,217,-202,74,89,90,16,65,-22,106,12,40,-12,-41,97,168,54,122,42,44,311,3,19,55,246,-3,-13,49,5,42,47,386,100,74,-71,12,-34,-31,167,-31,131,-37,146,-11,104,-34,105,34,171,14,-134,-57,-13,141,118,-47,55,-7,51,120,136,87,-1,135,10,-131,238,132,102,18,127,-55,-18,23,38,-92,-135,114,22,17,-107,27,-9,167,29
2,-63,-17,173,7,-144,139,207,19,139,-127,-19,81,70,161,-70,51,-16,-15,-6,-39,31,104,-76,-83,77,-55,23,45,6,58,68,200,34,14,141,10,28,22,204,-6,-32,281,-12,-56,81,107,-181,-77,-159,-179,92,48,-11,31,9,132,90,110,-3,-50,16,172,34,-1,-131,55,198,-43,-137,-181,-19,30,12,59,-96,110,67,-81,-18,-161,-109,-75,-86,184,-175,-162,268,-124,84,56,34,160,-108,20,-54,57,86,45,147,107,-23,71,119,-54,100,73,-140,-95,-39,107,-44,-10,109,-121,-115,93,-114,-69,9,65,21,118,-57,29,81,-123,60
159,-22,-82,78,-107,-11,-22,-4,161,-75,66,-4,-111,-25,56,168,-5,-170,-72,106,-96,139,53,130,175,-5,125,76,-153,-36,144,-32,112,-15,153,142,112,137,162,-99,-8,168,89,23,-158,-89,-4,-40,45,-25,-161,-41,47,25,-32,141,-45,-45,280,-71,123,38,-18,99,30,-88,31,100,-26,24,-3,140,133,-189,60,23,166,108,100,-12,6,10,43,69,40,59,-44,164,-41,-43,92,103,84,-79,71,-34,26,-38,-3,70,5,169,51,67,140,5,-17,-308,5,-60,63,155,-79,91,101,-123,-59,189,30,22,116,132,71,145,88,84,-43,293
28,52,200,135,-116,111,66,-25,-51,41,4,-36,109,116,-90,29,78,-118,-173,-63,-30,104,0,94,-114,207,57,-83,-70,51,9,7,-111,50,185,-84,74,-153,37,25,-4,9,-28,46,16,-36,-42,-34,233,-99,-49,3,25,32,-1,116,-4,-158,-20,-42,113,95,-128,-163,-63,51,85,93,73,284,-36,48,-104,133,11,23,62,101,244,189,94,221,159,-151,-87,76,-49,80,-39,-60,92,63,140,-46,22,-72,-12,4,37,46,-77,-113,-44,92,-55,-163,4,-66,-224,209,35,-168,115,-74,43,35,-106,-112,-105,-38,20,89,4,20,-263,142,99,78
-171,24,-31,-95,139,-80,-137,-81,18,1,100,-68,205,-51,-6,-37,-158,-32,64,-173,-180,108,25,-39,73,-117,48,108,-17,-64,31,97,-95,12,-195,-122,-8,-110,-76,46,70,-23,-70,27,191,62,88,-79,101,91,-209,75,-34,24,-10,-7,124,59,149,60,22,142,17,-60,-21,92,197,52,-7,72,40,112,-4,4,96,87,107,57,-78,-121,97,144,65,31,56,70,45,135,45,53,-5,75,-59,31,90,66,13,-10,71,-39,-47,104,-1,-26,89,122,-29,-40,-55,18,-74,74,-45,25,50,-5,74,128,39,-72,-5,46,86,-70,148,-60,-23,16
50,-127,103,144,-21,84,18,0,15,-30,127,108,101,-45,-32,-19,-99,-82,66,121,91,-6,7,46,235,124,-32,159,39,149,-19,7,46,48,33,223,-15,-8,95,138,-186,-148,112,79,34,-19,-87,-12,7,29,181,150,66,-6,17,89,-4,49,-115,25,-14,126,17,-49,32,-173,180,161,-21,129,-30,-35,-204,83,159,-10,41,-33,-11,-81,75,59,61,-136,88,148,108,109,13,-28,-32,75,-100,-4,-38,-71,120,-66,97,82,78,150,-34,43,44,-12,7,-51,-8,94,39,19,38,157,82,73,-29,-49,-91,-4,223,164,150,37,-108,212,-45,59
82,-61,-89,95,186,34,129,-52,145,150,98,68,-51,-2,-52,3,18,18,109,86,103,75,-3,157,42,-3,90,-2,88,129,-124,-12,101,-90,-7,21,-11,65,-68,99,37,2,261,36,-29,-142,0,158,-22,41,73,173,-34,184,21,76,28,87,-51,67,44,3,-20,-41,113,60,43,-49,18,35,-17,-91,174,141,-66,-25,114,11,47,142,-50,218,-57,-66,294,-57,54,97,88,63,124,84,110,43,115,42,119,95,182,-8,86,125,94,-52,13,131,129,47,68,36,-23,46,14,-186,7,58,82,-7,38,51,-32,72,124,53,-53,21,36,-12
36,-32,27,6,69,-83,68,33,33,-55,-65,22,133,-18,-3,-142,-90,21,153,18,215,-42,40,-66,60,-71,-109,1,53,-41,-49,67,112,1,-31,-18,32,52,-1,130,82,186,140,13,38,-199,130,-270,-100,-108,-183,-73,4,-102,-38,-149,216,37,-125,-95,44,-57,-50,70,-39,30,-53,-44,-24,-53,41,-70,-24,35,-105,11,-38,147,60,-117,121,-1,101,-4,96,21,41,154,61,59,-19,99,-68,228,41,30,14,-67,175,38,213,29,-56,-51,-3,43,31,188,75,13,-41,136,27,106,-64,112,22,139,-56,91,-51,-118,5,193,69,20,51,-2
-93,-76,135,68,-48,4,59,115,-76,-122,97,-88,48,-74,125,207,-71,12,72,88,-63,60,36,87,60,81,-4,68,33,-4,167,229,-29,191,9,243,-8,-29,191,45,-165,-22,-86,139,-4,85,167,-184,57,-83,41,-39,51,-27,44,-24,-82,-22,-92,-105,-82,114,69,-111,232,33,211,41,170,-39,184,79,-24,166,-12,-69,187,1,198,40,-13,-60,-31,-36,-55,37,35,41,-58,153,-39,-40,219,8,61,73,36,-31,-21,54,-36,135,2,-51,76,-115,93,-47,-100,-10,171,-198,-19,81,19,-227,70,43,-74,-100,215,-22,27,59,129,-16,55,19
139,-98,-124,9,120,87,25,-17,132,-77,-107,-26,160,61,100,152,-53,-60,59,75,56,-112,58,-198,-15,-2,239,33,-2,145,-46,-36,145,87,173,-87,41,87,74,25,84,101,86,162,-43,-12,14,175,23,97,175,26,27,-81,27,18,73,-127,193,53,145,-174,15,41,-87,-84,21,-56,-76,97,-9,52,68,-128,207,-112,-25,-130,-189,42,29,4,-6,-84,82,10,107,-68,-3,-157,87,223,61,129,130,156,-45,109,136,63,-37,-16,74,28,19,-89,71,-67,61,251,-54,48,-133,131,81,170,70,67,-35,-37,-17,17,-27,-3,8,-33,10,-24
-86,59,3,33,-71,141,-18,96,2,-68,112,-32,-24,-50,-77,23,61,-51,201,25,108,-92,143,94,-116,30,48,-35,-64,-40,0,-118,-34,-163,120,69,-3,54,55,177,-122,73,79,-77,-114,105,-66,-10,-11,11,-46,22,-8,-42,-55,30,185,86,-322,-207,61,43,-21,-5,11,27,-91,34,20,-53,-154,-83,-161,-141,-110,-245,65,85,23,-67,43,82,125,-79,0,-26,53,-5,-101,-22,-99,-56,67,-16,90,125,-53,118,-21,-40,40,71,-3,9,-163,123,77,255,-20,184,62,-16,-28,-143,-204,14,8,10,-78,27,-41,59,52,188,-67,3,-58,-15
296,-98,29,80,88,41,72,-76,-1,129,143,-22,193,-56,65,184,-155,70,34,101,135,153,-14,73,283,-56,35,75,100,8,7,89,188,99,23,147,129,2,235,24,50,216,83,109,12,-122,121,131,47,88,97,-35,123,34,135,68,93,-9,165,-27,193,67,-15,-100,306,202,254,-83,142,158,-29,48,-53,131,170,-68,170,-32,98,-10,-22,-71,48,-8,96,-14,-88,22,30,-47,189,127,211,16,74,187,72,-111,198,167,-51,100,93,19,28,-135,-12,46,193,129,-124,65,99,-8,251,33,32,-51,-38,-17,72,34,155,-28,135,19,15,-24
-20,173,-56,12,108,53,-17,184,140,-5,-99,193,120,105,-57,117,-2,21,26,150,75,149,19,4,-67,56,55,49,30,227,-13,-28,-97,46,68,-22,-105,-188,-192,-154,94,68,90,61,117,123,-33,48,75,42,34,-154,183,-37,103,-27,-97,138,77,126,80,111,52,71,-132,-78,165,109,57,-124,-74,-25,-88,40,-6,141,-34,57,178,-7,88,246,5,-24,70,66,62,98,-3,116,176,125,-84,-45,-10,24,-152,-72,-65,178,5,79,61,-32,136,135,-28,-40,26,36,38,-13,-122,144,61,34,1,70,62,161,44,82,16,123,-163,88,114,80
-125,-9,82,41,261,6,150,92,-26,-26,-69,-70,206,1,54,66,-4,57,-91,179,-64,204,70,13,-76,-27,-25,-88,1,9,-59,50,-102,60,44,156,-199,51,80,90,-40,74,156,81,20,94,60,6,-13,64,73,16,100,153,62,-98,16,-90,-57,28,-41,3,119,121,123,3,181,131,-46,149,110,35,74,47,-91,-110,-10,64,163,24,158,50,5,-55,59,67,47,92,55,16,69,55,156,-46,53,42,16,168,-25,37,-65,-68,-53,-9,83,-28,-18,77,37,46,240,20,81,108,-38,79,32,-58,-112,63,38,-3,-48,-4,-106,49,-30,82
59,4,267,195,-11,133,-178,-28,-85,8,-57,-15,15,-44,119,181,101,42,45,-11,-16,-89,197,173,17,-34,59,-79,123,-16,-28,90,-18,22,126,107,151,-173,-87,97,63,132,23,-87,90,-87,0,-128,-78,16,51,106,-76,36,-97,120,18,-224,-76,0,44,136,-75,5,-146,52,40,-57,146,-28,198,59,45,-129,18,164,-40,57,76,10,-19,-42,-86,-119,21,-67,-72,94,155,16,71,34,-114,32,-8,59,-15,-72,49,35,9,80,150,112,175,-22,139,231,-104,-37,15,73,-48,33,6,-79,56,16,79,40,-137,45,145,-64,129,59,-2,-188
119,3,33,78,126,-75,-13,-78,30,45,251,-66,-53,143,138,108,-50,11,49,-80,187,14,-28,182,74,-6,34,95,-100,78,81,158,187,32,-7,253,22,-49,77,38,26,26,-12,-95,52,36,190,144,-41,-75,-9,-5,176,66,94,116,143,-28,55,36,233,112,-68,-50,12,104,106,-8,132,-157,85,188,11,179,13,23,147,10,70,169,-52,80,11,-11,52,2,-55,-56,59,2,-37,43,209,80,107,72,-3,15,-97,-1,-15,177,91,86,-21,-74,-189,88,134,-33,11,46,78,-180,-16,-148,3,-136,103,83,107,-2,-1,-38,138,73,141,2
109,-39,-14,51,94,107,198,50,-17,189,-26,-25,41,4,-61,44,8,81,-47,14,-76,244,140,-15,9,-62,127,93,91,164,27,138,52,207,-5,83,145,166,29,54,-22,62,52,-94,135,38,-91,71,132,176,5,76,113,-35,-93,-77,120,37,170,-6,106,-198,-28,-46,101,87,23,-21,-30,248,19,26,-215,-74,270,40,152,-7,101,128,35,-14,209,59,83,68,58,172,24,163,102,-42,240,126,-30,-11,99,138,4,27,-2,73,160,235,88,6,41,-36,-43,-70,36,-5,-63,-47,127,58,145,-7,-91,23,122,175,28,-23,66,-100,151,33
48,143,157,52,-37,-40,80,84,127,138,83,-5,60,19,-75,254,-74,-31,3,174,12,133,83,84,-290,-15,149,163,-33,48,9,115,135,132,103,46,48,112,137,3,165,324,-94,-109,65,95,80,-21,1,170,-105,-18,223,242,122,-69,262,12,116,241,253,2,40,110,-109,130,29,81,46,103,76,173,-192,-160,75,14,54,132,146,-72,72,60,20,96,120,200,107,62,-13,14,149,121,90,-36,-7,158,-123,298,37,33,123,69,16,-33,86,56,-41,88,-67,57,170,104,-41,40,-161,-104,-49,35,32,159,-64,-98,-67,47,86,-21,146,231
78,1,157,17,-10,65,85,-122,72,152,-173,2,55,90,-95,50,34,12,-133,8,64,100,-134,193,-39,-13,-35,10,-52,97,-99,92,-97,152,44,46,-17,-20,136,10,-61,-9,-69,-84,-20,-5,-114,127,71,-128,11,-151,35,-96,-70,-36,58,-25,52,50,78,12,-37,-49,-78,139,95,58,232,-19,42,43,-98,140,-105,20,-10,94,160,-18,111,72,42,-28,63,113,-177,55,97,-9,10,88,122,0,-41,136,-155,13,-59,-29,172,-165,-2,180,-83,-108,-217,79,-23,68,118,29,90,-92,40,24,70,86,-9,181,18,-34,-64,-11,3,9,101,-56
122,20,6,-35,68,6,51,-52,-277,10,-16,-18,31,184,71,24,77,-8,-127,-155,97,1,46,47,84,146,71,-37,-205,-70,-39,25,-73,-6,77,255,-5,-64,174,181,67,-169,-37,-72,-9,175,42,-94,-14,256,145,83,88,186,20,-87,78,30,69,-49,0,-78,66,48,-52,32,47,-15,-49,-12,36,20,-92,-2,87,-6,127,45,74,21,46,-87,-67,1,78,122,137,-27,53,169,-146,1,30,9,85,-7,36,150,-68,53,-5,-196,-102,122,-65,-42,-135,86,63,225,150,88,2,77,-88,-46,12,-80,-82,-5,165,-19,-90,-152,44,85,68,90
-66,27,209,15,-166,-9,67,-7,-102,115,-22,-74,-56,-58,54,122,124,91,-127,-54,166,-47,126,-164,113,24,-71,14,20,120,31,-63,-71,99,106,89,78,-16,-11,87,-75,87,-50,165,121,98,141,-111,40,-28,-93,22,111,4,28,9,36,121,74,29,44,-117,-181,62,127,-18,83,77,157,122,-95,56,93,9,52,6,20,-19,113,12,39,67,112,64,-10,-28,-65,-29,-15,162,50,-7,-12,8,-112,-49,36,2,-46,-57,92,-146,-21,8,167,134,-173,38,71,231,97,-43,-97,115,-35,191,95,-29,-17,-104,-17,-21,128,50,33,65,251,149
157,-161,-14,-80,93,211,-97,-95,7,-19,24,-78,-38,106,114,66,45,73,91,35,-50,26,45,96,105,-54,-78,-66,173,-83,-7,-25,223,66,-60,-22,6,-112,-102,-21,-108,130,-11,-142,8,-10,-68,108,36,-158,-71,7,-2,153,-47,-125,207,-57,-52,-111,-47,23,214,115,-56,12,54,-110,152,18,51,99,-95,-234,148,74,175,-194,-12,33,-54,113,100,43,103,-98,131,-12,-59,95,-67,-37,206,15,221,129,15,14,204,-106,-60,-16,-52,49,50,-66,-15,280,-78,-4,-99,-128,9,14,159,78,-185,59,0,106,139,59,53,76,-102,35,10,46
