155,79,83,82,78,71,143,93,69,22,162,94,28,110,219,175,59,-16,132,-120,47,101,162,150,94,44,66,59,51,178,122,15,81,-28,46,147,161,79,44,33,-24,144,-63,179,-8,-82,45,125,60,116,-34,-83,132,20,124,45,92,218,-99,-131,129,28,148,115,-97,141,132,70,-27,128,41,21,-9,4,134,53,170,67,-24,116,180,39,-87,51,148,2,246,-135,189,26,-48,133,104,86,80,143,244,152,63,-37,-39,264,178,110,-51,78,126,42,124,114,117,68,-40,103,-29,5,77,-45,179,177,-33,5,21,109,232,109,-71,96,45,170,172,-6,-102,98,88,-11
75,90,261,-121,153,-29,241,60,-28,138,14,-162,44,3,-5,44,-47,11,-24,-29,154,-96,36,-63,147,88,-87,-20,-13,44,176,33,148,125,265,43,25,91,-51,184,-12,-205,-19,24,128,30,-155,-23,-44,162,39,23,71,-2,61,9,55,-71,105,44,-11,-45,17,-11,14,14,-39,-30,126,110,65,-72,-59,54,54,66,9,197,105,72,-177,77,-13,128,57,172,56,-24,-7,-200,7,128,158,-81,85,97,68,-63,-48,69,-101,5,-62,-33,49,-35,25,-76,133,40,-20,-4,110,-43,181,1,-57,138,5,-241,-30,146,-75,2,155,-18,-26,110,-18,14,-200,115,111,58,39,63
20,103,16,50,-16,-46,-49,172,-24,-31,58,61,-93,2,74,97,-6,19,72,-75,6,282,-24,-103,32,33,157,4,-12,133,-52,28,1,89,36,46,-32,95,112,118,-10,83,18,14,-27,-9,20,-51,75,-157,-107,-20,112,260,10,107,4,199,192,169,-7,67,-4,-77,-47,-6,74,-23,-36,-159,8,198,-152,14,-78,-44,154,241,-26,34,-110,-112,46,14,86,-3,22,81,26,4,116,133,75,48,-37,-43,200,98,134,121,72,24,-66,-36,-102,-112,-59,-53,31,-110,-57,92,-23,46,51,-39,31,-15,-21,128,-21,-121,-97,253,12,5,153,226,-16,-2,172,-172,-45,35,-25,-204
11,-171,-71,-200,66,-104,-4,5,84,99,-60,-14,141,-87,120,82,92,43,6,133,-64,138,51,215,-44,145,-71,59,152,123,104,-35,-10,91,4,-30,-57,-74,85,-124,170,3,130,133,84,68,23,108,-213,166,114,100,66,0,-178,193,28,-129,-75,43,37,-61,-5,57,128,94,107,260,-9,217,-48,-209,-91,93,-12,-74,214,-4,64,71,53,-55,-20,-113,76,189,-30,-60,45,92,3,26,154,-25,-52,-142,60,-101,144,-59,25,45,170,110,98,57,-45,61,-37,128,-33,32,-135,42,108,-16,175,-46,242,26,-2,-66,82,-171,-51,-146,-4,53,157,20,115,88,27,34,121,-141
-90,187,134,62,-62,-32,232,-31,-107,-27,-17,63,-41,21,31,60,-88,19,123,-24,-81,99,44,257,-12,302,58,-40,-153,-136,85,147,-128,145,-41,-36,-181,-79,40,-16,42,-189,61,-47,52,-231,-162,150,214,82,-60,-34,66,-137,-153,223,102,-35,60,198,76,-57,-176,23,40,-9,126,246,53,-54,-49,-145,-53,61,-15,-170,-6,-49,202,27,-1,154,-52,49,-47,57,-66,96,-100,90,-43,-25,-24,-77,76,-52,17,55,211,92,-48,-109,-131,47,49,24,-15,-98,58,-118,-47,38,-87,96,-50,-17,70,-54,48,-179,-34,108,51,97,0,165,90,97,89,35,-14,194,110,-23,89,-48
174,66,-97,-14,21,83,-66,-75,4,24,84,8,159,4,-73,32,-57,-37,194,131,-51,64,33,31,40,-43,-85,-26,251,62,7,-20,154,133,-91,32,273,257,62,31,217,69,49,-4,-107,-87,25,2,-50,9,87,46,-16,195,76,32,98,-38,179,-53,293,119,222,-8,20,-153,39,237,-6,-64,48,-7,153,-15,87,52,-17,223,-113,79,75,-114,-111,86,-32,90,-19,-19,232,-41,171,117,260,8,-76,136,120,122,-21,40,-42,120,1,-165,-64,-164,-64,13,9,95,237,72,-164,94,-64,133,-13,81,100,172,34,-53,58,172,139,-54,261,130,-32,176,-59,-108,61,41,157,24
62,-150,-144,79,50,-28,59,39,-20,111,27,137,-14,177,137,70,124,99,28,32,70,100,67,219,-57,-94,-66,44,224,2,124,-102,117,150,-91,-56,197,-17,199,166,163,92,-19,214,-60,142,173,-53,45,236,-70,152,81,171,-168,-51,75,-33,1,8,186,-20,123,63,93,-35,82,23,6,194,62,-83,53,-122,-20,135,46,170,-39,-76,31,10,3,28,110,47,-25,107,99,183,87,-13,155,-243,-53,81,-16,36,59,-37,155,162,60,48,134,-11,-47,190,-17,-24,113,15,-3,130,99,-41,60,-79,95,264,80,4,58,-6,-29,92,171,-96,17,8,136,201,168,35,29,72
5,-22,75,-79,329,0,19,-109,109,43,-31,9,-119,163,-89,107,-94,-129,76,201,43,13,28,210,110,-67,-45,162,125,-6,77,71,22,27,95,81,164,156,153,199,110,16,6,101,20,-107,133,2,25,168,26,-87,111,29,-52,-8,36,39,132,50,-19,61,42,133,-15,100,-152,210,65,181,37,8,50,103,318,21,70,109,39,231,43,6,2,266,104,128,54,-89,161,-79,-70,91,295,134,25,273,-46,51,86,-78,-26,91,-123,-12,-203,-96,-23,-27,165,14,112,-11,-104,26,5,136,87,122,224,-50,189,-27,55,-86,-37,185,-172,69,-142,-41,-53,137,57,41,-47,88
-183,16,214,140,-218,-82,13,-29,148,-2,49,63,225,-81,82,-60,95,56,24,39,137,56,-31,76,136,129,53,-41,64,64,163,97,-82,77,62,8,-78,-62,-42,-137,169,-25,169,-11,108,172,-50,164,-109,-53,8,49,38,-1,25,82,33,-69,-29,159,-10,27,66,135,25,181,56,89,130,138,62,-107,-51,26,-199,72,36,-131,193,42,-93,-5,131,-28,-17,-139,78,-25,16,-58,-94,118,-3,10,110,30,23,110,87,152,-2,43,158,109,131,-32,-11,12,22,-13,72,58,213,26,-40,-140,-50,96,111,-138,-64,22,137,45,-10,-37,149,185,99,64,33,160,133,-14,19,104
42,37,-14,-8,81,39,10,-24,6,-110,-71,-10,-61,51,-133,-82,59,-26,-16,-6,-6,71,85,-64,-10,62,133,-128,189,164,12,101,-96,82,96,43,-44,45,98,34,-193,-57,-188,-149,-46,-61,-159,112,10,25,155,58,52,-55,-111,69,-39,-80,-47,-38,-85,101,-3,-7,-209,47,-97,130,-60,154,-23,60,-86,13,186,135,-128,81,168,-73,194,-51,139,38,166,24,-24,-10,-36,-71,-169,-91,56,24,95,-276,85,34,127,68,-50,-54,-156,-18,-44,39,-42,-42,119,-33,-84,-58,-5,58,220,-70,103,73,129,-4,230,-27,-26,185,-126,-43,2,254,-3,-53,-56,-196,126,27,-103,46
58,190,67,-92,-120,-24,12,59,131,37,-31,209,-49,-177,0,124,10,48,101,124,32,233,15,142,44,-87,11,130,151,160,107,-33,37,174,128,50,115,-7,88,-111,68,-122,91,67,-41,-84,-20,39,-180,-31,-8,95,54,234,22,60,3,48,73,47,172,-44,94,157,-2,104,25,237,123,151,-30,23,168,10,80,-13,214,51,175,-12,117,50,6,-108,-132,27,-16,145,169,262,95,56,225,-25,-6,65,127,219,47,-38,49,84,-5,-25,27,65,13,58,135,6,-152,33,-14,40,-57,36,-69,-125,210,190,-228,63,-1,5,112,9,52,75,138,137,157,95,0,151,219,-79
-5,83,-191,-81,-140,51,-33,7,-65,-97,-231,-58,-47,175,27,-102,116,-20,14,210,-104,71,17,-65,-110,163,168,-25,80,-20,-25,72,151,47,205,-15,18,-34,101,-263,-47,-37,54,-14,-3,-85,40,37,165,-171,158,-2,90,-37,-90,-98,-32,138,-24,91,68,-15,-25,-123,253,20,50,-70,-95,-13,-17,81,-74,124,-72,63,46,98,-44,92,-9,207,-67,37,-65,117,37,282,-166,-181,131,-36,-78,-111,-119,-20,49,126,40,192,-1,95,145,26,77,-90,-75,-28,-31,94,72,-131,133,16,15,120,47,-190,-221,89,26,96,-95,28,85,65,58,43,15,3,-75,-51,-173,22,118,20
164,46,37,-53,-78,-1,171,152,-28,-43,119,-12,-91,35,23,-23,-61,-52,-48,-65,24,137,71,15,-45,117,-58,-7,161,-43,-19,60,-92,-67,-100,-87,-86,-18,135,-34,182,43,4,-16,74,-138,26,40,44,-82,73,94,20,24,51,-66,141,124,25,107,-112,148,-72,-65,95,-33,6,-14,-93,237,17,208,-77,132,-99,159,64,81,-61,-21,39,123,239,48,81,-180,-58,188,156,61,148,76,-50,-157,-150,-114,112,10,-88,-95,19,47,115,-41,-9,-25,-78,123,-106,-4,-46,-114,25,101,99,-5,51,49,-34,160,65,-32,-9,-27,94,26,57,-25,119,112,114,53,8,-2,113,-101
-39,128,34,-35,74,99,-14,72,-173,13,-40,122,293,-89,33,47,-22,73,56,136,-2,29,21,72,140,10,20,121,-94,1,-74,-6,179,-34,130,-17,22,-32,189,23,80,-132,-39,-141,-84,-25,138,61,-103,41,153,-85,12,92,27,-105,70,-93,106,-68,12,147,132,85,-158,65,113,30,98,160,29,20,-63,-157,33,195,-22,106,-20,166,2,-135,-39,-18,-30,-70,53,130,105,91,141,91,243,-72,15,196,107,201,-35,178,23,24,-118,-37,115,-162,-203,95,63,-77,-54,64,243,-26,88,156,-153,163,-196,-68,-47,-67,72,-7,-90,102,-93,84,191,42,-6,-90,86,-59,12,-212
112,6,260,17,194,59,95,-40,-23,-156,-53,-160,-47,-114,-38,6,33,72,-134,-11,-52,90,-82,155,2,32,-98,105,251,-9,-45,93,213,-83,-28,-18,-105,76,-47,1,196,-22,-6,8,166,82,-62,87,67,-130,93,85,49,34,-44,52,-119,-18,157,13,-66,54,16,-21,-17,20,-3,47,87,173,-38,146,213,-189,-68,-53,-5,253,197,111,130,138,121,-66,165,96,43,-106,-45,46,108,-50,45,97,45,-2,68,68,-160,-92,-160,88,-35,-17,46,-284,30,-110,143,143,-55,14,-37,143,226,-142,-161,21,38,-226,44,-48,-92,46,43,98,-3,95,132,107,-166,-54,-122,-58,152,108
-168,113,77,-163,-177,-134,-99,-80,72,198,-7,-1,-241,-39,-111,23,39,-148,25,20,31,127,95,-2,101,-109,-18,60,-19,46,-5,-45,139,107,-61,-9,-99,76,149,-24,-44,33,-140,-30,-146,-20,11,-18,-62,210,30,-31,154,56,-305,29,19,-123,116,-15,148,97,158,95,-87,191,-145,5,47,-69,-3,10,7,136,44,48,-182,-34,190,29,133,-54,124,79,141,11,85,-115,109,-32,-104,143,50,-58,-29,43,78,72,118,228,57,-92,29,-23,-5,71,-72,-216,30,56,55,46,-31,92,76,172,157,1,282,-98,202,64,8,-40,-167,119,36,234,-69,-15,52,108,177,109,-2,3
173,146,76,150,-56,101,64,212,36,41,-61,77,30,154,81,177,195,213,-4,130,-18,126,-54,4,100,-112,199,-114,73,180,-5,-35,109,-14,-151,-34,155,16,285,57,115,305,92,14,-17,115,279,153,-51,93,183,100,118,63,-39,24,165,197,-115,61,57,-6,85,-110,85,-103,-40,-73,-51,-72,16,349,26,117,238,76,156,149,0,-4,154,191,142,-94,70,83,52,116,63,-43,194,268,-52,112,-100,97,-22,110,-138,-40,119,52,139,-34,-59,-105,54,115,194,11,190,30,48,225,101,-120,-49,-59,22,86,59,24,95,-29,-117,-11,51,-36,-56,-1,86,-167,22,90,83,-2
72,53,4,142,236,125,119,-18,61,-49,75,234,120,-1,-1,20,111,110,-49,100,-139,111,41,-11,76,209,145,-112,16,-84,77,271,80,-207,58,119,5,-45,227,-69,-10,-4,88,-109,76,53,80,-41,94,-116,-5,81,-33,-2,-21,-68,-17,-94,103,147,12,97,-12,-124,153,8,-55,-87,-215,95,87,134,-126,-155,90,209,4,111,-5,98,324,78,96,-180,-114,39,10,48,32,69,101,47,5,-21,-49,76,112,18,98,-151,1,-102,-96,-205,168,-187,-43,78,74,77,-22,-146,215,-66,123,85,53,-100,84,33,-45,110,120,99,-16,-150,130,-71,77,111,16,-93,85,47,232,-11
174,-97,105,28,67,-42,44,-29,113,-20,42,101,80,193,84,-105,118,28,115,-56,85,6,-21,322,29,221,109,23,117,-10,61,37,-96,44,69,79,130,63,102,-93,31,76,-37,57,-148,41,-39,172,-102,-2,-106,96,46,8,-80,-40,39,15,-101,3,215,139,189,64,-15,80,5,61,48,207,1,-28,80,-43,6,53,198,-73,66,-24,96,130,79,84,138,10,87,22,-101,-142,-68,226,169,67,4,-101,135,23,151,-50,20,249,152,204,-79,-10,40,35,61,65,33,-28,56,171,71,-82,51,-115,73,44,113,-2,-166,114,-82,-37,151,-73,101,-309,-24,145,214,-25,-3,182
56,43,177,106,215,-70,72,52,-42,47,48,-74,24,122,113,149,-16,40,127,126,14,181,162,-79,-15,130,57,143,241,122,43,148,9,-150,175,-159,23,136,2,121,89,42,193,107,89,-132,123,83,42,20,178,43,55,223,-107,36,72,178,220,5,9,-86,79,95,135,47,64,70,-72,-229,-276,-38,103,158,31,11,125,-118,88,65,-114,98,39,-27,-20,77,39,-145,-104,-122,236,23,30,75,-57,-2,64,22,-68,243,-202,78,-13,112,-40,50,116,-39,150,99,45,30,36,151,-22,-120,72,14,117,-103,-42,64,-250,130,112,116,15,-4,-50,77,-35,46,-40,115,94,82
308,-145,128,-44,69,-22,-92,81,-51,-31,172,148,118,-72,28,41,82,72,10,94,60,22,8,39,157,-118,70,-88,-14,14,140,19,152,278,84,-65,36,48,-202,131,226,-152,116,0,8,77,180,82,30,-13,45,15,183,206,85,154,110,170,-186,10,72,117,258,78,-13,18,161,183,14,217,148,104,166,-17,-125,137,115,132,124,52,-54,-67,-134,51,-76,284,9,13,90,40,95,-20,167,165,-41,6,12,207,-120,-25,29,61,29,56,-177,-38,61,44,119,70,-136,22,-132,22,141,-107,-129,43,-142,15,-15,-12,-34,41,-3,55,-28,-15,-120,-131,-100,84,-130,105,-162,21
50,-12,100,18,2,49,-1,123,-92,116,-84,203,17,-108,-120,74,136,106,6,78,-116,-2,-47,-18,100,-19,107,14,221,39,161,-69,78,112,110,-78,93,-137,177,130,44,-165,122,64,111,-32,34,172,50,-81,91,72,59,-5,41,7,90,-56,53,-50,167,-176,46,47,57,140,160,94,19,236,-41,65,129,-70,-100,-14,131,-41,94,-123,3,-16,42,108,-103,-59,86,197,42,115,88,163,221,-96,-53,4,52,113,7,-20,-59,110,-182,11,205,10,39,67,14,17,-110,-168,55,-16,-80,6,-124,6,17,-18,-101,-76,-75,-63,120,135,125,33,3,116,-92,78,-46,-27,1,104
124,-34,59,-29,-150,72,110,136,176,103,-85,231,-97,141,274,-57,179,158,-14,99,61,147,77,19,92,-21,179,77,69,37,138,114,-166,-32,234,190,81,-170,94,57,7,-54,168,-19,73,94,165,178,87,-41,-7,72,225,-62,75,-161,12,-14,59,139,151,60,-53,135,59,-27,159,83,218,-86,34,71,66,-32,126,91,97,-33,154,-30,185,6,5,171,-75,60,-136,27,51,42,-4,38,101,-83,-120,179,45,97,293,37,91,211,71,-48,5,41,11,188,213,130,110,55,-14,66,8,160,-148,-32,60,46,-27,186,75,107,36,46,-127,66,-36,93,110,66,48,89,-204,100
-91,15,59,176,1,-89,51,57,-74,18,-38,92,-100,98,20,83,34,36,-71,145,-64,-40,0,-37,50,36,302,31,-198,83,-130,44,8,199,55,87,120,-25,217,-136,-41,22,-79,-50,-35,134,88,187,-22,-89,-13,17,-197,-31,54,5,10,-94,-91,102,-82,16,-66,109,11,167,-9,29,13,28,-19,116,44,67,160,46,185,54,99,154,52,77,-121,64,7,17,114,64,90,17,2,85,69,4,55,131,65,135,152,47,-45,56,-2,-83,-44,-7,29,19,234,52,-20,-119,204,179,36,125,1,-152,25,59,38,53,23,-15,63,58,-148,259,204,-46,120,7,-20,205,-10,-34
73,-79,227,36,-75,-139,76,75,127,-37,33,-68,50,140,169,-53,55,106,-168,-73,92,40,85,45,-37,-2,28,-8,235,-45,229,91,152,-108,143,-16,-89,-114,14,169,153,-12,125,-80,-13,63,225,69,90,140,47,-30,86,138,-178,-31,94,44,-139,-54,44,-9,92,78,143,196,186,-35,-75,-89,-130,50,92,152,-153,259,103,158,109,3,-11,-79,-6,-39,130,96,-51,41,-72,-143,202,-77,110,-134,-41,44,184,67,-269,73,-138,168,144,137,55,-48,157,72,132,55,14,70,-151,-126,132,-116,-69,-125,8,7,6,82,-36,-107,2,16,-77,-198,98,-23,-111,35,-147,308,31,207
-22,100,-13,-15,103,61,30,-84,-59,-42,-69,37,11,-95,211,83,-31,47,17,149,-7,30,33,-7,66,8,-30,62,59,164,-58,74,91,85,43,98,158,152,30,6,-109,-161,17,99,-96,12,-109,-1,-88,-53,214,123,48,31,67,-77,107,-50,70,126,113,107,116,-176,33,79,-66,5,2,-135,-124,135,91,87,182,68,-25,225,29,18,45,132,-85,-122,55,41,-80,-99,76,5,43,-29,11,4,-108,110,33,141,120,-41,-29,63,-67,-53,-56,-25,-9,-120,-43,-8,17,-30,20,-13,-67,3,5,32,-21,105,25,127,9,97,151,41,-39,71,-38,82,108,-82,66,125,-4,-90
39,82,102,-5,251,35,98,-301,161,-6,90,86,-220,-52,3,136,96,-51,236,159,24,1,0,192,-118,10,-151,32,-7,-173,33,121,-64,104,-16,70,-35,152,35,69,91,29,104,83,109,-179,54,-108,-69,75,60,-58,19,146,89,-70,-71,-89,-8,23,159,117,64,216,-96,6,-116,168,32,31,157,-103,26,110,8,-68,-16,40,21,109,-98,-18,76,-44,-40,117,-6,121,167,137,72,91,34,-84,-66,207,38,-30,163,88,-33,44,3,118,25,-135,-214,16,-32,24,186,-22,76,-46,23,19,119,-18,116,-4,-64,-33,202,53,-33,-9,171,-80,-110,82,-50,-21,-9,5,108,66
147,54,-87,45,31,58,49,48,194,127,-45,47,-11,-73,86,-60,38,79,-208,183,145,53,-32,68,11,-24,94,-90,285,-52,239,-49,-169,-49,80,-50,-37,42,-19,119,11,-8,54,-105,55,36,106,-2,-43,46,70,63,149,-131,-130,46,199,86,104,67,-69,-16,56,89,68,130,-88,96,-45,200,91,-38,37,50,-9,233,-43,4,116,22,-23,142,201,12,-67,-39,-163,104,152,-104,104,32,75,-32,35,-55,18,103,-121,39,91,4,41,-118,-127,61,22,-38,-68,-235,15,30,-73,71,-99,-10,-80,48,-34,-13,132,24,-67,-158,-69,10,-90,49,-35,281,-114,-10,5,140,127,-97
299,-3,184,33,263,-37,24,-96,-13,80,-9,161,25,149,39,32,189,-49,95,144,-7,36,92,-17,133,1,-58,-29,22,-83,56,46,25,70,90,51,8,8,-3,-114,-71,106,-13,209,213,68,166,-66,16,-74,-3,-25,133,67,-39,-89,15,121,117,9,67,124,-70,64,47,76,48,-39,21,297,178,123,110,266,183,33,174,291,-1,-162,209,33,19,116,111,201,118,-182,100,157,-44,160,222,60,-9,258,254,-77,71,-37,254,274,32,129,71,-138,120,57,194,172,-86,0,-61,-26,275,49,-73,73,173,36,-24,-107,8,55,-88,64,26,-42,-65,9,10,27,-100,32,82,146
-60,15,43,-8,251,72,11,69,-1,-151,-42,109,38,9,91,106,-65,26,126,117,-196,26,129,37,-25,179,24,-97,155,103,51,171,-69,-66,217,-22,-4,-26,-186,-84,-51,-41,205,1,25,1,-13,-25,-13,-194,161,118,108,-135,52,10,-184,10,112,-10,-32,112,70,-111,3,117,39,56,0,15,-104,-13,-17,-85,63,18,-103,80,59,118,107,59,-90,-100,33,-20,71,-41,-48,-15,-64,-71,-159,-83,51,129,29,84,26,86,-38,80,-8,6,139,9,53,-41,21,38,23,-59,33,53,89,-75,-83,129,-30,-14,227,10,74,21,21,142,38,255,153,141,-103,8,-118,-172,139,73
-73,-141,141,57,-35,47,-185,-98,-12,71,-88,77,53,-42,-108,199,3,-114,168,48,-76,48,-40,-85,-69,147,-67,77,137,17,-12,-2,-23,1,116,101,81,37,6,-232,215,-87,32,-62,-39,31,-61,57,-2,70,47,164,144,37,127,101,-86,144,-9,-37,29,115,168,8,232,203,157,-89,-102,96,-160,101,68,-67,-64,66,178,147,-9,26,-131,97,-48,-45,-201,-115,84,33,4,55,197,77,24,-250,106,-171,80,-129,63,37,11,174,134,97,188,11,210,35,111,77,66,-103,113,-155,213,5,-61,15,-5,237,-14,12,77,46,80,-167,62,294,267,88,69,84,-143,-76,153,-23
-46,30,-40,-25,233,-70,129,-148,9,75,-22,18,18,-47,-59,-93,-162,6,-25,14,67,-97,18,239,31,103,-42,238,75,-14,109,85,3,51,51,-68,-88,33,132,-58,64,64,-11,114,122,-67,-19,22,86,56,-236,60,135,126,-109,108,193,69,117,245,154,-22,-12,193,198,44,-108,61,136,-116,8,-113,-186,35,89,22,35,137,7,131,93,258,-38,234,91,-251,124,-3,183,-55,198,-98,-8,36,62,57,-103,4,137,-17,37,56,145,-21,-16,-56,-86,151,-18,-4,46,-67,120,34,-178,30,234,19,136,-178,162,157,-59,-223,33,107,20,-101,-43,184,20,60,69,-58,9,111
39,109,-117,107,45,94,-82,55,25,90,39,-107,107,184,116,-112,76,-25,-52,-32,-39,272,225,69,85,88,55,294,-209,-155,59,88,98,64,-29,233,66,-17,100,61,118,19,113,-15,-98,-64,77,-48,-57,36,-2,199,-17,132,120,-42,-23,136,-126,77,137,47,122,215,141,144,-54,193,72,134,-80,61,-90,-8,77,-35,155,60,-166,-50,40,179,48,69,-67,-5,-39,136,-110,-3,31,-39,-21,34,-112,77,64,80,-17,63,140,-186,141,154,-21,-77,-11,28,-5,-36,159,60,84,72,214,3,-42,-77,-90,188,89,-3,151,118,-20,76,83,-22,96,-37,-156,8,25,57,208,43
188,-152,45,186,166,99,74,-42,-32,155,72,26,107,11,184,120,68,129,18,59,185,2,23,82,34,23,19,196,27,84,-62,-47,149,71,-10,-52,133,42,177,263,-83,110,37,174,81,33,80,185,-283,-43,10,79,39,94,-3,-98,42,40,116,-116,222,34,157,320,-51,-154,238,41,72,98,3,18,-44,-79,123,167,18,47,-129,-37,58,-11,-122,-19,78,145,249,-88,93,115,76,42,114,74,-124,62,171,-111,47,92,124,130,-2,-43,30,26,-8,50,15,62,-1,109,-105,162,33,-82,-118,-48,202,59,-31,-5,-36,35,33,248,150,-60,-20,106,8,-69,97,202,158,-29
-68,122,4,-1,58,-11,130,62,60,122,-95,63,13,173,29,35,91,26,-41,338,70,7,16,233,33,169,131,120,-8,-66,111,-14,113,-3,12,-117,1,-55,19,113,121,30,30,112,-99,162,160,-34,-52,115,86,35,106,0,-171,-136,65,136,-79,182,39,-107,-41,165,165,64,-62,72,-17,11,12,30,27,152,151,123,32,-25,-20,22,0,89,36,13,-42,40,37,17,37,-90,-55,44,24,75,7,-102,-98,70,-40,-66,31,10,-7,41,50,-145,10,-33,32,7,50,193,-6,68,79,5,59,13,34,-21,-108,47,63,14,2,83,213,-140,13,-3,-63,55,-43,-23,105,176
-27,-5,102,27,29,-109,75,170,-3,168,-52,62,-50,212,132,93,84,-155,11,102,122,-37,-36,-97,-62,-57,-82,19,18,153,28,-22,-174,-102,144,-85,-10,-45,-137,-2,-132,161,-63,124,-106,127,105,-8,36,18,-13,12,57,-134,-208,-80,-30,-36,-5,203,155,-2,116,194,73,138,-22,-92,-58,-10,-5,-144,38,76,176,220,62,-60,72,-43,-7,-5,87,29,158,67,9,-95,-161,-131,-105,92,115,141,-160,53,92,27,78,185,-16,104,-47,-5,-13,-143,68,-52,-51,38,141,96,77,38,93,95,151,-25,38,100,35,93,-117,91,-68,28,-12,-108,145,-52,4,33,114,-46,130,6
-2,-173,87,103,49,-42,137,180,130,32,21,100,-108,-80,182,-7,83,-43,91,48,-62,18,25,129,14,18,-3,196,228,5,189,94,-156,149,154,-63,7,78,-11,-21,126,58,-85,122,-22,-123,57,84,135,-84,166,-22,83,165,94,-1,10,193,12,173,207,138,274,-81,63,157,28,79,-91,137,33,106,0,-73,65,143,84,106,131,131,132,112,-23,134,104,-62,151,134,160,-173,-76,-14,77,42,158,-137,-20,217,21,-32,-179,181,119,-85,-10,2,53,-33,34,-18,-15,158,-4,130,37,-71,129,-101,221,141,31,62,148,-54,113,-67,18,70,133,290,165,-22,-37,100,142,-57
108,64,66,-66,188,-134,113,-39,-31,-58,-86,23,25,-63,153,110,-45,-114,57,-92,75,9,-5,41,28,-33,-15,115,-307,-72,-1,54,24,78,-41,-34,86,-41,-67,-73,89,107,-216,96,-19,-116,-85,-60,-114,32,-57,143,-67,-13,260,4,0,62,-15,22,55,186,125,95,90,48,159,-17,158,35,20,97,23,290,76,-128,176,244,-152,167,-40,-10,-215,248,101,26,-110,62,68,-100,-59,-101,-96,-12,-26,62,-37,-8,114,-100,56,182,84,89,-176,-92,-50,45,83,184,-4,-92,10,64,150,144,121,-9,103,-36,-86,-90,17,257,211,58,-4,-21,37,-2,-27,-120,-34,-72,49,6
-153,-14,160,-45,106,37,79,9,50,163,-50,-9,74,153,159,89,130,-115,-96,29,73,17,6,184,283,3,198,3,173,92,194,44,-25,24,136,27,105,11,90,-62,233,-4,349,15,87,117,103,41,-32,203,78,31,104,-96,74,141,59,150,-60,107,-35,-103,-15,63,99,228,26,31,172,5,-41,146,-198,208,23,-19,206,34,150,46,-90,34,81,121,-48,-16,100,98,-32,-78,32,88,57,-40,138,70,-134,-221,-69,-34,-46,49,107,222,27,0,12,-14,311,-26,218,32,39,122,67,22,5,-43,98,-52,190,31,146,81,102,206,-61,11,15,28,-9,191,3,-153,75,337
84,19,63,-14,122,24,-54,-13,174,-130,70,181,-100,86,33,101,89,67,20,25,169,63,80,80,111,-98,33,90,-29,142,8,77,-59,-10,45,17,40,-80,97,31,2,59,35,-63,-65,-57,120,53,44,-117,124,83,68,42,53,131,54,63,-23,139,-22,225,84,108,150,-18,-114,31,-23,118,34,104,50,162,226,-28,68,-32,172,-39,161,38,129,-54,60,-23,-176,134,-24,110,0,-22,-25,-120,79,-8,-90,-79,177,96,282,9,11,95,-5,-20,39,84,188,-10,147,217,53,-17,84,-46,51,78,39,56,64,-28,-40,221,-200,48,38,-10,8,-144,13,-11,41,21,196,184
82,147,85,89,-50,11,98,80,58,169,44,89,73,80,55,64,83,-16,134,10,38,-4,-26,63,-9,27,-38,70,44,111,-56,79,-71,-170,-9,-127,22,73,-95,71,48,112,85,37,-35,32,-18,-26,-25,60,99,-78,48,-17,-2,28,4,-80,13,-46,68,41,-57,-103,-115,134,-217,109,21,-103,-9,191,79,115,148,-63,-30,140,71,82,154,-73,117,-37,174,-75,-64,66,95,193,-203,76,-90,-42,76,197,23,48,-7,64,28,33,56,-85,49,-61,-4,-47,118,-39,-22,36,17,-96,51,-82,-78,-1,116,-48,-65,-55,45,228,23,-101,-71,-138,-129,211,90,-37,86,13,41,42
106,58,-51,75,61,10,66,-47,164,-30,-68,143,44,-87,79,102,22,-11,92,105,139,129,-103,33,-78,87,22,19,-98,34,77,182,-79,25,-39,90,78,115,105,42,119,109,-150,-77,-50,149,85,-11,-121,110,151,-35,-22,53,93,-82,-139,-103,54,-90,136,202,50,123,130,-11,-69,-79,18,115,159,-30,105,26,-69,-50,-81,8,188,8,31,5,-93,-26,-10,92,106,-46,200,91,-60,73,56,-51,-121,1,44,66,179,54,-24,111,87,-49,60,-117,80,10,106,77,82,18,132,-99,-89,11,26,19,143,58,27,-129,53,26,-12,-100,153,2,17,124,113,60,128,48,-32,-172
-87,35,-106,122,-103,23,26,-45,-57,-44,55,89,38,-8,-119,-101,31,197,48,1,92,-151,147,-61,172,-63,109,121,24,-216,127,46,44,259,76,-21,33,-234,-59,-146,166,-20,-87,12,-78,42,21,11,13,180,-167,27,37,118,-95,-101,0,-140,-58,54,51,-120,-37,162,-4,76,100,-5,-15,175,52,-55,63,-74,-146,45,-75,-52,183,177,-42,-102,-88,-106,45,74,111,122,183,-3,-126,-50,4,-12,-23,82,43,92,-53,25,125,-5,55,-137,73,129,-100,224,39,120,-104,21,95,-83,-46,-135,-6,61,-26,-94,49,-32,-58,91,-71,-20,163,32,13,87,-127,149,76,53,85,-128
99,-30,120,150,72,148,53,-70,53,-64,-35,-67,-67,36,-18,-3,-56,-15,96,6,-93,1,-55,83,120,5,95,87,41,81,82,-82,132,47,-10,129,108,69,36,115,64,-66,36,48,198,127,-40,8,10,119,105,84,50,-81,-122,21,81,31,-197,137,256,-23,47,-40,61,14,57,172,87,-119,40,64,-14,62,156,-36,51,131,-83,-57,138,84,44,135,91,-4,17,106,-49,55,-77,-85,-74,-67,77,60,104,-57,24,-37,-71,150,-94,-22,76,-94,167,-36,100,-59,146,51,-15,51,281,-54,99,27,31,-10,-64,13,-37,177,126,36,-5,31,96,-30,21,-84,-40,-4,87,101
137,-123,68,50,128,193,-41,-67,50,-50,20,8,18,194,208,150,227,96,96,103,-105,144,-16,270,-69,38,-51,18,-28,99,21,6,192,123,3,61,93,166,147,4,128,-20,229,-20,164,31,183,103,-48,187,212,-135,163,25,-8,145,98,181,-72,34,98,12,141,16,16,-77,-98,161,84,-150,128,113,118,200,122,-126,86,40,161,210,11,55,109,-38,-66,218,-120,-2,50,182,141,42,-11,92,67,237,116,58,166,-123,39,177,1,52,-39,-124,88,51,85,204,298,231,-53,105,206,223,85,93,-19,-40,-45,77,148,143,38,121,29,37,-77,-76,61,-194,-45,33,78,43
-86,-107,-36,63,63,109,255,105,-151,108,185,-43,-17,217,92,2,69,-18,72,114,29,-132,60,260,-91,38,138,176,157,-92,-77,5,133,91,-54,-180,72,-251,171,174,59,11,158,-77,-77,-10,82,24,3,-98,-16,-183,93,106,-108,-130,58,185,-58,82,42,-83,90,99,83,184,13,-68,-138,115,-101,166,75,3,137,73,-6,123,45,174,111,4,65,-71,145,-6,35,52,108,-84,195,-67,180,209,-20,226,-89,158,-216,153,-85,-51,-50,129,-38,-119,-75,88,121,-126,101,-41,97,156,74,98,-54,-14,-106,-37,53,37,-166,-21,22,212,-20,-48,251,-83,36,-41,99,58,30,58
66,-126,84,88,31,128,26,34,49,205,4,84,75,-23,-71,45,123,48,-15,161,103,13,-50,24,41,107,-118,-196,130,73,80,45,-30,-113,-133,-38,-200,-149,-65,-78,80,217,23,-18,7,217,185,243,-63,-88,-14,76,-83,-150,-131,-9,45,-125,-47,68,-105,11,-90,-40,108,160,-22,68,-96,-37,30,40,229,-77,-107,18,66,93,-52,-75,152,-128,135,-67,-124,9,-184,-105,52,-17,157,96,-6,147,-16,80,61,16,-134,143,-28,-91,0,-86,-31,-16,-83,-109,-146,-68,95,-83,-65,-77,-78,-109,-28,-7,23,54,67,-179,-27,92,-49,-223,180,-24,69,-15,54,-1,36,118,52,82
9,127,47,78,-10,74,184,43,-5,155,107,10,232,228,255,160,14,44,42,86,70,92,-114,119,-2,273,32,13,-34,-85,-19,42,60,-40,-101,-107,-120,-12,206,-22,80,75,87,-79,198,-16,91,234,-61,-7,-112,-65,35,29,-54,88,83,24,-8,107,168,30,110,216,-73,54,53,9,-47,123,-118,-172,21,3,32,-31,43,92,15,-5,137,76,7,20,348,130,-19,43,99,111,139,-43,-72,11,-39,62,248,-7,119,161,11,137,-82,143,43,58,72,157,75,87,148,102,199,-38,-64,-61,-61,-100,-125,-127,7,-66,-140,21,173,189,110,-210,117,82,33,-15,26,-17,-28,-3
12,66,141,174,123,40,128,-17,-162,128,11,108,250,81,149,162,62,110,106,-31,83,114,49,146,-117,164,-21,95,-36,-5,85,78,302,103,101,-164,31,-144,-154,57,111,-70,19,82,-61,21,87,142,72,23,145,-101,127,-44,89,-38,58,-222,-35,102,78,18,227,98,76,127,26,74,-32,90,-68,-177,37,-150,85,-7,56,190,36,348,-17,209,-98,-12,143,-15,-48,14,100,107,118,9,103,-84,125,191,70,-1,92,58,-85,57,1,-149,-50,63,-80,93,93,14,55,180,144,56,-15,-38,28,20,-64,-27,-112,72,31,48,161,7,11,-164,71,117,174,-27,114,158,133,-5
-59,23,27,127,-62,-67,-41,-7,-104,-12,1,122,141,161,45,143,-12,39,11,67,44,-121,57,-37,-11,181,62,-21,150,57,-91,62,-4,-57,56,32,189,198,73,-90,18,-57,26,70,-59,28,-35,145,262,-34,63,-83,-18,-10,63,-64,163,-42,121,70,-109,71,131,-33,156,-8,38,11,-37,-15,-118,110,92,-96,102,190,28,240,65,60,144,187,-6,-6,107,-65,-21,8,131,108,-20,-50,54,14,127,-131,153,92,239,188,-81,136,-57,30,-67,-138,16,-82,118,96,-111,-66,218,92,13,-105,-80,-62,11,43,-82,-6,-48,208,22,-24,-10,23,69,134,102,212,22,105,-9,27
102,-57,-42,-50,106,-169,-190,-47,47,-88,-18,235,91,-3,-150,-26,-11,-37,235,224,-98,78,-120,-63,-157,16,-13,-97,-167,0,-63,-33,-56,-58,-69,-77,-33,-168,-100,-91,65,117,78,5,60,-5,151,-41,-111,-5,-4,-64,115,-7,53,69,5,47,-63,70,-41,-17,-26,2,200,90,41,80,159,123,-104,-74,82,121,191,-17,90,39,-154,-320,13,-153,-46,-98,-149,18,-145,30,153,61,123,-18,74,-1,-268,52,-141,-24,82,138,104,-81,-12,-15,53,-1,-189,15,-172,48,16,-40,-26,-7,159,-19,43,7,47,29,-128,-155,-106,-36,-39,-75,47,-83,12,-154,43,37,22,73,14,144
82,103,106,150,113,65,-43,-1,82,104,-59,107,20,54,165,72,-14,-80,298,260,-61,55,178,49,102,124,-11,112,-80,21,65,-89,-6,26,57,-29,146,79,-19,-58,-65,140,153,120,-29,67,-15,-104,-131,17,54,-120,105,98,-29,-72,69,107,86,108,232,-151,-10,210,36,213,21,110,11,166,8,41,-16,44,219,156,123,-7,99,-123,54,-120,68,31,-40,98,34,106,196,19,-20,130,91,44,24,86,36,-119,292,241,54,217,-173,24,168,70,141,98,-50,-42,-13,81,20,-43,65,-12,111,58,124,59,-163,212,-89,151,84,52,146,144,182,36,64,83,-12,76,215,27
-83,-136,249,-91,127,4,-137,107,-37,30,-20,37,130,39,54,83,79,-112,-36,116,163,100,-26,-84,-88,-51,-56,60,119,90,-51,63,58,-30,183,21,-177,-148,-24,164,-121,-4,62,-102,182,165,132,229,-54,43,54,-104,130,-89,130,-28,-75,-72,9,-71,183,168,68,146,73,52,79,-130,61,171,39,44,-11,-31,-46,224,45,-195,158,-40,-190,-50,93,108,39,113,54,-93,-26,51,-78,103,173,-115,-25,-8,-24,1,-119,86,-15,188,68,-19,102,69,171,-54,91,13,-101,-81,26,-77,84,147,-15,90,-38,-8,130,172,-54,-124,-42,129,-93,60,67,-74,-129,178,106,215,85,106
59,-122,-25,7,-171,46,159,18,-194,87,94,-23,7,-141,53,-108,33,-32,-109,77,144,67,-82,15,34,-86,-96,161,-25,-118,-108,-74,100,77,9,-28,23,27,-113,-29,241,51,107,-98,-86,-135,1,27,73,-1,2,-5,119,-181,121,-149,-41,138,82,69,58,-3,-1,139,84,-40,14,89,154,73,-63,-33,-59,0,-115,9,-49,84,-24,63,-159,126,123,45,-116,-58,191,101,-63,-17,61,-24,-149,-79,-129,-223,-201,103,-65,147,-148,20,46,49,-97,-70,-75,-58,16,133,105,-27,-45,126,1,-65,-59,-68,-132,-81,-107,61,13,-21,103,48,-91,-41,184,105,-75,-35,-34,111,8,-164
-89,-181,51,143,-127,-13,-101,-150,62,153,-133,-19,-8,100,-12,2,160,49,-18,54,-56,54,-155,35,-1,0,53,12,94,-105,-210,-27,-178,78,-126,163,-44,103,74,-147,30,147,17,-59,3,107,64,132,21,-70,-86,-26,38,-112,-87,-151,-3,-57,-32,121,129,23,-110,173,110,-26,33,-47,9,42,38,-87,-18,97,75,-149,187,-62,28,116,-81,46,209,-40,-63,-23,149,-15,-13,50,-12,224,-44,-44,-86,-3,-39,23,97,-136,12,106,209,103,-71,-39,189,0,120,245,103,-150,24,88,-149,50,75,38,174,15,-128,-37,58,-115,-12,-61,-14,65,24,10,35,16,7,137,-100,-35
-18,-91,174,191,87,146,-41,155,-34,63,92,77,52,132,110,-123,194,51,83,53,139,105,37,1,33,100,81,205,-38,0,92,-3,56,149,184,94,80,89,7,155,102,86,-18,-78,61,-5,151,129,71,173,180,-68,259,-37,-47,94,101,99,-68,191,223,18,245,49,-73,130,234,-37,-56,14,-46,-71,85,100,76,-27,39,-17,245,37,-66,126,30,189,68,65,-7,27,1,-58,68,232,65,91,83,84,180,84,-65,152,59,74,34,50,15,94,-48,-9,-46,-78,101,25,-154,79,198,-30,57,-109,0,-80,-97,163,-57,49,-60,101,-71,45,149,-111,-84,7,209,253,105,28
62,78,263,54,133,142,126,47,172,45,76,129,67,195,-133,242,26,-45,246,-9,-32,-18,-52,387,31,97,-4,174,15,98,-48,79,113,102,-50,131,-40,-31,253,73,133,51,41,134,-53,4,77,226,102,120,120,-20,-42,331,-40,29,116,-130,-182,12,250,99,58,318,-37,162,236,221,98,48,120,49,151,29,179,12,94,58,-112,157,160,86,43,75,55,62,142,145,78,136,181,121,278,160,57,228,125,218,162,296,-103,266,185,129,15,-97,70,94,158,110,232,-28,5,180,29,-74,173,-61,235,19,44,13,45,-96,105,310,148,-23,149,1,-26,125,73,104,31,149
201,200,85,15,136,87,52,154,-152,8,57,92,237,57,26,249,83,7,105,134,114,143,-18,-46,121,-36,44,76,140,172,36,-104,35,12,-46,29,14,23,71,140,-167,214,-13,-94,84,57,29,105,12,137,29,-108,1,23,123,171,48,-27,-3,-97,148,126,197,130,36,155,-1,-23,-15,174,20,56,-48,-23,240,48,104,167,44,5,96,186,63,24,98,154,34,-46,26,104,-142,137,8,5,9,3,147,-6,69,-10,135,104,78,57,51,-54,260,61,302,-137,-47,41,221,59,251,-31,-118,-72,-67,173,53,74,114,299,-27,57,-63,-64,-28,54,111,34,186,203,71,-11
-155,193,168,225,72,-44,-186,84,43,67,-57,141,358,10,0,109,76,82,149,138,33,26,58,37,73,92,129,53,-76,-98,104,115,39,45,19,-59,159,86,99,-44,269,-45,17,202,-24,16,105,-18,-19,175,46,14,-37,228,31,164,218,-57,-39,-80,-24,108,35,8,46,109,-20,178,-123,132,15,-20,175,90,160,-157,-1,127,-86,27,142,93,-15,39,169,-6,-54,32,247,148,18,128,73,178,10,23,191,-14,46,93,-23,79,80,29,109,19,-66,61,-106,181,55,2,95,73,104,-4,26,140,150,-44,28,-45,-29,137,98,-45,64,11,151,100,158,192,44,98,-37,89
-19,248,49,-158,-195,-112,59,13,-15,146,-36,32,-164,16,15,167,-70,-89,132,-12,52,84,50,109,42,108,-21,171,-52,-2,-78,-36,-122,9,88,96,53,-13,52,-124,-95,4,-76,86,23,-90,-204,-24,80,131,-158,-20,-42,5,-12,28,66,-142,6,-44,117,-112,167,153,-198,33,29,-137,236,-51,-70,-44,-78,36,-27,-46,22,-181,244,-11,-13,-87,-20,171,58,50,218,25,60,-18,-131,97,-34,-310,72,93,9,-145,157,-17,-13,155,47,5,70,79,36,53,211,38,-110,-2,206,52,93,95,56,-63,44,-42,20,112,-238,258,193,36,31,183,18,171,145,152,151,-216,-97,-98
84,59,-27,54,12,37,110,42,9,-54,-172,85,-18,151,24,64,57,29,-104,34,12,73,-29,147,-36,109,94,30,270,43,181,-28,49,155,14,1,131,115,98,121,59,98,-11,-24,-76,136,0,55,-10,-103,9,-36,75,-15,0,-164,14,99,-16,-65,133,65,-1,51,143,63,14,18,-36,162,-23,182,55,110,-42,158,66,148,-19,-2,52,10,-84,74,-85,147,67,82,88,-178,22,-1,166,56,46,-144,123,133,113,102,28,134,18,-9,75,-81,156,12,93,79,106,-14,2,55,69,134,31,142,25,53,140,-87,26,41,109,65,137,2,53,83,-147,58,-128,-6,142,-71
75,57,-61,25,-83,86,-170,89,30,60,-28,87,132,-22,-46,-107,67,-81,39,225,129,54,-73,73,-111,-23,67,11,133,-14,6,-28,8,-52,-57,-25,96,65,86,-45,41,235,-91,-33,-1,180,-52,3,89,73,-31,129,157,56,-45,78,167,-52,35,-87,-9,-46,-32,259,68,55,26,130,-29,173,8,20,111,-139,35,96,-15,-57,34,-4,10,117,110,-207,-160,-44,24,13,117,-54,139,93,2,-88,-5,19,-39,28,-90,35,62,13,241,-59,-65,-64,151,241,-22,-36,110,-14,114,21,-14,-69,58,87,42,212,127,177,-113,-121,49,-98,157,27,68,109,-16,-42,23,51,291,-78
148,-180,183,31,125,-62,122,166,-152,11,-65,-93,-52,-90,114,114,39,202,-203,-29,97,137,16,-136,59,-115,49,69,-37,145,-6,-114,96,-146,135,135,95,51,247,35,-27,81,3,99,105,28,103,110,16,-83,-36,230,-30,88,-24,64,130,-18,13,-32,-14,-43,167,63,35,-49,46,3,-63,-45,-59,126,55,-65,-138,-62,82,13,-25,-49,39,-16,-61,60,-86,54,53,112,1,59,191,-38,1,-4,-175,-10,60,-103,-105,17,38,-85,-9,-92,12,6,146,71,56,-60,15,70,-60,26,-62,-35,-83,-133,72,14,15,140,-164,37,108,282,-60,148,100,-84,-127,-36,-54,139,-14,-113
-28,-57,-43,-92,23,203,9,5,-57,-121,-42,37,119,-278,46,147,-57,23,68,42,61,127,-102,-18,49,-48,-12,-34,73,64,-15,-96,114,-21,62,84,-52,49,66,2,14,-45,-89,16,-21,-51,53,114,-141,96,-44,-41,-52,7,-139,249,-30,7,-26,-55,-9,44,126,89,-69,-53,79,82,-100,11,62,-246,-155,-85,22,-193,-26,-70,61,190,-57,-84,-40,-105,106,134,-34,66,92,200,-46,-268,4,166,-59,-12,180,-2,47,75,-93,-7,34,0,-41,-22,38,60,142,-98,-62,212,-33,154,-63,12,75,-60,-46,-32,-58,-101,-152,187,-45,235,-78,28,142,-61,198,-85,-8,84,44,-125
-71,34,224,175,48,-54,-46,68,134,56,54,153,88,-42,-145,55,96,52,54,174,148,-3,-204,16,45,106,2,63,52,-43,24,124,-23,28,42,34,149,-7,-222,-113,33,97,83,40,76,107,-10,153,45,-84,-107,161,24,99,41,45,144,58,35,158,83,70,-7,135,-8,10,62,-66,-68,19,0,-26,189,-104,66,199,51,-7,-74,-58,-8,148,-21,39,-87,-186,40,-36,54,-184,89,126,-190,-7,-19,-10,-79,45,116,31,93,-71,77,46,-152,-4,-2,123,76,36,-9,-88,276,34,-8,-198,62,89,-21,-13,4,160,-54,55,111,-8,131,-56,197,19,-49,216,6,133,122,98
-13,-34,65,26,48,-154,60,-12,10,-88,49,-23,78,-44,115,50,-160,97,-63,-4,-178,-71,-68,142,-36,-26,-30,80,-95,-37,-24,56,21,-81,139,58,131,62,64,103,18,-88,191,236,-57,-74,79,174,-22,-1,-164,84,-32,11,87,-29,79,66,34,-63,76,-68,-6,-151,18,-165,6,-4,-28,-133,-50,35,-58,-43,27,62,138,-110,-43,-53,95,-18,-92,-24,-36,-87,0,-92,-15,-28,126,-12,-8,64,-186,-10,47,-30,123,-26,-83,45,-73,-60,38,-118,52,2,-19,28,-16,124,109,-2,-152,44,-52,40,49,-65,87,105,31,-197,101,-36,78,-71,-12,-151,-99,21,-99,-72,52,-23
-73,145,205,-73,-35,-15,56,198,-231,-24,-9,135,-107,-6,-42,105,72,-88,101,-83,10,62,85,128,-69,128,-4,126,113,248,32,-32,6,125,-126,-115,-45,-36,219,-23,-55,-90,-76,120,56,-106,-48,171,-90,13,155,70,-7,189,-32,88,170,-55,114,-106,28,140,-100,-52,75,60,64,10,-158,146,-18,81,135,32,-129,66,20,85,72,-73,128,82,144,57,83,109,9,35,-49,-40,162,42,187,19,103,-34,8,25,144,62,47,100,-72,118,77,148,20,215,31,56,-42,36,51,-1,191,4,109,9,141,6,108,162,-141,-2,162,18,-40,132,147,38,114,79,79,-126,-10,82
15,-82,23,224,77,42,98,114,165,-72,76,82,54,18,-8,42,107,201,121,1,-79,-36,-57,88,110,46,90,16,170,19,9,5,100,50,-119,37,9,-23,178,121,223,24,253,29,-91,62,182,76,109,7,135,-78,-76,147,-109,34,20,-103,-126,-56,135,-161,157,-77,15,-84,112,155,-13,-63,75,33,9,-8,-41,133,-126,77,76,22,-43,30,202,-110,48,11,28,-8,14,-45,15,-193,-65,105,-79,113,-3,-46,94,27,-53,159,-116,36,33,-54,-54,117,-79,86,-32,-21,-23,48,101,-288,-13,36,25,-180,17,26,27,-189,80,97,167,-126,-4,-95,-155,44,-58,147,-66,179
35,-51,-53,101,-118,-10,122,7,-52,6,-42,-4,20,98,-271,-115,46,31,-47,56,70,66,-47,-21,-90,161,116,45,18,-1,35,-119,-17,-140,-100,52,39,-28,168,-47,32,11,-87,49,29,-214,106,-33,-25,-7,1,123,-57,-2,-108,-6,102,77,46,57,-31,-57,-39,172,-30,-64,-55,186,-1,128,32,16,31,16,-34,104,24,-132,-79,-65,-38,65,166,128,-150,-161,105,111,61,117,13,42,-108,34,-131,-37,-7,17,25,-39,166,66,27,2,-46,-1,-79,181,-130,52,73,29,36,17,-50,40,130,-59,78,62,69,-155,-69,-79,-7,93,102,-80,175,-72,99,31,-65,-115,195,106
119,3,2,152,159,133,55,2,-134,96,-91,-75,-119,177,174,124,102,63,-161,53,-13,28,31,249,26,87,-22,106,21,-21,-18,1,62,78,44,-97,32,0,142,157,-185,-72,-90,31,-15,-15,81,-16,-93,-83,216,0,-62,9,-3,-158,-12,91,8,73,60,162,-17,219,90,-39,-70,-71,-87,113,101,70,-45,-73,116,100,-29,-58,-8,104,26,111,-29,182,115,59,165,68,-28,48,27,114,118,-92,93,49,-35,63,74,-41,-23,95,37,82,-84,-32,14,25,109,104,112,-120,-51,214,94,218,23,25,81,-32,14,130,-46,-50,122,214,85,117,106,78,-2,-86,175,-31,-21,-22
163,-49,83,-135,128,73,159,120,-73,42,218,185,-94,137,-12,-6,-15,46,87,64,-32,-39,74,4,140,13,77,77,26,113,99,97,182,123,134,91,121,150,79,190,-40,34,-114,137,103,3,91,33,94,103,-154,-39,280,138,37,-35,110,159,37,58,87,-10,14,-12,27,-50,22,36,-35,-130,135,76,-124,-139,312,-71,116,106,-153,168,-30,-8,-202,130,41,239,250,65,-38,-56,182,221,61,125,-75,57,127,101,-10,10,-22,-4,-130,36,4,-51,32,-13,225,-79,-99,92,-76,-69,206,83,-69,101,-28,25,-23,139,-29,256,28,17,-118,-30,-95,-97,-115,58,-6,160,-63,-70
84,-135,253,14,-68,-70,23,20,1,202,31,26,150,152,-89,-40,-39,12,110,180,9,-28,-162,84,-25,-63,50,-125,161,-105,79,108,59,-68,173,-76,99,91,-13,-31,6,73,144,97,74,-38,99,176,-2,48,-89,-149,97,-25,-18,27,108,57,100,-48,-86,-93,15,-9,79,39,48,-57,43,-74,-158,172,64,11,151,53,180,-59,-5,-48,152,-23,-22,88,-24,149,72,116,76,-69,132,199,-49,-49,-101,91,-61,7,108,96,-5,64,219,-151,-2,-72,58,199,88,86,62,37,46,106,99,-38,-96,-4,-36,-24,115,65,52,75,-112,-69,66,-191,-72,-137,-40,95,134,26,68,92
-104,-82,133,-54,9,20,126,63,-143,120,88,-24,-78,159,192,-70,71,-15,-56,116,205,-40,256,263,9,-104,98,-15,88,-38,163,-113,194,104,-96,-4,-30,-35,235,100,62,-28,-89,-18,-2,65,41,145,-4,188,-39,-196,87,-66,-36,150,93,29,23,60,30,-37,264,225,46,80,83,116,-60,134,47,12,68,-148,-161,65,-122,188,98,-11,-51,-52,24,106,153,132,42,57,-50,37,17,40,117,-21,0,38,89,67,72,209,-69,150,115,78,144,-69,-118,-46,90,-59,39,123,60,152,86,125,-62,-229,-38,60,78,103,-72,135,1,260,17,10,59,28,-29,149,47,74,54,230
-35,-186,-2,121,-49,-40,6,-84,-77,53,62,-46,180,-48,139,63,8,111,-61,93,-9,-106,-27,16,21,10,-96,142,53,5,28,-29,128,58,96,-112,106,53,-16,-250,130,-182,311,-30,63,-42,93,127,-94,44,18,90,-160,186,-92,59,43,-113,234,292,-74,-15,162,96,-57,108,-110,82,-45,139,-61,-69,-12,-134,75,211,74,-129,-44,12,-101,-56,48,129,-5,-10,-143,161,16,-60,122,-69,52,-60,30,147,-13,-59,122,-69,-40,66,12,-135,-34,-87,-196,118,52,22,-106,20,205,-26,91,-77,113,101,-9,-152,-42,125,41,-31,29,-10,17,70,24,-63,-15,101,146,-45,182,89
-47,-12,275,5,37,156,-43,143,-93,-20,-18,-43,-31,-42,237,182,-15,19,60,182,88,-82,-14,-53,28,-4,-178,-71,-68,90,61,7,168,-27,11,11,6,-22,-30,92,-19,-99,-118,90,127,-7,-52,146,113,84,332,18,144,45,111,70,-101,-64,22,-15,178,258,-17,-12,135,64,227,25,-79,-30,182,31,71,-51,194,-68,93,147,-84,180,-73,-52,-33,90,-15,-53,-69,-75,44,-60,-25,129,-29,62,196,68,100,49,159,100,-19,125,106,54,-9,-10,86,-93,29,32,59,-26,-95,89,131,-89,-16,112,164,-17,-126,71,21,-65,20,114,21,63,-11,60,194,14,9,242,-27,30
99,49,162,145,115,-2,29,8,96,94,113,260,194,35,91,-51,108,-101,-67,168,-17,91,78,245,109,21,-49,-40,117,-60,180,-40,31,-7,78,140,108,131,-85,79,76,67,-58,172,158,88,67,-5,36,-86,-74,111,128,-22,55,-89,78,-40,-39,99,238,128,21,35,169,117,-16,58,-4,-42,4,-28,134,-21,27,163,20,59,2,71,-84,10,-164,37,17,-102,-21,-20,146,-35,-3,191,125,76,179,202,144,-2,118,89,73,87,76,119,-5,93,177,30,69,-41,237,62,-52,39,116,111,-55,-5,250,139,152,234,63,43,142,-89,-186,115,141,209,97,109,34,172,70,79
3,35,36,38,2,124,193,111,-125,11,-120,58,-97,-88,-83,341,27,0,-88,-59,58,-76,-125,-110,-5,79,-108,-86,130,237,54,-89,-13,45,53,-6,19,150,-58,68,34,44,-15,-68,-35,-36,169,-40,57,-3,188,67,-269,-15,115,60,-104,-23,121,-19,-58,139,-72,-101,-4,4,89,-11,-7,-76,130,-84,-72,64,-16,-148,-5,74,-79,223,-231,77,51,-88,-56,-43,155,315,24,223,211,173,-46,49,-38,82,40,-20,8,57,-19,-59,71,-17,13,0,-157,33,112,14,141,-72,74,170,-64,14,-49,-20,36,123,-26,-174,40,79,93,217,-123,1,42,128,-23,-11,-32,-23,76,-51
33,114,-83,-57,-106,-84,-195,141,125,115,-63,27,156,-154,-50,103,-35,-52,66,79,-63,98,-56,-52,42,-4,155,-64,-48,-91,-55,-86,-58,19,42,-11,14,14,-42,39,130,-5,80,-15,65,27,-20,-69,-95,2,20,94,-55,-26,7,202,44,-7,-89,-42,-97,-162,-87,125,-38,-188,93,78,95,-56,75,-165,-140,131,-61,-187,101,-35,-150,102,-136,5,24,-76,-81,-196,142,85,-109,-40,-101,-140,-94,-90,6,-62,-9,-31,16,39,-101,-7,24,120,-41,-49,69,228,166,95,-57,-23,191,125,-55,85,50,54,14,-61,-106,-53,-165,-43,170,95,37,109,88,78,-20,62,47,-121,-78,-35
73,-187,179,-1,38,8,-37,100,94,108,23,38,25,64,141,-36,114,86,-50,37,-7,121,-36,0,95,-131,-67,39,98,38,22,60,72,104,-76,101,-45,213,65,58,76,79,-95,10,-92,-82,159,117,117,93,-44,-87,133,85,-75,-21,46,-53,127,9,160,-6,99,115,-54,-13,-10,-48,-1,65,272,-61,109,15,6,13,116,119,106,44,85,-58,97,141,17,95,105,-33,177,-30,76,112,109,-2,-38,22,-108,167,58,44,-58,-20,124,-167,40,-109,159,122,139,137,83,76,-38,162,70,-27,56,-42,89,27,24,162,149,-112,-92,41,112,17,40,147,23,1,97,146,-106,16
43,102,186,86,223,191,-98,61,-22,60,21,173,176,-53,124,186,188,56,-46,37,-5,130,-133,135,176,112,181,59,203,259,243,109,115,114,22,97,58,182,217,105,21,-115,270,20,183,49,171,349,-46,-25,138,-24,66,39,62,143,160,85,167,65,52,214,102,111,-66,17,10,163,-45,286,72,1,26,-78,57,163,260,182,-37,91,91,197,146,115,155,48,72,3,170,-26,117,202,194,186,123,71,249,21,321,-10,41,186,-27,86,-98,-73,133,35,64,-90,12,-11,71,17,109,-82,170,122,126,-40,6,94,3,-169,141,64,21,-40,48,-8,144,11,0,264,119,110
225,117,243,55,78,179,67,20,24,125,147,91,-42,-15,-36,56,136,-111,109,-13,188,4,-112,79,105,22,2,155,-13,95,-81,10,-4,87,55,127,-156,101,151,83,-87,3,-122,-39,75,91,-74,150,61,-4,-104,-131,50,23,-13,103,96,-10,2,28,8,22,-124,109,-91,170,21,-96,-58,-98,2,85,13,47,304,46,-53,237,-7,40,21,80,-100,83,79,123,213,-114,20,110,48,102,179,-6,-14,138,120,48,70,42,64,30,174,81,-39,-68,135,101,114,123,108,-144,62,-5,144,119,-39,83,233,11,15,152,-148,84,313,28,52,74,10,0,215,-63,251,72,-69,-15
40,-24,146,101,0,-74,73,70,-57,105,148,23,7,83,50,66,123,17,2,97,-10,-3,82,53,-68,-61,-4,-4,185,-99,110,-76,102,-46,-116,34,156,110,113,69,43,30,86,-25,67,-83,-45,106,-2,-54,-58,91,119,-28,51,16,263,102,5,154,17,-147,180,-29,48,-21,-65,80,-55,60,-147,140,44,118,88,51,33,39,29,-31,190,116,-40,24,29,-227,-84,49,136,160,-2,139,-33,40,104,148,89,-31,-13,-71,22,-110,67,15,71,-10,24,58,118,-68,-55,46,263,226,97,157,-2,9,7,58,66,17,142,104,-89,114,25,2,25,1,-4,96,78,-16,213,12
125,45,-125,162,0,67,226,96,-11,197,131,192,7,203,6,122,222,-14,-35,-16,130,96,242,-13,83,8,50,100,17,-143,-34,-34,-90,37,-113,123,76,25,54,-177,39,211,-17,64,-110,15,79,-120,33,259,-187,49,21,4,-19,17,186,-71,-79,15,124,-256,44,211,-90,-4,-71,-43,-134,47,31,-37,-2,74,27,203,-47,-98,132,151,13,136,-11,9,32,73,164,25,145,112,-67,125,-16,50,-34,-18,55,-29,48,66,183,-10,175,-45,110,49,96,176,-97,80,72,-90,-69,-74,139,-44,115,-37,28,89,-38,150,70,103,21,95,24,-136,140,178,-143,60,143,133,164,-82
-57,4,151,50,83,-55,-71,114,-157,61,138,47,190,246,51,82,-189,-64,78,7,-22,5,69,-37,-30,245,-73,27,70,190,-112,105,15,51,-46,-72,-115,237,-127,57,-29,-74,78,-71,100,111,-2,66,29,54,-91,-162,127,23,70,79,26,50,86,72,8,43,-170,58,68,80,-4,132,202,43,-39,22,39,67,-10,-184,194,188,-40,-48,-19,151,57,86,98,47,48,-43,248,32,70,167,17,39,106,259,139,7,-53,12,171,-11,21,67,143,97,121,31,1,125,78,-62,-39,-140,-50,-31,-24,202,-2,-10,122,-73,-147,161,242,28,12,85,-102,127,128,252,-50,-28,81,68
104,-21,252,48,124,-91,147,61,46,-34,19,2,324,98,19,109,70,104,93,45,41,73,-29,153,-98,163,74,103,43,-49,153,20,-19,-137,66,-18,211,-37,51,168,111,-41,9,183,236,1,79,133,102,-10,53,13,135,146,65,207,265,91,-126,-24,-64,35,44,117,155,45,55,215,71,47,-200,102,134,34,93,-39,94,14,32,-115,130,217,-226,92,4,-91,-35,117,144,169,2,-21,39,96,-46,-103,55,75,-18,102,8,-52,8,115,41,-74,123,8,173,15,24,51,34,164,99,33,-250,-1,128,-156,73,0,40,-38,77,122,-27,-198,113,-1,-2,227,112,165,5,31
106,-10,92,-32,279,-99,113,-32,157,15,54,31,30,-21,73,-84,7,75,-3,-82,86,22,82,53,-88,-30,-19,176,-175,94,-33,111,-23,3,45,-95,61,-159,21,58,218,65,35,-71,37,-67,239,19,-102,126,218,176,-59,266,68,30,117,-66,10,108,11,167,164,36,-5,-5,-150,34,83,36,52,-95,73,78,63,58,52,157,11,90,68,-40,-110,78,106,-20,-121,-155,144,24,294,158,214,-91,-28,224,106,34,-128,125,-33,6,87,25,41,-56,-193,74,-64,197,174,217,-55,-101,111,153,103,17,92,-7,-21,-141,106,0,83,-10,-157,-8,28,17,169,-38,-25,-74,158,162
-54,-199,-55,182,2,71,-174,145,24,-71,94,-2,27,-125,166,60,22,32,-48,179,114,61,50,110,26,-68,-93,63,-20,119,173,-128,166,166,-25,101,110,-140,33,-25,113,74,83,66,28,159,164,123,-43,71,36,62,-191,11,107,4,-100,14,50,19,92,132,153,-33,375,-61,-8,73,-41,42,222,-41,191,-65,-62,-76,133,17,84,63,91,13,-55,61,-213,-17,49,-31,85,76,97,-22,-44,99,8,71,-70,-26,122,17,-14,209,32,-194,35,25,101,-1,89,99,219,188,75,148,-124,42,82,3,-91,56,160,58,103,-31,1,5,213,207,92,32,259,122,86,-28,150,-38
41,-264,92,112,28,-4,-36,4,58,-69,-4,-11,51,90,45,65,106,-20,-27,-23,51,72,208,170,-73,72,171,209,181,188,-45,178,74,3,46,158,6,-16,363,-10,192,-58,157,-117,32,154,-45,208,7,108,33,56,-172,116,35,121,222,-20,31,-89,37,204,108,8,79,165,-51,244,-53,171,-28,78,185,-95,10,194,81,65,19,-70,-21,88,239,102,73,-81,-58,36,80,24,100,135,148,62,-116,-9,85,142,86,19,20,97,182,107,208,-118,94,-54,65,27,-42,34,47,99,325,20,92,-14,32,53,139,168,131,-203,-27,61,-38,35,-97,-86,201,30,-150,140,195,14
25,-69,-201,-69,-35,74,-34,-5,123,-218,39,66,48,120,105,-76,43,24,-30,142,105,-46,93,-56,-84,72,-47,-12,-139,39,36,-71,-20,-139,-153,95,-43,-68,122,39,-41,76,-163,-112,-171,-71,79,-58,-83,26,-15,65,103,53,-22,1,103,-67,-112,-120,202,56,20,105,87,-51,36,42,71,74,66,-67,31,-163,102,117,-11,113,-86,-81,43,-28,-88,11,54,103,-103,48,-36,70,-11,-50,94,18,-13,-109,2,67,5,62,248,29,-31,174,136,39,64,151,25,21,-7,33,-32,-204,250,72,-94,90,8,143,-9,20,-129,11,-108,16,97,-39,93,-121,35,94,75,17,-96,-19
-229,-80,30,1,28,-53,-87,78,36,97,69,-41,50,55,124,87,-31,88,-45,43,164,19,133,-4,74,-212,-5,224,2,18,229,-137,257,165,-13,-4,244,-7,-19,72,141,6,-53,41,-109,111,92,61,106,75,43,66,184,60,-72,-56,175,-57,-22,4,135,-108,162,21,217,91,99,134,-130,99,32,-24,130,-14,-82,-96,88,148,-24,157,86,18,-150,87,-81,-133,-58,-35,242,-54,133,76,48,3,184,152,-26,-36,-19,58,-7,-96,49,-51,142,87,113,-47,-26,-4,90,77,-18,-146,-50,76,24,140,-4,-40,-105,66,-27,-174,61,-57,-119,37,-28,158,54,160,-129,201,69,-124
49,75,-52,-117,131,1,-48,35,-22,28,16,83,-24,33,56,236,-19,78,59,151,34,34,65,173,1,-8,88,125,-25,233,10,-47,110,64,-2,-135,-104,-23,73,5,24,-151,-59,-6,90,-41,-23,149,-14,103,90,-130,79,80,-55,95,12,-72,55,136,-34,-2,55,131,-7,71,100,82,168,148,11,-12,14,-125,109,1,24,111,-59,43,97,-37,-122,194,161,41,-34,29,112,71,-12,-71,238,112,47,7,50,106,69,23,-69,47,-42,98,-10,-13,-135,61,45,-106,-111,-113,-12,65,-2,-40,18,111,-81,-56,191,-116,-95,62,49,186,63,176,112,-28,222,78,112,-85,-7,-111
-102,-30,33,164,59,70,11,14,55,-199,-15,43,22,-12,-121,146,5,-110,223,39,-151,3,-55,243,-31,171,-6,54,92,55,-7,24,120,-3,57,87,171,48,-58,94,50,23,128,-24,-34,3,35,48,-19,74,96,-90,65,111,24,-153,-2,34,-99,-88,46,23,41,-68,29,-41,126,68,161,-68,-126,115,64,34,46,94,20,167,68,54,110,97,-38,0,-59,-122,-111,41,110,79,87,-153,0,70,118,130,77,-35,157,81,-13,264,-139,-12,49,40,-101,22,-18,-45,5,108,37,-142,19,-32,120,57,-6,16,-112,11,121,52,266,27,-33,-101,130,84,108,-52,-105,180,94,117
97,-44,30,194,112,146,51,-21,-81,185,-34,-10,58,43,152,-50,42,179,-39,175,-108,14,-146,37,104,-5,117,-150,84,-61,29,-40,27,5,34,-44,118,80,106,-13,-81,66,146,38,45,192,153,194,-58,-101,152,2,-20,-136,-105,-72,87,63,-51,-27,22,-48,34,73,-17,27,41,87,-2,-12,-91,74,-42,78,39,80,155,-37,-155,-100,162,-71,29,-36,44,88,-26,11,110,7,0,-65,-67,-82,-82,103,77,-60,93,5,-22,80,22,38,-188,-96,46,29,-6,38,77,2,32,109,100,-41,-93,28,20,146,-77,-141,-100,123,62,95,-29,-91,64,-10,-112,-113,97,154,-3,17
119,-158,78,209,133,75,2,31,8,159,137,147,25,115,111,76,181,143,-79,-102,2,-8,133,-79,-38,37,61,97,151,99,47,-3,88,109,100,10,43,80,129,-36,14,-140,7,-113,-7,220,128,85,59,4,-21,-110,-23,110,16,-94,153,81,109,40,-19,85,3,91,172,31,-97,189,-82,4,35,52,32,75,137,151,169,149,-83,83,88,168,-51,117,168,-162,7,200,52,83,116,94,179,65,80,106,250,72,107,-95,-103,67,49,28,53,73,68,34,55,88,-15,-36,17,-50,219,19,-44,-29,-37,58,106,37,23,19,-2,-65,42,5,-88,28,99,35,27,90,88,-31
110,110,231,-19,-39,-3,55,1,13,37,-16,-16,109,1,132,93,2,120,-110,51,195,53,-65,22,76,176,176,66,168,213,222,96,-82,-231,-121,-48,-81,116,-66,74,140,-9,81,-154,120,-75,121,237,-28,141,120,93,-53,96,-43,24,102,28,226,43,-33,63,14,215,78,206,81,23,-60,-40,-58,36,181,-67,-79,148,21,-30,-104,0,-191,-66,-68,56,22,23,-10,-103,85,-205,200,112,156,35,-138,-142,56,131,-118,125,-100,-119,185,125,-76,-52,-79,0,69,-42,89,-45,113,207,-55,10,13,35,114,53,97,-8,44,114,174,110,162,87,41,62,79,160,136,21,66,195
-68,166,-12,86,3,238,23,150,-19,62,132,-56,11,-35,191,-80,-27,70,12,93,115,242,54,230,311,-46,202,214,-64,113,28,-35,159,180,-145,106,138,-5,202,-55,168,28,54,-98,145,13,-108,94,-97,5,183,50,111,45,120,67,163,155,-174,258,119,-143,63,163,25,140,-22,111,119,71,-137,-16,-23,47,153,-63,14,47,199,18,152,55,-68,76,139,-63,2,-119,22,43,46,-226,-124,25,97,43,-159,91,26,152,22,6,-40,205,-152,98,-137,132,168,-174,53,52,79,201,145,73,74,-51,-49,-164,37,240,-49,-38,235,88,49,264,216,-36,125,-105,244,104,13,-160
-32,-135,109,-32,264,-233,176,72,65,-109,-124,-150,77,194,264,165,-99,-83,76,-31,-1,-11,114,239,-33,225,-121,186,-49,105,-56,57,-95,-41,-54,-73,1,-34,23,-68,-35,106,-60,271,43,-92,-43,-28,-228,68,88,68,-282,115,80,-78,44,-5,-210,-134,187,96,166,-4,75,260,54,134,153,337,30,5,143,132,-29,3,152,7,58,-81,19,103,79,180,180,117,-55,-101,-11,-8,-103,51,-71,180,-131,-20,-76,-106,-29,51,69,189,48,163,61,9,88,-58,26,81,16,7,76,150,201,61,157,-33,120,-65,14,86,94,84,2,84,10,100,185,-77,64,148,-90,-28,37,89
-42,20,137,66,-141,-77,40,100,-54,134,-34,171,58,67,131,214,94,-46,-105,175,57,24,-141,-10,83,13,90,156,126,71,-31,-5,187,-20,-58,-16,-9,65,210,-66,52,203,-145,65,23,27,90,22,68,-63,-94,-15,183,124,-42,167,87,30,153,151,67,114,144,49,173,152,-33,-348,-222,-32,-68,-4,-10,52,65,121,179,224,-6,95,188,51,-172,121,147,74,221,-23,-11,-77,114,185,131,-72,215,-47,104,107,44,151,-6,185,129,52,244,-26,288,118,262,-105,91,75,159,43,204,216,-113,-105,55,131,8,32,4,-3,140,-9,75,110,140,148,241,49,65,22,52,-94
42,234,42,92,-22,67,-77,225,7,30,-60,142,161,76,20,-63,-22,95,-112,89,37,-5,-99,28,133,-39,-54,85,-46,-23,-89,62,-1,38,128,73,-12,175,-111,103,68,-13,21,112,42,54,84,-103,34,52,-20,-28,163,5,132,101,9,67,-108,89,138,50,4,69,-114,2,97,-26,94,28,88,-12,86,-81,120,41,-30,3,13,-43,57,80,62,19,-112,-80,15,-19,-94,201,-107,33,-138,44,120,83,41,123,-70,101,367,-6,139,-63,8,17,58,119,107,-179,88,2,41,-101,3,-120,-106,33,56,86,-68,193,153,117,-110,-43,62,71,132,35,-24,98,5,128,20,120
24,143,-180,-73,13,158,15,-34,89,-109,-56,-39,51,68,203,132,2,-4,9,89,-91,201,-69,15,-66,67,58,-8,276,70,32,-84,21,143,-87,-54,167,1,178,-168,33,-3,103,27,360,123,-74,7,-78,83,34,111,29,-42,42,88,-96,132,85,77,98,81,96,-114,148,-80,145,-169,86,2,-19,156,10,92,-51,40,141,68,17,-72,204,82,-139,-8,199,212,0,-17,-8,-119,35,-168,-42,-29,11,88,256,-20,56,-56,-40,229,59,-20,141,19,197,7,43,40,210,-44,-7,129,243,39,-112,62,-11,82,179,-10,-73,166,402,66,203,114,-3,94,8,-127,32,-152,206,-22
-155,130,60,149,69,4,-128,202,-172,206,-135,359,214,176,81,152,123,-40,107,303,-36,30,91,173,-73,136,177,102,32,6,-40,153,-43,121,-5,-78,134,-66,229,34,71,-105,58,52,64,145,107,164,-70,38,93,2,48,145,126,26,164,-14,127,-55,10,10,90,106,0,68,1,90,89,124,-76,118,219,-54,188,70,58,330,-11,-51,5,-35,-89,146,71,-45,45,46,245,-31,176,227,297,139,72,223,80,174,107,158,-15,122,26,74,148,-28,26,119,119,38,-12,-45,151,74,96,100,-56,79,82,-50,73,74,21,-23,226,191,93,58,29,263,73,79,125,-47,-82,148
-26,-5,225,-36,6,-135,-27,-102,163,-42,-119,34,16,-154,-10,134,179,-17,-62,-106,-21,64,134,14,104,145,-115,133,-177,-23,66,86,10,29,-89,2,61,-96,23,-83,48,11,-61,49,-9,-2,2,-41,-30,110,-8,196,-25,225,127,92,-13,62,63,62,42,92,-57,130,128,148,-42,100,177,94,-78,165,33,68,4,-94,218,135,-22,-89,135,88,-51,-55,-95,-2,-44,84,-42,107,76,96,-17,11,56,-121,-246,60,81,118,104,40,-33,156,158,6,-8,-9,-30,38,-64,-2,67,34,174,46,82,-32,217,129,-66,133,168,92,-10,-52,0,-23,13,46,29,101,-56,69,27,37
225,234,17,-34,-46,-6,102,48,21,10,-85,7,-92,-39,-85,124,1,71,-58,-59,-139,232,-18,17,131,158,141,-39,-55,61,-33,100,66,-69,96,-35,2,124,13,-29,11,-30,233,-15,134,45,-45,-112,-6,42,15,-28,-73,138,7,106,-81,-42,92,81,-36,2,19,156,-109,-47,-3,79,157,60,-28,103,-105,19,-116,-203,-29,179,-84,54,213,-31,76,66,143,211,-63,220,101,64,35,-20,4,-39,-156,112,141,-82,41,46,144,-16,-60,-50,-43,-112,-59,117,22,-133,-17,-66,6,-11,114,-107,34,-12,-37,-63,-5,-74,-125,274,223,-13,216,95,-43,2,-35,-88,-108,-40,-6,-40
89,-24,22,-47,79,8,-53,31,-90,167,27,-19,-53,5,181,144,-140,66,32,51,92,-13,-23,142,224,-159,111,141,189,-11,67,-1,46,147,14,4,-3,77,-23,14,-25,-110,-61,156,-194,90,-151,-158,-218,-117,-65,93,27,114,-86,-68,68,0,11,56,152,-103,-70,87,48,253,48,11,-106,62,-188,22,-57,-32,-18,-38,66,-25,-92,28,-157,-41,-6,-43,144,-26,49,4,-31,-178,-79,134,185,108,41,56,147,-94,-51,-63,123,-4,-3,-1,51,63,127,89,73,-97,-138,97,-58,-102,50,-49,28,24,106,126,50,17,-198,44,3,-26,65,129,106,-44,33,-52,-79,148,93,12
68,-39,39,161,61,152,52,220,55,104,53,50,176,51,196,33,159,117,-25,-4,25,196,-14,125,78,137,57,168,197,109,58,35,-54,148,-21,1,174,94,89,88,265,233,120,109,-19,107,61,141,49,122,88,26,-37,124,77,98,168,104,14,-22,8,2,140,36,139,136,77,117,32,5,-91,213,-35,38,27,56,236,89,124,158,28,99,58,79,71,59,127,128,-6,81,122,32,-27,58,-31,-169,0,120,-74,169,-86,148,-62,9,18,21,233,77,198,-39,61,165,-9,48,103,-174,105,81,116,13,-4,27,83,225,117,76,131,35,202,96,-9,-4,67,189,88,27
106,-7,276,99,77,41,27,-110,130,35,109,15,135,108,125,21,48,60,84,19,12,69,118,83,200,-17,65,48,93,40,164,98,56,36,65,-89,90,94,22,99,166,-51,64,-2,-38,-43,92,77,-7,217,86,-68,112,121,48,16,85,284,-34,52,202,134,16,97,30,266,86,59,21,117,-59,160,26,176,155,285,283,115,90,15,105,-74,-12,53,68,40,-15,-69,229,104,-114,103,97,-124,104,46,152,171,10,126,47,153,11,35,102,-96,86,-57,76,72,124,98,-56,22,177,135,-17,-50,126,201,89,-45,212,233,120,-20,71,120,33,-82,203,94,-26,155,176,43
-217,203,124,-146,-26,-140,116,82,-75,-5,30,76,-34,53,20,17,-11,-55,38,14,192,-143,130,162,-5,62,-40,112,50,-33,20,136,-73,112,75,-137,-106,-14,1,-35,29,-95,160,9,36,-145,-106,40,-97,99,-36,-91,3,67,61,-40,59,-139,118,-39,22,61,157,56,-183,2,-3,30,8,-92,-69,106,59,132,-208,63,-65,19,69,153,-52,-90,-62,170,-51,20,74,-36,77,-36,116,82,146,-31,-17,117,-33,33,-213,118,-130,63,91,-63,-23,27,-200,116,-1,-92,-105,-12,83,-107,-42,126,53,-44,57,-210,21,58,174,15,-9,47,55,17,-31,229,-153,12,88,-121,-76,119
-36,117,-37,-5,37,102,-55,70,-136,-20,-46,144,106,3,130,90,-45,113,86,103,-43,-14,-61,-14,218,-109,-58,93,76,-84,-121,-108,-157,28,23,50,8,2,2,29,-24,-90,-1,23,-119,-27,129,-175,-164,81,-146,148,2,17,10,-202,7,36,-12,28,171,34,59,42,48,-127,35,-216,52,87,97,-116,-28,-76,196,158,-37,23,4,-82,2,-114,-7,86,130,92,64,-21,125,-40,-28,-112,218,5,28,37,128,-23,-98,-57,183,93,-135,-74,95,102,103,125,98,155,84,195,-154,-169,-7,16,-23,68,22,50,-113,77,-42,201,97,25,73,102,371,211,113,-17,60,17,-74,102
4,20,59,115,-31,183,14,43,-77,119,50,76,-31,-27,22,66,107,-44,-26,115,133,81,-5,8,93,81,-174,60,176,177,104,-21,63,81,-50,110,8,-36,-10,24,69,51,-84,-140,-73,29,60,-30,10,168,60,-61,1,54,-49,40,105,159,125,11,87,46,165,199,192,-81,66,-163,-39,-9,113,-47,-24,83,99,55,97,62,143,129,2,63,-31,62,27,-106,85,2,156,90,64,105,129,126,65,98,112,117,56,16,139,-72,-60,11,133,-43,113,-32,125,150,70,33,84,-71,36,48,208,239,47,53,-107,49,75,-41,79,284,54,-79,24,137,112,29,75,79,6,48
-155,-42,31,-121,176,63,-197,-61,-37,-147,-28,19,214,158,-80,-51,-209,46,66,102,14,-122,1,-124,46,204,-5,-38,90,29,-75,9,12,-86,-24,52,-63,-74,-71,8,-173,16,36,-46,-43,48,107,192,-14,-141,-2,1,125,71,-53,2,-34,-149,52,131,13,74,66,-110,74,113,-45,-7,40,-140,-7,1,-53,-188,-41,58,-101,2,-10,-121,-55,-57,52,45,-23,-45,-72,-138,18,-13,110,-91,-78,-18,-28,12,-77,73,-43,236,-36,6,-73,12,-14,29,6,74,-65,-59,-13,15,-14,-28,-201,1,-9,47,-43,-141,-20,-63,-153,-150,-47,57,115,-79,-77,-12,-95,88,-26,23,-139,276
-70,51,59,99,107,12,-50,20,70,-6,123,-34,129,57,-19,67,120,217,99,52,134,2,17,-200,-76,101,23,-56,-13,-38,60,28,49,-146,-52,36,6,-85,66,20,-5,128,105,-46,2,163,55,-33,-140,-65,-2,28,94,22,-42,-94,1,-26,93,-18,78,-113,139,-42,211,78,10,-301,-151,-48,-119,-32,68,-32,4,-9,-45,45,46,-40,95,-40,-37,-168,-7,124,-127,-134,-46,-7,108,-21,-120,14,-35,215,-23,-34,-28,127,67,-64,-42,-6,42,-96,50,43,63,111,140,9,61,-219,11,-47,-89,55,-53,-37,-190,20,-30,32,-93,-54,107,-135,3,-37,-118,-73,-21,79,45,141
116,3,-38,-5,-190,17,-11,98,48,-35,-35,121,102,244,123,-52,178,-83,26,-6,-58,233,158,203,42,-108,8,-14,8,-7,-98,-10,168,52,-116,99,33,-12,118,91,206,304,48,62,-59,19,186,36,-38,252,124,-46,181,-87,115,-76,141,-104,-204,-91,155,-39,15,59,76,-49,73,195,103,23,73,39,25,172,34,-5,-17,19,-8,-86,11,6,241,66,-29,36,-95,80,-129,183,-9,22,-84,-173,-28,-185,-93,-40,-38,191,72,235,93,96,141,-3,-57,67,130,-150,110,-24,-99,147,207,31,-31,-78,103,192,-108,138,190,97,10,-4,1,2,113,35,-18,31,31,296,36,102
136,-56,59,108,146,63,228,88,-42,-27,135,76,135,250,157,311,90,65,184,23,141,191,-109,117,-126,98,2,59,192,45,-34,-90,1,167,-120,-48,139,100,-6,124,86,224,105,-63,43,-23,158,62,76,-54,109,77,48,106,72,189,-38,-1,17,127,275,34,202,91,55,-16,80,-28,-20,11,-41,-32,39,-48,66,47,45,120,146,215,-72,34,-114,191,154,206,-38,68,92,-10,194,114,8,-93,139,174,58,28,38,52,-26,75,165,55,-75,-41,227,105,169,113,75,50,-47,111,108,-26,17,-164,44,56,-24,42,-163,201,191,130,87,-16,203,73,-86,35,247,43,78,130
3,147,-147,139,-32,-88,-14,140,-100,109,-161,126,73,107,3,3,59,-1,101,12,81,123,183,25,-115,9,158,113,63,18,18,-121,158,52,-71,-22,215,-98,218,18,78,202,-17,101,-138,104,163,-89,-32,-18,72,-103,4,124,-18,-83,67,46,54,-165,92,-83,23,119,113,-182,13,74,-33,26,76,-7,-51,-21,-74,41,137,136,-44,71,-83,88,1,100,38,-105,217,152,211,-63,-14,154,67,49,-67,69,22,-29,164,62,70,37,160,56,77,-81,-72,112,64,147,-88,33,121,264,25,-104,-39,-169,11,128,97,89,-109,-180,146,187,141,-162,-11,187,-37,213,-56,5,56,-106
190,191,82,78,107,-5,-11,79,28,179,-111,47,25,-77,-270,-30,54,-111,267,-25,-159,83,-135,68,-74,166,69,101,-29,-100,-140,-92,-60,-46,109,20,-18,36,-75,-92,121,146,39,111,47,6,26,-56,4,-164,53,-68,-81,-4,48,-86,-109,29,-121,-112,105,42,24,121,6,-58,74,57,97,41,-156,-6,26,189,72,-143,150,54,-60,11,178,99,-101,124,-61,-5,115,25,-64,-4,-125,-22,23,85,-47,158,76,-71,35,51,57,149,-80,155,-195,-45,-1,109,8,126,3,-57,-52,4,50,-85,-104,-170,98,-50,53,-24,-93,135,134,23,-55,148,91,-35,-162,129,-78,-131,-92,97
-36,50,52,43,-52,94,65,-1,-29,-13,-22,-139,114,154,178,32,89,113,-88,-131,112,-8,117,-58,55,123,1,77,172,-47,92,71,-94,144,-108,22,196,-14,123,-32,47,-93,28,106,-26,34,5,84,49,-53,-49,92,-11,90,75,25,137,100,59,129,42,-13,39,-7,-38,203,-64,-42,-55,261,-41,158,6,-66,-82,144,54,142,76,122,-107,117,35,114,133,142,118,87,141,3,110,61,45,-68,123,147,43,39,3,81,127,97,114,-99,74,95,61,-49,83,12,123,198,173,-47,-21,193,-55,-66,-77,85,113,62,-61,130,124,14,145,153,-77,145,36,35,-26,20,69,-5
-118,22,246,105,193,164,-81,115,-94,19,35,-84,232,186,-171,-51,-13,-6,167,11,-55,22,-14,138,-106,130,-23,68,90,-86,2,118,71,4,-95,56,174,73,-22,85,210,23,90,73,61,74,-33,114,134,84,-35,-136,85,105,184,-72,14,56,-55,30,101,93,41,89,107,153,29,69,96,0,-78,132,204,-54,83,43,103,198,35,114,38,-39,-34,162,74,182,-74,-90,261,106,67,132,-39,60,-40,134,-58,-37,-38,75,-144,141,43,-140,-16,-90,33,-88,-25,166,106,73,-72,87,-18,72,1,-61,-60,-33,135,84,169,192,134,-42,81,-113,178,104,-10,56,135,10,111,62
-105,-29,-115,1,25,58,-114,57,125,49,60,11,141,111,104,26,137,100,-48,277,24,22,142,40,33,-99,112,43,229,-55,68,-58,88,154,-27,98,-39,-75,85,8,185,-52,118,14,-14,128,50,15,83,34,8,24,161,3,-74,182,56,116,-32,186,116,17,16,14,60,-73,157,143,-149,-127,197,65,-87,12,-125,23,113,85,-28,148,-40,108,32,-71,-82,-141,195,-20,65,-20,78,186,-46,176,-45,51,124,88,-69,79,88,-52,181,25,165,-160,106,10,156,-4,106,56,43,153,-54,13,-17,-131,-102,63,219,27,95,-142,-136,97,191,79,102,142,25,199,-99,26,146,-146
160,-205,-29,-41,104,60,21,6,184,5,-5,86,-117,102,70,192,180,107,103,83,-114,16,-5,19,171,57,216,53,-52,156,188,114,33,72,-42,122,321,-34,265,37,106,-46,255,14,-23,-78,155,114,-61,89,94,221,14,107,169,69,76,64,-51,55,141,29,37,9,67,166,167,89,-21,145,129,142,-16,66,130,1,149,65,-20,-28,80,115,198,54,-16,210,-136,150,268,-15,136,62,229,51,-136,27,-85,-5,260,9,181,149,-36,104,10,-85,-19,164,42,129,104,-102,15,164,186,-75,0,-134,132,247,59,98,3,-16,97,56,24,157,209,-233,-93,94,10,81,-101,45
-36,169,-9,93,-62,147,71,162,-28,39,88,260,136,33,151,-25,72,82,1,3,48,181,44,260,57,67,83,257,1,-174,29,57,142,112,-12,62,122,-16,111,37,169,-15,150,-17,33,23,109,112,67,6,-36,16,98,53,171,-45,20,-57,-125,-78,182,90,98,82,111,-6,-132,50,65,172,53,107,8,11,8,64,114,-57,89,133,188,125,98,183,-59,-44,20,88,157,62,68,-24,-36,-83,167,6,38,105,174,-40,94,115,192,-26,92,44,125,242,178,35,23,5,104,25,108,17,-96,-24,-75,-20,-48,177,99,156,117,83,74,-113,48,117,-6,159,228,75,-31,60
54,-9,258,115,202,145,96,231,-24,170,139,81,32,-13,-66,38,81,62,126,28,156,-88,-99,-73,10,-8,24,139,89,82,76,103,150,79,92,-37,114,124,-46,139,106,82,-22,120,66,127,89,212,157,38,166,-124,131,157,93,54,74,-40,27,60,119,-16,108,286,-31,121,226,62,-85,-42,156,79,-56,0,97,44,53,207,-35,227,8,133,-50,31,19,37,66,-43,77,-86,119,82,97,122,-44,192,11,22,-23,198,-188,130,114,24,-90,-101,-43,275,-4,91,69,25,85,70,70,-144,62,-60,142,-35,49,114,21,132,73,44,7,-117,82,110,-83,-11,211,58,113,98
48,-57,279,-67,125,85,-27,72,104,126,-35,231,-25,85,-23,-136,71,-76,53,114,-141,10,33,196,167,-24,-42,-29,34,-174,108,-6,-5,42,28,103,23,-9,53,133,89,98,-133,109,10,183,42,99,161,120,-201,-30,215,-189,-4,-60,33,12,-13,-72,165,49,-77,7,-97,257,82,-45,35,195,61,138,108,-305,79,84,46,-150,244,-68,189,84,87,79,66,217,144,31,-36,32,-82,197,129,98,-19,20,35,116,-27,-56,41,41,-48,-51,-30,-89,115,-89,107,111,-72,40,-53,211,16,191,-3,67,99,175,181,173,55,18,-169,1,-72,-70,66,-34,-14,133,55,56,4,155
173,176,67,-85,-4,72,213,-51,95,129,62,88,-152,-112,-82,32,30,-92,104,105,-47,-38,-132,12,-3,-17,-20,-85,63,11,-2,-107,-175,175,102,-74,-55,4,-178,9,-11,30,-112,-11,145,-57,-63,-14,-162,10,49,42,32,4,54,110,63,218,85,6,-105,135,-65,3,-41,5,1,50,-45,60,51,174,27,154,44,-9,7,31,26,-2,12,-62,-96,-139,9,-29,-90,-36,72,140,8,28,145,-45,42,-34,90,194,-7,87,-94,-33,-27,95,-92,-87,-61,-13,-24,-249,61,39,9,13,96,-50,-16,218,-145,55,54,-200,51,114,6,-86,17,289,121,11,-66,-100,-34,-83,90,-117
-112,1,64,-48,39,19,84,128,-35,28,-112,-8,61,11,-36,-96,52,-169,94,-33,5,55,-130,172,-49,94,-23,5,208,-83,159,-24,52,88,159,-62,-122,-146,55,232,127,251,-4,-41,216,130,185,37,10,-16,33,-71,159,107,-71,-28,-119,244,-125,13,86,91,87,-24,89,106,178,-129,-54,25,36,-143,-78,42,-101,105,20,149,62,4,-112,-129,-126,105,-55,71,199,-55,40,-171,225,-83,210,37,28,139,-1,90,-120,79,-114,159,-44,164,126,-118,64,31,185,-129,186,255,-34,-32,136,205,-46,36,-110,13,20,94,37,-80,166,137,-39,19,40,74,-162,-31,-119,-127,-109,10
89,97,-3,153,38,36,-32,13,67,51,-32,-43,80,-33,-108,4,50,-166,199,83,174,161,-91,-42,8,119,-66,67,144,-83,92,55,49,-45,175,22,93,103,9,47,1,168,18,-60,75,-140,187,-48,38,144,193,-65,-140,161,37,6,51,277,11,-151,11,37,167,-7,-9,149,3,-57,-2,178,-10,-50,218,124,-4,110,35,185,93,118,-32,111,48,112,56,106,21,17,123,-83,121,79,45,-127,38,136,77,-5,-93,-37,134,139,43,-21,-60,47,-29,-20,151,65,-3,130,153,-93,190,-66,-7,-152,-206,113,-23,74,-145,244,59,-74,54,97,209,60,-73,79,24,145,149,-56
17,-33,-167,125,-43,11,-183,8,-100,89,-100,-59,-3,118,-80,-126,71,-15,93,77,25,-46,132,-53,-188,179,170,246,69,-21,-106,-62,-31,113,-134,-167,-40,-36,196,19,34,-5,-121,9,-111,13,175,49,-211,-33,0,60,82,19,-343,-169,46,170,-31,169,135,6,-7,78,105,102,-5,78,-62,183,-40,5,-36,61,107,90,70,101,-57,-64,101,176,-15,27,158,183,24,-22,66,-95,24,83,198,-6,83,168,85,4,-152,269,12,33,48,50,165,101,-130,-164,-99,5,54,184,25,54,-38,6,254,-134,-8,122,101,63,-141,133,-113,-70,81,95,181,206,98,42,-2,55,355,-12
27,10,9,33,-34,62,-18,-35,129,-7,131,-69,196,-19,-103,-119,-114,45,-7,50,110,-24,-43,34,21,13,68,-60,99,-34,108,38,75,-48,211,136,-8,21,-7,81,124,-85,192,45,129,-202,13,-48,-31,-73,166,-61,-52,78,131,-20,78,73,-156,-41,28,-68,136,-21,-127,105,22,97,-168,-76,-22,-29,33,106,-23,-42,-245,-24,-87,82,-24,18,88,13,-53,-128,-73,139,74,-51,147,-183,-126,6,32,135,117,69,-162,162,-23,-2,-67,7,-180,108,-123,176,144,-194,64,8,82,-31,-10,52,38,-123,-101,-106,29,-83,4,-16,-17,-83,41,63,-16,-118,-15,-24,17,-1,73,138
144,-140,178,82,57,153,-85,-104,-92,155,-7,34,14,148,150,146,239,-107,121,31,-24,65,-63,51,83,32,-169,41,41,-19,66,-26,132,269,-4,161,14,245,50,-4,56,-50,-6,183,29,0,-95,77,48,-66,-101,-224,190,-38,160,12,68,-62,-51,58,298,-71,-15,76,-65,2,-3,57,7,68,-62,-134,19,115,52,-119,175,140,93,32,-68,-15,20,64,98,309,24,-48,85,142,-65,114,169,-7,57,54,122,-107,86,221,-21,232,-100,61,-43,-77,98,-136,117,122,49,81,32,-73,6,-7,-7,-158,121,49,105,-18,84,86,-7,-31,19,-13,95,167,94,-71,-73,278,32,-150
1,-164,53,-123,-107,17,-34,99,-182,-89,33,-3,139,25,112,31,35,-137,-19,-62,19,305,51,57,-52,91,-196,65,50,112,-67,-46,45,-76,-200,-68,43,37,52,-73,197,159,-88,-54,98,137,25,167,151,79,-76,45,-5,154,37,78,-31,-80,-27,21,52,194,114,-53,-21,51,62,18,93,154,7,-72,-2,-225,-166,115,113,146,22,88,-31,2,10,199,95,234,73,-30,42,-24,43,-53,167,-7,117,-203,131,174,54,23,115,34,7,22,71,-24,53,-21,62,80,64,166,-158,142,124,26,86,76,-33,90,-12,93,-77,72,151,96,53,-87,107,92,103,-24,-193,71,5,-205
72,-33,63,135,-92,65,40,-93,68,-87,-52,149,-108,48,175,14,26,-17,128,49,75,100,79,124,-11,-154,-68,189,116,15,-4,29,-8,207,8,99,-74,24,64,-7,1,158,-6,136,58,-105,180,153,57,35,-3,-90,2,30,-40,129,223,111,108,47,71,137,52,73,-65,35,116,209,27,-47,64,33,204,64,192,41,151,105,48,-60,92,-39,106,108,19,138,-41,80,118,108,8,44,24,-47,60,71,126,205,160,111,120,184,138,-112,62,0,-20,-69,147,49,9,191,-86,305,261,67,72,35,184,61,-101,75,56,212,64,121,66,100,-38,75,104,21,32,192,230,53
96,-76,88,110,121,-101,69,177,-136,-8,-111,92,-48,-9,56,140,-2,-1,135,17,-94,-3,-142,84,-77,5,1,205,29,96,-26,-112,83,34,16,-253,27,52,-21,87,48,48,54,129,72,-36,56,-2,-1,-101,74,-30,106,30,153,176,34,155,16,-35,79,37,-49,-24,90,30,73,20,-25,99,-142,82,99,6,65,9,169,199,-122,51,74,103,-189,78,-82,-46,20,-43,263,158,24,-83,171,70,76,62,-76,105,-12,-69,17,90,113,0,-69,-36,97,126,-110,40,-162,82,-78,10,-24,-9,1,-61,-29,68,0,11,-16,-173,115,125,-22,1,127,182,176,112,-20,94,44,-40
202,42,114,-23,195,289,23,-76,-81,-1,31,182,65,-9,133,219,75,86,87,-130,104,62,-35,138,23,-69,-161,23,24,-40,34,-13,-29,-77,0,169,39,136,40,113,75,-93,69,-57,36,-79,28,-14,56,34,21,-42,41,32,312,-96,14,74,42,-120,212,187,126,37,-38,1,-8,106,42,133,232,-47,242,25,31,-150,43,91,70,143,-67,-91,57,54,45,-31,-114,-44,206,226,29,96,261,-90,-18,227,118,-31,-12,-58,180,274,-72,58,99,10,-22,55,19,83,202,30,-122,12,68,192,-37,84,-1,30,-17,40,186,153,67,69,102,71,107,96,-54,-68,43,-112,18,47
214,-54,224,76,243,9,104,-100,-10,32,-81,29,-32,118,125,56,18,72,-68,-36,89,-5,204,74,38,-150,-107,135,119,27,27,28,77,47,69,139,-76,15,30,20,145,103,-163,100,-68,-21,200,30,130,207,-43,-38,-63,-1,-13,-77,128,-32,-13,-45,181,37,135,7,145,-109,76,-30,-147,-138,110,0,126,71,-25,108,89,21,-11,152,-175,-73,-63,219,191,34,49,-31,14,40,125,132,110,12,-111,12,91,2,-117,41,114,148,94,15,44,-81,29,103,93,108,-40,-87,-63,102,124,168,161,-11,185,106,-8,83,72,-106,-12,91,-84,-21,55,-11,-24,84,-104,191,41,-1
89,-26,-1,-93,119,65,19,-68,58,92,-91,115,79,-2,54,-42,-64,125,-27,8,19,-32,38,29,31,-83,113,7,-21,42,75,-13,229,-111,215,-10,167,115,113,81,10,10,19,132,-148,81,150,-83,88,19,-153,-85,186,49,-140,-20,221,-94,49,-47,95,-61,76,98,6,118,85,68,81,-116,23,-231,-86,-50,44,180,-11,36,-64,-78,31,36,-44,71,44,10,-3,148,0,44,176,34,173,-43,-80,4,52,29,142,154,-50,126,30,-101,58,-21,-117,79,-64,0,188,106,-180,-61,10,-63,66,-97,-26,38,-100,236,-77,-60,-59,9,61,-231,4,-30,20,4,5,155,-9,85
-2,-88,-107,53,6,15,-18,39,141,107,97,67,154,298,306,-11,8,-61,171,103,135,115,274,9,-94,-38,-21,111,-56,-161,-6,-19,-155,71,20,102,93,-166,132,53,39,102,-102,-46,-129,38,49,55,1,26,-47,15,52,61,34,-39,124,56,0,92,79,-66,-50,-41,16,182,-34,63,-83,22,-15,-35,20,-14,24,57,35,-8,3,-86,-112,-132,-96,126,42,-2,-129,-106,16,-221,13,176,215,42,77,-14,90,76,-27,72,6,20,19,216,114,45,24,-132,191,58,37,14,51,23,85,180,-68,21,-57,153,187,33,-50,-14,45,-40,62,56,83,83,-1,27,88,79,51,-176
-82,-16,31,97,76,-77,-33,53,-89,43,50,30,182,81,195,11,-37,97,-61,-33,160,157,69,157,89,-144,28,256,17,71,108,-82,268,187,-44,-62,57,141,32,-114,131,-13,33,6,-41,124,180,88,38,167,64,-216,8,150,-17,92,-65,-39,-31,130,134,-93,182,75,68,126,-26,34,81,36,90,-170,49,-75,-62,43,10,71,84,105,-169,101,-67,36,50,59,22,-146,40,115,72,27,126,21,103,-13,-49,-56,7,9,-136,76,55,30,-12,64,-30,123,18,-57,74,246,83,143,-68,70,122,15,-145,-47,-39,91,76,-11,-63,66,-64,-141,80,51,200,-30,93,115,35,37
