-31,-43,-26,-64,-109,-90,-64,-85,58,68,-52,89,47,-86,-58,96,-40,-53,-124,-28,-23,71,13,-46,-21,-19,67,-55,9,-76,52,-9,57,23,-22,80,41,51,-53
12,-47,-86,33,-24,-7,22,-140,-13,-14,-30,-68,15,9,119,21,-29,53,-124,55,-44,-29,29,-46,64,-12,1,29,57,-56,24,51,71,5,-69,-67,-2,18,73
-41,-42,-86,-12,11,-47,-21,1,-75,-31,32,34,4,72,-1,113,63,12,-102,9,-79,28,-62,-58,17,-71,-92,39,-32,5,11,-28,-8,42,-57,-35,84,-36,-84
-87,40,23,52,38,18,24,85,25,22,-11,-14,3,-87,-43,-2,1,25,-16,-27,-7,66,19,110,22,16,-10,-8,-33,31,37,38,-1,-14,38,-18,27,31,51
102,67,-42,-3,4,41,-5,-40,48,25,-65,-24,-17,-57,68,-50,19,24,16,-11,47,-36,87,66,-5,-19,-14,-97,99,-46,-4,-9,-6,-20,31,83,-15,-17,-37
52,7,-6,-13,-9,-68,7,-27,79,34,-3,61,92,-99,71,18,-17,-3,-59,44,22,5,79,40,9,5,51,45,68,-31,-39,47,1,-27,-7,38,48,-81,44
51,92,79,22,26,65,55,13,-62,-108,34,-74,88,28,26,11,-5,-32,102,-23,80,-17,6,-34,-36,50,-8,20,119,26,-56,-26,-42,-100,105,5,15,-14,19
62,22,62,-31,22,-24,22,18,132,27,63,-19,25,78,19,-55,110,3,53,70,-5,6,-69,-34,-136,20,-17,-123,-1,28,147,5,-41,40,47,11,-8,15,87
-11,-51,-65,87,-10,20,-61,74,30,113,-57,26,2,62,29,-8,74,-27,-27,-62,-13,-50,-35,57,94,39,-40,21,-32,77,-38,70,39,42,-24,-39,8,-16,22
25,-42,-8,43,-1,-31,43,143,62,-1,20,45,-5,2,84,-75,53,43,27,-26,-57,-41,21,81,64,10,-31,-15,-85,11,62,-104,-75,102,6,-35,-19,16,50
-49,-17,-8,-22,19,87,-78,52,-4,-16,-31,12,-66,26,-1,16,5,-22,30,-57,-43,-42,15,-8,-2,76,0,-25,-93,-49,37,-40,-53,84,-19,30,20,34,17
-74,-27,90,-12,-70,-94,-44,40,73,-16,-67,96,-6,-48,-8,10,-60,-30,15,24,29,50,-13,50,15,24,20,5,-94,-5,21,103,55,-3,-26,38,70,-14,16
16,55,-59,-26,85,26,37,-39,35,-6,57,-13,-9,-22,120,-70,44,108,66,-28,53,-133,-35,26,-115,-24,23,-34,-19,6,5,-22,47,-39,13,11,-11,-5,-32
-21,-22,-13,-16,-19,21,-61,17,6,40,-5,-24,-57,10,-47,-25,43,-53,15,40,-32,28,-140,-10,-144,-106,34,-30,-98,108,83,-50,-114,56,-25,-12,-44,-1,2
25,7,-11,-104,-1,52,-69,79,66,1,-58,20,-71,44,-14,1,-15,-92,2,28,-38,8,-6,-48,-2,61,-9,-91,-107,31,18,11,-92,54,40,17,-13,11,1
26,168,30,-52,29,48,9,16,77,55,-9,-39,20,43,82,-13,-9,15,63,5,162,-25,89,0,-48,44,22,-15,36,-110,-27,23,-82,-76,169,90,-77,22,49
14,7,7,10,107,70,3,7,-39,-15,70,-8,-18,76,-45,84,16,42,-1,32,-52,40,33,-29,-24,13,-14,-74,33,2,17,15,76,-49,64,26,-41,71,-37
-50,-56,-60,-14,-36,2,10,-54,-23,-37,7,31,-48,6,-13,1,10,-34,-44,-3,-11,-14,47,37,11,64,-33,-21,19,-90,48,-95,-74,-4,62,56,17,-16,-16
-26,47,-71,-76,-2,67,69,53,-12,-51,2,-52,35,11,-11,-6,-25,31,-107,48,67,-43,-31,58,29,-4,42,55,25,-90,-49,1,-30,-28,-18,67,-70,74,2
-18,71,55,67,77,40,83,16,4,21,63,62,13,-35,34,-26,62,80,8,-20,-32,52,126,63,7,-31,-99,-32,178,15,28,-40,16,16,-12,10,-8,38,-53
31,23,22,-13,-22,1,26,16,56,16,-52,-35,135,-29,11,44,38,-129,-37,80,53,88,24,48,4,61,-17,25,33,-154,-38,29,-34,6,-10,86,-32,20,56
-42,31,-56,13,73,-29,-23,-82,-120,49,75,-47,-10,-58,45,-30,11,131,5,-52,-86,-28,-90,-80,56,-65,-40,107,-56,-36,43,50,143,-37,6,-147,-5,-42,-3
-29,-59,121,-37,-36,-58,-7,13,-30,-118,-8,23,30,77,56,64,-50,30,23,150,56,-26,47,30,-52,72,-4,-58,-95,-172,21,37,47,-63,-77,31,-91,86,-85
37,4,60,-34,-98,-74,108,57,35,-137,79,9,80,50,4,-7,-46,-33,-73,102,73,-56,43,95,143,114,-49,13,87,-123,-15,-46,30,-52,-8,160,19,54,12
-42,34,44,-82,3,-40,117,-63,-29,-16,59,62,16,-30,-58,-7,-29,88,-70,5,-12,76,13,-40,62,-22,15,65,118,-27,11,95,67,-36,59,-27,68,-24,7
-37,24,-5,-35,3,-41,-101,40,-47,13,-33,69,-53,-82,38,32,-4,28,-13,-132,31,-48,52,-41,-6,18,1,-19,-44,2,26,17,31,8,7,14,14,17,-26
60,109,37,-65,-25,29,34,7,110,36,-4,13,19,9,-36,-36,88,-6,3,-27,55,-39,19,-11,-19,42,10,-36,101,-49,15,12,55,-105,67,7,0,-46,-17
-48,54,20,5,-57,87,34,-79,63,15,52,28,37,21,-13,-18,-33,3,-51,29,44,-76,120,106,21,123,39,18,136,13,13,56,82,-37,5,75,68,-2,-13
7,54,36,-29,-66,19,-17,27,-26,-59,-67,38,38,22,-11,38,-45,34,-9,-67,44,-27,-29,55,92,102,-51,20,-45,-70,-47,66,44,14,28,-34,110,16,-41
48,28,92,43,69,1,61,-19,-55,32,13,55,14,-95,-17,-9,97,-4,34,-18,16,55,-32,50,-74,-111,-64,-27,34,33,6,50,-8,14,31,26,7,-50,-23
101,16,46,-13,-40,-82,4,19,193,-11,32,14,84,82,63,34,23,-134,94,195,-6,-6,42,-27,-13,99,21,10,27,-6,-24,-58,-110,-25,0,107,36,25,69
54,4,-78,-34,-30,-57,57,-87,70,18,54,44,71,-74,51,-19,-50,82,-43,-20,6,-96,42,-30,-26,50,27,-17,47,-98,15,-30,66,-29,13,21,-29,95,-38
-12,-55,-3,6,19,-15,1,-1,6,63,-26,-2,-107,-80,-31,1,12,-43,-103,-26,13,99,33,38,29,-64,50,-48,-35,-64,51,-40,4,28,-18,16,-55,-51,58
5,24,-21,-39,11,22,67,54,76,-45,113,-28,47,211,-86,35,23,152,-77,76,33,48,83,9,31,86,-19,-102,66,-48,54,-84,38,53,29,39,14,109,-18
-38,-15,34,-46,5,-6,15,-30,29,-20,65,35,60,-37,-81,16,-86,40,38,1,-95,143,34,-38,-45,-51,19,-9,14,-6,24,-81,16,75,63,86,65,43,20
-48,94,-16,-13,62,-3,16,78,73,-37,79,-11,-38,-1,110,0,32,22,39,-7,-104,-10,68,-29,-25,-2,-47,40,-3,-12,40,-147,-55,27,-36,33,37,84,63
-44,-20,15,77,4,-16,-17,36,-27,-2,-41,-18,34,12,10,31,52,-66,-39,-67,92,36,12,50,-4,-11,-43,86,38,17,-101,38,36,40,-102,78,63,-60,83
-44,22,-83,-68,-20,-4,-56,-54,-42,56,84,-95,50,94,-31,44,64,70,4,53,-11,13,-12,-116,-159,47,24,52,-22,-57,53,-48,-1,-46,-4,-109,-60,69,-27
2,-22,-3,-23,16,-2,-10,23,46,-36,-24,17,-55,95,29,54,39,24,-17,95,70,14,122,-15,-64,-24,28,-93,92,-79,0,9,52,-48,-110,67,-81,19,-83
