52,59,-61,-44,-42,105,-21,4,31,-42,74,86,47,89,-50,1,46,45,20,48,-7,-23,30,24,22,8,43,45,38,18
-15,-7,25,-55,33,42,-48,-66,103,11,84,13,11,-33,42,30,25,-2,-25,-30,13,29,-6,10,-23,-85,57,-7,26,-52
-16,12,34,12,70,-58,-10,-76,57,78,17,-9,47,-68,0,57,-32,-30,20,-54,-16,-9,20,-18,-35,28,-38,-12,-25,-14
59,63,23,64,127,-62,101,89,-3,43,-73,9,53,3,9,43,-19,4,49,-21,33,47,42,10,7,1,-14,7,-21,11
28,17,32,18,44,27,-28,49,-6,95,75,-45,19,15,44,-1,8,31,31,-53,10,52,37,1,13,21,-45,20,-56,-4
35,36,75,11,102,-5,-33,59,126,81,97,-5,83,-35,12,54,-90,15,-41,-5,-34,6,7,81,91,77,-11,18,0,82
17,9,5,100,119,33,-3,77,76,75,92,69,14,-9,12,34,19,74,54,42,83,-41,52,12,24,1,11,-66,-15,30
62,-45,-3,65,84,-78,50,51,-16,-1,4,13,2,-78,59,15,87,-21,-73,-81,12,-22,-28,-40,-77,-22,-59,-64,-89,28
59,42,-37,-61,59,84,-7,21,16,-31,69,15,61,31,42,5,-28,41,44,-35,-34,74,76,73,39,14,8,31,-9,-17
-40,-40,38,-32,-8,30,-5,-8,28,-37,-8,83,66,-4,26,0,61,76,1,-42,29,-21,16,-14,99,-48,-5,-34,2,24
2,79,-35,-49,-54,168,-46,-24,65,-35,91,10,23,54,-3,-34,37,82,102,24,41,-45,64,-11,-5,-9,43,26,11,-48
-3,67,48,88,31,-60,-37,-1,42,32,-2,-26,-14,-23,53,-15,-44,31,34,7,65,-44,34,57,23,0,27,-36,47,-16
49,8,-41,15,23,-22,116,138,-39,-114,-34,-31,8,62,14,42,46,77,55,45,-7,118,71,-49,-29,-1,67,70,-48,-3
36,-77,-57,-82,-10,63,10,24,-2,-51,-11,32,-29,28,29,61,-21,-58,-52,29,-40,71,-94,-29,45,1,9,26,-27,48
72,-1,-45,-35,5,-53,17,124,18,58,1,25,28,-3,91,73,-92,-4,-44,-36,1,-36,-44,28,-23,43,-21,19,10,58
42,-47,-44,-33,3,38,1,8,-42,-31,19,81,-78,9,-4,-7,-6,-43,-30,80,-43,-10,88,50,19,105,-24,-17,25,-17
-24,35,-29,41,53,55,8,-54,35,-35,59,10,-77,-17,-112,-1,-8,-4,-14,62,-13,89,25,72,-12,-37,-16,87,63,70
-12,5,95,-52,-10,7,-1,46,-12,-20,-19,-6,13,-69,50,13,43,-99,10,-76,92,46,3,-32,31,-18,-19,-84,-48,26
-46,99,56,-9,26,65,-2,-99,6,75,-8,-63,41,12,-112,39,-69,-41,116,-28,5,20,29,-26,-15,-6,64,89,48,-33
80,63,50,16,56,22,-16,121,84,49,7,-35,-30,-58,117,-61,40,-60,-1,-18,108,0,83,87,24,19,-15,5,15,-37
-11,-49,-30,-25,67,25,-9,17,94,6,75,-8,36,16,30,-71,12,-45,25,61,9,19,-25,-28,111,-19,24,23,-18,14
-43,-9,-15,24,-14,36,-27,-34,55,-101,-9,16,24,2,-88,-63,25,3,37,27,-12,-10,-10,14,6,-62,31,-39,27,-30
-22,-32,-2,9,48,-22,23,-66,67,53,125,21,-47,-1,75,44,-7,15,-43,61,-27,23,-38,-40,37,-26,86,28,-46,22
93,58,6,-17,-66,2,-51,94,31,1,46,-2,-22,-20,42,67,18,-1,12,-7,57,-74,25,-32,-67,94,7,-17,-53,-28
-19,7,-38,-34,-125,16,-89,21,42,-54,38,-28,-18,-33,-14,33,-59,16,-34,10,-13,-62,-37,57,16,61,56,46,17,24
-33,-21,-85,49,-39,8,24,34,-32,-24,-11,57,-31,87,-45,-58,5,82,33,84,39,0,-59,-34,4,-14,-37,-35,-36,55
53,-10,18,-7,-18,-18,12,74,-52,10,1,27,28,81,34,-35,-12,62,-12,36,-49,2,30,36,38,66,-33,-7,26,24
57,10,61,12,-48,16,27,49,41,-60,6,83,6,57,61,60,54,91,-65,-92,-25,-29,2,56,59,2,16,7,36,46
-5,7,-88,14,34,14,-34,4,6,-11,31,-28,-34,63,-23,-18,-41,30,121,66,7,74,81,-32,19,6,77,72,-32,-84
-59,-41,39,-60,50,74,-47,-46,0,-18,48,60,45,-30,-93,-9,27,-14,-37,-10,3,7,73,30,114,18,3,-27,9,-2
