67,134,-39,53,-48,-46,22,156,30,72,141,66,46,-72,-81,-56,35,-45,-64,202,-54,51,19,-16,-71,-114,-50,-33,107,93,-99,100,60,21,-46,40,-154,-65,-5,-4,98,16,16,233,5,32,49,67,6,63,71,68,58,-58,-158,11,-125,-30,41,111,-123,96,137,-50,54,-73,72,-58,71,56,16,23,82,17,-41,-36,-55,168,218,-90,-70,-18,132,-149,61,-29,-199,79,-1,49,31,-2,-57,3,-91,133,-19,15,74,111
11,-94,16,146,31,-68,76,-1,20,155,59,168,44,-233,-82,56,-46,-9,-28,94,-96,115,-62,-34,232,114,15,169,-48,72,5,107,-22,56,1,122,-65,-148,41,-105,-21,-48,-130,69,-32,-78,-111,88,-82,-17,74,201,-77,-26,-7,-80,-63,88,42,210,14,22,-55,-4,-8,79,9,83,34,-2,44,22,45,-49,-8,-60,-159,-73,36,-62,131,-123,-55,40,-17,-19,37,-23,35,103,80,-95,-136,82,-16,166,25,64,43,4
61,19,122,-27,209,9,40,35,97,13,59,26,11,-36,-9,-176,-97,176,-2,-156,-35,32,108,-38,-111,144,69,-84,-8,118,78,115,76,115,1,179,32,-35,108,113,12,150,-67,112,67,63,22,84,100,-15,-13,-4,85,27,45,112,67,181,-4,-40,2,-7,99,55,142,-62,162,108,-76,-177,-111,73,136,-7,116,-9,20,98,-131,102,70,163,39,-59,-92,31,1,-79,73,-90,54,-52,96,248,-31,65,100,80,53,88
166,-69,-9,-123,159,69,105,177,45,-46,1,117,-4,37,41,-110,-13,24,16,49,60,95,56,16,106,-62,99,106,71,101,105,17,82,95,59,93,-53,2,-3,66,187,-30,-81,-116,68,71,4,-13,34,-9,51,53,37,-32,120,9,163,134,180,2,185,-146,-25,38,72,132,107,124,-9,43,-21,2,96,94,178,-187,172,-80,-64,48,44,37,54,117,4,-40,110,54,211,-53,90,118,-4,81,56,84,104,85,56,32
-108,125,-14,-53,113,-118,-10,137,-78,24,24,45,0,99,137,80,-77,-46,26,17,31,133,13,77,68,-234,-27,-1,55,20,-41,-44,52,0,35,11,-32,65,36,104,73,-23,-23,-36,-47,67,13,1,-191,11,-21,-46,-69,45,-18,-22,120,-36,-29,-46,-102,-17,-72,-119,54,-45,35,110,72,31,70,-29,-47,47,60,-79,114,-171,114,9,-99,121,33,-101,-31,-76,45,-160,29,-61,-13,50,9,51,84,31,38,66,-51,-28
14,172,-19,-22,128,-11,-30,-74,164,-45,-78,-142,53,75,23,-4,-72,41,76,-65,-53,-122,-115,-48,33,72,-167,61,4,-4,-44,19,148,4,52,85,-10,106,-83,19,-149,47,-29,-51,88,18,-6,17,90,23,-21,155,126,155,148,198,109,0,32,35,-3,11,41,120,55,-53,45,90,-2,-88,-27,192,-62,95,33,70,-122,152,-65,167,-22,4,257,99,108,165,61,22,-140,3,-34,90,67,-111,-67,53,22,-4,85,140
112,210,59,-78,254,75,52,-25,58,27,-70,44,63,61,183,-84,-86,70,52,98,0,167,2,-111,-91,95,158,1,79,47,131,24,59,53,97,119,18,189,-97,62,41,157,-62,-60,-38,212,188,-37,5,-21,-13,47,202,-49,137,-7,-1,-3,128,98,81,-107,37,12,26,149,88,117,75,-30,-90,-57,54,23,67,-8,202,70,-7,-8,21,59,174,84,-60,103,142,112,191,23,78,137,188,146,4,-2,26,-42,60,-12
19,81,-133,80,-83,-8,-119,74,7,49,-68,2,-21,16,60,-51,81,-149,-112,6,68,25,-16,217,-158,-50,10,79,164,70,92,-4,53,49,74,-15,20,-76,-88,-76,-54,135,-134,39,37,1,30,44,63,-39,41,108,97,18,129,-80,61,194,-59,72,84,4,-74,-31,-100,40,7,-13,11,153,-139,49,32,46,155,146,-45,39,85,-184,13,28,60,-28,71,20,-28,-10,-92,22,52,165,-44,91,-33,-53,15,79,-167,-38
51,128,0,124,98,-88,-35,-89,71,94,-106,-74,-32,154,91,33,10,-105,-114,19,3,46,-27,-6,-25,0,47,-74,57,2,77,142,-76,125,176,14,1,165,106,-92,59,64,79,132,-38,187,3,-30,215,-78,-91,-57,79,-26,-79,-165,-68,20,36,11,-187,-109,62,-33,13,-34,97,58,29,186,-136,28,2,-12,-118,106,-69,88,-43,-43,-2,-46,-93,0,105,159,-72,-57,-71,65,157,120,-72,234,-92,-105,-148,12,58,108
30,-78,47,-62,196,15,22,-140,43,-137,99,134,84,-103,234,18,67,-42,46,29,236,141,128,200,30,10,23,23,8,54,125,-108,86,52,-47,-90,-25,126,27,5,282,28,5,-82,35,154,-71,23,-44,69,29,23,-70,-61,96,106,183,-112,-126,-44,60,154,-18,-1,-154,166,43,9,54,105,-54,-19,224,125,-86,68,-23,-158,1,-32,37,96,-65,-126,41,35,46,176,18,13,-117,97,11,-41,-7,-75,115,-126,17,21
76,-54,58,-165,112,34,53,104,-37,-131,96,63,51,59,59,-15,14,-65,176,-50,134,78,97,-10,-18,-64,-98,-97,12,2,18,127,162,84,-41,30,-69,31,49,47,221,-21,-89,-46,109,122,22,-3,-13,-176,111,122,111,-130,90,-79,-21,84,80,132,111,143,-117,-81,-116,39,93,130,23,-183,-67,-134,236,-9,49,-37,73,43,236,125,25,41,30,-11,-62,110,-106,-37,116,-36,24,47,147,73,19,107,7,169,108,94
167,-36,-55,10,46,-150,25,-52,56,-91,126,160,-13,-90,-25,-92,108,72,191,-84,-71,32,155,83,-64,75,77,204,119,20,37,72,26,67,-45,48,-29,115,44,88,55,-2,-39,18,9,10,144,131,108,-49,42,49,166,-26,95,281,71,27,62,10,234,52,116,-126,213,-47,134,-57,-1,30,82,223,143,103,134,-97,105,39,160,200,-93,28,43,58,150,61,42,-45,132,109,-4,112,28,70,-136,194,182,-59,154,15
109,63,-30,244,167,51,61,-14,48,84,65,71,68,4,205,-7,-9,155,7,74,57,205,117,-32,118,269,20,19,1,-28,152,43,131,-71,143,82,-35,-48,-176,140,-116,-77,-51,23,-78,68,-68,-90,-112,128,71,-54,109,9,128,139,45,79,25,165,165,118,29,114,-56,59,22,60,93,37,-157,26,85,57,109,-5,-93,50,-211,-51,154,13,53,71,21,135,101,38,-87,65,-44,-44,39,-33,139,1,69,55,-174,29
68,57,-59,26,135,-177,132,-16,5,84,143,11,-21,131,74,9,-114,-114,51,-119,-85,-5,83,-38,-22,142,-87,-93,-147,54,150,18,-85,30,36,-5,-111,80,3,-74,20,-86,15,55,184,52,-135,-69,108,112,111,-186,-84,-29,-85,-22,91,-37,-24,-50,-107,-65,-46,-64,-60,-59,-8,-17,-30,9,7,-18,73,119,-31,57,28,2,41,105,33,30,-59,44,72,-12,-103,-228,-7,59,-10,-96,10,84,-101,75,-81,-62,-50,-7
206,82,7,-69,43,81,-85,-75,-78,-80,-95,59,69,36,41,-177,28,-25,-21,76,-13,-19,114,-16,-33,11,-29,123,15,25,-25,40,-28,22,-16,-80,75,115,-30,161,-66,26,-153,12,23,149,176,9,3,21,178,121,71,13,111,61,208,90,-7,114,161,139,99,220,-25,-84,44,72,35,-77,26,10,76,59,-20,123,-21,67,-13,172,8,-59,8,30,172,215,-3,64,-32,115,-154,191,65,-13,-69,47,214,-25,27,54
-43,22,-43,21,-50,157,15,-60,54,67,-2,-76,-58,-36,-40,34,46,139,17,-121,-69,-73,15,63,-67,-40,4,160,-83,196,19,-46,65,-70,59,-36,-87,59,-41,-151,13,-88,111,-109,170,-104,119,227,76,-21,26,132,10,-1,-27,172,-32,-34,166,-85,53,-29,-12,147,59,-58,-13,-28,-81,147,21,-17,-85,-88,-103,-5,138,-6,-89,38,-11,-44,58,16,161,46,41,97,185,-80,52,119,-103,94,-133,128,116,147,220,23
-18,97,122,90,42,52,130,13,100,-47,178,168,-35,59,-19,-39,-26,-63,118,10,121,55,49,235,140,184,37,-20,-67,-57,-16,-5,193,-121,83,80,114,103,-55,-27,-20,34,-45,52,173,53,115,-64,28,-36,-76,153,160,95,-4,116,136,0,-65,-6,-35,-54,71,10,85,57,1,49,93,-30,131,149,16,26,-110,33,-59,72,-29,60,78,-95,138,116,89,93,104,48,-28,28,76,77,-55,31,-11,3,114,4,197,96
-32,-60,-61,22,138,-55,-28,-9,-38,18,-35,11,31,129,29,59,-25,-65,51,60,-126,26,-139,-36,32,-72,118,72,30,-45,109,-12,-59,89,33,-72,25,166,48,260,56,76,80,-85,61,79,157,14,52,47,43,-27,38,-40,43,-4,140,-154,-131,61,-8,-95,-23,83,-21,33,74,109,40,205,-244,-53,-26,77,66,-10,239,-113,103,-113,-50,113,6,56,-48,68,25,31,141,-34,90,39,27,124,-73,2,88,78,178,45
-153,-53,12,3,-19,121,133,-92,-76,82,51,-95,43,57,-78,7,-28,11,55,64,-53,74,157,2,38,68,-99,-12,-107,-83,36,-54,43,-64,-4,38,42,-63,106,33,66,-27,-20,-62,170,-26,-40,47,87,-25,60,-30,19,-44,120,-52,67,17,42,64,28,-24,9,49,-37,-66,-70,6,-157,6,-17,-21,-65,-4,-148,58,-66,39,157,44,182,76,-125,106,79,-44,14,-17,63,8,68,80,14,16,92,-69,-90,59,179,-114
-55,37,49,115,226,129,240,36,104,40,215,-29,-59,7,27,8,-20,72,47,112,7,103,157,-79,72,280,-11,12,-55,70,213,-5,96,-44,20,161,-181,-35,30,-21,116,-55,109,25,141,16,-6,-19,-99,-133,-41,103,144,-35,-13,13,46,53,67,192,85,10,152,-12,-74,5,-41,21,5,-116,-37,-42,93,-126,-13,-78,54,43,49,23,103,-23,23,24,-108,124,44,54,116,17,101,45,66,188,80,-80,18,180,96,83
8,-24,8,-43,34,-3,27,-83,-46,-117,50,61,-60,10,38,188,46,17,95,-94,91,-69,-40,-104,116,42,-54,42,1,194,-1,57,-73,140,-16,-128,55,57,62,-50,77,11,162,-23,107,62,-16,19,130,7,29,-64,-36,74,144,171,64,29,92,59,-123,183,-38,112,-10,-2,164,133,-66,185,108,86,-53,130,-134,-68,-85,-122,-98,170,-30,6,76,71,16,-28,-120,-56,-49,117,-41,9,-121,-35,-36,36,-5,76,46,55
-58,69,59,-20,28,-142,121,15,49,161,-72,-59,-176,-40,55,26,-22,107,-69,-108,-6,106,-3,158,50,-9,58,240,-60,-16,0,101,107,92,-98,56,-95,-36,-121,18,-22,-75,-28,124,96,32,-57,207,18,52,10,9,28,26,37,-56,-45,-26,-90,-199,33,-14,37,11,36,83,-53,40,14,93,-43,144,16,126,61,-17,-39,119,-35,20,10,-17,5,98,85,76,33,87,-2,-40,5,-26,-13,26,49,12,-79,-54,-72,5
-52,108,79,-38,46,97,66,146,36,209,42,125,-57,-10,170,-16,-39,117,28,-60,-58,-43,25,60,212,138,-16,-73,123,110,-21,73,7,-22,-63,41,2,-26,-97,94,96,-48,33,31,-98,92,-59,1,52,-63,7,43,26,8,-49,-89,-54,31,102,-116,-14,50,37,14,131,-9,22,-94,56,71,37,3,141,159,-145,-63,-64,-42,140,182,25,-51,93,84,110,-34,-119,59,54,122,-22,104,162,7,129,-13,-26,-26,87,89
-28,-67,-30,31,-10,-99,149,-101,-134,-37,-22,-70,3,3,-63,117,-76,-142,-114,120,-48,43,89,130,6,-19,31,134,-78,143,3,13,34,18,55,25,17,70,69,-82,40,139,24,113,133,50,156,112,53,61,83,-7,-33,137,19,40,-88,2,27,116,-117,19,-47,78,-76,25,-17,-53,-34,-85,-78,135,-28,-6,-29,-18,-29,61,115,20,197,-62,-50,-76,181,28,11,-163,-11,-88,-30,84,-77,68,-5,80,54,66,57,-12
82,-105,-42,-90,-116,110,-25,-116,-27,-124,68,16,72,85,23,-58,46,-161,132,50,182,-44,25,-74,-77,-32,33,-114,136,-150,-152,-14,-174,-23,57,-72,116,71,57,-10,15,-14,16,-46,68,3,-8,-143,-1,-4,16,-117,11,-82,-36,-4,102,-78,-95,116,-1,-18,-87,-159,154,-29,-41,13,-43,-35,175,58,27,75,-12,51,-56,-56,22,-59,-72,13,-41,5,36,-144,-125,62,-112,177,-19,-24,-102,-94,-84,-9,-47,-44,231,-28
-64,-63,-19,-163,69,76,44,-125,-10,-130,8,-45,57,3,-11,34,90,73,105,-22,80,-65,-5,43,18,-29,-9,-25,50,53,14,87,17,107,44,47,-117,94,-56,98,148,-41,-39,118,293,-51,129,9,145,23,103,25,105,38,43,87,81,-81,-37,41,109,54,-94,38,72,-116,93,74,8,77,-1,49,66,200,0,89,83,-44,56,-29,-46,65,52,53,51,-68,-21,69,5,-24,-151,112,34,46,-115,152,2,87,6,-77
66,-75,183,65,22,-59,27,-44,127,-11,148,280,99,13,-92,98,70,-185,112,-87,-87,-51,-54,85,141,209,96,85,-25,61,215,33,188,60,-138,-57,86,-12,-23,60,-62,112,-53,200,-19,-80,-52,-109,173,104,56,176,111,-21,50,96,-118,130,-68,114,18,133,69,122,48,107,-138,31,-5,-43,45,174,144,248,134,41,-27,-96,14,46,-25,-83,51,86,63,-15,92,127,-94,12,43,138,11,-55,20,-23,-16,-66,74,124
-2,141,14,200,-97,133,33,205,-37,18,-12,34,79,122,130,-108,71,-60,-33,143,60,-54,174,-149,90,29,36,-166,-26,106,-54,64,18,1,127,144,68,-17,167,66,4,58,-79,58,18,51,15,64,26,-33,7,84,148,-124,12,12,-70,152,29,60,41,36,-42,-44,87,-46,23,123,74,-177,-50,-123,160,-39,184,43,-77,-19,99,19,46,-16,-37,64,-67,13,105,93,5,-29,186,-87,29,114,3,-114,-31,233,18,-89
77,88,-25,277,119,-120,31,-11,-3,57,112,-59,-110,10,-111,-23,-152,-6,97,-12,17,103,60,-35,15,267,-92,0,8,45,289,-2,51,-11,-18,140,150,-104,53,-13,24,137,-100,112,-68,-62,2,-56,131,-61,-36,161,234,39,137,-211,51,52,14,213,-24,-85,-13,86,51,123,80,142,84,-187,-14,-202,-75,-66,27,-43,148,156,7,214,89,-9,84,124,-124,32,-22,-40,80,-33,69,-32,142,143,-54,-38,-66,-101,96,236
-42,-78,91,-106,65,7,71,88,-17,41,66,102,82,41,44,110,72,-36,55,-3,123,-159,64,-93,127,-111,24,13,19,-1,-8,70,-81,146,19,-70,-13,-109,-101,77,125,67,43,4,-23,29,119,-8,98,70,75,-6,16,98,27,-6,-45,-69,-31,92,-62,118,-51,36,117,39,85,-74,68,-18,-79,101,12,178,-118,8,21,90,140,129,149,-106,-14,181,84,-28,-47,211,-11,103,-56,193,44,46,115,6,-58,10,33,-55
90,-140,6,-55,92,-23,19,-26,35,-181,16,-3,39,-90,-159,-144,39,-27,-73,0,-118,-27,0,142,-91,86,25,57,45,47,15,31,-44,82,39,84,-95,126,36,6,-2,107,32,119,-31,-72,129,-34,161,126,138,68,62,61,-70,118,-43,17,-117,-17,31,3,52,74,56,-119,53,22,-92,-133,-167,185,42,81,58,129,-55,-117,152,32,40,-79,-48,4,-38,-45,-62,-8,25,-77,60,297,106,-5,65,64,128,50,-17,-3
10,-67,103,57,212,49,-27,-111,91,110,-156,47,-19,-22,116,-4,-63,88,-41,-16,-107,33,-32,-115,77,45,30,168,58,-53,2,37,-26,-14,-51,66,-134,77,27,-17,53,-38,100,-25,-107,102,-72,-4,78,101,-48,27,21,112,166,10,94,205,156,-56,98,21,78,58,109,112,39,90,-99,126,13,129,149,131,0,-63,2,-40,5,107,4,105,-23,130,116,167,3,-35,-98,-161,-74,22,-154,-43,157,66,-54,50,-46,84
101,56,6,102,164,74,86,39,45,93,46,132,63,-27,14,159,-130,-139,-34,22,-167,40,41,47,22,60,31,85,98,161,27,176,83,-89,73,147,-84,32,100,-194,123,109,-13,87,-193,83,-79,-22,12,-45,-57,167,119,37,-38,-117,-73,13,111,-66,-161,36,191,12,-35,13,-1,-15,21,-12,-117,33,145,82,99,-50,24,-97,-34,-11,-101,68,120,-88,64,59,-10,-37,141,-84,100,148,120,35,-1,44,-158,-58,10,113
-70,90,1,-20,-136,-19,6,68,-153,-63,89,-53,-62,-16,-173,-65,-71,-69,-7,-98,102,-39,-69,-37,26,-32,22,-167,57,-79,-31,-30,-74,102,7,43,83,-196,7,-38,-18,-10,133,66,94,-21,-10,37,173,-114,151,-73,-31,-63,-46,13,2,-46,58,-35,-16,26,-49,1,70,-78,104,-2,-41,-76,59,-47,-2,-2,51,26,87,135,112,43,-31,31,99,-54,24,-145,-48,-3,96,134,-70,-96,58,64,-106,-40,80,39,77,-13
29,125,27,27,126,89,38,-72,104,59,46,81,-28,136,37,82,-12,-24,24,-34,-23,-70,100,-50,119,128,160,-125,-65,62,202,210,-3,-9,150,86,-67,83,4,-15,142,-38,3,186,99,-11,-98,-188,100,98,-6,-71,34,20,-48,-39,0,121,67,-116,-91,-54,119,-60,-4,40,-38,19,-10,205,-227,-16,96,207,141,57,5,20,-66,-50,-43,-58,-56,111,146,-21,-14,-31,-34,106,150,159,136,80,-63,63,-173,35,-145,33
13,-4,11,-22,-61,159,112,-94,104,95,94,-57,-142,58,94,105,44,-112,-43,-6,50,-85,-17,84,-26,72,20,94,53,106,131,79,101,55,-88,-53,-3,102,-5,-142,46,109,62,-7,96,-143,-118,13,128,-96,-41,-84,-27,-180,12,-24,-82,117,-46,62,65,-23,42,21,-119,35,-9,-22,-9,-42,26,-38,82,19,75,-71,36,16,24,134,-40,40,68,-102,-3,-48,-131,55,-27,49,43,38,116,83,-30,-34,-47,71,2,153
3,91,-11,130,7,-25,28,-79,52,-23,125,52,-87,31,-31,-43,-89,-121,-55,162,-51,95,-24,55,-142,76,-45,167,57,123,-16,-111,-20,-47,-83,49,82,167,18,58,20,-19,57,50,-82,-41,73,72,52,14,27,-39,38,-7,23,37,-23,104,-115,-53,124,-2,-37,1,-112,-39,-45,-100,-101,92,-17,-23,84,-44,93,-31,122,-95,123,105,-120,139,31,-102,-85,-66,18,-106,-147,27,116,3,-10,51,-94,112,-138,-31,-49,-89
113,-13,-73,-120,29,104,-32,58,35,134,111,78,176,-114,33,116,45,82,-57,180,129,70,-90,-166,-88,98,-90,-72,190,121,-2,-65,54,125,-10,193,-3,-170,175,211,29,-21,3,-158,-158,92,111,55,80,56,142,25,39,123,-90,27,-71,5,186,118,129,161,-37,80,110,-137,125,-58,-28,96,-20,60,-107,-74,116,-125,33,-78,259,-68,23,127,10,22,-27,2,-73,192,34,-101,23,77,67,-1,34,-67,-42,52,2,-42
36,149,86,-40,22,157,67,-8,-66,24,63,5,71,-64,-2,-33,-60,37,-162,103,30,98,40,-9,4,139,-10,-73,35,-56,-31,6,139,-137,54,154,32,44,116,54,-120,-108,-161,203,-16,23,70,-48,42,76,59,21,153,-33,-143,14,101,40,64,110,76,-15,-67,28,85,-115,55,27,-25,-38,71,-19,1,-44,135,-61,-23,-26,-96,-48,-22,-26,146,-47,-38,85,2,-23,-7,-67,-22,62,-24,-22,25,69,82,-65,-13,99
-39,-48,-8,184,78,-123,47,-50,115,-41,149,79,29,-134,88,28,224,-80,41,159,125,107,134,-6,154,156,32,173,85,138,114,25,-31,-22,34,216,5,45,-8,-4,-134,191,25,26,78,53,179,6,89,96,29,202,190,44,119,76,26,122,-3,429,55,-30,-53,74,24,49,44,61,-13,69,82,93,36,18,-32,-55,-94,-79,270,71,116,-180,155,141,103,63,129,49,-10,92,71,135,-30,100,10,70,139,117,130,-89
-76,-12,2,132,-10,7,102,30,108,-110,-16,97,-17,-17,-32,-43,63,-167,85,0,-178,17,17,52,257,13,79,114,-75,70,-2,27,-28,14,138,26,-58,7,-93,-129,-67,52,11,55,137,21,-115,125,230,-90,49,167,1,152,64,-34,26,20,21,53,104,-98,-47,93,-19,16,57,109,12,18,-33,-37,37,145,-64,-48,-78,0,-16,104,-39,32,-49,2,218,27,131,-3,-3,137,-63,140,104,77,-33,146,38,83,-19,40
55,17,-158,202,-40,-6,91,-70,110,-142,338,152,57,-3,-44,-34,-21,-62,182,125,124,53,152,171,-92,178,16,-42,-61,121,196,198,45,32,105,82,4,201,11,3,56,15,-86,106,133,-85,206,8,101,30,3,121,72,18,-122,327,-4,-51,12,219,52,47,51,-119,-1,-100,96,-109,18,-34,36,236,18,34,-3,-73,-23,81,67,-1,160,-152,44,-100,-26,116,42,-92,17,238,101,-6,77,94,-100,215,203,-24,145,-58
-137,-18,-19,-36,43,85,1,-7,1,29,78,-107,32,-95,42,-98,31,-126,38,124,87,-51,-142,-62,-150,65,-117,-141,16,69,65,-65,-23,-52,-40,193,-93,12,-41,13,11,78,69,-23,0,11,168,-6,-27,31,35,211,31,17,-64,-64,-57,65,98,148,-42,46,-57,-49,-89,-23,-65,-34,-37,8,72,-117,-13,-110,-14,76,73,19,165,-22,-54,-81,40,-54,-94,-29,-63,-86,-103,-42,34,1,34,17,44,25,-4,41,17,44
-57,-64,11,69,33,111,139,-126,-56,-141,209,83,54,-37,2,25,166,-75,81,84,131,85,16,120,-43,157,165,-23,-43,16,-8,57,105,82,48,6,-79,33,75,-17,112,82,-31,-95,189,64,-2,-88,82,-70,132,32,14,75,72,81,171,-28,-43,176,-17,151,-23,-68,-12,34,67,188,-48,68,75,80,106,171,-226,-48,-250,-4,42,-176,-30,26,-18,-34,0,-52,-131,-60,-10,205,35,-7,-64,-30,45,-19,72,140,82,31
31,118,86,-128,-124,50,-84,47,63,53,-51,-3,22,188,-24,-102,-69,-14,88,30,9,-9,60,-1,60,-92,-35,113,30,-38,11,84,-47,117,-25,70,-60,36,18,-31,97,75,-121,129,-21,-19,-1,47,10,-76,32,33,1,-22,-60,-87,-32,145,-98,-5,117,-100,113,-8,217,44,5,-12,172,-85,-134,1,77,-59,154,47,84,238,57,67,15,41,9,61,133,-15,60,94,38,-17,-13,206,161,-10,-56,40,-28,64,-14,144
88,41,81,-86,205,-219,-69,-150,38,-46,-10,111,30,-143,3,-46,-87,58,-33,-23,4,132,-83,-79,160,59,12,23,73,43,1,2,-84,-32,-44,-83,10,39,-130,2,33,-129,-114,-13,-13,33,-148,111,-1,81,5,-26,83,-12,126,61,-9,-57,-15,-49,-90,-94,113,-174,-268,130,75,-5,-24,-51,-72,43,90,36,84,52,92,-7,-51,83,-63,-6,94,66,-42,100,19,-37,108,-123,-90,-135,93,104,41,172,-25,-103,-68,-66
98,42,54,-41,86,13,-89,-33,52,-18,-1,99,84,-45,10,-30,-70,-67,11,-46,-49,-41,-44,-113,-152,31,144,-66,41,-27,-45,69,74,-76,40,-34,-5,14,80,15,14,-75,-72,101,-116,66,10,-10,-47,39,38,38,215,-118,-21,47,25,-130,122,55,-27,42,85,-89,-77,-88,-20,58,117,-102,-112,-85,112,-87,134,27,203,-60,-123,-44,-71,110,83,-117,-35,214,74,-7,-10,-39,-112,-73,33,-4,-88,48,22,-23,-28,37
-136,-124,16,12,70,156,22,-89,12,82,-67,8,95,-66,-19,-3,47,-27,45,-96,13,138,114,175,-90,59,86,2,-193,119,142,92,113,62,-88,17,50,61,28,-19,116,-28,-18,29,158,-78,11,91,167,-8,41,29,-24,19,6,-80,13,72,93,-89,115,-16,-171,66,-129,10,-65,98,-122,44,-63,-47,142,90,-39,-2,53,-9,101,55,75,87,-56,-38,112,67,13,-19,23,11,-140,13,-59,119,-49,46,51,177,102,-30
-54,-26,149,-56,168,-1,77,-14,47,-97,9,16,-42,-24,14,-17,58,69,134,-96,208,152,-5,1,71,-77,-15,14,69,56,221,56,126,99,-77,-91,34,-12,20,39,77,20,-74,62,103,11,-14,37,25,-4,-89,204,-26,47,155,-78,95,2,-25,64,72,-7,13,105,-105,178,2,172,-9,-20,68,-89,119,151,-85,70,-44,-5,-125,-15,115,-21,15,173,-198,162,32,78,5,-74,-76,-6,54,75,-21,77,-80,73,47,143
171,-109,-15,17,-43,97,157,44,-36,-40,187,177,138,-56,-71,151,112,70,148,-38,38,-6,34,22,-4,129,6,-15,-12,109,66,106,130,223,-54,54,76,-110,-15,30,64,17,5,-36,114,118,11,16,114,-79,-30,136,112,74,28,123,-84,151,41,193,32,131,-114,194,202,22,177,36,-66,-46,3,130,-18,168,-9,-184,-178,24,29,99,78,78,59,24,-68,-27,30,106,4,23,-33,-12,2,108,113,-5,19,38,46,81
174,-62,-4,-58,-15,41,55,90,-2,-80,67,30,116,-86,99,-51,76,26,3,42,75,155,165,-16,101,4,31,30,-42,44,65,3,233,132,119,-30,58,63,55,46,76,73,-140,-103,115,-18,88,13,-1,65,83,27,119,-19,132,-10,146,64,104,224,168,160,-22,67,-145,-12,55,62,-24,5,34,32,119,53,-26,-135,-93,-5,26,-90,192,-90,-19,-2,91,77,108,115,60,29,-13,66,34,-24,-29,-80,173,21,-47,75
25,-46,104,37,53,-4,69,-36,-102,49,3,8,-112,-60,75,-76,7,36,-227,-42,-14,87,132,36,54,70,100,-22,-105,224,92,-86,144,-117,-190,-134,-122,47,28,-204,61,-117,85,134,98,50,-60,179,-18,-19,-45,28,-194,-71,-87,-171,-17,159,19,-212,126,17,162,-30,-159,152,10,60,78,17,77,-111,206,102,98,39,-18,-50,-93,-22,-63,39,-20,16,-55,52,-19,27,18,-142,-182,-59,135,-31,-30,160,56,71,-122,83
181,-24,70,29,113,80,25,97,195,120,-83,9,56,-35,-9,108,39,-2,-29,74,-43,5,-127,197,135,41,92,55,-8,123,70,75,203,-47,-14,-25,-18,-50,31,66,76,130,64,-53,5,-17,-55,86,218,77,83,99,-48,74,53,-3,-54,41,149,-131,10,28,24,194,76,200,-125,-8,-1,142,50,-1,103,163,26,2,-49,89,2,-25,41,79,-4,77,266,88,148,67,-4,31,69,192,-117,-8,82,-58,73,18,94,146
67,41,62,124,35,2,-32,76,-154,-2,33,-42,40,-63,19,68,-17,-34,-21,-153,58,38,106,-4,77,97,-132,45,71,145,73,99,5,-142,5,-13,208,-106,-55,-149,21,108,-89,6,25,74,-31,-6,10,-7,-43,149,44,-6,11,-49,28,104,-5,191,32,-33,198,271,-11,-14,102,-56,-92,-22,-57,-41,77,189,2,0,-97,-18,-146,45,-36,-29,145,87,128,-111,39,148,73,69,-91,48,87,-37,-36,-58,31,-108,-170,185
62,110,-41,180,33,6,9,23,102,97,29,105,227,-119,-13,41,-9,-55,88,141,-93,148,155,41,121,63,59,16,-7,53,115,123,76,104,36,151,79,37,143,150,83,149,-47,-26,79,29,20,-62,244,158,52,165,72,58,18,130,-2,11,124,47,-68,97,63,177,65,-77,66,103,-49,34,118,-17,32,22,-102,-113,-116,-109,100,58,71,118,79,72,144,7,-5,72,-10,-26,60,-38,7,206,50,75,126,-39,115,-18
154,143,34,63,14,200,66,-6,160,19,58,164,79,0,-39,-146,27,6,-33,98,41,78,-39,-2,-52,114,64,30,18,47,11,20,218,195,-13,0,-63,1,129,-12,-140,90,-59,84,-20,-15,93,-40,61,3,133,24,53,184,6,-53,68,104,-34,59,67,54,49,126,108,114,84,120,102,-29,4,16,68,-10,40,53,-116,31,106,0,-5,48,115,23,-51,209,-72,94,24,-78,122,118,36,-33,-2,-108,-72,44,47,135
82,-124,133,71,92,90,45,12,106,24,-6,27,-77,-12,149,-105,121,105,-1,125,81,27,53,51,38,169,105,-99,12,-113,0,-78,166,-85,34,110,74,61,25,52,-2,20,-66,58,14,66,141,14,-39,-28,40,82,92,-59,51,29,65,41,53,11,112,158,-57,-49,118,29,73,118,-46,59,88,38,93,-8,-20,66,-56,-25,-15,-141,115,65,56,-23,-14,141,-43,23,-33,-14,-15,0,18,44,103,-140,27,-43,198,3
164,13,79,30,196,-18,4,-70,89,2,5,127,57,-21,41,73,93,81,66,-13,82,2,-33,148,43,187,-106,-52,-3,79,84,11,-9,90,-70,67,132,38,-99,103,-3,127,44,-68,73,70,118,73,53,25,120,12,53,96,142,47,135,55,19,-72,33,179,-50,120,6,127,46,51,-116,78,-36,25,100,108,12,76,-10,-67,164,116,61,86,65,86,72,145,-30,-87,-31,-13,-84,77,4,15,44,-47,123,-13,-73,-23
68,-67,-52,16,213,-44,63,-32,-49,91,-68,-104,-139,-60,-41,-75,-146,73,47,-54,35,114,47,33,102,74,-84,153,142,-45,33,-50,-37,30,-88,15,-107,-21,29,33,-47,32,-2,-16,62,-8,-37,-129,-11,-14,9,-4,27,42,164,7,77,107,58,50,176,2,-69,147,-101,8,53,-33,83,-70,-55,14,57,-214,-34,94,58,38,-15,144,20,-109,-37,93,48,130,3,-51,67,-100,79,6,60,119,-151,42,-30,91,-64,59
124,49,-72,158,30,19,41,163,102,132,40,-44,-92,-69,24,165,20,92,-2,-51,-125,-84,84,83,147,117,-5,93,132,18,114,21,42,-125,70,66,-122,-4,185,-40,20,28,200,73,-40,76,103,-28,58,174,68,117,96,15,-59,69,4,114,34,48,-97,140,112,66,158,-32,27,-35,83,152,114,91,42,-82,131,-55,69,18,-15,19,-31,-7,108,-15,58,195,172,1,8,-192,148,263,-56,31,50,-15,133,-102,36,136
-32,-65,-10,70,99,60,8,-37,97,-21,72,123,88,-65,80,15,112,50,142,52,41,81,8,-19,-56,-63,-98,8,-47,66,131,73,-16,-8,90,13,174,59,4,172,44,-12,-130,-46,84,-125,179,123,54,61,42,13,44,96,207,155,103,-73,104,169,63,45,-79,-49,-73,-6,86,118,-157,75,-35,-107,-43,-20,22,95,147,14,60,-23,171,65,-89,36,-38,20,48,-33,109,-21,4,15,47,105,-163,34,48,116,68,-44
47,-74,183,-80,33,72,-95,-6,26,-108,91,151,33,-171,95,-15,91,-121,60,82,154,102,95,-31,170,27,44,106,-75,-90,-1,17,-1,-39,-87,-9,120,43,11,31,-22,20,-22,102,-47,103,-126,-32,18,41,4,26,146,23,181,-13,-50,383,-31,187,122,-45,-22,124,2,124,49,46,-53,32,80,-102,-95,-47,-14,-15,-84,-16,4,142,39,99,-90,42,109,9,195,170,8,-11,-23,134,9,45,125,-8,90,23,28,35
-22,87,92,-100,-39,-52,-8,-121,116,-210,82,173,-32,25,84,6,172,-65,85,57,25,86,-42,14,102,-36,9,-51,3,75,-6,-20,143,14,23,-1,-9,195,74,100,67,-94,85,25,48,97,1,38,143,73,-15,10,29,141,-16,238,-104,-26,-38,-19,-62,81,37,-118,-3,64,20,170,-87,68,57,18,48,134,18,-181,-2,12,72,-80,-74,96,59,-105,-36,43,67,-112,-13,-116,2,84,15,18,-46,71,-5,-6,140,58
147,-3,36,-11,16,-80,-30,56,50,-78,-58,53,33,-10,-175,-86,65,6,-165,103,-65,27,20,124,0,167,-72,65,78,5,-23,125,-10,145,45,32,-81,-37,-33,59,11,112,87,126,60,44,146,61,296,116,101,13,89,-94,-5,135,-168,-130,-71,4,137,49,116,47,206,-57,89,-199,-15,-116,-204,112,182,121,-10,-9,-27,22,140,95,-37,-10,168,-134,61,23,-101,27,-4,62,-3,159,47,38,116,-84,65,99,-105,75
-32,56,-59,198,41,12,65,114,-9,35,78,31,86,26,10,80,31,-178,42,98,-91,-1,126,-12,184,-59,1,81,36,175,125,-160,-18,54,6,-40,0,-75,10,-83,-15,21,21,165,-4,45,-128,-89,102,64,135,32,9,60,137,-5,30,264,-45,58,-6,50,-86,75,-6,49,-109,110,43,-6,9,-9,5,-30,139,165,-62,-23,-5,110,2,84,-29,75,-44,-61,169,11,-56,-56,89,220,-25,108,-31,-28,-72,-5,-51,-54
-98,54,19,50,-91,62,-29,30,-10,-27,-111,-52,-87,-84,-110,54,123,151,-43,10,124,93,-28,25,216,-138,45,2,-17,-169,49,57,44,-61,76,81,171,-91,-41,206,-67,-44,-95,105,175,5,-36,-34,-50,35,-1,-58,2,-31,41,56,-28,4,-58,-57,-71,35,-30,-3,26,55,-63,7,-71,11,-17,18,37,-47,69,-10,-169,50,18,-22,61,31,70,121,70,41,-121,-2,-95,-94,-24,-93,-62,-79,-20,20,-57,16,62,-23
10,133,7,11,32,-26,-46,2,44,-62,8,75,20,33,226,89,119,-73,12,-39,35,84,82,21,31,39,-27,-74,-72,6,66,67,25,-39,156,-59,-55,102,18,57,75,-157,67,118,43,131,-63,21,6,107,-21,-48,-20,-32,-75,147,-126,50,35,-58,66,14,-9,-14,77,43,-8,-40,-95,84,-2,-9,99,158,126,57,71,-70,-8,73,-118,187,20,-114,-22,-53,109,52,-22,-64,-12,83,-15,21,-103,14,69,-100,76,-19
106,38,57,-23,-11,-24,166,68,66,41,-44,96,37,121,60,-79,164,-16,-47,60,58,33,44,92,113,93,26,-28,-1,131,-29,124,157,146,11,43,7,-107,-22,109,103,20,-116,-98,43,166,-122,90,205,-71,70,-44,0,-32,92,-84,-23,-15,107,-108,98,135,65,-33,138,38,103,155,81,-56,-80,-18,195,139,28,-148,-57,-25,-1,36,-27,139,-4,3,111,-112,-81,-37,48,28,43,-32,-81,148,53,-99,74,52,47,10
0,94,8,98,84,167,13,1,-65,207,-63,-162,63,-36,103,-23,-164,116,-139,59,-11,268,122,-154,35,69,-89,-18,-39,-68,10,-4,-19,-20,89,-3,-9,-64,80,125,-39,-41,-7,1,-16,63,32,-40,-73,11,-148,33,-57,88,-78,-146,92,105,15,21,29,17,-24,29,-118,20,101,-22,-66,151,60,-96,-60,-182,5,-54,28,9,-82,52,2,-66,-70,-39,-57,91,87,68,23,-31,18,-38,-76,68,61,-51,-16,-28,-82,-76
94,38,21,19,145,100,28,20,-22,13,42,140,-169,-122,95,-29,-170,157,-61,-56,1,235,51,57,-29,230,143,21,41,93,55,77,101,120,-69,141,18,33,-7,-44,182,-65,66,-3,-146,79,21,120,52,38,-8,175,143,-116,92,83,-132,154,146,49,100,22,-45,69,-173,50,171,-4,21,26,-141,67,82,38,26,-180,32,30,45,143,127,-167,-22,-29,-38,45,-34,18,146,-17,69,81,37,25,56,48,74,130,-23,-6
73,-54,-43,12,60,55,10,16,32,-126,204,101,41,-169,121,37,143,-23,13,104,52,-2,33,51,76,73,-6,21,73,119,112,90,-79,135,55,12,-51,30,65,124,131,91,128,-40,26,-40,-20,1,14,94,114,-9,10,-158,51,53,-30,12,-49,146,27,109,84,139,20,73,-13,-58,-37,-13,67,107,140,133,-89,92,-35,-42,118,-29,101,7,-45,-34,97,12,3,-67,28,-28,55,153,67,160,18,-52,307,-35,22,34
94,-146,33,-145,26,-40,-67,45,11,-149,-13,84,-32,76,39,-6,98,-184,-100,-11,-54,-17,24,-17,33,-50,75,28,172,183,7,-37,-37,24,54,-65,85,69,50,-7,3,100,25,-38,99,207,115,-7,64,-102,68,105,88,-109,-61,103,-53,20,67,211,142,-105,93,77,-221,-23,-76,-29,-2,93,-18,16,67,28,158,-41,-18,-124,-63,6,-47,11,36,1,-9,20,24,-52,74,-13,42,288,9,116,-24,53,74,75,0,12
0,-41,-13,91,-152,-36,61,60,-19,94,12,-8,-97,49,-112,-38,33,-20,-111,-8,-48,-64,75,40,104,18,4,-83,-92,-131,-8,-72,-11,-101,-12,155,-107,-55,-43,-85,-3,-162,-72,-30,113,-55,-183,-5,-114,-154,20,10,-74,-29,-123,-34,82,10,-45,-39,88,21,-5,-164,14,-120,-21,9,70,58,-49,19,-32,-17,104,-68,-92,83,53,-127,-27,-25,-96,54,25,-114,-27,2,66,166,16,-65,43,-40,59,-40,-8,68,-82,-94
-23,47,-131,137,-31,-21,123,9,-56,20,84,-104,-104,155,3,48,122,-65,44,78,43,27,71,14,-56,132,117,15,16,-24,76,32,-57,-91,101,166,-94,26,94,-73,-23,-10,10,-99,-52,146,23,-35,138,18,142,139,-9,177,46,108,94,19,289,53,47,-61,-186,-73,109,-148,65,-58,3,100,143,105,-134,37,-4,-36,1,99,10,35,63,7,87,108,58,-54,50,-103,-2,166,-68,106,72,-61,-3,116,45,32,26,-8
62,91,39,161,-65,-39,44,-151,-74,2,-80,-7,92,144,-64,-87,46,-170,49,14,-11,23,89,27,-36,77,64,148,-29,79,61,190,-18,173,109,67,-8,56,-83,-53,71,49,80,112,170,82,130,183,96,22,82,69,152,63,87,-61,131,-8,-55,91,142,2,28,185,174,5,69,30,92,11,-142,128,116,197,-45,116,101,62,131,137,-65,81,56,59,206,111,8,57,-3,185,54,174,0,56,-123,-5,-8,98,101,22
57,17,82,-180,83,21,64,60,43,-108,-13,138,198,16,-47,-64,248,-89,96,73,48,-44,-19,40,96,-49,16,-77,-20,41,-192,-48,-4,-24,-11,27,164,64,-26,261,-71,-18,-207,-1,44,19,108,-130,-174,-261,-2,50,106,-12,136,53,35,-155,66,6,110,77,-158,-111,-43,131,-140,87,33,-168,-50,-12,86,-7,16,81,-28,-166,140,27,103,47,-34,122,-82,-56,-32,-30,-91,5,-140,-67,95,13,-29,29,45,39,200,-96
59,-9,162,72,121,37,98,118,16,-49,-17,22,53,-9,-110,-149,-12,-58,11,126,-51,-15,-5,-92,246,18,-64,-99,-31,41,13,68,-42,-203,79,31,82,2,15,176,-52,77,-14,160,22,-33,54,88,178,89,2,-52,-65,28,68,11,-12,-105,149,15,112,-32,37,-5,137,212,110,30,20,-60,-70,-131,74,56,121,100,46,-42,-65,61,34,-13,70,100,47,25,4,40,104,41,91,-59,56,-22,-7,66,100,-41,161,80
67,35,-48,-143,219,133,136,5,-58,-200,171,-9,65,-150,76,103,-27,-2,169,-121,227,53,16,70,-90,96,-14,-58,-53,133,147,62,123,-49,134,-54,74,48,-40,-40,30,40,40,53,111,91,84,5,-120,-15,45,59,55,61,177,104,168,-32,157,72,-24,183,-29,94,55,74,71,-72,-7,56,68,-95,19,130,-35,99,-31,-61,-26,47,-77,49,164,-42,-82,-67,4,17,-7,20,-57,92,30,9,-85,0,178,-78,5,50
64,-9,12,47,135,91,163,-9,63,-24,116,130,86,-111,-28,-5,13,-132,44,66,62,150,-30,145,15,144,95,1,-3,-53,61,25,134,-5,-36,-19,7,3,70,166,-49,41,-36,80,38,-15,45,-153,153,32,114,57,193,25,54,112,31,-55,211,61,1,113,-50,-25,-27,62,-70,37,-30,95,129,-63,95,50,27,0,-117,8,-9,-95,-45,12,106,-44,69,117,23,-68,-40,17,31,-39,45,36,-104,87,103,-62,77,43
-71,91,-60,130,-27,-43,20,-139,79,-29,-25,18,37,-100,-101,-57,-63,124,150,28,-45,97,11,76,26,33,-178,139,-23,39,-26,17,12,-28,-56,63,-121,65,-96,112,63,-120,-185,26,-22,-147,-40,159,-64,83,131,62,7,-73,6,88,-3,-60,-190,-16,68,-43,179,-73,105,28,47,-60,52,-130,-176,-49,67,-140,138,52,158,-124,2,101,-125,48,98,-50,17,-70,109,16,144,-103,113,-50,-3,-10,-29,162,125,-69,24,-74
26,133,-7,-6,37,9,-73,89,6,86,-47,55,-34,35,192,-48,41,1,-19,10,-84,-29,152,-106,143,-52,76,-15,61,25,161,54,-51,-82,190,33,73,73,105,23,-12,44,-2,47,77,132,67,-50,32,9,-17,-11,27,38,33,38,146,50,81,43,38,-14,-44,41,8,-86,-54,45,16,306,134,-69,-62,42,-9,-1,-81,-17,-43,55,82,-21,-3,77,21,12,60,-12,-10,152,116,178,-33,98,-69,14,70,5,-8,23
-1,-10,167,-25,5,59,131,-103,51,54,140,81,-66,-10,112,68,-172,-24,-73,-101,-21,232,49,-45,85,180,-6,78,-12,22,4,77,127,107,-12,54,-60,130,67,-177,-21,-149,76,171,-25,2,-89,26,50,-5,149,-41,55,-42,-54,74,-26,130,49,35,-16,-29,62,2,103,-134,57,-59,-80,3,156,209,47,71,50,-69,18,85,-48,128,-71,19,221,-93,139,-5,75,23,-11,6,-5,72,51,4,58,106,106,13,50,125
29,-95,25,48,27,18,-1,-96,65,-42,-62,-81,-106,54,-23,-101,31,-1,-99,199,9,95,-86,21,17,-87,93,66,-33,-13,-2,-34,-97,5,37,-104,68,111,28,-25,20,89,71,15,-31,-29,74,39,102,47,-147,-108,-236,-54,-13,10,-104,25,36,-64,49,-69,24,-95,-100,247,-75,60,-167,16,-68,-68,52,-127,10,-43,72,3,-59,-80,122,-50,-34,-86,-15,1,-47,-34,23,-27,-35,-50,-8,-8,-6,-15,3,127,91,121
41,86,159,190,136,-186,-16,68,-25,-14,116,24,14,-28,-55,13,27,1,49,24,147,92,18,-56,95,94,81,66,222,73,39,-49,25,-22,-76,2,-24,-44,84,41,36,100,223,66,-119,185,120,-77,80,145,19,220,15,4,-28,16,4,57,94,-37,-16,63,33,115,-100,20,-34,-110,-44,21,158,-68,81,-47,36,-32,59,-2,7,54,-66,124,280,52,-106,63,47,2,24,-132,45,57,-4,113,-23,103,2,-27,28,75
-106,82,13,-44,115,31,118,-9,30,103,78,20,10,-8,62,82,-52,63,60,-25,24,35,65,-20,31,109,113,63,-3,178,249,88,170,-124,-59,3,-158,-12,-63,-78,15,46,141,127,74,-95,5,158,-106,33,75,-19,72,-43,-67,-152,10,55,12,162,-28,-141,134,13,77,18,24,-11,132,93,-55,-45,155,190,23,-19,75,-51,57,34,-104,97,116,-53,-60,61,81,38,61,-131,0,16,-44,27,47,204,-50,-66,5,-27
104,199,-65,-63,14,96,12,-26,189,-121,-100,57,23,-24,75,49,53,-25,-65,101,-15,227,136,163,-158,-93,47,143,47,-68,85,-16,36,252,23,88,130,177,61,96,-58,127,11,58,45,-2,141,-16,116,52,71,-4,134,-36,192,129,-48,76,-23,-24,78,-93,55,105,6,61,20,-8,-4,40,-184,38,82,23,-46,1,20,-57,81,32,120,38,41,55,105,48,-12,88,-24,-178,-47,120,24,28,-22,-40,94,86,18,6
179,26,128,-78,-94,12,-42,-1,-53,3,-100,63,-41,-45,-59,-137,57,93,-75,-16,103,-130,-5,11,6,37,-11,-153,-183,-18,-39,75,-14,17,-30,16,103,-15,-4,104,5,-38,-9,96,101,83,73,88,61,18,-87,-67,-14,-19,-28,89,-201,96,-35,-151,123,102,-99,-105,216,88,65,-80,16,-74,-85,15,46,-54,73,70,-37,39,-16,107,70,37,-161,-90,30,-77,2,125,6,54,57,-93,-61,46,35,-78,22,-45,93,0
49,103,77,6,210,44,152,3,107,-23,106,4,-40,37,5,-27,114,-52,-29,39,-72,-22,-38,48,21,66,33,84,40,62,105,133,13,36,7,63,-155,139,34,14,109,117,136,98,68,90,101,71,103,61,140,124,-60,-18,-123,137,-20,-67,106,-38,74,76,143,129,13,80,29,16,-155,105,-65,129,132,230,24,71,59,34,148,-21,-4,65,102,51,7,-21,-70,46,107,63,92,151,53,75,-61,64,168,17,123,88
-56,-194,-26,14,42,56,44,84,178,-111,63,40,-195,-36,-55,82,-79,13,121,-28,-68,-15,-126,117,196,89,-141,61,60,-65,106,-26,-36,-136,-3,42,-133,-28,-62,-37,39,11,66,-4,-32,50,-19,-51,41,-12,-20,125,-44,112,-69,-78,-18,5,-48,1,24,45,192,-42,-15,145,-24,38,-35,-22,-2,67,59,-34,49,-103,71,27,-26,-31,12,-42,68,-144,-114,168,144,-152,73,-123,-37,66,39,-23,81,-96,126,-17,-15,178
-123,130,-55,-67,58,106,-5,134,-4,93,17,-38,2,41,-2,-37,-21,4,-79,43,-82,-7,2,29,14,-71,20,208,17,-23,-87,-67,-55,-45,-47,-45,-23,111,1,165,-170,9,-6,58,-73,56,131,-91,-66,18,12,57,2,-80,-22,-142,142,-115,-66,-66,-8,-129,12,135,44,46,-51,0,58,115,38,-10,-108,-57,-71,-1,132,-13,-1,61,-137,-75,142,149,-41,44,-171,89,91,-49,-13,86,-14,-36,-6,-36,55,-73,127,41
111,20,101,112,150,-8,178,-15,263,-19,174,205,-66,-89,-91,-118,104,32,67,90,-62,159,-52,39,97,193,50,112,-23,-15,11,209,121,73,34,95,157,1,32,141,-148,122,-28,39,136,16,62,43,89,-85,-138,74,81,44,96,141,19,-45,208,104,5,-27,141,22,102,-10,80,53,-37,-8,92,-53,5,-55,-51,-66,6,138,15,28,87,108,190,27,42,113,50,-51,-15,82,22,-156,135,135,-147,-23,128,196,218,302
-6,194,125,64,12,-20,95,101,97,39,30,79,52,10,17,23,113,-70,42,152,8,75,-187,24,-36,25,-3,-142,56,-43,98,48,94,79,2,141,-64,9,17,189,-30,15,83,86,-47,52,93,96,144,63,4,175,-44,111,-138,89,-92,-167,-26,-4,82,183,-117,68,159,-100,-4,10,-6,52,106,13,7,90,1,30,16,41,178,-116,-86,155,123,-60,-92,17,-128,61,-9,20,61,41,50,22,-71,-60,32,-20,151,63
155,8,98,23,17,-51,27,-87,39,1,53,207,164,-79,-108,52,174,-34,13,154,-61,108,-9,168,-2,79,286,117,30,6,-136,78,214,84,-66,74,28,35,37,137,21,-22,-161,54,-113,36,115,-108,65,91,166,101,37,-36,56,262,-49,-1,181,-54,75,63,-2,24,-114,-77,-109,-37,29,-46,47,64,112,26,75,-30,-7,69,155,27,51,80,131,4,68,50,147,-33,-40,3,-129,32,-18,-8,-41,108,110,65,73,-2
-46,9,61,-75,-3,85,43,69,44,38,5,63,-7,-7,-71,-96,23,48,103,92,-45,-42,-67,164,10,-32,106,95,79,-56,34,-52,110,144,-124,-29,22,23,105,-48,122,100,-100,-43,-57,-18,128,-5,141,60,-71,170,-14,8,49,72,25,44,-9,-79,63,-135,90,18,48,58,12,46,35,-32,-10,120,-52,-111,-38,-35,6,70,-18,9,120,-47,13,89,-47,90,165,109,71,-209,125,193,71,8,75,-44,21,-20,85,161
172,157,206,-133,19,138,-9,-123,220,-70,10,7,54,-93,44,45,86,84,39,18,9,-39,-150,-34,-42,-10,6,-37,120,-76,80,135,67,79,99,17,20,104,-116,68,-44,-127,83,145,3,-236,-18,-113,27,116,-5,-58,71,82,-18,188,0,-154,109,2,-55,116,-36,-11,84,-74,29,70,-41,78,-4,25,30,23,9,49,18,47,-157,-112,77,-16,240,-92,-73,42,-90,-20,-33,79,-61,-9,90,106,-103,11,74,-115,76,83
-91,31,76,-12,-34,145,41,23,27,36,-100,20,105,-34,44,-3,8,-31,78,-29,89,116,52,120,117,-56,168,54,-60,40,7,88,104,95,52,-146,51,-13,-45,44,88,-10,-15,-49,27,28,-1,82,68,113,51,113,37,71,139,-7,-14,54,102,112,148,79,-70,80,121,198,-52,-47,102,-27,12,7,151,32,71,87,5,-47,-63,-5,113,110,-81,95,148,36,71,107,68,-111,12,207,-44,246,88,-49,87,-4,160,-46
104,86,-137,42,75,50,-6,112,-25,2,-3,10,1,5,-81,-81,75,215,63,-19,-27,8,93,-154,-72,-57,-50,-60,49,86,24,-58,-95,12,86,-8,4,-115,41,-42,27,5,-33,0,-44,-12,118,9,-138,-99,-7,19,21,-3,23,10,101,-38,134,44,-1,113,-20,66,13,-63,125,58,107,57,-85,-136,-22,-55,-137,0,-11,160,62,-72,12,-43,55,-68,-32,21,-88,31,55,31,7,18,-31,61,-132,12,87,16,-49,47
100,52,-34,-43,123,-120,55,-36,-4,-162,-20,29,19,76,20,-5,67,-64,35,53,-37,72,-26,-24,42,55,-16,73,-34,122,138,97,-49,-71,76,24,27,107,-86,35,-67,-100,-11,-48,35,92,-34,90,72,78,82,29,-166,8,182,139,32,-64,164,93,115,19,8,-68,139,67,-24,58,-48,-184,56,76,79,189,185,83,90,-47,10,134,64,-11,-2,80,-47,-91,45,-136,99,122,-51,100,140,8,18,17,135,47,99,121
-112,77,-43,112,46,85,76,16,-96,96,70,-5,-66,21,-20,-50,42,81,-33,-21,8,287,27,138,-34,148,111,23,26,-38,-63,138,58,-65,-25,-52,31,-21,-46,11,-98,-10,15,23,5,105,113,35,-24,14,143,11,43,-84,70,41,55,-31,50,138,93,-17,-72,-14,-10,-91,106,-107,72,-42,66,14,6,81,-55,67,16,81,226,-16,-48,-39,178,-60,160,151,-83,-122,104,61,29,279,-59,47,36,-41,228,204,140,140
123,43,130,69,159,-96,80,-66,168,47,184,146,104,68,-28,-2,47,-116,-78,178,2,32,37,91,52,111,-74,14,-21,-5,89,128,33,82,-18,-1,-39,90,10,140,84,100,9,68,-12,-9,-2,-62,134,8,96,21,137,6,-26,4,-6,-37,102,94,-2,52,41,40,8,13,72,82,20,-49,29,-57,114,101,-91,136,18,-27,107,39,109,83,12,-11,5,118,92,15,64,136,14,94,159,223,-58,13,119,2,107,60
