-4,-33,39,17,22,-23,-14,-6,-40,-4,-23,-48,-27,-17,9,-22,-51,-16,27,-23
-49,11,61,84,21,77,10,-1,21,-23,-4,60,38,-41,26,48,-7,35,59,12
-47,47,-96,-26,2,17,-87,50,11,-1,45,33,-46,-88,29,0,-9,-45,-20,75
-1,28,-16,-26,0,-6,35,-40,-3,-14,-7,-32,25,17,-34,2,23,24,-10,19
-18,12,58,-14,0,60,-18,32,-28,-66,-5,-3,-67,-41,35,18,-42,-25,10,35
-11,-43,78,11,-8,-3,17,48,9,-36,-3,-21,-41,-26,16,-26,54,75,-34,23
-107,-15,37,81,26,38,-9,18,-2,-5,37,-22,-8,-24,39,27,60,76,-28,21
-10,-36,-12,22,16,7,-24,-16,-7,25,7,23,-30,40,-21,-17,10,64,72,0
20,-8,2,40,39,9,33,-9,-18,23,-14,3,60,-2,-18,8,19,70,7,-25
12,-23,-30,7,18,30,4,-16,57,14,-64,98,-14,59,16,-41,55,45,-24,12
-69,-23,-62,-22,82,-22,-81,25,-7,92,64,-88,-54,-24,37,-13,-12,-29,9,54
18,38,11,82,-50,64,18,-60,7,-15,13,50,32,58,-21,103,-55,-50,-19,-72
-15,34,5,28,29,27,8,58,7,-10,-43,46,-32,-19,59,-40,39,-51,-2,14
36,-59,-22,-7,7,4,-18,-42,64,40,-65,109,33,8,9,-33,11,42,35,14
-48,2,2,43,36,20,-26,8,37,-21,81,-50,19,-41,39,69,-11,35,-30,-12
7,34,-33,1,2,-8,-52,67,-14,33,49,3,-67,-8,-24,11,-44,-31,54,20
53,70,7,11,-28,30,60,6,48,-50,35,42,72,-2,-13,51,-35,-16,-39,-27
8,-16,24,-2,-11,-5,102,-9,38,-41,25,-12,39,7,29,8,51,5,-62,-8
19,28,8,1,5,1,165,-39,-41,-16,-35,-28,85,47,-20,-16,88,12,3,-41
-61,3,50,-24,-14,11,2,-4,15,-36,-37,-21,-12,-28,87,17,-22,-56,10,-13
