55,-33,-6,5,45,51,-85,39,98,1,-6,-27,-48,-48,19,73,64,28,51,14,55,30,41,48,12,92,-29,-7,43,-25,-57,-22,-101,139,28,52,43,23,24,35,28,-59,117,16,24,-5,-65,-24
30,66,30,16,56,30,89,-81,135,63,145,48,-36,88,42,25,91,34,34,78,74,-52,-3,3,-13,-29,0,12,16,99,28,22,108,-23,24,-73,37,-91,-11,-10,94,29,68,116,11,-74,111,13
19,91,-27,-4,-2,5,-22,8,50,3,-28,22,-49,81,61,-1,4,19,44,-11,117,29,-26,63,33,86,42,53,13,77,-40,148,54,54,0,-28,120,122,-54,-102,-15,23,61,2,51,51,34,19
38,-65,27,68,-51,33,-114,55,-27,-14,-2,16,34,118,67,127,5,-103,83,-49,56,92,40,30,-6,-41,-29,-44,2,-47,9,-42,-6,-36,-25,-40,43,62,55,-3,207,-45,35,34,52,10,47,57
-68,17,87,36,103,69,98,34,98,-43,111,51,33,-113,-64,-41,99,108,77,32,-40,-75,127,29,-13,103,27,-14,222,-65,19,79,-71,41,-44,-5,-23,-82,26,72,7,2,-22,-45,7,-12,44,27
66,-62,-31,76,-30,20,-77,34,-53,12,-167,-10,-42,-28,111,2,-83,-36,-8,85,-21,46,-54,-103,-62,-1,-115,49,-106,83,-50,-67,49,-11,-50,0,26,84,113,-45,-11,-35,24,66,-25,-27,-8,-24
28,59,9,-118,51,-85,65,-18,-12,140,15,-69,17,-33,11,-11,-111,132,23,36,17,-160,57,62,-18,59,33,29,-5,23,13,100,-64,80,110,-59,-12,58,-29,-43,-76,-46,-4,7,-54,34,-74,-37
4,46,-1,2,96,71,-29,17,-68,40,31,-56,95,149,25,101,-66,3,104,-88,54,60,-4,13,-63,-149,-22,76,33,-11,-43,116,26,-44,-39,80,-10,40,-39,-65,100,-42,58,35,77,-19,-72,-98
57,67,23,-34,-72,-16,51,17,56,94,-88,-20,-68,11,68,39,-34,17,2,60,146,40,-38,0,-95,19,-43,-59,-86,49,-103,8,43,-37,28,-19,31,25,24,13,0,2,-8,56,37,-64,-16,-6
150,60,-60,25,85,49,35,33,-8,-14,-42,176,84,-78,-85,-17,74,-53,113,-33,35,86,-42,10,75,-94,-78,-102,-57,73,122,3,37,34,-4,-37,93,-17,-83,8,138,-57,2,6,61,36,-28,-47
39,38,42,53,-25,27,2,40,25,63,48,-37,95,36,-17,40,-68,13,66,-31,91,33,24,8,-15,7,-14,-7,56,23,84,71,67,-22,45,-39,16,-36,7,-90,88,81,38,-49,114,28,-12,55
8,-58,97,-69,24,87,-2,35,-11,-17,92,46,-121,115,-12,-10,49,26,67,24,40,-51,83,87,-9,53,-27,-25,47,-34,6,-77,-13,50,10,-94,0,-12,69,30,121,12,-4,-18,1,0,170,-123
15,11,5,52,93,8,104,-34,-19,-8,23,-42,31,31,25,-17,93,46,6,106,14,-78,-7,87,21,21,-40,-13,117,52,-76,72,71,-108,-45,-51,-6,21,45,46,-61,18,-28,30,8,41,6,33
10,-69,-85,38,-91,40,-88,-23,-58,-4,-29,74,-27,62,38,59,60,34,-37,63,24,30,-1,-22,-18,57,-55,-28,-116,-44,-121,-90,-52,14,3,-1,8,56,21,50,62,80,-20,17,-124,-108,32,-9
-75,-18,8,16,90,47,23,19,23,-6,22,18,75,12,-31,117,-50,-45,49,-80,-54,-13,71,20,29,13,-44,-85,90,47,99,94,0,-7,19,-93,26,-17,29,110,75,-10,-51,-31,8,43,61,3
-49,94,-95,32,10,47,43,43,87,0,65,-84,74,52,10,-52,-20,-82,70,32,41,-16,-36,-5,-66,17,42,19,64,-13,-125,113,-73,-73,8,-77,-65,28,-52,-40,-33,-56,-74,45,-36,-30,-75,-25
79,-83,38,60,6,56,25,-29,4,-17,20,64,1,-17,-17,107,17,36,21,8,79,124,-26,19,-47,-75,-52,-5,44,85,33,10,-29,32,27,-8,24,-23,108,-16,66,-2,77,108,82,-19,61,36
21,11,49,78,-44,-4,77,-46,46,53,10,125,45,-147,-7,81,130,17,-24,-4,-79,22,30,-46,-57,95,-108,42,37,37,122,21,-13,103,-73,30,96,-64,46,20,-13,12,24,129,-11,-5,-24,53
70,-38,13,87,56,-70,-18,10,-24,37,-82,-3,-39,-41,-80,100,1,-31,-6,10,-12,21,28,13,38,-36,-35,-60,85,19,108,-69,39,38,-54,-42,130,8,85,-19,29,-33,-82,-26,95,-2,18,-8
-1,-25,95,12,-107,71,27,-45,110,45,62,-69,-106,-16,119,-52,195,-26,73,73,-21,-77,-101,88,55,37,16,68,-28,72,-117,-36,-61,28,-94,-28,-17,9,-19,128,-9,35,152,112,-32,75,61,36
17,-44,14,84,38,38,-21,68,-16,-60,-48,162,39,-76,-34,103,63,-3,-25,-73,-18,-17,58,17,12,-37,-155,-5,114,-17,123,60,-19,73,-67,0,156,-29,102,23,56,-48,-35,-13,16,-9,106,11
-30,-23,-50,102,6,81,124,-24,97,-33,68,-15,37,-58,-6,-33,59,146,103,32,58,43,70,101,-117,107,15,86,67,56,27,142,-27,-64,-72,-3,35,-39,-61,28,-23,57,24,76,-93,-1,23,-28
-11,-7,-84,-30,-65,53,-37,-5,20,4,-2,74,-38,83,-14,49,94,-10,15,-46,96,99,-68,58,68,-59,44,-45,-56,-5,-121,-14,-65,-5,-13,-36,47,53,-3,57,104,1,19,15,24,4,-5,49
56,-70,7,53,-44,31,2,-12,-42,27,-28,57,-25,-31,-51,-16,64,-10,18,10,-59,-69,-15,-48,-65,110,-22,32,-52,97,82,-31,-91,73,33,-1,2,32,88,-83,-53,31,-1,-8,-121,-1,17,-100
53,15,-46,4,-71,27,48,-66,47,28,81,-25,-87,17,90,-19,19,40,5,-84,12,55,-39,-13,-12,-61,39,14,-2,43,114,-24,-33,8,33,89,115,44,-119,-39,33,-6,32,92,0,-15,-55,9
79,-39,-22,87,38,29,79,-59,107,105,52,101,-55,-172,-35,-39,-54,42,104,137,89,42,-69,44,-33,19,-113,-2,10,86,92,103,103,55,-12,-66,-5,-8,16,-108,77,15,-6,39,-120,30,-15,-30
37,-2,-1,47,37,33,-134,15,45,42,77,24,-33,98,19,76,-76,-48,88,-6,-45,26,62,44,2,5,5,26,-17,62,25,71,57,64,0,-98,47,-2,14,0,74,42,1,0,71,16,65,-7
92,5,-35,40,82,-46,81,-107,55,0,-6,-13,-42,57,88,-1,58,109,44,156,143,20,58,-6,-42,85,-57,67,47,87,-34,-7,49,-74,39,-20,-37,-41,-50,-117,-50,48,65,44,-118,-132,-44,-62
66,-8,2,38,-82,-2,-8,-105,7,-56,59,-55,45,36,-14,103,128,33,47,22,79,9,79,25,-90,60,-16,57,20,46,-29,-54,4,-80,13,-73,23,-17,-31,141,13,49,55,57,3,32,57,43
-21,-7,-32,152,97,112,57,99,-1,31,2,90,57,-3,-56,-73,80,-80,83,-14,-111,2,14,-21,102,4,53,-70,108,31,73,-15,29,10,-16,4,5,-88,51,-23,110,48,-16,2,41,58,-43,5
-38,-79,79,74,-34,48,33,110,30,26,-4,38,108,71,70,25,34,-178,1,-9,-23,-43,12,40,93,-117,-32,-26,-46,98,144,-101,119,-70,-113,-45,110,-14,43,53,112,20,43,61,36,70,130,116
73,15,33,35,-67,-5,47,-12,48,-32,33,102,7,-60,87,-77,78,-44,68,18,-2,38,-126,36,15,-106,-152,-15,-29,1,52,44,179,-3,-89,67,43,-16,-66,-48,0,76,31,30,2,-9,9,40
84,-92,-28,74,-98,-55,-19,-55,123,107,1,-35,-119,-103,-18,16,12,71,-29,54,11,39,62,65,17,31,-87,1,-27,10,99,-98,138,92,-69,-62,63,-9,7,-57,0,20,-10,-6,-21,-40,20,148
92,-17,-111,17,-39,7,30,-32,39,89,1,52,4,0,25,-7,20,56,21,112,50,-53,-54,105,53,-14,18,-16,-19,11,25,33,66,-17,-9,-32,38,-79,99,6,-11,11,-17,17,-91,-14,-4,64
37,69,-84,-47,-61,-13,18,-90,0,13,-43,132,-39,-67,-69,87,34,66,-42,-67,22,117,-23,-102,-67,2,-47,-65,4,6,110,2,5,9,69,45,113,-57,-15,23,104,0,71,3,51,-62,66,-27
-51,-22,32,99,105,135,14,70,45,7,147,-65,9,105,39,39,-7,-53,34,-53,-7,-19,38,84,17,-93,11,116,188,34,122,52,22,33,-45,53,23,-18,-26,-92,14,13,82,106,53,80,19,-34
0,65,22,37,11,18,98,-51,51,9,45,9,-43,-22,6,5,38,93,-13,101,59,-61,16,76,-40,35,7,82,33,10,-27,103,117,80,13,1,-10,-109,60,13,-58,39,69,139,17,82,81,-8
-55,-3,-7,-39,47,5,18,-28,-76,-104,50,44,-15,-25,-47,-27,96,110,-110,-36,-51,-85,-92,-56,63,43,140,50,79,-35,55,-10,-26,63,-38,-31,7,-3,18,30,29,55,16,-43,9,68,143,28
118,-26,-17,80,62,-7,30,-108,-33,10,-18,-75,71,-59,-60,33,61,92,41,70,28,-46,-34,-43,-58,-92,-10,63,3,63,21,4,0,-91,-19,-1,-74,-100,7,-3,-29,-26,107,10,21,-33,-18,-8
-57,9,28,19,42,194,115,57,-6,51,89,-89,21,6,66,-111,-81,78,36,-30,-23,-62,-11,-17,17,-67,-15,129,86,30,15,120,49,-41,-75,-18,-69,18,-78,-84,15,59,20,24,-27,116,32,-27
-107,68,-12,-9,-42,55,9,20,37,63,77,92,-2,-47,10,9,4,43,34,-54,-68,92,-18,14,-49,8,8,-61,84,-28,38,73,38,69,32,83,-4,35,-19,67,92,-13,35,31,36,7,7,50
-51,-19,-44,114,-22,135,81,22,49,74,54,7,-16,-29,104,-34,-2,120,50,-25,-24,77,-29,88,12,-33,49,110,83,48,100,99,0,74,-96,50,129,37,31,28,106,75,71,125,8,123,7,103
137,-78,-20,74,-22,115,-10,14,14,6,79,1,-44,27,50,-4,-6,66,112,43,100,79,14,68,-61,97,-71,-14,55,56,35,19,118,15,20,-26,-81,16,-45,-38,89,188,26,23,-48,41,19,-31
-93,-86,83,16,70,7,34,-3,104,76,76,-50,2,-51,69,-64,-73,29,17,42,75,13,-99,67,-93,18,-53,124,98,14,-42,64,76,-60,-12,-15,-38,71,68,9,-70,23,-16,102,-45,-24,-59,10
8,35,-30,44,-51,45,31,187,109,27,33,14,97,65,77,63,73,-102,63,163,118,-1,99,80,-22,143,-19,-86,33,5,-71,23,17,-6,-34,-19,-24,7,77,27,75,-17,57,78,3,22,64,32
15,27,17,41,24,9,77,-29,128,39,0,-28,-52,-87,4,59,92,104,86,-4,69,-24,14,126,-58,-58,-58,-6,72,0,-39,33,-26,6,-72,-69,78,-39,68,75,40,-62,-9,74,58,-31,35,52
-95,-127,98,40,53,73,-2,12,-78,29,-16,65,3,19,84,-12,-1,68,-88,-63,-76,21,-32,-44,39,32,0,140,48,93,-8,-29,13,-5,-39,-27,97,89,86,-47,39,84,27,-1,-25,3,71,51
72,149,-41,-32,42,75,118,-60,-13,44,47,58,-73,-44,-80,24,10,99,-35,12,-30,-19,29,-167,11,62,8,3,35,40,68,71,-10,107,26,32,111,-49,-74,-8,82,37,36,-5,76,-48,93,-85
