46,-161,148,102,65,187,19,51,100,-4,9,-63,38,187,82,79,92,28,-8,109,145,-151,84,13,74,143,-31,14,-12,-26,166,-5,13,31,108,104,-66,-50,22,115,110,-12,59,50,-105,84,179,20,-50,96,53,24,-27,5,-16,25,121,-5,67,61,185,112,-67,-15,-20,-32,-124,201,-22,-63,46,-161,58,-32,-98,125,92,49,-1,35,-48,61,-97,18,75,138,-85,35,-69,-86,156,-3,20,46,81,99
-17,-51,40,-6,-23,-53,94,68,39,-7,19,69,156,114,112,35,31,-172,-30,98,22,-75,82,120,119,-42,-27,74,35,123,-3,59,68,41,-120,194,56,173,83,28,-112,91,-75,-97,6,87,26,-31,-5,71,-106,37,-25,-7,44,32,-72,36,9,-2,-82,37,-81,-28,20,-61,78,-1,18,-154,45,97,1,7,77,-7,-73,-106,-9,-8,29,-26,102,1,-2,-63,147,120,143,-48,119,19,68,11,5,-50
195,-88,-39,118,60,40,68,-39,66,37,19,7,61,-60,19,68,101,18,16,69,-14,88,-15,20,204,132,-37,-8,47,70,69,17,-55,38,26,-37,-83,-135,58,180,132,-10,141,68,66,23,65,20,-9,13,76,-28,-117,16,26,141,112,-113,132,162,132,147,28,36,138,73,-6,158,23,23,84,-45,90,-34,-126,37,12,-131,217,28,126,23,-29,-59,-103,12,-16,54,-3,-37,37,20,-135,36,62,13
37,19,-36,-16,23,-26,31,54,-110,-37,39,-116,-76,21,98,77,-9,153,173,108,193,4,104,194,77,102,-62,-20,95,-3,-1,88,60,-32,168,105,13,-108,105,128,100,69,74,-7,100,-109,5,90,33,-36,119,52,-14,78,52,-58,35,15,35,4,-52,-5,43,-103,66,-56,75,166,65,87,233,214,202,27,-3,-48,43,-3,75,-41,-14,115,-7,-1,-43,-11,89,137,104,129,-33,173,72,43,-81,-127
79,-70,-14,-24,-52,186,117,-125,79,79,-60,-71,-172,155,-203,0,80,-57,29,-18,20,-107,-44,12,-43,-31,-49,-68,-9,-51,-78,130,104,109,108,72,114,-83,25,-221,-93,134,138,52,206,-144,-17,56,-18,12,32,91,121,128,189,-190,62,-104,142,164,26,-140,-54,54,16,-7,23,-7,-37,-70,-81,154,243,160,6,-28,83,132,24,128,-110,168,90,167,-17,-23,-86,-75,-4,56,24,213,-146,85,108,-78
117,41,31,11,79,-126,64,-26,106,277,14,-63,3,-50,-50,-40,81,22,40,3,133,64,13,123,237,29,-28,-132,-34,112,-33,-41,27,60,33,-68,126,-31,23,52,-123,-8,72,83,14,-22,-60,-16,81,64,160,201,-73,115,-56,-38,23,-35,126,201,-130,-149,58,2,139,-41,30,22,-115,-49,40,75,111,-76,-146,-136,-40,21,80,60,14,11,-36,-122,-70,-93,-164,10,24,-123,43,-48,-25,-42,51,-22
73,123,-23,168,-65,-26,65,-11,-42,-39,17,-57,-4,-11,-131,56,119,217,-47,17,56,174,87,104,5,-2,-49,18,118,122,-27,88,158,-89,4,1,48,51,31,150,-7,-105,189,151,-89,42,34,8,120,-13,124,24,-13,-3,-9,13,108,112,28,103,129,116,121,16,-124,-123,85,-47,-1,-70,-22,66,53,10,-31,47,54,100,20,126,80,118,-21,-1,-73,58,-86,53,7,63,-31,6,135,54,-40,50
137,61,41,-9,28,69,58,-76,-41,55,-50,-57,-49,30,-31,82,-272,-131,46,-64,23,50,16,39,-18,7,-71,-4,31,105,5,141,37,-11,120,117,-63,4,47,-7,180,33,81,-3,77,-74,-7,5,91,-39,-83,112,-183,-112,68,33,-18,-186,52,162,9,29,-10,-239,68,-159,79,159,81,-98,76,60,249,26,185,-26,-11,-50,19,72,72,-83,-45,132,12,109,328,151,130,32,167,11,-124,58,5,23
-131,-125,17,-66,13,115,60,-14,84,-22,-34,168,5,71,-96,-30,97,-133,34,-72,-134,-25,186,108,-47,10,2,17,-52,-4,19,141,22,69,-137,-61,-76,30,84,23,-19,111,75,77,2,158,28,18,25,-31,-51,-102,15,-31,-63,25,18,4,-134,18,22,-15,74,149,-40,1,169,64,-85,60,29,-37,-22,199,19,87,89,-99,63,53,41,126,30,-70,-50,75,-171,-9,-5,50,-96,16,0,-32,-17,109
222,20,91,12,9,-155,49,-100,37,91,-19,-51,-56,-24,-10,-84,13,-88,105,-16,51,-94,-17,83,147,39,14,62,-49,63,48,-15,107,18,116,88,188,130,-32,-78,56,2,-92,-101,44,-77,-130,-41,62,-54,-128,89,78,30,55,9,-21,83,84,2,-85,9,-51,-11,49,-132,-20,37,39,29,6,151,67,35,60,-38,-9,-103,-24,53,56,-106,245,6,144,-6,52,82,-91,43,95,54,-20,-45,-43,-104
111,4,89,56,-36,105,46,0,196,184,124,-22,152,-81,-66,175,66,10,37,89,80,39,38,-25,22,-6,100,43,51,70,-12,160,207,74,252,11,-116,-20,28,123,-7,84,32,66,-24,-40,70,81,116,91,181,-37,123,13,-13,209,38,-11,40,61,-27,-67,25,67,30,-123,14,181,46,-55,23,-62,57,-11,-70,-76,130,-30,103,179,83,-66,-51,-6,-20,-15,18,48,-44,-7,100,-25,26,55,-141,-24
5,9,11,105,79,48,106,207,170,91,43,-90,40,-92,80,32,3,35,5,177,-1,-3,-53,40,58,58,-84,18,-25,-24,138,-54,240,130,176,-12,15,120,-78,-15,5,134,111,46,-24,75,-40,-23,-75,39,76,96,-45,63,165,-80,150,12,69,42,67,-61,-67,-130,11,24,54,-36,63,10,-26,133,94,-101,-115,-65,-37,171,56,-54,70,43,-81,11,-70,73,-71,-21,42,30,68,-167,21,132,74,-112
-62,121,78,97,-20,19,10,18,271,-197,-87,24,38,23,-27,39,-53,-20,12,-152,-27,19,6,102,16,1,51,48,-20,176,-5,-114,59,-5,-155,98,64,-37,-44,-148,-62,14,121,9,63,23,57,-38,-106,-32,-37,-36,-185,158,-101,-3,80,-17,-91,-68,225,27,-36,37,-198,136,-103,-12,-37,164,-9,18,-130,-53,-16,-141,-54,56,-93,-16,93,61,150,115,-139,218,156,192,57,9,3,8,-34,88,151,13
-19,16,-138,44,22,48,-97,-15,-29,157,160,35,129,-22,90,106,-58,108,-134,10,13,223,149,38,-67,46,179,78,27,-103,111,105,-20,-9,14,-57,118,-42,-69,-92,162,-133,-7,-12,64,69,47,19,64,-151,-22,66,96,120,10,-58,100,114,-54,-29,73,-32,205,15,48,201,-16,211,88,100,217,85,-24,48,-126,-140,-68,43,-12,110,32,-75,-170,-170,23,91,-35,235,-24,127,-39,32,-37,175,-126,29
-51,-68,78,-20,73,55,-9,169,-64,-62,-104,-69,109,-98,-99,-18,44,46,60,-77,-27,-8,100,44,-76,-52,37,-47,-112,-12,67,119,53,-52,-79,-78,-30,-52,87,-52,-125,-19,39,-18,-19,-12,120,108,-77,64,39,-33,-147,-121,-8,78,75,-80,37,153,220,89,64,-98,-42,-86,135,-145,80,-83,146,86,34,178,16,61,43,-7,-13,54,-58,26,-115,-47,16,10,-6,51,12,196,12,-7,-52,-28,-3,158
67,10,126,1,-19,27,-1,52,-16,141,106,-23,50,36,82,62,-17,151,-89,112,-66,-47,81,146,56,-10,5,-27,62,-59,100,71,194,39,74,108,19,-23,159,41,-29,2,-97,181,55,128,83,-12,87,-87,-9,111,-165,76,-8,-56,-65,72,-9,66,-144,-51,-107,77,151,-156,87,134,-3,-47,0,51,188,-70,8,109,11,-40,106,-33,12,89,-70,-14,25,-116,200,63,140,-175,115,-18,-19,82,-54,38
81,20,-67,192,-90,-199,161,-89,16,60,4,-18,135,2,23,-36,90,-15,-34,20,129,193,-75,100,-23,-4,-51,-4,-132,32,51,125,94,-50,10,-105,151,-4,-43,127,-2,21,104,-61,-70,161,21,22,-47,97,69,87,55,12,-47,32,97,46,18,94,-55,10,90,-8,-79,-60,154,-3,6,13,133,-23,-100,-14,-81,2,24,-119,144,160,261,-36,19,-157,-131,-78,-24,92,-158,133,72,-33,243,-40,-130,24
-53,56,42,64,-9,33,133,90,7,84,146,-19,154,-103,59,81,28,43,114,77,39,114,24,-12,53,45,-137,70,66,87,-103,9,90,120,-5,-39,58,30,-36,28,32,119,67,22,23,144,72,63,20,109,39,75,22,-10,46,-55,-59,38,64,99,-25,-42,55,105,146,12,-58,56,0,-54,106,-37,72,59,-47,26,-123,129,71,152,-7,78,-168,-12,67,-5,-36,17,118,15,69,-51,-91,230,-23,-75
187,-50,-76,28,89,-8,-42,15,-29,27,69,69,-14,-43,6,68,89,138,48,99,-237,59,-14,-9,33,-51,-85,-2,144,81,135,10,-103,187,96,-43,-103,62,69,147,85,15,8,54,72,-77,-35,63,43,-88,-40,-193,146,25,41,-6,12,49,21,-133,-55,50,-119,39,-49,73,1,125,8,-14,-57,10,85,-62,-35,196,45,19,137,-52,-66,-113,95,15,-32,11,-41,59,32,64,13,-2,48,44,-90,-146
-52,-29,9,-4,83,45,-108,134,-59,118,13,-125,34,-170,60,129,92,36,22,11,61,-28,13,-131,101,-68,-112,33,66,-112,172,-11,244,-84,38,39,129,58,-44,-44,4,89,78,33,-57,-13,26,-52,-25,23,137,-2,-159,52,129,129,-63,-102,-16,-58,-69,-33,-103,16,-78,-92,-88,48,66,-3,-9,155,91,113,-12,127,-91,48,-10,-12,-13,106,-75,45,83,-61,-51,63,76,64,-12,-104,6,78,-5,81
-38,-66,-10,3,46,45,-256,59,-194,12,-6,-122,-60,58,95,153,-85,133,-16,-173,90,-72,114,65,-25,-42,-6,-38,-124,-123,-161,-109,-109,67,-30,149,96,-96,-15,-315,37,-35,-126,-74,-65,-49,-35,76,17,-191,-54,-28,-29,-8,-40,-142,43,43,151,75,-65,-21,-68,-106,-2,43,2,35,116,-35,204,163,173,-17,-58,20,-60,-85,-103,-66,11,45,-130,-157,76,33,-194,33,-12,-46,62,10,62,37,18,-84
47,-8,59,51,68,16,13,88,-49,83,128,-42,71,26,-65,92,-61,90,-53,225,-29,242,56,63,-132,20,-92,-26,113,50,184,32,27,-34,-49,73,-55,69,75,4,117,-13,112,107,-101,29,-4,-7,17,-90,22,131,4,36,10,65,78,120,142,16,4,82,22,76,49,14,60,-8,-32,-49,20,-35,15,145,9,-8,42,55,-34,51,56,-18,-149,82,52,73,29,9,47,32,105,-158,83,60,-119,161
35,3,56,24,-74,17,26,-72,57,64,8,5,30,-89,-63,-80,83,75,140,51,125,-1,-102,98,-31,-64,-21,-13,22,-41,-113,-31,82,-10,12,9,114,-35,-76,-22,-8,-17,-83,-261,120,-69,30,-73,-112,121,43,73,-43,204,-7,-102,-71,-21,-29,171,11,-103,94,-74,-11,-7,-26,-18,-121,16,-26,124,-79,3,-29,-101,-43,128,83,108,-157,-20,18,34,4,-133,-34,20,-57,158,-59,8,-4,-77,49,2
28,162,119,174,-44,108,-13,250,143,34,45,142,108,-90,-21,86,-179,77,-8,75,58,169,124,129,53,102,102,101,23,164,58,-30,168,-58,-84,-22,-3,-3,32,2,-82,-86,55,127,3,138,150,1,-62,133,39,65,-162,62,-99,-50,49,-126,-26,121,114,14,94,15,47,-52,110,144,87,43,159,85,-66,-41,-64,50,-51,-35,65,-53,104,80,-137,8,-3,-15,164,32,42,-104,-35,-50,-63,-49,119,183
-180,43,162,-19,226,22,-24,128,-40,28,77,-52,51,46,3,3,-10,-8,119,-103,161,-86,95,7,5,151,-152,147,79,68,-8,56,34,-46,185,133,119,-67,16,-30,19,-19,66,-87,-5,8,147,195,23,-81,35,39,-72,-22,71,142,81,136,132,174,51,-23,216,-2,130,11,-21,134,94,-40,-36,5,51,14,-8,56,8,45,3,-30,111,75,15,-27,86,245,109,50,-168,-163,85,-59,60,73,49,49
25,224,-20,129,-16,3,120,13,-130,-43,51,60,-5,107,25,159,-57,73,-174,-71,29,-18,87,79,31,-15,-26,76,-11,223,121,116,36,106,-3,-30,128,-18,129,-48,14,249,137,8,19,-106,39,19,69,50,-58,163,-6,24,96,71,96,22,-49,116,-18,15,-16,-17,-71,-76,166,126,65,11,112,51,-58,43,-43,-53,38,10,48,0,176,62,125,60,-208,16,72,22,64,114,91,55,119,114,-28,-15
102,100,171,-62,127,47,102,21,100,147,133,5,18,9,-56,34,-95,80,202,34,108,-22,54,46,47,136,70,65,-9,-66,-6,281,73,62,182,112,166,-109,7,68,-98,-61,84,58,96,51,71,156,15,-40,134,209,-117,50,66,-26,106,18,-50,91,-8,-118,128,8,46,32,91,201,47,30,99,39,180,-17,41,18,160,-25,71,275,35,-22,-130,27,64,185,82,61,28,-177,86,137,30,157,81,-25
-5,135,183,-12,14,20,72,159,-116,44,48,-186,44,-52,37,-92,33,-123,88,-56,27,-22,-15,86,6,87,24,-29,-117,28,132,-51,28,9,155,116,-50,-19,-14,38,-182,74,105,-36,161,-7,-41,185,-87,8,171,61,-138,109,71,-79,39,-85,63,146,136,-22,62,48,4,68,15,121,18,88,-34,30,149,13,-36,-31,-53,-13,90,-41,92,41,-32,-69,55,51,62,-53,-97,129,55,28,-12,-12,37,7
79,29,10,29,-119,41,114,-25,-60,122,188,3,112,-7,14,89,-36,67,-23,-25,14,133,150,104,-3,40,49,-217,-23,60,-25,190,-33,-28,-35,-196,48,-150,71,-13,-109,122,125,85,-22,-31,93,39,-15,4,79,-35,17,73,72,77,23,102,132,-4,-46,-70,129,20,36,14,2,119,79,-17,108,-10,52,4,-39,21,103,-12,-44,-23,6,92,-132,-56,84,-97,111,-1,104,-147,119,112,167,31,-38,95
21,107,25,77,27,-31,74,107,38,124,8,-69,-148,-93,-38,-102,33,174,191,129,27,137,-85,83,102,-63,62,-102,214,-59,28,70,-4,51,180,104,93,62,83,128,-187,24,1,172,62,-167,-39,75,-22,10,77,99,145,145,137,112,17,133,7,137,-35,-74,18,138,121,15,-40,-79,-84,-106,-23,214,50,-103,-64,-38,83,62,30,1,-6,18,37,0,45,-48,-133,-75,24,-109,120,117,60,-9,25,13
71,-70,63,-63,-30,-19,38,73,-7,246,106,-81,9,51,-11,-21,-9,60,-20,100,57,172,104,117,-83,22,70,-153,65,-46,71,40,124,-60,134,52,110,-83,17,188,-116,-62,81,117,-27,42,-4,118,86,57,167,68,-15,57,-59,-38,52,98,30,-16,-83,105,81,-157,1,39,271,73,48,-109,-65,78,72,93,55,41,88,-35,29,21,32,-4,-83,-13,-58,19,222,30,128,62,119,155,-18,-24,46,111
82,-89,-34,-51,2,17,-18,-80,72,-106,21,-56,67,-16,23,-75,6,-50,99,-55,143,-51,-21,-91,-47,18,-42,-55,58,-108,89,39,9,-3,-75,67,-28,111,-49,58,-50,-77,19,17,-143,28,-181,-160,155,84,79,-42,57,-255,-86,-49,-12,-83,35,35,-124,-42,-75,78,75,-11,-90,-169,54,-33,-14,24,43,-95,-8,-7,-42,-57,-86,-15,-139,-87,-84,50,13,-131,-69,-179,173,-124,-38,-103,-34,21,-86,-22
228,71,-69,-37,53,66,58,-55,43,-17,182,22,-35,62,-30,-11,7,81,119,86,29,13,74,39,-134,132,-41,126,148,-63,166,129,52,47,153,174,32,-56,57,-15,12,51,147,-17,20,44,-9,-50,104,-80,70,132,117,204,32,-85,52,-55,-99,22,89,40,150,48,37,93,38,131,148,105,179,102,74,36,26,32,175,82,3,190,80,-52,118,200,-95,152,56,127,89,-75,61,156,-4,141,-86,-55
-38,-85,13,81,-77,134,-15,183,15,-13,102,18,-104,121,-90,24,-115,16,38,149,-31,219,242,126,47,200,56,-65,81,125,69,112,98,22,-26,-69,100,45,-33,-63,-66,37,41,275,64,-124,42,16,139,161,69,29,193,-46,-3,-176,154,-58,235,83,68,84,-111,49,139,-47,22,95,-91,-56,37,14,237,94,48,83,83,118,44,-45,-141,78,-92,206,119,116,113,-18,79,-64,201,242,36,151,129,151
-114,40,-6,-17,-14,23,21,65,23,34,167,14,-20,-17,99,6,-109,10,191,85,26,53,112,88,-17,74,84,-10,-46,-35,13,-10,44,49,-19,52,74,33,-108,-15,-97,-84,-25,32,-10,125,-59,-44,8,143,96,121,93,23,128,-22,64,-97,-86,50,29,18,57,23,105,-45,21,54,54,24,48,64,-50,-39,-30,-96,40,176,-131,-77,-11,-41,-44,248,0,53,1,29,30,-93,143,26,34,139,120,-106
79,126,142,-42,113,178,-74,-68,12,-6,-164,-13,-37,135,4,58,58,73,-90,-109,82,-108,246,-10,-12,20,22,74,107,83,17,-60,-163,-109,-20,69,47,-139,111,-90,-87,-24,120,-25,60,-123,262,35,5,-115,-105,-64,87,-1,-38,27,55,104,45,-99,-20,82,-9,-44,-106,-12,17,10,92,-81,38,77,177,-132,-70,112,215,133,-83,-141,30,-19,163,-188,162,89,109,31,-115,-13,-107,-47,20,60,49,82
-37,-17,98,-43,28,201,-138,81,-43,23,21,-30,19,37,95,-19,-158,-22,-78,-82,35,-195,180,-69,-65,47,37,47,-64,-4,200,7,22,81,308,37,79,11,104,52,-32,26,-50,-24,211,-60,59,96,98,58,-6,-53,46,122,-57,-67,7,-24,49,2,143,-43,-113,15,10,-69,24,262,104,94,3,19,241,19,-33,134,-41,101,15,112,60,100,92,84,60,14,102,59,-63,109,78,104,-36,138,61,-22
-30,111,-90,23,43,145,3,-4,10,83,35,-39,89,36,-11,236,-82,102,101,-24,106,77,49,114,63,-47,102,11,69,137,-133,106,22,-39,22,202,-1,-115,-90,-114,-129,-23,-46,-56,2,-42,-15,-74,110,-105,79,-21,-145,16,-78,-79,15,-33,66,-100,13,-105,56,63,-53,95,-45,145,15,-118,38,24,157,-134,-63,32,83,4,141,81,-24,7,38,-111,125,169,113,57,-13,-72,4,98,-8,51,26,115
124,-12,-3,92,91,-17,83,-30,78,-132,31,107,-23,-76,-12,87,33,84,65,44,49,-29,64,128,37,-19,83,-18,-103,60,-70,91,-119,122,-29,-18,-29,-113,-9,-37,81,94,69,92,15,-29,66,5,-117,-54,-63,95,32,24,113,98,182,115,24,9,-47,-8,-5,62,-35,144,113,34,83,-1,14,114,-13,6,-26,-58,131,-25,39,-111,35,33,-19,-109,-71,-20,-18,9,1,7,7,25,31,63,7,15
13,211,-85,124,-32,60,74,98,151,2,174,-56,11,-32,-60,32,38,28,124,17,17,40,135,140,-58,1,24,102,1,119,28,40,134,143,196,-56,66,29,-130,41,-237,34,120,88,-21,40,68,44,-14,-111,90,74,43,128,100,57,-1,53,33,163,22,-98,96,103,80,-40,-140,93,65,-26,-121,39,21,-90,-122,51,80,-83,116,19,124,-17,107,7,1,161,-5,-170,-123,-81,110,-152,18,71,-31,27
59,11,-3,38,33,205,55,-96,53,-48,8,-10,-80,55,75,8,-85,171,66,131,-47,-3,64,88,7,58,-46,41,175,-17,112,24,58,-28,3,70,-113,45,98,32,178,79,31,58,143,5,131,-11,148,-90,-60,-136,7,-24,-39,46,45,40,22,45,88,130,80,39,-40,-109,-31,38,15,45,92,70,78,-27,114,59,138,-10,122,-91,50,140,-25,-14,95,67,15,42,20,1,-56,36,-17,24,-80,-62
-39,57,13,76,-39,130,-49,-127,30,49,163,-24,-24,28,30,-10,-111,88,13,177,161,-24,-12,-3,-54,-3,40,11,132,28,31,-36,31,-30,84,102,47,-65,111,131,28,15,-3,32,-71,-54,56,9,139,86,7,2,-8,-2,-5,-99,-120,-39,45,108,-15,-42,55,117,53,97,-167,132,-21,7,-3,13,12,-136,-64,125,63,-8,101,141,56,81,-100,98,128,50,136,-14,61,-25,-5,-99,-93,85,-139,-1
88,91,79,61,-13,8,-112,-195,-28,-62,-20,-2,33,87,-11,19,-26,-28,-21,-73,87,153,28,-6,18,67,-14,3,11,-18,-182,-126,-80,-34,190,122,-53,-73,86,62,32,-52,-19,-13,88,-57,-51,132,66,-25,75,-96,32,-114,88,0,60,-175,149,186,-22,3,-78,-30,-45,-75,35,122,10,-43,75,-21,128,-109,44,87,-133,-60,83,152,114,-59,24,66,-31,144,-80,2,-94,105,62,-23,-49,-126,21,-130
150,-50,177,97,121,158,-33,71,90,126,142,-35,100,26,29,161,15,81,110,166,129,-52,1,94,40,21,-59,-173,36,23,175,185,79,50,25,48,60,27,99,12,91,3,14,73,33,-158,3,-14,151,113,151,62,40,-53,-7,49,75,-126,76,83,-30,-29,-31,72,30,-32,22,87,-19,31,66,74,189,65,-73,-11,143,0,118,-2,-1,4,-164,72,113,120,-35,-117,78,-76,75,91,10,14,-48,21
-25,-16,104,1,-22,-22,-68,103,-161,-82,42,52,48,0,-8,11,-63,20,-38,96,-50,32,139,-77,7,-53,-140,46,120,-123,81,119,131,-6,80,143,20,3,254,77,-50,23,-70,34,-17,23,59,-20,103,15,163,-171,93,-15,59,103,-147,-93,-1,5,-149,28,47,55,-173,-45,98,98,-11,-116,205,91,-5,173,86,47,-137,-49,-26,122,94,-21,-28,164,-48,-26,-34,5,143,-79,0,-33,11,-68,-244,68
-34,-112,-108,-90,83,185,-41,137,44,87,81,-40,34,151,-50,-34,30,-157,-124,8,-87,-42,96,186,-16,57,78,-78,-19,88,24,152,24,28,22,41,73,160,33,48,-95,108,-5,156,138,66,74,-34,89,8,140,19,46,119,47,95,-38,-19,22,-67,27,2,52,117,44,82,69,164,23,-77,83,40,-13,357,14,-7,-7,-59,-42,96,68,74,30,57,-79,130,26,-50,-43,16,166,129,23,85,42,171
147,13,47,59,-196,122,-24,24,-85,115,41,-118,16,58,63,-3,-25,136,59,53,203,-42,-55,71,72,8,-64,-101,87,28,132,120,95,105,35,81,11,-18,37,-120,-115,119,63,-95,103,-102,30,46,53,-83,2,14,-13,-5,-17,-137,73,14,12,-26,18,-50,-115,94,-26,129,-243,77,-89,88,-28,59,40,-37,64,149,51,-130,54,-3,-107,-34,-140,91,28,-12,71,19,63,159,28,91,-96,-52,-7,-170
-90,38,-191,76,-21,-2,157,-32,-26,-1,83,-39,14,-129,1,18,13,66,32,104,39,-9,-37,-89,-72,-3,-14,169,-58,-194,-20,128,169,16,83,146,110,-6,-117,-143,-71,128,7,11,-33,190,48,-14,43,75,170,-47,-20,-57,117,-74,-58,27,137,91,63,-18,-5,24,-38,19,-56,-98,163,52,112,107,36,60,77,177,41,-23,47,138,-39,31,-114,74,11,107,6,-28,94,16,69,-34,-17,133,-85,-198
71,-73,8,-111,-58,-85,-11,-71,49,69,70,44,103,68,105,-38,91,41,-64,19,87,78,114,-57,-72,-31,-30,65,-15,-75,-30,62,-24,-16,-20,163,120,-109,11,16,-31,-44,-58,-42,-13,97,95,42,-11,-88,47,113,43,129,-5,-8,-54,140,-123,-84,-215,54,-72,-77,-78,71,44,31,-95,-37,-53,24,-103,47,50,102,24,-34,-43,108,-14,-81,-9,-25,56,-124,199,36,8,-20,-18,1,240,150,3,118
12,24,204,25,-47,53,-18,50,63,94,11,114,-22,74,-166,-71,152,-133,-40,39,-101,178,-22,-66,-19,107,12,133,230,-42,56,23,157,7,46,11,63,93,48,45,-53,82,181,59,33,-138,106,211,2,7,17,14,44,11,0,89,67,-25,10,94,-40,40,51,173,-39,-13,27,84,-125,33,-173,-106,-91,100,143,-35,130,-1,76,-30,75,-68,91,148,99,36,36,-25,-92,-69,75,105,127,-73,9,207
-123,56,-64,36,-58,117,-20,-89,-49,-11,76,135,-84,41,9,114,125,101,77,47,-16,-29,23,11,69,-12,74,-161,67,19,107,84,-10,-28,75,-96,121,-306,-65,-135,-86,101,5,48,-52,42,-140,4,41,-20,167,19,26,163,-64,-116,97,0,4,-67,-45,-23,-65,198,-48,62,-30,51,-64,232,-42,71,13,-111,-160,56,119,-74,82,-23,-65,-58,5,17,-56,3,26,85,33,-26,-3,71,-31,12,-133,49
101,151,-96,205,-15,-41,146,-67,64,-43,86,45,-2,7,-79,150,36,90,-63,90,56,160,93,-98,-71,-25,91,80,11,-61,18,65,64,-70,-3,-157,-86,20,-254,46,95,-43,158,36,-66,-61,-53,10,11,113,55,-51,66,-48,72,-85,194,66,149,93,168,113,168,-70,-76,9,172,-134,41,-37,-99,17,58,-184,-12,-65,13,97,12,49,9,-22,-20,-81,-165,70,-71,-24,90,38,-158,-127,69,-103,181,41
124,-42,-33,-99,28,11,17,106,144,151,71,4,45,102,54,95,125,5,77,32,19,45,132,-127,201,112,-9,51,155,-39,7,-34,43,42,67,176,124,51,11,182,-67,23,138,131,-87,-17,41,64,112,182,67,87,-12,105,39,85,90,107,-8,37,150,178,-136,188,3,64,-28,68,-9,-67,-83,46,10,-51,-69,-74,83,12,48,8,105,-18,-35,-2,34,-60,6,46,169,-156,202,148,163,170,-25,-7
-4,-92,-24,11,3,43,-65,91,68,-53,-79,-39,79,-58,-35,-128,215,-148,174,11,191,-71,88,-19,-12,30,-171,66,12,-71,-10,55,131,109,268,77,10,-50,221,114,-115,94,76,-70,66,-141,86,181,-135,175,197,-28,191,142,7,-19,87,-215,180,43,16,68,16,-63,48,-118,103,91,116,2,165,97,58,111,-38,-25,-1,167,15,32,142,160,307,214,-103,-13,-115,79,-85,122,-19,56,11,13,-14,-11
80,-9,-48,-34,53,-29,55,78,43,30,-6,103,181,12,46,143,52,-3,-18,17,225,-55,-26,-159,217,48,26,129,37,-25,2,-32,89,35,79,27,14,34,-68,-16,74,17,24,-31,-39,48,105,-10,61,77,-2,-21,53,128,-24,51,150,60,-92,-97,23,89,2,17,-40,11,59,-80,18,92,59,0,-63,-4,88,-193,14,6,-18,110,91,-53,73,-55,-160,52,23,55,112,0,-6,-1,23,-31,107,-77
4,56,-12,130,-97,138,214,46,33,82,59,152,74,52,-1,95,-110,-21,-34,52,-98,192,149,2,-26,71,142,54,-21,82,-3,235,57,68,13,107,-145,1,-122,-23,145,5,88,-44,123,32,100,-166,-56,201,-80,88,48,94,85,87,195,66,-75,-13,188,58,124,107,-17,181,192,141,80,86,58,-146,1,-52,29,-183,150,116,116,-26,147,21,-3,-85,-123,64,49,-20,95,5,43,101,37,-62,93,171
14,-71,-122,33,6,67,145,55,72,-37,180,32,125,30,28,159,102,13,-44,74,-40,128,200,116,-54,141,16,44,-24,-82,-154,56,185,42,29,107,-49,42,35,4,13,121,91,26,28,138,99,-81,-4,100,55,3,-11,-56,158,109,133,129,41,172,107,117,145,-87,-46,186,169,51,45,-21,96,74,26,159,21,-118,-52,26,39,82,-5,85,-30,75,-75,7,-54,-13,169,175,112,122,60,190,68,-50
12,-44,-46,176,-57,29,146,5,-48,-36,-146,28,138,41,185,-21,-33,-101,-104,-21,22,-40,3,55,-34,59,-187,142,-134,97,117,111,2,133,-99,12,-31,121,19,46,23,5,131,-52,12,6,166,24,32,68,-83,-126,50,-144,-66,-78,108,-183,194,69,107,77,1,-93,-97,10,74,61,32,-118,121,102,55,-70,-139,156,-24,85,106,-147,102,249,8,-31,-1,-5,-58,-24,-102,-63,-126,-46,131,25,31,3
-140,35,9,21,-7,-50,-28,210,-107,-35,89,88,82,99,37,97,29,-26,-44,24,-90,50,-6,-40,-56,-44,94,31,127,65,68,121,75,70,175,-81,36,16,-105,27,146,-52,60,-154,-164,-84,-15,92,-28,-63,-106,22,-12,144,-10,12,40,196,106,-71,59,61,242,79,-42,145,70,-65,7,42,-4,101,-26,-31,-110,-112,71,-66,37,58,73,-49,229,-76,-66,97,70,89,-33,-30,17,-18,67,-5,18,100
-19,89,192,130,49,55,-37,246,36,27,189,47,-104,-59,-103,-90,-14,125,68,76,89,79,53,133,-4,-56,34,62,149,53,259,139,186,108,107,192,46,84,252,10,-64,-26,1,5,20,-119,41,150,96,46,105,141,-67,23,-57,-11,42,-20,18,169,63,101,-4,41,37,38,134,159,170,-43,245,40,-52,61,13,83,5,72,-25,-56,45,39,109,46,23,-16,52,133,5,48,127,26,11,64,-47,48
142,31,72,-51,85,-48,96,33,79,13,-62,34,-13,175,62,-53,-58,55,47,-12,36,-40,42,-1,152,58,-22,108,49,154,59,-90,-78,7,-39,24,55,140,-11,80,74,41,12,-54,187,-110,33,62,-81,166,-46,88,51,-62,-62,-76,130,49,90,-83,87,70,-35,4,-42,79,33,74,-88,4,16,-45,-41,-76,171,-41,41,14,17,-45,11,49,143,-156,-17,78,24,-27,-87,41,37,161,128,-37,172,-85
-88,-29,19,-79,118,200,-7,57,102,15,-16,-81,-178,30,-6,17,58,69,-54,155,-29,-57,90,59,47,102,11,4,105,-22,14,-107,125,-32,18,47,-5,65,201,128,73,30,100,123,45,29,71,139,-30,-6,51,116,7,48,-60,-77,-67,19,-18,12,-22,5,-189,-149,15,0,-47,154,76,-179,-59,-25,161,-1,-140,130,49,33,71,-137,-118,93,27,2,131,-2,58,128,51,75,44,31,32,93,-61,-122
-22,-67,2,-20,50,74,-10,47,78,-54,38,38,87,-76,73,80,31,5,-86,67,-110,122,29,34,45,118,73,24,69,-19,-2,-103,-18,-99,30,43,-34,-20,-101,44,156,-94,-89,142,30,132,17,10,46,36,48,-161,-52,-18,-47,-19,23,56,-7,-106,153,182,-11,-129,-72,137,-14,-68,12,64,45,17,29,21,-4,7,-59,84,-29,-3,-1,38,-193,-88,66,187,90,133,115,-3,47,-31,-91,73,55,-9
6,6,-114,-14,23,-41,3,110,-6,-71,30,-63,-174,-51,49,-104,-10,-76,6,142,69,-146,-104,63,8,39,101,23,-60,-208,63,11,-28,151,-71,-9,10,65,72,-76,-55,112,-141,-144,73,-129,-89,-39,-55,-114,-90,-31,51,104,-50,-21,-103,137,46,80,-116,49,22,-83,-129,162,7,-96,-25,110,104,73,-95,136,39,-115,10,-77,-2,-116,-96,50,175,-1,-103,-7,8,-73,-59,101,-119,-62,111,-116,26,-63
-15,-53,42,62,132,-3,45,127,167,-23,128,57,106,-127,23,44,26,-24,-80,32,57,31,45,-49,123,-96,12,43,77,53,217,62,87,-35,-57,-159,60,102,23,138,118,33,131,-67,-99,128,-54,-12,-102,-4,207,147,-174,124,-34,154,-79,101,25,-83,-51,48,148,98,-19,27,-1,169,107,-71,2,-128,-104,22,-71,-174,-12,-21,-56,-79,8,-45,-44,-37,-52,18,63,221,-44,-225,57,-180,12,114,-49,94
104,177,195,85,12,-24,-15,-5,149,193,7,-80,125,-78,118,118,50,59,4,50,-2,33,-20,86,105,152,-28,-21,-18,139,90,-90,251,129,129,7,26,144,52,93,-34,81,42,34,16,32,-30,22,-90,-55,97,32,-189,7,-50,1,173,-58,46,76,117,-39,35,11,-16,-45,34,62,-19,128,47,-15,-21,-81,-41,19,-109,-67,62,-7,92,-21,26,-89,-32,158,-61,58,47,10,163,-112,-13,-129,25,-39
173,11,124,-12,-4,70,-42,26,76,115,193,-37,52,-21,68,90,-14,30,-12,173,-50,9,15,10,44,7,10,-136,-91,68,19,-60,84,40,-67,-37,-59,33,165,128,-22,-20,-65,12,-21,38,-73,57,-53,25,-10,89,-9,28,184,21,-36,-5,-63,-93,129,-36,-39,59,133,88,90,141,-60,-36,-123,-40,1,-21,29,-182,35,54,42,57,47,-127,-83,2,-24,-18,-46,76,-24,-36,100,50,-5,72,-32,-84
145,46,-73,-101,36,82,-5,150,-76,55,132,108,54,104,37,35,39,79,-25,11,105,-12,160,-12,4,103,88,-8,51,107,-41,36,-94,72,36,-134,52,-77,-63,-23,-109,132,130,20,-110,5,-18,127,132,157,16,27,176,42,36,-1,3,114,57,-46,55,142,62,182,23,63,13,181,201,15,87,15,24,96,-47,21,146,42,107,44,56,-151,-55,43,-59,-8,138,29,39,-10,182,172,26,74,-79,40
36,36,-11,-74,59,-51,57,26,-25,128,95,-116,-55,105,88,5,-8,82,-113,122,-40,55,75,-69,-166,-79,35,102,33,-115,203,46,-7,5,101,-17,-56,-69,16,129,95,1,98,-7,4,-240,18,-5,38,-135,-10,4,-39,27,33,28,-34,51,93,108,59,70,145,-13,34,-53,48,43,-32,-23,-87,12,148,-116,103,81,-12,-92,22,44,96,-37,38,4,-70,160,114,-101,-2,-43,22,-61,90,-91,58,70
-27,-122,-128,21,38,154,24,32,-164,71,-90,90,3,-54,66,-38,5,60,23,84,-9,-50,10,56,85,-79,-13,20,74,-34,19,162,-69,119,106,-70,-57,-54,32,-85,-13,109,-59,14,149,-56,117,108,-9,5,-78,-34,26,-19,83,40,-109,133,229,-17,35,51,201,79,-47,105,-176,18,41,6,129,30,-40,77,-39,-10,-1,38,121,-90,-2,62,-33,-114,-40,-27,-119,26,71,-42,3,141,-81,0,-27,-52
65,29,-76,-93,-25,-114,116,0,48,27,14,-23,44,194,52,-56,73,0,-62,17,60,-59,-10,138,45,182,-85,24,-125,100,81,-116,-2,90,-57,20,80,1,0,-91,-185,49,34,23,-59,-80,68,-90,-25,16,-3,14,66,38,0,-65,134,46,68,24,4,5,-9,-11,9,23,-39,-111,-77,-78,47,144,-150,27,51,-45,36,67,-39,-25,31,3,70,-8,87,-158,40,-76,-37,-8,75,-74,158,14,20,79
91,-44,-114,3,-53,213,-8,-67,60,141,-12,-119,62,37,-9,33,29,-23,13,127,55,86,111,-53,60,178,151,7,211,-197,122,-54,103,-161,27,14,85,-90,53,61,-16,45,-1,-96,43,13,211,186,4,32,80,-9,-28,67,-41,-78,1,127,125,-54,-75,3,104,-7,54,-20,-4,24,22,65,129,20,47,-135,69,-21,186,-59,40,78,-56,-54,66,-32,81,-13,48,185,-88,3,-77,67,92,43,-74,114
-75,86,-34,25,-159,-65,212,-54,63,-74,221,-61,10,86,-156,1,-26,125,92,-90,-63,29,128,-20,-131,-19,-18,-59,-11,-23,97,77,50,216,-43,44,53,-73,24,59,-48,12,107,11,-115,53,18,-105,148,-37,63,13,-119,-45,-55,21,43,63,-122,148,15,34,-11,77,51,51,-20,-132,56,-76,-76,-173,-80,51,-1,-53,30,48,78,140,130,26,49,121,-91,29,7,-46,149,-25,79,-21,159,87,-90,73
49,-14,68,80,175,55,90,165,7,37,55,-63,28,-82,-111,32,66,5,1,-76,-93,111,132,-44,-9,161,-21,37,45,9,126,123,34,16,34,54,114,148,-104,75,210,24,110,47,117,-7,44,15,-15,143,59,51,-29,-44,29,125,147,17,-1,28,129,70,30,48,52,126,93,114,310,-16,182,15,36,104,-48,10,-89,36,-18,-10,116,3,-46,-118,22,57,-81,57,82,-35,180,104,162,115,77,120
195,-46,-60,97,42,108,-20,143,-50,36,82,100,138,63,108,90,37,-11,-136,147,79,131,70,143,-4,-44,-12,-92,13,30,170,110,-9,-149,158,-175,-2,-89,176,4,109,171,92,15,-18,16,-99,71,-9,12,45,34,58,123,42,-31,177,-5,68,-174,117,161,74,-58,-62,31,241,172,84,18,31,-24,87,-17,28,-100,85,-19,-14,-107,116,33,-111,-55,-10,-24,105,85,-10,166,58,42,-80,-17,-48,6
228,1,-101,78,-35,224,163,-146,198,48,47,55,-99,7,81,208,-76,34,-62,49,65,-69,99,-189,65,18,176,78,-4,-121,85,59,71,66,-12,-62,9,-10,113,30,54,13,59,-58,96,82,-46,2,32,27,90,-67,-4,-77,-23,87,-34,-13,82,132,-2,134,110,-8,-96,-93,95,234,54,-26,97,12,-33,90,4,71,31,-205,192,56,-97,-25,142,71,-45,19,181,26,-110,5,51,129,-171,33,-18,-34
146,30,78,-23,-167,-64,62,8,-13,93,-15,-137,138,94,31,172,38,99,-35,-93,-35,-65,151,53,77,93,-85,31,13,93,-12,51,225,104,94,34,38,-85,108,19,-55,77,35,-2,26,68,35,29,-75,-44,101,-62,42,-49,61,71,164,99,85,-27,-43,-116,35,99,7,-37,31,95,-121,-34,48,136,-4,-31,118,-107,6,-24,5,62,117,13,4,18,-78,-161,-50,104,-29,5,61,16,111,144,-100,66
55,54,15,166,25,14,-17,-61,61,-42,-19,57,2,-17,-23,-77,-23,-42,85,49,17,22,-23,2,-75,-32,66,-59,-68,76,-71,58,-35,144,-92,-14,-33,18,-19,-117,-105,48,-81,2,-67,-33,-79,-126,10,26,-87,56,135,-95,105,21,40,139,87,83,56,3,126,208,-32,57,40,-70,150,3,24,-19,-14,-24,-37,64,191,133,40,35,112,-117,15,5,-60,69,6,-4,-100,-94,47,-1,-31,-111,-62,58
56,28,-19,16,190,-92,-24,136,74,-209,-7,75,-197,-46,-49,-35,16,-109,-3,-67,106,47,42,-54,120,40,-75,51,2,-41,11,-70,-21,-26,32,29,49,57,167,-20,70,13,71,137,116,-41,-71,42,61,-10,26,112,-12,12,-7,158,-37,-80,37,139,-25,168,-55,-80,-36,-3,126,1,38,-55,-9,2,43,106,-24,-17,-106,22,-26,-134,16,69,104,30,3,135,85,20,-19,-26,28,140,-36,14,86,43
25,-6,-79,-46,39,38,38,-31,105,64,65,40,-1,-29,-10,33,53,-42,-4,-58,201,-71,190,90,97,-1,24,-61,7,35,0,51,22,-6,-114,-22,120,29,102,-36,-130,83,65,-19,41,199,21,-33,69,-63,33,48,42,26,-31,34,-20,6,-30,131,-141,-46,-39,32,82,-97,55,175,80,-38,126,87,53,71,-87,159,-107,-145,25,-42,-41,44,103,-86,-44,88,-8,14,24,-52,188,58,12,120,10,-21
175,87,48,5,70,95,-40,-23,8,93,-57,-139,-36,6,88,37,-72,76,93,-2,109,-193,-35,21,26,-103,-30,-69,-79,45,118,-165,51,-57,-35,92,23,-127,-116,-262,-70,63,-107,-115,66,-22,104,7,36,-50,-28,-55,23,39,-67,-179,174,-19,47,51,-36,66,-97,-15,-57,-17,0,29,-8,94,6,0,99,-283,-17,61,33,-26,-24,-41,-74,-82,-65,-225,-11,-14,29,31,14,43,-63,-87,-98,32,60,-12
-32,2,141,-130,27,-30,-23,-37,52,33,126,171,-35,-83,-35,9,65,-89,28,-23,-40,-4,10,-58,96,-33,43,-12,-17,56,-136,-5,-19,61,69,58,24,24,77,106,2,-78,-116,20,14,66,-76,113,38,62,111,90,125,69,-14,45,-74,-32,-167,-72,-66,-36,-68,-59,18,-27,29,82,-5,-3,73,63,-85,70,43,8,-92,-1,-97,129,2,-71,62,-115,16,-86,-140,32,-44,-67,101,55,41,108,-6,-161
-25,31,95,-34,-29,9,117,-49,68,-33,-89,-32,-38,103,53,-98,-72,1,39,-79,95,7,-48,-113,37,0,33,31,-31,-5,-119,-39,-52,59,197,52,30,-65,55,19,-65,-51,135,-74,-18,-119,74,79,28,19,-12,-100,-69,-71,117,-10,65,-4,132,115,118,-115,23,-21,-10,33,-60,-21,-3,-35,-122,4,86,-197,43,68,-26,42,6,-45,-33,17,30,-23,130,7,112,-124,-79,-123,111,45,16,-159,76,-101
-121,50,61,117,-73,183,53,139,-10,-10,95,-78,-11,-46,-126,32,-116,-44,48,-42,-34,-187,48,81,-133,-8,-17,62,-52,107,-22,61,71,28,105,11,-109,-30,57,82,-59,141,-47,45,36,-80,23,118,32,101,43,-114,-64,-170,-40,72,2,-188,-22,131,95,32,6,-113,-36,-140,-46,125,110,-34,10,6,41,19,5,-12,70,-74,87,-67,161,-55,32,126,-8,0,61,-12,-2,-16,29,-42,-33,56,-197,44
72,49,178,49,3,151,128,86,128,62,24,34,12,91,-30,38,28,8,70,16,105,15,95,-37,54,66,21,-45,230,92,30,79,57,-62,82,120,35,94,116,84,-46,33,132,46,102,-152,33,61,27,235,67,87,226,7,52,122,211,6,-87,218,-20,-41,39,173,128,-49,-21,116,-102,110,-33,97,154,-151,-16,0,79,135,37,5,-93,23,-12,-20,36,-48,-17,13,-22,-103,108,121,31,55,70,-87
-217,30,-126,10,-25,-43,-36,82,-129,30,-37,-15,-160,119,-9,-4,-29,-26,-77,91,-1,105,-99,17,143,114,53,-39,129,-121,30,85,1,12,86,52,48,103,-166,-43,-31,70,40,98,-90,-245,72,-60,74,52,158,67,81,42,139,-140,78,-21,142,29,-30,-78,-85,116,106,-58,-78,29,-60,-137,90,83,155,-73,-24,-80,16,119,58,-58,-106,15,-94,13,66,14,-18,47,36,-158,26,108,118,52,47,-73
-31,103,111,183,-243,223,-42,177,53,9,114,131,85,-19,-40,20,-95,5,-28,18,-30,50,153,104,-68,-95,109,-90,-5,107,-45,187,22,28,24,88,-110,151,-108,-88,-95,65,-62,5,21,-27,-118,21,-16,88,44,-42,-65,-89,51,24,132,-70,24,-90,232,55,-52,145,165,-22,17,32,97,102,121,53,125,-35,66,-38,-15,7,-11,-44,85,-56,-62,8,36,27,14,27,141,-86,156,-22,-177,-15,78,-25
35,81,71,221,69,98,44,7,132,-72,-76,145,-159,2,-46,-39,-29,-14,-9,159,31,10,27,34,38,10,108,121,8,-97,0,130,5,-11,5,138,72,26,166,-73,-62,20,1,128,53,98,149,83,-94,-84,-32,126,-58,-9,198,-50,3,-91,-27,205,11,74,80,32,28,-77,91,-7,-6,-112,26,168,38,26,68,113,91,95,-24,33,-57,39,93,122,61,87,21,47,-44,-159,-40,-34,-85,8,99,4
-22,-27,130,68,-64,-7,74,42,5,-59,47,142,167,40,-173,23,55,-87,28,30,59,22,-39,4,-73,-13,-5,-42,57,-12,45,117,119,-69,-18,108,16,13,-98,-88,16,20,62,135,-51,262,95,-9,72,165,130,0,-69,68,76,18,53,-47,-111,154,33,120,72,127,29,-54,79,-157,60,64,213,143,-21,248,121,39,65,-46,-6,291,32,37,-193,109,-113,58,33,-21,141,89,95,-17,-117,82,93,43
137,7,-33,-53,10,53,-22,112,47,12,117,-39,14,-3,2,186,147,43,-34,-226,-33,24,156,19,148,182,10,-16,99,223,-77,-76,-35,22,94,98,-72,-72,78,114,-43,-40,143,48,-120,-59,39,104,0,91,205,-41,-53,7,10,105,127,168,51,-57,72,51,139,100,114,26,-16,126,-17,89,115,-32,79,-27,-40,-6,29,134,-39,-36,91,29,67,-24,77,-65,-29,184,-85,-109,70,59,37,163,-53,134
57,44,67,99,-27,122,63,0,17,70,82,-71,57,-18,49,193,20,59,-15,-4,36,18,121,-5,-21,-76,84,-202,-109,-94,84,131,-101,103,7,74,111,-130,94,-115,-87,104,47,44,45,-6,12,-74,-29,-80,107,-52,-20,156,83,-41,118,-2,31,3,105,-17,30,34,-83,59,99,-1,-10,-50,-24,80,110,121,-80,86,-13,136,68,82,-3,131,22,-35,103,43,70,43,-29,19,75,164,-34,88,0,106
-116,50,188,57,32,-6,-116,110,-90,9,58,27,-56,-30,-8,-127,-18,-38,-33,112,80,12,-65,1,12,22,23,-13,0,-77,83,51,2,34,-110,39,41,1,66,13,-55,12,-19,-47,-100,-73,67,158,-30,-16,38,73,-22,78,-90,28,-215,51,42,-79,-100,5,-19,-7,93,-32,-98,29,92,4,186,6,25,-60,115,18,102,70,-63,-27,12,-5,-38,94,108,-2,94,35,-130,-28,-62,-101,166,-11,-72,16
173,-13,-63,144,10,-6,132,21,96,-3,9,50,20,42,101,191,50,132,-94,16,71,7,18,-21,278,44,21,60,179,-43,118,69,133,31,29,-99,104,27,70,5,190,82,178,172,99,253,-3,40,126,-149,-12,-45,-92,33,-77,8,118,95,83,-2,56,142,34,-2,-93,109,6,-19,-75,-32,84,109,76,41,-51,-59,35,-70,104,-11,14,98,-35,-107,-107,181,1,225,99,3,91,126,-78,134,38,-23
-116,-69,-3,32,76,-30,-7,-92,-98,-46,-78,-22,135,-156,62,-65,-51,-93,-1,-63,-152,50,-160,-178,12,-69,-127,-35,-78,-54,184,-31,-84,60,52,26,-100,-6,-68,-29,34,43,36,-145,-111,-30,-31,-138,-81,39,35,-49,-177,-18,92,53,50,-142,117,-79,58,-99,-29,24,-139,156,-28,-117,-110,-7,-89,80,-76,-146,-44,-43,-77,20,-106,-65,45,-105,-39,81,32,61,-12,-104,-67,49,-82,-284,35,107,30,83
-58,-84,-16,40,33,112,-33,-75,-5,5,34,-71,-70,-147,-1,-20,62,-104,57,126,45,149,-124,-175,-60,1,-62,-41,-29,-182,-52,-119,204,-47,62,-3,22,-9,61,-31,-14,139,105,-80,-142,-66,-94,85,-50,62,168,-26,0,41,27,-70,-160,-166,164,75,-65,24,44,-53,-46,-31,-64,-59,70,-148,35,-16,44,13,20,3,-48,68,-77,123,-85,33,-75,184,118,-36,-101,-27,8,145,-34,-129,-34,-7,-3,-64
-55,-105,89,-131,136,83,5,114,114,112,37,-9,189,28,5,14,134,-71,-45,2,31,-77,102,83,95,-16,88,11,50,123,139,-52,55,-138,81,118,-101,29,162,152,41,-118,-42,80,-59,109,164,54,171,55,-13,-74,-109,131,-56,176,-106,-34,-169,23,120,34,27,-37,124,-197,10,65,38,8,40,-3,22,21,-135,-49,68,76,6,38,-5,-10,15,-257,89,-49,12,142,91,-54,78,-3,41,44,-95,7
