-74,28,-49,-60,-90,-16,4,72,-33,22,24,10,-8,-67,-9,33,-18,31,-13,37,15,17,6,-35,-2,-30,24,2,-4,-20,96,90,75
-69,-22,75,38,60,-21,105,-40,11,-54,-100,-40,-2,11,35,-5,-12,85,-12,-37,-23,-25,38,28,-38,-48,-25,-44,-2,-35,-33,-19,-9
-19,85,-26,118,-99,5,52,-54,62,34,32,22,57,4,40,33,-3,-6,-24,14,51,10,70,-6,8,-38,8,48,92,24,42,27,-32
35,75,64,20,17,-56,19,-46,80,68,-26,39,28,-31,0,11,54,69,-62,22,9,-39,82,-29,-18,106,76,61,-21,-5,21,14,31
45,-1,-59,46,31,13,-16,-87,31,4,-18,-59,-6,1,59,15,-30,-10,-40,-49,63,-14,98,-14,-19,53,47,-6,13,58,11,0,14
57,-83,12,-40,-29,-61,-17,-17,-72,45,-11,19,-30,-4,49,-27,-15,12,-29,96,-1,-89,59,37,-38,-9,101,-12,30,32,-52,61,22
2,14,10,-19,8,69,-3,-42,-22,36,24,-44,-30,-31,5,26,-4,-14,-41,25,38,17,82,-85,46,43,-41,-30,-5,96,35,40,-18
47,123,11,7,94,100,14,-4,73,23,-32,19,-8,70,1,60,-24,43,14,-5,83,-39,80,-27,26,23,4,20,17,-87,-31,8,59
21,-72,39,-32,-2,-22,-45,67,7,-54,-78,125,-1,-47,39,-41,87,51,-56,26,-46,-12,-89,-24,-32,-5,-21,-27,-32,-43,-111,-47,2
-27,-18,-26,-38,-107,-42,-6,16,-37,-38,5,11,1,-29,20,-13,-2,-31,-38,-54,-21,21,-90,5,12,5,-52,-25,-52,11,27,-50,-11
-1,88,-35,42,50,19,-30,19,125,92,61,69,88,36,18,45,47,-45,17,22,51,38,49,13,-25,48,128,14,68,-25,102,8,16
-42,100,-68,94,9,-31,129,-74,17,12,5,40,40,13,51,70,-35,27,47,-7,77,26,91,-34,16,95,-37,-54,46,11,-41,33,15
49,32,57,-25,24,-37,12,-11,13,27,-7,27,-45,-91,-82,-5,30,45,-34,8,-13,-2,27,69,-107,92,55,-31,51,15,-12,-37,40
23,108,27,-1,-18,24,-30,-24,-3,14,-33,-43,70,0,17,-5,4,44,-62,15,-9,18,-1,9,2,-33,-3,-16,-41,-55,126,-3,-41
-26,-5,140,21,23,1,67,-8,16,-9,-1,-79,-41,14,99,15,13,59,30,36,17,4,121,54,-10,-27,76,-77,33,-36,33,15,4
-26,-31,-20,31,28,58,-44,50,-38,-28,-65,-24,-49,81,64,49,-53,0,59,56,-43,9,-34,28,15,-65,-27,27,-73,-70,34,45,112
71,-1,21,4,34,36,-50,11,34,-5,-22,-48,-86,44,26,-29,-8,7,69,-15,-8,31,-41,33,-5,20,81,24,3,-27,-16,-15,135
-97,21,-45,38,-23,-82,18,26,-16,-6,-42,52,60,104,100,37,1,-30,-65,-31,97,-16,8,-40,28,38,-17,-20,-76,-35,-68,30,1
-24,90,-1,128,-2,54,-23,-23,108,-9,65,25,5,71,87,60,30,7,49,-38,31,52,34,5,29,-66,24,3,-27,36,51,47,-60
-69,19,2,49,26,18,-63,30,-56,16,41,8,42,27,-13,33,-23,48,1,28,11,42,20,43,-10,-70,4,2,61,-43,70,-12,-6
-8,60,-30,14,107,107,23,-67,-27,105,90,-41,42,39,-72,114,-60,-62,-9,-76,107,48,171,17,9,87,60,-5,85,52,20,-24,4
8,30,49,-2,98,7,102,-48,49,56,65,48,35,26,-14,17,-27,-65,43,-45,39,4,80,-1,51,36,13,45,22,37,-83,27,7
38,93,19,84,3,-26,29,-4,40,36,-7,56,5,75,63,58,30,5,93,50,-4,10,25,11,74,33,109,64,-31,-65,75,68,71
-27,-23,-40,78,19,11,-23,18,-6,-28,-27,72,-27,-4,95,7,-34,0,-28,15,10,36,-15,-6,-50,-91,-37,-31,-29,-52,-4,6,64
-39,-86,31,25,35,4,55,-37,-49,14,-20,-113,-40,-32,-51,-35,5,-43,-59,-8,14,-9,54,39,-35,-23,2,-18,60,70,20,17,-75
-45,29,-53,46,-109,79,-24,-2,-84,42,78,-66,-83,-81,-29,88,4,6,86,43,-7,34,20,12,-51,0,9,-17,27,58,47,-33,27
-82,-46,-16,-29,-20,-44,77,45,26,0,21,-77,62,47,50,-2,65,-30,-36,-2,30,-6,-24,-23,29,-15,-27,-48,-86,31,-33,33,-81
-81,-36,-31,100,37,-56,-3,-38,-20,13,75,25,48,68,42,10,-10,-38,126,22,-10,14,-13,-17,34,5,41,26,9,-13,-2,-10,-17
-42,15,-43,53,54,26,20,-70,-90,42,48,-32,1,-25,3,87,-38,21,88,14,20,-13,94,-52,-16,-36,-3,69,-43,6,-30,-2,-10
-15,-27,65,-27,-8,4,-44,24,23,-43,28,19,18,-45,-12,2,26,24,17,100,-33,21,-2,-18,-31,10,-32,-64,15,40,-41,24,-35
15,-20,60,-93,-51,11,-9,21,-81,47,-14,-70,-73,-24,-75,-64,12,-82,-72,-76,-17,-25,-50,97,-51,26,64,66,-23,-8,152,-104,42
-37,5,-44,29,34,38,-41,12,10,0,60,-4,-8,-87,-5,33,-5,-2,4,18,9,67,23,-96,-42,-68,-10,-24,-30,11,31,3,8
-21,41,32,67,-2,5,-24,-34,-7,26,73,8,-75,-93,31,-1,20,77,18,-5,15,84,14,-44,-17,38,29,4,-6,-28,41,-30,77
