1,-50,-61,-45,-100,113,-25,-6,-156,-96,-11,57,23,-34,56,86,181,84,38,107,-37,69,118,-21,42,-17,-114,-28,74,-48,113,61,45,-12,-3,-85,43,-145,-16,24,-82,35,-2,24,68,50,-11,11,-4,37,49,0,19,-62,123,-26,-25,-23,-74,62,-6,139,10,47,-65,-23,102,83,-69,170,19,2,159,-59,-35,-67,-15,37,149,31,80,-95,-127,59
128,114,97,109,0,-5,90,22,32,71,80,111,-35,26,-77,-94,7,75,24,18,34,64,-27,152,60,99,142,-13,-155,114,22,90,11,7,45,58,17,113,-66,26,-37,202,-38,103,95,141,-32,79,-33,170,36,63,89,177,11,207,-60,91,59,23,27,-18,38,55,38,13,87,5,134,31,38,97,97,-82,-91,221,21,61,55,45,-6,107,11,71
87,6,-34,-114,33,-73,-36,-60,-99,118,-22,18,18,-71,92,-10,28,-133,51,26,1,-18,-136,48,-56,-48,-16,89,-47,42,-58,162,-81,84,-58,-116,-9,-58,-123,-46,55,30,-56,102,-104,-129,171,187,51,-29,6,-74,-10,-67,-22,-32,-119,-45,39,-1,165,-203,69,-46,20,8,-58,97,51,51,-36,49,-135,-104,38,-49,130,21,-65,105,46,-39,75,-61
-25,74,-60,-84,-17,-90,31,48,-25,-138,44,12,-57,-46,29,-74,66,-98,16,34,110,-83,195,-19,3,77,13,39,-5,-131,89,52,-107,-132,-69,-2,143,45,28,-65,9,3,44,-58,-2,-44,57,-33,-5,-27,27,42,-96,-32,-42,-41,-27,82,-56,-58,-100,75,134,54,-33,11,62,-64,-5,-16,5,92,129,96,-106,-14,11,-67,-28,210,27,6,-16,21
-112,128,-3,42,16,245,-129,75,24,-18,33,-50,22,0,188,-57,-51,-23,98,-32,98,-16,-11,126,-6,98,-12,44,-5,111,142,-35,-20,-42,109,30,148,54,14,-52,106,55,155,-118,40,-40,57,-75,-27,67,43,152,-62,-102,92,24,25,-16,71,53,33,132,-74,75,-98,0,168,-59,90,94,47,-56,-1,34,35,59,-114,27,83,31,16,104,-15,157
50,60,-42,-30,-52,-89,22,35,29,30,-31,166,-103,59,-68,-92,52,-42,-119,-17,-55,-99,116,1,39,11,55,-34,-10,-57,-52,3,0,-81,11,135,170,-75,84,26,-18,108,-54,208,-61,111,-56,-7,-63,124,71,60,-5,-26,-36,111,85,16,62,45,-62,80,56,108,-32,-20,15,-97,25,10,-65,134,182,66,-48,3,15,62,84,166,-70,1,-25,40
20,89,-33,51,32,126,14,114,119,39,46,45,-65,-13,4,146,-3,17,-135,120,19,6,10,-56,14,-31,-74,61,43,12,-45,24,74,-54,-27,19,28,-4,-65,80,110,-14,-10,60,-105,83,91,-44,-3,50,21,70,29,-124,25,20,26,69,57,-53,-60,41,2,-28,52,-7,20,-18,-68,45,112,14,35,-38,64,-54,7,28,43,67,47,-8,-119,-47
119,3,-104,-20,96,151,17,-21,32,-11,112,28,95,2,117,-22,48,42,114,67,-25,-20,148,-31,97,-14,-48,76,-48,117,211,19,31,122,-8,14,-6,-37,62,124,38,43,34,87,-5,-4,-77,160,-68,-18,-60,70,67,91,127,80,120,83,-95,76,72,121,75,58,108,53,-9,26,167,139,-63,38,73,36,100,-61,-3,27,92,-28,56,-94,-67,136
-40,-18,102,23,-34,-9,99,-88,72,51,62,61,-13,26,-14,-69,69,49,-28,44,90,-72,19,13,81,178,-35,-76,-24,156,-131,-16,-72,-11,-83,128,24,-20,60,64,72,-3,91,121,-60,113,-73,16,44,46,68,136,2,-79,-16,294,128,-31,291,0,101,-25,-19,128,75,-9,-36,10,22,5,-21,37,60,53,18,122,0,86,58,151,-72,46,-30,15
53,156,-26,138,121,-35,22,139,35,-37,28,13,177,-44,-108,17,16,1,-7,92,132,-100,-81,261,43,163,-54,100,-13,68,36,42,-22,-53,-19,27,148,34,-52,-39,22,69,14,128,-21,147,26,41,-64,-83,23,79,-1,11,58,150,-49,56,-14,-47,33,138,46,28,34,61,88,-17,-15,40,13,27,-25,33,-21,-24,-3,76,-14,56,-24,10,79,38
38,14,-55,-86,26,10,-16,-33,36,92,72,30,31,19,35,88,21,8,110,32,31,41,83,-88,43,-98,71,-13,-71,40,83,1,-155,-26,47,-106,42,-1,-157,75,-144,61,5,82,-47,-45,64,110,11,-16,-25,44,-102,15,-16,169,18,-38,62,-42,-30,28,6,15,-41,40,26,45,106,-92,-26,61,-25,-98,-67,77,-9,98,68,-27,-94,6,33,66
15,107,-86,129,6,-79,-60,94,24,163,204,39,52,70,28,-74,46,-8,-93,117,38,-128,96,4,-1,148,-37,-65,-91,51,31,-9,7,-8,-64,-50,-142,-8,-71,117,130,-47,-117,81,-64,100,-83,48,-13,-1,45,24,-4,-146,23,-26,30,-13,4,-97,-18,5,-82,80,58,53,-7,3,-186,132,182,19,40,-40,60,-6,14,68,-88,-40,-20,123,109,-31
107,94,105,-91,8,89,152,12,-66,49,204,161,7,43,24,24,37,126,-30,21,69,124,138,95,106,11,-5,-17,45,35,164,4,127,-16,155,25,-33,47,-41,84,99,118,-34,-45,120,-15,-2,82,-167,119,108,-145,66,24,106,25,-22,38,-87,83,100,81,112,-6,-95,-85,115,24,144,121,65,160,104,5,-125,124,79,31,121,66,-32,141,13,131
143,106,-47,-13,43,-71,42,4,104,164,-173,156,-106,59,24,-84,102,-26,72,146,76,-93,-29,149,-36,48,66,102,121,94,15,-1,132,-9,-64,92,-2,-41,-106,39,56,39,101,79,-118,-20,63,156,119,83,47,76,-8,-65,-109,-96,163,-61,58,4,108,89,-33,141,-65,18,-7,-53,-12,59,-35,-109,82,-63,-61,45,105,49,-75,54,64,-2,9,126
37,-7,-64,-93,16,27,22,-25,19,-11,52,-93,178,-86,-65,11,83,-39,-40,82,67,-32,-53,10,78,-2,-108,-40,31,55,60,127,-118,16,-38,-52,21,21,1,14,-57,71,-6,-60,3,11,69,-23,-58,-40,-20,81,153,45,-5,154,29,-98,59,90,-101,-57,-17,95,27,0,33,28,-1,-5,24,-1,-28,-44,99,-39,41,-51,98,-58,-31,-71,72,50
-25,-60,14,75,55,54,-46,-52,114,60,18,14,19,-124,-18,20,-85,-123,-2,103,-1,-79,105,-134,152,42,69,31,-118,13,22,1,-100,21,-46,20,-84,123,-49,-95,-16,14,168,18,52,-48,-52,16,121,106,-172,162,-31,-42,9,106,12,75,-4,-121,-101,-55,-15,63,38,-60,-83,-42,35,-63,-26,-99,65,15,132,32,34,-40,-109,-6,74,19,20,-92
-12,-16,-42,-50,69,93,0,3,23,22,-121,9,-31,83,-19,-115,-30,-6,-1,-90,24,77,-121,10,-58,-1,208,13,-32,54,58,-1,-80,17,150,-10,112,54,2,-32,-216,-40,21,17,42,-66,-11,101,64,-70,-100,-88,-71,-62,-13,54,-80,2,-63,-45,106,-18,-119,53,-11,-29,-29,-34,37,-25,-40,-15,62,23,71,72,-78,55,-38,-83,24,-4,-52,66
53,40,85,-15,181,177,-72,-21,168,-15,-22,95,118,-3,-38,123,47,82,-26,41,24,93,19,89,39,-54,127,16,8,-17,60,-56,88,-11,-34,32,110,165,-77,134,-51,45,-41,133,-31,92,85,-10,52,5,-46,73,-66,-26,77,-6,16,152,78,61,-13,144,56,-5,0,-91,-13,-4,220,41,-19,-21,126,31,-33,41,3,-13,58,101,-50,18,-163,31
44,125,-22,50,32,129,23,82,-72,7,110,-41,28,-3,42,-25,220,190,256,50,22,31,99,71,-84,11,-45,-76,41,-46,172,-3,163,22,-73,30,42,18,40,65,96,54,62,-45,99,49,170,24,63,-61,119,-7,-2,-13,54,30,27,-2,78,179,-65,9,94,17,66,106,138,21,70,103,-37,-5,-45,-19,-96,-73,-16,100,-69,-6,69,-22,0,44
18,-53,-39,-7,111,110,-8,-2,21,-115,-22,-51,225,26,108,-47,37,10,52,20,-2,109,-46,51,56,83,-27,125,198,-69,-35,39,6,49,-63,-141,-22,52,59,-18,94,19,-27,-30,33,76,98,-17,24,22,-111,144,80,114,52,158,-78,100,-5,84,-41,64,32,-50,89,35,106,4,48,40,3,-25,-66,11,67,-27,90,52,-7,114,9,-54,135,-64
101,81,-93,-63,-26,73,77,24,-18,169,6,60,95,-18,-113,-142,-16,-129,27,30,66,-3,149,16,-16,115,0,129,-81,67,61,107,60,-57,36,33,-1,42,-51,31,-72,-97,49,-69,-120,49,-2,-64,-14,82,55,204,-46,-26,-101,47,6,105,-3,-19,-8,-104,-96,97,24,49,95,-41,109,58,57,-141,67,71,81,-7,-34,10,-245,92,5,33,21,87
60,-13,118,19,121,31,104,-39,36,-45,-22,-26,37,-37,-87,211,72,40,-7,48,39,158,193,-35,-37,7,-56,39,85,40,60,29,60,-5,-39,-103,110,96,-61,106,33,26,79,-92,-122,81,73,-118,108,20,-6,-21,115,49,-73,87,-39,120,-28,-20,1,-11,56,20,-46,-2,27,10,-95,-57,135,-51,9,-39,-85,41,85,57,38,41,47,-60,-56,157
194,141,-6,73,52,-101,137,136,137,29,97,79,-63,150,135,-83,-32,7,39,130,179,8,35,-20,82,64,120,-33,54,186,72,154,-96,-36,-1,86,10,51,-7,12,103,64,125,119,18,11,-38,171,43,94,-22,40,-33,128,-51,184,106,-13,75,-74,-43,135,139,9,-61,1,23,101,132,36,-11,154,96,-63,-151,20,113,-42,6,27,60,93,34,8
138,141,-7,17,-3,40,182,31,-2,53,96,17,-5,97,45,-22,77,29,-91,90,32,2,85,-119,-89,0,-173,-48,67,133,64,28,104,-28,104,83,-14,-171,25,153,128,-53,-43,-38,-95,82,2,73,-183,-51,75,-71,8,12,154,150,112,64,-63,113,-35,60,-25,70,51,107,52,-11,49,31,-4,-13,-12,74,39,-53,-110,23,59,-32,-11,-34,6,8
54,112,-109,-73,-142,-106,61,37,65,123,0,8,-15,0,-11,-62,6,-128,-52,-32,97,-23,28,-57,12,-53,53,-90,-61,42,23,45,-101,-81,-25,-33,-33,28,77,-118,-67,105,-42,92,36,-139,136,39,30,-41,-44,-68,10,4,-69,81,55,19,93,46,-83,7,11,125,-28,-102,17,13,73,-51,-165,291,1,-3,-167,16,69,-27,-67,29,-98,138,48,-20
-88,116,139,61,41,95,2,56,107,-2,-21,8,-207,89,26,-3,-64,-21,30,-39,-114,-26,-13,12,-61,39,143,12,-151,51,-29,0,152,-30,54,130,-48,26,-102,93,67,-15,41,52,-95,-16,-31,-40,98,24,-25,16,17,-73,-139,-213,95,32,144,-108,73,-43,139,93,-9,174,36,50,92,64,29,-72,-66,98,61,39,-71,2,78,19,109,112,-64,62
-87,54,155,25,-33,-114,127,141,71,52,92,-18,29,123,91,1,112,26,-14,52,22,-12,1,105,37,59,-35,2,25,-57,-70,52,-35,-118,70,-3,126,-6,-77,119,45,113,-133,125,50,152,34,-122,-57,-69,145,-45,21,63,-1,95,42,-2,99,104,-91,-20,14,105,-19,101,39,-59,-7,47,105,-9,103,-12,-33,-6,76,50,169,16,-160,175,97,89
-5,188,133,153,170,143,-9,-64,75,73,76,21,49,109,-42,61,-4,-31,24,84,114,-47,94,90,34,-92,137,-15,-86,155,142,-81,-23,9,-123,33,-27,256,49,-27,-153,119,73,21,-39,5,61,-52,141,-54,-138,-35,-37,113,-21,46,-47,103,46,60,14,85,-3,7,41,-122,56,-118,14,-48,89,-24,70,59,-123,63,41,-93,-22,53,42,100,-67,89
106,32,-91,12,0,-66,85,9,-76,93,-109,-113,45,-47,9,42,-45,-30,-140,16,-112,44,89,-33,73,35,-106,96,72,17,1,184,72,-38,5,77,13,17,159,-26,-123,-53,83,28,37,-105,-81,-14,17,79,156,-11,24,60,27,4,-45,-32,-141,-28,56,-155,-118,-81,-5,-64,17,25,-99,-4,56,-59,84,40,70,-29,41,72,-216,3,-44,2,-14,11
-36,-74,137,25,-55,91,3,55,-5,-74,-57,71,76,-29,20,95,22,47,135,10,109,-19,54,46,27,113,-49,38,31,-24,-44,-173,57,32,-176,-74,39,94,-18,-29,13,84,-70,6,-81,-55,113,35,34,-4,62,82,-46,48,24,95,-13,60,115,99,69,13,73,-36,4,-43,15,-99,95,-3,-18,36,-38,137,59,54,145,134,45,159,-83,-1,109,12
102,38,-46,-56,-54,22,66,79,26,-31,65,83,64,107,57,-37,35,111,-30,125,6,-11,91,125,130,-10,-139,97,69,100,103,42,40,60,29,-166,154,-23,-71,29,109,124,-49,57,25,106,17,42,-1,-47,39,-50,-18,-1,-22,90,-86,-34,-62,-84,30,42,120,2,12,52,21,-43,-39,122,6,102,116,-103,18,-90,110,20,102,23,16,11,-104,56
73,-23,-6,99,9,-42,71,12,66,151,139,-173,131,-87,-42,-20,118,-25,40,-29,95,-51,49,-29,-100,116,-101,-18,-134,119,33,-13,111,100,-10,13,7,126,109,54,63,-36,-51,-4,-61,156,67,-140,41,33,-35,59,7,37,-89,184,46,84,84,14,-69,-72,78,-11,76,-16,22,83,38,-38,-95,132,-52,-162,14,63,24,25,-33,72,36,24,38,-57
-75,-183,50,2,-39,36,-136,143,43,76,-124,-113,33,-153,-9,-119,-74,62,-9,-23,1,-18,5,-67,-25,127,-139,12,-47,37,-24,-37,-96,94,62,-157,42,67,-14,-75,5,-9,25,-96,78,-42,-80,-12,-36,-115,-63,91,59,-32,-18,65,-109,-136,80,-17,-96,-96,-192,28,38,22,-6,-5,-65,127,25,-82,-116,48,69,-15,-48,20,13,-62,-39,-63,-8,-68
-47,-44,78,37,18,67,13,-78,152,-132,-167,52,-96,144,4,-12,43,133,49,126,238,109,-68,93,108,-73,112,-59,-72,115,-31,99,-26,4,-97,-38,84,125,-18,4,63,85,82,-20,-11,31,120,-65,84,20,47,16,151,-15,25,-13,-57,123,46,19,54,-48,74,-6,0,38,138,-20,130,36,-14,-29,14,-161,-5,171,44,-30,-29,12,78,-28,46,-44
-52,28,119,-26,-107,-64,98,-79,98,-57,117,230,-128,93,-22,-91,-36,-11,-3,123,52,-38,233,-84,58,-23,-7,-56,-50,65,-63,105,-67,-80,-62,21,-70,76,-17,36,-18,51,-31,18,-43,82,-24,-85,-124,-19,-44,115,7,41,62,82,-23,111,81,-6,-20,34,31,9,60,-86,81,-123,102,8,111,-48,139,67,111,66,32,-38,153,29,-67,78,-38,-76
7,-83,-115,83,30,-57,-47,62,31,19,123,-5,-44,163,-68,83,69,154,50,-16,-63,154,-2,47,-45,-30,12,-57,-5,-44,12,35,-3,76,-44,-31,117,17,23,69,124,-95,-50,95,24,141,98,81,-110,43,90,-92,-50,-17,80,83,74,154,68,8,33,136,94,-29,29,85,-27,146,-29,91,-68,168,1,-152,-159,19,-197,-5,93,-34,0,-43,-104,90
-42,99,-53,15,86,176,112,36,-160,-88,18,-38,144,-3,44,-75,55,-28,4,-25,-54,29,85,16,141,134,56,108,-84,22,55,29,-2,-25,32,-18,-99,-58,109,-66,-100,-35,24,21,44,-13,-57,14,33,173,-61,20,44,-92,10,97,47,16,-185,52,49,89,-108,-41,112,-90,27,33,-6,-16,-13,130,32,-35,-74,59,-10,9,57,45,135,-5,14,3
8,19,187,65,105,60,120,-103,171,-81,60,-20,-23,64,-46,-163,90,45,-27,59,131,-43,19,165,188,32,97,-10,-34,72,55,18,18,-110,-96,24,156,75,124,-3,174,-21,154,-54,93,9,83,-144,-169,-2,73,-5,130,-28,88,164,95,168,-49,-55,-61,15,128,-78,-36,-8,-89,-76,127,-41,-101,122,188,-79,1,28,46,-12,3,106,100,-1,-26,-75
-38,79,16,50,-52,-24,71,4,-20,42,-1,-47,-111,0,21,20,33,12,56,-90,96,-89,4,14,74,76,75,8,-90,86,23,169,-11,-97,-103,103,99,29,32,84,-125,-41,53,-3,-12,11,50,-123,-22,64,69,89,7,150,-17,79,70,-59,56,-76,-17,47,-4,43,-50,34,-127,-35,32,34,106,-126,1,30,92,76,-8,-1,65,69,-25,-16,76,50
-69,7,-83,42,88,65,-21,94,33,25,209,-8,138,-25,22,54,-81,72,205,29,44,63,117,118,52,21,-16,55,-122,10,144,89,-13,99,-76,-11,3,133,-156,17,-42,84,78,77,-4,177,-54,-42,77,-17,-47,156,-11,110,-24,68,-127,33,60,32,-58,17,70,68,167,140,69,-129,24,121,63,-69,31,-59,106,33,-60,-9,91,-27,-7,17,-78,99
65,28,-75,76,0,-80,-15,70,55,61,63,51,13,-51,-53,208,23,-11,5,-5,77,-29,-29,72,-22,48,-100,70,57,51,53,16,16,-53,-103,-12,-29,-6,-4,-24,103,51,-129,113,-164,164,-2,-76,-4,-28,-47,-12,32,30,103,84,-57,173,-14,132,58,-23,-68,-6,-1,58,-56,-12,-7,-44,81,46,-120,-44,-81,6,34,153,17,26,25,-54,64,97
-12,65,31,59,-35,57,-48,93,-13,-79,20,109,101,-2,52,137,217,38,-41,63,10,7,164,61,16,158,-124,-3,11,92,156,64,80,60,79,-12,7,-44,-32,35,-44,-26,42,105,-24,83,35,51,-5,-44,58,122,-96,-125,88,79,18,17,4,65,-14,135,24,99,-30,-64,9,33,73,98,90,26,-12,151,108,-33,35,-19,40,120,-103,-18,51,34
99,62,-106,39,-11,-18,12,90,133,-42,158,111,-18,34,83,113,-41,-70,-168,69,-98,-6,-16,-2,65,-31,33,84,-34,-24,6,65,-43,-12,89,-13,50,-86,-37,51,-4,-58,40,122,57,41,-63,106,-100,31,126,11,-139,96,86,50,89,44,24,-142,-49,100,79,7,115,-26,-63,4,-2,-23,32,16,147,-117,104,-14,-26,-92,97,-44,-100,114,43,8
-37,40,63,75,71,8,103,17,21,28,-54,104,-73,-4,24,-172,45,87,146,-36,92,-2,199,-64,-20,17,52,-80,22,52,-55,-9,-21,5,-36,18,86,68,-7,41,-34,115,80,30,-10,79,8,-34,80,25,-48,-45,4,146,7,-15,-48,-13,97,28,-75,73,64,161,76,-9,73,-46,90,96,-33,-84,35,20,-99,119,-12,-5,54,-60,19,-58,-20,59
-3,253,85,196,5,187,126,-70,154,-31,-23,167,-105,133,-17,13,96,97,-93,83,-16,24,110,20,-18,-53,102,43,-103,172,-24,-80,176,-133,5,131,143,107,139,63,74,99,66,92,10,7,-3,133,22,181,110,31,199,-37,71,21,193,-34,32,63,3,126,73,-106,-33,-69,180,135,155,87,-32,149,38,64,-89,43,28,0,83,-21,56,80,-32,7
-80,48,4,155,-70,36,48,9,-42,34,-76,61,-30,190,59,55,-53,48,1,-54,-62,34,-8,117,-38,33,-50,-44,-78,135,0,-69,-19,58,68,43,-51,16,122,28,-83,147,59,75,-47,-12,47,-37,167,-45,-52,-66,-102,-13,-51,0,22,-46,-59,-37,158,-102,26,-49,-70,-102,-56,16,-58,-95,-121,36,-137,2,72,-61,-94,76,-60,-95,-21,93,-16,51
-83,18,-42,-82,113,48,-23,-92,39,-99,-20,-75,40,-17,-10,-14,62,-4,4,3,79,-54,-97,6,46,-69,-2,43,93,-137,-52,-54,-47,36,-39,13,43,-62,15,139,4,-44,94,121,-34,16,20,4,173,-55,98,12,73,-155,2,26,81,-90,172,22,54,18,-100,-15,33,66,6,-112,9,-57,-47,57,66,-48,-8,-98,14,38,-6,73,46,3,-2,-120
26,41,32,-17,26,6,131,60,-7,129,-41,45,36,74,35,-55,129,-12,169,48,41,-45,79,35,-122,27,-59,14,-98,145,62,91,121,40,-90,-82,-5,75,-108,69,107,5,-32,11,-32,39,106,107,-86,157,131,-53,32,178,91,19,36,82,3,58,110,-135,78,76,-16,103,77,37,125,-64,-56,101,4,-99,-69,135,105,45,-32,69,-37,100,117,91
-100,54,-47,102,31,178,125,48,119,-87,82,-13,-35,110,97,176,49,-18,74,69,-29,-31,-97,-42,-10,297,-37,-4,5,80,54,61,-52,-35,-40,-34,-33,75,74,163,197,-47,59,100,192,85,15,-11,3,96,-35,109,-19,70,0,27,181,36,138,30,85,42,-46,18,17,162,70,-50,110,204,94,91,39,6,-8,-88,153,-90,67,124,60,74,-18,7
-81,-109,-83,74,32,81,-40,-167,-9,110,35,-61,19,-210,-54,-11,-60,74,155,63,-53,4,76,-12,124,-109,72,106,-38,-62,107,-59,-13,40,-15,50,36,117,59,-29,-5,1,107,-102,102,-76,-5,34,66,70,-76,151,52,-111,-23,6,29,-5,31,-25,30,-26,27,-55,83,30,-8,-13,0,-72,60,-48,-46,11,107,-6,146,67,-217,-31,52,-28,81,48
2,71,23,51,154,86,59,-101,7,97,98,57,191,24,18,82,63,9,100,121,52,89,43,53,31,-10,53,90,-97,-46,44,-124,5,37,42,81,-118,114,104,181,-14,-19,75,34,57,-51,126,-8,37,108,-15,149,61,3,-76,47,233,-134,80,35,-41,-28,112,-115,108,-107,67,-7,78,-130,-50,98,-32,-1,7,-72,62,-42,104,-7,4,98,88,-117
-83,-74,-17,32,167,59,58,-16,-63,-79,-5,168,55,-38,67,43,39,-10,-8,85,98,-69,-106,-51,15,62,53,99,78,-134,-87,18,-108,54,78,31,9,-52,6,135,64,-11,-28,19,-3,26,-67,-17,-28,169,-139,106,-21,-30,-84,-30,207,14,-27,-2,106,79,113,20,190,-60,-27,-101,-27,-102,63,-24,85,-99,98,46,52,-150,69,81,64,23,72,72
37,12,-13,92,-25,135,-28,-21,-93,53,110,110,119,59,130,118,27,118,111,175,40,204,126,-33,17,102,71,-5,-55,-83,176,-29,86,87,15,-4,82,68,122,166,-11,-9,-21,91,102,-18,44,49,64,203,-24,115,78,13,-9,84,129,102,83,48,-44,122,217,-64,94,26,167,64,170,17,1,165,129,33,-34,34,100,24,171,137,-42,66,8,111
58,159,67,12,16,80,185,-12,14,56,7,20,-31,67,-90,-83,-45,-36,17,-26,-74,-35,-112,29,37,98,163,97,-119,103,79,100,138,-100,155,154,132,20,-45,-15,-137,-5,91,137,74,125,-89,188,15,114,10,-16,12,57,-89,99,119,-135,-34,16,47,153,-16,-30,-33,-77,-84,-32,122,-20,-66,8,144,-2,-159,63,-109,-111,66,21,86,128,-143,-7
64,150,-69,105,58,62,103,102,-31,78,46,63,-65,144,9,94,152,-82,21,36,41,-77,-10,95,-124,102,-34,42,-151,101,41,203,-43,-102,109,-2,150,29,101,-9,-57,-37,26,90,80,111,-19,-45,-6,124,118,5,-8,49,4,45,66,51,23,-51,33,119,-75,24,8,67,130,61,-44,123,59,124,191,-170,-3,60,-31,64,99,85,93,43,-2,-14
-55,-7,139,79,-181,-111,24,52,37,-64,12,85,23,-17,-41,-77,100,116,10,52,42,8,165,-62,-57,133,-117,-129,25,96,38,-36,3,17,-49,-69,18,-135,70,60,92,4,22,-75,-155,14,-54,-106,-41,-51,96,101,-7,-5,116,107,92,-24,49,-20,4,-49,-126,-33,-12,59,-57,-69,-63,-35,93,44,19,-32,-4,-99,-22,13,23,9,30,176,7,93
125,76,64,55,-72,131,100,3,115,-20,-63,-16,26,244,64,15,54,-45,101,91,125,115,-62,66,-19,-9,55,104,-71,37,22,58,26,-85,30,-103,79,42,-133,30,56,-5,-38,79,61,-73,106,145,7,-160,88,-17,20,41,-151,25,-12,-20,64,18,-18,-74,21,110,48,61,-11,6,72,59,49,23,154,-15,141,67,63,3,31,126,-11,21,-109,-34
87,94,23,107,58,43,-22,-1,-36,-45,82,20,36,-56,-118,19,144,140,-38,85,-3,62,-34,57,-34,107,-75,-119,-77,-50,157,33,158,191,10,98,188,60,18,151,-33,70,13,136,-1,165,99,77,139,59,69,-44,85,-137,-1,-6,-5,74,50,77,76,70,151,-19,62,45,126,31,62,234,14,151,70,-175,56,-2,60,-77,97,-88,79,52,-102,87
-67,25,-31,195,152,124,155,116,70,36,48,-12,55,0,61,52,-37,24,0,-29,161,18,-60,37,67,210,136,80,-116,87,64,119,13,-45,-26,44,50,48,141,55,5,-15,230,25,-5,-9,-49,-76,104,169,-70,87,84,130,-67,143,27,92,16,-124,72,100,-86,-91,-39,132,18,3,118,66,18,109,-67,-36,19,70,-24,11,-53,12,129,76,129,-12
-3,2,-26,64,-16,-4,-22,8,146,14,79,-155,41,-34,66,-30,30,7,81,16,49,-117,44,3,78,14,20,13,-67,54,51,-10,-18,-78,40,-66,114,-31,-88,-14,57,15,-54,106,50,-26,49,-67,-48,-125,-6,137,73,43,88,115,9,107,76,-80,-62,-56,34,156,-4,107,-15,4,99,-34,-9,14,70,-38,135,83,63,63,7,100,-105,-39,34,-16
118,185,-35,79,127,51,1,13,56,5,-21,-81,20,62,116,34,37,45,-83,110,114,-7,32,142,187,87,-104,37,-47,84,11,169,-101,65,45,19,54,-67,-35,0,-75,60,98,179,-15,-94,23,-5,32,-52,-26,-55,133,-21,69,29,87,-34,93,-32,66,-90,132,70,26,49,-12,159,67,123,60,15,-1,30,3,-15,24,36,-58,50,67,-81,105,-38
-27,102,-3,1,59,46,-18,-3,46,43,104,98,-50,-129,75,-57,81,4,4,27,137,-99,-94,85,34,91,-3,118,-51,-25,-7,-107,40,21,-58,63,41,13,-7,-99,125,57,54,-18,166,-16,-88,-32,109,1,-145,49,81,-26,-133,117,10,-84,-35,-48,-92,37,96,20,106,22,71,53,-26,42,47,9,62,100,43,-98,133,-15,54,27,166,5,9,-94
-161,46,47,32,-14,-21,-24,8,-35,-14,-26,42,-85,20,-196,-14,138,57,-17,142,56,-144,52,-30,42,43,-8,-105,-79,-12,-79,-112,-17,-83,-82,-25,176,6,26,143,-19,-53,-21,22,37,85,119,-34,-108,-78,123,7,-127,-124,9,119,96,-50,111,-70,-106,-14,54,-6,95,54,62,-131,-169,38,41,-11,185,6,-74,-117,-11,-5,70,165,-25,-34,-90,-9
35,180,87,-26,92,233,-52,43,-116,-38,67,-58,50,-53,53,-18,-76,-111,61,-23,-151,38,43,42,-71,-24,-86,-11,-63,-83,164,-57,87,73,61,35,-125,-53,-127,107,-103,-6,13,-34,-33,79,-21,161,36,-106,-19,1,2,-71,1,-89,14,-73,50,214,57,109,42,157,112,30,19,10,-8,156,57,-96,-24,117,99,65,-43,74,149,-51,-76,-52,-38,99
2,8,-50,-165,88,90,115,108,-143,139,-28,-63,17,87,-4,-120,-4,-76,90,-105,17,-20,-117,21,-116,41,-37,-33,62,10,-13,86,13,242,-3,-62,-63,-12,65,159,21,-5,56,-15,-123,-16,43,104,41,30,67,-84,52,90,-126,-77,-89,-21,149,59,176,-74,-116,-72,22,50,23,-146,-40,-4,75,-14,-69,-20,60,-94,30,18,-19,83,145,66,88,106
25,74,137,55,118,43,94,-86,-81,56,34,34,67,28,44,-43,168,-30,-5,-67,-21,-65,117,101,-45,21,-21,89,-45,-66,7,-14,96,-5,-33,1,-53,13,135,94,-54,-139,37,170,-98,29,94,-19,68,6,28,-7,73,29,17,-127,24,42,38,83,107,21,-10,-63,6,-131,-77,41,141,119,49,139,-49,92,175,-79,134,76,-104,154,-2,8,41,-154
5,39,44,-42,205,79,-47,-84,-35,-4,5,-58,109,137,-53,-104,42,-71,-100,-36,58,15,-34,72,106,74,0,6,-16,-11,-69,-15,-109,80,66,21,93,71,-3,128,-41,-150,121,129,81,-31,9,76,36,55,100,14,14,-100,-138,113,79,-12,87,-74,-46,6,-29,-15,134,-64,68,-36,83,64,54,101,147,41,-43,-117,44,-52,-22,108,18,38,-4,-30
96,224,-45,170,30,-2,15,38,26,221,163,67,-37,87,39,123,-144,-22,-45,15,-56,19,61,16,-84,16,13,-66,38,81,79,0,104,-88,85,207,-107,-25,37,-21,58,11,138,17,-62,7,-86,-50,102,86,-18,-62,8,-34,2,-104,98,-27,48,1,94,37,9,-22,-74,-5,90,17,-1,81,28,179,-41,-89,-39,25,-9,50,-5,-61,23,309,72,67
20,-32,-59,193,151,30,-9,7,0,53,80,-181,170,4,-75,32,81,-45,34,54,78,62,-9,-38,-44,76,-26,21,-39,-113,-125,95,13,13,21,58,49,108,8,118,-20,-74,-58,37,-11,-3,56,-60,-7,46,-22,140,52,115,-239,179,-52,-117,160,-32,-210,-98,-27,-145,132,45,26,-13,10,-108,96,18,10,-12,-46,-55,17,-80,-19,171,-29,-38,70,-139
-29,197,117,-41,196,71,75,-8,49,-108,-88,26,-64,81,-42,96,37,-87,70,-24,70,-4,46,16,-68,183,-54,-25,53,98,-80,93,-35,16,36,94,72,121,15,149,47,45,123,86,44,-14,15,-71,64,125,105,-158,73,203,-11,-8,79,-55,94,44,58,56,5,111,68,2,191,-95,128,-8,27,-6,75,-23,-113,62,64,56,29,122,112,-2,67,63
-193,-5,23,76,-139,3,66,100,69,-119,-6,37,-104,45,-172,-33,24,-42,6,81,106,-106,84,37,8,-37,-110,-17,-4,-22,-146,-32,-16,26,46,-28,-11,32,22,-13,81,96,-228,78,-11,123,10,-132,68,-22,-57,-5,15,-43,-63,-99,1,13,109,69,-7,-71,-16,83,32,33,101,-154,14,-125,118,-107,-34,137,7,14,114,-33,-63,82,40,-35,8,-58
12,88,-136,-5,71,11,68,-39,114,76,68,-60,61,-52,-106,27,62,-126,-20,103,96,-90,-41,-19,-55,138,51,114,-100,21,34,25,-66,-73,-43,-28,16,75,21,65,50,-37,6,-60,-41,6,133,78,-60,72,-34,158,17,-12,-128,68,208,189,-13,21,82,30,8,50,82,-1,9,-90,7,-200,53,52,94,-85,5,-12,2,-122,-165,104,117,60,119,71
46,8,-114,54,-85,-11,-107,13,50,-143,-125,58,30,103,95,144,-17,-44,50,10,-30,104,38,-96,-90,123,-36,45,15,-81,25,-53,69,30,-82,-23,-28,-17,8,-9,7,-106,-42,106,6,-75,-61,94,-13,64,-41,20,-15,-28,78,-19,29,28,-56,2,20,32,-68,-43,-16,9,2,122,49,16,11,151,22,79,20,-20,73,75,-37,106,52,43,144,-29
-125,92,-61,14,69,-142,5,53,165,-57,-136,2,-203,95,24,46,-23,-122,63,-24,47,-95,-35,-5,24,4,111,130,-59,106,-83,98,-71,-148,-85,-14,45,1,-57,66,131,37,22,116,17,-153,-63,44,-103,-6,147,-54,-110,97,-74,-151,77,-27,22,-52,-3,84,-47,23,-109,32,-22,-91,4,-12,37,3,76,45,-132,18,-75,-35,-97,65,-36,-62,1,45
-142,-69,122,60,-93,129,38,-102,12,-34,100,21,-107,-60,10,70,-14,-14,145,130,13,15,145,23,79,-153,-39,66,-91,16,-17,48,-55,44,-4,-54,12,120,75,-86,-57,-41,-44,-9,49,23,142,-53,26,-76,-78,45,72,63,76,-59,-92,94,177,67,-16,9,85,-28,126,-48,72,53,113,-5,172,-182,-89,53,97,93,90,14,8,101,-5,-165,-30,-46
-14,62,-19,134,-44,68,54,21,-17,-43,53,82,-20,-57,111,-24,-37,-57,-92,5,6,-14,18,10,118,-18,-19,27,-82,113,69,12,64,127,48,-28,24,-135,61,55,-44,-41,118,115,-23,41,-151,94,56,60,-35,-31,133,-92,109,51,-24,27,-52,-115,27,61,37,19,53,29,14,2,-8,86,4,113,108,51,81,-62,40,-15,80,-42,28,32,54,73
66,-80,140,-134,74,-74,119,-53,22,85,-25,-4,35,-62,-46,-41,69,69,130,-6,89,11,75,52,201,80,11,-64,45,-67,-12,10,-15,26,-83,-8,-49,157,-31,81,32,30,94,16,53,41,78,-185,0,82,-81,108,19,12,-9,126,-26,214,114,-7,-72,-122,-127,-85,-100,-78,-28,-110,154,-160,132,-103,-11,146,27,49,164,130,-132,88,86,-32,91,-50
29,27,-1,-79,-92,-83,49,55,-150,60,73,113,19,14,-27,-154,103,120,32,30,23,-48,151,144,29,59,-30,-4,25,42,-32,68,43,63,-80,42,-1,19,80,91,113,60,-37,-8,-143,116,53,50,70,135,70,129,20,-193,-14,142,15,-94,-25,28,143,-62,96,-105,-64,75,25,48,31,39,19,91,-17,58,75,-108,166,86,-33,180,84,-6,61,14
158,31,-136,54,-36,-49,21,2,-73,206,-19,-44,55,-3,-35,103,111,-10,-21,7,135,62,51,29,123,18,75,-33,-73,13,47,76,-24,-15,-28,22,-95,-66,42,26,-111,45,5,122,-86,19,95,1,106,5,-116,67,114,-101,-74,78,-79,-88,-7,-40,-49,-34,12,-46,-123,-105,-67,113,-54,61,-7,56,-125,35,-46,-100,109,107,-10,90,69,-164,158,-98
-111,178,105,100,-3,35,-34,182,61,-70,16,-29,35,75,-178,31,-19,43,-47,23,14,148,-29,80,-76,35,-32,-125,-75,12,-32,-18,44,-4,9,-25,-19,-12,-164,-26,33,-12,-35,-5,58,-33,158,-44,-46,-2,-12,-42,32,69,-16,86,-30,52,49,-12,-115,-91,13,-18,43,101,106,56,-28,15,87,44,-108,-94,-89,59,-57,-21,-8,83,12,-35,22,32
51,38,-119,120,192,-27,-23,80,11,49,30,47,73,-25,35,54,127,42,127,54,-12,-110,100,92,-40,135,92,142,97,-53,-10,198,109,-27,-26,10,63,49,1,155,114,23,-27,69,-55,0,62,-13,9,29,1,161,-28,55,-51,-55,-11,77,64,-46,2,54,30,-73,22,-18,-35,88,-9,30,171,-37,9,-86,19,-27,68,11,-70,257,-5,-78,-14,123
130,67,89,26,102,54,-72,95,-165,79,-118,78,30,33,41,-26,-25,-6,78,-61,16,27,71,-55,59,70,-4,91,19,32,-37,74,-1,-8,-10,13,-55,-29,-83,78,-7,32,-36,75,-55,4,49,-16,-7,43,29,-96,12,115,9,60,-13,-13,22,71,-37,-53,37,50,96,-82,-35,-54,29,13,55,2,-14,84,-104,-31,-37,162,9,169,16,-105,29,-25
-14,196,66,-79,105,62,-3,-58,-80,-16,110,46,17,82,-47,76,52,-44,-46,16,-6,-26,25,67,-148,37,17,-128,101,-23,95,-49,48,-27,52,29,12,-37,37,88,1,-9,10,7,-26,-8,9,40,-58,68,112,-182,47,105,28,-169,-16,-73,-88,154,255,100,54,82,-28,-27,127,-65,36,174,-32,20,119,-172,-117,39,63,-58,-17,105,27,175,102,160
33,95,40,46,-104,53,4,-42,75,113,88,-1,-3,-18,-120,-47,-46,0,-147,-84,-131,-55,40,81,-69,84,0,13,-115,104,131,34,170,-52,100,207,74,48,-1,15,-46,56,81,48,-72,100,-2,-88,3,74,-14,63,69,21,39,94,-9,-94,5,-16,53,11,-24,174,-102,22,-60,-6,71,157,-39,-4,-17,-8,113,71,-112,-35,75,7,-86,127,-54,118
