95,-56,87,-18,106,58,-81,-14,-53,128,136,123,50,-27,-11,28,117,18,-26,-9,-114,-16,-47,-46,-126,2,37,126,-137,146,-28,96,64,120,-12,7,42,-35,-28,56,7,-101,138,39,101,58,60,94,-135,149,-155,-4,-69,-151,139,48,64,-97,27,-53,12,6,-62,10,117,94,46,25,19,-50,-74,61,200,-21
63,48,98,163,35,55,53,37,-109,40,110,89,26,-29,6,-16,148,46,76,42,-63,37,-31,54,-67,-5,2,9,78,77,28,56,70,79,-56,10,34,1,23,65,28,-59,57,-26,173,16,42,82,48,168,-20,153,97,89,34,-81,53,116,-59,59,159,-13,31,-13,151,119,-71,0,113,81,81,107,136,70
-7,85,26,-12,83,-8,59,37,-29,79,93,116,100,0,20,9,-1,43,-46,-29,-47,65,-12,-8,42,-1,20,56,18,-27,-26,-14,-73,-18,-30,46,32,24,143,36,15,-55,113,-6,-28,-54,-84,-49,-67,69,124,109,-13,69,-9,-61,36,37,-87,12,9,-6,9,-19,69,95,-133,-2,-16,-58,66,39,109,20
13,30,9,-47,105,14,42,-3,157,-78,101,-33,-26,-74,-12,-88,-2,-137,-49,5,-126,80,6,21,136,-132,12,-29,-20,-1,65,-40,-104,106,99,-41,-86,142,-67,-39,4,-51,73,55,-29,-33,12,34,-87,-41,-57,-15,121,-15,8,-107,48,69,3,-58,-102,-74,0,31,-12,112,-65,68,2,-102,-184,-48,120,-13
19,-20,87,118,-47,-43,-39,106,-96,135,91,174,-15,50,-21,64,-4,116,-21,130,31,-114,55,-41,-25,97,16,47,-44,-8,37,2,58,-5,-40,27,145,-21,63,-32,32,-5,-22,-70,115,14,141,-117,-136,78,-43,89,-93,3,126,44,-30,-16,-89,57,152,191,12,3,71,44,31,12,125,79,-20,13,125,85
-73,-72,55,-39,66,-56,91,114,32,-22,137,42,49,141,88,-120,-6,-54,-149,-16,-103,-5,98,-42,39,132,-51,-33,122,0,34,64,-37,13,-15,-68,-58,91,75,30,89,-29,-48,11,54,-55,66,-10,57,111,2,-75,65,64,196,46,-49,-53,35,-61,29,-150,29,63,70,9,50,121,-31,-138,-154,35,-102,117
-19,-184,27,58,-33,37,-1,58,-43,8,78,-26,60,-10,17,103,17,64,24,106,30,-49,10,-99,50,-22,54,115,-81,-13,49,-46,17,-9,-19,-142,-73,83,-83,9,-58,-180,32,28,95,110,-76,38,-57,-23,69,-13,3,0,135,69,-2,4,-22,-20,64,30,13,131,127,24,-62,73,18,3,-52,89,68,25
111,-76,25,-52,12,-5,-62,34,62,63,-16,-18,50,-64,-64,-79,40,-62,48,-171,-117,107,-67,27,-30,-34,97,-66,-73,43,-38,-69,-109,-10,235,-26,-58,-35,-65,7,105,18,83,-44,-40,15,-22,55,-33,128,102,-81,116,103,-23,76,126,42,41,42,-126,1,78,104,-54,22,-46,42,10,-133,-47,60,146,-97
-61,32,-38,62,73,-21,67,-63,-112,57,31,-22,-83,-55,0,-22,-58,25,-24,135,-95,42,42,-84,-125,-113,17,-122,94,124,-72,88,8,-10,-112,81,42,-79,-24,66,14,19,-27,44,7,-4,8,-1,-78,2,-56,21,1,30,-101,-61,0,95,-120,-13,113,-56,75,-55,171,37,-37,80,118,49,57,128,46,50
66,60,146,-48,94,-71,-5,-57,16,109,22,-96,-56,-91,107,-112,37,7,17,-58,-150,-79,-23,-29,-19,36,56,-66,-17,-8,0,46,41,100,11,147,8,17,40,-79,-60,-20,4,-51,107,143,105,27,-3,71,-8,29,-57,78,8,-2,19,34,-20,94,-82,35,1,-54,169,0,-85,-77,-5,30,1,-19,120,-28
56,-17,87,-180,-178,-135,-58,73,21,-24,-172,-61,-40,-5,-1,15,-9,33,-36,-103,-9,17,-39,-101,-24,84,-91,-64,-67,34,4,17,35,-4,-9,-62,22,31,71,111,10,-83,-30,-64,-15,61,15,-6,-62,-61,-14,15,-15,67,75,80,-132,-104,61,-26,-71,-48,18,8,55,7,110,-45,-142,10,-25,-56,-37,56
2,-51,186,50,-33,235,-19,74,-55,81,-2,53,36,48,88,99,65,-6,-1,3,62,1,-30,63,-90,89,142,69,-56,-50,-92,-8,-56,4,52,-88,11,95,-41,-62,44,-66,66,49,29,130,-158,0,15,77,-96,11,2,-106,98,128,58,43,6,150,-72,47,77,56,269,-20,-169,11,107,-26,103,108,63,109
73,83,5,72,26,115,-79,-81,-51,109,100,0,-12,111,-18,-9,61,11,-36,20,-221,10,21,76,-12,99,-19,34,136,84,-102,38,176,71,1,77,-6,-41,87,38,153,-100,-54,50,64,-58,-5,46,27,-15,-68,0,39,10,5,-40,81,37,17,-85,86,-64,-65,12,100,-21,-78,27,214,-21,16,94,114,57
48,9,65,-72,-40,-42,73,6,-52,-38,29,63,63,8,34,58,33,23,52,-23,15,-29,94,14,106,74,-39,1,36,56,57,-58,-87,-7,75,-34,8,-24,-36,29,-104,-96,-26,2,-87,37,55,-46,-66,122,-19,63,84,122,9,104,-77,47,86,12,-33,-33,211,153,13,30,-48,96,70,73,-30,95,104,113
-30,-101,47,35,88,21,26,-101,148,36,142,65,6,-24,-12,-63,18,69,41,-29,-13,149,95,-29,-27,89,127,26,125,74,-63,72,-72,-22,-50,206,101,47,16,-32,19,106,57,63,135,55,-21,81,80,0,143,-19,59,79,40,50,60,65,48,-25,115,-7,93,-75,49,120,-10,63,16,13,87,74,141,-30
-10,23,-159,33,23,16,-26,6,124,95,80,48,6,40,-50,-40,-19,41,6,149,-80,-127,48,84,-13,-71,41,-74,43,-68,-47,8,102,26,-21,-71,112,-43,-23,-57,-76,28,-45,10,-11,-40,-3,62,244,-66,104,31,152,69,74,-35,37,-5,108,-9,121,-88,-103,58,-33,-1,19,-47,1,55,86,-123,9,-22
-49,-23,87,114,-127,7,50,29,-66,91,133,-29,-28,-127,76,-37,-12,93,52,-125,44,-6,106,-60,-59,12,41,47,-5,59,-45,80,-97,2,67,-1,62,40,-46,-62,-27,32,-31,36,32,39,92,-114,-80,0,20,57,48,38,58,-21,-37,21,-68,-27,23,-11,60,11,4,-8,-53,-165,-15,68,-1,-26,68,81
-31,-61,80,92,-3,8,73,77,1,-81,128,91,41,-49,-44,47,-24,24,-55,0,5,37,-55,-78,-22,60,-92,28,1,-5,48,1,-86,122,-76,30,-69,-11,10,-54,32,-213,74,67,-159,53,-91,-22,-74,95,110,13,70,-58,48,20,-98,19,-39,-107,-9,-100,-61,7,65,-63,-29,-59,21,-136,-25,116,29,-24
29,65,40,60,111,-71,39,-91,75,150,-17,165,103,-48,43,134,90,21,44,63,53,45,5,-54,-172,108,46,70,92,80,-117,18,38,58,-92,79,7,13,-27,113,238,62,34,-80,12,65,56,81,10,99,-69,77,-84,30,23,-51,41,56,52,-49,152,-96,121,77,33,-97,58,39,103,-20,50,149,-18,-43
12,-7,83,-111,34,59,-129,59,53,116,-128,-44,-59,7,-79,-38,46,17,19,-29,43,-5,3,112,18,-82,27,-2,61,-12,-28,112,109,-43,120,88,69,-37,-101,-41,-55,111,44,72,-133,-3,-35,-54,-22,15,-52,13,30,-87,-122,-17,18,-59,62,44,-44,64,-94,-108,-10,60,10,28,85,12,107,-57,49,-49
78,-31,-28,-34,-19,14,-15,-45,-85,142,52,190,25,-24,2,130,36,-60,29,42,-20,-130,39,19,11,-242,23,18,5,123,-96,31,45,37,-4,-89,49,-84,-33,33,131,37,-4,-14,20,-8,95,-73,-97,0,-89,-54,-110,69,85,-2,-16,-41,-2,54,109,84,-5,123,185,-27,67,16,5,-62,80,20,96,100
-1,92,-12,-30,75,45,4,-33,-43,107,24,144,13,43,-72,30,-3,74,-25,25,15,-42,67,-26,-77,-49,22,25,-104,-3,10,117,48,85,-112,40,146,-102,-173,40,-35,-34,43,-14,8,-18,47,-21,53,73,-85,-28,-48,-171,7,30,-10,-35,-1,-1,136,80,14,9,21,36,80,53,3,45,27,22,69,75
1,78,-44,-23,82,12,22,-105,-36,24,87,89,18,-72,54,14,-2,148,4,182,-27,-19,89,-55,-70,-29,77,49,42,38,-16,21,123,-22,-149,64,66,-102,54,36,32,-62,-1,-23,134,41,169,166,126,-11,62,-124,-50,49,51,66,44,77,-17,-65,98,53,-6,74,155,7,77,19,41,17,64,5,71,125
85,-24,98,-30,83,-180,160,47,-137,9,-62,4,99,-16,125,91,20,36,45,35,15,-27,55,-21,13,36,18,66,78,-27,7,-124,33,12,110,-31,47,25,71,151,-30,-64,16,24,-3,-52,-9,7,-77,79,-101,243,-90,239,-97,-38,39,21,-34,-11,-76,-97,-10,22,-19,-63,1,99,92,132,34,10,-181,-48
-25,3,81,-175,214,80,73,1,78,30,-19,38,95,-167,16,-23,-47,-54,35,71,-158,162,-39,-38,53,63,29,-2,-47,-114,33,19,-42,-94,11,30,-112,-95,172,68,140,13,83,33,193,105,8,104,32,50,169,41,103,109,55,166,31,-35,31,-62,-11,-117,29,31,55,7,28,-24,-66,-59,-80,-69,14,-15
11,98,3,116,-21,-96,-21,-42,-19,6,84,38,-95,-119,48,25,1,-6,-90,93,-107,-44,80,-84,-30,39,-22,16,-12,-57,129,-7,-62,87,-51,122,27,89,171,53,-118,-205,41,-37,20,7,27,44,-49,-7,-19,-5,-20,16,-34,-23,-67,40,-104,-53,-7,98,-1,-67,29,39,-48,-79,-18,108,-6,-115,116,-19
-8,1,45,70,75,88,-56,0,-73,77,83,84,-16,-27,-99,36,3,-95,83,112,-22,-178,50,60,38,-54,134,23,11,117,5,-15,111,24,-18,49,39,20,-105,-33,32,-35,-133,227,1,12,69,30,-67,160,-53,-106,-108,101,-45,-95,17,-8,-34,41,113,66,-91,145,150,109,21,86,255,-24,69,14,130,47
21,91,79,34,-30,57,25,-156,72,126,73,77,-49,-77,-69,-5,-71,-13,146,-60,-25,60,36,-102,5,39,-68,7,37,1,-26,29,-22,7,-128,-37,34,45,144,-67,6,23,131,-4,-93,41,31,-60,-92,-55,75,14,28,-29,69,-1,-27,-7,-13,-28,-11,14,8,19,49,-16,-9,-10,40,-60,79,47,145,-108
87,62,54,-13,83,-58,91,68,-90,10,128,124,-13,-35,45,67,52,75,-5,217,-4,-13,210,2,-101,-41,73,22,83,-6,-72,-44,2,10,6,5,-12,-74,-41,99,100,-79,43,-32,58,-16,52,0,-3,91,59,-8,16,87,7,3,-31,87,-61,-37,123,57,82,82,90,14,33,57,40,36,1,48,127,120
44,18,-58,43,-99,24,10,-68,-166,-3,60,-65,12,117,121,-49,23,129,27,21,-20,38,47,-32,-43,83,-40,42,-69,-52,70,-20,-93,-58,22,19,84,37,-4,-67,-92,5,14,42,51,-85,-160,63,23,14,-1,-14,-6,-81,-4,29,3,-63,3,18,-180,8,-18,11,2,18,-171,170,-147,-79,36,12,-26,-54
6,-31,150,-177,26,17,-21,-75,26,-79,-15,40,-75,-91,122,19,84,55,12,-139,-82,73,95,1,123,80,40,-7,84,16,-89,-94,-108,28,165,11,12,1,-63,-59,-173,19,-96,-56,77,34,-149,77,3,-111,-93,46,-14,81,-25,54,163,84,103,-58,-64,17,168,-66,-105,24,-21,30,46,13,-103,-25,6,4
-161,-122,0,85,54,-24,-32,-12,-57,-7,201,-22,-21,-43,42,34,31,49,-91,-16,-37,59,-68,-154,-95,72,11,26,159,32,-89,26,-45,-82,132,89,13,72,-28,-22,3,-18,-36,-42,50,36,27,148,72,-93,92,-64,-13,10,18,10,36,238,-90,-146,115,-2,107,-61,-52,108,118,107,152,-38,-100,170,75,45
-94,36,70,42,-34,-67,106,-86,41,54,73,89,43,-80,-86,168,80,-63,44,86,-29,38,-26,-110,-39,-106,6,102,112,81,-17,113,-45,-105,25,22,117,45,-115,3,74,-17,104,-17,80,-2,196,17,60,-40,34,-136,-91,137,-28,36,13,74,33,-38,102,101,141,22,55,149,110,1,87,-42,-13,94,185,86
159,-105,73,-87,-3,102,-27,-2,-127,7,-50,-89,-27,29,-12,68,105,66,15,53,67,21,28,91,-6,40,-20,8,59,9,37,64,36,78,-27,-1,-18,13,-18,-84,21,50,53,82,96,49,-22,-15,-9,39,-130,78,27,34,-25,59,-33,-69,29,-12,-138,57,-31,-72,91,113,11,107,15,172,-16,4,61,22
-56,-75,88,73,-41,-3,-13,36,29,91,60,34,-18,-19,1,-27,79,-8,-60,-32,-8,-41,4,-66,49,13,-4,-61,89,-88,109,-2,-65,33,5,85,-68,107,37,67,-50,-124,-66,85,-1,121,-7,-109,65,125,26,55,73,33,-51,7,-30,94,-181,49,-138,-17,-17,-97,24,2,19,36,3,57,62,-31,-44,18
116,41,-13,84,134,-76,125,99,-110,134,-6,4,-9,102,18,-50,17,-3,-1,29,-69,-22,149,55,-29,-76,66,-167,-140,-23,-29,8,88,113,-23,-109,3,45,31,125,159,36,-38,-82,187,1,133,-6,0,55,-35,-66,-44,235,-11,27,46,108,-166,230,56,127,-29,140,31,-18,-6,103,70,55,65,176,116,12
21,106,-131,123,43,-121,186,-39,-70,1,27,92,50,-26,119,62,-33,68,-43,49,-62,-1,135,84,31,28,-102,140,-33,-109,-9,-50,-38,31,11,57,-63,-86,79,66,-67,-152,52,-89,-116,-6,-6,70,-57,-8,31,124,0,-35,-143,43,74,98,65,-83,25,100,51,18,-19,-124,-85,-32,10,103,16,175,-77,19
-5,-104,92,58,87,47,10,75,-60,90,44,26,32,-24,-1,14,-30,15,31,2,13,-16,-98,56,-97,-93,85,65,55,-36,1,10,24,-100,5,40,-61,17,3,-12,81,33,46,84,-68,33,13,9,-57,78,30,78,6,-19,6,-29,43,69,-187,128,-62,47,21,57,77,58,-38,2,116,-48,112,127,7,-49
-46,-127,96,51,-53,-122,22,96,49,-48,34,-16,-33,-118,-33,-51,-59,28,29,113,-27,18,-19,3,97,-55,57,-8,-12,69,10,36,28,14,-31,70,21,-32,70,16,-11,-117,-39,102,133,24,2,132,2,-30,59,73,37,184,0,-9,-20,86,-47,53,178,-43,-91,71,78,64,-68,-17,-50,20,13,46,53,1
-93,-114,14,28,78,28,-37,-60,62,-8,4,37,6,64,-121,39,-84,47,46,-159,-91,2,-184,-18,30,-6,-19,49,-95,-53,-100,41,-39,87,-34,23,11,-14,-28,-36,22,-40,-24,23,105,45,62,62,32,-46,108,105,26,23,122,68,51,67,-76,25,3,-13,35,19,-16,127,73,-86,-86,30,27,-19,46,17
46,-85,181,-39,40,-6,-64,-69,4,29,110,-89,21,-112,-58,-14,-93,87,154,48,-19,31,-100,41,23,72,63,26,-54,82,-29,56,205,55,18,64,85,-64,-56,-36,51,-25,8,164,82,109,83,-10,17,-53,84,-17,22,45,128,74,21,-77,70,59,2,-99,-68,87,155,58,110,-17,-70,-127,-32,38,58,-70
134,-140,81,6,-108,4,36,-43,-165,72,39,-29,56,-96,47,86,-25,71,112,-47,109,22,-79,-8,-98,101,66,27,-6,122,26,46,123,-26,-45,19,107,41,49,40,-22,22,-33,-22,52,114,29,-17,-18,12,-180,6,-67,10,23,2,45,-20,21,184,-150,6,12,23,-2,-17,34,12,-42,-54,-15,117,-78,-25
-21,-56,32,68,-14,67,76,27,-54,-50,46,-65,49,-97,-12,-64,13,46,70,-84,65,106,4,129,-37,-34,89,24,-16,65,42,44,49,51,-38,18,4,-55,3,-4,38,27,8,68,52,-78,-72,-16,23,64,-26,126,54,-13,26,-68,102,-32,35,-102,51,-148,-14,2,-59,65,-63,-53,62,-53,-69,205,-90,20
-77,-91,72,4,14,72,83,-23,59,19,-22,-11,26,-112,14,4,55,-78,97,-169,7,195,-85,16,-30,7,-166,8,52,-55,-1,139,-31,-30,-42,39,-95,36,111,9,93,47,-22,4,6,60,-18,-18,3,117,102,42,51,-12,-52,65,-17,34,-79,-25,-11,-26,-31,66,101,-16,38,26,-189,-29,-57,121,-77,19
-61,-37,88,31,-90,54,-6,126,-32,83,60,21,-48,79,-2,19,20,-48,-115,-46,88,37,46,-113,37,70,45,7,-9,-56,127,77,19,85,-32,17,58,126,-3,51,14,-14,-6,29,104,-66,-149,-107,-64,42,-152,15,-46,-60,78,96,-77,-4,-77,-6,-39,-58,-7,-89,65,-4,-98,36,21,9,-44,81,33,-29
-5,108,1,102,52,7,-45,-17,10,110,100,65,76,73,19,74,92,18,-63,145,120,20,192,32,25,153,69,8,91,109,-33,20,-18,3,15,-10,17,-13,-63,-51,27,55,130,-18,61,5,48,-19,118,131,32,-31,47,86,19,-21,127,-30,70,-72,119,-136,112,29,-119,-56,95,118,-89,-35,-116,14,46,112
98,-56,-101,30,26,50,2,73,-65,169,35,-35,22,74,9,-59,84,-161,-71,-43,15,-36,77,104,-126,161,42,-118,18,94,-181,73,59,-19,-33,65,-81,51,44,-102,212,-15,-31,-78,38,58,19,24,106,89,68,-59,24,56,-83,46,113,113,67,77,56,-24,-37,110,2,-64,26,17,-33,-12,-27,127,68,63
43,-32,7,-18,92,54,49,32,-22,25,4,80,23,67,15,32,-31,-17,-34,64,70,43,101,58,27,98,6,-29,29,90,33,89,-4,-7,-41,58,-18,64,-8,-86,40,30,85,1,258,13,86,45,24,-84,40,46,-43,89,27,71,22,119,170,-121,69,48,-4,61,-18,109,41,141,-53,-21,-100,96,174,67
110,-45,94,65,38,27,95,-80,-111,79,97,-53,21,-35,-3,60,78,-17,-48,-69,-69,-8,14,-39,44,-33,172,68,-37,43,34,-71,-30,77,159,76,82,-88,-107,74,83,-76,92,-162,123,75,64,14,-6,45,-21,-130,-8,71,14,200,52,61,49,-18,29,53,97,75,-85,39,62,59,87,35,-80,119,72,-107
64,59,-29,88,5,3,-72,112,-54,41,56,22,-48,3,-43,-12,57,89,17,83,139,-40,115,87,-23,61,-65,-87,-44,60,-40,-76,92,-52,-89,13,-80,-88,17,-58,-25,107,-45,-82,100,-21,93,135,-87,91,79,4,88,95,-44,-85,-1,30,9,9,223,61,-50,229,12,22,75,63,-90,9,46,64,128,113
-14,-61,121,43,90,24,82,58,62,29,54,41,97,-117,-51,140,40,-6,61,62,-41,2,-78,82,74,-64,35,81,32,-65,117,91,18,33,-54,105,55,65,83,-174,20,-8,182,113,254,-9,56,67,23,82,117,62,67,36,80,-3,-82,66,5,-111,-56,59,4,45,91,78,93,-19,-3,-124,-82,-18,85,62
55,160,-57,55,93,-80,18,-21,22,-4,-26,-128,-51,-58,-57,-63,-32,-43,-34,-47,-136,38,-54,3,-119,47,-49,-148,-107,-42,-20,82,217,100,74,14,-65,17,9,127,44,-195,89,-60,-84,22,48,-59,97,8,128,-20,104,-85,-128,-72,3,88,-86,-13,-25,-87,-26,75,-23,-56,-58,-79,-89,-27,-32,-23,86,-98
2,5,-30,-11,-5,112,-50,-5,-39,-3,22,-13,-110,46,-27,-56,61,-33,-22,-19,-28,-30,73,38,53,7,4,-71,43,-93,186,-50,62,-7,-63,-32,26,-37,-91,115,-112,0,14,-72,34,-94,-68,-32,-83,24,-119,7,-25,-45,-88,47,95,-20,-57,36,-139,-7,-53,-138,-28,110,1,7,40,153,80,-121,-48,-103
-13,74,61,-26,53,-11,302,-50,85,-28,44,141,200,-42,-4,207,52,43,-31,-59,-25,7,-63,-66,107,-123,-32,201,48,-101,-6,-50,-143,-40,-56,82,44,-23,34,-41,87,-1,87,71,1,-107,204,-50,-31,19,8,216,-126,33,-58,20,-38,45,-75,-77,-85,93,23,-19,-11,40,102,-132,101,48,4,31,-61,13
-125,-58,97,-18,66,64,-64,58,-48,207,-78,-33,78,-33,-89,63,15,71,19,130,-35,110,-89,26,2,41,163,-26,-55,12,-8,122,67,-76,8,52,-78,-39,27,188,174,-25,-22,55,93,159,67,-18,-4,76,-2,112,17,19,48,154,18,-4,-13,43,179,25,12,-30,134,34,68,98,78,-2,17,206,41,120
-34,-93,-26,145,-50,21,-8,54,10,117,218,100,31,-80,93,-38,-90,136,69,76,45,37,-49,-47,-67,117,-31,79,-81,-130,41,26,1,-64,88,-3,76,26,-37,122,28,-1,-58,41,44,23,-34,21,19,36,85,94,115,-73,91,102,-35,57,44,125,56,37,-26,13,99,-17,-1,46,33,-57,102,50,10,-80
22,-14,38,11,150,58,-98,-6,-12,87,37,-69,0,-33,-56,70,93,56,46,59,-69,-57,-42,141,-76,26,104,38,16,11,-44,76,120,20,115,0,40,-54,-34,12,-22,-22,48,-19,-86,59,128,34,43,108,-38,-54,-49,-92,28,79,64,-10,22,-8,-88,110,5,8,68,70,14,26,68,29,-24,37,94,-25
37,-62,120,-70,42,2,136,-74,-53,-40,15,94,36,-141,106,47,27,-106,-12,-49,-161,42,105,-9,-91,51,109,100,90,85,-17,-37,-81,0,89,-42,-113,-29,-30,75,131,-83,41,34,53,78,36,72,-4,53,9,-49,-9,106,-5,94,28,16,93,-86,86,-8,152,137,42,-27,47,-68,171,-25,-84,125,84,55
49,67,-35,35,160,-73,132,-87,85,-48,139,100,90,-52,84,88,109,-10,-85,31,-70,13,101,-29,29,-50,36,157,108,105,9,36,45,52,18,76,43,-11,34,96,121,-64,109,-111,82,44,76,14,-30,-116,-20,-32,-57,99,-33,-67,-37,42,37,-100,69,45,144,43,18,126,87,15,36,70,-80,123,101,-67
64,55,-27,15,84,-71,202,94,56,25,65,42,63,-12,-65,112,-42,-131,-12,24,-62,-78,54,66,110,51,-88,6,55,-75,56,118,-13,-6,-31,-23,-25,-44,119,72,113,28,99,45,117,37,169,-77,137,4,91,91,79,124,-44,-25,-47,79,21,-92,49,61,32,-28,-54,115,105,71,-5,129,-36,40,125,85
77,26,23,37,37,-89,103,163,-45,-42,-14,-99,6,-13,-68,54,11,44,55,223,168,-132,47,-9,-12,-98,77,60,31,-161,27,-11,74,18,75,32,116,49,-158,111,88,85,-27,99,-44,-68,20,-14,34,41,-14,-67,12,95,-60,-62,-99,-100,-91,13,-51,-45,-96,61,-120,21,143,155,65,100,41,-2,-99,-90
-68,11,-93,-13,-5,6,0,33,12,115,16,-24,20,62,-57,19,141,67,-28,79,38,-16,95,-18,60,-97,83,-58,21,36,11,64,55,54,15,-101,-126,169,-130,-49,32,114,-45,9,-33,152,97,-69,38,-13,-36,68,-17,33,12,-23,15,70,48,-4,83,83,-57,-63,-70,65,140,115,108,31,-90,118,22,108
-34,30,6,81,-103,-123,-168,12,39,21,-2,32,-71,-15,-115,-3,123,-9,63,-36,26,-11,8,70,-75,43,-89,-59,37,67,-88,-10,77,79,-10,-31,-17,103,131,-40,-64,-196,17,-68,17,-87,27,118,77,44,67,-27,109,38,67,-118,-3,50,-43,17,53,64,51,122,17,-14,1,-50,-95,-128,23,-102,94,99
185,19,50,69,-34,-79,127,-44,-83,39,123,44,26,-69,64,59,75,30,71,79,-27,-107,4,-86,-24,-51,-45,-21,140,119,-42,123,48,166,-40,90,270,45,40,-70,27,-69,34,46,117,-22,111,42,106,32,-13,-25,-16,121,29,-157,26,124,-100,23,58,-61,12,-31,34,24,71,114,41,22,-17,-34,85,29
40,15,32,10,-57,-59,86,-40,201,28,21,3,3,-94,-117,99,47,36,90,-23,67,140,137,-54,131,-14,123,143,48,0,101,-188,-51,106,0,-59,-34,25,10,165,-61,37,165,37,2,139,22,-5,-45,-82,-23,75,90,49,56,63,17,-28,-9,130,15,47,201,-30,-35,131,52,-78,12,170,-55,-74,36,18
-102,-85,-73,115,56,-28,-9,-2,117,-70,18,35,-2,-85,-44,-75,-64,-100,76,-11,-33,47,-47,4,19,11,24,-72,4,5,-35,-24,-46,79,6,-102,-106,36,64,117,183,12,85,-57,-20,-9,60,-64,-35,-50,82,-62,74,83,-34,4,27,64,-5,123,49,9,61,61,-56,-48,19,19,75,-52,20,113,76,-101
-123,-58,-25,230,52,-50,-72,93,-5,4,71,61,34,81,-53,-35,143,-69,-121,34,5,-48,36,63,163,-81,8,155,42,22,80,-13,-124,13,7,58,-96,59,-38,-62,-12,10,55,96,6,-2,-28,109,-94,96,105,-71,40,-5,21,-38,134,-38,-102,-65,106,32,-66,-30,-22,140,20,98,-15,-32,-77,66,66,40
5,-61,-29,-12,148,238,25,39,29,-58,-4,85,-4,100,2,-130,60,99,18,-41,-52,191,29,87,-100,-46,-81,-176,-131,53,59,28,30,-16,-111,67,-34,-157,-56,1,164,179,-27,-130,154,105,221,-21,59,138,44,-56,53,-64,-4,136,21,37,-92,73,200,162,74,89,61,106,82,61,46,19,-22,111,114,205
144,90,-33,-25,19,-8,-12,-61,-10,-39,-56,-95,141,-14,-23,26,12,99,-106,-1,-104,-1,-172,-86,-81,163,37,-79,-44,101,11,57,-39,95,28,35,-93,-28,161,-31,32,-41,16,72,14,125,-51,-10,133,67,47,49,56,54,3,-160,-20,-39,-57,46,-71,-126,53,-76,-113,49,-96,-68,17,-9,-74,-22,34,-36
112,-62,12,49,-120,-5,40,144,-39,141,56,-45,-60,119,-111,2,62,-41,-12,2,-37,-83,206,29,97,-114,11,51,87,108,70,12,-22,-78,25,38,40,-20,-88,-73,2,164,-135,114,127,78,182,-7,15,97,-85,-66,52,169,-57,-16,-63,56,-36,-39,187,177,-92,38,7,192,219,191,67,170,-16,21,161,261
-34,22,-80,100,-8,-150,56,112,-28,25,115,6,27,28,40,-6,-59,-54,35,82,-110,-40,203,53,152,16,18,0,67,80,-15,-11,-26,-35,48,-68,-26,57,-49,66,-59,-59,31,31,29,-114,-56,-80,-160,-46,0,5,71,95,9,-138,-77,97,71,-62,37,-7,-67,38,4,47,-1,199,-53,-14,-31,7,46,61
-35,-33,-63,91,25,25,57,68,-4,31,173,-14,-62,30,-7,52,60,17,120,41,-81,-32,9,54,-6,-166,-16,-25,76,-27,-84,-120,49,18,46,-105,81,-82,-138,-47,-58,202,-19,-40,65,-56,53,58,-78,-56,-118,37,70,4,14,-80,33,82,-18,7,142,42,-22,48,2,8,124,62,100,86,2,35,30,42
-5,135,77,204,-7,-36,-7,8,83,1,-32,1,-2,-4,-118,104,109,196,-30,99,-26,111,-10,60,2,115,-39,55,88,76,166,87,-16,105,-119,-6,-73,23,72,105,-6,-49,67,107,-55,117,147,-15,75,69,-70,154,55,-19,-23,0,-15,4,-27,-7,17,55,-63,-93,26,71,45,44,34,132,-16,32,-62,91
85,51,76,-38,54,-64,-3,32,58,2,93,13,8,-80,-68,65,-47,42,54,117,-53,5,117,48,126,77,10,30,92,35,41,30,38,7,82,-90,-4,-134,-76,72,-25,67,18,195,-23,-86,48,38,-5,59,-92,69,58,202,-95,0,5,-22,73,-89,-32,-64,39,39,81,98,39,90,72,118,-43,-22,82,-59
