-75,-69,9,-6,96,-34,24,-25,-7,-22,35,98,-15,48,-28,-71,-29,31,-96,-110,-105,87,106,19,73,-11,26,-14,11,0,-20,37,24,39,18,37,22,27,-19,103,52,38,-14
9,-60,34,-33,15,-20,62,10,-45,38,101,-17,6,87,19,68,29,51,79,-15,-27,-23,-14,-9,-10,-24,-124,-2,-33,42,-7,70,4,-86,96,143,20,47,-51,3,89,158,48
88,23,25,66,49,68,-41,23,43,64,26,-36,25,8,-13,10,144,-48,56,10,-16,-57,24,69,58,5,86,82,-68,38,18,-10,6,20,-9,-22,98,6,88,5,-97,10,-114
-3,-37,84,6,53,69,24,-88,30,109,-33,-53,-24,4,-80,-3,-49,41,-58,7,0,13,122,-15,1,1,-55,74,102,35,84,36,68,102,-76,5,52,33,-20,59,34,-33,44
14,54,57,1,117,16,-17,-26,91,20,48,70,-21,-5,-75,-2,-51,42,-62,-142,42,65,62,45,42,-88,12,-24,-27,8,-25,92,82,44,-19,48,-53,29,48,-87,-72,6,34
54,-17,29,89,32,79,34,-35,45,82,-27,-50,24,56,65,-52,47,50,13,-51,52,-22,-91,5,-56,38,90,24,75,-39,115,-86,71,5,1,-123,1,35,51,83,43,-15,-42
-60,36,-23,36,41,201,34,-17,33,68,5,17,14,-70,62,-9,40,87,-26,23,40,73,59,65,4,-15,-35,87,-13,-154,-10,-49,46,58,-2,46,78,-19,-9,79,67,-11,52
25,45,34,57,-12,30,-62,57,61,48,-62,-14,-34,-32,-50,6,-76,1,0,40,-14,19,-9,6,-56,-82,-3,107,102,-11,132,-54,-64,82,-96,-27,22,17,10,-28,-51,-23,-49
56,-6,29,36,5,-50,-11,-97,16,73,-14,-32,-52,69,88,33,77,46,-40,31,68,-17,-22,-61,13,30,-3,-62,-102,32,-54,8,17,73,95,-10,45,55,-4,62,-79,33,40
39,21,24,-49,18,-4,33,38,-21,-1,5,25,-35,0,17,2,63,25,32,-30,85,-83,-43,-5,2,61,-14,-78,-75,-66,-91,-38,-56,7,47,50,66,-66,74,-33,7,79,76
92,90,17,58,-52,-18,83,54,-6,-32,10,-58,18,78,-55,16,66,4,7,58,-16,-28,-44,-27,-6,56,168,-33,89,-3,-22,-104,-27,92,33,-30,-17,-28,-37,45,18,-13,51
86,79,20,-38,-24,70,11,72,36,37,76,-12,90,-24,-57,59,106,140,105,-39,150,37,-21,-38,1,44,-64,76,68,16,97,41,65,-71,-110,-44,71,-68,118,-22,30,-31,-17
8,-12,14,11,51,19,2,-91,73,21,84,-5,-53,1,30,-65,97,18,2,-64,16,-25,83,120,95,-71,-41,34,-75,-53,-126,-28,42,100,57,-42,77,52,-19,78,23,-82,-1
45,2,-34,100,33,-8,-99,-51,-1,21,36,-50,-73,1,17,-54,18,23,-49,-21,0,-43,7,46,0,-57,-24,30,63,-44,71,-18,19,92,-66,-60,62,93,11,65,-44,-6,-47
48,-12,93,90,12,-9,23,-27,128,73,115,-26,9,83,11,-26,99,8,82,-17,78,-29,69,172,-16,-15,29,57,-47,-29,82,-30,90,84,125,37,31,143,38,23,41,104,-53
47,-28,11,24,-29,-1,92,36,-19,-10,0,-54,-10,5,13,53,21,134,9,42,103,30,-43,35,-42,77,-34,10,91,115,-39,-27,113,51,73,87,-52,61,-19,40,28,43,48
22,70,-101,30,51,84,-19,83,-51,-29,31,-36,79,71,-46,21,5,98,34,73,-118,17,-15,33,93,22,99,51,75,36,-19,-57,70,-9,-26,30,-56,-12,71,83,-1,14,-108
40,48,22,-34,14,-23,-1,-31,118,60,-30,87,-16,106,-70,35,-13,37,-18,-98,-11,13,77,-37,-64,-7,-101,25,9,58,-14,-34,-121,15,-60,77,23,-55,-14,26,20,43,14
84,17,27,62,-2,50,-20,79,-36,37,-8,-46,-61,-6,50,74,38,92,-16,52,71,14,-11,-83,8,-60,66,102,96,15,33,-11,38,104,60,-123,99,-3,9,39,47,-27,-21
42,26,-24,-21,-5,-36,-68,-9,66,-4,94,9,-38,35,5,44,80,17,90,26,-37,-30,20,0,28,33,-75,35,19,111,81,19,17,-36,-105,70,53,38,29,21,-53,22,-56
-187,64,65,85,61,89,-8,12,-15,-22,-44,30,-26,0,-19,-12,-32,-109,-83,40,-5,32,32,3,-85,-37,49,101,61,-36,71,-52,22,78,-20,8,-67,14,9,29,78,-30,14
-50,5,39,-68,-15,98,25,53,54,-13,61,-11,30,-53,28,-5,-22,-89,15,-3,-1,6,-13,70,-38,-30,-10,57,5,6,22,-14,5,-130,-67,-13,-36,-3,32,-39,-12,-7,5
-58,-15,-48,52,-59,7,22,-33,-8,4,20,21,33,-9,27,128,-19,-109,-16,63,-31,72,35,-26,-43,-86,21,-8,-61,-113,3,25,-71,-25,16,-2,1,32,-94,-55,4,-61,15
39,14,37,71,-40,2,-22,24,19,-36,42,-54,23,-4,-18,-12,94,41,107,121,71,-12,4,13,81,31,110,99,29,12,112,-12,62,91,10,-61,43,48,55,44,56,-4,-44
37,-97,-9,-10,-11,-12,-16,50,68,73,-35,-38,-33,66,-72,-3,-26,53,-6,37,1,18,-71,-42,-41,-48,46,-13,114,49,47,-26,-3,2,74,-17,-20,44,-6,62,73,100,-113
21,0,-40,-25,32,-27,20,-16,12,63,122,3,-8,-32,66,-7,22,32,-12,-52,-80,-14,-63,42,-1,-8,-3,-2,53,-30,-9,-66,-48,-24,-99,13,104,64,38,125,33,13,-20
19,26,9,-13,60,92,-12,86,-58,-16,112,40,7,26,-19,50,-64,152,-67,-30,-75,30,49,-38,138,-98,59,101,29,17,30,65,64,124,12,-19,26,13,29,49,48,21,29
26,-25,116,-18,3,80,79,126,85,31,-41,71,-21,69,20,-36,-12,119,39,-32,14,47,22,79,-55,-13,17,-54,56,-61,6,-30,-24,99,90,96,-33,-97,46,-26,163,124,-54
163,75,-18,68,-40,69,14,11,-45,12,26,-68,37,86,-36,-9,83,95,6,15,167,-29,-12,33,-52,36,46,87,17,57,19,-75,-8,0,60,-1,25,13,-31,89,35,68,-6
15,-24,76,143,92,121,-76,37,111,81,18,2,15,71,-4,-18,47,2,-14,-30,-43,84,10,49,-19,-147,69,84,14,-20,129,95,102,-4,14,-57,-1,101,43,7,-35,73,-66
-45,-22,43,27,14,4,-30,-44,-15,13,38,-5,-30,22,-93,-42,44,44,110,67,-69,25,70,59,49,-21,-86,60,-75,43,61,57,43,-38,-4,77,30,73,-73,4,-32,32,57
44,34,53,68,3,-17,44,-21,62,-43,31,23,-85,-48,-50,-52,78,120,-28,-46,60,-54,68,-71,82,66,-24,60,9,54,-7,-21,136,106,4,-79,79,-6,-12,-3,-50,4,81
-15,112,-128,47,77,-27,-163,9,-85,-93,-8,33,30,7,69,51,7,-87,-49,-38,-25,-7,1,-56,80,-87,102,79,74,17,34,11,36,29,-86,-107,-18,36,107,57,-21,-95,20
56,59,-6,161,67,25,37,20,32,49,-102,-41,9,64,41,-7,24,101,-21,55,18,30,43,89,26,47,35,46,79,38,42,-39,71,129,29,135,19,20,17,37,27,85,-82
81,55,30,45,3,68,-27,92,69,-27,56,39,21,54,-80,-23,1,27,-38,20,-55,48,149,-37,87,-22,123,97,44,73,68,49,127,-14,3,5,-82,7,15,-58,-5,49,-122
68,51,-75,49,54,63,-117,20,-54,-18,-65,-38,15,63,45,-38,43,30,-41,4,137,-3,-8,10,10,-9,-4,-4,23,62,66,115,123,-24,50,83,-99,35,5,26,-14,114,2
68,38,-17,-30,-75,30,60,100,-16,-68,-52,38,79,51,-7,8,20,66,-9,24,-9,57,6,-64,-18,58,51,-11,150,74,4,-42,13,28,-49,83,-84,-82,4,79,92,80,-20
-14,-21,8,16,-44,-56,-10,-81,-134,-10,-5,-88,60,45,59,153,50,-70,-2,0,3,-37,-31,-36,11,32,11,-43,-66,50,-4,38,-38,48,4,-58,64,18,52,-1,-129,-61,18
52,-67,68,8,14,28,98,41,168,28,103,41,-15,21,53,42,53,-28,-54,-26,-53,-11,-2,0,-35,62,173,9,60,7,38,-25,-55,18,-72,-34,22,8,11,68,26,-9,-48
53,100,13,91,17,36,-32,19,115,33,-24,28,-96,-18,-7,-21,93,131,32,63,87,2,-34,-84,-12,55,0,48,-88,9,-34,-32,-9,7,-46,-11,46,-47,60,8,-23,80,-24
28,79,-5,65,23,73,-25,69,0,55,54,30,7,49,134,35,53,-28,-122,-59,14,-75,-65,-19,-107,-59,67,54,133,-3,112,-47,-27,92,-43,-1,104,27,-4,98,82,84,95
-23,67,20,-50,50,41,-4,126,-71,-20,49,13,94,-9,41,155,-58,-51,18,-17,34,117,-11,26,14,-170,149,92,80,25,-24,70,0,-73,3,60,7,34,75,-16,69,5,-127
6,18,-110,-83,-35,69,-34,-7,-7,37,32,-8,6,-143,139,5,-30,-106,18,49,59,-23,-56,-4,1,-15,-37,-77,-65,-193,22,4,-71,-63,-74,-44,91,-43,60,-33,44,-41,51
