48,86,17,-117,100,8,128,94,-76,-55,28,35,-31,92,88,35,-21,-44,-13,125,-7,17,-79,-35,-73,119,-2,-64,-57,-47,-50,143,-8,-12,-9,1,37,96,42,33,-124,32,39,-23,77,-19,35,-20,13,16,-34,-85,28,43,28,92,-7,15,-106
-55,-38,20,78,-16,15,56,127,-9,46,9,53,-91,48,-32,11,99,7,-48,136,102,48,-20,50,86,102,111,-35,30,-7,6,-10,-34,78,72,117,107,-35,34,103,-58,-25,51,59,43,20,-7,-10,77,-35,11,-30,32,0,79,156,115,130,1
-7,-2,-2,-40,91,1,15,-44,2,-26,-38,-22,-58,-40,12,6,68,100,-29,54,45,-87,-95,110,111,-29,-16,43,-48,32,-30,88,18,-62,-80,4,114,100,-120,21,55,-45,85,-62,-21,19,-73,5,67,68,-11,29,-16,42,27,55,7,-64,-113
-5,-79,82,121,-50,-64,-21,-39,119,-117,31,26,157,-110,-85,126,137,93,-53,117,-7,4,84,173,91,-100,22,39,116,-56,-83,-72,-54,-35,-6,170,136,-105,-118,73,-50,-8,48,63,-50,-20,40,-127,-51,4,-11,-71,46,34,134,-26,-22,-19,-3
32,-101,46,-88,-22,-11,-33,17,21,-54,-35,-64,145,-159,47,50,36,-11,-69,69,19,13,-31,50,6,18,-120,-11,20,-130,-53,42,-135,-71,6,67,31,37,24,131,77,47,72,-122,62,203,8,-19,148,-1,-55,45,2,-6,-6,63,3,35,96
68,-66,-13,-48,-8,11,-66,145,-39,65,-66,-68,2,47,18,-86,4,-13,-40,29,76,95,-71,-44,48,70,58,42,11,-119,68,-86,-30,-60,-31,88,-142,-38,21,46,-75,4,111,-33,63,74,147,-11,-9,53,25,11,49,20,59,-100,86,26,135
118,19,-38,44,-18,86,-45,-200,-27,-20,43,7,-110,102,-143,-47,18,-28,-36,-8,32,74,68,-3,-2,-66,-34,-13,50,34,-65,63,-56,-42,41,-27,-33,-15,14,14,32,52,45,-34,89,-4,26,18,25,80,11,-35,-92,-2,68,98,29,18,-42
-17,-16,65,46,16,-138,70,5,38,-14,82,25,52,-63,-44,157,-42,48,-4,-25,27,-77,-26,79,67,29,-33,90,122,-15,-34,85,10,57,-93,-18,176,52,-48,-37,8,20,60,4,-62,51,13,53,-176,-124,-29,-41,47,8,-53,-26,-9,32,22
-72,-97,-17,81,-26,-41,-100,-205,101,10,43,-66,-129,92,-127,37,163,67,32,87,77,37,56,50,8,-73,-1,114,109,60,-161,3,-83,71,-107,-83,100,-36,-115,112,-30,-18,-58,-38,-26,-2,-1,6,-33,-4,-12,42,26,72,145,124,-32,-49,-46
-32,81,-63,-13,24,36,-66,-3,-98,-3,61,-60,-48,69,32,-45,37,-60,-28,-7,57,13,-6,-62,-45,50,-117,-79,34,-124,-38,-23,33,110,34,7,-33,6,-58,-3,-49,98,-17,-36,9,0,-63,41,84,-11,-5,-6,51,91,-58,25,-82,40,-52
-55,81,51,19,33,26,-13,52,-19,-30,24,12,-18,24,60,-41,62,-27,48,111,105,76,-60,-58,7,28,-55,-44,-74,6,106,-69,-21,28,-30,56,27,-92,47,-117,-121,62,-37,17,-109,-23,32,-95,-22,-60,97,-50,-47,44,125,48,52,-48,50
18,9,66,39,99,-110,8,101,-67,-92,-39,56,94,-30,5,-84,-63,-88,-42,14,81,20,-62,-85,-81,97,-43,-75,31,-20,35,58,-123,91,21,-7,11,-29,66,-88,-83,71,66,37,-24,-1,58,-22,-6,-121,-36,52,-96,20,-14,-16,74,-50,-23
-12,-63,-9,12,22,28,-16,50,52,18,2,13,23,104,60,5,91,-47,86,-18,30,-36,18,54,-27,237,-30,2,66,50,-36,82,39,7,50,-51,61,112,-19,95,28,12,9,-15,34,38,-21,54,49,-31,130,-24,-104,-63,61,-2,-5,69,-27
-33,35,27,7,24,13,-21,96,51,-4,-79,21,-43,-92,-33,-23,-66,-11,-15,-64,0,-91,-60,27,5,-71,-52,-123,-79,1,65,-51,-23,-25,53,-69,-48,-54,-20,-131,35,-101,-10,16,-51,-15,-40,-50,46,-109,58,33,-38,21,6,6,1,1,17
-20,-18,52,-64,68,17,26,36,-53,-104,32,-74,12,-74,89,37,-5,71,29,110,15,23,-70,3,62,11,-9,52,-45,-52,160,-17,-26,61,-17,108,74,-84,86,6,36,-22,100,-74,-21,-18,85,-53,-27,46,-82,36,-90,-8,-125,-34,44,-2,156
63,-50,-35,106,122,94,-78,36,-7,88,-22,12,-23,16,-4,-17,-22,-70,-89,-41,12,-3,26,70,49,22,-7,33,-1,3,6,65,-93,-62,13,-33,-37,-52,-48,66,24,-89,49,22,119,-17,-36,-86,-38,3,55,-67,39,126,111,108,53,40,45
75,37,60,-12,-84,-24,19,-35,30,23,5,106,-50,-77,0,5,2,-64,-110,3,-76,-63,90,-50,-40,126,35,-82,-101,-54,-72,-11,76,-90,-42,38,68,-23,-120,-44,57,68,2,-7,29,36,-63,33,92,-19,0,-127,47,-94,120,174,45,-63,-151
49,-85,9,-28,5,-14,-30,15,17,165,-72,8,44,-83,33,27,1,-57,-80,-42,-61,12,135,-66,5,24,70,-12,-45,27,38,-30,3,20,34,74,-4,23,136,-16,1,34,-15,52,13,100,63,-9,-37,5,38,25,-16,-22,-69,-64,-25,-36,34
23,34,104,66,-50,41,95,-67,64,116,143,87,-3,36,-63,18,46,36,-75,5,121,-19,49,-67,-7,76,31,-26,54,27,-58,151,17,89,-57,20,62,2,5,34,-50,99,-62,-36,36,36,-29,142,65,-52,28,-79,50,30,7,90,-26,-22,74
-15,63,25,23,145,14,-2,0,-27,32,36,120,4,11,81,9,-9,-76,23,37,63,90,0,-80,-135,72,84,-34,-37,112,-6,-16,-15,-11,52,-10,-33,21,86,-100,-10,83,34,-8,7,32,48,-134,-56,-42,42,32,-92,70,15,12,66,-93,37
-33,54,20,17,42,-36,-15,-8,-17,-51,-85,7,66,-36,96,77,-2,-19,-39,27,55,79,0,13,82,60,4,63,31,-35,-82,26,-52,23,-65,3,108,66,56,51,2,-52,39,-49,105,-65,-44,109,-14,-27,37,5,47,-11,-17,30,38,183,52
56,22,72,67,143,102,-41,44,-101,189,-36,-25,49,31,177,87,6,101,61,-3,84,84,33,138,71,159,-44,-44,1,-19,-48,92,-16,-40,38,94,-40,160,-35,152,9,-110,-12,43,86,-39,25,153,43,0,43,-7,-57,143,43,30,29,28,-13
137,-50,50,-26,-36,43,38,83,-44,77,112,6,-46,6,-32,68,196,77,38,16,-77,-160,81,36,133,54,-15,-30,16,91,-105,-19,95,32,-86,48,70,-37,59,82,17,32,20,-40,5,-47,-65,-22,-11,58,66,-113,66,-31,27,-74,-93,-143,47
-13,4,8,36,88,-99,37,96,41,-52,4,-41,59,44,-87,105,4,46,20,-5,141,83,-65,145,-9,-15,-71,-65,113,-60,28,-32,63,19,76,-55,168,129,-183,85,45,54,8,42,40,32,30,88,3,-74,-24,89,13,2,69,-5,2,110,-36
82,97,87,5,11,-5,41,-58,23,20,48,-74,-71,-103,74,117,9,-33,-22,-27,-21,-18,32,-90,-100,-16,30,39,15,34,-107,-50,-94,49,-57,20,30,-21,28,-45,-39,-71,-4,35,-32,-65,-31,-3,-89,52,19,-15,26,101,-110,20,-21,14,62
-15,49,203,-51,59,-18,96,-37,100,-60,30,-140,-13,45,122,75,33,26,91,99,46,-42,11,117,2,48,-112,-10,15,14,-67,101,-25,56,-3,-99,100,89,-66,143,-57,41,-66,-63,-6,0,93,24,50,24,-15,-4,-11,84,0,49,10,2,94
46,102,55,110,32,24,-4,1,-40,26,-5,-26,-29,-42,-32,64,-44,54,-22,-22,163,60,-76,56,-19,-9,-63,-47,29,-52,88,46,33,72,50,38,62,-2,-60,55,64,53,57,71,111,-22,-8,57,80,13,-3,28,-24,99,-30,-29,46,65,0
-131,48,101,-87,50,83,32,69,38,-144,150,-36,-7,46,99,-55,-118,60,41,-11,-9,-9,-73,56,-121,-10,4,-56,-36,-45,27,88,48,44,159,40,83,40,-53,74,22,-79,-57,-55,-45,12,20,-54,-4,24,-80,48,-18,37,-86,87,-7,121,-47
-32,-40,-64,187,81,105,-24,56,-47,119,15,57,55,-44,98,42,1,3,65,-52,20,-9,52,144,-15,7,86,-37,89,21,23,-87,133,-61,95,76,-22,121,-24,53,108,-79,-11,126,61,-34,-1,40,-19,15,26,-4,-79,-38,35,-27,39,-60,-87
-24,-36,37,-34,87,5,-32,-13,-11,-87,-42,-98,-1,-16,-83,30,165,-28,-53,84,-66,40,-31,47,112,-107,60,9,19,-104,-7,-208,81,23,-4,5,103,63,-53,92,211,33,15,-50,13,-9,11,-56,-45,12,34,202,103,22,65,19,37,139,-9
-39,-40,59,29,91,-101,21,-99,-24,-141,-53,1,-40,31,-31,53,12,45,156,80,45,30,2,-43,-32,18,-10,116,73,156,-62,41,-116,105,38,-91,125,-20,26,83,27,83,-19,82,40,-22,21,51,-73,14,30,95,-32,25,-10,20,4,-24,33
96,-27,-54,-61,10,-7,-2,44,15,-34,-8,-26,64,-17,-72,19,48,27,-39,-38,41,-38,23,-43,-155,-28,-111,-26,-78,28,72,-9,1,34,74,8,10,14,125,13,-27,115,45,-60,-79,108,40,-6,42,81,-12,24,-112,-45,44,7,27,10,5
-34,38,-60,113,84,-5,22,18,-218,32,-36,20,2,-41,-6,13,17,55,20,55,6,-17,-60,48,190,31,-1,34,86,48,84,47,-39,-33,-25,127,69,-11,39,-36,20,1,44,60,99,-89,-50,53,62,8,-42,-128,5,16,-31,0,17,-42,54
-59,-75,-98,-44,26,-1,-75,64,3,34,-130,-23,29,82,-23,-49,65,-45,4,0,24,78,-35,-13,9,27,-97,-78,18,-116,50,26,6,-39,-21,7,-114,38,47,138,14,48,166,-84,-16,51,5,23,-4,39,175,110,-25,95,56,-122,-69,101,-51
92,60,66,-91,14,-86,-15,-5,-66,-17,6,139,-99,126,34,-8,-12,54,120,39,34,-9,-13,32,79,17,-114,18,-131,87,-49,101,23,-56,-112,-94,67,5,81,-12,-19,29,121,-93,16,-55,70,80,108,111,49,30,-79,72,-29,25,114,0,-52
-21,-25,67,67,96,25,-46,28,-19,99,-16,-4,-98,20,-18,43,30,-12,55,68,-48,79,115,-58,29,33,29,60,149,-34,-20,94,-7,11,68,0,22,39,61,104,24,155,7,-6,82,30,88,-64,-18,141,42,17,2,46,27,6,80,20,-17
-57,-88,-9,-39,14,-6,33,45,-53,-11,-2,10,-40,79,-67,30,38,16,-9,151,-5,-43,-38,39,105,25,54,48,22,-11,-76,140,-62,-99,-3,-16,85,100,-38,59,-24,-36,23,-78,45,68,69,54,77,64,-11,-71,59,12,75,94,-5,-72,-14
36,-27,18,2,35,-73,17,26,-89,25,-48,11,41,20,29,54,39,-21,86,126,-60,42,29,-23,84,71,-15,-32,-51,-32,102,-27,48,-24,-20,-16,21,-14,31,11,58,131,53,37,8,-19,129,-25,59,0,24,24,-78,35,95,-35,116,-46,8
32,2,91,-31,20,19,15,-79,33,51,55,-222,-24,78,85,-53,60,-39,-21,133,23,68,-41,30,-49,-57,-52,-95,-11,-8,43,5,-47,-6,-45,-52,-13,39,-66,42,35,151,-78,-91,-39,100,129,-62,62,14,3,9,5,70,75,92,55,-70,58
61,13,71,-66,-6,-118,53,-75,2,-121,23,32,83,-45,-96,104,75,-39,83,100,-12,11,58,12,123,-65,-105,42,69,-33,-62,-85,-62,-57,-4,-70,127,10,7,-9,-86,152,-5,87,87,-7,71,8,26,-8,-84,-40,35,25,21,25,17,-118,99
-25,55,10,88,52,58,-11,126,-69,78,75,0,32,9,21,126,53,26,-38,75,149,-52,-8,28,74,-5,33,34,109,65,65,-106,1,113,60,53,62,-1,-118,-74,35,55,-37,182,-1,16,-87,-23,-31,-147,-5,-29,127,106,102,62,30,47,16
36,-157,212,-67,-77,-83,32,61,16,-10,-18,9,35,-19,52,-15,8,-76,-13,86,-141,-167,56,68,8,168,5,-92,-49,-21,-29,-74,-12,37,-11,-2,117,138,84,148,39,49,-55,35,25,12,71,-34,101,-34,116,8,77,13,185,66,45,51,-44
-41,-27,-4,160,36,-112,10,-81,-136,11,-16,137,24,-39,0,27,47,-85,-113,13,124,57,89,96,-35,63,19,-47,183,77,5,53,-50,30,114,115,71,47,37,57,13,39,7,98,149,2,-29,-55,50,1,-74,-31,-32,-37,102,49,39,-53,-11
58,-69,62,-235,-35,-20,88,39,-54,2,45,-108,23,92,-2,38,61,-7,7,8,-60,-78,-1,-57,-23,94,-8,-3,-43,15,0,122,-29,-28,-34,-54,-24,77,52,27,-25,-36,-27,-80,-19,-6,-13,57,59,-22,-37,21,-28,-28,81,49,-11,35,39
-25,29,-3,14,-48,61,116,20,-4,38,53,57,99,5,11,1,-51,4,-25,24,50,-6,19,3,-31,62,-31,-71,56,16,29,125,23,-40,-54,77,-55,66,50,42,27,104,30,0,-11,68,64,36,-1,40,-42,-23,-30,17,36,-10,10,-80,-40
46,-122,64,30,15,13,-130,-82,4,151,52,38,-14,-36,174,-35,38,57,90,26,-31,12,92,69,-6,71,63,86,-15,35,-128,142,-72,-111,-73,29,-48,119,-83,61,66,-55,-8,-17,60,73,-19,79,18,22,31,-9,110,83,64,27,-87,-130,-40
39,52,51,59,41,22,-123,-184,-69,-2,54,36,3,46,-7,77,34,70,-1,-25,101,144,-7,32,-9,122,-95,63,79,-34,-81,95,10,52,-30,118,33,58,-146,28,70,144,-43,-40,22,110,54,44,63,-61,14,-21,37,116,80,-40,-26,48,-4
-10,-72,-95,-5,17,46,29,-50,-28,-153,84,-63,-39,100,-16,-4,-77,35,51,-23,56,40,-83,68,-152,23,-32,35,96,95,-7,50,24,143,8,3,5,-1,-61,92,53,26,-37,-2,-58,139,137,52,-70,40,-82,37,-96,47,-53,-67,-39,-103,43
-20,1,29,28,92,78,123,10,-146,-16,103,-82,124,123,-83,100,149,33,-46,38,34,-120,-16,19,153,48,10,15,-2,-12,76,112,121,-35,94,58,151,135,-129,1,59,18,-78,27,-6,-65,-41,-22,10,-22,-11,-2,84,26,90,46,20,105,-13
-36,-27,17,0,-9,9,-13,9,23,-2,27,-47,12,62,-45,-63,40,118,105,5,71,53,-57,11,44,-7,-62,16,42,-20,-41,40,-39,70,-22,-13,44,22,-36,8,-32,14,-27,-38,-87,60,42,206,-1,-14,4,71,-31,58,-78,-26,-105,-54,54
14,-3,149,-38,67,-117,-24,8,-62,-8,-23,118,34,-129,72,30,-215,121,105,-37,-31,55,-33,55,9,-19,67,84,-75,25,34,74,-42,4,-57,35,-58,-22,118,73,84,-2,120,97,74,-44,103,58,8,94,22,-21,-22,112,-15,-112,109,-111,96
50,55,-2,-49,37,43,4,-37,0,-2,-63,-160,-18,10,-63,-26,-71,-56,-47,-52,-61,6,-32,-117,-76,42,16,-24,-67,-14,-33,35,-123,-43,129,-135,-126,-22,-81,-40,74,-15,-15,-1,-35,64,4,-19,-30,-23,-70,1,-48,29,-82,54,21,-28,70
-93,-60,4,-35,109,129,-24,-23,69,-75,79,-170,-1,86,40,-95,-5,61,97,48,-45,35,-76,-10,60,-133,12,50,-39,-42,47,50,-43,77,64,-57,25,76,82,163,-27,-26,-72,-47,-29,-1,51,20,-17,39,88,52,26,86,15,-23,-46,143,110
-27,-49,6,91,30,75,-83,12,-13,39,-100,3,-69,-26,109,-25,82,-81,-52,-22,-43,-4,60,-51,14,105,-12,43,112,64,21,30,-92,-21,30,-26,4,-30,34,35,152,47,36,-77,9,-1,-109,-49,-127,4,109,67,-21,-3,3,-5,-35,43,20
21,-106,85,-17,46,-96,-13,-3,39,-80,18,4,-5,-55,-24,-15,-64,5,10,73,-60,7,-95,84,8,31,111,73,57,14,12,28,-42,-74,-27,-14,80,151,-74,17,154,149,80,-9,-6,105,69,-38,3,-45,53,22,24,6,77,-22,123,-6,-31
-26,-100,-23,-5,-40,33,0,-35,41,-30,52,19,33,-13,-82,-42,116,58,-3,-56,-94,-61,61,83,47,-63,17,71,-90,7,20,41,106,-78,2,21,125,8,-40,90,89,-22,-96,-19,58,4,-86,33,0,115,-1,-12,76,-46,121,54,-111,-5,-1
-67,27,29,-37,-16,-95,-49,-24,-77,-4,-6,137,-176,88,82,-25,-168,-5,81,9,-4,80,-49,37,11,-48,32,31,-66,52,-28,-72,31,101,-72,-40,-32,-48,71,-29,38,-49,71,-29,1,-47,69,4,-12,10,109,78,33,72,-111,-51,41,33,4
-6,-68,-73,-24,111,38,58,14,49,115,85,-73,109,12,67,152,-5,-37,-56,38,57,47,97,39,-153,58,26,-35,41,-20,-17,65,14,71,42,48,-69,92,-45,60,-31,13,-33,12,-10,118,113,-80,46,15,-37,45,-90,59,15,67,57,-18,-41
66,-49,22,-96,48,11,21,44,-15,-16,33,50,3,37,28,13,95,-72,67,16,111,72,-78,-16,63,90,26,60,-49,-5,2,50,37,-20,-96,55,-9,-1,52,22,95,12,93,-18,13,100,77,58,-3,-76,116,80,-36,-8,59,17,164,56,83
