-107,152,-86,-144,45,66,29,8,-54,130,227,-71,32,104,130,21,-31,24,1,31,4,-39,22,11,-30,109,-16,17,-26,-10,-13,27,-57,33,70,-115,95,-20,-99,-47,-55,18,-19,35,-61,-24,8,34,-47,83,-80,-46,148,-62,-68,-2,83,37,-15,101,-76,21,39,159,180,-59,-37,-109,134
69,-36,106,-101,11,17,125,-90,-27,6,36,-40,67,97,111,-27,11,119,-38,14,128,-48,128,-4,-111,-11,-136,116,8,-91,36,-28,46,25,-171,13,-11,44,-20,-151,-38,6,14,29,21,91,88,80,-10,-31,127,97,121,-116,36,84,-13,34,-31,23,106,-67,-129,84,67,58,177,42,-45
-88,85,119,7,-75,18,155,-161,74,-75,-35,63,-60,33,48,46,4,121,-94,-19,97,121,-57,103,10,-10,30,-78,77,32,-65,9,135,70,64,-30,14,43,-29,42,214,-95,13,18,-97,29,144,-5,24,-77,68,-45,73,-3,23,29,123,-3,144,-2,25,-32,-187,-26,-35,114,6,-44,16
44,-36,-132,28,52,0,-62,51,-117,30,33,8,-22,46,47,21,48,134,186,116,130,64,59,9,-35,137,27,97,-115,47,57,150,23,61,-38,54,186,19,92,70,40,-31,98,76,-5,-51,2,21,23,-30,99,29,-2,98,-56,24,86,-97,-73,-29,37,-22,91,-19,1,69,102,-19,-55
-99,89,28,9,75,11,85,-89,181,28,-58,8,-73,-24,113,21,-1,53,-3,11,-23,77,17,-25,7,-59,-7,-37,80,22,115,123,21,74,38,-44,94,149,-36,77,83,-38,-43,-20,90,66,9,5,101,-60,36,13,-43,-26,-65,-18,17,89,114,111,-37,-148,-16,-74,68,104,-11,-179,105
74,42,4,9,5,-25,-13,58,-94,-14,-23,-20,27,-66,-50,33,82,69,66,126,48,146,-24,20,51,-1,-74,132,-57,23,-121,1,108,-23,-66,107,-8,83,71,-8,11,114,75,104,51,-162,48,161,30,41,123,59,96,13,17,140,-3,-41,110,9,104,-27,-2,38,5,63,179,10,61
60,52,138,190,195,5,-12,-47,-25,35,-49,23,-50,109,44,71,-36,-47,-9,-46,110,-5,18,40,-85,207,107,90,99,31,222,40,-43,91,-87,47,3,84,-16,-6,51,-139,29,-53,114,57,61,-12,23,-69,-30,12,-10,88,-5,-42,-97,51,162,-28,54,-64,-73,-187,15,101,35,-14,-31
-60,-38,-55,-7,-78,-83,41,103,-71,19,83,51,92,-126,-89,79,127,-3,-35,-87,76,-53,80,-88,100,53,-5,55,37,17,-48,32,73,79,55,-26,-76,0,-80,40,80,59,21,-32,50,111,-30,83,-68,153,34,39,117,-13,50,90,9,64,9,37,-35,86,29,-31,8,23,-92,-36,57
-14,39,66,35,82,47,86,10,3,52,16,98,112,-10,28,-91,143,36,56,-27,32,36,57,163,-50,78,-40,93,-24,63,-41,1,39,36,-16,-39,103,17,55,18,75,31,31,31,76,-140,99,-63,60,-26,104,163,25,18,-41,140,-45,33,85,-57,73,-97,-3,101,102,-70,22,85,-60
10,-119,39,-36,175,-77,9,-102,-84,5,65,-65,-32,80,7,37,-82,86,38,34,42,-7,-119,41,67,80,14,-44,8,-142,-62,60,29,124,47,10,-22,9,44,-114,-30,36,-14,-14,7,-35,2,-2,34,-24,-149,-30,32,35,73,96,-64,-1,19,141,54,-70,63,43,52,-25,112,-8,41
40,27,-4,-132,-33,12,-8,7,42,54,171,36,14,44,-93,140,2,38,50,-3,65,-15,-30,-34,88,184,-35,-104,14,79,-42,47,-41,52,-46,45,19,-88,162,65,21,133,-38,-36,-95,27,46,29,-24,51,27,10,148,-11,-109,64,44,59,25,43,-45,36,123,-25,0,-79,-131,-27,82
32,-3,-64,-100,137,86,-126,11,-12,-82,46,105,91,-108,83,-75,96,9,20,-61,162,-90,60,94,-36,102,-9,-45,20,-48,93,5,78,28,72,-78,40,-6,23,28,-111,66,3,131,-63,142,-20,-1,-69,39,-182,-19,-51,31,16,58,-13,56,84,-46,31,70,-47,29,28,-130,5,-65,-56
-34,-10,-64,29,-84,71,27,82,97,24,-17,38,16,-1,-49,-56,-52,-18,-3,-13,-102,18,-46,-109,54,57,79,-92,28,-36,50,-27,-95,44,168,125,-100,-79,155,20,-57,134,-13,108,-210,102,-14,-126,-86,62,55,80,-11,22,42,5,14,-41,19,31,138,113,-171,99,-74,-144,-39,10,25
-130,21,86,154,94,80,-7,-37,-38,19,37,129,-21,69,-66,39,-49,21,-93,54,28,-32,-10,-26,-96,46,-94,-92,-21,11,18,57,12,42,102,59,-81,-35,91,70,-37,-60,3,-74,-53,190,-17,7,-46,78,-22,23,-14,65,-51,43,17,71,6,-13,10,33,39,54,-53,-6,-133,71,-31
-45,129,-6,146,-26,69,-3,16,-60,-17,-100,59,33,-37,60,-92,52,53,-96,-56,27,83,-49,25,-102,-15,5,2,-30,-92,55,-76,-64,-9,42,-119,-120,64,-115,-4,-86,-79,-68,-25,59,171,145,75,-82,44,-85,30,-73,-85,-48,67,55,108,56,-33,-67,41,-59,136,24,56,97,-60,-31
-54,56,-1,-70,36,-9,60,-64,-64,36,-9,34,79,15,-150,127,24,-49,13,-85,53,-98,78,-68,-97,-42,-46,42,-18,-109,1,-86,4,54,-70,68,7,-37,-105,-48,-126,-81,29,68,-4,74,-69,-12,-36,170,32,-69,-123,-11,13,32,90,0,-119,-13,-38,80,94,-65,26,61,11,-47,98
63,177,66,-126,-94,-55,7,-70,128,-30,45,61,-11,41,16,-6,25,-39,24,41,66,-46,84,6,-11,92,-19,-91,96,-50,26,-96,-26,-26,192,-118,-42,59,-72,-32,-76,33,76,-39,-41,117,107,-100,-13,20,-13,-46,11,-219,72,34,79,-26,74,-52,-60,131,-55,-120,-98,-89,46,-95,33
-44,201,27,63,-138,-18,128,0,-17,-3,49,130,-156,-28,40,75,-39,18,-78,-35,-37,27,76,63,188,-33,67,25,1,87,-6,52,-23,20,51,-43,87,22,-37,100,107,-133,-62,-42,79,25,37,41,24,-36,113,-61,53,20,-69,24,17,-73,-25,114,-20,37,41,104,81,62,-30,-58,116
-8,18,-57,-48,54,19,69,-105,-129,-41,8,-12,-30,1,0,94,40,55,-31,26,240,144,-59,91,-29,-31,-33,5,-31,-43,9,-20,65,2,133,-121,59,228,-113,-128,138,-115,85,70,75,-126,112,-3,37,-46,-111,-53,77,-108,80,102,48,86,55,-4,81,-75,-23,-20,96,94,40,21,4
20,-30,64,-25,72,17,77,-29,28,-10,19,57,-1,73,-19,-51,-31,138,58,47,-47,-21,18,56,55,-68,-24,40,45,-26,-88,13,8,47,18,-50,-2,59,59,45,45,108,89,26,117,-116,-33,10,5,-42,66,71,60,23,-70,150,-70,-45,-19,56,4,-75,-30,118,93,-66,146,45,27
67,-12,-42,56,90,81,-154,10,-29,51,-4,-5,6,69,17,-31,-18,47,-53,32,8,-4,87,-30,-157,137,-116,28,104,62,29,11,-54,-46,-47,26,-42,-10,54,60,-34,83,-11,-47,-18,105,9,69,-7,75,-10,50,-4,64,-50,-46,-113,12,12,-56,36,-117,33,-42,93,61,29,-39,38
-98,55,-51,-173,-7,44,3,-60,64,-75,72,33,-158,70,100,-34,-10,-27,-32,-73,-58,82,-15,33,36,-30,-63,-43,103,85,-2,12,-2,56,-18,55,88,-20,-140,-34,168,43,-97,-55,-6,-47,93,31,101,-18,-76,-111,41,93,33,98,84,100,-68,62,-98,-79,-90,71,4,16,-52,-168,28
20,35,0,-12,-6,85,11,-16,-11,19,38,93,-29,119,34,-101,68,18,31,15,18,-62,-87,125,10,115,94,-71,-10,-97,55,-27,-67,105,31,-111,33,36,71,90,-46,-8,36,-10,22,-2,15,-53,-35,-33,25,5,-143,-19,-165,6,51,-53,53,-38,-21,-66,34,18,36,-64,104,-20,-23
32,39,-21,10,68,99,9,4,48,11,-1,-31,-77,-31,106,40,-55,-158,-51,-79,57,-25,34,-32,-47,67,23,14,126,47,180,14,14,4,-71,-93,90,12,-111,21,114,-75,-74,-33,170,1,62,155,56,98,-82,-83,2,26,-1,-45,-93,81,-76,36,114,-3,82,-76,152,70,59,-19,74
90,105,-2,0,-17,-26,11,-125,40,-68,18,82,-68,-22,17,13,-87,-26,40,25,23,73,45,-2,-1,64,-28,-68,-26,-42,104,-1,46,32,22,82,60,22,103,22,28,-36,-45,-40,-9,104,-26,-83,47,-7,-55,-71,-75,57,60,-28,85,26,-25,56,73,84,32,-119,-105,-73,32,-38,31
116,7,-62,34,60,-49,60,-62,-80,-79,-79,25,-19,-33,191,169,14,2,56,-22,80,89,90,79,31,-3,-47,18,-128,-9,53,79,14,61,-62,129,78,-34,275,37,32,-72,-27,81,-22,70,-79,-32,85,-6,4,23,-16,-2,-26,15,-2,-71,-65,28,98,56,72,-36,129,-17,35,23,-9
-42,-24,88,83,79,7,69,-41,95,-49,45,213,-44,-87,-94,-168,-68,35,-128,21,49,105,-134,64,26,61,45,-71,-56,114,-30,90,98,-4,3,11,-13,-66,140,93,128,38,20,-100,-58,21,-7,-129,-37,25,-24,125,-39,196,112,10,-16,82,-44,88,73,-28,-95,30,-33,-72,-122,-37,84
30,-35,-1,111,-11,35,-1,-38,-51,6,-35,-16,-41,52,-18,60,-83,80,-33,62,-57,45,83,-117,54,2,41,-5,101,-19,-41,10,133,9,67,67,-70,21,-69,-18,-98,69,-5,-50,32,78,-102,156,34,61,41,24,-79,-108,146,108,0,-36,-16,18,74,132,51,63,-119,74,79,-2,18
-139,-31,56,77,-63,95,91,-60,67,51,62,-95,-99,-38,47,108,-32,49,-85,60,-27,67,64,-52,60,-25,-100,31,29,-74,-31,17,92,-19,53,63,-100,40,-32,17,14,41,-101,-7,66,30,-46,157,69,12,38,3,58,33,-35,121,52,41,17,-11,7,-56,99,54,50,71,59,136,-36
-119,36,-32,29,148,100,55,90,6,143,68,-60,-8,-2,35,-104,77,55,-43,-59,144,-10,48,27,-80,117,53,108,120,46,-50,28,-77,108,8,40,-26,-62,-42,10,-107,44,39,-63,144,38,-64,162,94,134,-19,51,-9,11,-12,165,-120,26,-33,22,-105,-78,118,154,91,26,47,-58,102
66,-59,65,28,-60,-23,-28,-60,10,-4,12,84,57,-10,116,73,-56,24,-104,-3,24,76,95,-33,73,37,-79,29,17,-67,4,44,25,-172,83,-55,65,24,87,-36,129,68,-30,-11,15,1,-119,75,-49,-23,-42,-2,72,-31,9,-51,-6,-86,-10,40,97,22,-5,19,23,4,44,16,-19
-57,-11,-41,37,46,16,40,51,107,40,-42,44,10,-38,27,124,114,18,-38,-76,60,48,-34,-18,-25,98,43,-9,-80,-113,-24,-53,51,109,40,-117,-54,44,39,9,45,55,165,179,108,38,38,37,-35,26,-8,-5,-124,-34,-36,68,53,-20,3,-38,52,62,13,8,173,113,104,43,17
17,-179,-50,-1,-138,2,-35,16,-49,107,22,-73,-44,52,8,-8,58,-2,30,47,1,54,-24,-32,31,15,63,149,-52,95,23,75,-20,-2,-188,7,-49,-18,-46,-50,15,-130,84,-26,-10,-81,72,72,-56,-33,96,8,41,100,39,-25,83,-62,-40,-38,-108,-22,-18,-3,33,36,73,-46,-6
-33,-45,-33,2,-6,80,88,-93,-15,-83,45,-26,-16,142,93,90,55,43,-38,40,90,46,71,86,-108,56,-102,-21,-2,-39,128,44,61,94,-152,8,69,-83,42,45,-37,-41,-17,39,-56,146,-31,131,-115,6,77,-32,130,47,-62,73,72,-24,9,69,55,70,34,147,59,72,9,-14,-16
64,-44,31,2,16,-54,-99,-41,-9,26,-5,-137,66,-9,113,-52,109,57,-19,-19,103,53,152,52,-93,69,-24,130,90,-36,-145,2,46,29,-31,3,-4,-131,19,-138,40,10,-44,14,44,-34,53,51,-43,71,-64,45,-18,-92,59,49,-29,3,-20,-21,3,-70,-33,42,30,43,15,101,68
90,-163,-35,37,22,4,41,-12,108,160,-28,56,-91,-38,4,40,-29,-74,3,28,4,247,-98,-63,97,172,-56,21,-32,23,42,109,114,5,-4,125,-63,2,178,72,87,118,24,-15,-34,83,-119,176,1,33,-3,-1,-49,62,86,34,75,-44,173,-4,143,100,68,-131,-115,-17,36,-42,101
156,-131,55,70,155,-111,71,7,49,116,55,-60,-52,55,37,210,16,-174,-89,-70,-27,158,53,23,22,32,-15,111,-85,-8,57,-71,142,-58,-101,107,13,54,96,-44,104,80,16,19,108,7,-140,119,-50,-56,95,60,-5,62,97,23,-40,-30,7,22,135,-64,26,-106,78,213,73,15,-41
45,-8,95,41,8,-9,102,-145,-57,97,-26,-101,26,9,32,26,54,1,-21,89,66,2,-49,53,-72,37,-115,26,41,-76,-30,-37,4,7,-30,-113,-11,3,77,70,-99,-4,-68,88,-47,37,31,-28,-59,-102,50,62,-48,-54,-5,0,51,41,-8,-105,-7,71,11,107,19,-88,99,102,-32
143,-74,-5,113,-15,-10,75,-11,-93,-59,-66,-73,-70,-21,42,141,51,5,-63,-17,20,94,-51,-69,33,121,63,84,-133,68,16,-30,104,-48,-175,-44,-1,-44,-5,-38,74,5,77,113,34,74,74,49,-84,-42,108,84,-6,-36,51,-81,-57,-84,-96,-70,53,71,28,59,197,46,39,-31,-124
-24,-51,25,-43,47,70,-55,20,142,208,105,26,165,73,62,138,76,80,-24,-4,69,-39,122,12,-83,309,-46,33,104,-50,38,-8,35,69,148,-97,-6,-8,120,15,-82,-31,60,7,-17,195,66,90,-125,56,36,108,57,-92,-66,16,-48,40,135,6,39,101,79,-32,97,-1,38,18,24
18,60,-1,46,-76,-69,173,-4,83,86,48,-56,-93,67,4,46,39,66,-4,-10,30,-44,83,-63,134,29,70,97,29,51,34,58,-91,-29,-58,-19,35,-15,18,41,-30,-42,-1,12,131,99,-38,89,-116,-14,76,61,60,-45,-62,-12,16,-23,-5,18,62,84,65,-154,86,82,55,69,-1
2,-11,-7,132,10,116,35,-26,-82,113,-154,105,85,-64,-35,-77,90,-16,-93,-64,-6,-2,27,-35,-12,44,-149,17,51,55,49,45,-142,-10,-20,-15,-102,-50,159,81,-109,2,-72,-16,-44,83,19,28,-24,47,4,108,7,46,-70,57,-29,65,67,-100,46,11,9,27,-2,8,-113,-1,-127
-4,45,25,-18,30,-24,90,-115,-40,87,94,9,44,101,91,2,-47,91,-19,83,47,43,-40,-76,-7,174,-5,20,93,3,-6,30,-54,29,34,44,31,5,-24,65,59,28,-42,-17,-24,-12,-17,63,10,70,29,56,21,6,-114,103,71,-45,0,59,88,-16,87,34,-44,25,44,-50,-30
61,-127,-26,2,-75,-29,54,-60,21,-5,-3,-13,47,-21,65,146,28,71,103,113,93,112,59,-110,-26,69,-108,20,-88,-54,-82,20,52,49,74,49,53,18,101,41,32,-39,51,17,-68,29,24,59,2,22,150,46,-1,-23,81,98,63,-106,-6,-37,69,109,103,43,-91,41,116,-8,-65
18,-53,-38,-28,79,66,-67,40,50,111,31,40,21,15,97,-21,-68,66,-96,23,32,99,-54,5,-11,7,-106,22,12,-18,10,0,-94,71,17,-33,37,24,189,24,39,48,25,56,-126,-38,2,51,-42,-35,-70,37,5,16,-1,47,2,-6,24,22,-85,-44,-89,-52,90,-44,-18,108,60
-11,-38,-81,6,68,65,78,121,-42,0,134,41,12,-69,-86,49,-8,-22,36,101,96,-22,-51,-15,-17,11,-21,-6,-78,28,-19,-23,83,28,42,42,83,-39,118,95,62,75,41,100,-95,-20,-69,85,12,42,118,-11,66,87,7,96,66,-25,-39,-24,80,40,12,-50,39,44,9,7,24
134,3,-30,6,121,-56,-9,-58,-3,-52,56,2,-115,80,-34,46,202,-35,15,80,126,56,54,17,-10,167,-35,-6,7,65,-74,3,30,-15,-79,-78,160,26,45,52,86,-13,-29,84,35,11,51,-8,45,9,12,19,-130,67,-72,-43,-129,-80,0,-41,95,-29,160,-108,108,-51,19,23,66
-26,11,-4,87,14,109,-8,78,-58,92,91,-71,9,25,17,51,-61,-69,-4,3,-7,-10,166,-122,-102,176,-141,78,54,-40,15,-92,-52,40,39,109,33,-34,-63,4,-42,-73,-19,-70,91,24,38,128,39,74,81,14,63,36,-46,76,-87,-12,-43,-29,-27,-52,124,106,-24,34,37,21,7
-90,96,88,50,19,-25,31,-106,-67,-19,-36,67,-45,-81,-22,32,39,127,-99,44,113,40,12,33,65,13,31,14,58,119,94,53,19,63,30,-68,-31,153,-29,80,-12,-123,23,-42,85,-17,-76,-36,-29,77,20,82,49,14,-34,46,-4,68,-18,97,-2,84,82,-114,64,74,0,-21,43
-28,-30,-13,-2,46,0,49,-38,13,-36,-103,27,-172,-42,24,73,-9,47,112,42,24,71,1,91,38,3,62,-6,80,53,104,79,134,161,103,35,-47,62,21,123,5,-14,13,138,-88,140,51,13,-13,6,55,-30,-104,28,159,-36,39,-85,10,35,135,182,-52,20,-42,40,131,-120,-10
-110,59,24,-143,65,140,25,61,59,116,124,-47,30,15,117,12,-79,224,-10,115,68,76,33,64,-9,134,-7,100,73,66,-95,-60,53,-18,58,92,-20,-37,54,-33,-30,19,22,58,-3,-22,84,98,0,-32,3,53,8,-34,-37,95,32,8,-23,-5,-60,150,-42,37,106,-164,131,-1,50
-2,-32,-23,52,39,7,110,27,56,-45,-72,-19,-66,17,-16,-92,-54,94,22,60,47,-20,-81,-8,-19,49,70,94,-80,-17,43,-1,107,-37,-220,27,98,-30,4,-16,-63,-53,70,-68,166,25,-55,137,-72,-150,31,18,78,3,116,114,-112,-35,82,-30,90,55,-102,-13,32,75,122,3,15
-20,-29,45,-77,-76,-61,-14,-82,121,14,161,-9,84,-58,132,66,60,-47,-103,-57,-33,40,37,-25,67,38,-83,-57,-10,-107,21,-45,89,-48,35,-26,2,40,83,114,80,11,78,64,-32,16,-35,155,9,38,38,-64,146,51,-61,-53,34,-34,-68,27,71,-39,110,-9,81,96,71,-24,-27
-23,37,56,138,55,10,-73,36,67,-12,108,-74,2,-100,77,183,9,13,21,112,30,244,38,-32,29,107,-83,118,15,-126,37,-7,38,-123,112,-35,-70,142,-94,24,51,-10,19,45,95,27,61,154,-98,60,-13,55,4,-133,63,28,-22,69,9,-103,60,63,110,56,96,36,45,13,54
90,-109,52,67,-21,58,52,98,-24,-32,13,-21,9,-48,102,74,119,-1,1,22,21,149,53,-18,45,143,-36,122,-44,-19,14,-50,76,8,131,6,-57,152,7,-152,40,30,45,48,74,46,83,58,-139,99,76,182,36,-168,44,-8,8,147,100,30,139,185,-67,109,128,-58,79,-10,42
-47,39,64,-37,38,-70,-63,-23,-21,30,-31,-97,81,27,-103,55,-17,42,41,-31,31,-70,70,-14,-17,-53,60,56,111,-1,-34,-12,101,28,56,-9,-76,-8,-161,-83,-31,-21,72,36,7,2,43,-9,11,119,18,-11,-8,-110,40,-83,-34,-24,-5,12,-23,-72,96,-15,26,86,101,-32,120
3,-82,-46,21,-10,31,-92,23,-1,21,-111,-48,-32,84,-46,3,87,56,49,15,70,10,42,6,19,-13,104,26,163,-92,-2,0,-44,94,-27,59,33,122,-39,-78,-99,-44,44,61,-8,-58,170,-40,123,-27,60,-18,-116,71,84,-14,-44,7,32,39,88,-58,45,-62,24,154,147,43,39
21,69,-22,55,-91,-74,-19,-6,-11,21,-30,38,61,-15,-17,-42,-69,118,16,33,19,-46,100,-76,28,-3,-8,49,23,11,-29,152,5,75,-116,32,46,-57,47,85,-110,11,12,-80,-68,60,-73,-2,55,-19,112,24,-14,-4,53,-11,-9,-64,-123,6,-29,-2,58,46,-111,12,83,-20,13
-59,69,-17,57,-87,-56,92,15,-99,97,81,23,134,-2,-93,-46,100,80,-75,36,-54,44,8,41,16,59,19,34,-12,11,-22,-46,60,1,79,-13,58,18,22,-37,46,-18,-15,-96,91,-69,13,47,-14,17,50,82,96,-59,-89,105,20,-19,73,84,24,-31,-62,17,55,-22,50,60,39
42,37,-34,50,-98,-24,-96,-38,2,27,-75,33,-12,22,-21,47,56,-128,64,-21,6,83,-21,-45,71,-6,-12,-26,83,-152,-48,68,-26,113,11,85,40,-27,12,66,6,56,-3,-27,-34,46,100,89,80,213,18,10,-44,149,-18,85,43,-23,72,36,20,-127,111,-3,-101,121,73,39,61
56,135,120,106,36,-26,60,-36,-115,-24,52,149,-28,110,-155,-41,32,99,47,56,56,-97,-7,59,44,52,50,-4,23,88,-20,61,-13,89,55,-36,53,60,177,34,-10,110,107,-34,19,61,-29,-106,-22,23,87,94,-16,-38,-78,-42,-20,-18,76,93,-44,-24,52,-34,58,-50,-32,30,65
-5,-92,-52,109,-1,122,-109,53,37,-93,25,107,0,-79,-46,-59,73,16,19,-24,-26,-37,82,20,-17,197,-28,-9,36,77,11,100,110,88,63,36,9,-121,37,-71,56,92,-1,-72,11,107,41,-107,-19,55,31,91,-1,101,1,58,-67,63,159,85,63,-102,-19,-26,-33,-89,-16,-45,-75
40,7,20,64,31,75,55,28,155,-97,41,120,-36,130,112,180,49,35,169,143,-23,122,74,16,45,103,-8,5,4,56,202,143,143,22,110,68,-61,150,93,45,46,144,140,71,96,134,103,138,6,7,122,79,2,-122,4,61,114,49,162,-28,172,167,25,-106,104,-17,86,-87,-87
57,43,-40,-43,91,-22,-72,13,-89,58,-103,-42,-96,-41,-122,-50,70,-50,51,-85,167,50,53,-49,57,-7,0,39,109,11,42,-31,-161,83,-54,56,-38,104,-81,-67,-101,-101,-69,101,-99,-45,71,-172,55,41,-55,6,-80,-4,62,31,-63,-16,-42,-63,78,-65,-35,19,-8,-44,14,-65,46
122,35,-82,-23,15,-16,-53,-131,1,-38,32,-6,-61,27,-51,7,-14,69,21,94,-28,83,103,-60,-64,-21,-126,-76,-80,-84,-69,-42,67,-20,45,7,57,17,46,72,-52,82,-42,37,-88,71,-172,-35,-13,52,16,-31,-65,-23,-30,26,129,-72,-42,-16,48,-38,56,96,-54,-16,34,9,117
-69,93,123,-30,63,-75,86,-111,64,36,15,31,-24,-2,-43,167,-113,35,72,42,103,-14,24,130,-45,0,-28,-58,-1,-7,135,92,196,139,-1,88,-29,61,40,78,69,-55,-29,-11,-83,98,-6,-55,55,-74,49,-64,20,43,-16,33,77,-14,68,55,147,-1,-2,-166,-49,137,69,-43,-67
69,-52,-27,-128,-94,19,-6,52,20,-19,53,51,52,-76,31,53,172,-120,50,-91,-119,17,-74,21,185,78,-90,-48,30,19,-109,14,80,129,10,16,-44,-62,163,39,92,230,-24,87,-40,-116,22,24,7,59,90,102,90,11,-32,116,-9,66,88,46,47,20,-60,25,62,-168,-34,-32,-11
39,55,8,49,78,41,59,-33,-12,53,80,116,65,-67,-89,130,-88,3,-108,6,17,72,3,-28,44,62,-63,26,-90,51,108,-10,114,-77,9,-7,-72,49,3,15,7,-21,85,47,-48,173,-21,17,-59,-40,28,-42,51,0,17,67,103,-25,105,28,109,58,-8,7,17,16,35,-112,-17
31,148,11,-30,65,7,45,0,50,26,98,20,-72,78,-21,37,-39,9,63,103,45,25,48,124,-56,-35,18,-32,42,14,37,-86,31,-32,143,59,152,100,22,-26,-42,-152,24,42,-123,8,88,-42,28,-104,4,-39,-71,-121,50,95,5,-1,6,-101,-46,113,-129,-53,-7,11,-47,59,27
