26,62,76,-38,-36,30,-6,-31,-75,5,15,23,75,7,-55,-50,-9,-68,-23,-65,20,22,-93,33,-50,-77,17,-41,84,-13,34
32,-81,-124,15,84,-25,19,1,-3,-44,25,32,-8,-8,22,70,42,-14,-39,30,89,39,-31,-50,-53,42,-20,25,33,85,-32
27,54,-3,-47,104,-46,-53,-1,11,96,-18,64,-10,-26,107,-9,46,-40,40,33,38,-24,-1,17,-1,-15,-54,31,84,64,76
-26,28,-32,67,-3,-20,-124,-51,-12,92,-25,19,-8,16,28,-33,12,16,2,-55,-46,-81,-22,99,57,-103,-66,-44,26,-18,116
18,96,89,-54,-36,54,18,36,-25,-10,-49,-46,67,127,33,-89,4,-19,77,-44,-85,18,52,-33,49,-73,-28,-23,-7,75,91
28,5,14,22,120,-37,55,71,51,4,-32,16,14,-51,72,-7,52,46,19,16,38,55,90,-81,-31,75,-5,134,-50,16,-11
61,41,72,-13,21,84,23,-5,-28,122,55,66,54,16,60,55,30,7,65,-15,-36,-22,83,13,55,53,-42,-53,-18,36,19
41,-20,16,145,-6,40,-6,50,37,-15,82,-13,38,-3,9,47,-102,14,-30,-32,-65,-35,8,-70,-16,26,16,72,77,46,-7
-24,-9,-28,-16,21,-22,-36,-64,77,-2,-96,-37,16,4,128,-67,-27,-112,53,-112,31,63,-25,1,58,-43,-20,115,63,105,79
-35,-5,20,-33,-22,-57,-4,26,15,13,10,27,40,63,20,23,65,10,8,67,14,-54,9,60,-59,-1,53,-14,-22,24,65
-46,-7,-59,7,-9,-25,-45,-37,41,81,7,102,102,48,10,89,-13,-70,-34,9,77,-7,-24,-6,-24,-26,74,-48,12,34,-1
19,-22,61,6,6,9,-81,-28,-33,40,-49,-8,12,93,14,-55,-46,-22,62,-94,-4,-15,-13,27,-24,-81,-58,67,-15,38,51
85,100,46,50,33,-17,-4,30,-42,-69,-49,-27,-12,38,42,-26,15,54,-30,-8,-25,9,-35,-45,-15,-24,3,22,18,4,14
5,54,20,43,91,-14,0,-38,-21,43,103,-15,4,-19,94,7,5,32,20,44,-67,-51,3,58,29,4,-17,69,84,38,29
-1,32,-73,20,-7,-61,-89,-14,20,87,-26,62,5,-64,50,-15,38,-67,-6,11,26,-34,-45,51,-37,-40,-7,3,29,-6,90
-82,-35,-14,-69,42,11,-30,-94,39,-24,58,36,-12,-105,23,12,10,-5,54,-35,31,128,-28,27,2,-40,-28,-26,33,-44,27
-56,-91,47,-65,31,-3,18,-18,-48,130,-20,122,15,-46,80,-8,19,-104,45,-22,45,79,-34,9,13,63,-46,61,36,43,-13
13,56,42,15,-39,0,-32,-27,17,-47,-39,39,-76,41,47,61,26,-37,-46,107,-53,-128,-32,26,-74,-37,16,-76,43,22,29
100,-3,7,74,2,-34,-30,-8,126,48,-17,-16,35,-24,155,-74,57,-25,8,-78,-19,8,81,82,-7,-69,25,67,-54,71,86
1,-20,32,-52,106,-99,27,-30,-18,83,7,32,31,-62,-10,23,70,23,30,44,68,33,-1,63,-30,16,-22,70,-21,-81,16
-37,17,72,-28,-11,65,-46,88,25,-31,36,21,34,50,53,12,-60,31,130,6,-17,13,55,-66,-63,-68,-25,-61,-22,61,27
49,87,-27,-39,54,46,40,1,-65,-81,-44,-112,21,33,131,-96,-54,-48,48,-24,-39,73,-21,-98,100,51,-36,121,-13,65,3
-4,42,-52,19,50,-55,-12,-22,6,-11,11,-24,38,-10,-15,-20,31,26,-15,-78,34,63,-36,-1,-18,-13,27,117,9,0,19
96,142,130,6,-38,53,42,95,10,-44,-17,-6,24,22,63,23,-62,30,43,-6,-96,-32,39,-57,18,-27,41,-52,0,9,61
36,-24,27,-16,70,5,12,-52,-6,29,-5,21,105,-11,63,-27,39,-67,-1,-46,18,41,-5,26,0,25,-49,69,-20,43,-50
25,31,69,-2,40,57,-9,-49,-61,69,9,-8,45,-7,124,-43,44,-28,36,-7,-85,3,7,56,83,-10,-90,-34,72,61,53
109,27,61,74,23,10,37,-33,-20,53,-47,-8,85,-2,-7,19,117,76,-70,-57,-24,-70,60,85,36,53,-44,4,-75,-46,40
-1,70,2,-1,6,58,19,-49,-57,6,106,-80,167,25,82,18,-79,-21,-1,-87,-13,120,-62,56,115,-6,39,77,66,19,84
-81,-80,-80,89,-2,-61,-18,45,-11,1,59,-44,-28,-10,-12,-26,-11,46,-39,6,9,49,3,-25,3,-40,21,72,-24,-20,-39
34,-51,92,-28,4,38,32,17,-112,49,22,44,92,21,-50,22,26,5,-44,36,36,-23,3,36,-58,95,35,-44,0,-22,-29
-66,-77,-72,17,-6,-6,-37,35,15,81,-8,65,4,-32,-52,-3,-69,-41,-9,40,45,13,31,-49,-60,28,37,1,-5,-21,-36
