76,157,-53,-46,52,-71,134,-7,-21,-16,54,-43,-24,-42,-41,-25,-91,-13,-119,-87,93,9,10,0,-27,51,-23,18,30,74,53,-24,-9,49,67,-99,-171,-26,-79,-69,2,-62,6,77,-35,73,39,0,102,155,-3,41,22,-68,39,9,-38,-21,6,83,51,84,81,30,159,-73,-65,-64
35,44,41,-24,84,9,125,-24,-49,-12,-34,51,-41,187,1,34,-25,-98,39,-56,81,-59,-63,16,86,49,-31,-7,121,71,-50,-65,-104,115,138,106,20,31,-9,33,95,-8,-156,169,28,168,-92,116,154,-124,43,27,-55,225,35,-91,65,5,20,1,10,46,-44,-31,50,2,-152,88
-34,-119,8,77,136,-15,77,67,43,66,-43,-180,195,-82,138,-12,9,-97,-69,92,56,-20,107,14,-61,130,14,50,53,-70,-100,-4,-11,-16,-35,-12,43,36,73,-34,29,165,-56,131,-38,20,61,-122,-24,-145,50,-53,93,-42,-141,10,29,16,-115,4,82,85,135,24,-17,36,33,-122
-41,33,49,33,-48,48,-80,76,-15,-118,-63,-30,-110,-19,-18,7,-19,42,80,45,86,-68,101,88,28,130,36,-42,83,-91,-77,20,85,-54,-28,-107,-16,78,89,-26,2,-65,6,-73,-45,-109,-10,0,99,-44,-32,30,2,49,-69,40,-14,3,82,0,24,-30,59,53,-87,-102,91,-34
-13,-85,-14,28,-51,-25,-96,-31,10,-8,101,-100,31,-29,34,85,164,94,-20,68,-58,-35,30,-15,-71,-130,13,-67,68,29,-58,91,1,-5,16,78,158,117,-1,3,92,76,-63,105,40,-126,-34,-7,-15,-20,-11,-34,-18,11,-26,-31,21,-111,21,-9,149,-22,-4,-94,0,17,-41,70
-141,-69,-129,30,12,56,-26,8,71,-35,126,69,-36,12,-101,-30,19,54,-55,-98,-18,-109,7,25,166,-43,-126,-50,12,-24,-5,-12,47,-4,-7,3,24,-3,103,-114,-102,172,-54,-72,-43,-68,124,-135,-51,-14,68,-102,2,60,-46,-50,28,-55,151,-93,4,164,-15,148,-106,-76,-35,-90
-71,29,7,35,14,69,119,55,-219,-122,107,111,51,19,-71,-107,-69,42,0,43,-12,-90,92,69,131,53,-23,-33,22,-19,69,105,111,-40,74,-37,25,-61,117,-210,-38,6,-95,-39,-117,47,13,-6,-82,16,-57,-223,-57,94,-109,-47,-5,61,-36,-54,24,43,51,155,-24,156,12,25
53,30,-23,-57,41,-1,49,135,-38,-14,114,-33,84,-17,5,-97,68,99,-31,77,-20,40,36,144,26,42,37,13,19,-66,-2,105,33,-70,44,35,40,-24,-113,18,-142,112,-65,-1,6,70,12,-44,-76,3,2,-2,80,-87,168,43,52,-28,-30,-11,98,55,52,-19,73,107,22,-11
-154,-103,23,136,-30,10,92,26,105,26,73,-68,34,57,-24,83,126,192,77,122,99,-6,68,-37,8,25,-59,177,23,159,-4,24,-94,-67,-59,17,70,-1,28,-48,90,25,47,-55,-39,-18,11,19,-63,13,92,-61,102,-23,-23,47,11,19,51,-69,15,46,43,104,149,35,162,17
30,93,-45,23,63,14,-90,34,-59,75,3,64,74,-38,9,17,-51,-34,24,55,-51,-11,-48,79,17,68,50,-7,10,49,-12,104,73,-63,-80,-64,-99,-34,-13,-23,-50,152,130,47,-112,4,72,-27,-117,67,-10,0,71,-36,-57,-48,37,8,91,27,-1,79,15,112,42,-21,157,-48
19,-21,-110,-152,2,18,43,-50,38,33,-54,47,98,40,-37,-41,-142,-17,-78,-3,-77,39,-14,-67,76,-63,-36,51,-99,-83,64,-142,-95,-54,21,-120,-91,-9,0,-68,-52,25,105,-100,37,-105,-36,-23,69,-8,-56,-76,-146,-37,-82,-25,-11,57,-30,-5,-120,-7,-160,95,-113,61,95,-93
-24,71,22,76,42,18,163,45,-1,-17,36,-98,-87,-3,-97,1,74,46,74,-4,95,-114,-86,118,122,58,0,-32,165,43,13,65,-23,-47,48,-94,-35,32,-13,-7,-69,61,30,61,-89,68,125,3,152,-4,85,-178,-11,141,153,-56,92,-47,37,-67,29,-17,108,88,11,60,-14,171
-60,-7,-5,82,67,127,-51,70,15,-75,-10,107,-52,-46,-3,23,4,54,110,-15,-46,-84,49,172,-84,121,75,-74,87,-3,-63,13,39,68,16,37,-30,-13,30,9,-88,13,12,54,-94,3,37,-94,-67,-59,36,59,113,-19,64,34,-47,24,-11,-15,22,112,135,3,106,-95,-25,11
97,-192,-69,64,8,146,59,-12,3,191,-46,-7,56,-61,11,-48,129,79,-5,37,1,26,142,15,-9,3,50,212,22,-7,-53,29,94,56,91,0,23,-32,-40,8,-43,136,96,24,113,29,4,118,115,267,32,56,40,97,-13,117,77,-10,-48,-3,8,-23,103,99,202,104,-70,-168
-31,-21,144,9,117,51,36,19,78,144,-129,32,-142,33,18,13,18,113,171,26,6,3,-26,-13,11,-59,-56,45,66,142,-69,-134,-134,-174,-66,-52,-83,-56,17,47,8,-133,122,16,24,-52,-15,-40,85,-24,45,71,139,33,97,44,36,74,40,84,5,-21,96,38,63,81,10,101
86,20,-20,48,-113,-31,54,88,44,154,61,84,-102,58,-29,-40,-4,76,2,36,121,16,9,66,41,46,22,-109,60,169,-31,-23,-84,-43,18,-56,52,53,3,-41,98,58,45,8,-93,54,3,21,11,-9,65,76,92,13,134,4,-23,16,34,-7,12,55,95,54,52,49,-16,104
59,50,-106,60,-84,97,-10,30,68,106,-28,-16,1,101,-96,69,44,89,11,64,92,-8,122,88,53,-31,-7,77,34,-48,-46,-20,81,138,54,-32,-143,71,-67,-59,-17,73,64,-88,-52,-40,3,58,168,111,65,-51,-33,85,57,11,-11,-43,16,-80,-75,50,18,102,82,-56,11,-47
59,39,29,-35,-27,132,32,-18,-12,57,110,-2,215,41,16,67,-114,59,92,91,70,27,66,234,149,38,-6,37,57,-172,114,133,143,4,-45,100,-23,61,12,52,10,164,21,-10,-3,-79,24,65,70,-54,58,-21,62,91,37,-28,81,91,28,82,-22,45,17,143,-26,127,72,-58
33,70,118,51,60,-36,-26,25,32,63,37,-118,57,22,26,126,66,127,69,-12,-32,-65,-98,-15,43,106,20,16,105,-14,-42,155,3,18,-33,118,-1,37,124,-56,126,-7,25,-80,100,17,77,-30,-57,20,-54,-49,-63,60,2,14,40,113,-89,74,11,-83,4,48,17,50,-101,46
27,131,51,122,153,113,66,33,-106,85,143,48,151,17,100,97,-55,44,9,-99,75,-108,-37,149,64,40,-139,-46,10,-92,62,-44,-21,36,22,103,-55,-188,3,-54,-71,125,47,76,19,28,-20,24,-60,71,-29,-69,72,108,-59,-25,33,151,87,50,37,54,11,-11,196,108,24,-8
75,31,124,-28,172,47,-123,66,-124,-53,-140,87,50,19,72,9,-87,18,-58,76,-47,-147,19,47,-117,67,95,-93,71,-35,-91,-1,-38,-56,27,93,42,-75,-15,-9,22,9,104,98,-25,71,-38,72,-26,-30,-123,41,-10,-57,-60,-109,68,54,69,5,43,53,-118,-102,72,-29,58,94
-161,-25,53,103,5,105,-13,-63,-19,52,36,54,123,204,-4,26,85,6,164,-72,72,-96,-40,114,108,45,-60,-29,45,-19,-32,2,47,87,-39,83,27,-7,-12,27,40,121,-47,107,-136,-7,19,97,-52,-11,48,134,58,164,16,-54,48,0,28,105,54,69,-7,56,63,-85,7,7
127,154,114,-123,105,74,-35,85,-95,105,121,86,12,-27,-9,-33,-128,44,80,-16,-13,52,-11,136,-74,-115,55,-9,6,71,78,83,40,67,60,91,-86,57,114,9,87,70,59,95,-40,-1,174,99,22,101,-39,-1,79,-42,128,-110,54,4,-54,142,-32,-7,19,73,127,113,36,26
-15,-115,23,53,25,152,18,-16,-65,-99,-95,11,25,5,148,87,47,43,-3,93,-25,-94,1,31,-26,78,22,110,74,67,-24,21,-46,-69,-10,-57,84,19,24,69,104,23,-72,41,44,62,-17,26,-14,-22,36,103,43,90,27,35,22,45,-53,-68,114,9,142,40,-2,124,-36,-100
-27,34,23,2,130,-34,65,23,-6,-96,10,-27,23,130,-12,90,-41,-59,-166,-55,7,-23,-42,-30,74,-57,-146,-39,-71,-43,130,-33,-35,26,-20,56,-31,47,11,61,-21,24,-107,95,35,-19,22,-104,-91,-129,21,-60,22,-20,-41,-27,29,-117,17,-11,-8,83,13,38,-110,-43,27,-7
25,94,139,4,53,-32,115,39,-18,74,-44,-80,-52,71,42,93,38,48,-13,1,16,-50,54,-75,60,-34,-95,45,79,96,59,64,-22,1,17,75,40,-12,-19,-25,53,-27,51,71,75,-44,-124,64,127,23,46,43,61,-11,57,-20,44,-126,96,-8,52,29,32,16,64,42,-47,105
-5,9,65,87,-34,114,-30,80,-62,0,50,-56,-4,-59,104,157,170,185,174,-12,84,30,-31,102,34,80,-69,27,119,57,-10,141,60,63,-8,60,-30,-93,39,30,67,40,43,-44,86,-31,62,51,18,37,-85,-38,-59,148,159,21,153,172,54,197,23,-1,175,86,-7,6,75,-1
61,48,-22,20,-99,56,-59,31,-39,218,76,52,51,93,-97,3,6,57,178,-41,53,143,80,146,121,-53,87,31,33,24,56,-25,83,21,-71,-1,-78,160,19,7,58,29,-8,-113,50,-61,11,132,83,60,89,-13,14,55,46,-78,-108,76,-55,-128,-14,-79,48,103,41,74,7,39
-56,70,162,78,146,139,-63,41,-124,155,16,63,117,236,51,0,77,-61,70,12,144,-111,118,162,114,44,-97,69,104,-54,-16,53,18,52,94,69,-98,-133,-70,-2,53,118,65,100,-84,59,-7,109,67,84,36,11,41,-42,-10,-26,20,57,51,-92,-105,59,146,104,140,112,33,50
-37,91,16,-69,-39,41,5,72,-32,-88,76,-69,-49,46,24,-15,80,-48,-64,24,-33,-74,-18,62,2,80,-21,-22,93,-30,18,60,4,21,-1,-3,160,75,-1,10,-46,-6,-28,-64,-97,94,36,-9,43,28,25,18,31,-97,25,-111,27,-105,-9,-121,27,131,-84,157,-45,-46,-58,74
26,50,71,-10,-59,30,49,-9,-87,-79,-74,-22,130,115,-35,156,-9,39,15,-27,65,-33,16,61,94,22,64,113,76,2,10,-9,23,90,17,90,-5,-27,-70,35,-69,25,-4,-17,127,-4,48,151,92,105,-68,24,-130,69,157,-118,63,91,-17,-24,37,-62,-45,13,105,21,89,-23
-84,-90,-74,36,63,-15,-81,41,15,-28,-62,91,-60,0,-6,95,3,-46,-1,241,32,13,53,-33,-130,128,30,11,9,71,-3,-54,-46,-88,-63,-62,120,91,-16,46,74,31,22,82,119,43,-152,1,40,7,2,30,7,-87,-96,88,-36,-84,36,-14,24,157,-4,-56,-150,10,132,-39
135,-9,70,59,-15,55,95,112,-72,97,93,65,75,30,21,-140,-20,110,96,-121,100,-12,25,128,23,1,74,-56,54,71,-67,21,41,96,22,29,-34,-3,-39,-56,78,-28,-127,52,-67,15,-31,140,-19,4,14,81,120,26,123,-74,-75,43,36,77,41,-41,-4,-51,141,-28,39,34
25,33,-16,-42,89,-11,-47,112,-30,46,-66,170,-81,-110,152,107,32,101,94,-17,-92,31,33,174,-29,30,64,-77,26,15,13,-55,-23,-69,58,74,27,-51,37,171,15,-51,-46,123,95,11,-141,167,79,-6,17,46,20,-37,-30,16,135,59,87,59,28,-22,-100,103,41,112,-16,149
-60,43,43,19,99,106,63,158,-46,3,-12,82,63,93,-8,-72,105,125,136,-67,59,63,36,116,105,98,-42,121,48,19,23,-2,-9,43,-39,91,-27,-59,-110,5,14,25,-50,-135,131,41,-9,73,85,-22,49,-11,83,-49,171,-92,-70,180,72,-129,-35,-25,102,118,-75,47,29,-2
82,10,-15,-81,161,149,4,128,32,-31,-134,-52,-44,-39,27,-17,22,126,27,21,66,-21,41,35,30,48,13,113,91,-67,-71,-5,46,-34,90,-34,9,-43,-42,81,-64,8,-59,69,99,30,-139,-12,135,-46,36,-46,75,23,83,61,66,95,-57,0,6,97,134,95,-50,-1,53,-8
-21,56,56,-83,101,36,25,-88,-3,222,93,-123,-6,63,-119,74,9,-93,85,-9,186,87,-22,-86,160,-144,-25,31,-156,74,44,-78,-72,-66,-62,-18,25,56,-56,93,-53,106,70,75,87,-12,-84,52,-4,109,61,62,-15,21,-86,-38,-1,-74,-47,46,30,-13,-129,-37,169,19,-8,-17
-196,-53,64,-18,-118,-26,-5,-5,57,-83,-4,28,96,-5,-57,76,104,-11,172,4,-2,12,16,43,25,6,65,-21,79,128,89,66,77,-203,-33,-36,11,132,116,87,169,193,-31,-54,11,-44,117,-59,-104,4,132,-80,-9,57,32,-46,95,25,-119,-16,153,-94,221,52,-42,101,127,-138
81,-23,-101,87,2,45,45,-34,-53,55,-108,-1,-129,69,81,106,12,32,21,6,32,7,-89,-35,30,59,-11,103,-42,123,-77,25,14,138,16,-119,-11,69,42,41,21,-149,63,-36,82,-58,-102,87,57,-8,90,119,-58,54,1,176,-34,-59,-52,29,-139,22,-15,101,-64,-87,-56,49
26,151,93,-46,-87,-33,60,144,-96,-94,34,-25,167,33,116,115,29,-8,-107,70,-110,45,-78,136,-8,19,-8,-41,-17,-52,92,144,19,35,99,86,112,34,-22,117,28,111,-7,141,102,39,15,-45,-120,-114,-71,49,9,-40,161,36,235,-24,-57,132,108,-67,25,-42,-51,0,135,61
30,61,-33,34,7,67,31,57,-2,-82,-38,-11,61,45,-86,11,12,26,-17,-75,-75,21,-10,56,129,-95,-84,-35,117,-27,140,49,103,44,-17,-18,21,53,32,-37,-31,161,-10,23,-30,-80,19,-3,16,-69,0,-143,48,54,93,-33,12,-35,-28,-133,25,64,59,78,17,26,-91,-25
-36,-29,36,101,-8,92,19,59,-150,-1,43,51,13,30,90,10,-55,47,124,-1,54,-26,129,73,89,57,-139,41,-37,-23,84,36,119,89,95,20,35,25,114,-43,88,11,-112,42,-83,-110,79,100,-11,-65,-46,29,112,-40,-174,71,40,-17,153,2,-30,-57,-84,232,-46,-95,72,-36
23,93,-12,41,121,147,31,103,-103,18,-105,45,30,120,-25,59,-114,5,-15,91,-47,-109,60,16,3,-11,-24,74,41,45,12,-72,-67,20,-14,-9,-45,83,4,-91,1,50,78,108,120,63,-20,41,15,-28,-29,-39,-16,0,-32,-92,56,24,-60,-106,33,-33,37,27,37,66,37,-71
-91,-74,14,35,-23,-43,112,-53,10,13,24,-6,94,-35,-57,-17,56,51,-21,-39,47,-80,-3,-71,74,-73,-133,72,-86,-77,31,-92,-53,13,29,-85,-85,-78,-1,-151,33,88,-12,-14,18,-49,146,-63,-92,70,-78,-62,-73,63,-69,69,27,63,66,28,11,-153,9,-10,-19,-10,54,-184
-52,132,18,-92,-50,19,-59,16,-17,63,-165,177,60,65,11,112,-61,-169,-99,56,-39,-23,66,57,-86,19,8,-71,-23,17,-44,15,55,158,73,10,0,-11,-54,-50,26,105,139,27,62,47,-65,-31,-54,81,-50,93,-68,-22,-25,-10,-46,51,-121,-65,30,-1,82,-87,84,7,-118,-1
80,77,104,6,89,36,-42,73,-84,4,54,105,72,162,-47,-40,11,-50,7,-52,-90,64,68,4,-19,-127,-76,115,87,56,60,-116,-3,-77,100,9,-146,-20,-176,2,34,-45,22,5,-46,30,106,45,-47,54,-81,-75,31,-78,59,-81,-42,61,38,-72,83,21,17,-15,91,32,125,-62
72,82,17,-71,47,42,12,100,81,-26,7,115,-81,39,-24,-39,-18,-7,-24,21,-26,-42,13,18,-24,-97,-71,44,125,42,2,19,-33,-120,7,-43,-28,23,-106,42,-5,-28,-39,71,-74,-1,51,-62,14,-77,58,22,145,-94,47,6,5,25,64,-124,-9,123,151,130,4,14,11,-70
-72,14,-15,116,70,91,117,66,-110,-47,110,-17,-9,-13,60,114,63,67,-27,-69,24,-4,-48,64,56,-14,-86,18,4,53,66,-55,-44,83,-26,-7,3,-1,18,-63,-37,-11,-112,-2,22,-31,-42,-95,3,21,-90,-23,7,-15,117,18,-19,-20,-31,100,111,114,171,-27,22,48,-47,-86
30,-9,8,53,-14,126,-25,121,-73,-6,91,-28,-33,82,110,-31,151,109,86,-32,12,-133,23,96,-18,-106,-50,51,89,-47,-37,15,32,67,68,186,3,-60,2,29,-10,46,-27,-69,-3,-1,70,66,61,19,-18,-13,73,53,91,-73,104,77,-36,-86,-66,-43,-37,113,-41,-20,-26,69
12,-247,-50,88,-180,-7,223,74,81,112,-104,63,99,-109,51,-30,120,115,121,20,33,74,31,36,-29,55,106,38,-57,93,26,-63,-131,19,-63,-22,4,47,-15,91,183,-29,9,-88,122,38,-13,114,8,123,167,50,148,53,44,80,-19,-95,3,-111,10,-200,0,-40,127,-7,4,-2
-68,-3,119,-5,117,116,-46,20,33,77,-11,-21,59,70,-15,10,146,84,55,138,11,-37,52,150,107,117,-40,69,57,-34,-127,88,39,40,-13,78,53,-72,-21,-10,23,157,182,4,58,32,-8,-13,16,69,43,-9,89,53,36,37,85,16,70,91,-52,126,82,95,36,88,7,-2
-48,-21,86,-32,-84,-9,111,-47,79,109,-81,-45,28,57,139,85,-51,-155,-163,28,148,81,-34,38,-62,-71,-80,10,-23,82,-49,-108,16,91,-25,-131,51,103,79,-9,12,80,72,64,53,-118,-76,48,72,-36,-3,108,48,15,-45,44,-24,32,-101,-39,1,-27,-20,-17,112,-16,-34,-1
-9,137,21,-59,-99,61,70,-76,-87,68,-10,52,76,115,4,4,-27,9,57,37,128,40,18,141,68,-15,-70,-71,6,93,30,37,36,60,7,84,33,16,-28,-60,-19,99,82,62,10,-74,21,81,-10,-10,83,-10,38,92,120,-11,24,17,65,-32,-9,-113,21,62,81,42,-27,76
35,94,67,101,87,15,-6,37,21,17,-11,-9,48,184,52,-21,98,-47,-5,-21,0,-89,46,75,144,116,-11,89,120,2,-118,65,73,15,71,-112,68,9,-180,15,61,17,-45,68,32,97,13,55,-30,-20,58,35,-6,-35,44,59,-45,62,46,-51,78,49,146,171,-73,72,-23,-13
-61,-41,-167,59,-37,120,-22,-35,-77,12,24,-73,19,-52,-26,7,147,111,95,-75,9,87,-38,1,112,100,-28,94,-48,88,47,84,37,-78,-40,-33,52,-95,32,18,-59,42,11,-9,15,99,86,-63,-10,110,112,5,47,138,112,11,56,28,10,-29,22,17,2,164,21,-52,23,-27
19,-81,40,-34,19,11,20,-17,11,9,143,46,9,-25,3,-38,-50,42,-106,-3,81,-8,2,108,-27,-102,10,-21,29,-64,54,50,71,116,-37,12,-101,-129,53,-96,22,-6,-47,87,26,6,104,136,-53,114,-36,-11,48,15,97,-9,-28,-66,66,85,-112,-64,78,6,84,36,-9,22
-141,-97,16,100,-107,112,87,-66,-51,0,119,-119,26,78,-23,50,85,59,148,-34,160,23,-92,52,162,-37,-28,39,13,130,62,70,24,49,-101,-5,54,37,115,-12,43,-15,16,-55,4,60,80,99,-192,11,114,-85,-3,206,35,-27,-10,23,-87,-67,3,-102,-69,96,55,-29,-17,67
-78,-103,-44,54,145,7,-28,-47,99,-88,-7,-37,-132,-95,12,17,110,34,-20,-83,-49,-86,-76,-43,-59,-43,-33,-31,21,15,-59,50,74,11,-15,-23,65,-118,11,-6,20,101,-21,52,-65,6,82,-44,-37,3,-72,19,-56,97,61,-54,102,-4,41,192,72,42,-7,-68,-183,-16,-77,-14
-41,59,-17,-54,-5,93,14,-18,-93,-31,-50,-48,91,65,-90,124,113,30,97,-12,-40,18,-44,46,155,31,-40,-33,12,-46,64,90,94,83,-37,112,89,36,-42,102,-135,62,-67,-4,116,-22,-46,20,24,-39,41,-36,7,42,121,-37,59,-128,28,-94,-13,20,-98,52,73,-28,-103,101
18,114,71,56,56,-136,71,-34,-61,59,74,46,-37,105,61,-38,-80,-36,-81,11,-22,47,44,40,58,32,3,14,-104,85,-49,-20,7,-45,50,-55,-63,4,-36,-145,-53,-118,6,-7,-77,-29,9,53,4,97,100,-4,-4,-90,-124,-8,-75,-10,44,34,102,-31,68,-18,106,1,87,-39
69,34,75,58,38,58,95,33,0,-38,38,34,16,69,78,44,-48,78,-39,-8,12,-7,39,113,-33,35,-84,138,15,48,110,-5,-12,93,-9,87,-37,-2,-20,2,74,-8,20,-67,-19,-40,159,-16,7,-49,-17,-55,80,-5,169,-21,-12,37,-2,-74,-78,-94,85,-29,62,10,-92,24
9,-186,-209,13,-71,78,-41,22,24,97,-106,62,18,-54,-73,-88,139,-89,-91,-42,14,85,87,-93,-52,9,-67,29,29,-6,-37,18,75,-67,22,-143,145,-19,-36,74,52,224,44,45,-67,64,38,-49,-21,-14,-40,-46,-3,-31,-25,-4,-12,3,-19,-78,-2,143,-87,89,-83,7,45,-94
72,33,73,101,4,157,-62,71,48,-25,10,-59,5,37,-9,-19,115,139,10,-126,-17,-19,-7,53,36,-84,-1,79,122,32,1,82,11,-34,88,-1,21,35,-42,101,44,70,72,43,94,59,151,52,136,147,-25,14,64,113,172,-68,86,46,55,69,144,30,104,80,112,55,-5,-40
21,-163,-34,54,20,142,61,-3,-1,-31,-190,98,-186,-62,-71,-141,137,35,63,-32,-36,50,40,43,-39,9,26,60,110,-21,-47,54,73,-110,7,-29,87,-67,30,160,10,21,53,-12,95,90,15,183,141,97,62,31,-7,59,25,-17,73,6,54,-99,13,-7,-12,120,-66,52,-98,47
114,53,82,-5,89,-43,89,11,-13,134,-78,63,-120,64,82,146,-66,41,1,12,88,34,-32,69,-10,26,-31,21,92,104,-12,-53,-28,40,51,-44,30,20,84,17,50,-167,-22,79,134,-28,-232,188,112,32,16,183,-10,34,28,126,-65,37,57,20,-74,6,-113,46,-47,114,-99,161
-38,-11,-11,-17,64,133,3,-69,-19,162,-30,-9,-5,112,35,-7,73,-7,-43,10,5,87,-34,26,82,-49,-164,117,20,32,-9,30,28,40,-152,-89,26,-53,-82,-56,-46,42,83,38,12,-116,-50,115,41,-52,9,69,43,-27,97,-67,-15,-32,143,-50,-91,17,107,73,-5,139,-71,-66
-3,42,90,23,133,72,94,98,49,153,70,-77,-3,-77,63,115,195,99,91,4,47,122,-20,154,20,33,-69,104,73,88,-7,103,-32,-70,-69,126,-7,-100,-9,55,-54,121,65,-48,50,133,27,-92,-53,43,88,-28,165,109,136,-76,60,114,87,45,55,72,184,57,62,206,20,-10
10,12,203,168,45,-121,56,54,-47,-39,-139,7,53,55,71,-27,-15,-30,-49,-55,2,-89,100,-46,63,47,-9,120,-35,-54,-66,-32,115,42,42,-23,-59,-43,-64,-99,92,-32,-39,48,51,5,-28,62,12,53,-162,61,-144,-31,-65,30,52,116,-8,162,157,-98,69,-147,-14,-80,54,-191
