27,-29,24,-40,89,206,-74,-64,62,42,67,-34,52,55,69,35,-41,54,11,-22,131,147,-54,-46,39,91,-56,-68,-28,-25,55,136,18,155,29,32,73,-20,18,-55,116,51,-60,-13,-76,64,93,-27,2,38,22,-5,76,-33,-16,134
12,92,38,-17,11,-128,-81,-65,-86,-92,9,-115,70,-72,-75,0,-44,66,0,94,96,93,8,20,-45,102,82,88,-11,23,-27,82,103,-134,-4,-13,67,30,27,64,45,78,77,-81,120,46,68,67,45,15,3,25,-1,6,41,-1
-21,19,50,104,31,9,14,49,-84,-80,9,22,40,-20,38,-33,-79,1,1,-59,18,51,65,-26,9,-11,20,-109,3,21,96,7,-76,-65,-82,5,13,114,54,-27,27,-91,73,33,18,-91,81,85,-22,-30,58,2,115,102,93,74
42,-180,-39,104,-102,136,-27,-75,10,-48,-18,91,12,43,60,51,35,6,100,43,33,-21,49,5,125,23,34,11,69,41,58,73,-11,126,137,-90,13,-38,-38,101,44,-29,5,-27,-8,-28,-69,-141,5,67,47,57,-108,19,-73,60
45,97,-79,47,-44,-53,42,-40,102,-42,-106,-4,-25,-6,27,-43,-1,15,-1,11,53,-29,67,16,-36,-18,79,-95,-16,-49,19,32,29,-87,-67,-116,-62,-95,10,-3,-47,34,59,-2,57,-31,-121,-76,9,57,-40,71,43,57,19,-24
63,-123,49,82,-21,-26,-55,-3,-47,-130,22,50,9,46,-2,91,-10,-40,104,87,78,108,1,48,41,65,59,14,86,-63,20,64,44,-45,36,38,50,89,-46,-24,15,15,107,0,79,28,67,-1,136,114,6,20,-103,110,51,62
-6,27,-70,113,-97,-21,27,3,66,-11,79,7,-95,-24,35,-53,70,-17,15,41,34,34,85,80,13,-130,61,13,87,36,30,-125,-125,11,20,-21,-10,113,5,-33,-53,-18,24,108,12,-7,120,-26,67,57,93,36,-15,103,-61,0
61,-76,106,-3,69,36,142,5,-16,-9,-139,61,-36,33,-64,140,-65,-69,-39,-99,-4,-24,-57,125,-105,78,65,129,68,84,-12,4,33,-5,39,-46,-34,-43,47,1,56,-20,-25,62,93,58,39,61,96,-51,90,-58,57,-62,21,84
-51,-110,-147,12,-80,31,3,49,36,-48,96,73,106,58,-82,-68,101,-91,30,-2,6,68,-6,15,100,99,45,49,57,69,-67,35,-13,164,3,-84,34,-44,11,-41,-57,40,7,33,131,-57,5,-121,111,115,56,39,-90,49,-24,13
4,37,139,-121,175,-40,-8,25,39,-3,-33,66,51,5,112,121,-23,28,30,-96,105,-2,57,-18,-67,61,-8,83,42,-79,-27,103,52,-36,-42,-52,15,35,0,-32,44,-32,56,-2,90,122,-48,89,169,45,-58,-21,97,-28,65,46
89,-57,86,64,-21,91,-6,48,4,-29,-71,110,-44,14,88,157,36,-46,44,41,-41,61,1,21,-30,52,14,70,124,12,-16,25,46,9,65,48,72,21,34,36,42,-22,31,-40,79,7,-69,80,93,2,-62,16,12,43,2,63
163,25,2,113,46,24,-43,-21,172,-35,-20,87,41,223,-15,71,121,-37,-35,-31,57,-108,-74,-36,40,81,-75,51,-39,-46,-18,-34,-170,137,26,24,0,-85,67,74,-59,55,2,118,8,74,-103,-30,17,53,-23,130,75,114,40,75
12,40,48,56,-46,20,17,-95,-60,-28,114,-10,54,-119,4,73,-60,-151,-29,9,-15,83,149,-9,-2,-116,-46,-47,-4,65,-19,72,-18,-77,129,69,26,98,-14,64,95,17,25,-86,-53,-29,-71,14,-129,22,14,84,31,25,59,-79
63,65,20,108,109,-57,-128,-82,22,-77,49,-84,30,30,-60,4,-70,-34,-43,95,28,38,-42,-19,-17,-13,-87,64,108,42,-143,1,-11,-88,8,51,134,28,28,-23,19,11,20,-58,-7,34,108,8,59,-44,-26,76,154,96,-27,19
65,7,87,36,-45,-11,-22,-49,-18,-37,49,31,146,65,34,5,96,66,-52,-16,71,-79,33,17,65,-6,37,19,24,61,-21,-7,-111,-26,-43,-24,-23,-33,-1,-34,-41,-39,49,79,6,68,6,41,-35,-12,41,93,-103,40,98,38
-20,128,28,37,31,-10,33,-5,59,-23,2,-22,19,-34,33,10,90,40,79,26,12,94,114,125,-75,-171,65,18,-44,84,36,51,-14,24,119,0,38,16,78,5,-44,63,55,-30,32,38,15,76,-38,-12,-11,61,79,-57,-60,13
106,-26,-118,61,2,-44,-49,-31,114,-61,24,-16,-67,22,0,13,-43,-31,65,135,-51,-79,-61,-8,58,94,-107,74,31,65,-99,2,51,29,54,35,-76,-13,-97,94,-76,133,-72,-56,43,33,45,-93,15,13,-14,108,63,18,-76,-75
23,61,-3,62,161,48,-50,105,33,-17,-16,-39,-23,98,-13,-28,181,43,-64,47,-1,-75,-109,51,-51,-63,25,-54,-24,2,11,78,-8,64,21,48,6,18,64,48,-31,13,-71,-34,-113,31,-41,-4,-32,-145,-41,0,46,-80,-61,15
-18,-174,82,49,65,59,-12,-22,106,-1,-128,-28,111,-96,3,115,-139,49,6,77,77,143,139,-69,-10,104,-2,34,34,-23,47,171,130,31,74,40,64,2,18,77,10,-66,-46,-27,78,31,62,143,108,-17,-88,43,7,-43,-99,-17
-44,37,-155,-51,26,106,33,-154,124,2,80,87,-90,53,-6,-31,111,-97,-60,-177,42,60,81,-59,140,83,-114,45,24,-85,-9,50,12,25,80,67,94,18,69,117,201,77,-222,70,38,-37,-12,39,99,101,-11,-57,-1,21,71,-31
24,2,7,41,83,1,-78,-90,-44,-33,33,148,-37,-68,-23,-114,-9,-85,8,-55,2,48,46,32,57,-50,-17,18,13,-11,-28,19,-30,-33,9,-17,11,141,75,9,-13,23,46,5,111,-43,19,-73,44,9,42,81,17,95,-45,62
-25,-38,10,70,41,46,-74,30,-58,35,140,52,-17,61,5,14,6,57,58,-38,-32,36,6,-49,-4,-75,7,37,113,68,37,21,-50,-9,-4,-2,34,85,56,-63,-32,-45,-56,196,92,92,19,23,87,-12,-66,-102,114,12,-134,136
-102,-224,53,-69,-90,67,20,25,-92,45,32,37,62,-23,21,-36,44,-37,20,-24,16,46,154,-21,36,67,195,-46,40,-17,11,126,9,-12,-87,-31,6,-7,-9,-36,16,25,-54,22,-15,-43,-73,1,94,-33,42,-72,-51,-132,-31,5
6,143,106,-113,87,-77,-103,81,165,6,-77,-45,28,52,68,111,152,111,75,70,65,31,43,177,-98,85,60,164,-11,-41,-8,-19,-27,-74,-4,-58,21,-52,42,45,-77,-21,157,-89,98,23,21,-13,117,100,-12,-43,132,23,-71,18
10,-59,57,107,-92,-67,-5,65,36,56,52,-60,53,-14,18,65,-124,-23,-88,142,-43,-28,51,49,17,-19,55,46,0,50,-56,-60,36,24,49,-47,-20,-36,33,-36,-19,-44,76,52,-28,55,-57,-111,75,-90,94,20,32,58,-28,-79
100,-15,1,110,31,39,48,76,-97,-35,-3,31,65,43,37,95,60,31,-56,43,-68,-112,-42,-80,131,14,-78,-20,72,14,-67,-33,-60,41,87,12,36,-57,-56,60,-49,-8,15,13,74,78,-99,-37,-17,-35,-110,16,-70,22,90,-7
72,65,-57,43,106,48,21,5,159,-99,-39,77,21,14,27,-35,86,-20,-70,-31,9,58,37,30,42,18,-64,120,31,24,-35,61,-6,28,119,89,74,27,1,60,148,15,29,-31,-10,48,65,44,57,11,13,138,37,-17,-30,-23
30,55,34,138,44,-5,-50,-5,-9,-9,114,39,26,-12,30,33,34,-23,11,2,0,-86,122,-7,5,-95,6,-1,-43,-2,12,-20,-141,-106,30,0,-66,30,38,82,-14,83,36,135,-9,44,-77,60,26,67,-37,39,88,144,-1,-16
42,-12,72,-99,44,18,-83,29,19,12,-110,4,54,-36,48,96,28,86,16,-6,-11,-3,-43,-67,-68,10,20,21,-1,-31,101,5,6,16,-69,25,17,39,-14,-8,-31,-7,-24,-96,55,-37,-59,145,78,-48,-52,-75,20,-31,-46,-15
-136,-36,35,-127,-6,-16,138,118,61,80,24,31,-16,-58,90,45,54,0,65,-66,-22,82,135,172,-16,35,13,102,-76,36,-64,-8,-18,17,68,-29,-25,0,-1,67,67,5,2,-17,0,26,57,107,77,-31,35,23,15,-29,-1,-16
53,-3,-54,-5,-7,218,-162,-166,118,-16,98,81,-4,-116,101,-43,36,-5,59,-16,52,-22,107,-23,32,-97,-58,59,21,-50,77,131,-124,-41,124,-56,31,86,11,-19,90,-21,-32,38,70,-64,82,-86,76,131,17,-13,-11,85,-20,34
40,106,-9,-20,8,9,-92,-4,1,13,95,-58,-43,123,25,-1,194,27,44,13,63,48,71,-25,67,23,22,-34,27,-44,-21,-21,-93,-32,-32,-1,89,-32,47,88,25,35,-29,-43,-30,-44,-83,-27,-29,159,-25,-70,3,48,78,33
-59,-28,48,24,30,-14,4,116,5,-63,50,81,67,-42,33,93,-33,-57,27,-35,-136,69,-87,79,67,34,-54,187,10,88,-105,-60,54,-59,127,142,48,7,-24,-7,15,-54,54,-17,15,50,103,103,46,-45,-50,18,70,73,-51,-61
68,-88,28,59,95,44,76,42,51,-142,-210,-33,74,-36,65,31,-28,46,87,-7,-68,-44,9,-10,-67,-92,8,-11,-4,66,-62,42,-4,73,37,-100,-47,-64,-120,-43,-27,71,4,-27,129,19,66,84,85,-25,5,110,-71,-12,-41,21
123,-60,79,61,112,66,-81,-98,13,-18,-25,163,66,-66,41,114,-23,26,61,75,10,-33,39,91,30,-25,-16,99,-15,13,11,83,-48,-26,82,-73,5,61,36,-68,-117,-61,115,-45,27,47,19,9,6,51,44,-55,74,90,55,66
81,-8,34,29,94,37,-34,-36,48,-48,51,32,178,-115,47,113,-72,-62,-79,-1,-18,34,122,-32,36,-62,-65,51,3,91,-134,135,50,-57,54,-47,56,-28,-15,51,95,41,-15,-70,108,36,-72,72,71,-7,-51,96,16,-23,-13,24
-44,-7,-65,-35,-62,-95,89,95,72,78,60,-2,61,76,-22,70,27,-36,-18,-1,-65,60,26,79,-38,81,-94,63,0,75,-72,-43,13,46,0,-24,-34,-9,-17,64,8,49,-31,-33,7,22,37,91,-31,3,-12,108,-16,61,26,-51
57,73,-28,113,79,8,-43,-10,57,-14,105,-69,71,40,-4,36,39,-23,9,85,-51,-57,60,78,-24,-118,-119,23,0,142,-126,-34,-117,23,42,-40,14,-67,41,89,-89,54,-47,23,-26,13,6,20,-106,-72,55,101,152,-41,-21,23
42,-55,16,-42,98,124,47,-17,60,-69,-67,116,61,-30,-2,-22,95,30,17,-44,71,87,69,6,72,8,74,46,18,67,13,128,-48,103,91,0,-25,38,-37,-19,41,-13,32,53,52,66,44,60,81,64,77,119,-92,-27,45,16
-3,36,-70,2,-26,-79,71,113,-22,-31,5,-11,11,53,-30,30,62,-26,-31,-59,-125,-103,-93,47,25,-51,-88,39,1,68,-127,-88,4,49,48,-64,-115,27,13,-8,-44,39,57,40,48,-5,-73,-101,65,-43,61,21,-20,-15,2,-13
-51,-31,-130,-47,17,51,-32,128,95,-82,55,15,10,17,-1,-11,48,53,139,21,-43,-82,-9,30,48,54,-43,58,59,81,-133,23,-81,52,71,-98,-36,-149,-29,-31,-113,-103,-35,30,97,-66,22,-55,104,41,-19,5,75,34,-20,57
69,81,49,96,62,55,-135,-80,-34,-71,41,36,80,-7,11,-23,6,-51,-52,19,32,38,-43,-25,24,-61,-38,63,126,86,-44,52,-46,-29,14,41,114,65,28,-34,114,-6,67,31,17,66,-38,-90,-37,-60,26,104,82,-24,-72,43
-7,36,-14,-1,85,28,6,-8,-58,-75,-62,-137,74,75,-81,70,19,24,-197,-110,40,-100,-174,-111,47,16,47,70,183,98,-60,-96,-39,-46,-97,25,83,-93,-45,6,54,-40,-110,71,37,70,-62,75,61,-20,-78,-44,28,1,-65,-34
173,-67,67,77,-42,72,-125,-27,-18,-8,24,16,28,21,35,174,-123,-120,42,73,-11,22,-33,-13,-81,28,-86,95,42,14,-18,-22,32,-58,-41,-17,77,0,66,-4,-3,-19,122,50,57,-51,-1,133,72,33,4,11,114,107,123,109
10,27,58,37,43,-74,-20,46,14,-7,32,-2,-67,-22,-44,78,-64,-55,-5,94,75,181,20,57,-40,95,21,25,-36,-104,-5,63,13,-16,56,30,49,44,21,119,-39,70,74,-31,50,37,28,60,63,83,34,90,69,63,118,-7
-43,-75,-46,-157,-52,55,22,38,156,18,-109,96,-45,-89,-85,-57,81,11,104,28,6,67,-10,2,-60,91,66,-12,-77,-58,100,103,85,73,139,98,-65,-35,-71,-19,33,-25,-22,-74,-44,-88,17,-45,82,62,63,-65,-80,-52,-46,-80
47,-27,-7,-3,51,73,-72,50,79,50,84,74,-51,100,-3,63,53,-39,-25,-58,-66,-4,-130,33,-2,54,-68,116,62,56,-58,-13,75,85,65,38,-16,-61,35,-26,-2,-10,-46,17,-16,-11,53,-85,74,-1,61,-58,38,-11,-61,67
126,-46,-51,-35,32,82,-31,36,1,-14,-2,30,-44,4,-92,90,-25,-75,18,-53,-4,29,15,-18,17,111,20,72,113,77,62,161,90,-57,91,-28,83,-96,-8,83,115,21,19,16,115,40,-61,34,119,17,-50,-45,-42,62,-12,88
-17,-16,2,26,116,-22,14,-32,40,13,5,-13,54,24,-28,34,24,-15,36,-7,49,-30,53,107,9,-14,4,120,26,28,-46,14,-6,-22,66,-46,-4,-14,-15,44,15,58,-10,-6,5,74,74,34,27,89,94,102,-38,71,58,-13
89,28,46,66,12,16,-62,-25,93,-39,51,124,38,33,22,82,121,-40,-34,-43,44,67,-33,65,74,-7,5,160,61,11,-34,-5,68,39,115,5,44,50,42,101,-31,58,103,54,80,84,13,-2,99,141,3,38,-46,24,-107,36
31,-46,-5,3,-54,20,-49,50,26,69,60,-45,58,-85,-26,75,-88,39,92,49,-76,-13,41,31,-18,-93,-21,127,-32,5,12,-70,3,-124,54,-1,-58,-42,-68,-119,-73,-122,77,66,92,24,-43,10,91,63,-42,-41,-14,59,-56,3
-16,36,-78,45,-14,51,62,62,-7,-129,-46,-68,21,53,-12,136,-38,64,23,-70,-59,62,-32,54,158,9,81,13,26,70,-21,-42,217,-12,55,23,34,-113,-23,-48,-5,30,-40,2,57,47,-18,38,76,22,48,-32,-64,18,-36,44
-28,-17,128,24,60,-114,-30,-71,-40,-85,-63,-90,81,-36,41,70,-49,75,37,44,69,75,-67,26,-98,-44,44,40,-5,-72,-25,-51,31,-106,-21,28,-12,1,-68,-41,-27,52,6,-104,33,49,55,83,3,15,-58,51,34,-11,-5,-75
37,-30,17,54,81,31,76,-4,-55,48,17,-7,-21,-72,17,64,0,0,-43,39,-112,-7,89,-41,43,-12,-120,-14,60,129,-97,-16,-74,-10,99,71,10,65,-84,51,118,18,-70,-26,3,108,28,78,-28,-101,-60,22,-41,74,-70,-17
-3,-53,2,152,211,38,-9,53,-70,-133,108,-14,55,-7,-4,69,8,82,83,-14,-72,55,67,-56,172,-78,-54,16,94,-13,-156,113,21,-129,190,78,95,-71,-152,4,12,-55,-88,23,86,108,27,-21,124,56,-58,15,-62,26,39,15
9,109,-66,60,138,-12,-62,37,6,-96,68,-18,-33,-50,-134,-2,-2,-87,-23,-135,-31,75,-53,-30,141,-56,-102,109,-7,-29,4,-49,21,-52,142,127,74,4,-27,180,91,30,-38,-47,48,-48,60,25,92,117,66,65,-99,38,-17,-12
