27,118,25,134,124,-64,-54,-24,7,15,3,44,-6,-63,-33,98,-109,-5,-7,16,-11,33,75,-68,-73,-182,-45,100,-118,-7,-10,-93,-129,-155,74,16,99,37,19,75,-102,15,-5,-141,-139,6,-198,41,18,-114,-35,-69,19,78,35,-129,73,7,53,-70,46,-45,-58,53,107,-12,135,-131,-197,40,145,25,66,-36,31,-17,-34,-61,-28,131,6,97,-62,41,-55,152,78,24
61,-102,102,112,37,-79,-96,-3,-137,-13,-47,58,61,27,-79,-118,199,-105,-95,37,-20,78,126,20,39,-107,92,14,-15,-69,81,62,-24,51,-61,73,-173,-110,-11,-39,-89,17,137,-35,-17,-72,-74,84,80,100,22,-8,37,-27,13,-35,16,-168,-54,7,-5,54,-68,73,43,-15,42,82,-9,-42,146,-12,-17,38,129,-81,16,2,112,-131,95,173,-49,1,21,25,-152,-54
34,81,-6,109,-21,-94,43,26,39,-165,110,-105,36,-49,-94,84,20,-18,180,59,45,-72,-33,-42,16,-16,-51,69,-74,-192,71,-38,-98,-10,-48,102,5,-30,-1,-145,-167,6,29,-42,-9,5,24,144,18,-30,-2,40,-29,51,-70,-68,37,80,-152,52,52,-127,-69,27,-111,13,33,-17,115,93,-36,106,7,123,14,-129,-50,14,-35,-59,-20,236,-55,-10,-156,-57,-1,43
-38,53,53,10,-104,189,70,194,28,-47,237,-24,205,-56,-120,121,8,113,102,171,52,83,46,12,103,167,-86,172,75,7,-25,58,-18,-83,199,34,184,76,-65,61,97,-6,-172,23,3,-76,116,170,-162,165,65,-33,34,50,55,-18,8,127,-99,-109,106,-4,-63,64,-49,-32,-16,-199,106,152,5,133,-58,-33,108,42,-129,-61,-48,-47,11,-22,-78,8,71,-24,78,27
-100,-22,-168,-61,-38,30,80,-3,-151,-30,32,101,101,-30,-218,52,114,-159,-130,69,-107,3,197,6,54,-110,38,-10,29,-29,56,-3,101,-36,-29,-34,6,-89,64,-99,-75,-45,19,24,130,-63,-20,-49,13,101,-6,-50,-65,-32,24,-49,71,-53,-3,74,22,31,-46,-87,-155,50,34,117,-33,52,-23,-118,-94,-60,105,-37,-151,50,126,-55,-66,10,-8,-105,-3,7,-44,-20
40,141,-89,142,144,100,-31,91,32,121,133,14,96,-35,61,-3,131,50,61,-34,77,171,19,49,-132,46,-71,10,71,38,-43,57,164,-5,83,45,77,45,-45,-57,-89,149,11,61,115,90,74,99,-2,114,-3,12,20,97,-21,152,41,49,-37,-6,25,36,63,8,21,-160,20,8,68,48,60,34,130,68,-26,-17,-29,29,54,-34,106,63,86,-100,92,26,74,174
141,76,24,-13,197,150,-17,283,-116,-58,69,10,100,59,-55,-18,57,44,32,71,146,8,99,2,12,65,68,138,-38,-23,148,120,47,5,-172,98,-151,159,-82,89,87,6,3,154,36,124,-23,170,59,31,164,287,-170,175,102,67,1,63,90,-52,-14,25,31,88,-34,-37,73,31,70,32,-31,83,-47,77,-135,37,-21,-41,133,48,15,23,86,152,-14,131,-5,12
83,-12,107,153,-38,-48,-54,65,49,-73,-6,78,-33,24,91,-42,-56,89,101,-26,167,-1,-44,4,26,89,-60,48,47,6,127,95,147,-61,-79,-54,-81,28,53,-64,-59,100,174,59,57,111,76,-41,197,-20,-62,34,-92,36,-1,-61,29,17,25,-60,109,36,38,-128,18,-119,-21,78,50,16,165,144,62,174,32,-39,76,8,-64,148,-29,13,-130,-105,-117,-121,-126,-15
47,36,25,193,-133,89,200,178,55,25,-9,-68,42,111,13,-25,-24,-38,66,-20,55,187,103,-15,188,194,9,165,-15,-57,45,-93,19,114,-42,10,-12,-18,-46,77,32,-125,103,144,89,96,1,40,213,-94,217,102,22,201,-5,-20,-100,154,151,-103,-77,-75,158,-42,-54,135,-61,109,-117,-83,52,80,128,106,-22,-106,137,-24,47,15,-51,-30,-45,226,3,-18,12,15
-46,76,77,80,118,-62,-159,167,-60,91,44,147,34,-3,189,12,76,39,-20,21,105,-21,119,94,-89,-13,-3,-107,34,175,106,119,117,77,104,30,-37,23,218,-10,-59,176,136,-31,100,144,124,0,-35,73,3,84,95,119,100,50,25,-110,28,116,-5,-7,-103,-152,-45,-207,69,81,115,162,108,31,128,27,32,27,55,150,80,-52,45,-54,2,55,47,48,-10,57
-19,29,201,79,-83,94,-92,78,144,-2,-6,7,-36,-42,85,24,-32,33,107,93,53,173,89,-73,59,-29,38,131,85,108,112,-59,20,-22,95,57,99,-105,-15,3,-125,-103,8,-33,-20,-33,151,-81,83,-82,155,79,210,84,52,69,4,49,-39,-9,-7,-118,-110,-78,-130,-31,143,90,57,-43,-1,-36,62,-4,87,-83,-39,28,-43,-92,-96,-31,-33,-34,33,73,118,111
-45,18,-41,-112,54,1,-26,-118,28,6,78,-2,43,71,129,43,135,8,67,10,81,84,93,-147,-102,-73,-61,25,-31,87,87,33,6,14,-35,109,-89,171,179,87,-16,-65,44,-8,-35,-83,-1,-136,33,163,7,-41,-37,114,167,-66,-109,-82,8,81,-79,-59,-5,187,111,20,2,-29,42,-8,34,1,-24,-13,78,22,92,-152,-94,-22,-75,53,-129,-61,-53,138,-26,-84
-95,20,-5,65,185,-27,32,145,54,51,43,12,-64,98,35,-111,-80,56,11,52,63,39,-96,145,62,78,103,-30,-76,78,109,208,159,124,-156,22,16,-11,164,142,86,14,128,26,-71,-77,20,-20,-2,21,-7,133,16,57,64,-39,-92,42,65,112,-19,-112,9,58,-9,-74,50,-65,38,137,30,47,-15,58,96,55,50,-132,94,0,23,-98,43,51,-9,-31,26,-4
-35,197,140,26,91,63,87,155,23,142,72,-26,50,164,-24,-16,-95,36,171,-48,17,124,232,11,-89,-27,19,70,-90,-44,-70,-84,122,73,6,-33,202,105,12,125,16,122,-143,49,-8,92,-60,20,6,-58,36,56,187,6,34,114,90,86,-47,-93,47,105,20,66,-77,58,-12,-25,-37,49,172,43,-37,46,63,-2,104,11,99,-7,29,-63,86,-53,65,95,74,167
-23,83,-102,-57,-121,139,-42,80,-134,31,29,11,24,-55,109,150,-3,25,-45,-42,-29,-117,41,86,77,64,-91,24,-7,-109,-16,108,-33,-20,38,5,124,21,-125,105,39,81,72,44,-32,17,36,-44,-34,-87,19,-14,-95,24,9,29,-28,56,-127,10,-179,36,69,104,64,-99,-65,-7,-15,77,-58,44,94,-14,-27,33,-51,-56,-57,19,-18,-94,129,106,-23,-53,54,53
128,-27,31,17,-21,0,45,105,92,50,-15,2,70,-43,26,53,-50,30,83,-92,-65,-43,92,-59,-67,-128,-6,49,-52,16,-89,10,0,-128,-20,-86,21,-25,-68,42,-104,-77,-47,-168,-70,-70,-198,40,46,13,-72,-71,23,120,19,43,24,120,12,-74,74,127,-64,20,216,14,-21,-107,-126,71,44,-14,33,-108,-26,-61,21,-21,33,61,3,9,-84,66,53,3,7,23
22,-34,-34,164,128,88,95,-58,70,138,-67,38,-33,150,64,-137,13,115,-215,-61,-82,92,19,18,18,-16,-41,163,-117,-37,-13,141,192,-13,42,-96,-18,-78,12,80,-66,-101,9,11,82,96,62,-54,18,-44,33,-127,68,3,58,154,149,109,136,114,-37,19,14,-62,172,14,-5,-14,78,0,-60,18,35,18,-19,-62,57,17,37,-100,118,17,54,63,-12,73,-44,150
-22,-137,92,73,-13,-63,-63,99,-47,145,-130,92,-18,11,159,-76,-170,64,-3,-211,-44,47,63,-25,0,-151,-47,77,-55,-57,81,-97,-175,-3,80,-14,-92,35,-38,82,95,-94,33,-76,-15,81,-44,19,227,-46,66,-91,103,155,37,-38,-8,-7,-105,-16,-61,42,-39,-91,113,41,-67,-19,67,6,89,85,39,-56,24,-55,129,96,-17,141,76,-64,4,-33,37,27,-155,108
37,-17,98,101,69,-10,-26,39,13,38,26,-35,52,-34,15,26,-30,-4,47,-31,-24,-1,47,-35,101,122,-55,31,46,-139,96,-81,-228,85,-39,-14,-53,-56,-34,36,17,-42,-49,-8,40,69,28,-26,-61,-39,3,-109,37,-37,44,-131,16,99,-22,48,85,-97,60,16,12,35,38,-15,-109,15,-42,41,-60,-52,189,-145,27,23,15,51,130,4,-42,4,-11,-57,38,27
27,138,-43,95,170,-51,171,129,-125,-131,137,-6,166,-64,7,84,22,33,128,-44,37,-59,33,45,13,124,76,72,-109,152,-22,193,191,-137,-85,-66,82,203,140,179,22,-1,31,-31,81,139,-35,61,-8,62,14,185,88,89,-37,7,-83,17,15,109,71,-28,137,35,-97,-93,136,-146,-111,65,48,94,36,76,55,-8,48,-53,28,68,38,-56,118,86,-100,123,16,-78
19,58,160,121,37,-25,-62,-94,9,32,115,5,36,114,22,-13,83,20,-10,-53,150,91,212,55,-12,-41,-42,-10,145,-67,-34,63,29,-52,-116,70,26,125,64,-103,42,58,181,97,16,125,-39,-1,118,-42,28,50,-136,-10,149,118,117,-6,97,13,79,26,-77,111,54,-101,-37,92,10,-54,13,68,89,86,139,-20,15,126,-39,-118,59,0,-94,12,-6,68,-28,78
35,-131,-11,115,-66,97,30,-66,-73,183,-65,21,48,-30,111,2,11,4,-92,-97,-3,81,59,61,62,-127,99,-38,109,45,20,183,-37,49,-43,-15,-28,-73,-20,-12,28,-50,7,58,-47,29,-66,-81,190,49,71,14,5,28,-69,-92,-55,20,115,-49,26,86,29,-23,-26,-54,-111,-10,-85,11,134,-134,90,-58,39,-4,-37,91,63,62,-37,-149,-58,4,45,14,121,-51
-129,34,3,76,114,51,-148,-91,-70,62,78,-45,35,-76,50,-1,34,132,244,57,37,95,53,-28,-138,-63,82,-16,-104,195,53,84,-33,-24,-7,74,85,204,10,56,-102,9,34,12,-86,185,-54,-5,185,12,97,203,-34,93,-12,-131,-99,111,15,15,103,-36,187,29,-21,-11,214,35,-199,-50,13,-35,17,-98,150,4,-133,-108,-16,92,88,-91,-15,18,-17,10,27,-14
86,31,121,15,-67,-12,122,-55,109,-37,60,15,65,42,65,53,-97,42,63,78,15,16,33,-74,-21,114,-40,174,-13,-16,162,-67,-48,59,125,-3,82,42,-79,129,-91,-49,-48,2,79,-1,42,-86,-56,-36,57,4,-22,36,-28,-18,23,213,29,-64,55,99,62,56,72,100,6,-55,-111,-123,26,-51,-76,-49,-17,-65,6,-66,-105,137,-77,-58,32,8,18,83,92,-59
44,-17,-21,121,73,-33,-61,-49,-10,-46,6,-1,174,125,37,-52,159,-64,-177,-66,-64,113,118,-41,-11,85,-87,36,48,148,-113,37,34,-35,27,-25,-77,49,-76,-73,25,46,66,-15,4,59,5,-71,114,61,92,31,17,61,147,43,-23,-34,26,41,27,21,36,41,138,-51,28,8,-34,-57,-53,-54,-66,40,85,-57,79,-26,-7,27,8,-42,97,-75,-68,119,-23,130
-23,65,90,101,-27,73,22,36,87,56,191,38,72,43,25,-29,-2,42,53,-28,-6,87,218,1,98,101,27,-33,216,59,-47,-134,-99,46,12,33,-53,89,13,7,31,136,11,36,166,-41,-161,-10,41,64,-58,-27,35,-6,-43,181,89,191,131,209,255,88,-92,31,-56,-4,55,127,101,37,153,108,33,-159,296,52,92,-43,50,12,44,-36,-80,-144,125,-9,25,160
-2,-11,36,113,20,9,7,-35,108,-125,79,-39,51,17,0,-44,0,147,55,-35,53,106,75,-57,-75,168,-3,-1,26,7,51,-29,-25,45,-42,5,-33,185,100,171,117,34,-71,242,4,52,-47,-58,39,4,84,-7,-81,-59,119,-35,-100,-75,-53,-29,-73,22,-62,27,-137,-34,44,98,40,39,86,2,-42,-29,149,42,4,-265,-20,-65,4,-91,-34,9,-72,38,-4,26
-5,56,40,-60,122,126,-61,-15,-48,-1,52,-19,-14,-5,105,83,125,-48,133,122,38,29,147,-72,79,30,90,80,96,277,103,155,139,45,-26,78,163,276,180,66,117,-59,-33,53,184,138,97,-70,8,194,74,142,102,18,95,111,-1,23,228,12,183,-161,-19,-77,-44,-156,182,-82,-119,11,63,-11,149,79,39,213,20,60,2,-94,-120,-43,-150,9,58,229,48,9
-16,-16,-140,124,145,-173,-48,-88,-61,2,-30,-20,6,-62,-2,-48,-43,49,-92,-101,-33,5,-29,-40,-130,2,-15,-66,-11,-52,-93,-68,-46,-66,-38,-62,16,-40,8,-228,26,42,30,64,33,23,-92,-16,-72,-155,-102,-54,60,0,-66,-73,-4,-91,5,-42,-181,90,5,-35,-54,-53,4,-33,-105,11,49,-24,-9,72,-31,95,-29,21,104,105,123,-13,20,16,-71,-15,41,97
-20,100,34,81,-78,199,-46,85,123,173,-30,-33,103,37,-8,103,-10,-1,-43,34,-134,41,-9,-104,17,-80,-123,-39,269,-55,78,-28,-12,-133,-144,-33,27,-53,-29,162,-1,50,120,-85,37,-83,-3,77,69,-11,11,-73,21,68,-44,-22,26,-23,62,-53,21,63,-18,116,-138,-104,87,-39,98,3,64,24,94,153,64,-10,35,-36,19,-16,35,-13,69,2,67,144,-68,-67
70,-45,-51,-35,-163,91,-82,20,-131,-34,89,80,85,-91,-129,-95,64,-203,-105,31,-82,73,-91,115,58,56,27,143,-61,-16,18,8,-99,-30,-30,161,-123,-23,57,-33,86,-77,87,130,7,-78,-30,18,115,19,-5,138,29,64,30,-29,44,-27,68,65,6,103,-24,80,-61,-16,45,22,65,77,88,-82,71,-71,-23,28,9,39,100,39,43,27,47,-63,-11,39,-16,42
-85,31,93,24,133,31,9,36,87,-37,-40,11,-116,44,15,-24,-89,162,40,70,19,112,-12,45,40,-124,26,99,-77,105,-50,-98,130,36,2,-70,-55,98,19,63,-70,-82,-16,-32,-119,-13,-56,-31,63,-13,181,16,-84,150,-25,39,24,-58,-51,6,134,2,52,37,84,12,93,-112,-108,38,-55,56,-38,92,220,-110,26,-117,-7,76,5,59,-83,71,-87,-81,113,28
18,-69,116,-32,-84,-8,-56,-9,34,-22,-124,-8,16,37,116,-83,-19,-89,-74,-21,-19,-14,104,29,-86,138,50,23,-58,19,117,-134,-41,78,44,84,-100,-44,84,69,98,21,87,-15,-69,-96,101,-63,-74,-164,72,-46,129,63,89,42,-23,-61,201,139,-104,-33,-66,-18,-185,-73,-114,135,-4,-59,3,101,14,-71,30,41,89,51,60,-8,-84,22,81,-4,56,97,12,-36
52,-70,-107,30,-55,8,158,182,82,57,37,-36,93,-149,-119,-40,5,-7,-1,58,135,48,151,-146,-64,-35,-52,37,47,-121,8,26,-9,-36,-118,-106,0,12,-49,-1,-9,38,-99,14,148,18,-73,-5,-99,-48,71,44,-64,145,60,-52,-3,11,89,40,51,66,70,-2,-96,2,120,-91,4,116,101,-19,-24,-29,92,-76,46,-91,29,-61,-82,83,-81,-3,-81,34,19,30
-101,9,60,109,53,-35,98,-33,125,-21,128,67,-51,21,63,5,119,-20,-46,53,52,132,123,118,153,65,98,-30,79,3,73,68,49,-29,63,102,-64,73,126,14,-33,169,96,-51,63,71,94,58,-95,16,57,64,69,21,-36,99,-26,-33,95,251,48,-78,-34,23,-109,-147,-80,-26,-6,88,140,68,131,72,229,-105,163,176,139,-69,-33,41,55,79,93,33,-12,-118
-79,-62,32,157,-10,10,13,142,215,2,-15,162,92,-14,132,199,-34,-20,-5,-103,-152,0,74,-39,-57,83,24,13,-6,-1,96,-133,89,-211,55,-66,20,-29,176,145,-58,-5,-24,-215,-17,59,46,106,-88,-118,62,-123,87,84,16,111,-43,34,30,19,39,82,-95,-19,-55,-101,-17,145,64,86,75,115,122,17,-28,26,106,-36,-80,50,-77,24,45,94,-26,19,-42,-46
-73,-95,32,70,94,35,13,57,102,-2,-75,-68,39,121,14,-28,33,65,130,65,-36,10,15,-155,92,-8,-58,141,-127,-28,109,-83,-79,59,95,-37,4,20,27,28,-89,-10,11,9,3,111,170,64,49,44,198,-9,-2,111,103,36,-33,-92,-61,28,57,-172,3,-79,-29,55,59,-53,53,62,8,9,-88,8,38,-90,12,9,-37,-87,83,5,-21,66,-65,-1,-194,-123
64,34,117,200,216,-21,135,123,3,90,132,36,20,75,40,3,14,97,194,-18,134,229,38,-37,-43,20,55,-20,-80,52,48,163,169,-4,-65,80,38,88,75,2,-55,-48,101,109,40,110,25,33,32,108,77,148,-25,194,97,-94,34,141,-110,-38,92,-65,147,64,48,-154,15,-80,-64,73,-40,176,73,71,226,-177,-27,128,37,-47,97,-46,-69,92,21,27,77,112
25,-74,-130,-7,-17,52,-162,74,-25,113,-35,87,-13,-170,18,-15,92,-123,-65,23,-153,-100,-89,-37,39,-86,-56,-18,76,72,-29,24,22,-207,-85,-45,23,-3,72,-100,84,90,-42,-128,-2,36,-66,-58,-114,12,-5,-166,-43,5,-49,-82,-65,-39,25,-29,-40,48,16,-92,65,-120,-29,88,-31,12,5,20,54,65,18,83,-59,107,9,130,-20,-5,13,-95,-52,-32,-68,6
51,-24,7,164,105,70,119,160,87,25,85,-25,39,34,68,-26,-73,11,101,-41,42,137,121,-211,-118,-69,-48,133,-72,8,118,-15,6,129,22,-24,12,-22,-51,67,47,-120,15,54,109,23,7,49,54,45,64,53,58,213,164,122,-27,201,174,-73,121,-48,69,54,58,-18,158,-228,-73,53,51,108,45,44,109,-73,134,-62,0,86,-89,90,-196,54,42,86,61,149
54,137,163,116,-72,97,36,-21,2,13,-3,7,36,69,10,79,-33,-66,190,-117,35,120,213,-126,26,89,24,118,19,-58,61,109,-72,134,13,29,50,87,-116,153,-147,-89,32,-41,22,-19,-136,4,69,64,92,42,163,45,47,8,226,68,-82,44,26,-81,27,96,-78,96,151,96,7,93,55,-31,1,-63,90,-44,69,-58,104,-60,47,-47,-27,-122,54,48,-38,47
94,130,83,165,85,60,63,86,-154,27,53,10,181,-3,107,113,183,-63,94,57,115,201,132,101,112,-149,38,88,117,-49,15,240,86,53,65,71,138,11,1,94,-82,85,-7,-42,14,-51,-50,-40,62,140,32,37,70,3,160,-55,31,-60,6,-59,20,-48,-23,89,-37,21,163,-28,59,124,97,-63,-69,-6,79,-131,-58,32,99,16,-16,-1,45,-38,52,85,39,-35
-26,-37,49,-61,20,-83,24,-93,22,-64,-23,142,-101,-31,-11,58,-63,-35,45,23,-18,-212,160,11,-35,42,77,91,-120,-105,90,8,55,-35,67,-11,-12,-30,109,73,-10,47,-144,-122,5,25,39,-132,-103,4,-111,-153,116,-151,-88,35,112,-5,-13,122,139,-120,-203,-159,25,32,-11,-24,-59,7,37,-3,23,-17,100,85,-31,47,59,-28,-34,59,-22,-90,13,-48,-67,10
-112,15,-79,-91,-58,-18,28,12,-18,74,181,50,-51,9,50,-86,42,44,-24,119,74,32,112,42,20,14,23,-41,2,131,-18,5,44,199,108,74,12,130,72,75,7,181,59,214,128,-75,91,-8,-36,210,57,166,-81,13,-1,103,25,-23,-53,171,-95,14,-38,96,-86,-67,43,-57,80,103,138,32,48,11,46,-15,40,-167,-6,-19,33,-54,16,-55,-23,-13,76,61
-117,-61,68,105,-15,10,48,91,49,96,-92,-20,-129,68,132,-79,-99,-81,-66,102,60,111,61,27,-6,36,77,39,76,-14,113,36,-33,198,57,-89,-26,-129,90,79,105,-56,72,-68,-50,96,-27,2,16,-90,7,54,191,156,80,17,-61,26,253,60,49,154,45,-56,29,16,62,-5,-52,2,-8,-29,-5,-47,30,29,-20,3,-38,96,44,-40,-31,64,26,-40,32,-7
-84,110,23,23,-1,-61,-128,-121,-39,-35,78,5,-47,-1,-37,8,106,-94,33,8,-21,110,51,-6,68,122,36,-84,-9,18,-138,-23,-61,-30,-40,-26,-3,197,64,-46,-80,-12,82,29,101,-31,-72,9,27,-10,-28,76,-141,-42,52,-105,-41,48,-82,-22,54,-122,118,-72,-39,82,44,118,-43,-66,18,30,-147,93,177,-68,-13,-39,2,-30,-50,40,17,-62,33,-115,-38,-33
28,113,23,144,219,-29,-144,57,-5,97,-113,44,44,-84,130,61,-65,124,60,117,73,-1,-11,-17,-29,-74,-40,-192,161,107,-73,-64,19,11,14,-12,101,60,83,-149,-19,98,52,81,3,12,-28,-44,-80,-42,-102,-76,-57,-63,137,-81,29,7,-26,-78,-67,-1,72,55,-226,25,42,-97,-57,50,-14,100,67,162,227,45,6,18,32,-5,93,-1,-55,-15,-44,-19,5,21
17,124,141,-30,-90,50,-68,-17,73,89,62,106,-75,59,24,22,-99,102,-1,61,20,37,-12,-59,50,65,1,96,15,88,81,-14,140,10,168,121,-18,28,30,99,33,7,58,45,75,43,155,34,37,-71,139,-9,168,57,-21,269,9,117,49,93,19,-114,-2,21,13,-101,-16,-24,12,-7,-112,61,169,-33,-6,-95,126,31,-8,-17,-94,-98,55,24,221,54,8,65
-72,47,13,-16,-11,-17,127,-54,134,10,150,-25,153,3,-16,98,117,-58,50,-53,-116,82,109,-76,-105,97,8,-29,4,4,74,-14,64,-42,17,152,44,136,141,-60,-59,103,14,19,14,-29,-52,-29,-148,14,-43,42,-23,-47,37,-7,101,130,-4,238,-14,-62,35,166,-190,-14,-21,-90,102,98,88,16,-23,16,182,-59,94,29,204,-28,97,57,-43,-66,30,85,-28,7
-52,20,70,50,14,78,105,107,11,3,98,-49,139,68,76,142,59,-17,11,-7,-61,8,165,-55,-39,29,76,132,92,21,134,96,44,-70,19,46,10,54,36,73,35,-35,3,-101,147,175,36,6,13,86,14,118,79,13,41,91,63,107,138,-23,109,66,28,-100,64,108,74,68,-93,-114,82,-33,46,-70,11,45,-13,73,82,5,48,22,-50,124,99,118,-73,-51
-20,-110,-121,63,127,20,-45,65,35,97,-25,6,-10,40,84,-42,58,66,103,-144,-90,-40,-33,1,-51,145,23,-20,-44,26,55,54,141,59,-129,-134,105,151,53,98,-73,-67,34,93,130,186,125,84,44,17,111,53,46,99,-44,69,-63,55,-58,-3,-1,-145,98,-82,-59,-192,36,53,24,65,36,116,134,100,-135,6,-60,-24,-33,-96,34,-20,19,167,43,28,27,43
66,39,144,-4,50,-141,-118,-150,124,97,122,14,-44,88,232,53,9,119,137,-72,38,-19,-48,-112,17,-50,162,35,-49,-81,-1,161,-14,41,-44,235,131,177,113,23,19,110,98,16,88,58,-34,95,-5,-4,30,22,87,-127,-57,43,31,83,-71,185,-78,-128,-111,99,80,-142,2,32,61,-19,27,201,172,-24,-11,4,-123,37,-120,-52,107,-74,29,12,51,134,97,32
81,-86,22,-68,119,-62,-59,-168,-20,150,42,98,6,-9,49,-6,85,-58,58,74,-48,18,7,67,68,-66,14,-32,55,86,-207,-109,13,-50,95,23,56,140,82,-157,-194,45,27,20,89,-41,-108,86,112,158,-102,30,9,-69,76,36,14,-36,-46,-41,184,-34,-110,-12,8,38,17,13,-70,92,258,63,-51,-106,77,-9,23,50,-99,64,3,94,-42,-66,-13,108,3,-1
119,69,214,317,28,3,-45,68,87,6,28,52,155,179,173,-67,81,62,1,-25,62,131,137,92,71,64,10,128,90,90,16,85,24,68,33,-57,74,-32,-26,11,-42,25,181,-30,-31,63,80,-46,87,-142,158,-55,71,91,4,50,-106,72,195,-4,95,-69,65,39,116,17,-4,104,-81,-165,-52,13,153,2,12,-111,-24,26,-21,-90,-28,-83,104,63,-45,24,105,62
65,-42,51,-13,13,-30,28,-56,-84,95,79,-2,17,-57,76,6,67,-111,111,67,56,-41,115,50,198,35,103,24,121,45,-6,62,-111,-99,13,159,-64,185,47,-2,-142,26,46,3,98,15,-49,96,230,161,115,148,68,10,51,-17,29,70,-92,96,182,-132,-142,-19,-10,19,5,-26,-41,90,158,-21,-16,-105,106,33,-41,75,81,45,-114,-37,-32,-3,71,81,33,92
-30,40,90,172,-13,-16,5,33,-28,-35,7,81,45,94,-87,27,80,50,154,35,-12,54,159,-45,-18,-120,92,77,-168,37,-62,87,144,-95,-11,124,127,107,21,36,56,36,89,-12,43,71,-25,177,165,-32,197,40,88,35,46,-50,-77,-34,-7,-70,-19,-138,-73,83,-39,-26,59,85,-106,-10,-22,68,108,-53,139,-54,-138,6,45,-91,19,-157,9,140,-43,76,77,12
102,255,173,124,73,1,58,157,10,-71,98,-66,151,16,12,203,-10,70,158,2,190,193,7,-28,93,106,75,141,-44,71,133,44,2,90,29,134,50,67,78,101,-14,-5,29,69,-72,28,-7,108,86,-35,85,90,-67,134,121,60,-32,158,-24,-120,86,5,198,80,-76,-36,100,-55,-119,45,-23,165,103,184,26,-42,71,-45,-82,75,-8,14,-70,41,81,125,81,116
-49,-38,-71,95,42,-149,84,65,-21,-45,25,51,53,35,117,51,83,-20,76,-77,14,-16,-37,-21,-17,-61,31,9,-203,41,157,-57,92,-22,87,192,-98,-142,234,-47,-126,-34,235,35,-40,-38,162,36,-19,-83,-42,-45,64,45,10,5,-68,-61,34,157,-66,11,109,55,-40,-17,78,26,-29,-5,134,78,81,51,-34,19,146,-42,40,50,65,-7,-123,46,-32,36,-122,30
-90,40,-77,-79,143,-28,-90,28,-33,39,-39,-15,49,52,171,58,74,-2,-9,54,48,13,5,75,-31,-20,90,-61,-51,127,141,6,63,79,56,9,138,-66,166,-84,-22,-2,20,68,22,69,144,-128,-81,79,23,80,61,98,29,72,-85,-13,22,-24,-18,42,17,5,-24,-15,22,-8,36,-41,87,-34,-115,-18,28,69,-37,73,-34,57,89,-171,15,54,50,-39,20,-28
114,63,174,-43,0,55,89,4,68,63,19,-105,-25,143,30,-38,17,97,60,-7,91,142,-76,-33,-8,153,-47,93,-16,-148,102,-176,-3,121,10,81,17,42,-5,63,-88,19,64,171,66,111,71,32,81,-82,33,78,15,-3,11,-37,-92,23,-65,-37,-31,-9,16,-4,-69,-8,-125,117,0,72,103,-33,-14,-1,6,-172,44,40,18,-108,70,-68,-16,13,122,39,15,-49
19,-49,62,133,83,14,-105,8,34,81,39,135,-35,34,72,117,-11,-72,95,176,-80,3,-23,-15,105,110,14,46,53,12,51,-70,12,-217,41,144,-63,99,103,145,75,-64,50,-2,93,108,-69,107,169,-60,175,79,71,13,55,-47,-86,125,51,31,121,-75,63,118,118,-57,157,-104,-148,51,93,71,-25,-64,141,37,-36,-150,-125,305,39,-121,53,114,19,158,80,45
3,50,33,209,155,28,-51,-81,30,71,97,22,94,27,78,52,114,54,37,28,61,66,118,-38,-71,-81,-65,113,-86,77,-23,-7,36,18,-34,26,-141,-140,159,-113,-14,103,74,-27,58,-26,-44,-47,5,-111,16,-173,35,106,55,47,60,-51,111,63,0,18,83,86,33,-26,-4,10,5,14,122,60,74,179,201,-6,199,23,67,-34,54,213,57,-14,-88,94,-70,172
64,113,29,120,28,24,11,227,135,-7,0,174,3,70,167,105,-75,179,75,125,141,15,79,118,105,-14,79,45,195,-62,107,-95,-50,8,-93,-45,24,99,96,108,-170,45,169,72,15,10,-72,-61,-36,-13,82,-38,-67,186,84,129,60,44,-10,203,79,10,-145,15,-141,-10,136,51,64,129,-152,210,144,152,250,-64,-11,-41,-9,-83,15,-92,-32,-24,-11,-83,214,109
56,3,89,166,51,59,121,46,-142,30,-55,-30,65,57,-5,54,-26,65,-34,46,-32,149,91,-55,137,-9,143,55,-63,-86,15,122,-44,-15,-13,-38,32,-93,-26,-13,54,-112,11,129,139,79,-10,56,108,-40,205,134,-65,37,79,-7,20,138,61,-62,-73,39,146,31,-32,18,-98,37,-58,63,61,16,-88,77,-62,37,-74,-71,-22,11,190,-87,-8,174,-24,-18,-2,87
-45,111,102,87,54,108,-111,56,-68,47,148,33,22,97,47,118,122,60,61,109,-3,-9,17,99,4,50,-165,124,-11,123,80,17,62,25,23,129,21,152,101,145,-35,33,103,-57,73,59,1,62,20,-66,51,4,150,-1,29,59,-38,-26,63,-33,14,-125,63,182,18,39,172,-28,-174,-34,130,-1,69,49,196,-110,130,-78,64,-64,0,30,49,132,110,86,101,-15
-178,-100,-19,-45,-49,-45,113,-61,50,39,-9,-8,46,129,5,10,-7,-45,-43,-104,-105,66,16,21,10,4,-24,15,5,-56,11,-32,36,-58,0,-106,39,-47,-15,-23,110,-141,-3,-32,85,103,41,2,-91,-1,-16,-63,122,40,-59,125,73,51,119,3,95,-46,48,10,103,8,-111,7,-47,-165,-76,113,93,12,-85,40,119,158,20,-94,-10,48,6,65,100,-11,42,40
17,-29,38,172,41,-69,85,33,68,39,-46,53,24,97,-53,-145,-36,205,190,-17,57,42,9,70,21,-23,61,4,-49,55,-52,59,79,73,-73,-92,-13,-66,-74,-78,-130,10,76,131,-24,53,-34,63,225,-28,9,38,39,50,-109,-44,1,30,3,7,196,5,-49,-151,-26,-53,52,39,-20,19,-38,38,-11,-53,8,0,-138,-8,62,12,1,-107,16,58,-19,-39,55,128
122,-16,133,77,-80,37,23,-1,57,95,-5,3,23,9,61,-73,-90,76,36,52,91,103,-5,91,-98,23,-48,124,112,-24,-4,-15,-79,-27,-162,-62,92,47,-15,27,-2,-73,98,28,-37,-214,-153,-159,29,-79,19,3,41,92,86,67,127,83,132,-44,-68,7,-127,181,-74,69,-10,-114,44,-9,-34,139,-18,106,172,-23,125,73,66,-12,-76,66,58,-77,-20,87,159,114
54,-106,11,113,-1,25,57,-48,-1,72,-28,21,163,-62,0,92,40,30,-19,-171,-79,45,105,82,-5,-42,-41,-55,119,20,19,-40,86,-94,-39,35,-89,55,-30,57,-79,53,-29,-20,-32,153,-8,-35,97,14,149,11,-23,26,2,-77,53,-119,-23,-76,41,49,34,-13,-8,-20,-40,230,-5,-60,-40,-10,154,-63,5,-41,90,-16,-10,39,-18,-32,117,38,-66,58,71,120
21,-126,-17,-12,-35,84,12,32,-82,133,-108,39,19,23,76,24,105,-87,29,1,77,190,6,55,-76,-118,-46,114,-76,38,139,54,-19,-19,-27,-23,78,-59,49,91,8,-126,62,-40,117,-46,25,-35,189,44,112,86,84,104,54,-32,92,-59,56,-162,1,74,52,83,107,-16,23,-25,-17,-37,176,-95,-71,103,11,10,72,226,59,-26,94,-22,69,-113,-5,57,-25,105
-73,-182,-112,31,12,20,-50,-8,20,61,-22,136,7,-109,85,-10,24,-16,-88,30,-83,93,57,-79,-103,-85,15,48,-39,65,-19,-63,73,-132,23,-111,-10,111,-5,8,-3,37,11,8,117,54,-59,-65,149,33,3,134,-171,65,5,-5,150,93,-7,4,30,193,72,-56,21,-28,148,-24,21,11,126,-13,19,-67,111,7,-75,-109,-51,73,-46,70,-39,-43,-98,84,-18,20
2,107,277,237,0,44,66,-59,154,66,220,-12,54,133,80,52,23,68,-5,96,-64,211,87,-39,81,91,57,179,156,-98,63,129,-4,46,147,72,5,64,-2,-5,6,36,89,-15,-103,85,-195,-8,68,-41,30,-140,96,60,-58,-20,-19,142,137,-45,26,-52,53,62,-35,99,-15,145,84,-70,88,-17,50,-91,139,-50,-2,-67,-44,49,-106,-72,33,45,41,134,47,-61
69,-15,-19,88,51,39,5,51,-64,15,-49,-1,52,-120,23,-56,-143,26,-183,89,-51,20,-87,7,48,-104,-125,-93,47,6,57,-91,-122,-2,-15,52,-205,77,-16,145,75,126,-73,-9,-74,-59,-38,1,86,-16,158,-83,-160,72,67,-101,29,-101,61,-51,-145,-6,-2,63,-37,8,-6,13,-20,46,135,-126,-76,29,-24,-98,104,-100,71,205,-62,10,85,19,7,34,-39,-51
-15,18,-9,27,14,-48,20,39,68,33,-18,-50,64,-89,-24,-112,82,76,107,-53,111,131,-54,52,57,-21,76,180,-97,-79,85,-7,167,35,56,-64,57,30,-8,41,-174,154,-100,7,20,176,96,36,30,-4,-54,46,-13,-23,-135,0,120,-15,-43,-38,102,28,68,-151,84,5,28,-119,190,-96,107,90,11,-32,-5,-146,-111,48,-2,26,-41,66,-131,80,107,-55,47,-60
-36,-223,-1,7,77,76,11,-34,-16,-48,11,-29,19,71,8,32,44,9,-64,-107,-59,72,-90,155,23,117,-67,-5,138,-2,66,-36,-40,30,-181,74,-136,-14,-39,-5,140,-145,-19,-78,26,40,13,79,-5,69,221,-23,25,47,-99,0,-171,-15,-7,68,43,-41,-27,-24,-103,-63,-94,162,-53,-45,-146,65,-22,54,51,-73,36,196,54,28,0,77,167,112,22,64,-35,-126
-87,25,-5,-12,53,-93,-93,50,-220,84,-8,154,-95,-44,-76,91,-76,-37,73,144,92,-96,89,136,-10,61,90,-62,-50,24,-64,85,22,0,78,-180,54,183,190,85,107,-9,43,-37,137,121,-17,80,8,-3,51,82,-40,32,-75,-64,35,-79,97,8,145,-61,-15,-75,-53,-54,35,-117,-57,149,81,-39,-16,105,-15,54,60,20,-27,33,39,-60,11,8,-75,-77,-68,-97
15,57,45,68,5,-41,112,67,21,-13,156,108,29,-75,-57,101,36,-86,112,104,160,59,307,-55,92,-59,113,25,83,-6,83,46,-37,8,104,-53,-12,-10,71,64,42,-24,-70,-66,84,-106,-142,45,36,127,50,35,114,170,134,172,146,128,117,31,146,-7,-1,128,-80,127,112,-68,-109,-62,-67,138,52,-69,230,19,79,38,-26,18,-84,133,-19,-157,-68,63,147,48
-21,-54,4,215,-18,-60,125,62,70,-81,9,90,135,69,-43,-10,92,-9,160,74,18,45,104,75,-22,116,121,76,-70,-122,47,-27,15,23,-28,-58,-25,68,-25,44,-120,-43,128,101,-2,108,19,97,-40,-39,141,112,82,96,137,71,-30,8,-21,64,56,-32,22,159,-15,-14,16,55,81,37,-84,72,19,-33,33,-73,76,-119,-55,-62,23,-64,-15,20,-66,-61,148,109
63,-16,25,-87,36,25,95,7,193,38,54,-47,-7,195,4,-49,7,-15,3,-18,71,143,80,-67,-76,39,45,-22,68,148,-34,-2,230,86,-120,60,74,27,31,-7,76,-5,34,112,-9,-47,98,-10,-74,101,-5,13,-48,69,-37,69,-64,57,84,64,18,47,-38,101,-68,-61,-26,15,38,27,47,-2,7,38,-56,-124,54,16,28,-44,-3,-62,-8,-5,47,151,60,-80
-57,26,10,43,132,28,159,108,49,26,31,58,-58,122,41,9,12,50,88,14,123,-8,113,-123,-105,38,44,12,39,15,112,30,-50,104,-43,-58,-42,-117,-177,112,-1,121,76,-51,14,127,-30,127,26,-20,-45,-53,121,104,29,100,24,0,-15,38,40,-43,28,219,82,21,84,-45,-34,-35,-52,61,39,-50,19,-45,-21,-39,71,-45,-30,45,26,91,139,-14,74,125
-70,89,-26,-85,71,-16,-61,106,33,26,19,19,49,24,203,18,160,25,-4,71,72,62,-43,8,132,-24,75,119,-26,-26,-6,169,84,-27,156,-48,104,61,50,49,-68,-20,-25,-87,33,-83,5,-114,30,173,-29,-68,84,116,146,250,165,45,-67,142,2,-17,-136,-130,79,13,135,-56,166,7,-73,94,-2,-10,-81,161,-33,41,-40,-64,-65,119,70,-12,60,121,-84,73
141,-70,152,133,125,172,-123,20,111,-7,82,25,74,245,65,-25,94,127,4,77,5,117,24,8,76,207,-35,68,-28,63,94,81,16,-87,-48,141,-120,205,198,43,-12,-6,134,27,-47,84,38,-24,-67,-45,124,97,69,23,211,-27,-90,0,141,100,18,-46,-21,173,-24,107,-76,33,-20,18,73,39,1,96,239,25,175,-29,117,-129,161,25,64,-49,-111,4,58,-25
37,-55,-48,142,27,1,92,62,-88,-32,123,-52,110,69,3,62,82,46,177,29,85,10,10,44,-159,92,-132,92,-60,17,-12,48,23,-78,1,93,117,79,68,-65,-3,-44,245,-30,-1,205,76,85,-77,26,176,57,15,208,27,0,-130,-127,3,-38,24,-42,93,49,32,-74,-5,55,67,-10,-13,130,34,61,76,1,75,19,-156,-94,0,-23,-4,26,-67,65,-43,63
-75,61,0,14,-5,-34,-2,-82,-19,-50,-54,-96,42,-47,-34,79,53,-39,-12,-33,48,-103,-17,159,97,-69,112,-57,63,27,-27,1,113,-79,31,191,-130,63,68,-63,-108,97,31,34,-195,-6,58,18,35,-37,-95,-24,-17,-107,143,17,11,-56,-24,61,145,39,-55,-10,19,-76,-71,25,-13,-57,-74,-10,164,-123,29,9,58,-14,-47,3,-107,-91,-165,24,47,-9,-18,42
172,82,126,5,83,-72,68,64,97,-1,29,82,116,118,66,63,19,169,39,-55,49,-30,-14,-9,-74,49,79,50,30,4,113,142,272,52,0,129,-102,86,94,53,-61,47,29,-2,106,64,86,31,-108,-33,13,-54,56,-47,93,151,-13,50,-15,133,-58,-30,17,82,-86,16,-63,52,161,27,-104,142,120,137,-30,-138,103,76,-26,37,25,-32,47,78,-1,48,-1,26
-51,10,51,23,71,47,-9,56,16,-25,18,0,-27,37,95,-104,5,14,-19,98,117,88,-11,30,24,120,-57,58,24,144,72,78,84,62,50,18,-51,0,52,13,68,-18,-46,32,85,38,168,-47,-116,79,44,44,77,116,27,51,22,-39,54,106,35,17,2,-20,-81,-19,30,-48,11,62,110,102,14,64,81,18,110,156,58,14,-33,121,58,144,-11,130,-35,-43
25,41,13,-10,153,65,-97,7,65,30,26,36,38,55,29,124,153,-54,76,-1,19,77,10,-99,-48,-19,146,-73,78,152,31,-36,47,-95,34,79,-34,-38,104,-106,84,51,-21,129,-11,-39,8,11,29,172,-34,-81,-65,-45,-27,77,-20,-27,38,16,209,4,-58,81,38,-247,92,-23,42,89,118,-8,-2,-17,27,47,30,-68,-32,113,6,-186,-143,-107,92,114,-92,22
24,-59,-66,-94,112,11,160,12,-60,-151,265,-20,-95,-65,-111,53,67,70,-51,143,87,-119,-43,-3,94,142,-26,-102,48,100,12,29,1,-1,22,146,-145,106,126,-72,23,67,65,79,44,175,48,-33,-127,108,36,34,-14,-28,162,-3,-127,-65,-76,157,12,-93,35,98,-138,-11,-53,-34,-114,44,-112,18,56,-29,327,-81,27,-55,-47,-99,-43,45,-38,57,-36,-51,37,22
