-123,90,103,81,-51,18,-85,94,94,147,3,-50,-77,-30,171,51,-21,120,93,24,-74,100,30,-37,107,42,-23,-41,-67,60,-70,-28,16,10,-11,91,24,62,-13,-174,75,-35,49,165,10,-62,60,-9,-62,-37,-75,165,-18,9,21,50,38,-112,-116,31,-99,-41,-34,-95,17,53,6,215,64,31,39,-70,-185,127,165,85,-58,-6,48,-18,-48,-76,23,136,12,-17,85,-98,-22,61,-45,-11,-55,-12
121,-25,187,-45,-12,6,25,-36,78,110,28,-52,129,-23,-13,19,46,172,-16,-82,92,-7,69,6,-85,-13,29,22,-20,69,141,8,-15,151,-55,-10,-16,-25,-27,6,-3,-6,128,-3,149,123,112,119,13,87,39,127,50,32,63,16,6,107,53,103,61,47,10,-19,-44,98,75,167,78,182,-17,12,114,30,15,94,100,194,-49,71,162,49,44,136,20,-136,82,169,-36,-24,59,5,95,64
101,51,46,-21,70,-41,139,61,-24,28,-51,-86,-7,44,-3,-46,105,-159,26,-67,30,-61,118,62,68,17,62,68,85,184,-38,-47,-37,-73,83,111,44,-125,18,-88,-87,-19,-45,-95,103,-109,-49,64,63,-12,78,111,-7,19,-86,-86,15,-1,40,2,68,64,34,153,31,-92,98,-40,37,-30,-13,-71,76,21,212,101,70,-125,-48,-116,139,60,-75,3,49,120,5,-41,52,-78,51,6,-45,73
135,-1,41,137,97,28,-16,33,-59,70,69,246,82,40,-19,158,107,-48,216,84,-43,-28,84,72,-81,29,62,164,74,120,60,101,58,23,26,-16,105,-43,-58,70,19,149,-24,25,182,110,-3,72,21,11,-21,125,-15,10,-32,-21,14,96,50,-52,165,188,-74,43,75,-14,-28,151,113,-66,-23,-89,177,45,78,190,37,83,-22,88,165,119,220,28,42,19,80,44,79,33,139,47,120,140
48,-43,38,-105,-72,12,-92,53,99,-39,-104,-37,-53,-2,97,115,-37,158,182,188,146,72,45,57,49,-47,-27,94,192,115,96,55,-55,-62,88,15,70,-50,-26,-77,10,126,-52,-97,-37,89,74,74,100,48,51,-26,70,-56,183,180,-67,152,-111,6,-67,-23,2,-87,-22,-91,-40,-67,-27,114,82,25,-10,-25,-29,-5,39,-5,27,260,-94,211,181,59,60,-224,20,116,48,88,-11,74,40,134
10,-32,61,166,41,-42,48,65,123,237,92,14,57,47,54,-73,-120,122,-26,-74,58,73,-75,50,142,-40,-116,-10,-65,-11,92,-85,44,21,28,-14,-27,23,36,-72,150,56,81,242,-52,85,85,53,87,-94,-64,-35,68,-39,110,19,17,-12,-62,145,68,-120,138,65,88,61,210,-41,69,101,87,96,-14,90,-49,123,26,36,113,11,37,108,-30,111,35,-22,64,81,13,-2,-93,38,170,72
200,-4,87,8,5,-42,-33,6,-28,119,-94,-121,-11,72,-36,18,47,84,42,66,48,103,35,32,73,-21,108,-78,107,126,145,4,-58,-36,32,-42,168,-17,66,102,-57,52,54,-70,-21,-136,26,39,13,-49,-58,21,-30,9,-65,-61,11,-68,-37,13,99,11,78,-125,-56,-31,114,-189,46,87,67,84,35,-58,40,-26,128,42,-59,108,-78,160,-14,6,59,-38,-67,-21,26,-1,-174,-131,72,-18
5,-31,-2,-88,-111,-6,-12,11,143,191,103,-39,24,83,-30,154,-23,47,105,-47,-59,49,59,-13,-3,-20,-154,76,-13,45,64,111,78,-48,190,11,7,106,-39,65,-10,66,276,-13,71,-44,-58,-41,-52,81,0,212,-27,49,145,41,6,154,7,109,98,-41,16,125,-74,62,197,47,56,84,54,20,47,-30,0,24,121,47,62,-19,139,110,99,38,147,18,104,-18,-71,33,-14,14,48,-84
-5,-40,36,38,-94,35,123,91,206,45,108,-85,102,-101,-20,16,47,-26,6,-5,89,3,58,11,-74,155,26,111,89,63,231,32,4,13,-18,-27,62,52,102,84,208,-49,27,72,-2,77,32,51,44,15,2,18,-9,-15,59,18,17,75,127,-20,104,139,7,16,-102,64,95,90,130,-46,62,-75,23,-144,136,65,116,-28,6,-46,286,64,-50,257,109,179,108,105,130,-42,-69,32,38,-71
117,26,-50,84,64,-27,63,112,-124,-40,35,167,129,-44,-14,49,187,40,29,144,69,52,70,74,-117,-11,176,-70,171,128,79,12,34,1,71,-198,-101,-127,98,126,51,-25,-172,-15,-33,158,5,14,-42,29,-119,-106,108,26,48,9,67,101,-28,147,149,42,41,-33,29,-7,-10,27,-6,99,47,68,145,107,0,-10,37,34,-125,-8,-69,108,127,-70,-5,-13,-37,106,103,128,25,49,59,196
23,21,-42,216,-175,-3,61,-32,145,73,82,89,-67,189,63,143,24,14,37,92,168,-32,-68,39,3,9,6,135,-47,-31,47,47,-19,78,170,159,94,48,-69,82,81,148,0,10,-74,94,-22,117,-118,-68,63,-12,2,70,32,71,-137,-60,0,127,130,157,130,177,79,-58,125,23,290,-8,45,-4,61,-39,-97,152,19,105,24,77,106,-21,81,-35,167,164,160,133,150,-42,43,-28,-19,24
29,13,18,-185,-22,-60,-98,-31,129,15,52,-9,-22,-38,-9,84,-25,64,90,6,-49,93,117,-52,-55,-20,42,26,-54,84,33,11,-89,-125,167,-54,-22,-33,-69,59,-71,-32,-52,-47,76,-29,-63,-12,81,0,-28,2,-90,-132,68,129,43,40,29,-83,-132,-158,-38,-49,51,-52,22,26,-67,-20,44,54,131,-103,10,-93,40,-38,146,55,-44,68,-50,36,72,44,189,70,4,-19,77,122,-7,-51
-39,141,146,-47,49,-110,3,-27,19,-54,-49,-104,-76,-80,-181,15,-43,43,45,-58,71,41,82,123,-1,-72,-16,-43,-43,-6,38,-89,-66,80,-25,49,-53,29,120,-87,-41,-74,116,-2,37,21,-101,-39,3,74,-18,-37,4,-59,109,-32,100,-58,-104,-64,173,-28,148,-18,-42,4,-85,26,-52,-36,-6,-14,58,-236,7,-164,-41,-26,81,-110,-142,-78,-81,-61,13,-18,-7,-12,-19,14,3,48,-37,33
-33,27,121,127,-121,9,-82,33,-65,68,31,194,46,-16,82,142,45,78,-92,25,-56,9,92,250,124,37,106,80,140,334,123,-47,233,-20,340,156,-15,85,80,198,130,27,-10,-4,145,16,11,-120,-42,-24,36,113,161,50,51,157,68,-5,-166,199,8,76,15,-114,104,-94,167,146,152,76,201,-89,62,-36,90,-9,9,-24,61,-174,1,-16,21,121,23,27,267,163,31,58,-32,190,9,-56
189,102,133,48,153,127,0,-49,-24,110,167,56,92,-113,-27,221,57,-32,-36,126,76,65,39,105,10,27,24,-42,186,4,114,100,228,-49,24,142,132,109,7,-5,113,-39,-32,18,32,-33,56,117,-145,-1,4,19,111,-121,-34,-32,-96,113,1,-30,-27,45,93,18,93,32,-40,50,36,106,48,-93,46,40,-16,-93,98,-16,-29,153,34,9,38,-42,39,55,141,91,-81,19,-31,-87,55,19
20,14,-2,140,-34,22,83,32,96,55,36,120,-120,-5,44,117,-49,-77,56,59,133,80,-98,32,177,-42,59,31,-64,-71,149,-47,75,55,80,2,-188,-50,13,41,83,4,-106,193,-75,60,103,130,71,-63,-79,-107,-90,27,-2,121,42,-88,13,140,-37,62,169,-18,72,86,18,-62,16,66,46,78,-7,45,-41,15,-33,92,12,73,-118,12,70,-44,90,-16,10,85,194,-17,-46,-36,58,23
0,-30,131,84,-20,18,-49,-16,27,-60,25,41,237,-127,104,113,16,64,-26,106,145,-74,-69,65,-22,44,-13,119,139,-121,98,197,193,-21,75,-16,-96,61,-18,65,123,86,-31,-94,92,-122,14,4,-39,137,116,5,183,116,91,170,37,9,21,63,40,75,94,-88,-25,43,91,-93,47,72,-69,-226,228,101,-160,-154,48,-77,-34,130,4,62,76,-7,-10,-23,16,248,24,230,4,95,-65,74
-73,-78,-58,22,-25,104,29,100,-14,106,-10,-14,-66,45,211,96,14,102,66,53,-3,-97,-30,112,35,30,23,-19,-9,10,-52,2,219,80,11,107,98,161,-9,155,-53,101,23,72,-115,95,-16,65,-71,-80,-8,60,43,4,-13,59,120,-43,70,-20,-30,-93,81,27,-31,-34,-17,-126,19,-17,14,24,176,11,10,-36,16,81,112,250,49,-61,-157,69,-112,-54,-94,99,162,68,-115,-190,3,10
5,8,29,9,53,113,56,23,102,-28,213,34,-20,-37,-73,-29,14,-54,-68,81,43,24,19,40,-21,-24,24,-52,-95,-56,94,48,-100,10,-2,204,-94,2,17,-61,67,-163,-45,-135,105,-125,180,90,204,72,19,-40,81,-9,-33,86,-78,89,151,-29,-85,87,118,42,84,86,190,101,23,73,73,198,-9,-56,-72,-150,50,0,125,-53,74,32,-108,-35,75,4,109,239,-10,81,-83,39,-66,-41
24,-147,71,-36,34,71,24,-74,18,0,31,57,64,167,-29,-114,-37,-35,9,-3,-44,-46,121,80,67,126,3,-116,19,99,83,85,107,-60,-10,-95,-2,31,-16,165,93,97,46,86,-3,-19,-103,-44,34,72,69,36,53,-83,40,-50,243,8,98,11,-16,-84,-146,89,2,-52,79,23,-20,47,96,-116,53,-86,136,69,-54,-205,95,87,58,-24,-167,72,37,1,131,68,-16,152,72,-81,-36,-34
24,11,-29,42,-40,150,-138,-20,73,-19,134,210,-64,-97,7,152,114,-30,168,140,28,160,62,-10,-57,29,46,112,107,-47,66,66,175,-22,166,89,1,-4,77,42,4,-3,-117,-61,-97,89,85,75,-21,-112,-44,147,-134,104,79,9,9,46,145,147,32,43,73,62,169,-38,28,-51,149,134,-14,-19,91,66,85,27,97,86,-66,-49,-71,50,218,134,-19,182,68,-65,151,-51,52,57,7,26
127,52,10,57,-7,105,14,49,-109,16,26,-130,-27,23,-60,71,135,-78,83,101,-22,120,71,-92,7,28,-68,-76,-29,8,143,-12,-101,60,12,-26,105,54,78,3,86,-119,127,18,17,-23,-133,31,-62,38,-167,-1,20,-6,-97,19,-88,20,-11,31,7,-60,34,8,-53,34,-34,-61,-7,50,31,46,-105,-77,-39,72,-35,37,-24,-124,-44,-87,-64,-98,87,3,-69,30,8,44,71,110,46,1
-161,-10,-50,-88,-25,-17,17,58,96,35,166,-52,81,122,-30,88,64,49,119,109,38,207,-63,72,-81,23,102,62,-7,-86,118,-115,97,1,123,151,20,125,61,-76,97,-59,103,-42,-63,-115,86,-82,29,-93,136,78,51,72,112,-2,195,-19,106,92,20,54,91,-55,54,130,148,12,45,-41,13,90,-20,50,-55,-56,84,2,4,133,90,66,33,118,78,111,280,14,-54,44,-204,56,-174,115
116,-123,113,41,-31,-15,-11,38,-20,44,71,-44,-44,34,77,-17,-97,41,-58,-124,-100,65,-7,-11,194,-78,-17,20,-29,-86,98,78,-14,41,164,70,32,25,-63,50,81,52,33,109,-79,-204,2,69,79,141,110,22,-139,-19,18,40,71,29,-40,41,16,-40,-136,136,14,-208,36,-27,42,68,-12,189,-10,8,-45,117,-81,-16,138,66,-17,-3,-46,-128,7,-122,16,73,-150,20,-47,11,65,33
57,31,18,150,19,-37,50,224,-156,-20,144,-148,215,-65,-40,136,138,12,6,-15,-193,239,-41,6,-68,191,42,-52,43,27,37,-77,187,-121,10,-73,26,89,39,-78,87,45,-20,76,-77,-55,-8,93,2,-165,-25,23,-74,-6,5,-93,103,-92,58,-10,188,-82,103,31,54,-101,-3,-54,-45,70,-38,-132,85,-20,17,128,-5,34,-47,-70,-46,87,-122,102,112,134,99,-151,-25,-63,-47,1,-7,22
121,-17,27,-67,84,-112,-69,-78,-76,-29,1,80,-104,-103,110,44,7,57,55,85,52,-122,73,32,-58,-15,25,-21,80,-36,12,80,26,-13,7,-45,38,-116,-55,72,-10,108,-76,105,102,161,9,116,76,150,28,-104,-33,129,-141,-14,-34,113,71,-82,-3,40,-26,-15,-46,26,-95,6,64,-51,-129,81,106,-43,31,16,-8,20,-67,4,-70,-59,33,21,-7,38,-90,120,79,80,148,-110,16,25
190,16,94,-211,62,95,52,43,-17,40,73,70,93,70,-27,37,-9,17,36,-118,43,102,-4,4,111,134,87,-51,57,114,60,85,-12,-71,-9,-59,-107,73,66,31,52,69,-47,-68,30,-16,-47,-9,-54,26,36,79,57,-71,-35,5,19,-47,27,1,-91,-73,-36,-28,80,-59,181,72,-26,179,121,-31,24,128,38,60,-8,-186,13,83,24,129,-73,110,92,-33,132,-29,-89,-20,-127,-50,50,-112
-51,36,-37,34,14,-88,-1,74,44,97,11,32,-26,-113,10,148,-35,97,41,112,-80,-68,75,-84,-138,55,15,160,82,-23,-44,7,-15,-70,15,136,44,19,21,-109,27,2,-66,-91,41,10,213,25,31,-20,93,104,189,115,7,-14,-62,116,6,-93,-74,40,95,-8,55,94,165,209,61,-33,-63,-131,-43,1,-43,-5,34,56,-38,48,48,28,24,150,80,140,78,-58,86,59,-45,30,-180,-12
-8,-93,-60,-11,-16,-4,73,52,-76,-84,158,144,50,39,56,228,39,-63,80,104,19,-41,-95,57,-23,39,69,106,-61,37,-137,36,125,-115,25,-1,-52,50,-20,106,-14,-16,-117,-4,61,-124,143,-70,129,16,75,-53,-51,-44,-63,-96,-22,0,26,-136,-96,149,-100,113,48,51,-34,-15,-8,29,-133,29,161,-3,-72,-16,110,50,35,-46,-16,33,85,13,42,72,61,128,134,61,110,48,-26,-3
-2,-10,-66,52,66,-3,59,-75,-82,26,56,77,-4,248,100,72,61,77,151,120,-93,39,-31,13,-53,42,-40,27,-80,-10,74,117,53,47,74,-78,-63,35,18,67,-15,129,-41,2,77,137,27,-46,35,-16,-73,99,76,29,140,74,82,166,-19,71,200,106,87,11,-54,43,34,27,-65,-75,68,15,137,-110,-60,8,76,108,-54,169,-34,123,-34,18,81,64,140,-28,160,-24,-16,154,56,94
-89,38,-48,88,-92,17,-16,21,-62,137,-87,-59,-49,131,-40,134,-99,56,37,28,-103,63,92,1,-119,-36,70,42,-37,-99,70,-39,-34,-15,115,-84,-18,-5,98,-57,-11,-136,47,-44,-13,-33,43,-25,27,-48,-41,73,155,106,-23,-48,-14,-34,1,1,195,-45,164,28,-76,77,91,-40,-59,28,-49,110,114,-202,-153,-39,-79,161,-22,-72,-35,116,-1,38,209,125,90,-6,-2,72,-143,67,-66,-84
219,74,-63,95,-62,-71,59,-44,30,38,51,118,-16,-34,-41,-42,-54,-94,76,69,-94,-9,5,90,-59,-91,3,97,-76,87,-8,94,-67,49,48,-95,-22,-123,19,-19,-22,-15,-16,-31,-9,37,65,-57,-87,-52,-102,56,-2,-175,70,-98,-81,78,82,44,236,-26,150,39,-9,98,-7,-11,-63,87,81,-32,70,-150,60,1,-114,130,16,-105,-167,79,70,-39,66,193,100,-74,133,-71,3,149,2,-15
-84,-1,-101,49,43,11,-68,38,110,25,-48,-14,96,83,-83,18,-77,56,-41,-3,-56,134,101,32,-61,-111,-55,-44,-61,7,187,-137,143,-77,136,-1,7,10,223,180,12,-83,9,168,-98,-36,76,60,17,-69,-40,24,58,84,12,-19,63,50,119,79,64,-115,15,107,62,120,-73,-37,-16,5,33,93,-51,-10,-70,-157,-29,-12,-31,-26,94,33,-12,-22,119,-46,88,47,-63,141,-35,-68,137,37
-131,23,-33,28,-53,-68,-64,31,-5,48,-77,70,-76,-107,70,49,105,121,45,64,7,-123,164,17,-43,44,100,14,148,-72,-27,156,-30,3,216,-6,-90,-26,-138,111,3,37,-70,-6,93,194,-104,7,-62,0,-70,145,72,12,203,26,-79,118,-59,98,201,18,-27,8,-86,-15,-43,22,104,61,18,35,115,-71,35,214,50,139,79,7,27,4,23,-14,7,85,-39,-15,237,151,118,102,-68,176
16,-5,-15,-21,96,58,55,35,17,-35,-26,119,103,-42,24,-9,59,-64,96,67,152,-76,147,116,0,24,22,39,128,-5,89,36,-161,-2,-6,27,27,-63,74,108,15,-45,-94,-36,81,194,145,71,73,176,-88,-14,-28,-131,63,-8,32,121,17,-31,77,96,0,1,-109,-46,-77,-17,-27,-23,56,98,90,62,151,193,180,44,58,-24,97,88,205,-15,22,-99,-55,87,158,-63,167,126,233,146
39,-96,113,201,15,25,-61,74,35,132,-8,72,13,40,75,90,87,278,48,101,98,110,62,150,14,76,141,132,38,-45,147,178,0,145,88,74,-46,-98,12,-63,24,28,-50,154,17,107,208,112,81,81,89,-18,43,20,72,34,17,184,-79,91,5,190,132,31,115,-62,72,35,67,49,-137,140,176,-5,7,77,116,112,-17,65,-3,-8,229,-95,26,34,5,133,21,54,112,-65,30,94
72,-25,43,105,-57,6,31,103,200,47,-20,-50,6,13,46,70,-60,96,187,-3,162,60,-64,60,38,-94,-84,65,-36,-10,27,131,27,63,93,78,36,11,-2,35,63,52,111,124,-31,-29,-2,26,36,-94,23,107,-62,-118,74,17,52,-69,-66,-38,142,-57,170,-26,-8,94,-29,-126,42,-11,120,85,42,-14,79,7,-35,-78,73,10,-53,141,-21,-25,101,-99,113,-38,-33,-105,-79,93,200,34
84,155,41,-47,83,-67,37,22,-11,53,-43,17,122,24,-21,125,-37,-68,75,-86,-185,-29,4,27,-30,41,5,54,-106,135,-48,-40,-116,-44,27,-22,6,-45,2,-23,24,-50,-63,160,38,45,12,-27,-149,97,-37,-158,74,20,-130,-50,32,-27,-63,27,58,-60,52,-155,100,-55,15,73,10,-32,74,-52,18,48,61,81,195,20,87,40,-82,30,-45,-59,77,126,170,-147,-42,-92,-25,1,34,17
56,95,100,148,52,80,22,177,21,-82,-41,106,34,-270,16,96,-43,75,-71,38,-75,-45,-65,-34,46,-46,-4,35,-55,61,-17,-50,9,66,-69,-41,-30,-121,25,-105,-119,-130,-24,136,123,18,100,47,-40,72,60,7,-78,-33,-90,-103,78,-12,22,-10,82,74,92,-72,140,139,-74,59,-16,-70,8,-50,58,3,77,-65,87,67,0,-54,-141,55,-42,-39,-107,35,96,105,37,20,-77,41,155,-10
89,79,37,43,-72,174,-33,49,92,-31,30,118,-29,28,-34,-17,14,54,-68,-93,-23,64,2,30,1,104,60,97,7,-18,-3,96,103,220,129,114,-94,-61,-125,170,-36,-10,175,61,-4,28,23,114,-29,146,23,-27,16,-30,23,-24,179,64,81,191,80,37,102,188,76,-43,-136,-56,70,143,-42,134,116,4,51,123,0,68,65,-101,125,37,53,-126,43,-10,104,56,12,-174,110,47,105,26
-116,-11,-41,-36,34,41,22,155,-8,37,37,-59,94,-109,-83,70,-10,-2,-30,100,0,122,16,199,-189,104,20,101,64,153,135,5,97,60,-15,162,149,175,99,32,55,54,65,-67,-52,20,28,-72,97,-108,104,40,141,-12,-53,-51,28,107,126,-35,42,21,91,112,129,115,114,-26,-32,-17,-18,18,153,-111,-132,-127,72,-91,65,-112,110,36,56,98,71,186,53,55,58,-53,-148,-31,-87,-54
-38,-165,-69,101,-35,-91,-3,-62,14,-31,-129,48,52,0,7,-75,0,180,79,-39,5,42,112,37,-11,-124,125,25,4,14,-30,38,-8,-3,-39,-99,-44,12,-24,77,-7,6,-101,93,-73,41,37,-4,25,-107,-58,6,-54,151,116,97,-4,-51,8,118,77,-105,9,57,79,-104,-51,-93,-1,143,110,118,99,124,1,5,-163,102,16,1,65,145,-61,98,-54,80,50,69,18,53,3,-91,-28,3
-41,22,-26,181,-95,-86,-45,58,-20,100,122,56,-30,-137,25,2,-44,82,-138,-114,-150,114,10,-111,13,208,-66,108,50,62,-25,-58,156,0,-33,140,42,35,14,-131,134,-20,-12,151,-47,-116,86,-36,139,-130,-7,14,17,84,56,-106,125,-115,-47,62,-34,-34,-88,-3,22,9,180,132,123,-17,-195,-69,-46,-66,16,28,-169,-104,106,-203,-24,49,-48,151,80,102,24,-210,20,-17,60,23,25,-33
17,4,96,136,-63,24,66,-17,17,-96,115,140,37,-175,-117,66,42,-10,-52,-120,49,88,51,-96,-46,92,160,42,10,-21,23,-114,2,-86,-97,14,-103,-15,-120,-89,82,-207,59,33,41,-85,-74,-65,-24,-71,64,-33,50,19,-78,-39,28,-26,-89,17,35,167,-7,-7,191,-53,66,-25,66,8,-76,-117,-14,47,78,12,-22,-84,-132,-179,-9,37,-89,-7,-39,58,-110,30,-55,-147,63,14,-101,-138
-51,32,3,-9,0,135,-63,104,217,136,93,19,194,73,9,81,85,63,-84,-194,-27,52,-13,-19,-96,1,-26,30,-12,182,164,76,47,13,-40,49,-47,184,119,-23,164,-241,99,92,-24,14,-90,72,-49,27,-39,68,-39,75,-31,167,87,-90,6,176,27,65,21,-4,46,78,93,167,197,167,-7,11,106,88,128,-78,-40,42,32,-42,172,181,-110,92,92,93,24,-38,41,-166,-1,-10,94,-10
68,58,20,56,58,15,51,101,-138,-15,12,87,126,44,-83,147,243,-66,137,-18,107,158,100,131,69,60,132,-3,94,216,136,-79,142,-106,15,58,-20,28,114,56,-59,39,91,4,226,31,42,46,45,-57,-37,35,66,58,-13,-20,27,-27,10,-99,55,-82,70,31,115,56,108,-10,-25,48,20,49,239,-60,-34,20,52,-2,16,-65,199,55,15,35,116,100,86,36,75,47,74,139,4,77
-3,36,46,-35,-14,-114,107,12,-158,0,99,26,-34,-67,75,138,-58,-86,-48,-8,28,-88,101,-50,66,37,-13,-134,-24,-18,-79,-47,-39,-169,35,14,3,-54,16,-39,27,91,-63,49,123,-4,139,-67,2,85,65,9,-112,80,-20,-110,15,-69,37,-112,-83,-29,-116,55,-9,-53,111,11,-20,39,5,-49,-58,49,121,25,145,-29,64,-180,-193,-115,63,106,30,-11,-141,25,-56,62,26,-42,50,-129
90,-72,-118,37,37,57,39,1,-65,54,31,73,55,79,-75,104,-25,47,119,87,-130,137,151,12,-92,17,-15,5,46,152,97,122,58,-146,-1,43,89,146,161,-16,-4,36,47,27,-27,5,12,20,4,-135,-97,50,48,16,36,5,68,158,78,-15,-45,87,13,111,21,-78,24,-37,17,-22,24,-8,-103,-79,90,-76,17,100,-35,11,-21,143,74,-16,-99,-13,-159,-145,44,16,21,-138,43,32
-105,-143,22,51,27,11,9,147,1,82,-71,149,93,51,58,107,-3,71,7,-31,18,-22,3,-3,-5,-97,-30,106,-23,181,201,57,51,-12,200,-25,-162,-9,88,33,250,-14,63,-50,-36,94,100,-13,12,31,6,103,-132,8,68,43,88,77,54,104,94,-78,66,35,7,77,145,-8,33,56,6,6,-9,42,156,89,69,19,-42,-17,35,73,77,75,80,-26,71,-33,150,33,109,21,63,74
178,-57,102,137,73,48,-7,126,59,-4,119,94,188,84,1,65,242,120,-41,73,-32,-17,27,63,-55,-11,-8,40,123,93,59,133,43,93,68,159,-8,0,-29,-24,-161,202,45,136,83,151,69,168,-42,73,144,22,39,94,58,183,154,34,-82,-4,-91,147,69,-55,173,53,65,129,151,72,67,-69,56,7,97,96,-12,71,70,-7,19,-6,133,-55,-20,-15,46,100,-153,-31,90,65,96,-3
-6,110,70,86,15,-51,21,81,-38,85,42,13,6,-47,15,78,20,145,-23,-4,-35,-77,30,19,33,135,60,44,88,-41,20,130,-63,35,6,1,45,3,-15,42,107,-23,47,154,124,-37,93,112,97,86,7,34,17,-43,-120,28,-40,102,-81,-79,25,76,25,151,97,43,37,18,111,45,47,123,204,-27,63,83,67,158,83,30,-17,84,-39,31,-5,157,-117,41,31,1,46,-32,-23,-65
60,144,-25,123,49,83,99,48,-76,-22,-147,-9,10,-85,94,75,-87,-98,91,57,28,16,5,126,108,-55,164,57,11,-10,-106,12,-58,36,-28,-73,-137,-122,-1,-98,-85,13,-20,-192,132,-1,58,-10,-84,33,93,-17,111,-75,-102,-39,-159,28,-132,-12,56,-29,155,-16,136,116,35,-1,-115,10,154,0,4,0,-21,-33,54,78,16,-83,-73,-16,30,-86,-13,149,156,-73,-36,10,-79,217,-108,13
7,-3,-6,-47,-25,-22,22,60,159,50,37,-22,27,185,34,122,56,100,99,-59,-123,71,-48,104,-87,-30,-32,40,3,120,18,143,59,19,88,28,-20,-33,67,24,-146,191,243,59,95,133,-125,8,-7,93,123,-40,44,-17,68,15,3,169,-9,160,26,103,74,-27,56,23,1,44,20,-60,-13,29,-9,-54,75,80,37,89,51,5,144,-33,84,6,95,62,177,70,-52,-68,1,116,56,73
-27,-83,31,-24,-40,-23,98,83,-43,16,46,-61,84,48,-30,-53,-73,-40,-67,2,-146,37,-38,149,126,173,-160,26,-30,77,0,-29,149,-51,-24,123,35,92,82,114,4,135,0,43,-63,-85,179,-122,124,82,43,-53,9,56,-9,-26,104,124,50,29,-87,-42,-45,47,-46,-51,83,19,-24,34,60,43,-73,2,-30,37,135,-22,135,-104,103,-98,47,53,31,-57,48,-26,-12,89,3,-65,71,-186
43,-20,76,-75,83,76,103,34,-123,30,145,-37,-65,-36,134,49,122,-31,72,119,-66,40,64,-29,-130,-54,123,-180,-49,140,12,-31,-61,8,-12,41,55,30,-16,-54,-32,18,95,82,1,143,31,116,93,-49,-30,26,-105,3,-38,-12,-59,92,62,33,-7,137,-60,147,94,66,46,189,46,-21,-88,120,37,-98,-72,219,57,183,-205,-53,149,-138,65,171,-135,2,-32,150,39,-116,-35,-2,-113,177
110,40,108,130,-5,109,-11,-34,-59,177,84,0,-55,47,115,-29,13,27,35,244,-94,31,-86,179,82,-8,212,-100,9,-164,-64,70,37,44,-40,87,54,-112,-19,-85,-42,-36,47,141,39,-51,132,13,-6,-60,-53,-32,86,-133,-109,89,124,15,-65,28,24,88,-44,-91,15,-96,64,-14,17,-64,127,-23,64,-18,-11,39,-23,-153,49,62,-68,-45,-141,99,-168,-75,31,218,-85,214,-25,-28,-17,-107
11,-66,79,-49,-110,-88,-43,117,46,141,122,-32,98,-10,150,97,-49,38,170,144,12,116,-57,156,-11,-71,-91,-74,123,109,171,155,-15,-104,142,64,-65,-11,94,-19,137,153,30,77,-86,69,-103,73,-6,-63,-53,29,-62,-89,146,118,-53,65,-28,171,14,-32,-123,24,-89,0,78,-34,82,192,146,100,0,-59,-58,56,125,21,59,105,98,130,178,-13,-15,-34,1,131,-31,201,-94,39,46,102
31,55,-48,-48,-20,-16,4,47,-190,-114,37,82,30,11,-33,79,97,-79,10,-25,35,46,-56,-5,28,-18,30,-94,44,171,-19,-73,116,-11,26,39,-119,9,48,-34,39,54,62,-53,55,18,-19,-159,-28,-62,44,-64,7,100,61,45,55,-69,-1,26,123,7,16,-80,-9,61,148,-87,41,31,84,-3,-33,15,68,-50,49,27,12,-93,-71,21,-65,95,-39,-15,6,-169,-13,26,-150,9,-86,-13
51,-86,58,46,-142,-37,96,6,63,-50,25,-25,-86,-171,24,-61,15,61,-9,100,-11,-93,92,-192,11,-7,93,29,16,78,-34,-62,-190,94,-100,-69,132,-4,-59,-23,-149,-74,-21,-66,28,-138,-76,-90,-21,16,73,87,48,-9,87,-49,-63,-19,-58,-40,-88,89,-63,28,51,-56,62,-54,1,-64,-87,69,-98,-115,109,-69,114,103,-17,76,-141,-4,54,-30,-21,68,-155,14,103,-66,-97,-52,-99,-26
-86,-11,7,-106,-4,28,61,12,71,-121,105,-64,-29,176,4,103,23,115,115,110,61,21,-59,23,80,-16,-11,10,67,-43,-78,17,-46,-54,66,151,36,24,32,179,-58,-70,-1,178,-70,-60,71,-57,86,-53,53,60,-61,22,71,-85,85,0,20,26,45,123,62,40,-22,60,10,-21,-5,78,16,38,75,86,-20,17,46,67,109,-38,-40,-31,-75,-5,70,-56,33,30,32,-35,-56,-9,-77,18
176,174,7,134,62,-15,-19,-132,-90,37,-11,80,-16,88,-72,57,-51,-93,10,-83,92,-74,22,121,31,129,-46,12,-48,33,-36,107,16,-28,-35,-40,-124,-77,34,53,-18,-104,6,39,79,16,61,-97,51,-20,-110,-76,136,-25,0,-17,-145,159,-102,-6,79,145,124,-48,-70,69,28,65,21,14,99,-115,50,-41,-143,84,-70,64,10,-48,86,0,-186,-19,1,-202,5,105,-23,172,101,74,-38,-16
79,-46,-7,139,80,114,-22,40,-115,156,-50,118,194,44,29,-11,10,-107,77,-69,-98,90,-110,23,-32,11,-35,-71,-108,10,79,-41,128,66,-182,-103,-11,-81,134,-36,158,67,-77,155,-36,212,78,29,-9,-260,-14,-52,-50,-36,-26,48,129,-91,69,-110,29,-99,98,-90,7,-89,-41,37,-176,-26,50,-92,24,146,-30,96,-112,-129,-153,57,14,-24,-82,92,50,-208,-31,-96,-88,-80,-55,-38,109,-23
-120,64,-13,147,75,136,14,95,28,-60,-100,36,-85,-27,-144,75,-43,-8,-20,59,10,43,4,44,-18,213,41,63,55,-68,-26,-60,-115,-20,16,99,35,-72,-126,0,125,-31,-157,52,-21,95,21,119,211,-64,-46,-26,10,-105,-26,-15,12,80,-135,-82,89,124,30,98,195,-2,-93,163,102,8,-70,0,72,-78,40,274,53,-62,-45,-148,19,-38,20,119,95,146,72,-22,39,-85,6,130,-12,-100
50,-14,86,85,-113,130,6,19,119,-81,87,49,-38,0,128,95,10,107,79,122,230,52,185,21,110,-20,30,16,137,16,213,165,86,-40,148,-18,-13,1,-79,-55,131,-7,17,24,-115,28,16,7,-25,105,28,-32,11,-8,135,94,37,90,151,47,18,-133,136,129,12,-149,-12,-121,47,129,1,60,107,58,143,-63,67,52,123,161,-59,159,145,-53,53,23,31,62,184,8,64,0,-23,74
37,1,26,156,-109,-29,-24,116,-154,101,67,-54,19,17,47,86,63,163,-33,177,47,5,197,128,2,60,213,-3,61,91,25,56,-32,-135,113,40,-29,33,-103,34,-115,-52,106,-31,142,-161,80,-84,106,136,-44,11,165,21,38,-68,80,68,-115,78,47,114,-82,-34,-75,30,165,44,135,-32,-87,18,173,-72,124,87,119,-81,64,-38,-12,34,103,5,-115,-64,-65,113,-79,299,148,46,-83,93
25,79,-12,-5,-75,120,-116,24,85,16,49,61,38,66,144,12,102,79,-38,174,150,60,-91,-52,-35,-63,51,-76,-64,57,-67,181,-113,145,123,58,-61,47,-80,-29,65,-103,-45,104,-65,89,5,110,-59,7,-73,-89,-96,-127,167,243,22,-52,-98,93,-29,39,-91,63,-32,-88,-229,126,88,108,141,133,-37,-10,-56,168,-213,95,-102,14,26,126,62,-105,-36,-113,135,97,-6,-34,131,160,63,102
14,-99,117,-132,127,34,170,71,111,-30,267,25,90,99,7,-6,168,155,-3,-9,77,18,92,-69,-33,26,19,-29,101,76,60,35,62,-12,-1,88,2,115,-44,96,4,68,13,119,-33,55,-66,65,20,83,107,12,-15,-88,122,-54,186,-38,92,-44,-60,22,72,147,40,7,15,-118,-5,122,-70,-13,155,26,195,-44,55,88,182,103,-52,-2,-1,52,35,46,-15,93,-4,-143,0,-90,43,105
53,-65,2,159,85,-17,-39,167,264,151,52,78,73,120,-17,65,-7,159,-23,-3,8,78,-51,135,-23,-17,-4,92,-9,107,65,113,101,-45,101,154,-16,46,152,162,-135,83,-83,143,-57,-30,249,101,158,30,36,79,81,96,4,42,119,-15,-108,78,57,32,173,24,149,146,163,202,127,75,52,63,120,9,-63,25,-79,16,117,-62,26,87,94,21,183,37,252,-44,-76,118,-3,30,101,14
-76,92,89,6,-28,-80,123,43,118,-47,17,76,22,67,-59,-10,62,-73,26,-52,-26,-112,-16,41,-31,70,-15,-12,-3,-161,4,56,-10,42,-14,69,-25,-166,-59,61,-35,-2,7,126,109,-29,172,96,53,48,150,-21,-54,58,-98,71,207,153,18,44,-25,-24,72,80,240,64,72,110,97,-43,-5,-10,22,142,136,13,87,-25,-39,-16,90,-29,-31,49,103,-63,4,315,-104,27,37,-18,-28,-24
7,83,143,45,-54,-65,34,77,-68,98,-8,3,-97,-91,-24,183,-55,48,-32,18,-145,-76,95,-74,3,38,-25,-31,24,-80,25,-89,40,78,123,-115,31,-36,10,91,8,1,-35,36,48,-85,75,4,29,54,41,40,112,-38,-4,-74,13,72,20,-11,40,44,44,70,1,-27,106,104,86,-8,-60,10,95,0,-47,20,137,60,167,-2,-73,46,-45,14,-16,-23,-3,51,-35,103,-14,-98,-78,19
-16,10,-11,-1,121,119,41,62,-42,-26,-86,57,-59,-199,72,113,-107,-23,82,95,-74,54,39,-95,62,18,-1,-99,62,4,36,-72,192,53,24,0,-30,-6,55,39,146,78,-13,94,43,-36,-72,75,16,60,120,-105,81,-132,98,-21,140,-25,87,-37,-51,-221,17,77,116,-68,-81,-194,-72,64,-84,-89,-16,-79,68,-29,11,-120,13,-14,-114,-27,-119,-36,171,49,-9,-56,76,-2,-7,77,50,64
111,-15,7,-28,-53,-19,90,-10,15,39,91,-1,-32,108,-44,-31,30,29,120,-26,60,119,-94,133,158,-48,-39,82,158,-46,73,147,107,-22,67,138,0,-83,85,67,-5,25,82,99,-59,30,3,-50,-20,-54,-18,7,-61,-34,88,-36,77,81,-149,101,109,-46,98,108,-17,54,115,36,19,132,107,135,-123,78,32,56,1,-5,-10,-73,67,14,105,-84,67,-64,-66,-54,17,31,-95,-6,120,-29
73,40,189,114,44,161,-20,-1,-99,108,6,170,-89,-2,159,52,83,2,25,44,-23,-18,65,-34,220,35,76,-56,-11,69,44,68,39,119,72,27,16,-12,-135,32,0,112,51,22,94,97,166,74,-115,99,-35,153,-71,-3,-21,176,-31,45,-7,25,4,19,22,130,46,-128,-28,8,47,142,108,-6,35,41,68,208,79,172,15,-60,97,-22,-2,51,-76,-55,-7,142,52,-24,111,20,59,-108
5,43,206,25,-20,108,-43,-37,81,81,-32,26,66,20,67,-71,60,95,-95,-29,78,-14,-59,23,16,125,74,68,46,62,125,32,70,26,-14,40,-11,144,-15,88,64,32,-56,-119,-73,-65,121,79,-86,56,-6,182,91,-16,-4,116,158,-20,-48,44,-31,81,-23,-49,-13,-67,51,-32,180,75,7,-52,109,70,84,-87,17,-115,-12,175,-18,-24,-36,167,-75,-40,-14,86,83,-42,21,-56,44,-66
-9,110,39,-18,111,16,36,-90,51,15,-26,-59,-121,-106,86,-13,9,42,-49,36,-157,-29,-10,-8,-42,-12,-168,3,-15,69,70,29,-8,4,-11,115,257,221,102,107,1,59,-23,-68,2,-53,93,97,-62,63,-129,93,60,21,-151,-8,-127,106,99,43,-70,-48,31,34,34,37,39,165,7,-37,35,-21,27,0,-49,-35,24,-19,67,14,-51,-83,-41,12,-40,67,40,59,43,-73,30,-56,179,-25
-26,25,72,-47,125,32,-24,88,-45,106,-59,-24,-38,12,128,75,-15,52,125,171,64,-45,52,29,21,41,-33,149,71,-36,2,22,83,36,80,112,17,42,36,110,126,45,-165,65,-37,47,126,30,13,101,-47,125,65,-35,-15,73,44,-69,-113,-70,-19,-127,1,-25,-45,95,-55,-38,6,148,77,-1,99,-35,11,96,-37,-75,78,87,-62,89,3,169,249,23,63,32,153,99,-10,60,72,-128
29,-47,2,-18,19,99,105,-28,-104,63,-94,72,44,2,90,108,-25,-27,-9,-37,51,-124,34,27,80,72,44,63,-31,-17,40,16,71,-42,33,-57,-13,41,142,44,65,17,-4,30,5,70,374,79,38,104,49,-30,90,32,-98,7,-2,45,-33,-155,25,59,37,-23,54,-32,12,7,-80,-22,-53,37,-46,-20,-21,96,70,4,-52,-23,-84,-148,21,200,4,-96,-81,102,54,52,-13,-79,7,8
66,-66,-8,-71,81,21,-73,-36,46,12,217,90,80,87,100,75,94,79,75,99,-26,6,-78,148,54,-13,67,-9,8,20,-65,224,3,-57,65,131,32,-4,-64,-151,1,-60,-18,-30,19,-128,180,-75,102,45,117,-33,-95,61,-24,15,73,62,-19,25,-164,42,-10,-14,75,57,147,62,-73,23,77,32,10,11,51,-152,85,-9,50,136,-31,10,49,-10,113,17,151,202,-1,178,52,-7,-155,-25
-12,-26,-42,128,95,16,-170,26,-132,29,-80,176,-71,23,145,39,86,-30,138,122,-23,117,79,174,108,-92,13,4,63,2,57,42,116,-68,255,91,-14,-98,79,24,45,-5,-21,-73,-21,-35,159,-13,118,14,-51,-25,29,70,-21,80,-119,-5,-33,155,1,-43,163,-107,-50,31,102,-179,-71,-12,-18,110,85,-40,-36,-69,101,20,16,-89,-37,-33,126,-104,6,-72,64,91,110,101,-59,111,-28,30
-24,171,47,-5,112,85,-33,176,-59,41,27,-42,20,25,142,85,-13,57,100,158,-60,-19,80,199,-65,69,-55,-83,101,46,40,1,162,87,21,69,-30,169,204,22,69,85,84,0,-5,26,-23,85,4,3,72,116,175,5,-44,26,-39,23,47,-2,19,129,45,-104,-65,52,-43,115,5,37,71,-22,-20,-44,2,-32,117,-83,-40,59,-88,-108,37,109,39,-53,40,35,120,19,-102,54,3,89
-22,-54,15,14,61,48,46,93,125,33,9,-6,90,-40,54,69,92,-2,98,-93,-87,-28,33,161,64,-7,-64,-58,-127,116,231,178,123,13,98,40,-153,20,78,2,43,65,-1,-64,13,-49,61,-62,76,127,-7,103,-98,-15,105,110,42,169,56,11,94,-45,57,-26,5,-16,57,66,132,4,44,55,-115,88,266,109,261,11,-50,54,76,-57,62,105,-33,-69,94,-29,214,-82,-44,39,108,112
134,70,114,177,-31,21,95,55,11,94,-11,-149,-112,84,-15,51,-75,147,15,167,197,62,-1,24,123,41,52,-56,145,-11,79,-79,55,16,90,-51,0,41,90,98,-43,-74,61,204,-70,-71,22,-1,-11,-161,0,70,110,-39,74,-118,-7,105,-9,-5,240,33,222,124,49,5,188,-50,111,28,100,-24,69,48,-44,87,4,-87,-98,54,-6,97,-73,105,183,88,-10,12,18,50,-108,-44,5,60
30,129,174,-3,66,-10,34,-12,-85,86,73,90,5,-29,124,17,11,-41,200,12,-178,169,17,78,-5,68,46,116,31,149,-4,-12,67,10,-100,5,130,32,-51,-37,149,142,152,165,75,27,156,25,33,-118,-90,-31,-150,-12,-140,-58,35,0,107,-3,120,-129,76,-95,80,-3,107,73,-51,-73,21,-57,87,56,2,33,-21,28,148,-4,64,109,25,176,4,-54,101,30,-109,33,46,-77,92,78
75,107,38,38,-3,191,36,39,-110,-68,21,12,50,63,81,56,47,41,98,116,-69,152,-9,121,-239,154,106,-77,21,71,-29,64,46,-3,103,54,-41,-2,59,14,-135,109,35,-108,13,203,-119,174,49,26,-134,-84,145,68,-34,111,129,-1,-28,65,177,112,31,122,-51,-166,-54,90,31,-81,-42,111,121,-217,-89,220,49,-20,-142,-128,44,89,120,92,48,0,151,-35,-19,15,50,89,102,0
92,25,8,25,48,30,-50,107,78,60,-31,25,10,-73,180,-21,-41,35,95,-27,-96,97,101,-51,5,24,32,-78,64,-76,11,-8,34,87,74,-18,-160,-50,32,-43,192,-63,26,122,-70,28,51,97,-57,84,71,-47,33,51,117,150,95,184,19,77,23,25,-99,129,-84,-93,-17,5,56,58,-42,-9,-85,10,9,-58,-128,82,-39,-18,89,-54,39,-8,50,-124,-40,39,23,62,47,66,11,104
103,88,37,-12,33,16,111,71,-7,-50,81,108,103,3,-47,154,135,-92,44,141,104,-64,57,94,-139,-27,193,-100,-29,172,-8,90,31,-113,76,-3,-59,-38,-166,-2,-94,0,-38,15,114,33,37,35,-34,73,47,-82,88,-152,114,20,61,106,24,-100,42,79,33,35,55,95,-126,-34,68,46,-5,30,92,-109,92,-8,101,168,-2,66,73,6,52,-19,78,99,77,173,130,106,93,52,-110,79
50,-32,68,98,-15,7,-35,-15,-143,-87,-52,81,56,15,-60,52,-11,50,-25,-74,-32,-46,53,19,112,-41,43,12,-96,-107,20,30,126,14,17,-56,24,-85,-9,65,-94,-6,176,56,181,-93,10,18,50,136,49,-11,59,20,6,-112,156,-11,-36,-11,0,-64,-12,-1,14,-5,-82,-206,-121,-67,-30,44,104,-83,99,67,3,44,-30,50,3,48,-12,-146,22,29,8,-102,-24,11,120,14,-69,-14
-9,114,-17,279,-91,-113,-34,119,-64,50,3,-13,66,-119,16,-6,155,99,-34,-78,-58,156,142,97,21,153,4,54,-58,-24,151,-91,74,57,30,47,-44,1,24,-110,-1,33,68,-12,-24,68,-3,46,-21,-22,-16,-58,114,59,8,59,84,-44,-101,49,-41,17,158,-80,25,-46,-64,-1,22,-151,14,-50,-29,123,105,136,-62,-41,-63,-50,8,-54,0,-47,-46,88,48,-41,79,-61,149,115,28,42
27,-44,63,134,-122,2,125,161,-26,23,-14,96,-30,48,2,134,45,-31,56,16,0,112,80,192,71,84,71,-46,-78,37,181,96,-26,-32,107,-67,75,-32,-24,91,171,75,-27,94,-146,-79,91,56,157,109,-85,-77,-121,-82,49,-31,153,-35,-50,64,63,106,-4,-57,-127,-17,-15,-31,-48,165,98,178,-26,-41,141,166,87,67,124,-71,11,18,126,-138,70,-52,-16,37,125,103,34,-31,-11,8
-33,-31,-112,18,23,-44,-33,-68,51,22,85,-78,42,238,-8,44,78,61,57,-48,-56,79,97,36,-78,-74,-39,31,-191,26,72,61,-128,4,71,98,69,38,68,43,5,-17,37,-7,27,-35,105,46,47,34,30,-59,-33,57,-47,85,-86,-38,86,53,-83,67,5,187,36,-49,-84,-33,-64,57,41,156,139,-64,-14,27,179,253,188,-61,-59,94,-22,-143,30,38,133,-39,-156,-89,84,83,51,49
-55,43,35,66,-105,-60,12,57,44,6,-131,27,160,-51,-73,143,-21,144,103,54,110,76,67,207,58,76,-43,50,144,-78,104,91,133,-95,174,-9,-73,39,62,136,-20,-33,-65,18,23,-36,152,-10,90,-88,-41,128,2,77,111,69,10,247,48,176,109,-30,191,-15,16,9,25,19,-6,101,55,20,127,158,3,-75,-12,-14,-30,35,66,106,99,61,113,-61,39,255,16,183,67,-61,-2,43
94,8,-54,-63,157,-48,-41,-39,-79,63,-49,31,29,-25,29,73,-114,-97,80,-40,-54,65,-164,126,165,-45,-7,8,46,48,-161,-23,179,-80,73,-62,-75,-129,-23,57,-88,214,13,25,-22,75,-21,36,51,72,-39,-197,14,-51,-43,129,6,113,-43,56,-35,-168,14,53,57,-78,-19,-182,-153,50,30,22,125,35,-92,64,-96,-184,88,12,92,9,-51,35,65,41,63,81,-27,56,34,11,-25,-21
98,77,59,5,44,16,-135,44,76,8,-68,-80,109,-103,94,29,-51,-79,108,161,-33,-50,42,63,65,18,-77,-34,123,-83,89,52,-38,-3,84,-36,66,-141,116,-15,108,-5,-141,67,-24,-24,-99,58,-1,102,94,-135,88,-64,12,99,11,-45,-51,74,-80,51,-52,-27,-112,-17,-1,-113,101,15,20,-20,6,-25,7,-13,85,-144,74,-28,-44,60,58,-29,-50,30,53,11,-8,97,27,43,105,9
113,10,38,-10,130,156,96,-12,-103,9,83,29,-54,146,-178,-142,33,34,125,76,16,-15,48,34,146,135,-56,10,112,122,-31,140,19,49,-87,86,-13,62,-19,66,-252,141,116,48,37,165,-57,-25,57,-71,34,126,63,49,-50,-51,-43,172,17,-57,15,128,17,-2,69,54,83,81,20,-53,98,67,62,-168,-86,194,54,-51,-6,47,87,39,-69,43,11,-54,50,-57,-68,54,-75,55,54,-6
