12,44,-16,-36,-13,128,-135,6,78,89,-24,-14,69,-12,8,-27,-55,11,83,87,37,-12,115,62,-16,-113,-34,-82,-178,45,-63,-17,-4,188,118,7,-22,97,106,-26,3,-119,-15,-41,2,144,-36,-72,139,7,2,29,50,-68,72,-116,-97,93,-28,-133,-124,-75,-72,18,61,8,-27,-24,50,-18,223,84,1
46,-1,205,34,18,-11,76,84,128,19,-117,-143,-2,272,-86,-151,65,108,195,89,-82,143,22,27,80,34,-15,66,-5,-51,-88,72,32,208,120,-1,64,154,73,-92,105,-49,-11,120,110,32,-11,7,-24,-135,-139,126,30,166,-19,152,29,-109,71,-41,123,170,66,41,139,-6,36,-141,189,121,-16,6,150
31,92,-46,48,69,126,-39,28,71,-92,-9,4,-28,67,4,-50,9,39,72,17,-148,90,18,-120,84,-3,-57,-13,20,27,122,-84,-69,-36,32,27,67,85,63,17,89,141,-44,164,32,15,7,-91,-67,-40,89,32,59,96,-10,11,69,58,-23,22,63,61,-21,170,59,44,109,47,61,-22,36,-107,98
-89,-119,-28,-4,-5,3,6,-62,-182,19,-49,6,-1,0,96,85,-174,-67,56,44,73,39,96,-126,-27,80,-61,-51,-58,-30,-14,3,-23,88,-147,3,-87,-44,-45,-72,-138,-83,41,-40,-131,-61,-15,55,-66,88,72,18,73,-67,-2,3,-44,-28,-2,145,-152,11,136,-125,-61,135,-127,191,-69,-67,-115,-34,-44
22,13,4,43,-70,-11,38,-2,80,96,-57,-45,115,7,67,63,59,-35,108,160,55,-8,-18,-21,79,49,-2,41,-49,52,-26,-41,-33,-17,51,-48,37,31,-135,-12,-60,-53,22,16,-73,-119,45,-3,-35,16,106,-144,-96,124,5,13,71,0,27,-33,37,-69,-67,18,25,210,92,55,-34,-32,32,86,0
-41,-64,-59,-83,-55,-64,-92,14,6,10,-89,-19,26,64,123,2,128,-49,-9,-79,29,-126,-57,95,114,-8,-108,108,14,-87,-69,-62,-69,86,110,-76,-39,-10,90,59,107,-45,-44,-70,113,-79,37,4,-11,-66,-19,-12,53,6,-26,28,-104,-35,66,-58,34,103,-62,-93,35,35,-19,0,44,64,163,24,37
125,110,33,19,-63,101,-24,110,-4,54,43,132,70,-1,59,174,85,19,-88,52,-81,91,-29,117,68,-173,-7,-99,98,112,-29,-21,-42,-34,8,-86,-29,29,11,-24,97,2,32,26,115,-71,-15,36,19,57,61,-43,89,71,168,119,136,-25,88,67,-76,21,-56,63,81,59,120,12,-158,67,84,34,-98
152,25,64,-99,-46,10,12,-17,-85,-18,-19,-38,-4,67,41,64,9,102,245,125,15,-20,101,-13,-14,-218,50,-199,-48,-52,-146,56,-26,30,21,-37,8,95,27,21,79,22,-1,168,46,43,66,-27,68,-19,-11,146,-28,59,4,7,35,43,-60,-94,-67,-31,146,-10,20,-111,116,-28,-38,-50,-23,64,85
-4,2,16,-62,85,-52,53,-3,40,-38,-80,-27,48,46,-39,-180,16,-9,96,-32,-51,28,44,6,97,28,18,28,113,62,-76,94,-82,52,-18,60,-31,-98,36,112,0,67,10,26,116,138,-63,-19,-16,22,25,100,-61,-19,-36,88,20,171,-57,-60,49,111,-3,-129,5,-41,2,121,95,-58,35,-1,66
31,-31,61,-25,141,3,136,111,39,91,127,52,19,-111,-90,-34,3,-102,-68,-95,-36,91,-99,191,-20,21,49,-94,50,82,31,-11,-72,-142,62,46,74,-20,73,141,45,-64,42,9,-72,164,-31,60,37,46,-30,63,6,53,36,100,92,54,35,-143,18,33,-86,72,-36,-67,48,158,-48,-48,103,-69,51
95,63,-103,22,129,202,-60,-9,-45,4,85,12,-11,-21,14,-20,-36,-11,16,13,60,-67,38,16,-20,74,-74,-17,-162,-152,60,40,-62,55,-75,-85,-67,142,-2,-34,-30,44,-75,163,-8,-39,-161,39,-122,-7,5,38,-59,-86,87,3,-11,46,-57,14,1,-40,47,-105,47,41,43,1,26,-22,37,-93,-24
182,-37,-176,-81,-118,128,22,66,-56,27,79,-18,35,11,-20,26,-80,32,-24,26,-84,108,110,15,83,-123,-3,-101,-98,39,-70,-34,-33,72,-81,-81,-78,-108,110,24,35,39,13,-17,65,15,-32,-148,-37,-32,141,90,72,-65,3,-117,26,102,-131,40,32,-75,-82,-9,52,7,7,-39,6,-18,111,160,52
161,-146,-41,70,133,-36,136,32,-5,25,-30,-41,66,94,68,-114,57,-17,196,189,-43,-27,42,-35,35,-4,69,-5,23,-6,-52,46,-74,10,-55,-12,30,31,64,78,-5,-19,-146,187,33,-36,7,-107,-11,-37,97,21,-16,15,110,-74,62,115,40,-5,12,14,101,39,13,86,2,-10,72,21,-94,99,-18
83,-39,-92,152,-58,-45,-65,-75,173,-41,79,-27,-6,91,35,83,-117,-37,2,1,-15,109,33,120,8,-104,-77,-66,-18,-54,-4,-108,30,78,91,-58,12,73,45,16,99,82,47,91,14,-36,-99,-41,4,30,153,36,152,17,112,-8,5,1,-94,95,0,-92,-27,201,30,-9,12,-98,14,10,140,38,96
-18,136,64,-150,-9,207,2,79,145,-63,29,25,122,155,-31,-21,-10,63,172,1,-2,62,-13,77,13,-57,68,-65,-27,-4,-18,57,-31,-4,62,181,42,6,56,6,15,86,112,122,45,57,-57,84,-42,86,0,74,70,94,26,77,32,56,24,72,0,33,112,103,30,49,146,55,34,181,-47,106,111
138,17,-38,19,22,24,-23,129,55,-84,78,82,79,-53,21,7,-36,91,-128,1,-11,278,48,88,33,-50,-5,-44,37,71,55,79,61,50,-152,46,-43,19,-64,-8,-110,1,133,27,91,97,-94,50,-28,38,-26,155,155,37,199,151,43,21,75,142,6,-2,-4,150,69,114,55,-16,-31,105,1,54,-30
149,-89,60,101,112,-160,20,16,-8,18,-97,11,4,-92,-31,-65,-65,-64,6,19,88,-25,79,-16,-76,-29,-5,97,88,-21,-99,-77,-40,-39,-86,-60,73,15,-97,74,93,83,-65,12,41,133,-52,61,-2,-35,-27,68,-31,-63,56,119,20,3,-40,-51,83,-64,-36,-231,72,-2,-14,-28,-39,-8,73,50,-45
104,-26,-64,118,101,51,-72,167,219,39,0,2,63,84,50,-42,158,-66,153,69,-30,92,-41,141,25,66,79,-58,41,60,113,79,-130,57,161,16,34,54,3,32,49,71,-13,246,-40,41,-112,11,-20,-169,83,-88,-50,-30,23,120,21,-22,190,-76,54,38,23,158,-151,-9,42,51,94,16,115,217,65
-33,120,39,-27,58,49,-41,-11,142,-29,-79,206,-41,-15,126,-6,87,31,67,40,88,-45,-53,-18,-94,-2,4,-26,22,-5,60,4,32,34,66,-9,67,-54,181,-24,-64,60,115,105,-33,16,94,-5,-67,31,43,4,-110,98,31,66,-6,95,48,-78,28,-29,33,113,86,63,99,93,54,12,165,64,150
35,-6,13,-38,157,80,47,-7,61,41,-16,-24,6,56,34,-80,6,-56,138,9,64,-122,6,-77,-101,41,-42,94,78,17,81,51,-71,-12,97,-84,46,111,13,8,154,68,-9,23,2,70,31,20,-43,62,-25,-21,-39,-18,5,21,-93,24,37,-75,40,2,-105,53,19,-35,-8,70,120,10,124,-76,65
-25,-56,13,-61,131,115,-43,59,-57,103,99,-15,-59,65,78,-68,-214,-21,-52,48,55,9,134,-61,80,107,75,-22,65,35,54,-81,42,53,0,-79,122,209,96,-21,97,-39,-57,72,-37,45,123,-97,17,83,89,90,-23,13,-33,-1,94,106,-92,-23,-88,20,29,58,48,102,71,26,-41,48,95,-86,1
45,-88,134,22,78,41,22,29,21,-80,-31,-62,11,-7,-95,2,-1,-64,92,205,-61,32,-93,76,-74,51,31,-120,30,38,98,-13,-52,151,44,167,-43,40,-29,48,-154,-146,71,208,-19,207,36,82,60,8,-71,31,-27,130,2,25,-37,38,84,2,-103,28,171,91,80,-21,65,47,-94,-104,-23,-6,52
-38,44,137,-210,34,138,73,130,45,49,-44,20,-21,57,-61,-99,69,180,9,19,4,25,100,-76,-59,117,-48,-51,-10,82,8,55,-47,87,41,25,137,-139,94,41,68,44,109,19,-21,73,19,48,-24,42,109,37,115,141,39,82,98,26,91,78,14,219,28,118,32,128,46,182,115,40,10,75,-31
-14,30,-36,13,52,-39,-53,102,50,16,-14,-28,126,95,-55,11,116,-10,5,-25,77,-4,-96,113,81,12,28,76,105,28,100,31,-37,-49,70,-15,44,25,-52,-68,81,76,-19,67,104,57,36,31,111,-59,22,-138,31,4,0,-41,31,77,74,-107,80,85,-25,-34,3,26,51,12,86,59,-8,24,39
-35,32,69,-41,170,121,6,23,1,74,80,-59,40,55,68,-33,93,68,38,59,25,28,90,-131,74,49,-42,-6,-159,-96,39,35,-131,178,-58,-12,-22,137,206,-46,-36,-115,71,80,-50,203,-90,123,-4,95,-44,127,62,44,91,83,16,-54,-30,-120,-26,97,92,54,40,-16,-3,40,97,75,115,-71,24
65,86,1,74,73,-5,-68,116,15,46,50,26,48,25,56,39,83,-75,-14,-42,63,-18,-97,81,70,192,66,28,65,-42,88,81,-37,35,6,-65,14,91,27,-2,-59,-49,-22,159,-121,-21,-140,6,52,-28,94,3,23,39,114,107,92,-27,200,-16,-49,42,-54,57,57,43,53,30,65,-3,-48,16,-14
4,-67,85,10,38,-79,81,37,-11,86,118,-64,-55,9,-46,-100,28,-139,74,59,16,-79,78,24,34,18,147,48,161,1,-25,41,-30,-40,-76,111,130,-4,-176,-71,-50,18,-59,2,102,13,46,-69,98,82,44,48,101,157,52,-54,-3,153,4,74,3,50,-21,8,20,-17,-6,8,-11,54,-13,16,35
-2,6,126,71,144,102,-162,8,37,52,71,73,137,44,4,32,-12,96,41,7,84,79,49,190,74,59,-49,-9,-87,-37,-85,-35,-22,82,131,-1,-3,156,57,-24,-45,-128,-43,79,-4,48,21,-80,15,48,-39,-9,68,93,161,109,59,-6,0,57,-26,-135,-76,110,65,-46,-95,24,-110,120,7,-9,-37
67,76,0,76,78,-94,24,96,145,116,34,-37,-29,20,13,-25,92,-15,24,-50,1,-56,-96,104,43,160,-159,167,-140,101,-67,81,20,14,78,17,47,106,84,102,-66,-11,-49,147,36,13,-135,77,-42,-5,33,60,32,69,13,145,41,95,47,-88,27,-50,-40,-83,-48,-59,98,-46,96,39,48,-49,60
-6,41,-1,-124,-96,117,-11,26,68,-83,-187,16,83,66,69,57,146,135,222,-6,-21,102,65,-111,35,34,7,-86,-56,57,88,4,-68,-7,79,236,-10,-94,32,27,-20,88,96,6,-19,-8,75,53,101,-108,100,32,141,132,-59,101,20,74,74,4,-32,103,173,71,143,106,109,110,78,-19,29,26,-53
38,28,-45,-45,26,42,15,-47,25,-89,-65,10,54,-6,39,53,104,11,13,-30,-71,52,-7,94,-1,83,28,-67,57,-32,55,-8,13,115,-95,208,-12,-3,-16,50,-62,-11,-23,-29,-18,25,-18,87,103,-37,-53,41,113,22,38,-8,4,-74,64,-47,-41,75,172,91,66,8,57,20,-54,130,35,-58,-99
-31,21,125,108,-25,33,73,154,62,195,-22,65,-4,-35,24,-16,-24,-78,43,46,102,-46,-91,-73,-99,-10,58,-9,-2,97,102,-65,-71,4,108,3,51,-13,48,-30,-2,-40,98,39,-50,-20,22,37,67,-76,-47,96,-49,2,-45,75,169,93,136,-51,-144,105,10,60,34,15,73,49,-44,-57,42,55,-11
-104,74,21,-4,-55,-75,-157,-29,91,11,52,136,56,30,144,29,54,2,-78,-88,83,-81,73,178,89,-13,-49,55,-10,-76,-88,-38,11,-63,54,91,49,-45,170,25,-35,-37,-43,94,101,2,-85,106,-55,100,5,7,6,-15,54,-7,4,54,-4,-89,45,1,-23,-82,-102,-36,66,67,9,7,96,95,-28
68,127,62,-7,99,-19,-25,65,-10,1,51,-8,-20,112,24,5,54,69,78,57,-71,68,47,94,34,-66,14,85,11,88,-32,118,27,15,190,65,24,108,23,-4,60,28,-66,165,166,17,88,-12,91,91,-36,16,-51,48,40,61,29,140,-8,-93,93,-39,11,2,-53,17,60,38,-43,-80,-16,95,49
-9,-27,54,-30,103,176,128,26,10,142,84,-50,-23,174,-38,63,102,95,-2,70,58,31,49,-83,3,14,-18,-68,-58,-1,6,82,-52,112,-46,-41,174,85,81,-55,121,-56,-7,107,-153,-19,28,-17,26,127,92,22,124,68,-138,-95,18,-9,30,-35,69,14,7,32,-45,107,24,-15,78,-7,-5,7,1
59,15,-6,-27,7,111,-79,90,121,-9,23,78,156,-100,35,-3,40,56,-80,6,46,124,-46,19,-14,43,-6,-23,-79,51,125,59,-25,52,83,-35,-92,-55,70,39,57,-21,121,48,-51,101,-30,27,-6,-46,63,29,21,4,41,15,85,-7,84,72,-26,12,-67,22,7,-47,56,-8,107,-31,71,238,-65
95,137,20,-17,-22,24,29,84,113,65,5,-38,61,125,79,-38,142,48,93,10,-5,-4,15,-16,204,-7,-108,55,-83,58,-91,7,-75,66,29,-35,-1,16,62,22,31,62,-96,38,155,-52,-72,41,-7,-29,153,-9,49,-17,59,17,-7,126,-8,-108,105,-48,-73,-5,-64,-6,166,-63,97,52,153,97,115
14,-38,-5,4,-101,138,75,121,112,18,39,36,-5,67,-99,-65,42,40,-43,112,56,115,15,-178,74,70,-14,-57,12,87,126,-6,-33,8,58,-18,44,-161,25,166,-57,38,155,51,-19,122,-29,-145,22,24,84,17,-5,66,-43,55,9,142,86,78,-33,68,-78,117,112,97,84,-7,47,-83,-5,42,-14
96,41,11,18,74,40,28,13,103,39,131,58,41,-92,114,-42,-100,-145,-89,47,-29,-45,-38,45,30,-95,197,-75,134,-4,167,31,-90,-50,6,-147,-71,86,23,-55,188,36,-26,158,-63,16,-48,-105,-58,92,61,85,-17,-97,71,-29,85,5,63,-3,-86,13,-162,1,11,-15,-29,50,27,-60,66,31,-7
-91,-42,-35,-84,68,-23,10,-87,14,31,126,1,22,208,-25,16,-45,80,47,-77,11,-59,-19,79,3,-32,-12,34,-92,-16,-38,106,-46,38,-16,94,-44,-91,73,59,-16,-33,2,2,44,-36,-110,-20,18,2,-62,-31,-18,115,-43,65,-47,29,21,32,26,77,18,54,-32,-16,-140,148,32,-20,-30,-6,27
2,-32,-117,-69,-10,38,-102,89,57,-50,52,-30,-28,-11,-88,29,-6,27,-49,-118,-39,-12,-84,12,25,-28,-74,78,30,-29,35,-11,96,22,80,-48,69,-45,4,-28,7,47,25,30,93,-14,20,-109,-13,-39,41,27,30,36,-79,-29,-48,69,-73,19,13,28,-43,117,73,-9,73,-130,-17,-53,65,-8,141
69,43,36,-4,-2,148,32,33,169,-2,1,-71,-37,22,-118,-33,16,9,-25,21,62,91,4,-64,31,50,-3,-64,-34,81,9,-117,120,41,33,-7,138,-10,26,33,-12,-3,117,-44,-104,72,79,-59,7,-45,23,117,65,76,14,-36,7,117,64,-5,55,-43,-145,235,30,18,65,-36,131,-52,53,54,110
-7,18,28,88,63,119,65,-99,163,-29,76,-11,82,86,-104,-2,-19,-16,93,-21,93,17,45,39,-47,-50,116,-9,-58,-22,-44,26,-121,69,4,19,-43,21,71,121,110,37,34,41,-49,23,-122,29,12,-85,41,7,-2,110,98,22,13,18,-7,64,106,7,-23,80,88,75,65,-29,100,2,166,120,105
-97,-9,34,-58,2,-16,-65,47,47,-47,57,62,-5,-77,47,-12,101,60,-60,33,-50,20,61,215,15,-51,184,-79,-23,-54,31,84,62,-115,1,127,11,-54,-97,-105,-78,-105,-31,-70,-33,33,91,209,-14,73,-230,45,59,-39,-1,16,2,-83,102,79,-63,54,101,39,-137,44,-40,-9,-119,164,1,183,-76
48,-61,2,80,64,42,26,2,34,-98,94,-53,-7,40,114,-49,17,8,37,3,118,-29,117,12,28,-13,-25,20,23,-52,13,29,13,77,-64,-11,-60,85,48,-20,-32,32,56,115,108,38,-22,-58,-108,27,-71,85,-30,-41,-16,26,-70,93,-23,-36,96,-50,5,39,-6,-41,46,-60,15,45,55,-14,37
-34,64,57,-61,39,-99,31,-62,80,-55,-95,36,14,65,67,-104,-3,-56,98,-127,80,-46,85,43,117,-43,63,51,56,-62,-122,-10,-88,-84,23,3,35,-10,-17,156,24,-49,-60,-25,158,-91,-16,-28,112,16,81,21,44,83,247,31,99,109,-24,-6,84,42,-40,124,93,84,-57,35,33,112,12,57,-21
2,-60,-54,32,-66,-16,37,-39,-59,-110,-17,-18,-48,54,-119,-57,-44,110,27,165,-138,102,69,-24,88,8,-10,-68,-27,25,-38,47,57,30,-6,48,43,-84,-61,27,-24,55,-114,-32,-43,-9,-41,-128,23,-22,72,-50,-7,32,52,-16,-49,27,-35,76,-2,-87,76,80,-12,123,-5,-12,46,-44,-95,11,-16
-6,27,78,133,91,29,-38,-112,27,109,-25,-66,102,56,-13,-12,62,-70,48,65,17,-63,-48,43,40,38,-42,43,68,-89,-43,-15,-61,94,95,-63,45,169,-69,-133,25,-153,-49,24,16,-116,-3,33,-78,97,-3,-29,-156,-4,149,-35,200,-30,-100,-60,-7,10,-30,102,-1,54,35,86,17,-128,49,-27,-22
43,53,82,29,27,35,-34,74,62,69,108,-54,18,82,3,28,64,-5,41,45,39,16,-56,90,-42,47,-27,-46,-133,33,-92,146,83,26,121,4,-54,211,33,-81,31,-63,48,98,-20,63,-48,160,111,57,88,-46,8,-54,97,36,26,48,29,-57,-34,-8,3,60,-70,40,17,-45,129,-22,-62,44,133
43,9,68,100,81,134,-6,98,-20,39,149,-7,-81,-14,-12,25,-88,14,-64,222,70,85,77,-31,55,-24,82,-84,37,6,70,-27,23,88,-87,122,28,74,-75,-47,-93,6,-76,1,76,73,-96,-43,7,125,7,7,-65,64,21,-52,-16,75,-33,-33,9,-28,-74,-40,-17,-20,107,29,-47,-40,119,7,-180
29,-1,12,-83,30,52,-48,-25,-57,-58,-6,-94,75,104,-32,84,-162,85,79,-11,30,125,15,74,-47,97,-84,-38,-77,8,48,37,12,-35,-47,58,-78,78,-105,169,4,87,88,-25,60,16,-140,59,-12,60,38,-143,19,40,53,68,-45,69,-65,6,26,-37,22,54,-16,11,16,51,-30,-46,-80,-38,-119
28,89,87,-21,159,-150,92,81,158,-127,-103,9,-26,-69,5,-84,80,120,74,-37,-62,48,122,-16,33,39,12,45,105,103,-95,29,126,42,15,-66,148,43,124,73,79,176,5,179,-41,93,69,-98,-14,-56,-2,101,70,147,100,78,64,55,28,-158,46,-10,38,69,30,-5,114,1,149,137,28,-22,75
-96,65,144,49,94,42,-93,-26,164,-30,166,-2,67,99,-45,34,39,103,-38,-33,3,13,44,120,38,-142,41,-81,-89,35,-49,-4,102,71,82,100,-6,191,136,33,107,-79,-72,133,95,82,-41,77,50,57,31,22,34,169,92,-29,38,60,7,-21,16,-46,-52,162,47,9,165,-43,150,84,113,65,111
19,59,1,30,41,86,-28,170,66,56,-94,6,2,-139,87,64,0,-126,39,59,182,-19,-8,-47,-62,15,33,35,64,-32,23,53,-46,-6,-27,-99,47,36,-139,-157,-52,80,58,46,-23,60,27,253,-30,-17,-51,1,63,-120,-56,37,12,-52,89,20,-12,-29,-5,14,-52,64,66,-32,-10,7,-37,160,56
2,54,82,-11,93,66,-28,83,-59,47,153,45,-5,8,19,-3,40,-71,-11,85,-50,-64,3,167,37,27,-48,19,15,1,-97,-45,36,-82,-38,-9,96,181,-25,11,-52,-16,-29,154,82,15,-103,130,-85,108,62,-68,-25,94,169,50,-64,163,-41,22,-9,-20,-54,54,-29,129,105,66,-101,-9,49,10,129
43,95,99,80,12,182,-62,24,65,-54,56,13,-15,35,75,24,-1,-41,15,49,30,107,52,131,200,47,118,12,-15,82,14,-29,6,8,26,-15,-28,96,48,-53,-11,-108,-36,136,-73,17,44,-58,-70,-5,-10,115,37,123,94,189,128,-38,26,108,52,-87,-70,114,-26,41,-34,84,-30,-2,-124,98,177
55,-69,10,-6,-49,186,22,25,36,48,56,-30,177,-94,-88,-3,84,132,92,-41,44,50,41,3,32,74,8,-100,-32,89,55,120,-13,-4,19,58,124,-62,-16,65,-2,60,10,18,-82,156,46,-69,92,-119,54,-33,131,-16,-47,-86,62,66,-13,-2,13,8,-31,-62,-161,-49,20,96,115,-152,76,53,1
32,-8,117,-17,82,106,132,-53,-12,-79,43,2,26,43,-78,3,-18,18,95,4,74,101,-41,23,-80,22,-4,-106,-90,8,19,80,54,20,-55,45,-66,45,59,166,16,93,86,-44,-70,143,44,-11,-45,-65,-84,18,-7,59,-8,85,-3,53,27,-6,51,18,52,-107,-32,-38,135,61,58,-28,65,67,80
44,-19,-111,-198,-115,69,102,25,-15,71,-5,-78,-8,-18,-17,103,124,-11,-35,-19,-81,-24,-142,80,65,-91,-45,-40,-81,33,29,-11,14,122,5,-72,5,-59,113,-4,-42,-41,53,-81,81,-69,56,57,-2,19,78,133,64,110,69,-15,63,93,31,-69,-18,26,1,66,84,40,96,-38,54,-19,-49,84,-83
-3,-58,27,-91,52,67,72,-6,1,51,70,125,33,16,-49,-48,146,20,96,53,-26,-6,230,-25,14,-103,34,4,0,-33,-58,34,-205,35,-15,70,25,-111,119,43,18,8,78,166,-17,68,-16,-17,-81,46,30,211,132,129,22,-33,-78,55,88,47,19,-1,21,94,-29,-74,-42,98,-9,-14,-70,128,-98
-1,92,67,-26,128,22,4,-59,2,27,-39,57,-15,61,10,-108,-17,-79,61,-34,-19,-65,101,-1,42,12,104,135,10,19,15,-87,14,3,20,-10,-17,118,-63,-69,142,14,-137,28,104,-74,62,0,-56,-49,45,102,3,34,129,-5,136,121,-66,-1,11,14,17,-2,92,81,11,42,126,3,79,46,91
-120,56,57,-7,27,47,84,90,10,-20,115,49,-21,-96,-11,-4,82,4,-62,-10,-42,137,-177,8,-34,35,19,-17,0,5,202,107,-15,8,8,122,14,-69,4,-66,-108,97,159,79,51,117,-36,45,-95,53,-115,36,-26,162,-53,39,44,109,73,16,81,79,-66,-4,-57,-126,-22,208,123,17,-18,52,-10
28,72,48,1,13,-115,121,94,32,-12,23,76,16,-55,-128,-85,161,29,104,89,-158,-49,18,-22,-62,-131,88,33,86,63,38,77,-68,-100,59,119,6,-83,-71,-62,-51,85,48,35,34,-7,37,10,51,33,-159,73,-85,56,-5,-9,19,22,221,-61,27,-26,-3,-80,27,-17,89,18,-21,46,45,30,7
-166,82,40,1,27,-46,4,-14,121,-66,-30,-16,1,73,54,-8,-74,38,-75,8,22,-45,-81,119,62,219,-52,10,25,52,0,18,57,26,151,117,31,62,91,130,-8,-106,-83,29,-12,-76,-13,3,-79,86,32,-122,-133,118,30,-34,126,-31,-24,-76,85,31,-53,115,12,164,134,141,34,21,44,15,-29
53,-72,198,8,94,18,201,-22,130,59,69,-68,91,82,-52,42,42,-100,174,-42,24,30,20,63,-76,-112,-21,-52,-46,102,-192,41,-13,-22,28,18,-8,146,182,151,116,-28,102,108,-54,-2,48,22,-4,-55,79,8,131,197,68,23,62,77,115,-24,26,-8,28,76,-58,-45,94,46,115,31,-3,33,135
-54,96,172,-22,99,23,34,-29,13,0,106,17,-4,116,-99,-23,-5,-31,123,67,1,83,24,116,17,45,59,-13,-36,8,-97,34,42,-41,78,125,81,130,22,19,32,27,-75,116,32,146,49,145,138,51,142,-64,-18,214,77,-1,21,206,23,-31,37,22,-20,105,69,42,183,97,125,-22,28,11,179
86,78,114,-25,146,38,-89,39,3,22,82,3,71,63,106,-53,108,45,38,44,-101,-15,28,12,106,25,99,121,18,49,-15,-99,-80,52,135,138,53,112,69,7,88,-55,-44,163,68,92,81,-39,65,136,-31,109,49,12,108,139,54,-19,-23,-74,23,-9,85,4,0,-20,52,-6,-45,114,113,127,52
-1,25,49,78,62,-11,-7,-55,46,-78,-47,-29,18,-9,179,-50,-8,78,-63,-22,22,82,-12,43,-8,53,-30,-4,13,134,-8,115,-31,71,-8,5,7,63,20,11,118,-4,-165,85,36,64,-10,-26,-18,-8,-51,-39,-82,59,76,93,192,69,-18,-28,97,35,-86,81,-75,36,33,156,156,-59,7,91,-62
33,-44,3,-105,21,87,18,-4,-13,-64,-89,13,78,-97,44,-112,7,-33,-1,-60,-33,52,45,-173,-40,-80,6,-53,60,-76,-18,5,-118,66,-52,6,18,-75,47,-13,45,28,100,44,-71,104,39,31,19,35,41,116,51,-37,-60,40,49,31,-19,55,-49,122,138,-66,139,64,89,55,46,-39,105,-25,70
103,-22,-24,16,43,150,-2,156,95,-82,9,37,39,-52,49,-85,86,-29,-76,7,52,30,45,-19,163,62,60,-43,49,100,179,-74,33,56,79,-23,-13,-50,39,-41,-26,-100,-77,92,-24,84,118,-19,-27,-28,69,136,26,-56,55,-85,68,18,131,65,17,-56,51,-13,-83,46,42,90,56,101,143,116,55
86,-32,109,-66,106,176,33,130,37,-11,51,105,7,23,-52,-72,194,-20,67,48,13,-21,56,14,28,-28,-34,-41,107,-46,99,62,-50,114,-14,-53,20,115,61,33,29,101,102,228,3,73,25,-1,-10,29,48,57,43,52,109,-69,31,155,47,28,23,10,5,99,-72,-39,95,30,70,56,160,56,131
189,-43,21,-77,93,90,-4,102,92,79,-85,11,-11,-36,49,-122,101,29,131,193,17,-26,41,43,-23,106,-124,-79,-93,62,-181,-67,23,185,146,-80,59,1,44,-27,14,-37,71,178,29,69,77,41,-9,-24,116,34,-64,44,49,69,85,137,83,-94,-30,89,55,69,55,49,127,86,77,31,96,147,20
198,-1,0,-157,95,162,-38,157,27,21,-18,-50,69,43,-32,44,41,-48,27,53,-10,66,-132,2,56,-81,63,-39,-26,-7,136,-23,36,160,-121,12,-50,46,41,-113,-26,-42,80,-13,-6,75,148,-54,38,-1,-13,142,83,19,-26,-2,-4,75,134,-61,-48,10,46,-50,127,66,65,-116,11,132,72,-74,69
