-40,117,200,30,143,-110,-40,184,135,135,12,166,99,31,-159,229,-37,4,-58,-45,-55,-66,67,-66,58,-33,88,-130,-29,80,-129,-74,-38,-10,-50,51,-121,-23,11,2,-216,-87,90,-106,154,68,-25,78,27,16,-67,-8,-140,-106,-66,-32,-17,4,5,212,50,17,-67,-79,133,48,3,124,57,72,-59,34,242,92,35,-47,-40,137,-86,59,98,-19,58,142,-41,18,83,74,-13,83,136,-129,80,95,1,-49,68,54,1,69,42,6,43,-73,-56,86,25,67,-11,10,-57,84
56,185,157,126,122,-95,177,-44,-8,116,150,126,145,83,116,-3,-25,0,55,144,-167,118,39,70,94,65,-39,-1,73,64,185,-15,-54,90,-74,153,-36,30,119,29,-19,-36,46,-92,97,24,-12,66,40,-73,180,46,-74,-7,158,-22,-64,137,51,70,-137,85,29,-56,5,-72,-14,58,-59,-65,89,-143,74,-5,-42,104,-77,83,-69,52,79,197,191,35,156,-30,25,72,113,107,94,39,102,-26,-88,45,291,-21,-29,-10,13,-27,92,145,2,158,70,-56,31,95,61,-49
14,87,-46,148,-39,139,18,-33,53,-78,-31,24,-16,1,62,90,64,-134,16,53,-39,184,-35,-22,121,-22,87,-105,29,-36,-114,207,-71,-44,-9,-162,65,8,6,79,-6,-19,32,97,-2,119,19,-102,8,140,-77,-165,80,68,28,188,-4,23,54,7,42,14,52,-20,-61,-50,-78,-36,137,18,41,42,-108,-49,206,111,68,-141,84,15,-120,20,26,3,41,132,79,99,-118,14,-45,24,32,-131,53,82,22,-109,6,87,-144,5,85,-6,-120,-2,-23,-199,13,37,-9,73
113,44,-34,190,-6,33,51,-28,-186,58,-52,-9,40,-15,102,-86,33,32,148,23,142,-6,-18,69,-25,293,22,165,164,-37,115,-19,51,-21,58,171,39,-91,30,-11,-182,79,1,-38,106,125,26,211,-81,112,68,112,176,83,-12,180,68,-32,77,35,-80,91,27,83,133,-64,-12,71,65,161,42,-138,48,34,-12,-143,71,61,120,149,-37,-35,79,-72,80,29,99,66,85,84,50,134,9,-97,35,56,119,-92,91,-194,-31,63,-85,82,-5,89,113,-10,-44,3,-22,-134
-4,156,96,153,87,-31,34,-128,-130,68,53,146,74,-46,-10,13,-110,-14,-43,-14,59,104,96,-13,181,88,74,-31,156,-93,-37,122,84,-63,-39,24,-118,-71,33,-65,14,37,135,93,41,-94,132,20,-154,95,51,-28,-56,39,-32,-3,148,-173,0,-6,-103,20,30,55,69,-120,167,150,94,9,-14,-140,42,51,116,121,33,54,-14,61,-103,28,80,72,60,-69,182,145,1,24,167,-83,50,35,22,118,123,58,-160,-211,-58,-65,124,26,98,-112,84,-140,93,101,-180,-111
54,48,61,226,-39,41,233,-94,15,-64,-35,-14,-10,-80,102,50,138,34,56,46,-31,83,38,-74,47,231,215,59,-24,65,96,55,-140,6,62,36,-106,-41,8,123,-34,71,216,37,273,40,-65,131,4,71,-14,-1,-49,82,95,193,21,-97,129,69,-51,113,134,-39,38,74,-83,33,182,65,69,-51,28,-21,-58,111,81,-73,-28,137,-6,-62,5,18,-32,227,-6,136,70,-67,30,184,68,51,5,118,-24,36,125,43,-61,-14,188,17,14,63,-44,-143,1,78,196,-19
-21,24,37,85,12,85,80,2,-87,16,-36,111,33,2,-71,114,7,24,155,9,158,22,50,56,-37,198,166,105,1,150,91,9,-43,123,136,212,38,-25,-41,131,-43,-62,47,-107,97,120,96,67,-97,38,72,117,-14,-34,29,7,-141,-68,63,108,17,161,17,-21,-38,87,-74,112,73,-25,141,56,57,80,-65,-108,139,-133,-116,-14,-12,72,156,-29,-103,80,20,16,18,-79,25,122,211,30,-34,-34,198,61,113,-76,117,3,78,-29,29,92,-14,-110,-14,185,85,-95
124,-98,-79,171,-96,173,-65,9,-15,64,3,-11,126,191,-39,70,-103,63,-15,-39,35,-103,-62,-72,15,65,40,64,21,-84,34,-112,-106,85,-5,154,-64,-32,187,-34,-12,-50,112,60,-71,149,43,161,-43,87,56,-6,41,15,65,31,39,77,102,-24,83,-82,-18,55,169,88,4,-4,-16,193,204,176,69,83,128,-62,-115,31,44,181,-11,-27,-56,-5,-38,231,128,-48,-12,93,-25,2,-68,65,25,-23,59,75,44,-57,-90,-60,106,10,62,-57,118,16,-87,-11,-150,103
98,-46,128,-6,19,-211,30,29,-1,6,-117,22,-61,-224,11,-4,70,205,-22,267,-11,169,-22,-47,-47,-15,33,-87,-111,51,73,58,-76,-15,53,27,21,43,-52,125,78,31,88,91,120,-216,-153,-138,105,-1,-67,-28,32,-45,14,-21,33,-23,-70,46,-16,205,83,53,-12,-152,-168,-90,48,-17,51,-52,-23,-60,44,165,10,83,6,-23,-3,-39,-95,2,9,-27,-120,-121,-99,-43,130,-4,54,-66,172,-12,-52,-60,-142,-16,118,124,-79,21,178,149,74,-117,26,-28,60,49
66,38,-33,-61,70,-68,97,-19,57,107,26,-44,142,-52,8,-112,155,134,30,11,116,17,67,121,54,221,-93,119,45,-4,70,-41,73,-52,-33,195,85,-41,22,4,107,64,21,129,132,-203,-29,41,-63,90,212,0,44,-99,-68,-21,51,172,123,-153,130,175,242,-13,-26,-43,-53,-3,96,-12,13,135,-106,-98,-132,39,74,6,-48,-62,58,-2,-89,80,11,-46,62,-7,-34,-114,32,44,40,-84,51,-20,65,-5,-25,88,57,148,25,18,83,96,-9,-89,38,-93,-126,78
89,39,125,110,197,160,175,10,9,16,-70,52,104,98,151,43,69,114,-14,-92,-54,53,60,-76,97,147,94,-53,155,16,117,-207,-8,-77,-193,76,-82,58,-12,121,115,-54,92,37,164,77,31,5,-83,71,279,-53,18,51,78,170,68,-79,190,184,-5,-85,178,110,-118,-29,69,76,-55,2,111,-101,34,-87,49,87,95,-28,-65,99,-95,-44,-116,-46,166,-15,51,106,100,-18,18,81,-38,60,-25,-32,177,77,-65,-14,-116,-15,49,-37,85,57,-8,-90,64,34,20,-35
62,-82,65,65,48,67,64,-46,109,42,-58,8,12,13,22,73,-28,-16,53,-130,39,11,64,-72,-116,-23,8,79,189,118,79,-20,38,36,-90,81,123,-31,150,57,164,71,-28,-124,-99,-108,146,75,32,78,-100,125,37,80,92,193,119,54,38,1,-3,-16,-13,123,-28,-5,98,12,-16,59,-15,244,-37,15,158,-20,-43,27,36,166,33,-74,0,-6,-42,75,-32,-23,7,50,-116,-16,97,38,-96,-146,104,16,30,133,125,20,-27,-25,181,1,173,241,6,120,-40,32
125,-44,-63,-1,124,156,130,90,7,-79,-81,61,-75,81,53,32,-45,-40,43,-91,59,112,130,-48,-35,109,69,88,123,31,33,-84,148,127,-89,171,-53,112,87,-69,89,-33,-35,-2,47,-201,59,3,-89,-1,-6,80,-122,31,-20,91,114,-109,48,13,-152,85,35,62,11,133,54,61,-85,-15,24,147,169,-31,32,50,-212,29,1,130,45,132,-101,142,-62,103,-38,164,-53,29,111,-5,25,63,29,51,129,145,-164,-108,8,139,-98,25,70,-73,70,26,-74,26,27,140
-30,15,22,187,-48,87,100,31,155,151,201,14,75,140,38,30,123,150,134,65,17,-117,38,-75,50,80,78,89,96,111,162,-66,18,-39,31,129,77,153,53,-5,-39,-135,98,60,200,25,-47,-34,214,11,-44,140,-38,134,293,154,-51,45,32,110,-71,65,195,122,17,83,75,83,50,2,108,-80,59,252,-46,-16,56,92,-58,-56,231,52,6,91,62,123,-12,181,-4,120,141,-10,59,-76,-11,-70,79,34,-14,111,-7,-110,-70,1,38,196,221,-7,23,76,23,63
85,192,62,189,189,242,57,180,-77,137,125,-31,165,149,83,94,19,58,-61,23,-117,90,-16,-6,124,120,92,-76,-76,220,172,-33,95,-123,25,146,-103,202,154,76,-83,7,151,14,111,252,106,79,-77,130,-33,44,31,88,161,48,20,22,167,107,165,84,29,66,18,38,144,89,160,60,108,-145,-15,-11,34,52,113,10,11,-113,-45,28,43,-13,86,134,95,236,20,123,91,-7,-3,13,193,-51,120,135,247,102,71,101,-2,67,34,58,62,-21,204,-37,-12,188
97,131,27,173,49,15,57,35,45,13,66,179,194,-28,78,37,13,53,137,161,-72,15,105,94,13,62,-152,57,4,-6,173,58,-15,85,162,22,-57,84,44,97,63,80,164,-72,229,264,98,268,124,93,-22,84,-8,173,190,111,47,231,-71,128,78,84,80,114,14,128,-41,9,141,158,-7,-75,70,11,131,45,-40,46,96,-24,54,63,139,-3,84,119,-20,89,146,-40,79,57,74,172,-39,84,-108,73,176,152,84,17,-2,208,122,199,-64,129,35,-99,150,93
48,212,53,173,-5,121,186,-36,117,59,63,19,181,158,93,7,34,95,61,95,129,92,-98,56,79,6,-102,94,34,-112,-163,-29,7,-54,-7,75,-47,117,-11,15,-60,-99,111,26,128,18,-136,200,-88,108,210,-120,31,76,-48,263,22,84,90,-37,62,8,54,1,-106,-64,-32,68,105,-23,52,-41,-15,-70,58,37,-152,-150,35,102,195,27,177,161,40,85,61,170,-30,-5,-159,130,132,39,121,-31,-78,34,62,120,-108,-26,-29,-13,-5,73,-82,-242,-48,-144,7,-7
-88,199,-72,22,-61,46,64,-208,149,29,5,-86,23,76,131,51,151,48,-56,29,53,12,88,-120,54,112,28,98,56,59,208,36,72,99,-55,124,-21,93,43,-110,-116,154,-70,114,160,169,109,143,-98,160,169,-8,6,35,204,70,83,50,115,173,-58,128,56,77,-52,169,-101,26,59,168,33,48,-11,120,-1,-134,99,186,67,-25,-55,-148,-96,-12,41,35,67,14,230,-38,234,168,28,-102,98,-185,136,75,14,24,15,-92,-35,121,238,24,115,95,172,16,21,5
123,67,49,101,97,145,153,128,217,-65,-3,-73,144,226,179,-7,124,-92,47,-46,-63,139,132,-30,57,22,72,-8,38,28,177,98,131,169,7,105,99,222,14,-30,130,90,20,-11,-16,61,-29,50,-82,198,154,12,-57,85,26,-36,121,-76,19,76,10,4,30,36,-137,8,83,73,38,-165,42,48,-163,47,131,33,13,26,41,-165,69,58,41,157,-29,-24,92,169,171,67,37,-28,76,-49,71,50,38,167,-29,-79,-7,65,-77,65,97,172,-51,32,37,-13,-153,95
-15,184,-11,129,14,181,137,20,96,56,-44,128,-7,-19,-136,-69,173,20,132,-27,-156,68,68,62,84,119,-17,-21,28,58,-105,159,-6,36,-26,-13,-49,-179,-7,111,17,114,165,13,86,122,-25,86,141,72,81,71,-47,-5,119,23,134,-2,62,120,41,-30,16,84,-121,-48,93,62,8,26,-56,32,84,-48,-33,244,-72,1,41,111,-36,102,-10,-46,-25,14,19,104,-50,6,100,88,90,96,-38,48,17,84,-117,88,105,80,0,-52,-67,18,163,-2,-7,125,62,112
32,209,31,-56,-85,63,-38,60,91,-20,140,151,80,-98,25,-51,-85,-18,118,95,-26,-158,92,45,-66,57,-65,-215,-88,68,137,128,71,-13,140,23,-65,-40,78,35,4,-132,103,38,36,-116,-35,171,25,64,-13,-53,-70,6,-21,92,144,14,32,158,10,114,4,136,-69,-63,75,106,-13,53,6,5,24,229,-3,-36,35,16,-171,-126,48,103,298,104,1,-233,-5,18,-9,15,68,5,69,48,32,10,-35,-20,111,-104,115,-35,-109,-24,89,145,1,16,-68,18,-94,122
56,18,-69,273,231,-45,214,-115,-49,-29,39,33,153,213,-19,20,73,85,155,111,191,-35,100,73,153,7,19,9,167,85,137,155,-131,-86,-42,218,279,-55,111,-9,54,-25,53,-160,102,-20,94,25,-138,104,-42,95,62,15,-53,-5,49,31,129,-57,-36,-2,54,2,-99,-49,-52,187,165,7,83,-2,-48,109,75,4,102,97,-25,48,-106,128,181,150,-34,114,10,173,91,14,112,122,86,-7,8,141,78,-23,179,0,-233,-96,35,163,101,78,-41,149,11,-34,-78,-100
181,213,21,-40,-16,79,84,-66,64,45,-57,161,258,29,-65,62,-32,181,25,-145,87,-142,21,6,3,-48,-84,-85,120,-80,54,105,-31,-33,-90,167,-147,-137,15,78,157,161,-6,-23,-2,-169,113,58,-38,-46,9,-57,168,82,-131,82,69,-92,-97,43,91,39,215,5,-1,47,-124,-14,-27,-61,27,126,189,-87,-49,135,-102,60,-39,-73,135,15,80,4,-2,-47,6,58,-6,-52,58,96,-19,6,-29,-119,-52,64,-80,-13,119,55,44,82,133,-8,-4,115,238,171,5,-123
-134,217,46,-20,34,41,-7,-39,14,161,-152,56,168,144,164,-37,100,-25,-69,134,162,-33,67,-5,99,35,65,108,156,-241,-68,-74,213,-53,53,94,-50,47,102,-11,98,-20,129,9,103,56,-15,99,30,114,147,-240,49,12,-167,26,84,94,12,-83,83,50,108,-9,49,-118,-124,200,111,227,-10,45,46,-7,61,83,37,4,56,124,-2,-30,55,163,140,96,62,-160,120,-80,13,-11,135,-36,171,-39,-63,-41,-16,-9,-39,163,-110,148,79,233,-18,63,10,-14,117,72
20,34,13,31,-137,71,53,23,50,21,3,77,40,164,159,135,33,106,140,183,-1,10,141,129,-114,72,-166,-103,-28,30,-171,120,55,141,-47,-125,30,33,86,-104,54,-96,160,-58,63,46,181,22,-13,-144,-8,41,-68,-9,216,-144,-84,5,134,9,62,-48,-2,-56,8,102,-48,-26,239,23,-12,72,-84,140,11,-65,16,-3,41,-5,102,-13,-18,84,31,125,29,-22,172,28,10,47,77,-20,-75,27,53,125,72,-48,56,-93,138,-39,100,65,-3,172,-16,-26,66,76
34,-64,48,176,48,-39,131,-81,130,71,36,26,197,131,-38,4,-39,22,163,-43,119,5,69,-6,175,-39,14,124,-53,62,48,-16,-84,178,36,4,-23,9,92,133,158,83,25,-63,185,12,189,145,159,19,-48,99,59,106,76,82,-90,208,-35,87,78,57,36,76,105,33,58,43,53,-2,-57,-28,19,152,141,-13,-69,183,168,54,48,-84,-85,-38,-113,103,64,117,89,-8,224,-41,-39,23,-106,-53,13,-27,69,41,-40,-50,12,152,172,-131,31,89,151,206,66,5
32,107,-57,-22,-69,93,105,51,85,-20,115,81,166,134,28,48,-8,-57,146,32,20,-20,82,192,24,41,-89,-36,-41,1,150,136,-15,72,95,-11,74,-100,33,46,84,-33,157,-111,171,198,-25,86,59,-20,35,137,27,61,34,-46,14,27,-31,-41,-3,0,84,-74,42,111,118,40,20,-68,-20,-105,52,104,-136,20,60,127,-91,-146,-23,106,80,133,108,15,68,129,72,126,87,-118,65,-62,-58,153,87,67,-27,-122,-34,73,89,141,-29,148,-86,12,15,-28,-108,109
131,239,92,131,-16,155,131,75,102,149,-26,30,9,14,24,12,-99,39,63,107,-69,90,77,-105,87,94,97,-77,53,20,16,-10,61,-14,-180,173,102,126,145,-12,-61,-23,-142,-43,111,-21,59,81,-58,106,227,-2,78,154,215,157,176,-50,122,68,144,-174,79,172,-68,-1,-15,69,133,-80,129,89,-51,55,-117,-126,53,-24,-82,42,138,-22,194,62,-24,78,70,141,-25,-17,-37,110,-45,-46,155,29,107,73,-34,87,-15,-68,64,83,109,56,-27,-98,56,-44,-90,-89
-98,-90,61,44,72,77,-32,-24,11,66,11,-86,-175,33,-5,74,95,13,4,41,70,-11,92,12,4,-81,7,10,198,78,5,-79,169,-22,-53,12,101,57,-54,-3,70,-128,-106,50,23,33,18,-48,120,45,-47,-70,50,-85,-14,-48,14,-45,27,145,38,-156,141,1,-7,36,-123,36,29,59,97,82,-24,60,-25,55,29,-210,130,5,45,-46,26,79,-44,-32,-61,84,-80,-6,45,-25,47,-147,124,-164,131,7,-170,31,-87,-42,-112,47,47,104,67,40,19,-71,81,40
-21,58,40,107,194,-21,189,-90,147,102,214,17,-69,189,42,41,164,173,16,70,-10,42,110,-99,52,172,131,105,29,-6,54,-50,-67,137,25,198,-13,119,227,-28,-73,87,-23,-39,35,11,141,-101,72,41,27,-37,9,40,39,31,-22,137,-97,70,44,113,106,91,214,31,44,119,64,9,127,-15,-163,73,36,184,50,-15,143,-2,183,66,57,44,18,42,10,116,-37,-27,41,10,77,-98,-51,135,232,80,49,76,78,123,41,8,-31,33,67,54,82,-83,26,-30
64,31,149,-14,-38,-85,55,-59,67,14,4,184,107,3,-73,84,5,-30,33,-62,134,14,-14,21,97,-208,15,-104,-76,-50,92,184,-35,-32,46,135,-53,-41,13,17,46,204,1,-245,-17,35,-40,130,83,42,-19,5,-122,153,-114,217,4,71,-70,-79,-49,248,-40,-57,-47,14,0,67,-44,-85,11,-8,128,58,-42,232,-24,68,-142,85,-38,-35,-4,52,-49,63,-63,-24,17,-61,41,-170,61,237,-44,90,50,188,79,-49,103,161,-28,58,23,16,58,99,135,-64,94,73
-88,77,-67,137,87,28,-56,-53,-84,-115,-162,56,-3,-53,154,-124,67,-90,-11,-15,-87,-86,-42,-12,6,73,34,-50,83,67,-119,14,-73,-97,139,96,-87,21,87,-106,58,137,-44,-166,-37,-41,14,104,-58,7,-27,68,155,-64,-7,89,122,-49,152,-20,45,97,1,70,46,176,-62,76,174,86,72,87,-60,-111,14,-166,77,-10,-86,139,82,-8,156,-45,-185,17,-17,12,25,-98,127,188,-73,-17,5,119,34,31,131,19,136,-154,60,113,124,13,129,133,82,103,-113,90
78,127,-2,255,33,48,-8,-43,5,-42,27,41,93,75,5,-54,76,-58,145,27,-18,50,-37,69,165,250,113,25,-83,25,94,13,79,8,114,47,-49,-26,-2,108,138,-35,53,-54,20,-9,-13,91,-18,74,96,103,-77,-34,118,-38,-90,-46,26,-34,-105,52,92,-29,177,-37,46,6,30,59,32,192,178,92,-229,67,62,-58,-121,151,43,-45,22,106,50,77,42,49,-58,2,167,-41,149,151,-127,151,58,-59,46,-108,-141,-78,115,44,48,118,50,-27,129,46,-21,-77
-56,237,37,228,34,89,84,21,101,20,-136,-121,49,82,-7,-62,207,-20,-19,-78,-116,-41,-62,-22,135,114,78,34,-21,33,-15,-57,-62,-14,4,36,11,-127,64,-20,-130,-16,-25,-85,88,96,-15,2,-102,-97,-10,-112,157,61,101,76,-109,86,76,-83,16,64,131,-17,-108,-5,-77,186,100,-29,-71,-100,41,-175,175,-168,-65,-175,-60,-81,27,-73,-36,-97,-9,40,27,-76,79,-71,2,36,-32,7,81,-31,-14,-66,21,211,-10,28,125,37,-94,9,80,-66,68,54,81,-40
-43,87,66,127,127,-44,93,-85,70,-81,-48,145,110,-9,-91,55,-66,103,4,-34,-119,-26,-86,10,-5,98,39,104,-33,-16,103,132,-76,-125,138,53,-21,4,-128,-29,-70,106,117,-86,57,-10,72,50,70,293,112,-30,-84,49,-13,193,-83,148,15,-110,-18,91,101,4,73,-26,125,41,-62,2,-56,-34,90,37,-56,153,-5,165,69,-97,5,-107,152,56,59,133,133,-46,-68,-68,144,77,149,87,-100,55,167,46,130,67,-35,196,-77,-6,-90,102,37,53,49,99,-11,4
95,-44,-20,153,22,70,-56,-134,144,-47,4,117,5,72,85,149,190,-28,223,6,-67,6,89,-36,-53,17,208,-16,35,27,-30,59,-28,83,-1,46,-30,130,21,-51,102,98,79,-10,-81,0,-14,6,101,139,-27,82,-120,53,69,61,75,75,126,30,-108,110,81,-222,124,119,-109,44,125,28,92,188,29,79,46,122,18,21,-63,-26,49,52,6,64,-84,75,100,82,-2,121,103,-50,179,83,-105,111,145,151,45,-107,-49,51,19,76,83,148,18,151,-27,-99,-42,103
-17,78,138,112,-51,25,-57,-22,9,131,184,-36,92,43,8,31,59,-155,-52,215,-168,-131,125,-108,-111,40,99,-19,-168,-9,133,30,64,68,128,-38,-182,14,215,-23,47,15,127,-129,116,157,-58,49,24,-20,1,58,-247,193,150,22,181,-6,52,114,-104,102,-17,106,18,243,90,53,29,17,146,-121,32,51,117,-13,16,169,-53,100,64,-17,-48,114,89,66,-78,98,-74,62,180,-43,-93,-41,122,6,48,88,40,9,50,-109,142,215,37,72,7,109,69,49,-8,250
-194,222,81,251,272,22,-8,-38,124,-44,172,37,2,-9,167,-46,153,98,47,144,-34,12,155,-72,-62,26,105,158,109,81,6,-79,-33,-49,248,291,14,169,96,171,136,87,49,-32,272,14,-55,-40,151,91,-8,-74,79,-55,-16,60,225,93,39,77,148,-24,81,219,106,54,154,35,129,191,239,66,-1,72,-13,-4,180,125,101,-10,51,-59,-27,71,-39,106,12,60,-40,62,127,239,80,-39,191,88,-61,67,-12,-58,-62,-41,107,102,51,146,-90,52,52,-3,-19,69
83,63,-48,123,-116,195,67,-88,73,189,-35,-44,-63,-19,-161,2,216,110,-93,51,-111,95,14,102,15,50,53,-66,103,91,46,84,91,-111,-17,70,-102,-11,-51,-35,-56,27,180,137,73,8,10,-148,-5,65,44,-98,-63,13,92,-118,-73,74,41,35,-16,-42,190,-219,158,36,-112,84,-88,73,51,81,16,-79,120,226,11,-7,-205,-74,224,-86,-22,182,60,1,150,143,-46,-164,78,7,-54,-6,49,-34,159,98,-71,142,121,102,114,-24,-138,177,60,23,-21,30,-2,64
92,67,-8,50,119,-72,220,-59,-66,145,103,60,135,5,20,54,199,273,72,79,-49,124,-146,85,-12,57,-16,-40,18,-48,49,159,-65,-42,95,95,-36,-5,31,-101,214,160,89,-93,77,71,187,76,32,33,-145,-52,83,27,-10,51,39,126,144,67,22,152,193,-58,-79,-15,-144,-77,46,54,-45,93,103,-55,61,43,-101,111,60,-166,-49,-47,-19,-5,26,21,65,112,-5,87,115,37,3,-61,18,13,82,63,-96,32,80,-50,54,48,10,7,135,100,-72,86,-81,-81
59,106,210,174,117,5,-74,-112,217,-8,20,82,71,121,-5,-18,46,207,51,-43,-99,-75,41,-150,99,-20,-43,-25,-14,16,39,55,-106,-88,40,79,-207,-39,-30,-39,80,12,65,-229,87,101,132,152,60,198,38,64,-97,136,188,-10,-219,-44,-114,198,101,140,73,138,36,138,102,116,149,-49,-4,-33,96,118,38,11,-94,41,56,-83,7,-67,-7,-106,-174,69,-89,10,-12,-48,243,9,-43,-66,-14,-54,118,-41,-9,-33,38,-104,69,133,-38,-71,-116,28,-69,52,-8,-53
-151,80,-66,161,-87,308,92,102,53,66,-9,-17,58,84,114,-54,71,-77,97,0,45,-53,107,10,61,189,64,64,196,-41,-51,-14,36,-55,18,103,-17,115,73,50,54,39,71,118,-18,12,195,49,-71,0,-12,19,-143,12,171,-68,64,97,79,-19,119,-78,56,24,180,196,10,134,212,112,161,144,-51,70,-99,9,46,28,-15,4,206,9,-161,78,-68,68,62,31,82,-71,96,157,49,-102,96,-98,57,83,-31,-2,-26,-54,84,232,55,-13,130,83,18,-126,41,192
58,-31,-27,15,-16,300,139,-30,60,-12,28,52,7,-55,-1,73,232,82,-106,125,-101,-29,36,-31,-42,-87,89,-142,94,241,-57,123,68,44,41,40,76,98,58,11,-24,48,112,-37,-12,84,-37,-31,-39,-135,14,8,20,131,-140,-9,-29,56,-33,114,-14,-9,-94,28,79,145,-128,18,91,56,169,-79,-42,-107,78,7,139,57,141,163,-69,-17,-42,-59,127,125,53,-36,132,50,-148,149,171,-102,148,143,-94,-18,-57,144,-7,239,23,133,76,118,74,16,115,-34,214,126
34,31,100,112,-28,146,9,-43,-29,88,88,197,105,44,146,-13,194,90,45,150,165,9,30,134,-46,42,125,-35,234,46,52,59,56,42,35,268,-88,15,153,28,125,59,105,-23,72,98,43,133,136,2,-114,-68,151,129,-32,228,127,15,102,88,115,108,142,56,85,84,-218,127,146,116,163,132,59,34,52,235,135,-48,16,94,-18,-30,51,114,130,174,-75,13,-68,102,-15,-2,0,6,150,-4,1,22,0,-58,58,-88,122,139,89,198,27,-27,133,-18,189,36
69,16,-73,80,-157,105,106,78,-61,39,5,40,152,109,-3,13,3,35,80,13,-36,35,90,65,92,-1,-33,-189,121,-133,51,120,153,-46,-133,78,65,-19,-83,-61,75,-31,59,39,86,-12,-77,55,121,93,-6,169,-55,-78,41,50,79,60,31,170,23,72,22,-36,-6,79,-85,62,41,-89,-126,-5,60,64,79,-67,-218,87,10,26,141,-80,-15,122,114,97,-31,145,173,-55,30,-105,-80,-87,-14,18,13,55,-153,90,-45,90,0,53,170,137,208,163,84,-135,126,-27
-80,-23,-49,-138,29,-85,-97,-5,-7,-15,104,-52,23,-12,-67,6,-12,-7,38,43,-76,-129,32,-38,-6,-97,13,28,-4,96,-53,-9,-57,-88,-211,166,-30,-63,42,70,25,-72,-50,-58,90,-169,-69,-36,-29,-102,-209,3,82,-139,-83,56,-98,0,-154,-71,200,220,-15,-11,-123,54,-78,-50,15,-55,-16,-8,36,-2,31,-81,-121,-101,54,-162,35,42,141,-81,26,38,-21,48,27,-33,-80,-132,-6,-146,98,-74,87,-26,-79,189,53,-21,96,-172,94,75,-33,-156,-17,-11,109,109
1,25,68,-85,-68,104,121,-21,-57,-69,86,40,-66,0,-47,31,5,-171,22,61,-119,63,185,7,10,80,114,-86,81,19,-115,90,69,-100,1,-70,-30,-87,13,132,-91,164,150,43,39,99,41,-33,6,-5,-34,63,-149,7,-194,15,47,44,49,50,106,20,-128,-18,118,61,-102,58,113,197,132,-32,97,-43,-20,134,173,113,176,192,-60,161,-42,-50,145,-113,160,99,57,-46,-45,103,-25,-48,98,143,107,-4,2,-72,54,222,-140,151,-47,1,-153,-6,149,20,210,41
220,172,141,192,39,204,9,-29,-36,180,207,80,204,102,87,-60,193,40,98,62,-263,34,47,145,108,112,-99,-221,160,93,35,175,29,-37,203,158,3,29,152,29,172,-30,163,-122,79,237,47,83,17,80,8,28,107,74,216,42,41,13,183,183,124,160,-22,45,46,268,18,4,62,32,190,11,10,62,42,13,146,-163,-78,51,104,50,21,-40,139,135,42,265,137,22,-22,116,-28,-75,90,47,5,-55,36,0,-18,-219,106,185,105,183,125,92,169,-47,-68,109
-14,-195,45,7,22,138,-23,-63,202,15,-45,-11,-155,-3,30,47,12,-79,3,-43,0,52,98,15,27,-35,207,-39,96,75,88,-51,-68,158,-155,50,180,-40,18,-30,49,11,148,-11,30,-71,42,-69,4,-48,16,26,62,-43,45,-65,55,4,116,-109,-43,-31,37,72,-183,298,-86,22,83,34,82,42,-175,-67,47,56,129,-16,25,-11,169,64,-125,119,-17,53,-33,-47,39,-66,-41,67,73,-159,105,-15,91,11,115,77,-16,-83,183,147,159,124,-121,-25,-40,-164,167,67
159,42,5,-29,-118,220,26,-41,105,33,33,224,96,-19,71,49,5,216,154,-7,40,85,-26,199,79,-21,-112,143,-1,-18,78,-29,144,120,-78,63,113,91,-77,-13,188,112,61,94,0,-141,130,129,-48,-55,162,136,131,109,167,-131,-26,121,97,-162,117,-13,79,100,-86,-57,41,15,-7,6,-64,172,-127,-61,110,-59,103,-24,-16,-34,82,92,72,67,14,165,28,14,245,26,-109,64,48,129,-135,75,55,69,69,47,115,-54,98,-150,123,4,16,55,9,85,1,53
-38,42,-100,-31,-110,103,114,37,105,-59,60,-53,-55,218,122,127,-12,-36,54,50,211,32,184,126,-69,43,-20,147,-21,39,152,-26,-11,186,68,49,144,74,-142,32,-18,-29,-105,-28,35,122,238,104,-88,-29,46,-30,-63,-39,103,3,-134,-112,-102,-13,-34,171,-42,-3,-102,52,-12,2,-18,-45,-89,59,22,66,87,35,105,-19,112,-60,-26,110,-55,-68,-204,-156,-154,-74,193,-73,-92,39,64,51,-36,-238,-42,-155,62,-71,171,15,5,-13,-28,-114,29,-35,122,59,134,-39
70,81,-86,-107,-34,169,-44,-47,176,-53,77,-94,41,41,86,-95,-1,104,48,42,58,16,39,-62,-17,79,-73,-22,27,126,-142,99,-5,-19,14,92,77,97,-20,0,-40,-30,134,-23,183,60,16,86,1,-12,212,-51,20,97,201,215,-98,-17,-5,98,48,94,133,-3,-174,100,-37,-105,51,23,18,11,-16,175,67,-34,-148,2,-52,26,151,126,-12,-127,-91,-48,-18,158,74,66,-15,64,18,131,-14,65,4,47,156,0,247,-7,-21,15,17,-102,-82,-39,-89,88,-13,-74
17,-20,-136,135,5,168,-48,7,-54,-100,-47,40,39,59,242,-186,131,-8,16,72,73,59,-78,-18,-51,-6,96,132,150,44,-99,-28,-71,15,8,114,-97,53,88,-1,37,68,-42,-145,-41,-49,45,-6,-45,-29,-206,22,-10,-3,48,195,99,-138,107,-60,35,97,-99,55,29,51,61,84,8,-7,92,85,-27,-34,-2,-135,129,26,8,118,-8,-76,21,-53,-33,42,-29,-176,-51,181,-174,57,3,-4,92,-58,5,82,-26,45,42,-18,46,42,-26,152,6,20,64,66,106,49
84,98,-120,138,-17,110,9,32,-92,64,-48,92,95,-1,-8,-34,33,-23,-31,12,114,-27,-45,-2,85,-144,-37,32,-177,48,163,87,-69,94,-99,127,-66,-50,134,-37,-2,106,-5,-51,-111,130,-10,126,-18,46,77,40,134,61,26,18,117,57,47,-156,-27,159,-50,23,-93,-163,30,110,40,-62,-174,129,-207,-74,36,153,34,-74,100,-34,-86,-3,99,5,135,11,14,-45,4,71,7,87,127,7,-95,103,-21,31,136,94,-7,58,78,-58,-28,168,175,-107,97,-4,122,35
22,32,66,81,-14,27,55,-57,0,63,-62,56,12,-35,12,-16,10,50,-19,18,-87,143,9,-8,62,-1,-11,36,135,102,28,19,142,41,47,62,-86,79,18,-78,-17,263,109,7,168,50,80,-54,-19,-76,-96,-109,14,-47,-33,-44,103,115,-50,43,14,-36,44,-5,149,22,-30,40,-53,78,-112,29,18,-160,28,20,3,145,110,7,77,-34,-39,98,95,-62,28,94,-26,-38,36,236,60,-6,42,126,197,110,20,73,-2,-3,197,90,34,56,145,4,58,101,35,115
183,126,202,79,197,-16,38,85,-98,152,43,-50,57,86,48,-27,-26,-36,-66,-84,-66,-47,83,89,107,-85,-271,41,-43,49,-18,-18,-2,72,-66,1,-16,-115,70,60,68,8,6,-35,-64,-15,56,-6,127,-22,-17,2,129,72,-85,-92,-22,81,-12,17,-43,177,46,-18,33,74,-23,51,50,-4,-12,-123,15,-122,213,123,-100,-7,-14,-26,70,-29,55,-74,104,-20,-15,109,52,12,-31,-87,13,28,-12,-20,21,29,-168,158,103,59,102,185,27,-65,37,125,115,17,73,23
-159,-43,-181,-55,129,76,-79,-19,79,-181,191,27,-131,-27,-56,-100,11,-81,50,-136,-43,-166,44,-58,-184,-17,158,31,18,179,15,26,-137,-19,-98,31,-68,111,62,74,-2,-88,-59,-146,-147,-78,-241,-93,-74,-74,7,217,-93,-22,-42,-14,-37,-8,-149,-67,-54,25,-45,-10,146,180,47,-85,-3,-61,91,94,17,93,-88,104,60,104,-14,-20,72,68,122,223,19,-45,-73,54,-27,-36,95,88,97,-33,-178,151,54,98,239,-78,-47,24,-149,-115,117,162,-126,-3,-19,-160,36,55
109,116,211,133,153,92,-2,5,101,-49,129,137,15,103,-114,51,103,91,156,-8,-9,-52,77,0,-31,33,136,92,85,113,29,53,-103,206,-7,193,-74,-42,-76,121,-16,22,140,-48,67,114,200,96,20,73,-24,153,28,34,82,69,-22,7,112,105,90,67,-28,87,57,115,47,-70,182,168,116,133,72,41,72,157,92,-76,89,96,82,-11,112,-16,80,57,-76,134,51,34,30,83,265,29,49,33,107,32,174,-11,108,110,85,13,3,176,-45,-28,103,187,99,-25
106,180,297,99,203,-125,135,-18,102,48,91,75,46,258,76,123,-30,111,88,-72,132,143,72,3,132,0,-88,64,91,-98,158,70,165,-47,37,232,96,22,18,-18,107,105,-53,-22,112,-84,171,82,63,228,57,59,43,57,168,146,-71,151,21,59,98,207,48,102,109,18,54,48,143,3,158,34,-29,148,14,-7,85,-54,59,-40,104,-76,8,-17,-182,45,59,73,59,-74,151,-34,67,-101,102,-113,222,22,-37,-23,-58,-80,-7,256,151,30,181,206,236,65,-102,3
-75,56,-79,76,-115,180,93,87,-92,6,96,102,-85,-26,100,-35,80,-205,146,-75,-56,-39,-28,-69,62,175,-4,-93,-104,14,11,98,88,-4,87,-10,-33,-168,-129,34,-172,37,29,127,-76,14,-74,81,25,90,-111,138,-160,105,-12,-21,181,194,78,113,-7,64,-25,12,124,-97,66,-7,32,132,-35,21,-108,40,-37,0,-2,-88,76,41,40,72,106,67,-8,-3,-45,132,-17,-137,54,134,53,57,71,103,39,113,76,58,51,186,16,-48,36,77,152,67,121,-9,14,84
60,198,-110,66,103,34,125,131,113,193,26,-14,152,-47,65,271,266,174,2,124,-55,-132,-67,-98,48,-84,66,98,-89,103,284,125,133,203,159,270,-6,103,40,-19,84,162,60,-18,121,182,64,134,75,-91,-6,-5,39,79,-16,-126,34,128,17,-91,0,217,180,21,-63,-34,-117,94,65,97,-56,23,19,67,140,7,84,76,175,-102,-25,174,-62,61,136,160,-95,47,191,173,73,146,197,1,0,48,-64,-18,11,90,170,150,147,-76,76,146,72,-24,134,-8,133,76
-105,188,41,36,232,-59,63,139,-56,-74,-139,52,47,1,115,-117,86,-110,60,-60,-8,-136,-48,-63,72,80,94,27,56,73,140,-34,-42,87,151,147,-136,-11,-31,55,-148,-41,-14,62,132,-59,100,-52,131,47,122,-43,158,-157,24,99,116,-67,108,-35,76,142,-15,-37,117,70,-16,-68,126,35,101,13,139,97,-62,161,123,133,-17,23,65,-59,111,-13,59,-37,138,-12,12,107,295,-9,43,-4,108,1,25,-45,-13,-109,78,-85,112,32,33,121,44,-211,103,-7,-60,79
-38,55,-5,239,165,184,90,-16,185,-52,67,-58,56,-139,96,120,212,103,31,-30,-64,-76,105,16,-20,71,53,66,-153,39,153,68,-39,1,71,171,-35,77,61,196,168,36,-19,17,218,48,67,64,11,136,-197,23,0,55,9,31,43,-40,15,37,63,56,158,-23,51,14,84,31,49,144,82,-29,-16,20,134,-26,44,-155,26,-217,-10,106,-31,-27,-51,14,181,-27,40,91,3,-72,110,-115,105,-88,190,173,-39,37,20,121,148,-74,66,250,-207,-34,148,54,42,117
26,151,11,-23,173,-13,-110,32,52,-43,45,38,201,99,-146,-9,52,74,61,106,-87,-58,-11,8,103,-48,-57,-74,107,-49,28,87,-169,-140,54,23,-35,-44,-81,60,148,185,81,-91,-20,-22,6,-201,-39,-73,23,-56,78,13,-58,14,-159,69,-90,-85,13,75,-52,3,-11,-73,-64,129,-29,-45,-181,-2,-37,115,60,160,123,206,-117,-109,181,-44,110,36,106,-105,12,11,30,-115,-13,99,33,-12,-56,-11,-31,-23,131,93,-139,27,41,84,9,54,-151,-148,58,-91,-47,-107
193,18,176,139,-11,-115,52,147,13,16,-27,68,-99,88,17,18,-35,-41,60,-69,5,3,-8,-153,45,-63,56,-138,217,2,168,-131,31,162,12,89,48,23,-32,-84,67,137,-119,-40,-154,164,-99,4,59,64,57,-29,86,240,18,126,58,-19,20,100,-96,-104,-14,157,86,194,-81,124,76,16,294,112,96,47,55,26,13,-69,41,194,-61,-2,-54,-19,36,13,-144,116,-158,-19,136,114,-110,97,-1,109,-48,5,-52,-22,-20,-161,72,279,105,-63,67,47,103,4,12,-92
101,-15,-92,-51,-11,83,79,98,52,158,-43,43,-17,-57,20,21,65,-44,-19,86,-92,154,93,40,-222,195,75,61,96,89,-18,-38,59,54,79,-88,-37,272,166,58,46,194,-66,-19,115,35,110,102,-199,-55,34,22,95,116,134,104,-47,-50,159,131,114,-129,145,74,64,-24,-95,-47,58,8,-9,-19,-27,-12,-52,-73,87,103,87,57,-46,65,-5,-14,80,117,8,27,121,-22,-81,160,-68,48,181,4,-26,-39,-30,-141,78,48,-116,111,60,63,-25,-70,62,-3,11,-19
63,24,-24,-33,67,-78,-51,-183,209,-75,-181,-62,-93,-11,-17,-86,-98,100,-55,-48,65,93,155,36,-55,24,-78,139,164,-54,38,92,-86,170,57,-24,-79,214,-9,-7,192,190,-37,78,-15,-182,29,-113,-178,36,244,-47,-36,4,145,-114,-153,-12,-32,-155,164,-5,90,59,-36,27,-83,-15,-191,-99,-125,70,-50,-64,-3,220,23,124,-245,-43,38,75,22,57,-120,-145,-52,-66,98,-192,-62,60,15,105,-176,-140,88,-30,13,11,45,-75,-54,96,23,44,-120,-24,-22,-218,-133,-52
215,59,-21,93,-23,7,29,-43,60,-56,51,164,217,4,5,-36,-51,34,81,52,26,4,60,-93,152,-22,17,-84,-106,-47,56,172,-82,137,71,258,62,-84,125,-2,-103,28,130,156,60,-44,12,28,140,139,193,-20,-66,-27,141,-43,174,106,16,-4,55,65,115,49,17,13,139,50,-13,88,112,6,-31,94,-26,73,19,14,30,71,59,71,107,-15,34,170,20,25,56,62,78,54,63,-19,-4,175,-2,-15,146,16,-68,95,70,31,86,129,119,119,116,-72,69,14
-42,31,34,45,94,17,12,107,8,22,152,192,54,21,192,-14,-45,21,-72,76,67,89,57,40,-22,30,-105,99,121,-18,-116,-126,114,-12,-32,86,60,92,-64,-106,-13,120,22,25,131,107,123,120,100,71,111,-95,68,-58,-98,76,237,-15,80,-89,-54,40,50,0,28,119,-37,104,149,129,71,89,27,-3,-122,81,171,-48,37,138,-23,-60,-100,-20,190,-77,113,62,29,164,8,77,58,-3,64,82,33,-48,39,-22,30,1,15,57,-70,43,-1,23,27,28,63,88
-118,-41,-202,61,-36,150,76,-42,-23,170,57,15,73,62,88,89,107,-16,6,177,-45,-19,-23,1,-27,3,48,-50,102,26,-159,-12,52,40,86,50,-39,29,93,-50,153,-30,69,-120,32,182,94,19,107,-94,-155,-61,-4,33,-84,4,-24,115,-28,-48,185,10,-47,-116,-40,114,-60,8,109,3,-55,158,15,70,17,32,32,-24,99,35,97,145,-78,29,101,99,16,-46,42,133,-53,2,20,-63,-40,88,-81,6,-34,54,58,-43,96,51,58,121,-34,107,-68,22,99,-26
-147,209,-72,-11,62,109,152,26,94,85,130,56,19,9,95,-41,90,-44,50,268,-103,-120,264,40,11,140,133,-29,-89,31,48,27,-75,17,103,7,93,-74,290,54,62,-27,-14,-21,169,39,87,90,-41,67,48,45,-155,11,57,-24,137,2,-90,11,-30,-77,115,86,-38,55,86,157,114,33,48,-206,-50,117,-171,18,69,-2,14,11,-11,48,141,49,88,38,-52,-44,108,-49,96,-88,98,-90,154,-21,-55,-119,45,46,-44,46,23,306,-41,93,116,20,-49,-142,187,40
-109,118,-227,-23,76,212,65,80,35,-106,22,212,-56,-51,-46,-24,45,45,-130,57,-14,66,30,127,-61,-132,35,87,86,70,-125,65,14,-3,62,7,22,12,-136,-49,-107,119,-47,-102,-18,1,-78,84,-32,-80,-75,11,47,55,-185,23,-7,-141,-228,17,-173,-118,-66,-17,-26,32,-182,117,108,67,108,-36,68,-113,-128,36,-10,155,90,180,-145,37,68,203,59,103,-70,-159,-39,42,-1,82,99,-102,94,-55,-93,-41,-103,53,23,128,-95,132,-18,32,-36,49,-103,49,120,63
-97,21,-61,126,78,100,42,-157,-193,-97,92,-113,-124,-2,39,-7,-92,-46,126,-5,28,73,-19,-11,100,1,85,142,185,87,101,-61,-29,13,-142,192,14,-73,74,-171,-70,-22,-96,-135,71,-112,33,69,-51,-25,-24,38,-37,122,-47,182,65,28,6,-57,-23,-85,-57,71,-98,246,74,114,121,-36,57,-68,47,159,-2,-217,5,51,-10,40,89,-52,-46,-13,24,-64,-10,160,61,31,12,45,-49,-45,16,68,-24,4,103,-14,-106,-179,39,89,91,-36,-91,149,-111,-92,11,-85
18,55,-104,43,-87,-2,116,-135,135,134,151,-80,44,-12,97,-66,12,40,70,19,1,139,-29,92,119,183,109,-61,-20,-96,13,72,92,51,33,-128,86,-50,0,-32,89,17,11,-28,131,13,-109,65,-128,108,65,-40,-4,-162,110,-93,31,-40,11,-99,-8,-57,58,-94,-52,75,155,46,-95,-174,-52,63,-85,70,3,-100,-72,-63,74,4,110,75,21,186,-80,-16,92,15,-58,69,98,-148,-88,-80,-7,105,115,4,19,-10,-103,-103,57,75,-9,38,104,-17,10,-95,-75,-49
-46,124,49,31,15,-135,124,-71,-121,107,62,-60,43,-48,-81,118,-19,-51,51,51,12,56,-19,5,-34,195,222,-78,66,-16,-37,162,-64,-124,40,14,56,-31,-122,110,-54,55,17,-33,73,-46,10,-103,-224,5,11,-120,-6,60,-121,128,-12,62,92,-168,107,-87,-33,-14,2,35,-38,10,-19,-45,146,-29,28,46,-14,-18,69,10,28,60,7,78,-48,38,59,-46,104,4,-61,-45,37,96,44,-3,63,-49,17,-81,46,7,-126,83,156,103,-26,-44,-84,-123,147,53,23,-84
54,172,30,10,133,-1,161,-13,-17,144,-62,-112,39,56,91,-118,238,24,48,127,2,17,111,15,-10,161,38,19,88,127,-50,75,-60,-38,98,227,-63,60,185,41,-41,5,-48,-217,191,-2,36,1,7,-45,70,90,146,156,-73,131,25,-106,216,113,56,-117,163,89,-89,104,-28,273,91,-18,-98,-174,37,72,38,-124,56,13,-215,228,66,-36,141,-16,68,156,-36,105,100,-13,48,8,-147,-6,175,-36,65,-71,-70,94,51,12,17,31,-10,72,105,62,-136,30,1,-19
-11,46,-97,4,78,27,-109,-6,45,86,73,-91,46,49,86,-105,84,6,-30,91,53,-145,70,-50,91,-223,-78,147,90,137,-45,-54,18,-117,-43,173,129,157,183,-136,99,60,-68,80,1,-117,-63,-59,58,-70,-32,26,11,-32,58,-8,-46,159,-125,-107,-51,133,141,-113,-129,114,-54,79,45,-1,-114,170,3,-81,34,-1,15,9,-44,18,115,4,17,49,-86,-44,-134,-33,39,-55,-65,157,134,138,-7,-7,-140,45,-52,134,-62,-127,42,102,42,-62,119,83,-27,-119,-7,42
-114,10,117,-43,62,93,62,-55,18,-138,136,3,51,117,92,-154,-15,149,126,-13,-64,87,25,109,-45,73,44,137,118,142,22,163,-134,74,-63,-7,-32,29,37,47,85,149,196,-153,166,-184,118,137,15,-75,-11,232,-66,70,34,-42,98,-97,79,34,19,138,19,70,-131,160,-52,98,166,13,37,21,-52,-40,-66,-191,-21,166,-66,-20,73,183,32,54,-40,70,-32,156,21,-85,44,66,39,15,43,62,55,75,94,-36,190,-143,85,63,58,-61,-29,-28,-57,160,-5,233
-20,-72,-30,89,-143,109,145,-80,77,77,-25,72,89,-30,64,158,236,106,207,119,-229,-21,-6,-15,-172,191,148,-110,16,125,148,116,-14,87,72,-149,72,-44,-22,92,201,87,116,-7,9,103,84,18,42,6,100,-25,-93,94,169,-30,94,100,174,25,-38,-89,172,24,57,85,-79,38,-8,45,121,16,-12,-13,82,-107,183,79,107,59,-28,109,-117,-72,48,218,14,33,32,86,16,61,82,19,-88,107,-66,-64,-69,56,-14,60,191,20,112,38,209,-65,130,102,60,92
-129,110,-182,155,-111,127,-37,53,8,-16,-148,-166,-55,59,136,96,-12,-21,90,-16,-22,-7,51,-142,-47,151,7,-19,51,-179,49,10,-29,150,3,-135,50,6,203,5,35,0,-31,66,63,101,57,-31,0,15,75,-71,-183,63,215,113,138,-152,55,70,-22,-108,56,-12,12,1,126,-57,14,-39,-67,27,-66,118,46,-203,-8,97,26,-44,126,11,-90,-100,-74,-89,-33,22,88,13,-93,158,75,146,18,-155,-72,22,-58,-164,27,-79,64,-20,99,-66,69,95,-15,-101,-26,40
68,44,43,36,58,-129,62,-30,-20,-35,-48,60,-75,-15,-19,-27,-176,3,-14,39,15,171,165,-5,43,231,20,116,110,137,60,0,72,170,58,13,-92,141,13,104,0,228,67,25,103,-145,200,-26,49,-35,19,16,-37,93,127,189,28,80,103,-91,-6,81,-67,50,134,-63,-19,-44,-73,67,133,13,-87,26,12,55,126,135,-89,147,1,47,36,46,58,67,89,-28,212,12,38,25,-118,109,65,106,163,147,34,-281,219,-45,101,129,-32,-106,-64,53,-34,177,107,151
155,-72,-89,160,43,68,6,-141,-200,-25,-91,-89,62,62,88,-28,-1,202,-74,37,125,-40,-47,16,84,-35,-66,34,91,-7,80,14,-58,-29,-228,289,-11,-82,183,-97,45,3,23,-10,208,60,5,82,-144,9,0,-40,111,123,124,46,40,-74,135,-124,-27,-11,-80,195,-203,-40,64,123,16,31,46,-77,-83,-20,111,-19,-9,-22,-119,21,-78,-102,-127,-120,-81,43,32,46,98,39,-5,82,-31,10,42,-142,36,151,39,47,-45,-110,72,-60,31,-132,75,-29,-19,-43,116,17
25,105,115,130,99,114,-123,143,1,174,76,102,-58,20,-138,60,136,-95,82,30,-205,26,3,33,126,-22,175,-7,71,105,104,80,-12,-35,83,113,2,26,27,-5,-68,46,123,9,18,283,-111,-58,33,55,-109,1,44,-79,99,15,-69,-21,40,140,-58,90,179,142,-32,105,-53,217,90,32,-119,-68,97,105,181,87,62,85,-58,-197,81,-14,80,117,70,75,40,136,-113,69,68,-7,181,108,-38,120,142,-18,6,129,-123,34,31,138,5,191,35,-27,30,-19,43,0
152,102,-152,-20,-55,155,20,-11,171,132,113,18,265,98,36,-22,141,-35,-59,58,6,-157,167,-28,34,-46,-28,51,67,48,196,83,34,88,-39,265,-11,138,280,-9,130,56,-112,-37,3,-98,190,124,-36,-167,53,-43,92,8,-40,127,191,-22,35,-46,50,129,173,57,29,35,-23,-121,-44,-11,-3,149,31,28,-68,47,55,106,72,-13,24,85,68,-49,154,29,-29,160,185,141,-68,-8,-68,-28,90,8,-85,-102,-98,-25,43,61,40,-72,96,72,83,28,58,-56,24,-7
136,50,137,-3,-16,45,25,68,-109,-51,6,3,200,215,74,147,-20,-75,0,-31,29,50,31,77,155,-6,-47,-41,180,-118,29,47,80,21,-130,238,41,-21,33,33,77,50,16,35,201,126,-26,60,-18,-29,21,-124,132,116,-176,94,-95,50,30,30,26,108,104,-48,26,27,-294,72,-30,64,143,123,183,-58,86,-69,2,-50,-103,-109,2,14,69,32,44,60,45,25,129,-11,-103,22,7,69,39,44,157,189,-49,-107,-1,-15,160,23,21,-20,-96,-9,-5,-21,3,-42
128,-3,62,28,154,206,120,-5,32,45,56,175,20,69,3,170,113,72,9,-51,-96,-50,111,61,62,36,27,-90,-23,4,-43,98,46,101,-42,165,102,27,25,120,11,-27,40,-63,75,44,94,111,191,45,-19,194,22,-8,186,-28,-111,34,-11,202,22,36,-18,-135,37,77,62,-82,52,20,106,130,112,141,-78,159,-19,8,125,59,1,-17,59,-30,9,104,126,-14,68,161,42,22,85,70,-106,-12,76,162,-101,15,-102,17,-29,69,92,112,100,220,212,-63,22,13
43,151,52,92,-16,127,143,-63,110,58,10,22,98,33,161,139,27,-36,36,114,15,45,115,-160,-45,52,139,-132,50,77,28,111,-21,105,50,66,125,120,180,75,124,181,92,-12,119,142,93,62,-64,126,-66,-5,-4,-8,51,40,89,-83,62,129,-5,11,69,-22,-16,135,-4,-46,176,-24,-43,169,-2,121,-12,-22,-48,61,81,42,-50,105,65,128,-170,-96,134,-25,13,-82,67,137,270,101,164,-75,36,8,65,-5,90,-30,38,70,324,21,196,66,244,75,-107,-55
-13,-10,3,4,66,7,186,-45,100,-112,51,-136,151,132,182,-62,41,-12,94,119,302,-53,-4,64,-38,51,3,313,42,121,127,-136,49,107,48,113,116,185,44,229,45,6,-107,69,-59,-150,181,136,77,100,40,101,152,-31,-33,140,-30,113,14,-121,65,7,-2,-34,84,93,-42,16,-59,43,119,300,-111,42,8,-87,42,40,147,149,74,16,122,116,-99,40,109,-57,16,87,-24,89,42,127,-10,-44,-45,-85,43,-90,-14,-95,-65,24,48,-46,34,97,48,-68,-6,-52
-31,113,38,-5,53,-56,-60,20,153,120,136,22,74,146,39,55,-104,-64,-1,45,-9,-55,107,-91,70,-72,7,156,-83,-99,-67,-14,122,19,-66,94,20,118,64,8,-82,3,0,-8,-5,-65,76,7,23,163,101,-117,2,66,86,67,-25,-79,-155,69,71,35,46,196,-100,44,-54,17,116,40,196,100,-119,29,-25,-16,-24,-114,75,76,-33,-61,90,50,-132,-118,10,101,-118,58,-19,20,-27,-71,-33,-115,102,130,112,118,6,-169,49,-92,-5,19,-107,-36,110,54,-58,-26
50,-32,-48,-88,11,58,-54,-29,-212,82,115,-28,7,-142,91,-34,60,-161,-6,20,-21,-77,-38,34,-55,-83,44,57,-29,-29,77,47,68,67,82,205,117,30,-7,-36,10,87,-82,41,-74,100,-31,-88,131,64,-103,-1,242,39,-161,0,176,-66,37,-157,30,96,-4,94,-50,136,-33,-65,-12,33,33,10,33,30,227,-12,84,0,218,-49,-80,95,42,-2,132,130,124,93,-39,102,11,-23,-32,-31,10,128,-44,14,-114,153,-30,6,25,-105,141,38,76,-184,187,39,-139,89
-68,-24,-110,31,5,113,9,-145,43,130,-48,79,-68,151,28,72,112,-81,35,202,-5,11,192,41,59,49,66,-69,179,38,-162,35,-39,23,-183,121,179,48,-29,-45,-5,6,26,-84,-6,-46,57,-180,-90,-73,50,-8,-120,122,71,-242,-111,-12,-14,27,24,52,-20,-9,13,62,-145,23,-23,-7,75,86,53,-21,-99,117,56,29,-26,179,26,213,-177,11,-158,-48,11,6,92,-66,70,100,49,-39,-22,-26,156,133,-27,-16,-27,153,-18,181,40,-48,-104,99,136,-17,-4,85
-202,16,-101,56,-33,74,86,-142,55,-35,93,5,-94,69,-55,-49,-34,-83,79,110,71,-30,148,89,-62,15,3,109,136,191,-134,131,-42,-114,114,-85,139,109,-30,87,66,-1,78,-101,139,33,-6,37,-141,-69,-191,-122,-111,59,111,113,-323,92,-237,-59,-67,-47,-6,-159,130,32,-83,-2,114,110,72,-27,8,65,-23,-37,49,-125,-62,80,57,112,71,125,15,-46,-25,77,120,-188,27,25,242,84,-44,101,-94,-66,231,32,-88,-48,-82,181,-71,91,-83,35,-151,-57,79,-30
4,72,120,-91,-7,37,143,130,103,-204,38,-32,-41,144,-8,-25,-15,-115,68,94,-63,59,163,-110,30,-17,48,-72,-23,67,279,-63,-54,62,72,159,-132,191,97,141,-95,19,-35,62,-62,2,94,-9,-27,103,21,41,-161,-41,35,106,-4,34,-13,179,12,92,-169,-19,134,135,70,-47,0,198,240,37,-19,-57,-86,-16,137,52,-67,122,159,135,30,-21,44,47,46,32,72,-132,48,111,2,-29,225,-49,87,105,26,-96,71,77,-92,152,65,128,-59,94,134,-88,70,286
-75,222,24,103,229,63,10,-91,108,-88,37,-17,48,157,175,-53,142,24,285,41,75,-103,-7,28,-67,95,47,231,56,151,42,-30,-51,0,-60,90,-23,92,13,81,0,23,-16,61,-108,-94,30,71,-70,70,99,58,17,97,94,120,110,-26,-23,-111,137,-38,-139,141,-31,113,163,38,136,92,141,56,7,-102,70,-83,97,6,58,60,112,-50,109,-13,-17,7,51,-18,184,120,92,63,159,29,31,-44,-49,-25,66,-19,-52,-108,-12,75,82,123,-10,0,-36,21,-119,116
-14,109,75,138,65,36,86,30,212,-110,42,128,92,47,61,49,42,134,60,84,-54,-33,255,-65,-96,148,7,-143,18,66,148,33,16,236,47,10,116,-33,204,41,158,228,35,-54,199,84,109,176,29,59,45,-67,-12,98,77,86,242,55,-4,114,91,-23,55,-58,35,2,-16,47,100,122,45,93,-139,163,30,-28,106,57,75,16,-59,145,133,4,-71,-34,246,78,79,-38,186,25,-29,18,133,97,33,44,84,-168,109,-45,134,64,165,132,81,85,96,24,-69,88
98,184,197,-70,56,242,149,70,-61,81,-51,112,133,144,54,62,143,32,-37,72,-102,-36,67,-7,1,25,12,-50,13,92,28,100,11,38,8,178,36,103,18,-43,-167,70,158,-3,28,158,86,49,-36,-107,148,-3,82,-115,114,-220,124,-189,94,172,36,-77,-57,45,86,51,-137,136,113,-4,-57,99,-122,-9,-18,56,58,101,-96,33,17,18,99,142,1,74,49,-84,50,38,127,5,124,-93,-11,78,31,67,28,84,81,-14,157,134,77,72,127,81,161,-64,38,106
96,49,67,98,366,-174,153,20,23,18,5,-8,103,28,-42,65,138,98,144,-20,-28,-100,1,-52,-26,89,16,8,-41,44,38,135,-129,-39,-120,43,107,15,94,55,52,-13,-8,-158,99,-154,41,95,-56,-64,63,25,191,230,-109,297,-20,117,143,-132,-47,97,87,-121,40,-157,-35,-80,63,180,45,-71,-85,4,126,-97,56,-174,71,31,-25,-5,206,-209,163,90,124,101,143,88,-77,48,-9,-47,89,112,46,-123,223,26,-101,36,64,-121,-72,52,-43,-180,2,-20,54,-87
248,41,231,-21,253,51,230,192,130,-55,-91,44,32,-42,3,-2,127,176,84,-139,-72,152,-69,-106,11,27,-23,-151,-66,11,71,-35,-2,-47,-3,4,11,35,-95,-15,-23,138,12,-13,13,-8,-30,68,-26,22,99,54,16,0,-36,62,-15,-149,95,187,-32,-67,36,-54,-93,47,236,8,147,-109,22,-85,-40,16,-109,-107,-11,-97,73,43,-4,-34,-99,-7,-11,100,201,81,-61,44,79,149,-17,-1,55,171,-84,27,-77,58,-105,11,-82,-57,-19,-28,-19,-87,65,27,-163,-133
-65,46,-73,25,-51,61,35,57,-81,58,-191,200,-65,101,47,117,-52,-197,-58,-37,21,21,14,-169,114,-191,-17,-187,62,35,-99,-60,92,88,-37,75,106,-14,127,-139,-34,43,-120,-72,-72,137,91,-19,76,-90,45,-179,33,3,-68,12,84,224,36,66,60,-92,-61,-134,-55,77,-172,43,13,-46,67,53,19,-54,-50,3,-46,5,191,61,34,-6,63,53,12,-19,47,-129,-88,17,60,160,79,-81,23,-41,177,53,10,140,7,10,164,179,152,57,159,142,6,24,106,-63
70,124,-56,195,61,87,115,-23,78,73,-6,-37,85,-171,21,-121,149,92,-2,-186,-13,78,12,-58,53,100,28,-183,64,-39,-30,55,-21,-26,194,39,-134,-42,-1,-8,121,113,-4,17,107,71,-25,9,-149,64,7,-92,5,-71,-155,123,179,-87,140,-88,140,-71,116,-175,42,15,76,-48,-58,130,86,185,74,5,57,-20,26,-40,-77,-65,38,12,10,26,21,-50,169,86,55,-34,27,36,-61,39,169,-14,114,42,-196,-92,65,-50,166,-78,18,80,-66,-242,-4,95,-135,32
66,38,-107,115,43,128,136,73,77,89,104,16,58,-51,144,146,141,129,124,114,47,5,204,12,-53,174,97,15,-19,53,96,-24,-38,27,-22,-4,219,95,86,71,34,27,52,-39,22,113,37,74,28,92,-39,-40,-78,49,139,79,161,59,51,36,-177,147,57,-88,69,106,-49,13,95,229,14,264,61,-16,73,74,61,85,107,-46,-47,-44,-50,18,96,68,1,20,30,152,5,73,222,106,87,39,1,-4,146,-9,-28,157,89,121,64,168,112,44,41,-205,193,45
-153,82,-32,188,136,129,95,-43,48,-82,21,83,8,184,196,-80,41,-108,123,-141,1,-46,-65,-186,89,132,12,23,169,74,181,-73,130,55,15,111,-46,86,144,-5,-26,56,18,33,9,8,197,-54,44,71,-19,99,30,70,124,115,79,115,-7,155,73,67,-76,301,-46,204,-2,-12,96,33,2,93,-8,-52,34,-126,-1,73,51,61,187,-15,-23,92,-18,17,46,186,126,-35,157,129,94,-88,-27,61,71,72,-1,117,-13,-314,109,67,151,134,246,19,90,60,-34,70
-10,-43,-8,-2,59,196,17,9,13,23,-58,130,-76,6,-142,0,93,14,20,52,-35,-1,-8,110,-38,0,-54,-9,23,-6,-10,53,-55,-58,-31,34,-179,-13,55,-15,26,16,22,-23,-44,-88,64,24,14,-7,210,131,-43,144,-5,30,7,-117,102,10,-43,-172,-16,-61,223,-108,82,-56,27,126,9,201,28,-84,-143,129,28,-8,-76,246,95,-4,-20,53,40,-29,72,16,-116,-23,53,137,-52,147,-48,11,102,143,87,-157,6,92,-34,-46,-72,125,-88,113,-37,160,-54,47
101,-64,-53,-13,-195,110,139,-50,43,14,3,77,71,-1,226,-30,-2,133,30,55,42,133,-47,115,-115,15,-51,-55,3,-8,94,-98,-13,124,45,-124,171,65,-237,6,22,112,88,18,-184,201,31,-39,-29,135,24,-65,43,-75,195,-91,34,4,38,-4,38,-201,30,71,-136,-4,134,-83,-174,-142,4,-96,-216,-161,103,21,73,13,62,-116,-135,57,-12,-60,130,7,-45,-3,80,190,-125,3,-3,-39,-70,132,-72,-80,49,67,25,0,205,134,-96,114,80,-6,63,-24,-67,1
-42,36,11,121,45,144,62,-60,-127,11,-87,-63,-71,186,56,72,100,16,81,-145,-63,-125,45,22,42,122,115,21,139,-71,140,-40,29,-117,59,159,13,46,123,-48,-35,43,104,-99,144,108,-46,-60,-43,83,122,13,-128,164,65,28,-153,35,34,59,23,-65,13,-7,98,18,43,167,41,35,75,-52,31,-45,69,-36,116,50,-128,36,65,80,11,157,30,85,50,107,70,-65,35,19,136,24,-118,11,146,137,102,72,20,23,23,-11,-88,163,33,220,3,-88,48,0
63,-18,-66,63,249,58,18,3,-41,78,-29,101,99,152,-100,64,-34,88,53,-391,8,-150,-136,-76,24,-1,45,127,24,-28,-165,-84,12,-31,7,58,20,-70,11,62,80,-5,63,-26,94,3,22,32,-137,-37,-115,168,131,37,-56,55,-82,-24,-16,-32,1,38,13,-17,-13,-125,81,-13,35,-32,-55,-40,74,-146,45,-129,-60,-188,53,-69,30,39,-14,11,-31,-40,102,38,-2,45,-103,3,87,-72,-132,-100,9,59,-38,134,23,-119,-44,-105,-40,-47,47,-116,91,111,-34,-145
42,3,48,170,24,110,-46,-72,179,-27,-53,21,-50,-51,4,73,-123,84,8,108,-64,27,110,-114,29,110,44,107,-69,86,39,0,75,52,61,146,-17,141,130,116,60,17,86,55,91,-104,66,151,186,155,-11,50,-24,41,109,-57,-51,143,-63,100,38,14,35,125,112,-56,32,25,113,72,25,89,-125,162,66,27,-20,-7,108,93,145,-11,58,79,-227,230,51,44,21,-74,53,173,75,25,-78,41,-9,107,98,-3,8,-61,-130,-95,81,-95,67,187,-168,37,34,94
46,34,-65,11,198,29,93,51,-83,34,164,81,104,21,-34,123,-35,121,47,47,-85,-55,29,5,30,46,-149,151,-23,29,72,98,-93,-1,-48,15,40,128,110,97,29,122,-61,-61,122,-52,134,134,-99,-21,30,143,121,101,3,31,-8,11,-15,55,-52,106,-97,49,129,-57,-88,35,130,-53,-28,-75,-162,54,81,59,-4,102,183,73,50,149,38,45,-11,179,65,143,-91,7,106,58,156,-54,-97,-53,98,81,-23,69,19,109,-42,-30,159,-151,47,23,214,-33,58,125
269,16,-43,99,-5,122,12,-17,167,-67,47,23,109,126,19,-148,64,-33,211,-52,-103,132,63,-4,87,103,24,9,-14,40,115,-94,-118,68,-124,39,82,135,46,28,-91,146,-197,7,-62,-4,85,-13,-71,67,248,170,70,85,317,96,-27,74,-80,29,-77,-35,55,-86,110,110,29,-59,28,-35,20,126,85,-16,-44,46,-14,193,2,6,140,-132,0,-44,148,138,131,97,140,107,118,-49,-69,26,-115,12,24,-74,152,134,-186,7,-53,131,89,154,65,96,207,-159,-88,-45
11,55,-45,50,103,-107,14,-32,-56,-25,-15,85,-92,-8,-128,-39,-117,-70,60,-5,35,29,166,26,8,126,51,82,-199,20,78,92,43,89,23,69,125,-25,-145,88,57,-22,-103,3,111,-144,48,-37,76,124,82,-34,63,-11,-26,-22,143,47,-11,-148,86,3,14,66,-238,11,43,-53,-15,-37,122,64,-80,47,25,-30,124,-72,-54,-130,-125,-62,27,32,-78,2,67,-4,-140,-103,157,-16,13,80,-78,-50,-42,83,26,19,49,-127,56,-140,49,-41,-44,40,-52,130,-48,37
7,71,26,1,272,-3,-9,-20,-81,-22,122,176,-1,81,72,-15,95,102,69,148,86,45,64,146,19,115,-163,135,108,158,-28,118,-32,58,46,189,112,154,78,62,123,-28,-63,-76,232,-152,129,147,63,-90,25,37,83,120,-8,19,-86,59,49,61,-33,223,10,2,-67,-70,-107,93,48,-52,-30,-84,16,63,43,-5,100,-52,-90,19,92,83,180,110,81,18,-97,-6,96,16,35,124,166,92,-2,-20,83,-45,2,52,30,-87,-23,32,91,88,71,39,-53,105,-35,37
94,43,16,52,98,123,80,3,72,44,84,162,124,83,89,-33,120,157,80,50,-152,-61,151,86,82,120,4,-3,103,7,191,23,-77,48,54,194,43,-49,82,96,106,144,119,-28,222,25,-23,104,183,57,26,81,164,-31,94,92,125,-3,35,5,26,129,64,37,-2,42,3,148,-92,84,52,70,-55,80,-40,-31,102,-16,98,-98,7,21,149,6,178,131,274,15,-23,50,102,24,-83,19,-24,4,115,78,-39,55,-150,-34,58,34,77,182,172,4,46,-164,70,102
