171,89,-49,162,-21,-10,93,-68,-167,-14,74,92,-8,88,76,34,234,67,42,253,-103,50,-11,-22,63,140,122,103,214,10,93,209,348,68,-7,-81,13,46,-220,130,-123,104,-55,-58,-57,18,-53,23,95,117,156,111,22,29,-26,167,-66,53,118,-107,253,-197,5,0,48,71,109,-66,105,-103,-60,124,28,-18,59,62,-16,76,-47,-80,-19,157,-123,-65,9,-4,93,-81,170,51,193,33,5,349,241,-77,81,-33,69,95,-19,108,151,7,15,-33,96,117,93,-44,-158,-34,254,26,29,130,-66,24,-28,-108,70,90,28,67,-10,6,77,6,-58,-38,19,-30,-59,-39,39,124,11,73,-15
-31,109,17,98,56,63,-43,-21,253,-26,24,93,22,104,-23,37,-8,-80,60,44,-34,-106,53,97,66,148,-190,85,-3,58,-53,232,105,2,111,-96,36,-140,76,-107,-12,-66,-75,24,-104,-1,39,-106,-63,22,58,-204,18,-91,-77,-27,-180,129,-74,8,101,42,50,40,-112,-129,39,152,21,-102,42,-59,114,60,67,17,-5,111,-90,-23,67,-18,49,102,56,84,167,-174,-170,89,47,-10,-39,-133,190,114,29,-104,-183,186,10,-179,94,60,55,-106,96,-68,-43,-96,-70,-32,87,-184,159,-216,94,34,53,-80,82,-61,-20,22,-52,55,-81,32,-82,-60,66,26,7,-16,24,150,-43,60,50
60,-42,106,235,19,-98,-17,31,-25,124,-34,69,62,65,214,-24,101,-20,-199,54,54,-59,9,-77,-31,84,132,158,5,-87,39,72,46,203,-55,208,-99,-13,-70,45,-58,13,-86,-18,164,-74,203,-41,105,64,-48,93,4,-16,57,81,-6,-135,207,98,90,-72,35,189,-30,-42,57,-2,-8,-27,-23,150,48,-6,107,190,78,-10,118,30,242,86,100,-33,-16,-100,42,29,8,-56,-59,70,-50,-43,88,-51,48,134,32,27,-81,-119,107,26,30,37,118,29,227,-130,-93,-40,-66,-46,93,38,-51,53,41,72,108,171,77,-38,66,-6,-158,-94,-118,126,81,45,-21,-55,11,157,180,-11,-101
67,55,28,46,91,-4,150,-29,12,90,99,27,-27,150,-77,169,137,97,172,-93,-36,126,33,9,38,24,102,-75,292,-15,13,155,94,50,73,208,-10,173,206,71,-41,-3,-52,124,186,163,50,116,-34,29,56,8,-120,136,-15,49,118,159,80,243,82,-39,75,97,-10,-69,31,32,62,-113,-48,174,108,195,68,174,6,132,-22,-108,131,-1,103,182,42,-38,153,-8,-8,190,56,252,-93,159,35,21,25,-29,36,305,-22,93,-9,-49,57,83,-1,187,163,108,47,0,311,118,69,161,61,-19,66,29,188,91,-36,-55,138,102,68,16,77,12,3,-187,35,2,64,185,156,104,106
-48,176,75,117,-78,3,-9,-94,115,27,-199,-125,-26,17,26,108,154,-44,-85,-15,-236,-100,-61,34,44,-79,102,-34,126,-5,-107,40,-112,37,-64,116,-43,-83,-28,4,17,-76,-115,135,134,-110,104,7,178,105,-156,134,29,147,39,58,149,12,44,-42,110,-8,27,76,84,-38,107,-65,183,-116,98,60,18,-138,83,-115,38,16,6,180,-141,217,-91,-139,50,-85,46,119,27,18,83,112,-173,100,118,38,187,76,-117,77,43,24,123,-9,-22,180,92,10,57,-30,141,41,63,-110,86,-36,80,-46,-43,-252,45,104,-12,81,-76,-38,-180,141,-210,38,7,27,72,-93,31,153,107,165,37
-26,-80,-86,70,107,-94,77,29,-11,329,103,81,-51,-4,-62,26,68,85,95,66,15,-115,5,-32,-30,-35,-130,110,-61,-66,6,32,145,-24,0,91,-115,-142,-214,-120,-8,43,24,44,-50,-20,118,94,-112,111,51,2,5,-31,76,5,39,148,91,35,44,37,15,-30,-136,-79,89,-63,-3,13,-81,62,94,-63,-58,46,77,55,51,-19,-106,107,211,164,21,-167,-19,-10,-175,-92,30,81,-36,-99,56,-49,80,-19,-98,-16,34,-65,44,42,276,26,230,26,10,-27,55,-100,170,-132,47,-259,-114,-15,-39,89,14,-39,-30,-7,-111,20,-55,24,-105,-19,85,-85,-62,8,86,10,-71,53,-55
-105,3,158,-68,-78,70,46,-18,81,-173,135,-18,74,88,-92,151,265,-29,150,39,72,4,-228,-80,21,161,-131,-26,-37,-75,-143,188,96,-107,196,84,96,43,-39,72,116,-15,37,113,-153,23,7,24,-6,-141,125,-47,44,-81,159,38,36,82,-24,-107,190,45,-89,-12,-70,193,171,-61,56,20,15,-28,48,167,85,30,66,-17,24,-52,69,-81,94,117,89,-82,166,96,13,118,33,13,136,56,-22,-17,-55,0,123,-4,213,134,115,104,53,-87,154,-40,-90,81,72,62,-10,164,95,110,-206,36,108,105,-129,-25,-70,46,122,216,95,128,40,-175,69,-109,-17,72,170,-50,87,47,104
65,-38,-63,58,114,103,-143,-65,-15,96,-57,88,-129,65,31,137,158,54,-74,215,-24,123,51,-49,38,-97,-35,218,115,-58,161,7,91,42,-48,74,5,30,-261,-48,183,52,146,-62,-198,-139,129,22,65,84,43,5,-88,-11,-2,36,164,88,-102,-141,178,69,-56,93,-127,119,44,162,-79,121,-30,169,122,-190,146,59,68,155,94,87,-57,169,-41,-64,189,96,-35,123,-28,-87,-1,18,119,-43,-65,-34,94,35,88,75,35,-46,-15,99,129,113,-24,-105,138,-39,29,22,9,11,105,-21,3,46,-36,105,110,-12,275,74,-40,169,70,-31,28,19,165,37,-95,-29,156,16,145,-144,-55
5,-14,132,59,-67,7,131,129,-43,-49,56,52,41,230,-92,-79,69,95,7,-91,74,35,92,24,260,-102,97,27,-103,101,209,-75,-141,-34,28,-87,-24,95,65,106,-116,117,0,-21,93,14,112,-42,132,32,80,-68,-1,115,122,82,106,40,89,203,111,-38,111,108,33,-57,70,213,-8,-132,114,75,-4,-66,-126,73,25,52,34,-26,102,39,94,62,-48,-116,85,66,93,115,11,148,37,166,89,88,47,-81,13,-19,181,158,175,-68,65,36,4,161,5,140,39,74,81,186,-152,-48,84,-10,121,35,146,-64,192,98,-15,-161,-57,-48,185,95,61,68,52,27,-28,233,-25,-56,1
14,-60,-24,-72,29,42,-73,96,120,192,88,-123,66,-15,-4,122,-11,-12,89,-18,-55,-82,14,154,115,-130,-50,-65,201,41,-4,-17,29,-59,-262,159,213,48,40,119,-54,-205,-106,81,26,131,-119,72,138,95,-164,134,-32,138,-24,120,74,40,118,55,239,58,21,30,10,118,20,-128,-44,29,-71,60,13,-21,184,109,26,129,62,-85,10,73,178,72,93,213,-56,171,-112,32,-7,102,-75,75,139,78,10,-61,223,189,-83,253,157,-60,-27,206,135,152,19,21,-28,145,53,137,-61,-81,85,19,-114,108,-7,108,8,3,-69,94,-86,235,53,64,-99,-46,108,-128,68,50,151,-34,20
47,-139,212,-11,126,-82,139,100,163,-90,-44,166,19,67,43,-33,55,-161,218,-30,55,-62,-29,-1,137,145,-76,60,9,122,-60,-15,-77,117,79,68,59,126,-6,85,-112,92,17,126,17,3,26,115,142,16,-2,-33,12,84,76,48,31,22,121,188,128,16,210,-19,53,91,-23,173,4,-32,19,117,181,128,80,203,217,67,-38,143,163,165,9,70,102,-36,30,-2,-113,102,-8,245,35,168,-38,0,-1,41,34,303,7,207,120,4,41,55,40,-48,96,49,-18,25,-19,121,63,156,-45,88,-1,229,77,-30,43,183,144,-23,97,-42,63,152,153,92,-30,-6,85,244,108,130,82
-212,-116,-31,50,-22,42,-4,113,-103,-32,-25,-54,58,-52,-241,-94,5,-11,27,108,222,33,71,-8,23,-197,33,-188,-35,6,142,91,-144,-156,76,-147,-181,-186,53,-34,-119,107,233,-305,75,-76,29,158,-122,16,-124,75,48,41,79,119,184,73,157,-84,-71,106,-88,-26,53,-38,134,-64,-303,26,-83,-205,-181,-127,22,22,29,32,39,109,-68,46,81,105,-114,-178,87,9,97,-26,-17,-5,66,29,178,24,40,-74,99,-25,-105,108,-131,165,25,30,335,117,-20,20,-3,197,-59,44,3,-68,-68,-238,135,24,-183,-82,64,149,-206,-7,152,31,125,68,-173,-141,155,-78,70,-121,43,-170,111
278,33,20,-2,35,63,224,63,118,-143,80,110,-66,75,138,34,100,28,50,56,-49,-99,-8,152,-42,-39,-13,107,70,-26,74,36,-66,64,15,77,92,53,115,50,88,13,83,174,116,144,173,-115,59,73,-14,-136,1,153,8,20,233,171,-121,-39,-67,71,81,36,67,153,70,45,87,91,171,131,25,49,81,158,12,141,52,-42,-25,41,72,-196,26,204,23,-44,-99,111,39,179,85,-2,25,33,151,-94,-23,127,158,148,-17,-198,-54,6,8,-8,40,110,-80,-47,43,-82,-112,4,262,110,-79,33,151,199,-17,-14,146,136,64,107,-42,-18,-49,53,114,99,-187,22,123,-172,124
-55,227,53,76,-59,36,173,20,84,-2,167,6,140,26,54,-134,-8,-67,118,52,143,-6,-85,-54,-137,1,-29,74,-94,61,-118,93,17,142,41,63,-105,13,-51,193,45,226,204,84,-28,-159,-6,248,-81,9,-18,-35,-72,313,-21,-36,139,-43,-60,-30,-36,48,-24,127,-59,59,-53,-13,-8,82,-225,19,34,87,8,28,105,70,-3,232,140,-98,-6,69,90,51,-61,133,124,66,-22,16,82,91,-35,73,-69,127,-133,-46,-52,1,-22,112,106,35,46,-37,169,216,37,-227,-9,33,-11,106,-10,43,-66,25,51,-134,49,99,182,16,133,23,-1,75,-118,54,-17,32,-17,51,133,-6,77
-41,-175,22,90,-115,-40,-201,-167,117,274,-53,-64,-7,93,-60,166,-52,-21,-41,-1,109,-239,50,-27,25,194,-14,95,17,204,-104,78,-30,220,191,255,40,29,28,18,-43,15,25,-99,-89,64,69,32,136,23,59,251,59,-40,-25,50,9,-165,27,114,94,82,-65,64,-49,-76,46,-111,-159,-74,101,166,7,-9,111,-143,3,-145,-92,-120,-203,-83,-39,-99,-77,34,31,44,105,61,160,28,7,70,41,31,-32,36,121,86,2,-112,113,-40,85,-145,93,-33,119,-64,184,-100,-53,-111,-38,-152,5,-64,147,47,45,-5,30,-7,-58,38,139,18,16,-122,138,113,64,-74,92,113,44,-37,-34
-120,-14,-95,-39,-154,219,11,-36,130,162,281,5,158,0,-88,-14,149,147,-152,31,137,13,118,-34,23,-33,-99,197,-8,38,15,-73,34,-203,0,-20,-58,94,-65,27,149,50,176,-29,123,-51,155,162,34,127,35,123,74,178,-15,-8,-130,222,-15,-105,174,138,186,-12,137,-85,65,47,95,123,61,11,7,121,-130,-44,15,119,-108,-106,-56,176,35,-23,179,20,98,-105,-159,78,228,-42,131,-9,-34,36,-6,-53,88,200,-56,45,-138,72,82,61,27,-192,-85,-1,9,52,123,39,60,-102,27,41,109,34,-276,57,-14,69,107,130,-25,-46,-172,-56,-222,-31,-11,-317,-4,-2,-101,-32,95
101,47,76,-54,72,38,-15,156,32,69,115,-42,3,8,20,8,50,5,108,-51,-24,77,38,-40,-87,65,-197,59,38,105,14,64,99,120,272,101,-11,180,112,54,-2,46,-39,242,99,174,13,-123,134,-34,38,26,-50,38,9,-28,147,28,72,23,-8,4,-140,-183,-91,21,112,228,94,-127,-54,-46,73,-54,119,30,3,71,-70,-39,57,97,-75,54,130,273,1,80,92,131,93,-33,273,172,54,-56,31,-93,88,39,111,84,-45,59,101,90,-31,148,31,-18,-244,-44,147,6,45,138,273,6,-75,38,4,44,86,5,50,6,190,-17,160,38,22,134,50,88,-61,16,41,159,-43
171,-19,96,-116,-85,-104,91,125,-49,-55,65,62,84,2,-41,-60,162,-112,218,-42,119,81,45,80,-83,5,-76,95,-7,34,-182,101,-77,-39,-9,27,51,13,-61,155,18,-91,-3,26,-239,11,13,-135,36,163,48,115,-165,-1,37,73,134,-24,78,-34,47,40,30,93,36,12,-169,0,-9,141,-163,51,85,-53,67,-39,-50,-18,157,120,-144,88,21,169,170,-2,-151,108,71,13,139,-150,-97,53,56,-6,54,15,171,112,-188,-40,39,21,-73,-83,30,75,67,97,-21,-29,195,34,-94,83,-115,-31,-34,184,-17,80,-97,155,63,149,57,-18,142,118,-8,-49,123,4,-31,-10,-55,-142,-107
-25,50,176,-7,-107,84,105,136,-6,103,-56,189,-130,-142,-58,75,67,143,-3,136,138,-102,-199,-144,1,55,31,40,98,-16,118,-80,23,177,-15,120,-30,-51,32,26,32,9,241,-98,102,17,64,196,-201,20,-62,-120,127,105,-148,-96,40,110,31,148,16,-101,-178,69,-253,119,73,55,43,-58,-163,69,-7,130,-2,-89,-49,79,-43,-16,11,34,84,68,46,167,-5,209,-41,-145,57,-67,117,-75,97,-208,-125,106,-134,-111,-92,-6,-145,68,-22,45,-2,-31,161,-29,86,-31,40,-95,24,-82,73,-196,-58,191,40,-76,42,-88,-25,-8,-56,22,29,-175,-4,-77,-39,-70,-128,-66,122,11,25
136,74,-33,191,1,-50,-25,6,127,-79,-108,-97,-13,-16,-4,23,127,-41,93,19,-49,-84,-168,-86,-144,62,-105,82,172,81,-54,17,131,300,103,54,71,57,121,3,181,2,-157,88,-9,49,117,-67,105,-64,-60,40,93,-3,220,3,-106,35,48,138,110,59,-19,-26,-25,125,175,57,180,-25,122,105,86,47,160,109,-25,40,68,-154,-63,-1,79,-162,-112,78,162,124,27,-10,-33,-52,42,144,-19,-66,117,7,209,-166,-39,42,-82,193,125,-93,-42,135,-21,-63,-114,-84,102,-119,52,-148,71,162,57,-53,122,213,-64,-149,195,210,21,125,-119,-102,73,2,-123,24,-90,-3,42,278,-114
1,-23,99,109,169,193,29,-60,180,161,164,95,206,287,-64,108,-2,-107,21,73,128,128,-13,70,-37,-76,-82,88,6,67,84,120,43,172,115,230,162,34,99,124,259,66,-49,148,176,118,25,30,78,156,-32,248,109,104,-52,88,165,49,191,29,2,143,-66,94,206,-9,-62,-42,-86,142,-50,124,-28,5,-53,36,-61,-2,-97,176,-16,-23,-23,100,41,69,118,91,-57,247,155,139,-41,137,195,-51,-4,90,-102,-6,43,158,-117,34,223,48,66,3,169,28,170,-22,3,61,16,251,83,-246,-15,182,-173,6,183,-6,119,-3,-61,141,-84,7,-69,-30,139,30,90,-28,132,81,112
-131,192,90,-191,-84,199,31,171,4,-108,46,-201,24,184,-62,1,26,24,-33,-23,-74,207,43,-66,-45,-47,-132,-52,82,-8,-1,-65,15,-131,-13,-114,51,73,139,-18,94,117,-38,34,173,36,-52,18,-87,-132,-1,-278,-164,40,-14,-136,60,152,0,52,-142,56,282,24,-133,-71,0,241,-39,-146,-102,-82,78,22,12,143,57,89,-35,-10,210,-135,-62,87,-81,33,-2,-9,-37,129,-106,37,-104,-167,94,-10,20,-271,-113,-29,127,93,24,43,-148,190,-55,-41,-91,19,94,148,-7,-157,14,-11,-19,12,39,-13,99,-122,-50,58,131,-35,79,101,-89,-20,159,73,-56,-53,-72,158,82,203,29
72,-25,-13,-117,14,-7,29,124,50,4,-151,-198,27,-22,68,47,-135,119,138,29,-84,-37,4,-55,14,86,28,-107,36,133,-138,-35,-84,-59,-53,23,125,-44,45,98,196,42,7,47,26,234,-84,-110,42,154,63,105,-62,95,118,154,51,99,128,62,40,55,150,-75,-34,129,112,213,67,-19,78,27,-111,108,-57,8,-36,-70,58,-140,173,27,158,113,132,93,-208,-31,80,62,-92,-118,119,39,-8,-131,11,-26,-2,-108,135,250,109,-152,-118,62,50,-105,126,156,27,-11,-97,31,-55,56,75,-92,16,53,101,35,-41,-62,51,15,34,58,21,252,247,131,-36,11,-45,283,61,72,103
-68,126,137,36,62,170,-6,-130,-28,0,193,-71,-41,144,43,49,44,-66,98,137,37,33,19,75,31,151,31,-85,150,14,132,-26,6,-81,114,-33,-91,-48,2,-93,148,72,-44,-52,188,-18,-163,69,-44,-87,73,74,-90,-38,86,10,111,165,154,48,107,-14,-31,132,72,-68,143,-62,-62,-119,122,36,-227,-32,-3,-108,-18,154,-80,3,12,-80,137,128,13,10,90,67,50,116,95,-144,51,65,168,-38,133,175,-18,76,-85,194,4,72,-5,6,178,-29,-81,69,-68,-24,157,-71,-45,63,42,-143,2,-129,119,29,86,38,-13,-28,-6,211,-103,61,109,14,64,140,42,77,-46,147,13
21,-95,1,144,-63,-52,-41,-115,-15,295,2,83,87,-39,117,-105,62,94,48,-8,76,-132,34,72,-75,94,81,207,83,-58,34,0,-88,111,22,72,0,34,20,60,3,-175,136,139,-102,160,53,-85,35,53,214,176,41,-25,142,156,-268,91,-23,27,4,66,79,-22,-62,-21,-2,162,-150,52,126,101,176,-144,48,67,-227,-102,206,-33,19,33,91,68,69,218,-169,90,-104,112,103,-60,131,-22,151,48,39,-135,74,-27,-79,-181,44,-87,-42,12,52,23,-8,-123,59,-184,12,-1,-86,19,133,-129,-28,-3,-117,129,34,-52,49,9,-56,71,143,-1,-132,-46,-54,225,148,-189,128,-19,62
13,-147,-32,15,-47,51,27,-29,100,15,0,52,136,19,148,-95,5,-89,53,207,178,-108,-156,-5,78,127,-28,165,-139,-110,-26,56,-29,14,83,92,-57,-47,-107,155,142,11,183,24,145,39,-83,115,77,37,140,126,102,12,-18,27,-37,-69,146,-20,-74,126,57,108,-10,90,119,-100,13,69,43,82,-34,34,96,117,107,39,3,-5,-119,163,43,102,26,31,173,73,18,27,45,35,104,39,-5,-111,-24,-89,84,-7,-43,71,156,-31,61,-37,91,-138,28,92,73,-33,38,56,44,183,39,-118,7,97,-79,92,-39,-22,190,181,-16,47,-143,-67,4,41,79,97,75,6,210,-132,80
206,245,-137,-25,32,147,-14,-78,77,8,122,83,147,-85,-52,-225,19,103,154,146,165,-43,-30,-83,-14,-34,-46,3,25,19,-75,-115,100,-1,103,61,-151,194,141,15,38,96,-98,0,-61,169,-39,32,-21,-1,30,-19,-49,122,17,55,-99,90,-5,78,-34,110,-120,169,-74,54,67,234,160,-19,-41,83,60,13,-134,56,134,138,-2,120,35,-108,150,71,83,13,217,-18,-6,90,18,-162,179,-26,81,106,-211,-6,-96,-61,50,239,-80,105,-181,128,-154,-25,-93,67,-46,-96,107,21,172,14,207,3,-176,-4,89,115,184,-34,-81,30,-99,15,170,-58,54,96,-6,-29,3,140,-6,-1,-50
115,58,92,61,-59,130,165,106,113,17,164,-66,48,81,11,-56,42,57,191,-124,40,-3,70,-25,-59,-54,54,3,-77,-24,-78,-27,73,38,85,-90,-46,259,31,-101,-63,-3,-25,108,47,-30,-79,11,-140,-20,-53,45,110,-33,79,50,85,19,21,201,-43,-12,147,139,40,-299,-76,21,-13,83,-99,-188,-18,-4,111,-15,-114,93,16,-25,171,-27,73,-94,-16,113,-84,35,34,127,-18,37,200,42,94,-203,25,-19,-57,-135,-36,-62,-149,69,3,50,134,73,-59,24,-256,52,198,-48,-85,116,92,148,40,117,5,7,-88,187,20,-43,83,89,-43,21,-51,58,98,-56,84,53,-44,262,92
180,-75,-25,-116,42,105,-52,-33,31,46,116,28,-189,88,-71,65,111,111,281,87,-56,117,169,80,100,-115,-49,-118,-109,-13,-24,11,-105,3,-35,-17,283,-121,-17,-149,52,-102,79,84,-51,175,48,-187,-32,96,100,108,-159,39,59,164,161,-38,-126,-62,49,10,209,21,-5,38,42,170,-24,208,30,52,-21,29,-89,33,-45,-1,104,123,18,210,75,2,3,210,-91,67,-207,117,191,105,-64,103,58,65,14,80,-50,-23,-9,262,-16,-82,45,187,-107,-29,119,56,144,19,-43,77,66,-67,66,-103,45,-12,-11,4,151,-63,-11,44,35,47,1,4,207,-45,-27,-103,125,31,120,-38,80
46,106,102,153,32,75,-7,28,32,150,-3,-44,119,34,108,29,-31,-107,68,128,118,53,2,-118,-97,126,106,42,72,-51,192,81,128,17,93,-81,17,84,-285,-3,-44,-81,-44,40,84,33,136,30,-64,22,106,23,64,-74,57,51,-36,32,-8,-13,135,127,-10,109,86,84,42,-45,-176,-18,80,-102,57,194,56,-88,-103,259,55,-118,311,41,68,-83,17,183,-18,74,55,43,-31,67,123,-158,-34,-88,50,32,206,118,-46,11,49,61,212,25,42,-52,181,81,81,128,-74,68,44,-20,233,31,6,207,54,60,27,43,199,34,118,71,266,-68,-90,138,120,1,11,19,-17,58,150
58,130,88,-16,-45,-44,20,-137,-86,-36,39,42,-64,163,95,24,163,11,9,34,65,49,-150,-2,27,-25,-85,200,106,76,15,21,83,-107,129,-31,-153,154,-41,-41,-38,-141,55,-22,74,-128,39,2,206,-2,317,103,-32,62,8,121,-107,51,-74,173,105,48,30,-79,-1,38,-27,132,-155,22,209,66,76,200,122,61,-55,-85,16,66,106,124,-35,-123,-6,63,-74,-11,-44,76,-33,37,-78,122,-126,-42,-104,19,215,162,-194,158,-82,-128,81,-62,48,-131,110,-54,-15,-92,-9,74,200,-39,165,27,-92,-9,44,90,49,12,41,129,-10,-63,215,121,108,68,87,135,188,-76,222,11,86
149,27,116,37,-118,50,-154,-122,25,-50,-3,-100,-60,97,35,-46,206,-48,45,-79,17,39,-35,-36,83,29,-138,-151,-81,75,-67,68,37,5,45,-24,31,123,55,38,57,142,-184,64,31,-74,-76,-123,154,67,81,52,-105,-2,215,-72,62,-79,257,257,185,-74,195,149,32,-58,-50,-37,-28,-103,-35,-37,81,118,-97,41,-138,86,49,138,99,71,-45,178,96,34,-11,2,-31,54,-47,79,33,-70,-1,105,8,7,121,104,51,65,-51,110,-50,-5,2,135,53,129,-52,64,139,-68,64,196,-22,177,-176,89,43,-76,115,16,-20,-77,116,-56,-152,-11,-16,35,-74,-81,111,206,128,100,-64
-22,45,-70,190,-88,60,34,2,262,8,-22,85,-5,140,56,-2,8,31,184,108,3,-107,14,34,-15,106,-43,92,212,101,134,-72,-94,87,-7,-103,90,86,63,-84,62,-63,-178,-27,17,147,-53,-119,-120,155,-73,-21,15,-79,194,92,-61,200,130,-25,143,52,93,13,113,77,-70,71,87,-96,28,-156,52,33,-97,88,14,239,109,-78,-27,11,115,28,151,62,267,2,-68,94,2,31,130,149,68,68,93,-12,10,55,-91,92,52,-82,-141,42,-3,36,-148,-24,-88,174,-37,0,-119,67,95,71,-51,62,12,-69,-119,-158,-22,3,79,95,190,-45,46,-291,-44,-69,-64,0,71,21,90
100,28,143,130,-59,-9,-95,185,-11,-135,-14,-35,-92,22,-30,-28,19,-82,60,125,114,81,-105,-3,11,50,61,-125,156,-104,50,118,-57,8,73,105,-90,35,85,70,121,14,-9,109,178,-20,91,-19,42,43,-92,211,-8,-34,205,138,65,-41,190,-101,34,-21,-94,-24,103,11,51,-41,20,-2,24,-182,-207,63,23,-101,-98,-72,1,44,-21,-47,-136,-50,5,-66,22,48,116,207,-69,-74,-14,-90,82,-93,-13,28,-15,-106,94,244,4,7,-32,65,180,-25,102,-16,-123,130,101,-84,78,261,20,-55,-52,14,-149,-38,64,93,90,16,-33,-1,-45,89,64,81,111,135,6,-24,-9,62,259
132,-61,71,-46,22,103,58,177,-160,131,198,-158,288,80,-133,-101,-5,40,-97,68,-189,69,126,-149,-25,-29,-23,22,-64,-87,68,-12,3,70,53,82,-44,-18,16,148,-103,76,5,133,42,-62,68,66,-33,47,73,178,196,235,-51,110,93,9,117,59,76,92,-39,29,-46,131,91,138,17,-167,-49,151,41,-110,-13,75,-60,7,56,-37,210,53,-46,68,-8,-19,43,55,259,2,159,-28,23,76,-94,-123,177,-53,-54,119,82,15,71,51,89,-5,2,69,-54,130,53,68,-46,9,124,-45,-35,-185,130,114,-41,74,214,207,122,-21,209,24,32,-102,-9,37,-8,-100,6,204,-135,70,138
32,40,-105,67,-76,-1,-172,-49,-128,22,-11,-75,91,24,105,-223,6,124,-110,91,22,16,-26,-213,8,38,70,60,-12,-21,-25,152,-15,-34,22,97,-46,24,63,-135,-93,-122,80,-155,47,-33,59,-108,7,12,40,191,63,41,252,3,-149,-82,144,38,59,89,147,43,10,-92,-42,-122,-61,-12,148,28,-51,22,-72,53,-104,-4,-7,-218,-149,113,5,-206,-144,173,-110,61,99,32,-12,-181,35,6,-108,-18,93,26,-33,-11,-303,-27,-125,8,-4,82,200,-123,108,-152,-72,125,-84,-160,107,-10,49,100,93,28,-113,-12,-142,-39,-33,158,22,-50,51,128,139,-105,-15,-65,35,-77,-90,47,1
190,157,71,127,7,-188,184,122,-84,-138,-102,67,2,110,115,-192,57,-53,-41,114,103,60,-3,-139,-72,301,41,-20,-129,-66,88,63,-4,181,126,-216,-63,114,-89,5,9,-81,-126,77,-24,145,60,32,146,122,241,32,6,-85,-104,136,-45,138,-30,204,-14,73,-166,-45,-62,40,91,-135,3,-26,27,-20,-132,-6,177,82,100,110,-62,35,-9,35,-27,-57,-2,62,65,107,96,175,16,-170,-21,-21,-102,6,-134,-14,-36,41,49,29,-38,90,-6,-7,53,65,163,37,44,65,90,7,16,53,-16,-90,-36,-17,-35,-54,49,-32,12,-115,79,-209,-4,30,4,105,-32,46,70,48,8,106,237
63,81,75,125,12,-129,-13,-71,86,11,23,84,103,148,129,40,140,-186,60,285,129,-126,-131,-141,85,-30,-236,16,195,116,45,89,11,2,216,46,-48,2,-89,-48,26,268,110,-31,182,87,31,-20,182,137,71,44,22,31,145,84,32,-16,189,57,-32,-93,110,238,76,58,180,207,160,70,198,-32,-12,-125,-40,140,85,63,-85,239,66,-7,157,69,-29,-36,90,89,54,118,160,70,132,80,124,211,96,93,40,119,105,87,177,10,-15,-26,18,-24,78,55,36,86,45,25,102,-24,184,-58,-69,-99,-15,108,21,141,56,-126,33,36,83,103,45,193,45,143,-152,90,62,2,-121
59,-62,185,-25,187,137,-106,150,32,-3,-62,180,105,-32,4,-36,34,82,119,-75,-29,-94,75,-106,104,184,153,-88,-48,-2,285,47,-14,91,61,-70,-135,51,177,144,-103,-144,16,-53,90,26,157,-29,-26,148,59,2,72,-8,-25,13,35,-43,99,-8,148,-15,138,149,-99,-8,30,105,-14,-112,-173,45,177,-2,-61,37,-104,259,67,41,-37,120,204,69,-104,69,-12,104,4,108,-17,30,4,-195,29,152,97,10,-97,-7,78,100,-51,-38,-71,16,-71,-22,-2,22,-95,165,121,-23,-99,-47,210,-21,-12,184,246,116,115,-59,-20,-27,70,-9,48,102,40,161,-141,195,-84,75,140,67,-80
2,-106,231,18,119,32,-180,-134,6,-36,-73,-59,-57,87,34,59,44,253,-70,46,-76,70,37,53,156,27,69,104,-3,6,257,178,130,38,-116,172,81,30,-22,93,37,40,-109,-55,6,-134,139,-54,-29,222,263,161,14,-33,184,134,43,-99,120,149,5,8,-49,85,-79,1,198,30,2,168,201,-23,115,-49,19,195,-84,-25,87,-17,-190,140,60,111,-29,23,76,157,138,68,-29,97,103,25,54,50,135,-28,39,-47,92,36,-13,23,46,75,140,121,177,7,-118,-77,115,-11,-114,133,208,65,69,222,-75,64,-37,104,-57,29,-7,63,-6,115,88,59,-25,-34,-45,-43,62,-138,39
18,16,-91,-71,44,144,32,-34,67,-198,152,4,64,-79,-195,-53,-34,137,-21,-41,32,18,51,-43,75,84,18,-40,-127,27,-24,13,-10,-105,5,-59,14,45,-143,-55,27,42,123,52,3,46,-139,-190,149,37,-30,-57,-154,48,212,-6,-60,49,-94,-62,-31,247,53,-46,-150,87,-68,43,169,137,-102,-21,17,-64,26,116,208,75,-175,-103,-75,81,234,146,-37,-125,37,-203,-122,-185,68,1,134,83,120,-30,51,-129,11,12,96,165,-149,7,-151,34,-37,-110,31,75,-140,-3,-86,-71,167,-23,25,-35,-90,66,-30,4,40,-233,179,-41,76,-2,12,-43,-109,54,-209,104,-27,-140,-150,-100,-2
16,-101,175,-34,-134,47,31,-20,107,85,89,-17,2,183,-131,94,11,197,-130,30,81,179,192,201,-69,-24,9,147,67,101,213,32,58,116,93,316,89,87,-89,273,108,103,-187,159,-81,127,95,105,1,188,34,89,81,153,64,23,79,5,38,259,-157,9,-20,140,70,139,116,-135,-269,77,65,106,92,29,-18,-72,-38,6,162,6,79,76,85,169,41,186,16,110,-3,77,-60,126,-50,86,-234,105,138,-189,128,84,-53,32,22,-8,-53,89,-39,321,49,-3,46,-90,120,115,-4,188,31,88,201,195,-47,134,44,124,272,143,16,-29,113,76,63,108,102,88,85,-153,119,-17,40
107,-140,-33,-126,-16,-54,265,87,-81,-10,48,-81,-8,-154,-76,-124,77,167,111,-71,67,-6,42,113,21,-36,-27,-30,-52,-102,2,-44,135,24,-60,63,-66,-49,-91,-167,-69,134,-92,86,30,7,35,-10,-11,154,-76,90,-133,-46,65,131,103,100,39,269,124,44,150,65,-103,-95,9,-26,54,148,-35,-35,-20,73,66,92,128,40,113,-89,5,61,102,-92,40,-62,40,74,-97,52,-26,107,-33,-130,-44,-113,26,-87,127,33,36,65,-116,-4,15,13,47,161,82,116,-78,-32,48,10,-79,-22,-255,8,47,65,114,-100,-221,-52,21,27,21,40,-92,-27,94,-85,-53,-73,107,107,86,-9,61
32,-162,-63,-46,46,83,53,6,72,48,61,-30,-74,81,18,126,-79,42,-100,-178,-125,34,15,52,4,20,10,144,248,5,-38,-96,-15,75,-77,171,1,82,21,138,77,162,-290,243,30,96,-16,40,40,24,-115,-22,168,106,154,-53,30,-162,11,30,84,-138,-42,5,80,174,-69,187,144,96,94,63,192,-54,118,11,-28,-79,-3,-132,347,-111,172,-9,3,-21,-27,25,-139,87,-152,111,-52,21,-81,174,113,-13,2,106,-101,191,-41,-39,-59,29,37,-86,6,-72,-27,59,-62,173,-33,3,6,267,171,-26,68,187,-138,-29,119,31,-30,194,-29,-52,80,47,-78,80,39,130,62,95,55
175,-124,-224,-109,-3,7,122,-31,6,179,151,125,-31,56,-136,112,-51,223,89,53,-48,87,-8,-59,-43,69,66,-12,36,-9,210,45,133,37,119,-8,-29,31,-142,-20,160,35,-263,195,-4,15,-51,121,-114,314,-231,108,42,-179,-82,-130,38,-11,35,-32,30,16,52,90,96,182,-40,-59,109,170,3,-140,-121,-8,-21,-11,166,-85,-2,-3,12,50,-22,26,24,-31,112,84,117,17,-48,378,-17,-8,7,21,0,-244,-9,42,19,-95,-27,110,99,-42,42,177,149,106,81,34,-19,82,42,-86,138,156,240,66,60,-60,-94,-2,142,13,42,-24,-57,-78,80,-54,101,-23,21,223,70,0,202
-42,146,8,77,43,22,-46,-79,283,56,-179,87,32,-10,19,19,72,-217,139,-77,-9,-183,-19,55,-30,-46,13,53,-18,-87,-118,161,-22,-29,121,18,-49,138,-154,43,52,8,166,163,-124,58,-148,-89,55,-157,-26,-13,4,25,135,18,-190,-141,142,67,-79,-150,32,134,106,51,203,-136,67,41,22,56,56,107,111,19,-40,255,19,153,-25,248,75,-116,144,124,52,3,96,60,131,85,460,177,-66,57,-20,-75,134,50,1,-110,146,9,-100,26,-3,-8,-162,78,-113,-10,92,-17,68,16,68,113,-88,-30,149,28,140,72,215,154,71,-6,-111,-80,-347,124,-70,66,-138,28,13,-101,-88
61,-59,82,143,27,147,44,-49,67,-8,100,-37,115,149,-18,158,20,110,-48,-43,-238,93,137,-4,-119,-93,36,51,-49,-104,195,58,5,95,119,203,-82,43,29,31,74,-37,5,141,74,-28,212,-42,47,300,-133,174,53,23,-60,-9,-37,-72,-98,-103,53,126,10,123,4,58,8,328,10,38,-27,20,115,100,-32,-33,-24,-21,144,10,-1,-8,153,61,57,16,50,-8,-87,112,-10,117,-89,-56,85,57,-24,-109,125,143,257,49,43,107,-137,84,-122,38,116,-11,-60,17,38,62,43,142,141,43,118,18,106,306,238,-25,186,19,13,38,43,56,48,59,85,-120,85,-117,-36,103,16
-22,-34,88,176,-70,-145,-91,-31,73,100,-24,98,73,267,-40,104,191,14,37,-21,80,12,100,80,-9,-87,-34,12,-13,57,150,-4,58,72,1,138,-95,264,18,123,-6,79,-52,77,0,92,62,94,4,-114,74,98,3,40,261,81,42,-64,193,119,17,-76,-76,93,-183,-20,120,-86,-132,89,53,160,85,-58,-1,162,-107,146,21,47,-91,62,257,53,-25,9,84,54,76,97,-99,124,75,31,106,111,60,-42,178,-222,192,84,71,-14,69,-14,107,112,-29,77,25,13,184,-100,-124,96,-38,40,53,-46,14,46,65,6,179,21,-34,195,-61,-38,121,63,33,118,79,-6,-120,-11,-55
-41,-14,30,16,-202,-111,1,52,-149,2,42,176,160,114,-140,-97,12,-47,110,87,150,-70,-32,4,15,7,17,42,58,7,12,-59,59,-7,15,-67,24,104,-116,91,-54,83,141,-93,-23,-26,-55,37,-58,1,97,31,-239,87,95,-41,205,63,108,-3,-23,-34,117,111,112,-147,-67,-135,-65,100,91,-23,-193,32,-84,97,-36,6,107,-18,58,-26,34,117,90,-189,-158,-99,-157,65,43,-98,-105,-7,-82,-132,61,156,34,11,3,63,175,-114,-40,-139,40,58,-81,-32,57,-95,29,-81,102,267,-185,-103,-103,79,-78,-66,-63,-19,161,17,-122,-27,47,-25,87,3,43,132,-62,-135,46,-174,-190
205,59,66,7,9,-55,-118,-21,-88,155,88,75,86,-35,14,-68,16,25,-15,58,-57,14,-31,-149,-49,-155,271,96,113,12,-11,-46,147,108,-166,122,-33,169,44,116,-99,26,26,-65,-51,71,165,8,53,9,-38,78,106,-158,-39,141,-55,-28,51,51,171,-26,-10,18,35,49,34,90,7,-13,0,224,106,-31,-15,124,-193,-169,75,3,109,-19,125,-160,-10,73,-109,-163,-129,-88,-46,-107,-76,-91,-44,-93,-90,20,-16,48,-2,188,157,-66,29,18,-90,-80,53,-51,-51,-85,168,103,47,-19,-107,72,101,121,20,94,67,95,53,-127,-86,-50,63,107,-169,145,-102,106,25,-28,23,57,-52
45,130,-146,61,-121,198,61,-109,-148,80,130,57,-44,-41,-55,33,42,113,93,-108,56,147,-10,106,-92,225,-67,-95,-1,-68,-179,60,72,11,56,96,41,28,-5,-71,150,172,34,158,-105,75,50,-26,33,172,18,-145,-78,-15,-14,-39,-16,-151,-219,99,87,8,-109,-40,7,-106,-72,118,-123,108,60,-147,-118,-172,185,49,97,11,3,38,-72,-157,-111,157,123,217,-101,142,-142,146,-70,-148,166,-81,-81,-103,-80,-3,-52,129,-14,-18,-55,-13,149,57,-48,76,99,-33,38,-42,-142,3,91,127,101,51,-25,51,92,62,107,23,-31,40,10,21,76,127,64,178,-104,10,222,3,93,-96,150
30,-45,-10,27,163,224,-31,24,106,-67,84,-98,41,89,-71,148,-35,-149,233,-65,-108,26,-8,305,46,28,-40,107,60,22,-130,-8,130,144,37,-25,33,125,185,48,298,-29,-145,248,84,17,60,115,-51,-76,189,-237,237,127,-54,17,56,-123,-80,-48,127,19,131,-47,87,12,110,133,62,-121,60,57,-55,14,75,174,81,25,-116,103,43,68,-11,45,95,122,204,-46,-23,222,18,65,228,71,-76,-26,48,13,-116,25,109,-28,104,133,124,-118,-91,-89,-5,67,112,43,4,181,68,118,-71,170,60,-136,77,48,-55,-5,50,89,-25,-75,-204,87,-14,-64,37,-41,171,203,145,28,296
25,-13,113,-122,126,141,19,94,115,-2,83,114,-25,245,131,39,44,-7,80,-72,-41,53,137,143,-16,12,-18,-45,-192,-184,101,178,-17,-62,10,46,-11,126,-70,34,52,0,-147,19,-180,21,-97,44,-45,87,-4,78,30,233,56,-2,42,-62,104,76,-53,-70,87,27,-77,-88,51,166,-110,25,14,70,-5,119,10,80,95,11,36,39,119,159,108,296,151,-203,41,72,-49,186,-131,23,6,164,4,3,-121,-96,-84,108,117,110,-27,34,65,44,121,119,61,173,44,84,60,116,110,72,-95,3,104,-28,-16,141,148,37,181,25,-88,163,-57,-130,83,111,53,73,77,181,68,3,-113
171,181,-26,237,-110,154,104,-89,47,70,124,296,114,208,85,-22,216,45,9,140,116,-8,-179,-103,111,125,-36,220,200,116,0,223,330,-78,305,21,77,200,218,117,281,108,144,203,156,166,13,11,86,22,97,157,-34,15,17,3,-109,166,23,106,249,76,104,140,364,4,140,219,-27,109,109,232,0,-2,-36,16,91,99,-8,121,33,186,60,-31,154,51,-17,87,-33,160,334,0,153,50,157,-123,-18,188,82,165,-28,22,136,114,59,53,32,-47,-30,-184,122,-96,77,-8,291,87,34,-5,117,30,19,-11,341,211,168,193,-85,-63,69,-144,-16,84,85,44,-16,88,124,-68,137
-92,-59,172,165,42,-161,96,68,48,113,126,44,193,112,147,249,-36,-69,10,82,-27,-60,147,48,6,-148,89,61,74,37,100,-26,69,69,4,183,-134,-166,100,-113,-42,18,89,-54,58,-130,-23,191,-39,-78,70,152,76,39,-141,220,43,-162,92,37,42,4,145,7,28,-10,76,34,-133,-311,-6,10,127,32,-171,47,10,-40,188,161,20,72,76,6,-137,-98,124,4,221,191,23,103,50,13,-114,134,40,-42,106,53,41,-125,153,-80,-77,-88,-34,68,75,224,-75,-218,50,2,-191,49,-54,-2,97,13,-59,-63,2,123,51,-73,199,-141,-37,45,47,71,120,-49,-76,-48,-28,38,6
-176,58,108,91,-14,89,349,153,-6,-84,78,181,-8,73,106,-85,129,-88,-135,-89,-36,156,87,-168,-168,22,55,-17,-136,-183,12,200,18,148,72,-83,26,-17,-14,-100,-59,95,128,136,3,-35,19,81,-131,91,-72,24,-92,64,-120,-19,-76,17,52,73,-133,-77,60,182,-60,3,-15,202,-62,130,-79,-91,75,-213,-142,143,-36,59,-32,-16,-91,4,-26,11,44,56,-65,126,-5,97,-84,10,-120,-51,7,-64,-54,-247,68,72,97,-18,-93,140,45,115,146,85,206,137,144,56,-23,59,-102,-25,-48,-5,24,-35,-63,-78,204,228,115,-40,55,156,43,52,-25,282,-130,-77,255,-1,-27,-58,-12
68,67,-46,72,-28,67,-133,-54,23,178,149,87,36,189,94,139,218,2,42,171,-20,122,-50,-94,12,177,6,16,117,-39,54,-7,74,120,89,60,-35,104,-69,12,294,170,22,210,43,-11,105,226,-27,165,15,-72,24,-70,23,-79,146,151,53,1,170,-12,126,120,-115,124,90,87,-25,-128,-57,40,144,-23,92,64,67,104,113,34,331,-24,68,244,116,77,9,189,-116,137,-81,14,39,-155,106,-89,96,89,10,155,-134,-153,59,240,147,168,110,-29,44,93,68,-56,162,35,196,7,99,0,87,67,21,224,69,-9,9,-44,148,25,122,-111,55,148,-124,42,58,257,242,47,160
3,-135,92,-81,5,62,-99,41,-91,100,32,40,-124,80,-77,8,133,-28,17,-147,-4,123,50,135,67,0,-274,-2,161,-33,-136,-98,37,-163,6,154,-101,91,85,-42,-134,-112,13,165,-69,-134,21,117,0,-124,87,-142,21,109,345,-68,-7,14,-103,80,67,30,7,-93,-11,-24,19,-21,-56,-207,-57,-83,-36,-8,275,40,46,58,77,138,272,339,75,131,169,-117,-81,76,6,202,-115,142,76,95,-78,74,16,-16,28,-57,102,-55,142,63,-53,49,-20,97,-74,62,-29,76,13,-15,209,215,-68,-34,-27,-27,-17,-20,109,-23,-68,55,-83,-139,-21,-26,65,-86,36,115,28,17,124,71,-25
167,58,26,32,60,144,39,33,91,49,101,98,4,25,145,117,39,3,56,-29,74,33,-30,-47,51,-30,53,41,72,14,-48,-64,47,106,88,-104,42,4,154,93,135,7,-4,-1,57,-9,126,-76,124,0,157,56,118,43,-171,-76,40,183,-2,51,-47,-289,83,-120,-43,25,85,172,9,45,-53,259,73,-34,38,106,61,-110,42,71,151,211,124,219,139,-152,109,21,102,111,-32,-108,36,213,8,-112,-41,-93,36,193,-178,92,-102,50,217,-30,-14,-72,-52,102,2,50,160,204,155,-117,-87,8,55,106,51,161,114,-102,0,52,-51,-135,-23,96,-9,11,68,-87,56,235,1,73,-117
71,58,-61,56,203,47,53,130,279,96,168,-167,92,109,56,83,-10,36,272,119,24,115,74,128,85,-65,66,36,-125,74,41,148,-97,-19,64,99,6,154,62,64,-10,-55,67,199,-45,-78,40,-104,37,31,109,82,60,-104,-17,76,27,8,-129,-128,19,189,113,93,29,-60,105,224,-62,84,17,46,54,9,199,170,11,24,182,-40,-77,69,84,152,-97,76,222,189,123,182,237,17,173,-138,235,40,44,-152,24,-62,129,23,94,2,90,-130,59,-164,171,13,28,18,44,11,-166,-142,52,-50,4,-19,35,-55,33,79,85,-96,-99,167,-67,95,-3,4,-2,83,74,167,10,-25,272
-50,-79,56,-29,-113,45,82,41,-37,-20,167,163,23,47,25,23,-20,3,116,-48,-15,-54,-47,14,20,115,1,-35,68,-10,-30,-73,-123,24,98,-13,96,-102,143,-90,82,83,92,109,197,127,-87,93,-161,55,126,-72,-73,-4,-14,146,-4,-27,247,285,96,-204,61,14,-4,48,-72,61,39,-214,54,-17,140,65,-67,127,-209,-94,126,-41,134,-113,-44,128,48,-70,56,-15,-86,190,-131,-55,-115,-113,-19,67,62,-143,-171,-7,-71,-103,33,-101,-223,92,130,83,-45,7,111,41,-112,-186,50,164,-55,-19,13,-23,-106,-13,-77,14,-89,-58,5,5,72,20,243,22,-60,55,141,-15,7,44,256
-8,0,76,132,-46,31,39,-30,-14,57,7,127,136,150,60,14,113,-10,-23,38,109,41,-7,139,38,127,-126,196,-149,-104,171,-33,-153,12,1,17,178,-198,-110,167,14,-63,-10,185,8,-15,13,239,101,72,129,15,195,19,-89,36,55,97,18,32,106,-40,40,-23,82,71,-66,-43,-27,-111,35,8,60,31,-24,23,-28,95,33,31,165,-86,54,67,108,86,24,135,-46,116,3,63,-172,-58,-126,69,77,39,-84,64,54,-231,-1,-64,103,-114,21,-103,58,193,189,139,-102,73,-149,17,-129,-122,70,-27,30,-39,17,-10,86,-25,-27,139,-7,15,98,-88,65,140,-63,-45,179,-31,153
102,-47,2,-39,-52,-14,-86,15,32,320,28,84,44,46,0,175,150,62,25,-52,-159,-123,-41,52,84,-26,-30,73,34,-46,-88,-47,59,-118,28,53,-2,43,-109,-7,8,-89,55,89,-167,-16,-160,105,-14,9,-143,123,24,247,171,10,-1,-13,-2,-112,12,33,84,195,70,-12,-148,-32,30,249,-19,0,26,59,-138,-126,135,-142,99,95,36,156,232,20,109,-148,-117,-67,12,-187,103,140,225,121,63,31,85,27,130,118,-103,8,127,-136,-53,0,-8,23,-73,-40,20,79,70,-126,3,-102,48,120,29,62,184,-38,-16,61,116,180,-16,-29,-164,18,96,52,178,-120,-41,201,-154,-27,-74
-174,-165,-150,-142,-133,140,95,351,69,69,121,5,4,22,-30,129,-127,111,102,-164,90,95,11,48,13,-111,-130,-140,-27,152,-68,-145,68,-14,-4,85,-88,-104,-51,-45,-23,139,-137,85,61,102,112,9,-38,20,-107,-189,-21,-75,107,-130,191,-60,-26,5,150,79,6,5,23,-34,-109,-80,-136,84,-89,-78,-91,32,112,-119,-24,-170,38,8,29,8,23,85,79,0,-57,53,16,137,38,57,106,-91,-33,-39,-36,55,-21,-80,136,-67,158,68,148,-164,-33,-144,220,90,7,55,-51,-9,-73,-5,-114,38,220,63,-51,-41,-38,-61,-125,23,35,-65,-58,-168,275,-190,-95,8,206,61,123,33,61
85,-41,42,93,229,-18,37,30,133,235,91,-78,273,78,22,116,-45,42,69,45,35,-7,-92,-112,94,-35,19,22,-4,249,-140,-112,130,144,61,156,218,-39,122,122,134,141,24,-136,-4,133,16,91,76,180,39,97,105,44,42,199,-98,146,136,326,7,128,150,117,20,8,36,-26,62,-43,91,99,120,-47,-44,179,113,27,107,17,189,156,52,173,156,80,118,34,65,-112,124,196,103,122,60,72,-46,70,-10,127,-65,-91,242,122,37,151,28,155,-22,112,134,14,197,102,210,-129,74,-202,-140,253,5,2,100,-90,2,-175,143,13,106,-78,-201,25,-49,-25,19,228,201,233,117
120,-204,101,-62,-16,-49,30,-27,70,90,1,24,16,55,54,-66,21,-94,20,-7,8,119,-92,-122,-36,-142,-63,65,3,-126,-58,-9,-94,218,117,74,-277,146,57,-2,29,155,75,61,169,148,-39,9,-90,-237,66,70,106,-40,204,-144,146,86,305,-3,-138,-19,-19,-106,-87,153,35,10,64,53,7,107,167,-85,62,312,-29,-27,16,61,144,-33,163,-46,-121,84,140,37,115,27,-68,38,230,-21,20,54,48,-65,34,-99,2,2,-160,100,-54,104,54,-90,-103,-20,-91,48,97,115,-85,158,-87,99,94,-64,-234,65,73,218,-6,55,209,73,-87,-56,91,44,55,58,-56,95,99,91,102
61,-26,83,-145,-13,60,100,123,43,85,2,-83,-12,33,-200,-97,140,8,131,-162,151,-20,34,189,87,-37,-206,55,-149,320,-25,-48,-56,-72,100,-44,-42,5,55,12,69,-29,-76,149,151,208,-79,-8,-106,85,3,-42,-31,118,75,46,163,-5,259,285,-121,49,35,40,29,-75,22,18,-23,-124,36,-31,-61,35,78,68,56,77,-59,254,-1,180,41,-45,96,154,17,-69,-18,-5,80,228,8,143,98,70,16,-52,28,30,10,133,78,-25,-33,125,51,213,66,167,146,36,176,123,17,208,-92,31,73,169,105,9,34,196,85,-74,90,84,72,70,-49,146,125,-95,-159,139,194,95,129
50,10,126,137,-63,-92,18,-19,246,-82,13,3,-18,146,41,38,-56,-94,89,49,158,-49,-19,31,15,162,147,20,67,261,23,48,102,47,96,-160,35,90,160,-16,283,212,-113,-27,36,33,113,-36,57,-104,-28,-239,-56,-202,-9,27,-62,29,42,231,9,8,168,48,15,105,116,-3,-47,18,1,-31,89,208,-13,49,-10,55,-72,56,97,-172,22,42,-27,25,8,17,32,-52,-78,-56,221,-225,-5,-32,8,167,31,28,-19,-92,-43,-16,15,3,-6,48,27,-110,-165,-127,122,-46,-102,71,-18,90,18,143,-85,-6,-18,98,-23,-73,147,-143,75,12,-60,47,-10,15,-81,123,80,72,143
2,157,161,220,151,14,148,105,46,82,160,169,39,99,45,-52,0,-172,133,-40,112,-7,-4,43,16,88,69,38,9,66,159,116,-123,127,-14,43,137,105,-6,171,221,3,35,99,85,22,55,16,-36,111,50,-224,-61,132,87,-4,51,210,94,210,75,-59,-9,106,60,-4,-114,127,-40,-123,117,-12,-4,23,-28,-1,-61,236,45,176,229,-60,103,211,31,81,181,255,147,31,4,107,150,-35,53,259,-4,44,50,-214,155,-75,-59,112,-5,86,128,161,156,63,58,35,-14,122,3,49,119,-37,-76,94,72,-289,260,32,-58,73,63,103,118,26,35,16,-50,178,41,175,88,92,105
-101,-202,-177,-71,15,8,-8,-100,-146,163,-119,173,-130,-111,22,-62,-89,13,-102,-79,53,72,-31,119,18,18,49,-36,-54,-91,-87,-76,0,-3,-180,-90,58,68,-164,102,-68,121,7,-68,-42,251,-1,-21,-9,85,-133,123,16,-262,-102,-36,-47,-79,111,63,1,-47,-123,-131,77,48,-87,-206,-125,197,78,-8,-120,-182,45,-69,22,33,34,-13,-51,-39,-58,-97,6,10,124,-31,-139,9,-61,94,-44,-146,-30,82,-2,-98,64,5,-97,37,-18,-202,-147,15,65,-44,47,2,148,-196,-122,164,72,28,-171,-47,-52,-85,-176,46,-25,-71,-4,-170,-39,36,-116,-31,-129,64,-94,1,-47,-169,-62,-150,214
181,-84,-85,23,52,59,98,62,-39,159,27,97,57,-41,88,-51,5,132,-72,-76,109,-148,-26,-5,99,139,23,209,-218,167,22,26,61,73,153,222,31,27,30,59,160,-14,-136,246,75,217,45,61,-24,62,-14,126,140,18,-60,-30,-4,21,152,156,33,-51,2,-8,73,-37,13,-44,65,49,63,32,-83,135,34,-23,-64,-14,-163,-58,147,-23,45,-117,136,177,-126,-54,1,28,158,16,131,32,113,-49,-150,93,-41,-77,-56,-9,70,10,14,35,53,-42,59,74,-23,48,68,98,-67,61,-61,143,256,104,136,-24,-36,37,-12,-29,186,-8,-40,26,71,66,46,-15,-65,56,128,132,246
43,-29,-28,51,-193,24,32,208,-21,-233,67,91,54,177,46,-24,177,-59,-103,42,41,38,-80,77,176,134,119,41,132,5,-32,55,5,-94,-122,123,45,51,79,-29,40,4,124,3,-135,-58,72,110,108,40,2,33,-37,170,92,209,-79,215,25,22,111,110,-54,83,-214,271,101,70,-113,157,29,0,-29,-43,14,23,88,-11,-49,-110,-39,99,96,33,178,157,-7,7,-94,166,20,37,44,8,20,-2,220,35,-67,140,-124,99,151,-69,85,259,150,-112,73,39,31,61,-29,-13,79,39,11,-36,-41,112,-69,58,-83,25,-8,29,93,79,99,120,17,-14,53,39,5,-157,55,88,136
31,91,88,121,-102,-40,23,12,15,54,48,-81,9,140,15,64,178,36,83,-56,120,33,-58,77,145,-129,-65,167,-43,175,-103,126,62,162,82,323,79,228,67,-89,58,35,47,78,50,-40,120,164,157,67,-65,126,88,44,67,18,-36,-22,46,220,-128,11,126,196,-24,2,-4,60,-60,-1,97,25,118,62,40,162,63,-83,138,-71,28,-67,149,109,-1,100,63,176,16,151,19,-18,183,101,124,-10,61,6,-24,-76,133,54,77,1,128,119,64,194,73,36,-109,-68,52,-95,80,-2,96,35,77,-1,160,84,60,43,86,-5,5,7,190,212,100,240,101,29,147,28,-65,-40,106
52,109,-58,47,-3,177,87,-264,8,67,-13,34,87,93,-151,123,-44,-30,122,52,56,-68,-22,-38,-36,9,-189,172,129,48,-78,-167,85,31,208,63,-35,-133,-17,3,-197,-51,24,119,-57,34,-118,12,-155,-146,115,59,-30,26,28,-34,66,98,-84,-18,-40,-49,150,9,6,92,29,-79,1,-227,-47,117,173,32,35,217,-41,24,25,44,110,-3,-58,102,-61,-26,45,50,12,56,-16,168,-144,150,39,75,93,-244,105,183,-32,-131,-81,11,-82,-151,-159,9,-110,35,204,108,38,-96,86,152,6,-41,-93,35,-11,151,146,4,113,112,140,-35,-9,-80,180,-134,87,7,-39,72,30,-171,-106
143,5,-42,-50,51,-57,173,64,-91,-73,-30,199,-21,64,-22,1,189,-23,-15,-53,-46,-51,64,254,81,-201,60,-4,34,101,248,3,108,20,-46,-191,-17,-32,33,-153,114,-88,-28,-2,-7,84,-43,-87,124,266,40,28,-152,157,-18,245,-195,206,164,144,-210,-72,79,71,33,-104,37,132,-94,136,25,188,25,-77,-41,97,75,110,64,216,-146,114,137,-59,10,24,64,-48,-263,106,72,160,-62,8,-89,90,11,36,197,-141,-81,146,-12,-206,81,149,-30,182,-68,84,-26,165,87,216,-38,-10,10,11,74,29,160,44,-139,-29,9,170,-84,140,58,-105,26,108,9,149,84,-150,168,-73,22
46,74,130,60,-116,113,-68,24,-12,-53,65,78,116,117,-143,38,-70,-39,91,23,79,-26,58,54,79,132,123,284,90,208,-94,122,135,115,98,115,177,51,-91,178,24,12,-193,147,-47,3,128,209,108,-73,58,55,49,200,18,152,35,-28,-16,207,139,12,86,117,156,10,161,-49,43,-113,53,115,166,3,115,83,1,170,-189,-87,-26,99,-37,4,-31,79,23,97,5,-8,134,131,-96,137,28,-56,142,-7,119,105,-60,175,129,77,104,-76,22,149,204,18,23,50,124,82,37,-186,63,-3,169,181,-73,-46,-28,-3,153,83,29,-25,-56,38,83,122,-19,-48,93,309,96,46,56
59,180,96,98,24,181,14,37,4,8,-62,55,-9,3,-87,222,48,167,23,-134,-71,-126,2,-170,69,114,-11,-23,77,-69,-164,36,110,49,122,233,-53,54,91,6,94,-276,-13,69,-54,93,-133,-117,4,171,106,106,136,10,70,7,-77,41,-101,71,-83,-79,-13,-25,2,-104,-40,151,-26,-71,102,-34,-26,-60,-4,31,56,38,-95,13,83,66,71,-60,-30,46,-68,-53,-117,154,89,95,-38,93,-16,-22,-70,-35,0,165,-98,5,-50,6,-177,-9,14,-37,149,-125,32,145,26,-39,26,-47,171,172,186,93,93,-102,74,-137,87,189,17,74,-54,98,242,21,77,-94,-8,20,73,-1,-49
179,58,-37,-102,56,-100,-124,-20,41,34,-120,162,59,66,140,27,112,-26,-112,71,-108,16,129,69,128,44,-38,119,-56,103,82,56,122,36,163,75,122,48,-92,133,31,39,24,-35,-226,54,-34,-44,30,150,-101,231,-63,-10,84,36,-153,-128,70,217,-44,-26,70,163,-219,56,-4,79,-30,66,42,280,164,-42,155,177,60,102,94,43,86,223,101,-14,49,164,-14,116,-13,78,118,103,16,69,26,158,86,99,179,75,-37,77,244,-150,-182,65,9,-24,-50,77,-39,64,-1,-9,-74,-148,42,-82,171,100,123,-70,-33,-197,84,-76,54,110,-12,71,28,168,-103,12,112,112,1,-58,-30
-27,-31,-69,10,53,101,58,-129,92,103,129,-78,68,43,30,219,-73,0,-37,48,-31,-155,-28,29,1,-61,-51,73,-16,119,-41,-56,-85,-49,6,189,125,-50,168,104,73,166,-25,149,124,152,110,-16,-116,-16,-65,11,154,48,13,-4,21,-48,79,160,107,49,247,142,59,0,97,75,129,93,-14,118,23,100,103,93,-89,-8,-22,72,186,-61,123,36,-3,109,6,120,56,-116,73,379,29,-78,132,43,22,43,100,2,-1,-16,29,-37,136,73,-50,146,-73,24,18,8,-108,136,39,-41,33,-157,92,72,-64,108,36,-4,85,-19,118,-4,-113,56,-27,-115,-50,-78,-7,112,279,82,9
152,-6,-48,-15,-65,87,202,137,-2,340,185,-33,77,63,-30,-70,-47,52,125,-40,-45,60,26,24,-83,-10,23,26,-75,108,10,-127,-2,186,40,159,-151,-19,-135,112,2,112,-214,177,197,52,133,169,-12,215,43,-20,112,-47,-85,69,42,-106,121,185,61,-8,88,56,170,23,-12,50,-182,-173,-10,-91,-88,11,101,64,125,-82,77,245,302,-79,29,50,-38,-16,74,134,76,100,-67,93,-2,111,-9,172,-154,41,90,14,-106,75,26,-16,-30,57,86,73,121,22,74,157,-170,138,-52,-8,17,-42,71,-15,-62,12,139,36,-61,45,66,-97,49,-23,142,39,38,6,112,217,229,22,309
39,48,-73,34,6,-25,-18,128,-42,23,-24,44,47,-70,35,-218,50,33,-88,67,77,-71,-149,-171,30,11,77,105,129,155,97,152,60,49,-5,87,-263,140,103,223,-255,143,48,-42,58,15,230,0,96,213,85,32,17,49,-30,226,-204,177,196,-36,69,-7,-172,39,43,-36,128,28,-7,80,113,96,-3,52,-31,-56,14,64,-47,-11,-130,128,-28,-47,58,70,111,-74,48,-51,33,97,78,-8,32,95,-64,97,37,202,-65,169,163,-80,50,163,153,-44,21,-151,-14,74,178,80,284,-45,41,-65,-81,33,70,27,87,67,-99,-40,99,0,224,119,-269,46,-44,60,-10,-73,13,138,-40
-2,-146,239,-50,33,-86,181,64,154,58,68,-66,-41,65,32,26,80,40,72,-164,-62,-5,91,123,37,32,85,-56,-101,133,24,182,-28,43,61,-22,-126,63,91,-97,-66,-84,-48,-88,-43,51,-27,83,29,193,105,164,77,-35,62,22,-46,58,-13,28,-163,141,-44,-37,106,-205,-28,-32,-114,65,7,-175,98,176,133,66,95,-44,-29,36,122,-147,-17,217,-38,-77,84,111,-137,200,-46,62,-148,-200,-58,87,-41,0,-10,100,29,36,42,74,147,72,61,15,185,9,46,43,-94,133,-50,-140,181,9,182,164,-3,12,-72,238,-140,-25,0,103,111,-34,145,205,96,-12,145,87,51,103,67
160,99,75,130,-38,27,40,-154,-65,110,199,-102,74,89,-88,142,147,78,81,28,107,46,36,18,-49,-59,4,92,-42,-60,-36,43,93,139,113,-12,-35,150,-190,23,67,113,55,43,73,-169,-2,224,69,74,220,169,11,-1,-115,40,158,113,-149,84,176,32,48,166,36,-93,208,-24,-122,112,-6,38,-30,69,-25,60,-95,56,64,108,47,50,103,-15,75,118,64,61,-51,-88,160,93,41,-238,33,-134,31,143,117,97,56,-54,-93,6,25,-85,36,-66,212,37,74,-87,50,-2,100,-43,-104,6,62,73,20,-9,39,115,136,-34,125,32,-100,-7,-48,274,59,-159,171,179,4,56,-16
-58,3,111,-118,33,196,91,28,-7,-105,24,76,44,-146,-99,-75,268,89,-81,-113,48,177,-123,-83,-23,-68,-64,199,-108,274,79,37,-89,21,75,-10,-66,-195,102,132,-75,-115,15,-7,216,27,101,-66,144,60,119,103,44,180,85,27,-229,163,301,141,-147,118,-161,-80,-93,57,37,15,23,-17,8,71,153,-109,-142,-81,-191,-1,-72,-28,-153,184,86,-93,9,169,154,33,83,104,28,-48,80,237,53,167,111,-79,31,30,-302,25,-110,-4,-20,250,109,-158,36,154,90,-15,34,43,-20,7,77,-23,53,-30,-60,69,63,106,-30,107,115,159,-37,95,8,-150,25,-36,62,-106,4,220,147
89,46,-134,135,131,-72,32,-84,-35,300,78,-37,149,-6,-19,40,75,175,84,105,209,-81,-10,-49,80,-176,15,316,212,57,128,-212,-12,214,-6,85,15,-16,40,65,144,52,60,-162,239,320,142,38,172,92,98,115,25,14,18,103,31,260,125,115,21,281,8,40,62,-77,107,109,122,12,228,246,-84,-96,1,158,9,172,-116,-22,-31,-32,273,-95,47,-18,207,-56,-99,-22,159,-65,66,-10,145,37,28,70,44,63,5,124,82,76,77,-75,0,-67,33,-58,162,68,135,164,14,-82,150,-130,-28,-43,123,137,94,-143,-33,-2,9,106,135,-142,-46,-146,-33,46,78,21,16,-24,-61
-88,115,-162,-50,-37,163,-113,-207,-152,97,31,-286,110,116,-18,149,-125,16,-19,105,29,122,-2,-10,-273,104,106,-40,236,-15,-69,-86,90,63,88,92,68,-22,-102,134,29,15,17,-14,244,74,76,56,-27,-40,-89,-41,-69,-39,117,-38,-52,130,72,148,260,87,35,-194,14,1,-95,-172,-214,42,-12,10,-8,-73,113,64,-110,68,-7,-29,122,-20,-9,-76,-167,123,-29,-90,-49,144,14,191,13,-62,-29,119,36,16,73,24,-118,-11,-36,-139,-44,41,100,56,32,-159,-26,55,-233,-82,82,11,130,-18,-109,-9,-53,-22,110,-155,64,98,37,-126,-80,-29,-144,-126,-146,17,-31,-76,53,22,-4
2,-133,-7,104,-21,72,19,96,-5,142,72,110,109,205,-7,23,267,1,-22,-88,201,154,37,52,148,10,-69,191,-63,2,-73,49,-89,-154,261,69,-2,127,1,-174,39,77,181,9,-5,23,118,211,299,-102,142,-50,-68,30,118,-6,128,37,174,195,79,33,48,49,-15,-37,126,-31,-25,178,85,61,61,36,210,152,-56,70,-13,36,58,281,25,106,152,-92,29,173,-31,161,44,18,174,-90,210,-55,145,23,-7,95,-18,-100,27,17,281,298,-23,8,151,-94,32,-99,-77,-9,143,181,104,30,92,91,-120,108,103,104,164,10,82,-56,45,73,-137,98,51,25,-19,-74,90,-38,55
206,-15,0,-26,9,102,19,53,106,-35,-52,-109,-2,142,-65,113,117,55,150,27,-127,-3,56,214,-145,-69,-87,-99,76,8,64,153,7,-41,103,154,-43,104,-99,-73,153,-14,-63,125,-53,240,-59,-222,138,72,80,5,35,-35,146,21,77,50,36,-7,-56,-75,-134,32,-79,72,148,153,-24,144,144,55,-187,-2,-19,-46,-101,-138,174,107,183,34,69,117,80,81,-9,14,-75,73,21,10,237,91,115,-141,-97,-5,6,-41,169,170,88,-100,157,203,-23,23,10,18,25,22,-169,29,190,109,80,58,-19,70,100,129,186,20,190,52,40,114,56,-104,54,68,26,140,86,-52,147,-58,126
204,-175,95,39,110,14,-51,83,30,89,3,-91,79,75,-11,99,160,8,22,69,4,-5,-92,93,-104,185,-69,5,-136,316,177,-16,175,152,-89,172,-20,-42,99,161,169,4,19,63,34,-62,7,78,33,151,-28,181,147,151,149,252,58,-69,-51,163,203,34,93,77,-127,316,4,36,-151,55,88,41,-17,105,-57,110,39,-80,54,153,134,188,-2,6,105,121,-99,121,220,-295,11,167,6,102,-35,-156,185,171,95,22,-41,159,-46,-79,5,-130,115,101,150,112,36,81,-3,88,-79,-97,80,-2,72,78,107,-43,137,7,166,-19,273,97,-34,67,61,104,61,53,-53,122,115,189,75
188,101,15,33,-6,118,-14,-61,-78,199,183,53,49,124,-58,147,195,184,-49,-38,-79,-31,89,18,-19,99,-7,254,13,-24,8,151,249,26,148,229,-25,-100,-4,86,38,88,74,9,-115,-42,48,43,-12,112,58,161,51,46,108,119,8,144,91,126,0,-5,-21,-132,-14,234,-59,122,-112,97,127,41,317,72,49,151,40,98,6,64,25,186,67,13,-113,234,-23,-56,153,-85,192,171,22,5,57,112,96,-23,152,222,45,161,-44,-180,44,126,74,21,136,1,96,-27,-36,1,114,-155,172,-48,142,209,-47,6,184,-73,121,166,116,112,181,106,-50,99,105,-230,-63,217,150,-25,-204
59,144,72,-47,29,22,35,82,58,86,221,56,-147,169,76,-110,199,-50,-98,54,216,-8,-27,-18,-2,-65,-130,77,219,139,123,-13,57,39,114,64,-148,-38,99,101,2,59,167,-91,187,112,-88,122,-53,-13,-9,-26,3,42,136,34,-32,227,182,164,-94,-56,196,119,59,34,52,-20,-43,-133,-49,256,-4,14,-78,146,-19,29,-24,169,180,83,108,88,-58,-51,87,-44,30,135,225,78,65,62,36,112,86,77,7,176,-37,49,-107,-133,-138,96,162,36,32,-115,-2,122,261,-31,154,122,15,11,-9,-44,-126,17,102,-40,33,143,53,-22,116,-165,-88,-123,163,79,-28,13,16,13,71
-136,34,-37,-82,30,92,101,-52,-71,-27,-33,-45,-24,13,-84,87,37,83,-13,-111,-46,-64,-84,87,118,66,28,99,86,-107,-178,-23,-67,-133,2,-43,113,-46,38,-19,169,-143,98,59,31,91,-198,70,23,-56,-106,108,-64,16,-73,39,53,-21,39,52,16,141,-51,-156,-25,278,10,-97,110,15,-54,39,68,153,169,19,146,151,-41,-117,-117,31,70,7,-19,-36,20,-28,-47,32,16,-86,25,5,-96,-85,13,-222,99,57,125,132,51,-10,-25,215,12,-60,-120,131,191,66,-8,92,126,43,-47,-13,110,-49,-4,111,-90,54,52,196,23,117,-6,-188,-27,94,-63,-107,73,-77,-49,-79,62
1,8,16,36,6,69,169,-156,86,92,184,58,74,47,2,31,93,146,-36,-62,20,-72,-59,71,-21,-209,179,283,262,94,-104,18,-21,-1,33,203,31,217,114,35,73,-92,-1,154,212,105,138,-77,11,94,42,103,67,180,109,90,30,40,-14,-87,-54,226,146,63,241,57,-15,-33,68,164,-15,-57,37,93,-112,-115,45,67,-40,-1,-27,109,97,-95,134,55,27,-94,58,135,33,48,171,105,-2,170,150,-84,-41,112,2,113,74,-51,-68,176,-47,71,-26,0,40,-34,39,111,17,334,164,275,44,14,-87,179,-75,344,202,197,14,-61,99,107,-60,-11,61,20,92,5,-30,33,175
148,195,-59,159,-87,46,232,126,35,114,152,173,84,147,118,161,291,60,104,-8,-171,10,-29,26,124,42,93,127,112,-148,89,68,167,98,217,160,59,23,-10,-48,145,257,106,31,-43,37,6,324,-47,92,82,-23,-9,171,2,71,186,129,-65,133,213,-104,78,82,3,25,-180,248,48,83,17,72,126,129,92,160,123,-66,62,65,93,273,23,65,236,-6,-57,60,96,103,234,-58,140,292,157,-77,102,125,87,242,30,-13,42,-61,88,-98,-9,35,248,0,63,-10,198,144,-58,121,-37,-22,180,77,143,-47,68,-109,145,15,44,-20,139,146,102,-25,28,-170,100,211,117,40,-20
-38,-104,-117,-37,48,93,205,188,-116,208,197,99,-1,-121,50,-6,48,6,-73,-42,32,23,0,-142,-27,43,57,-99,68,-67,-23,-92,-125,70,26,230,-134,71,-3,-4,-189,80,86,20,138,39,29,181,-65,79,-74,17,79,32,-63,-11,20,20,124,94,46,-87,76,62,-136,-28,-86,177,-159,-114,-98,-25,-63,59,54,60,59,-125,-52,-53,121,-114,16,-64,55,-39,90,-69,-33,-33,39,128,-23,32,40,-122,13,35,-35,135,-242,70,-122,-19,-198,-24,126,-151,115,10,-41,38,-64,20,-69,-57,16,-22,33,29,15,16,-130,-32,-19,26,59,-33,32,109,-57,-50,-144,70,-49,-38,113,69,-35
24,-8,-20,-74,-5,21,64,-84,1,-65,-118,-31,-165,-25,-96,34,51,12,92,-77,-14,-53,146,45,4,-49,78,-20,25,-58,-95,163,-171,78,4,-46,-2,28,-14,36,15,94,85,-9,119,65,-57,28,116,3,60,-39,139,135,-4,-127,39,23,-30,39,-38,13,-39,-57,117,-62,120,48,105,12,-18,65,-68,66,26,70,-38,-21,-281,50,-220,105,-68,-66,23,13,94,-71,-31,-19,102,-5,-84,167,27,8,177,40,-11,24,-164,124,-289,-135,33,-34,113,-111,146,-134,40,-50,-180,-20,-16,92,-15,27,31,-25,-69,136,-144,48,147,39,-136,-72,-42,95,-17,-1,63,-27,-131,-118,-20,-114,-142
128,-133,123,72,-163,34,205,180,-59,-14,121,129,95,2,31,-104,188,-56,-76,-72,-57,105,61,-54,16,156,-17,-20,-59,-113,24,108,-28,29,-9,60,-206,-57,62,-34,-52,-13,59,14,-44,-47,131,-15,0,60,179,5,69,65,-20,-113,9,91,50,24,107,-136,100,107,59,-17,-18,27,-3,-43,-192,-70,94,-133,28,63,135,-98,43,163,6,99,49,142,10,-66,-131,161,-26,127,-55,-110,-112,-17,-44,-44,159,-17,8,48,-67,-109,-12,175,136,2,40,45,-2,-128,8,40,143,43,89,284,-85,-42,35,57,-51,110,22,114,-23,72,4,-125,143,-47,162,-21,75,118,16,-36,62,55,-40
1,60,-90,59,56,182,-12,89,137,147,-19,-25,-47,87,56,139,97,-9,53,77,19,-24,132,42,-59,105,29,-45,11,-28,-216,-108,-137,74,23,74,94,32,82,7,90,-14,-62,-102,1,-12,-61,154,-14,19,-20,83,5,21,-104,146,66,22,23,-36,100,-4,134,108,-184,77,-53,95,-33,-20,-322,121,142,-29,-5,17,42,4,6,-36,9,170,108,180,145,136,-77,108,169,37,-29,-26,22,195,162,-53,78,14,-156,98,-57,12,19,-77,-26,135,-113,-45,-3,41,76,-71,66,146,3,-26,93,33,1,-79,120,84,123,-114,156,62,-70,-122,-14,232,-5,-79,148,-51,55,403,147,94,6
232,-122,151,-127,42,-141,261,242,-80,73,181,7,77,45,-142,-23,66,127,132,-173,-14,167,-86,57,-51,60,115,-22,70,-51,-12,-78,63,67,22,85,170,-25,-99,182,-8,125,-99,175,-25,4,147,50,-10,162,64,-6,-99,112,53,215,79,119,115,24,166,-98,20,-45,-193,-69,24,115,3,108,136,-36,-100,-28,38,24,180,-3,0,-99,19,125,58,-3,5,51,-101,0,65,-49,-62,59,18,36,-141,33,25,119,-103,-142,3,118,126,-39,-3,-4,198,45,227,116,199,145,242,127,-167,17,-347,37,147,-41,135,-222,-74,93,14,2,-97,194,80,68,-35,-13,-52,182,-44,153,-45,278,240
-15,-80,33,-32,-60,-90,82,317,93,77,-22,13,-114,-34,91,-81,10,-40,61,112,128,95,87,21,14,43,52,40,170,-126,84,1,-61,-22,112,-181,-127,180,-20,36,-165,130,-4,-80,72,75,-125,229,-86,-50,92,27,-103,-19,158,128,70,53,107,75,-54,-37,13,66,-6,31,-81,-140,-56,-66,-74,5,-173,39,-8,70,-53,72,-92,2,28,141,46,-6,54,-16,27,189,228,-1,76,-71,123,41,52,96,-75,84,135,45,-118,105,104,21,-217,-54,102,-67,196,-41,-39,29,102,63,28,-33,176,22,-31,127,-27,-15,65,99,123,57,36,-170,90,123,13,74,5,14,29,273,55,-147,185
53,5,-98,49,76,204,209,-16,91,38,151,60,53,-103,64,63,-54,-116,10,-44,54,49,-79,-30,61,85,-144,61,-85,21,103,-67,7,26,140,-60,38,-77,-141,-7,71,34,76,119,-143,-162,30,143,94,-15,115,177,18,-50,-258,-52,186,170,-186,-26,104,24,64,11,76,-1,178,17,-91,15,23,114,8,-102,93,16,54,-105,152,98,-55,219,-3,174,243,63,-12,184,-88,40,72,-76,163,55,-90,28,-94,-76,155,133,89,-142,84,72,38,-162,-31,-48,-141,47,12,-41,71,240,-2,-132,76,-116,-104,89,-92,50,141,76,40,194,56,-46,28,-2,-183,80,-26,148,71,64,-17,-86,68
-53,-66,-5,85,-48,163,117,-96,169,123,-22,36,-78,134,-109,-24,113,163,-59,-16,160,10,-103,-19,182,63,-66,-61,9,133,99,51,-77,277,-12,171,-66,11,-1,133,35,313,1,14,96,191,70,209,236,87,-46,108,114,-36,109,18,220,215,142,34,77,-71,66,189,117,39,173,-108,95,4,9,208,-71,-104,8,6,100,-15,-51,95,81,-183,245,225,171,-121,231,71,-71,52,-1,49,-7,20,90,78,-2,26,-93,87,120,202,25,53,-72,-96,2,57,17,-99,44,40,261,209,-44,-1,-37,-29,23,30,168,149,-72,38,-4,-15,28,-18,18,107,58,-42,-3,117,65,106,65,12,147
-159,22,117,22,-70,61,-3,41,25,-66,-32,-59,67,58,-7,-11,54,-12,-52,-167,-17,67,-107,69,167,-91,-102,-101,59,90,-140,-104,-83,16,-16,184,107,79,1,207,-210,80,10,107,203,-105,-28,266,48,-55,-217,-33,31,313,172,-75,82,-137,122,85,11,13,-53,-53,132,146,-49,-214,23,-26,-73,-29,-21,-102,74,69,124,-17,-96,191,-11,30,-78,-7,100,-88,15,165,123,48,51,281,84,305,-54,212,34,14,1,66,67,15,127,21,-78,165,-5,60,66,206,33,39,-80,-56,25,59,-19,-19,-62,25,-14,-2,18,148,90,-88,27,-58,-23,115,114,-19,-55,-117,51,-11,179,109,57
-42,-6,119,96,-33,73,266,171,75,101,-41,97,124,-3,-12,-9,141,96,81,-100,-64,-87,44,39,160,-157,154,-74,-61,0,33,-56,-22,11,66,-31,-291,-31,57,-90,-80,-28,97,-78,133,30,64,56,-83,27,-8,-131,18,126,-122,128,58,117,141,-58,11,-27,-136,-7,69,-31,36,35,-70,-86,-20,36,89,185,142,36,-21,177,-45,71,-74,41,103,36,38,-69,163,-39,-99,31,-40,46,-82,-184,92,-94,-14,-78,71,21,139,152,-99,80,168,41,-46,-102,89,-29,78,221,179,13,-44,10,-99,-192,122,63,26,53,69,0,-101,-30,-47,122,0,-58,49,-78,38,-65,176,-56,180,57,-21
155,-42,81,-41,97,71,34,35,-51,3,90,169,-35,-88,-45,12,256,-55,-98,-47,-25,-64,0,79,123,78,68,-120,49,68,-79,126,180,-143,61,-74,6,177,147,-56,41,-201,62,97,-15,72,-21,-62,87,174,66,156,-22,-36,-21,141,-203,-116,12,15,101,-28,70,23,-10,126,117,246,4,44,94,-94,-115,86,16,-4,47,98,-135,132,114,216,61,45,119,21,46,-47,-86,150,94,141,64,-47,117,100,-10,53,110,144,165,151,132,-3,26,71,-9,32,148,117,192,-108,-86,267,129,-5,210,0,78,41,-7,-9,-25,-11,56,-142,33,94,55,-19,-225,134,36,-8,3,-65,35,-45,140
39,-66,-5,147,24,32,33,-127,-20,107,38,12,174,133,-116,147,104,-1,3,130,177,117,-46,73,0,134,94,126,56,-42,-45,85,16,72,155,241,-181,55,-149,93,187,30,146,-78,-149,-241,59,115,113,-33,31,141,-116,260,73,59,78,45,-68,-66,123,168,-179,163,72,-105,26,-78,-148,-16,22,141,69,-46,117,-45,154,125,-75,138,-49,65,-17,28,96,15,58,174,79,309,105,-4,6,-23,-143,-8,108,163,-31,-30,79,75,170,253,-13,17,22,-6,136,-65,25,-15,-27,-73,18,171,-5,-31,140,-33,85,-5,207,84,38,284,-24,-69,-115,-3,-15,101,73,62,134,58,64,85,31
29,39,151,-1,57,92,10,142,161,210,37,64,276,151,-108,223,-99,-44,3,-77,66,95,-32,45,-28,-61,130,-11,117,10,143,1,154,62,2,-4,200,22,-84,149,39,38,194,-34,194,144,73,212,36,48,-32,-78,102,139,-181,128,-135,126,28,85,-93,168,-226,-28,34,53,-45,-107,-140,79,-5,180,57,109,-11,130,52,115,-21,-116,54,9,193,123,-92,97,137,-10,36,-8,121,117,113,-103,3,53,63,-8,64,81,-83,-34,52,-23,165,-10,-153,77,129,16,216,170,21,-175,87,-183,165,-175,2,116,62,112,167,36,177,51,38,125,-27,-21,-136,122,87,-58,34,-45,-166,105,179
-23,-108,-134,78,43,147,-64,-143,51,-75,-252,-80,70,-4,-4,-54,-61,44,13,-11,-48,183,-93,-130,119,151,74,-22,-26,-239,31,-14,7,63,-71,-27,-16,-70,-126,33,-53,147,-56,-143,66,18,-133,121,15,-115,-173,32,-193,-135,-76,-132,-205,-58,103,-60,158,-169,0,110,-131,66,-22,-70,0,-46,-75,51,58,83,-160,42,-92,-32,-19,52,46,-19,18,26,-13,-135,61,61,-1,-46,-154,11,50,-70,134,-17,-28,-78,-50,32,-5,19,-53,10,-69,177,0,-235,-23,-120,-42,16,-178,-67,-30,7,-112,-84,-118,50,75,-54,11,-144,-95,-91,117,-5,-77,-112,-48,-87,-160,-91,91,-19,58,-24,-113
-54,121,194,69,169,165,69,-268,102,178,-79,119,41,-80,141,131,231,-61,-114,14,-8,82,-89,71,17,35,-111,197,-94,-24,-38,209,26,115,-36,84,0,-7,-11,13,167,61,80,47,-71,91,-55,-125,66,-10,80,193,-15,140,-16,-19,136,66,-35,72,-126,62,-50,-191,-110,44,-160,36,-118,78,-145,103,184,95,-18,28,87,68,-56,93,-33,-1,64,177,65,38,-29,145,-38,58,-12,-54,44,218,62,-71,-62,-75,111,154,-14,51,-157,108,80,-60,-13,12,-2,190,74,-103,174,164,-84,83,107,66,2,135,-29,145,67,41,143,77,62,-5,-158,44,-147,112,24,122,-96,-41,55,43,47
-148,34,108,-42,-78,43,29,143,154,-8,-238,-68,-76,-6,88,50,11,-109,68,-104,53,111,-66,142,-61,3,84,82,-20,22,-77,-118,17,81,53,40,-22,17,84,132,21,103,-36,114,-70,95,119,140,39,-57,-34,-113,162,-33,-82,65,-72,2,-23,313,-138,-55,-67,-86,-188,-159,92,52,-116,-221,72,158,95,153,60,36,-87,0,-35,54,-19,122,-180,4,22,-11,143,137,-135,38,-82,-93,50,-104,-44,-66,-107,-45,122,-86,5,51,-37,-39,8,-144,20,30,66,-144,112,-105,54,-80,20,-70,-51,-114,-42,-50,-80,27,70,-83,-6,-12,-272,-12,-47,-80,-32,82,-141,10,-61,100,124,81,-44
126,-19,174,125,170,194,13,116,118,191,154,86,291,69,82,71,42,-80,131,-112,230,45,-104,43,106,92,-159,118,-70,13,35,24,119,7,80,-26,76,27,-1,-55,178,176,11,168,-25,197,-16,-54,237,129,31,122,18,48,-127,137,193,73,119,159,82,6,104,-34,-86,129,108,98,62,-8,66,-48,199,130,-73,139,-74,149,173,79,147,228,40,210,135,285,29,123,-116,20,165,-6,205,203,41,65,-13,-4,90,-39,1,-83,7,144,147,247,-136,65,-19,122,54,-98,54,131,93,163,15,42,-92,96,17,187,175,-53,-35,27,76,46,-80,113,-66,39,124,61,-86,44,236,216,205
74,45,-11,204,2,40,129,-27,141,-135,178,155,-22,-88,-7,48,-43,113,161,176,73,-154,39,37,118,-11,-65,-70,250,91,-117,12,-25,61,37,192,-19,-58,178,-81,16,62,-10,89,195,69,146,73,-123,38,34,-98,-12,135,32,200,11,59,-65,86,85,6,22,80,237,-200,38,115,68,-41,-49,71,-2,69,-73,-111,-123,-54,-27,148,111,84,89,166,61,-55,21,-61,-102,195,26,-86,5,-153,-8,6,45,63,-17,104,-28,112,-39,-7,-121,89,-48,50,-71,-166,-216,23,100,-28,86,227,75,-13,-11,-1,-196,50,5,72,-17,165,26,-39,2,-45,100,17,-71,41,190,16,-22,24,268
-30,-36,-186,-36,-23,140,18,-46,-139,138,4,290,67,-127,-22,-221,190,-34,33,114,120,-13,-157,27,203,-104,129,169,51,34,127,-34,-25,-72,-53,-60,16,-112,-72,-32,51,107,255,-106,-98,99,-29,262,4,4,50,-70,-51,76,69,17,44,115,132,-83,-124,83,-88,103,-13,114,-10,50,-159,115,-12,29,73,-121,-151,-4,100,57,58,110,35,-36,114,-133,115,106,143,150,6,104,-53,75,210,19,162,215,172,62,87,155,-106,140,-176,90,-98,-12,125,-83,64,59,64,-183,-49,-98,-57,86,2,44,-50,166,50,215,-26,142,-89,28,-6,92,104,166,134,108,-82,199,13,-110,358,-68,-30
-34,65,-1,147,26,16,31,30,-121,24,104,98,-38,-6,-146,-118,167,30,44,-82,36,-74,119,-104,11,22,-97,58,-33,-131,133,144,65,-108,132,-69,-123,72,117,-14,-4,12,-40,-3,-65,-207,103,252,-51,90,125,128,85,-81,57,-45,204,162,141,5,26,36,-84,-58,71,-22,88,143,-50,113,30,-153,-56,8,-19,59,27,-154,9,100,-37,7,23,56,122,-76,75,59,59,-202,2,-30,14,195,228,64,-62,-2,-9,-64,-28,-104,-45,117,227,19,228,88,-49,26,-24,-156,50,76,191,-39,-26,44,45,86,-67,13,75,189,-130,102,-5,83,99,145,115,-194,131,-96,84,-9,65,-42,-166
-152,17,-25,-26,-63,19,145,76,-71,57,26,167,-52,16,-13,2,47,-113,-97,-69,-145,116,-3,23,19,-51,14,9,165,68,-18,-103,-120,-142,68,-124,65,65,159,117,-61,112,57,22,136,93,126,145,-66,-9,-88,-87,67,93,-189,-66,-41,10,50,265,67,170,32,12,48,-104,-41,57,48,-77,-71,188,84,-24,137,-30,23,-9,-130,158,37,108,-19,-31,-96,-97,32,61,-2,-18,104,175,-13,-15,189,114,60,-14,86,119,-55,143,13,-72,-39,62,76,25,17,24,168,37,51,83,201,25,163,-174,51,-195,-68,77,2,107,44,-33,-69,125,110,-164,-181,155,-88,45,98,61,-8,99,88
175,45,29,67,46,-49,167,28,121,-193,-125,-10,202,-13,-103,75,169,-83,88,-69,69,248,-4,-92,126,74,-83,-145,51,77,-24,132,34,107,55,-81,162,-110,-115,30,203,110,4,30,59,165,96,-84,149,47,96,41,-139,73,28,100,5,257,114,72,71,-43,-13,-39,-157,-92,-100,107,-16,108,17,206,9,-23,86,115,110,-71,-13,55,31,144,64,80,91,82,127,-96,36,185,146,32,19,-42,-8,-2,78,-23,118,-12,39,58,-27,-28,149,-97,-23,8,70,19,-3,83,202,96,77,219,-210,-86,151,25,64,-139,-82,-26,114,116,76,185,116,-120,39,-3,-23,133,113,40,-161,150,199
140,53,166,5,-7,79,-7,-111,24,-45,113,45,24,36,88,66,28,-54,-45,-65,85,-6,-37,49,17,186,-125,62,-8,-187,98,156,62,95,31,160,177,21,-47,39,-65,53,87,113,9,116,25,-78,52,-18,59,145,-105,200,99,-86,25,312,19,-31,-21,-20,-32,-78,0,131,108,-53,-15,140,86,2,116,15,-30,120,13,129,-97,-159,26,9,148,119,-51,223,-48,66,-54,-80,13,-2,-18,198,27,8,136,-1,241,194,-171,9,-58,117,55,109,86,160,58,32,26,22,140,37,-33,97,-37,6,148,106,-61,190,55,10,93,66,145,13,34,152,176,-5,223,-125,-183,37,1,-37,-42
40,-72,-24,41,-19,168,6,10,-75,81,110,31,54,-68,15,48,-7,90,-41,-104,-121,76,-121,99,75,101,-50,-17,-111,224,23,107,172,124,15,32,101,-1,45,68,109,-27,58,167,218,102,73,113,196,91,5,-179,116,164,-155,18,14,-86,-88,261,51,33,51,-129,17,-7,-74,-32,0,-64,30,22,135,67,94,-71,38,-15,-126,33,-80,157,-65,-15,-30,389,11,-29,-3,64,134,137,54,43,-26,73,44,-45,84,70,-22,110,-55,33,151,207,-38,33,248,28,157,-28,-57,53,-47,84,180,15,95,20,10,53,-183,-110,160,100,99,-52,43,164,-146,192,-21,-75,-3,-102,183,163,184
15,81,-271,-65,-21,43,118,91,8,135,95,-43,168,-78,-24,-29,-169,-52,28,86,2,-36,-147,-3,-76,34,4,-14,-10,90,229,-81,99,89,186,62,-101,47,67,61,-4,68,31,164,162,73,16,164,-98,51,176,-31,87,-73,-123,53,124,0,40,-134,-92,-75,-72,10,-9,-91,131,83,145,42,-108,-7,-48,-43,197,9,7,-35,-5,42,146,-38,197,6,78,83,25,39,-45,177,-33,-24,-10,-47,-2,7,7,-26,-68,20,-60,61,20,-14,134,-76,-124,-92,-52,-97,35,129,42,67,-19,95,94,-48,21,52,-3,195,-202,88,153,-78,-18,-95,20,149,52,109,86,124,-89,-96,150,121,116
39,-13,-38,111,30,-90,76,55,204,-79,112,-14,107,76,83,76,-106,3,18,131,138,-115,116,-124,-23,2,-69,42,117,319,55,28,11,89,33,-24,-186,166,27,-107,57,-107,37,60,284,44,104,40,104,-33,206,-50,20,53,74,33,22,172,-6,46,54,14,81,40,230,91,111,-105,129,-87,10,52,27,105,-25,-36,-28,179,-51,-70,26,160,96,-47,-23,88,-60,-62,63,-10,-71,50,3,-107,-258,33,160,-26,39,-58,1,-163,128,115,198,-54,-53,77,86,34,-77,-75,37,-40,55,11,179,48,21,148,24,45,-106,38,101,74,72,-106,211,67,105,41,-31,168,-53,54,89,143,117
-253,41,262,36,132,193,146,53,46,58,2,179,83,29,-60,189,76,17,16,28,44,46,-48,39,-72,176,-75,8,193,-156,151,9,-6,-6,-60,65,-52,-93,-57,45,41,130,84,-12,-35,4,20,3,-19,6,31,-7,87,30,70,73,-60,-47,23,-52,26,-67,-142,-32,-35,14,-32,233,-27,56,61,-121,14,-127,160,-12,61,146,-9,240,44,115,23,67,-57,71,-8,124,130,185,103,-6,73,167,32,-48,-6,46,-10,75,-59,138,83,28,106,-30,69,-25,117,44,119,-27,-24,166,3,228,-18,-135,87,57,-48,107,104,79,111,1,-42,146,75,38,-30,-2,-37,24,-35,-270,38,-43,-28
-63,-158,182,-34,51,-84,189,-2,47,121,91,92,101,130,-70,31,-11,-59,9,111,-11,-133,134,146,37,-90,-64,170,11,38,-52,-103,59,104,81,58,40,63,60,94,-32,84,36,95,30,-12,83,164,-93,-107,131,27,238,-4,15,25,340,125,110,82,-117,60,-110,-12,51,-88,39,41,122,-4,-153,39,35,-24,217,96,18,0,-6,97,222,-34,146,219,100,-65,29,37,86,145,64,174,65,-116,-33,27,185,54,-21,-31,239,-16,92,88,229,-216,133,11,-64,9,52,-118,29,123,-126,103,-80,-72,-51,114,-68,197,-102,137,71,-91,-102,134,46,153,124,16,-64,139,53,72,121,180,30
-62,-2,68,-22,149,-62,29,139,-3,120,111,4,100,96,-49,174,98,18,39,-29,78,13,-94,150,-1,96,22,168,57,132,-26,10,128,-64,129,-52,63,133,35,-45,180,142,-18,-97,43,83,59,9,-33,-31,47,-60,19,63,281,94,-73,59,34,170,88,168,80,-17,-83,186,120,142,56,63,104,32,18,39,-134,63,-3,47,-32,48,149,91,322,-91,119,3,-76,33,16,11,187,-2,268,-95,76,82,97,292,-149,23,21,9,97,194,-3,-30,-126,-96,2,96,68,-16,4,-101,-29,21,-26,163,133,48,61,2,-145,200,157,65,99,13,-103,-27,-114,66,-61,-39,-54,145,2,141,159
305,-56,69,-62,11,-107,118,116,-47,-29,109,229,-52,193,-1,-163,273,65,170,29,67,61,158,-94,-8,-116,-137,38,-132,-140,102,97,-74,-80,81,-204,-97,-83,-104,14,71,-65,37,132,-75,91,-2,-35,-147,265,59,-62,-6,53,-64,92,81,281,24,36,-84,-78,-87,-47,-20,-28,-72,220,-52,17,14,63,82,21,-95,74,-121,14,73,44,14,22,6,214,87,-82,132,-107,-12,87,-14,-104,-242,31,-12,-55,35,-111,6,-63,19,127,-104,-86,-137,116,119,87,-36,55,32,50,178,284,-161,-18,-98,105,158,-20,-51,-145,91,77,26,-34,21,-13,41,90,66,-189,130,-125,187,133,-73,106,125
27,-29,-45,29,30,85,70,38,52,-17,59,95,-46,102,-10,77,63,127,93,-70,-28,-25,96,7,15,10,-4,78,159,-87,18,8,0,-34,45,88,-73,72,147,-104,87,-98,-110,86,-22,-41,35,10,33,-31,61,-116,140,-50,56,13,-35,93,-58,54,8,54,-4,-151,140,-26,101,88,102,33,32,0,-14,71,95,-18,-27,13,-28,-68,134,68,94,-84,-11,-34,83,-75,-63,255,-61,77,-72,10,-24,27,-103,26,-143,47,-25,25,135,-43,6,171,-64,-3,-103,-113,-4,73,-7,86,101,32,53,163,35,25,98,123,47,18,41,28,-60,-46,-21,11,89,-117,130,14,61,19,102,109,30
148,119,-170,42,132,38,21,36,-54,116,15,4,14,-91,-79,148,-14,-31,-2,-122,-112,38,-43,-20,-107,-191,96,140,37,-16,32,-13,47,46,38,74,-3,17,93,208,21,-58,-39,277,-71,36,131,-92,21,101,36,113,44,160,36,-4,71,59,-109,-95,-44,-20,-18,-186,36,-4,-35,84,76,185,-19,61,21,50,109,-14,40,10,28,-13,46,68,70,-49,102,45,-35,-41,114,-38,91,75,-71,6,66,78,63,36,67,-80,49,107,25,7,-8,-64,-15,-35,116,21,109,72,58,128,3,-87,-58,91,31,-74,101,33,88,-23,115,-107,-47,16,-95,304,-111,-21,-7,54,-27,11,19,202,-46
-8,48,155,0,167,95,119,143,58,-75,110,-108,-73,49,-60,-12,-14,205,25,39,62,194,49,20,35,103,-105,70,111,148,248,152,105,12,79,-75,100,141,51,221,69,-8,-82,44,33,1,9,5,-113,64,230,74,110,-50,3,87,47,54,26,174,47,83,-87,-54,47,33,121,88,56,-21,-85,84,88,-5,4,28,-20,208,124,-83,13,263,99,-21,-50,173,99,197,72,92,157,3,115,-59,-175,-40,104,-33,149,-200,10,129,-117,37,37,-96,68,99,98,-128,-51,-99,189,85,239,-66,53,-141,115,92,18,-170,41,-33,38,177,25,114,201,23,25,-62,-187,100,53,60,38,-17,164
225,163,119,53,-178,44,88,132,68,24,116,-40,108,35,47,107,134,-44,115,31,-26,-58,-72,27,130,-62,6,130,-27,-187,-82,86,24,-50,-29,378,-129,-35,-22,-18,99,50,-54,302,-2,-31,98,-16,9,-41,-25,206,187,-5,275,170,-50,38,3,165,167,-96,13,164,-78,100,-74,172,-75,33,146,-158,134,-34,39,-7,41,-93,28,99,212,100,30,-114,48,120,-78,150,78,139,59,223,125,81,126,90,36,-18,87,123,-23,-16,185,-2,140,-35,159,153,129,31,-5,145,71,145,44,7,1,149,15,-8,95,53,85,11,26,66,114,-15,188,24,46,169,31,73,115,74,109,30,149
-13,-108,140,82,61,-15,168,-36,77,154,-4,-27,32,20,265,93,177,-40,145,-48,194,72,-144,33,-51,56,79,211,81,68,-132,128,-50,27,-39,128,45,13,-35,-21,-78,2,156,52,77,-9,36,139,0,-54,181,-31,131,31,75,79,-132,-92,10,-72,-18,-2,20,42,173,-16,-136,8,-4,-74,1,-64,144,132,-51,-92,-4,240,0,134,150,48,82,-7,102,-33,67,231,265,232,87,40,143,-80,-62,113,37,184,6,154,42,56,112,94,-2,-7,61,-43,103,64,-6,-50,-42,-39,-48,149,118,21,1,62,-45,20,126,195,32,-12,142,81,115,-29,-4,44,64,32,85,-53,-58,28,163
110,-24,-154,14,-16,-13,68,-125,18,260,-56,-31,-62,5,0,143,108,205,-77,84,-177,-57,-11,117,-132,49,-105,25,-87,77,60,-42,90,10,66,27,84,-14,-18,155,42,-70,-13,156,-8,135,-101,107,-32,220,-115,98,104,19,108,-100,61,-22,-16,119,21,-17,172,-41,-94,128,101,-40,111,105,-119,27,135,83,93,40,88,123,196,17,116,-7,90,-4,129,202,-97,177,-149,-101,49,220,16,-171,-33,67,82,-64,76,43,139,-131,-8,31,53,119,-89,216,-28,-197,75,-150,28,33,35,37,157,135,40,102,129,240,46,20,143,124,-94,-60,-61,-12,143,79,26,-81,-39,158,250,-23,18
130,48,64,-90,165,77,60,83,70,71,32,0,5,53,-12,158,-3,-57,112,6,5,-35,-53,130,42,-120,-103,102,-71,-49,-65,-120,-87,3,-33,4,228,12,6,97,184,-90,82,70,35,103,-5,-114,101,13,47,-17,-55,119,-77,-104,163,195,-57,-34,74,-1,240,46,-154,-13,-101,79,11,23,-31,142,33,48,-5,81,5,113,32,-89,-4,-107,96,-51,95,176,-104,-40,-29,-12,127,19,-17,-98,-12,6,-105,-8,-47,-45,-28,5,32,-133,-116,-30,-166,-38,-126,124,-39,105,126,-24,-136,-80,-76,7,-67,-119,209,-44,7,1,-93,208,4,-42,-120,33,155,19,65,18,17,188,8,1,78
76,18,85,85,-85,40,154,-20,47,-41,39,200,52,116,136,-54,40,-129,-29,-156,111,-1,-51,-48,-27,47,-39,85,-142,-81,72,5,39,146,-123,-55,0,-32,193,78,-203,-34,-61,-21,15,37,-100,18,28,-43,228,-111,31,16,62,105,-59,102,5,79,-77,-153,-16,27,140,-146,-165,-27,-22,144,88,27,-12,106,134,172,-137,-161,7,2,28,28,54,74,10,31,-33,33,-69,126,-140,-149,144,-9,-92,58,-49,42,26,133,-11,-17,25,-44,-53,21,112,1,36,-146,-56,45,15,90,-102,263,163,69,-137,195,-132,32,27,82,-35,-56,-36,13,76,186,-82,-2,195,0,-1,-121,108,-35,-57
-11,-75,11,-42,109,88,109,115,88,131,67,-197,113,42,-37,22,-10,-127,94,-86,74,7,16,56,-37,14,-47,29,-94,128,32,42,50,-21,205,115,52,179,-62,-40,189,60,106,140,14,31,132,10,184,43,183,33,-38,68,76,4,115,48,-19,147,-11,195,102,202,-17,-40,-45,59,-77,57,22,-59,112,74,112,38,-39,174,115,-81,142,36,-23,121,53,115,-34,22,1,-16,-9,1,143,-161,0,8,118,-50,138,118,125,64,-4,29,138,-108,32,149,31,11,96,38,133,64,41,177,19,139,-5,151,139,116,-23,258,198,108,81,212,101,16,-142,284,-44,122,37,94,-6,40,124
44,47,-98,91,151,-12,220,107,80,173,-31,39,25,-102,-40,40,176,-40,5,28,-34,90,-7,2,18,129,-33,-13,-100,216,106,76,32,34,-53,22,4,-48,29,154,51,-111,50,262,-69,-84,181,82,64,219,-29,76,58,-29,-85,21,26,15,-37,-13,166,-25,-136,37,102,-40,104,-30,120,159,-28,91,-118,1,250,5,105,19,53,100,60,131,123,-50,231,18,58,285,-9,117,167,121,-34,-46,39,-21,46,210,155,132,25,-40,141,-9,329,32,93,-4,128,-71,39,16,99,92,10,-125,-34,-160,60,33,59,85,223,26,30,-60,-21,97,-58,-10,-117,20,-38,78,-105,49,-46,-40,131
-101,-73,54,11,68,152,0,-121,-152,-43,86,88,3,38,65,-76,92,229,-110,24,-92,-41,-32,7,272,-36,61,47,89,-47,55,148,211,-48,22,-97,59,147,-80,61,123,87,21,17,-55,54,-183,214,-153,74,72,135,18,118,33,-110,66,113,21,-8,11,68,279,142,11,-9,181,127,-24,173,139,37,-21,-7,3,192,190,139,-88,-46,8,-58,-23,119,151,-172,1,-141,-10,-57,258,101,8,36,166,-77,53,-77,49,111,152,26,-9,190,90,81,127,129,-8,57,76,43,188,48,78,-74,-21,75,340,-4,-92,185,-139,259,-54,62,-60,162,81,-79,144,193,19,-12,99,15,41,-57,-68
-109,50,-226,56,-40,122,-5,-104,72,103,28,-26,-149,-108,147,-3,72,-17,-67,-29,10,6,-31,-23,75,64,6,149,153,145,-80,44,40,209,-68,148,-65,68,10,-130,65,69,25,-63,-23,95,-22,151,66,46,114,196,4,56,5,-119,-60,66,8,157,41,19,49,196,134,-16,-34,-138,-62,-88,-119,80,9,-47,150,-52,89,26,47,12,-118,96,15,-30,20,123,136,95,100,228,18,72,107,117,-11,0,9,-142,-24,93,-108,38,129,-44,-47,-132,130,102,140,181,-165,-169,35,-42,161,63,279,-30,-9,174,154,85,-15,-62,-95,45,141,-58,154,-3,33,146,-84,139,30,130,11,45,99
238,24,74,-84,5,46,67,72,27,75,89,223,187,18,-65,-108,-86,-132,145,-132,75,43,-53,145,43,-13,21,216,-65,-30,8,-103,36,-70,-25,141,214,-31,-173,230,-44,-174,-71,174,-174,7,-28,12,-39,51,125,-28,41,-20,34,124,-81,48,-20,100,-104,-9,-122,32,110,-48,-181,-139,-154,62,86,25,-38,45,-24,86,12,-154,125,110,115,29,-13,89,76,-38,58,131,-69,-11,51,78,-74,31,-43,156,-36,123,-27,98,-103,-121,241,-100,-112,44,57,7,-22,11,242,172,47,59,14,49,-204,210,-1,215,-137,16,37,219,99,64,-78,99,36,67,118,106,28,177,-36,-4,33,45,178
156,70,280,-140,-35,82,99,196,157,13,41,41,8,39,52,84,183,-119,180,12,-62,-36,13,59,1,92,-10,118,-28,-243,48,100,31,-23,-2,39,-7,106,116,-5,295,66,-158,214,-111,68,-43,-10,77,-27,302,-84,38,158,81,93,140,128,71,92,-19,-150,20,0,31,91,100,183,57,33,183,-66,14,119,35,-93,65,62,6,163,143,16,-68,15,147,-19,66,96,56,77,25,-45,103,148,85,-27,-137,93,-88,147,151,116,59,131,4,129,42,79,2,28,105,99,55,134,23,331,-94,174,-58,37,-166,-12,169,235,187,90,-1,-59,-145,-182,5,82,280,35,-16,196,240,84,34
322,21,112,120,-90,-29,28,29,70,60,-18,103,-56,142,87,184,124,-54,162,-162,-102,37,2,8,112,140,-33,-63,174,45,-142,51,138,156,67,234,175,200,-37,159,-98,-26,-85,281,-111,118,6,161,84,73,8,156,-117,151,109,147,206,46,51,192,154,-51,169,142,162,135,-1,-13,-167,-5,124,184,140,25,158,37,84,-50,206,202,165,134,217,153,76,161,-206,66,55,35,81,343,-143,137,62,144,93,2,337,336,-75,124,170,41,-21,178,-13,163,139,93,199,36,209,24,-10,178,-10,105,89,236,117,110,-23,47,213,144,209,110,82,239,138,187,302,-87,84,204,155,119,84
