15,-54,81,-27,-138,17,-5,-5,41,78,15,83,-12,234,86,64,106,-20,113,32,216,-65,-45,243,-15,19,-4,-186,84,201,29,139,-127,41,-262,-3,-28,-80,-48,-108,35,192,-112,66,113,73,-95,94,171,51,47,-182,162,187,-39,18,78,65,90,44,27,45,-68,106,12,-69,-89,-179,141,34,-54,50,124,36,-24,88,-13,190,56,-15,168,194,-61,48,-81,18,49,210,-69,-64,57,172,13,-107,48,-46,-49,240,58,-157,-57,-12,194,-77,-110,-11
6,74,58,86,144,26,88,72,145,57,-130,111,108,-35,47,117,-191,110,-6,104,-22,50,150,133,9,-15,-90,45,268,49,-65,-23,23,-46,-84,-120,-161,-78,74,-68,-60,46,99,49,82,136,4,18,-80,47,59,72,102,102,60,11,195,131,92,88,45,-174,-97,-90,116,-87,136,151,-72,15,40,65,45,-128,-2,7,12,38,36,113,130,120,-55,71,-85,81,-19,117,-89,-109,70,116,-178,-29,-41,-49,-27,-32,-112,26,137,128,203,-117,104,-12
118,42,57,-89,-60,51,-221,110,-37,-26,48,146,114,-53,11,-153,-11,78,-73,101,-68,46,162,134,-64,-34,-76,88,180,75,57,36,-20,-67,98,83,-47,-2,55,-32,229,195,77,116,139,-148,-42,3,-94,32,150,-29,25,40,68,-60,88,-33,124,86,156,-38,-73,140,71,-62,178,-17,-95,-49,33,34,47,11,-65,-52,101,88,72,-86,119,-38,140,-10,107,-65,78,18,-114,-33,151,52,-11,163,57,-67,25,34,-93,7,-139,192,131,114,109,-13
70,42,202,126,0,-31,-81,134,182,22,91,232,73,-56,110,13,-54,135,84,110,96,29,-3,37,98,223,-48,-103,-32,73,-93,-1,57,16,24,139,130,-24,-29,-81,-20,55,18,-29,76,-22,9,-37,128,142,70,175,174,12,-101,38,17,145,-71,82,-10,-47,-51,-143,59,27,39,-12,-103,64,16,-10,75,-10,-104,-51,-256,8,-61,-5,205,63,-132,-24,-127,58,25,113,78,59,104,-27,209,-22,81,-8,-43,87,40,-38,88,55,116,-44,-55,-35
-33,-38,-24,122,-33,19,103,-16,-111,-36,-10,-8,214,9,-8,57,-69,62,-14,62,21,51,-22,-65,-18,-46,14,92,153,-50,67,-42,11,-31,-2,-87,-88,83,4,-79,45,110,30,22,62,39,-72,40,-53,33,20,55,-57,-69,51,-91,-77,42,9,-50,-61,-54,68,117,58,-59,-8,83,-84,134,14,81,-123,-2,-55,24,138,-168,-10,-65,-152,33,45,29,-65,-14,87,-13,-24,113,112,-102,-108,63,-279,148,18,-98,-1,103,99,41,-91,31,7,-39
91,-93,145,116,90,148,135,59,33,235,39,104,72,6,16,268,79,55,-15,-89,225,67,15,86,53,-54,84,92,-21,7,5,68,124,-90,84,28,58,56,43,35,-53,-61,48,-121,46,219,77,-106,58,13,74,139,-76,113,92,0,105,-81,160,-55,119,-25,8,-97,40,86,109,-17,111,63,205,69,19,35,86,129,60,147,135,111,-45,-155,7,126,-80,123,-117,203,105,-108,-24,61,96,-40,109,32,-142,182,46,-120,-120,-75,53,87,107,154
-71,-79,-24,-17,96,-24,55,-24,7,62,-176,164,108,-45,191,99,-18,-78,-34,67,140,94,-101,182,100,84,-174,-115,-40,9,-114,52,132,-68,-1,6,111,-84,-109,38,109,10,109,-57,-15,21,87,-9,22,14,240,54,62,-55,-4,-7,-4,17,232,91,31,-145,8,23,196,0,12,-74,165,-102,11,-12,219,-12,-34,-9,-46,12,100,-45,91,46,-76,110,-286,-76,-76,62,-48,106,46,10,212,-38,124,-108,-114,-43,112,-148,58,161,200,64,-15,-80
-33,-43,-9,63,-4,57,-73,-25,1,1,44,-84,118,-100,118,49,-99,-27,-50,84,-27,57,-66,-36,-160,-51,103,59,56,110,-102,22,-56,29,-87,87,88,-162,46,84,-53,103,10,-82,-66,115,127,-18,-125,-166,41,70,281,-115,-50,-81,18,-109,-236,-115,51,-46,-68,-167,98,-85,44,49,-13,-54,-40,54,124,13,24,-21,160,-89,31,10,-30,43,43,198,-62,14,-10,-134,65,100,155,-38,-30,-83,-22,-120,-111,-93,-17,41,162,73,68,118,36,-3
49,38,66,-49,75,68,-30,43,105,18,33,82,48,-20,-96,153,-49,155,-141,41,50,13,-51,3,90,55,-94,-32,24,-27,119,52,-58,73,13,108,15,-51,28,-114,68,-2,21,136,19,166,-79,68,16,-61,101,31,-44,174,-43,-3,95,157,133,-80,-23,-123,-102,68,25,-8,-5,-99,-126,76,137,2,-90,108,-130,98,-91,-9,26,144,63,-46,-64,54,-162,105,-13,112,107,43,-112,220,68,99,232,127,136,23,83,23,-71,-40,59,-220,121,89
222,19,-2,-26,116,-2,18,-54,-17,172,-79,83,158,248,228,100,-105,-5,50,94,57,152,-27,77,68,-44,131,14,59,76,-111,-58,112,18,-114,-100,18,51,-54,99,258,60,110,-67,41,28,-33,26,-63,-17,78,-117,139,-16,164,2,161,199,7,112,68,28,-81,99,22,45,85,134,14,-36,-118,13,77,-67,84,107,-141,44,102,183,10,189,-28,226,-64,35,64,25,-108,20,133,-9,-77,-3,56,188,43,-96,48,-79,200,167,-53,115,113,27
105,57,-14,39,42,-20,-14,30,-72,163,135,38,15,126,30,23,18,41,-96,37,-111,41,10,5,-32,-43,34,65,33,115,55,-14,34,-10,43,-27,-58,14,65,-6,156,43,129,-60,21,18,-10,145,11,-97,37,46,-80,-134,-20,-35,102,25,190,-32,99,-96,102,70,-36,37,136,19,-13,84,53,-55,-44,-4,31,-11,167,1,-13,-113,-20,5,88,47,-51,-33,67,-26,-15,-19,-14,-22,107,7,-113,120,39,-13,76,71,55,12,-57,147,76,69
16,19,-33,202,-83,66,37,151,86,-22,-114,139,49,-52,188,2,-51,66,-50,59,209,29,-30,19,136,4,158,-107,12,110,-56,33,156,33,109,132,74,-203,-5,64,121,121,156,-107,162,103,99,-21,45,-57,115,7,-115,-125,35,61,-20,93,9,55,-3,-4,-18,-73,125,40,64,22,-79,37,-9,-78,121,36,-282,-44,-24,144,-42,11,52,26,-53,-13,-72,31,52,15,80,132,81,-54,171,17,22,65,164,4,1,145,221,-54,81,-150,-183,73
-39,-144,53,-77,181,149,57,-15,69,313,-100,68,123,28,70,177,-79,106,52,20,144,23,-206,-73,86,60,58,-58,-26,60,-161,-22,234,159,42,-65,112,17,-83,29,113,34,110,-161,-96,5,14,-33,30,30,68,113,36,-26,142,64,68,168,42,-115,99,62,14,103,-7,63,12,61,16,47,-17,-128,92,-6,106,-39,-152,4,114,175,7,-33,139,112,-176,98,76,167,-86,-16,173,49,186,-132,56,60,-37,-39,167,116,-35,16,16,-68,114,29
129,129,-76,106,-30,-45,-54,69,55,158,146,176,72,50,24,192,-129,73,57,50,136,30,62,51,17,144,-40,-53,-50,38,26,66,124,-4,41,66,63,-47,80,22,125,181,163,104,45,226,-85,50,177,-19,120,8,58,80,-62,237,46,58,45,15,15,14,-72,-11,64,6,-3,90,-91,207,20,63,-52,13,4,-105,-54,86,-26,-10,127,106,-109,-18,74,37,118,-12,80,-183,88,10,69,-139,-4,132,42,-23,-8,98,81,-67,103,-51,-127,-13
55,-45,3,106,-182,70,77,132,224,71,89,38,31,109,-91,-83,23,154,130,26,52,13,-4,16,16,6,84,-10,52,124,-155,47,15,49,-176,6,-35,85,-110,-77,-67,28,-122,-17,-43,-115,48,113,56,-9,-17,52,64,83,20,137,-65,41,40,89,96,35,148,53,0,-51,124,-1,237,-35,-115,132,116,90,63,43,-238,78,-60,59,88,50,5,168,-79,-62,-25,134,-45,1,145,84,-32,-70,8,-101,44,152,74,11,-102,-56,187,-113,84,69
-12,134,87,250,12,-8,141,92,121,-72,-34,78,11,80,29,-148,23,130,-103,28,58,237,85,151,-71,-71,74,70,44,216,-76,-131,60,41,-21,80,33,-60,78,108,-48,39,-10,-8,112,101,41,27,11,16,48,-62,30,66,36,-14,132,50,70,28,40,20,37,110,188,-53,-26,179,101,76,83,19,140,-48,-4,99,128,89,-12,81,94,121,120,-24,-17,60,92,-105,-32,107,18,42,26,29,48,17,58,-11,-14,107,95,157,-63,33,-10,65
-111,116,16,254,116,-74,45,83,147,43,-66,-1,-7,85,96,0,-43,64,146,72,76,-10,15,81,-59,106,-9,97,-90,-107,-213,49,-104,60,-25,101,225,-33,5,6,47,-37,-19,13,21,175,33,-22,73,209,4,-67,-66,70,-25,-68,89,-53,66,135,34,-60,55,-37,169,-37,-102,-45,61,218,130,129,-17,22,84,161,74,34,46,14,65,44,18,43,-4,20,69,-46,186,33,-48,79,146,-44,171,81,-28,44,78,38,-14,-1,69,-49,-230,218
133,59,4,2,98,55,-204,-13,65,113,103,57,-49,23,29,1,-45,70,9,99,121,-65,13,208,-7,12,111,-125,39,35,-113,-2,150,-46,-74,142,-78,90,42,-138,-106,77,20,-79,255,83,67,23,162,87,51,-105,41,54,47,68,37,27,106,8,128,-19,-107,61,94,93,100,166,-65,-77,43,3,87,-81,59,-36,-18,-76,59,113,50,31,97,-239,-5,114,42,232,-54,-102,85,194,77,150,192,42,75,-52,13,-5,15,-42,42,-35,6,52
-123,125,54,58,-105,-79,-23,-52,93,30,88,-116,-77,-48,45,139,30,67,134,23,99,84,-55,34,-85,65,91,-48,104,172,-15,2,-16,-57,9,-15,-30,-117,-46,-157,-112,104,70,-12,-3,25,-20,111,115,-94,2,32,-33,13,-3,-91,162,1,-85,80,52,20,-59,-37,-128,-56,-86,-78,-126,-1,-158,-143,29,-87,18,-152,151,-45,-102,-172,41,138,16,-4,-5,30,40,-108,-74,-113,-63,-63,10,-63,20,61,-127,65,18,-12,106,-189,1,40,-77,-23
51,-73,63,-30,-66,129,-61,13,-66,12,49,-51,-10,199,14,-84,20,-54,55,-22,143,-49,-24,168,87,4,67,-58,78,86,84,-13,194,17,126,53,60,-21,128,104,-73,179,-18,39,133,60,30,66,22,83,111,0,39,130,-138,-82,70,18,-8,0,22,76,10,-1,5,-38,11,-2,-31,-95,-3,-108,180,6,-186,79,-173,85,-30,-21,102,43,-58,26,6,-34,111,114,50,65,144,8,80,-62,170,169,111,20,-6,160,-152,73,21,-80,62,99
-1,11,34,80,56,103,-77,12,83,26,3,181,197,56,-13,-42,-117,20,-85,132,-36,26,136,-66,13,-11,-54,178,56,-16,19,-150,32,-97,62,-16,59,93,-78,109,123,-19,77,50,32,116,37,-67,7,-59,61,-22,-11,203,56,98,142,21,73,118,-59,-113,-112,-32,123,-90,144,-8,57,-61,109,124,110,142,10,134,-3,149,80,141,58,-103,-16,5,-127,29,-8,23,16,61,143,119,-15,95,65,-75,4,107,31,-112,20,161,104,-96,101,142
-76,-27,135,68,-84,-113,-117,23,123,97,-2,-27,177,149,52,95,-90,23,-27,-115,-39,96,54,9,-36,-126,49,175,-61,45,-12,-92,-119,-225,139,137,73,14,-12,23,67,19,-34,210,-23,-64,-116,57,-147,8,41,52,111,298,25,52,167,95,25,-1,31,-7,50,31,73,-61,50,28,14,-37,-100,198,86,35,59,150,-74,74,-13,-36,6,-61,40,-52,-10,89,110,-196,171,-57,114,59,41,98,-2,45,12,-34,3,-26,-214,85,-9,102,-14,141
-18,145,116,-102,101,-152,-91,-5,58,-22,155,158,-73,-149,125,-240,-29,-142,97,-26,-84,97,63,143,89,137,-19,37,8,-45,-202,-41,166,80,64,44,-55,7,37,66,-5,11,-64,24,-66,103,93,-26,-17,274,98,-22,-63,16,-224,-135,67,-109,126,45,154,-122,2,63,-39,114,60,-47,-138,45,89,63,-43,52,-36,-78,-72,103,109,-115,24,-59,108,-8,-16,-106,-24,50,36,49,164,-8,107,-45,254,30,-41,169,-182,56,-113,-99,104,47,52,51
35,77,139,194,81,43,79,-92,58,96,84,117,101,24,286,80,151,-17,-166,-91,267,34,108,-41,-5,62,65,-44,60,65,11,140,-78,183,78,-103,75,-127,112,-14,250,144,-42,41,-46,46,-9,38,-43,-78,48,12,105,-33,20,-6,-71,-53,17,-58,-63,76,-172,118,144,84,21,-88,-162,197,-57,18,34,-76,-98,37,97,225,-8,-63,-83,100,-119,-95,46,9,124,-51,77,101,-57,-58,-24,-100,-30,208,73,126,-26,170,115,121,-174,-5,55,-85
93,7,-12,202,64,-124,-28,-34,15,-138,35,97,84,20,-21,-1,-37,72,-79,-17,93,45,144,-3,53,-10,75,68,-94,88,-44,-34,46,-103,-10,115,55,-37,-1,-40,-59,52,-24,80,56,-33,-32,-12,-24,32,37,9,33,30,71,6,-15,-49,82,86,81,-135,-23,-63,-25,-38,125,101,147,80,-5,34,59,-68,-58,65,-16,-26,-78,-65,157,130,-107,50,-28,-158,14,-119,44,13,-52,76,-37,123,17,92,-5,-16,124,85,-99,76,21,178,-24,-15
-101,-9,-58,-5,44,116,-200,118,-38,181,123,49,-23,84,53,18,44,51,148,18,-88,106,-112,34,-118,57,-101,61,-17,21,-122,74,64,-26,70,-101,7,109,71,-113,82,58,-8,-55,43,28,-9,98,3,94,-42,42,-20,-87,-67,46,179,48,42,-26,70,15,126,17,12,-3,29,129,92,-59,-68,33,-12,-18,46,-59,223,16,-74,30,-108,58,168,-94,-23,27,-31,-19,-12,-102,-24,29,69,61,-50,-61,1,18,63,-23,46,26,111,81,-27,19
-35,37,-48,-61,12,85,6,-173,152,259,-188,33,-5,-7,134,137,-122,57,50,3,118,-1,-9,130,94,-10,-106,-48,-106,43,-3,-39,58,-49,-7,-141,150,-48,-65,133,133,-39,146,-47,-5,25,-198,-36,18,-54,172,-100,74,9,71,-112,126,131,40,67,93,48,-39,-27,-17,79,47,-24,-77,2,59,-5,178,-131,22,22,48,24,-53,132,20,116,0,-36,-187,228,58,-84,12,26,3,-16,14,-236,84,177,25,-69,25,-119,113,50,73,-50,-1,-8
103,-33,50,261,58,20,-28,154,93,-73,35,159,6,-41,52,94,140,164,15,23,87,118,62,-35,158,160,86,-7,-104,66,28,141,38,185,143,56,35,-58,151,-162,144,-50,86,-14,41,135,-67,37,-40,237,164,-10,46,2,94,-112,48,-20,145,56,132,-77,37,70,84,-97,248,32,-140,116,61,-51,54,27,-169,8,-7,178,-104,62,22,66,-15,42,84,77,-49,24,-85,57,67,-109,39,25,-146,29,-4,111,12,218,-76,47,19,-70,72,15
218,-21,-36,97,37,10,14,41,6,17,-40,105,179,27,31,93,8,-47,4,-56,61,-86,-12,48,-152,-105,21,23,-62,-91,-3,95,77,-103,-119,117,-68,29,69,94,-7,68,-166,-87,2,125,-5,50,80,-236,-64,57,-176,-151,-64,76,-27,-7,63,-7,96,-44,47,-44,-6,157,95,279,12,34,28,101,-36,154,-8,-19,172,-97,-89,-24,-70,-68,-40,17,-146,57,-65,-55,149,-20,29,77,55,-5,31,80,-62,-67,-203,9,111,128,-59,201,-115,103
2,100,-72,211,98,-16,-76,288,110,-16,-56,120,157,-64,103,-12,-34,221,-70,122,20,-138,22,-31,-118,-77,184,137,-16,28,1,-84,-12,-29,101,137,-30,115,5,65,124,26,157,74,153,4,171,128,8,87,45,20,-222,-50,103,-51,146,44,153,96,110,-102,89,117,-48,25,101,221,68,144,-55,-128,145,1,58,193,68,-61,55,145,-61,90,66,-35,-44,-48,142,56,-38,-36,65,141,74,129,184,-154,84,-31,-45,81,-37,-34,-60,173,46,158
202,4,106,-65,40,123,-58,-71,-73,139,135,-44,-63,-5,141,-11,77,-39,12,41,82,48,78,51,-133,-17,31,44,55,208,16,17,59,-6,-117,45,-21,-32,137,69,111,-75,87,-54,67,92,62,-21,-45,-15,108,8,63,40,-122,45,9,61,15,40,14,39,-93,85,-33,202,93,1,-40,-13,-92,30,-177,-84,137,-34,-77,123,57,13,31,85,104,44,127,47,-34,-4,-80,-120,-31,49,-52,-19,111,165,15,109,63,-42,-106,-93,5,-144,-119,-8
181,2,23,47,49,153,20,-81,196,33,57,241,201,-4,81,23,-37,44,86,16,127,171,258,75,1,1,-52,56,206,131,27,88,118,26,6,-67,41,25,-78,102,110,-9,-35,68,35,226,-69,14,49,-56,47,187,125,-15,-119,67,140,-24,154,19,50,70,43,42,182,71,70,58,-140,150,146,-54,161,176,100,-150,-4,124,119,3,33,121,-13,64,-146,66,-17,118,-103,46,211,-29,-29,-203,90,-29,34,133,-164,62,-101,77,142,-43,76,-74
54,94,4,12,-49,67,69,263,89,-124,122,20,-86,89,31,40,-27,-88,53,43,89,93,211,143,67,-50,197,5,198,225,-98,78,57,-2,217,82,-27,102,37,-25,-87,39,-47,24,46,81,188,60,112,-28,-130,65,-95,30,-162,203,104,-38,72,-68,9,105,130,66,139,101,-137,11,17,17,54,-79,59,153,-84,-74,-122,86,49,-71,117,28,29,-115,10,133,152,64,133,-49,-22,1,186,94,63,-75,-8,88,-219,103,-94,-101,-39,73,-159,113
49,1,-141,38,0,-82,0,36,42,-19,68,229,5,202,-39,-50,164,-6,193,74,34,-9,-78,-16,56,92,-19,-72,70,-40,-140,-28,-28,69,83,49,-44,174,138,0,76,-7,8,-27,-11,74,142,83,32,-1,-105,-96,28,66,-30,84,-45,-101,135,89,130,-28,47,104,27,110,74,39,-12,64,139,50,18,54,-42,73,-77,80,152,30,30,-56,56,128,-127,78,-30,146,153,5,-21,173,-57,-89,91,11,-25,52,27,234,6,-138,5,-16,74,-22
195,21,97,128,113,-158,35,-32,128,-32,176,43,-46,-138,112,37,29,-2,15,-86,137,23,-67,-3,-44,116,61,49,22,-87,-90,89,35,-155,-1,82,82,70,64,-2,136,-52,7,141,59,10,114,104,125,23,152,118,-117,-27,-96,-59,-49,-217,35,98,65,55,40,63,11,220,74,-5,-7,-14,93,142,64,41,10,-88,-68,69,5,83,85,-38,-9,-95,-79,-142,-79,3,-138,19,146,130,91,37,245,-58,-94,135,-39,133,-116,-122,-59,201,-68,-14
138,0,61,92,-63,-43,81,72,112,63,176,86,-91,73,-10,-33,13,93,-99,-15,141,81,134,-68,50,13,51,-38,148,-25,150,-32,62,110,-23,43,48,26,14,-75,-39,92,89,-38,105,-30,-15,150,-32,-92,-9,66,-53,-21,-48,-1,-17,55,-8,82,65,61,-60,35,176,-81,92,-21,53,109,-93,17,87,-16,-4,-42,11,55,63,-17,-3,69,-111,-38,37,32,-25,-32,16,151,109,-34,-97,-17,-15,34,7,110,0,72,-32,-53,162,-85,27,29
76,241,-33,81,13,44,-77,281,81,8,22,193,-23,94,-92,2,-6,-55,93,105,-17,52,91,-131,-5,30,-65,-14,-15,-163,69,49,-2,-56,56,108,62,144,-23,77,42,81,103,-33,29,-11,7,-30,12,-93,-80,-41,-54,-84,-37,96,71,23,-84,80,155,18,-53,-118,165,-86,9,4,59,4,40,99,94,31,-84,124,13,71,91,22,-18,36,-68,-97,52,-26,80,-29,32,-17,-9,-66,161,89,26,-124,-124,-8,-86,57,44,1,65,123,-48,46
-2,-4,123,38,61,61,23,69,23,56,85,75,-117,76,215,97,16,54,107,0,178,166,-34,-36,-17,115,103,-34,-124,227,-48,-6,162,108,-71,127,76,-28,-45,-58,59,-19,124,-65,-7,-25,47,72,49,137,50,38,13,-64,-30,-23,85,46,38,14,222,16,60,107,109,3,103,-100,4,40,-45,115,115,-91,69,46,-56,140,57,-36,185,78,84,88,-159,-38,61,-58,29,3,-9,-52,195,-45,71,36,-8,71,27,35,-27,25,95,-10,-22,116
184,-16,-96,268,85,-44,111,5,207,28,102,116,101,96,168,-22,2,30,-115,22,115,52,-113,106,126,137,-23,55,-66,-110,-75,169,-85,175,-153,136,80,-83,58,-144,119,64,-36,122,68,143,-53,78,-28,53,35,38,-43,-164,62,32,-17,28,88,74,-60,5,71,118,-72,52,24,86,-99,298,113,112,32,62,-64,93,116,109,-102,150,71,108,-144,44,-63,111,-212,179,120,-51,-6,205,87,3,147,197,57,141,19,157,134,-134,-37,-33,-94,-62
146,77,6,208,-163,-114,122,39,11,148,192,33,12,-182,124,-36,84,77,12,-61,38,132,44,79,29,68,46,115,110,-122,-86,36,-43,97,30,209,65,44,-10,-92,155,18,-196,49,9,47,28,41,34,-59,104,25,-162,-90,33,-190,20,-35,-45,77,140,-3,-31,160,-46,173,-26,-57,78,63,118,76,27,99,-1,178,65,147,109,70,18,60,-5,188,-34,-151,-141,66,-14,-67,34,95,-48,99,56,125,-52,126,30,97,-113,-199,45,87,77,205
119,18,24,-13,93,61,45,155,66,2,30,39,140,39,65,21,5,-60,-28,-10,-9,214,157,28,-31,-127,132,23,-190,12,-189,-27,28,-88,136,107,58,34,49,47,60,7,56,-164,-62,-79,86,-124,-58,-44,93,20,-33,54,73,79,-52,-13,90,93,40,113,-112,73,88,167,-4,233,6,-13,153,122,98,101,11,-42,-55,47,41,12,118,-61,77,110,152,66,67,113,-62,-48,183,4,8,-106,-78,74,-143,-92,8,57,-115,0,-37,66,-36,-30
-168,-93,-27,-21,-10,37,-61,-11,-79,-14,-94,38,82,-153,-48,40,16,150,140,33,-33,-108,18,145,15,-130,61,64,127,84,-55,112,53,-134,-73,-80,-133,127,55,-4,42,58,-32,-41,7,65,86,-51,41,73,-78,-53,108,125,-20,-24,202,-81,15,0,164,-68,49,-54,82,-81,2,-15,212,102,71,38,73,29,7,19,89,-22,108,28,32,44,28,37,-174,-20,47,-83,-92,-33,107,-3,-76,-26,-29,-91,-92,18,37,-30,-18,48,101,169,87,134
-83,-179,-112,110,38,62,-107,-36,75,223,-85,-105,183,9,58,216,23,227,9,19,141,-95,-184,28,122,-15,107,-103,-79,244,-86,138,139,-91,2,-2,59,-31,-62,-104,-87,72,68,-88,54,60,114,66,114,-247,-67,81,77,-44,-13,160,269,126,-146,-70,-112,108,-65,-168,-33,-55,74,-46,120,-16,-208,69,109,-136,23,-9,208,-54,-147,106,146,27,-36,-111,-27,-7,33,-79,22,-42,65,11,107,-149,-129,136,63,-75,240,20,-36,-13,128,2,-9,107
94,122,4,188,331,106,125,15,171,-120,-25,79,242,130,148,112,-108,50,38,51,216,99,-182,-109,175,88,82,176,11,36,-125,61,161,56,67,-18,-12,126,57,62,4,78,140,26,29,78,256,95,-61,-78,86,108,-53,-89,124,82,169,76,-20,89,-15,1,34,71,66,-19,155,107,-39,152,21,-31,49,62,-57,-31,-33,-74,-101,125,-67,75,-165,-80,18,7,110,-50,46,-72,60,-36,38,-49,24,-18,27,111,74,68,72,151,-122,-6,14,15
65,58,29,52,-48,-9,-61,165,17,94,47,139,38,119,54,21,-53,162,109,-16,159,182,-23,144,6,-159,104,65,150,67,78,-137,115,-210,56,243,-20,115,91,27,-96,168,104,-88,166,84,134,-60,43,17,74,-39,125,36,25,161,-15,-101,173,-43,123,7,-115,46,230,43,90,178,166,-38,30,110,62,33,-89,7,-7,151,-19,29,166,55,51,-97,12,68,11,34,34,67,194,5,-21,-102,-48,36,-14,-93,-119,194,112,-11,-1,12,-45,-27
73,-184,-9,70,118,-25,45,21,2,34,-26,44,53,175,-122,56,-23,262,-2,37,-48,64,-163,103,47,-138,58,51,-222,245,44,-48,25,4,-6,88,52,-98,143,86,10,163,271,41,25,127,-109,62,-168,-36,0,113,174,-19,52,72,129,134,56,-184,82,38,160,2,-174,13,53,67,30,48,50,77,14,-25,-38,78,-8,-160,-61,56,105,-6,-36,190,-53,216,-21,93,175,62,106,257,12,-257,-85,53,86,-30,92,39,-1,-24,78,-60,60,-24
191,-66,-35,-2,-30,160,-117,161,-66,10,15,141,79,46,76,1,8,-37,-38,221,-69,-78,189,27,38,-129,-119,140,110,-6,76,59,25,41,34,37,-44,18,76,-30,185,173,204,-84,-45,4,29,12,-144,-104,-107,-43,173,-161,24,132,103,-5,69,-6,130,40,24,-105,139,-60,31,73,-3,102,-68,228,-54,-62,-60,-28,161,18,22,-49,129,-12,-36,-69,-36,5,-82,-59,88,-33,75,-210,-107,67,-4,-83,-13,37,-45,2,237,173,58,170,6,-90
56,-34,184,313,-7,167,14,3,-65,47,-3,173,143,74,113,-38,59,94,17,121,162,78,66,68,41,13,50,91,113,95,73,73,76,66,38,133,55,-37,169,115,170,162,36,-42,49,197,32,89,60,-27,76,-28,123,24,148,9,-14,15,76,-9,93,26,-71,-17,73,-9,83,104,-81,55,46,-157,-52,70,-16,115,64,155,18,-93,102,-35,-45,112,150,94,25,150,136,23,53,-75,107,-20,3,100,142,75,-88,207,142,213,14,-15,91,72
42,134,227,70,-44,-11,-121,-15,13,99,59,-11,48,71,170,-17,55,44,-27,-82,65,39,145,149,-81,61,130,-11,4,116,-81,20,93,-48,4,222,-105,10,88,73,81,77,96,-102,45,23,148,46,8,17,18,-76,105,20,90,-137,46,12,65,-33,166,103,-36,41,181,121,93,-15,-3,-66,16,-17,13,-105,-17,132,48,84,11,-14,-67,155,-7,18,65,-25,94,2,-59,110,82,106,18,85,-8,-17,-3,-11,88,-69,32,95,80,-44,-17,194
9,-2,-36,204,73,-17,-96,81,73,-192,17,115,-6,-88,-91,-164,76,182,163,84,7,24,155,-2,-57,-34,163,100,-48,246,-106,-97,-24,42,-40,136,-64,62,26,22,-69,195,-142,83,29,138,8,-158,-66,75,50,160,37,-135,-170,50,41,-3,-2,54,86,4,64,12,9,-31,73,-12,57,69,48,111,139,-82,-31,54,-159,-62,-80,60,42,200,-16,70,-38,-50,79,95,37,55,98,149,-35,-63,-59,17,96,-14,22,136,-69,-71,18,-110,47,-43
75,-29,-61,49,72,-74,25,-77,83,-20,-58,27,-8,183,32,79,45,151,134,0,173,-114,32,21,14,-54,87,-10,138,-26,-14,102,-85,-44,22,-67,-165,-23,-57,-21,18,46,-39,169,104,114,4,-26,53,-61,-58,127,-118,114,-79,77,54,-41,-75,-14,121,131,100,134,59,-58,53,-93,-47,164,-20,91,81,-25,21,77,127,-20,-57,142,-2,-20,16,-13,-28,116,-75,-1,23,-52,-41,22,-7,-100,-130,-108,-64,-38,-67,42,-37,-210,85,8,-50,-63
-85,145,54,44,5,-16,75,79,7,76,-94,54,74,66,-32,16,-73,33,-57,63,143,24,-25,-31,11,66,55,-54,40,161,-240,50,90,-24,18,-23,-111,124,-33,52,34,129,16,-55,169,38,229,58,281,-55,61,34,-28,29,-112,84,-58,-52,-66,69,-96,85,6,-22,100,97,32,-27,29,24,-60,-63,68,89,-21,59,44,48,2,-41,-76,59,-50,52,17,-2,132,125,25,111,41,175,171,-73,122,35,103,28,19,16,164,22,-6,-110,-101,-100
71,80,-83,109,178,199,27,-62,92,45,169,-17,-21,137,111,27,62,113,17,65,-80,-34,-99,86,-32,102,10,13,-53,63,-35,-10,90,102,-48,-19,139,-182,134,19,77,40,65,81,43,162,124,6,-68,94,109,-121,137,41,-6,107,81,11,-39,-52,-165,-46,-3,-71,25,-95,102,33,-79,45,-14,-86,-42,-78,-56,113,-172,81,5,24,102,124,-27,-68,-158,27,18,136,78,81,-76,30,98,-41,150,118,179,89,116,48,202,67,-51,-139,-18,-12
-16,186,61,97,-194,-81,84,177,23,-177,245,26,-13,-14,-24,-45,72,-75,-53,-33,-4,149,67,-79,132,25,143,39,5,46,-56,-114,102,90,9,200,-12,97,81,71,-95,1,18,75,40,-74,145,68,87,108,64,-25,-149,62,35,-64,-89,-57,-29,-21,43,-59,-33,1,118,79,31,103,27,85,164,53,-3,10,-22,30,-77,113,85,-99,108,-75,106,27,83,-173,150,44,-28,92,75,53,29,121,78,60,46,22,-20,-91,-37,-51,-13,81,82,50
-4,13,-81,33,-42,137,-121,79,-62,-30,89,-10,26,-15,260,70,159,65,73,120,12,-49,-39,73,-134,96,69,49,97,-36,-130,74,-68,11,-28,38,-9,23,53,83,186,48,149,169,-35,-70,140,121,105,62,2,68,25,-69,-23,-33,8,-34,133,26,-19,-89,151,91,8,-31,30,-56,41,66,-25,-21,41,3,54,-60,-48,55,8,-75,15,-61,117,89,-114,-55,34,-18,36,87,83,37,-4,-41,93,-118,-55,85,104,84,27,-98,102,170,-15,49
63,60,72,256,29,-26,-111,56,250,40,206,177,9,-103,102,-20,52,76,-65,95,118,91,146,-203,-8,5,133,-46,153,-8,-44,-67,-45,22,102,34,44,23,10,-36,81,29,-38,-55,32,-81,-54,71,-35,-62,2,75,-21,70,-41,11,-36,132,-68,188,250,-26,-108,112,94,90,82,-18,-164,32,27,-6,134,160,-41,-7,-54,-8,135,-17,-48,23,-13,-30,3,67,-21,94,44,-46,108,50,-34,288,24,72,-72,120,37,-61,-17,-2,67,-92,178,125
140,46,-44,53,88,-40,31,70,16,17,-6,112,61,-97,177,-93,-8,45,-78,64,22,141,150,70,95,-54,-34,55,93,47,10,-57,190,209,33,73,-33,51,122,12,92,159,-33,45,13,179,-106,158,-207,12,-48,-2,135,-95,-31,-159,135,48,4,-67,122,-31,-101,166,63,47,174,142,27,170,10,140,24,46,-67,20,66,-85,121,26,-111,69,-14,-49,14,29,-15,-40,13,-59,-13,40,-49,83,2,82,30,74,-13,93,-20,194,90,-116,150,22
58,28,-125,161,49,-58,-3,-65,-41,-122,-24,-133,-30,158,9,1,-37,66,28,-66,-19,-13,-33,142,-3,-13,19,24,-192,-23,-119,-82,143,49,-44,66,101,-68,101,14,116,9,8,26,-108,162,91,99,51,-77,157,-48,-6,-213,46,-75,14,43,-51,-22,-11,-63,2,105,-31,49,-33,53,-218,-4,-44,-128,14,-115,-72,136,49,82,-62,97,108,77,-82,119,6,-5,76,-79,-52,138,-28,156,23,-176,9,-79,57,-31,29,148,30,4,22,-56,-6,162
71,-1,-23,224,131,-24,214,220,-18,-6,-47,117,125,127,107,147,-3,123,-93,127,44,140,74,83,-25,-141,124,63,138,178,-20,-186,149,3,101,129,65,-81,217,-6,-61,82,102,-6,201,203,107,-5,36,37,204,-75,23,-51,18,65,202,127,177,149,39,-81,-45,80,218,-26,46,117,-25,82,13,-15,-68,-103,-71,94,90,146,-63,13,255,80,-48,98,-51,55,166,76,98,57,7,-10,28,45,-56,68,-73,-7,31,79,186,33,-35,83,18,134
-27,95,74,257,-79,-88,63,155,113,-70,181,209,71,87,83,-25,-164,163,98,92,102,12,-47,-111,120,201,40,-31,194,-64,-8,-62,152,134,111,28,-44,165,143,-38,-11,14,31,20,116,-9,147,159,117,-15,72,116,-123,19,-19,130,12,48,-41,189,57,-97,58,45,-32,-43,220,-62,28,58,36,-40,-55,-73,-62,178,-60,-9,67,167,109,60,-103,82,-14,-10,82,76,62,110,112,88,93,106,-79,-133,-26,136,38,32,-4,-92,81,14,121,54
-9,33,-11,-9,116,33,-107,27,-4,128,6,-48,13,23,76,5,78,99,-9,125,0,-83,88,202,-133,97,-79,-95,-54,222,2,37,6,105,-228,104,-14,-42,47,-203,90,39,-62,57,-99,-64,83,-68,-81,207,137,-6,86,-3,-7,-1,-48,-71,110,73,-21,31,89,113,52,34,-96,-141,-68,153,91,142,-72,65,50,-40,94,-32,184,27,60,75,35,68,-109,-66,-14,155,77,-69,92,8,81,-104,87,-36,45,261,110,169,-105,61,69,-70,-140,6
165,85,47,-61,85,149,54,39,98,123,111,136,-36,97,83,169,-3,25,87,-83,239,125,76,89,24,53,76,-84,147,-40,42,116,24,22,87,-121,74,13,-109,-98,-75,102,95,-26,10,74,-34,107,69,-57,-107,-10,33,63,105,97,126,-20,88,-108,58,132,-176,12,134,94,-51,3,-20,-120,14,-46,135,0,-33,-112,-34,103,71,13,46,169,-33,-167,41,112,89,66,39,22,122,-56,-112,-143,-23,86,169,19,-231,124,8,76,96,75,-53,63
24,-29,117,196,31,88,167,-30,39,110,-119,-90,220,-6,18,98,-75,288,-70,115,42,-18,-15,-40,-133,-2,17,-17,-136,-24,73,3,88,-45,-1,-80,-37,119,44,62,142,-135,136,-22,140,-20,2,19,189,-101,6,135,30,-34,137,17,15,57,97,56,-98,44,202,3,-48,-65,63,-12,44,3,68,-8,-4,50,157,11,72,-97,-137,116,-22,83,-84,-42,-107,134,21,37,36,27,-56,31,-71,-111,-93,-43,-1,-41,38,-40,109,97,-158,-11,160,128
67,-28,1,70,168,102,-61,110,116,-59,-35,164,85,-2,84,39,38,68,117,63,210,39,-55,6,174,92,3,15,-169,270,63,74,242,44,74,55,17,101,66,39,-61,141,135,-5,127,55,13,53,-106,57,279,111,-24,-17,-36,68,213,215,10,76,136,29,53,13,-41,88,87,93,-12,-52,-39,3,143,-32,-44,82,-81,9,-191,219,152,176,-67,70,17,-53,99,5,-5,78,168,-45,-13,-95,121,133,116,-35,-8,-11,-18,64,29,99,55,-91
178,131,131,136,-57,68,-27,251,83,-1,180,173,157,-13,30,-177,65,49,-17,74,-2,-60,-30,38,-122,183,46,48,-69,57,159,64,53,104,-150,370,-69,24,105,36,89,164,57,8,92,90,83,84,89,7,-5,132,-115,-207,37,41,9,68,195,-96,94,90,58,69,23,21,79,87,-18,195,166,27,12,147,-135,-32,132,12,-67,88,38,11,-42,98,-37,-79,-72,139,28,83,78,101,57,101,71,-6,74,126,22,191,111,105,-45,23,-21,10
41,-1,-45,-118,136,-135,102,66,47,9,128,180,98,41,15,-12,29,4,-39,173,-34,64,83,-146,155,90,-29,90,112,-43,-186,-139,81,175,144,67,-79,47,-44,100,198,21,52,95,78,55,75,244,-15,34,66,-42,-79,101,52,-138,42,-61,-10,43,281,-3,-56,187,166,12,167,-29,27,166,104,37,23,90,94,91,-13,145,159,40,76,21,136,122,-134,-54,16,-55,33,-69,-23,79,-32,43,154,-146,-86,93,9,-12,90,45,115,25,117,68
259,65,59,74,-20,33,-22,9,-188,70,215,35,-1,151,88,17,72,81,-21,51,219,-37,120,48,-155,56,-50,16,30,93,23,110,-45,-31,178,167,98,-77,-101,102,176,136,-40,134,196,-19,-83,33,277,-86,160,-3,-138,15,-92,-121,-27,84,-30,-58,11,151,-141,93,33,60,21,-27,47,15,-63,-98,-75,1,8,74,173,57,-131,-13,106,40,25,-83,158,-22,104,-116,141,28,-88,-1,32,9,123,125,76,40,39,153,-39,66,-19,6,-249,153
171,-148,-50,14,282,47,14,16,66,38,25,331,-37,-50,205,33,203,35,-147,109,248,-31,55,8,48,156,47,-94,-3,137,58,79,172,150,-80,-58,69,-54,35,-6,357,134,180,-39,83,49,-72,-63,-68,69,85,26,-21,-45,106,-58,106,33,72,-51,128,-17,-31,169,34,66,11,-42,-9,307,-38,-116,138,-41,-58,32,-18,128,113,90,111,90,-1,-5,-136,-30,2,13,-37,-28,71,23,65,6,116,7,47,257,49,113,19,114,78,138,32,-26
43,-146,28,-45,40,6,-103,72,22,69,-84,138,50,-68,97,22,-184,-74,-52,-99,4,-38,32,46,11,-121,-21,-81,70,104,48,-95,-9,-151,58,-27,26,120,34,151,93,85,128,-142,96,-245,77,-13,-219,-159,-34,65,134,-64,50,97,25,193,80,-26,4,-46,-62,-12,-63,235,1,49,41,-171,-161,-7,60,-103,31,7,3,-107,2,19,111,70,7,30,-2,57,43,-122,12,96,204,171,-63,10,35,-54,114,-114,-15,41,-68,121,68,55,-17,58
166,63,13,56,-17,72,52,21,-33,-29,-96,17,-9,-7,164,49,211,-7,-44,58,55,-42,142,144,-36,-37,-120,-9,58,164,15,119,-25,16,-17,77,-194,-18,108,129,17,-23,195,9,137,28,143,-24,-38,18,-32,-66,143,31,-145,-109,-112,69,211,-15,-84,18,136,-100,-76,36,93,50,120,28,-121,-18,-16,-64,17,23,185,19,-152,-58,96,265,7,31,-101,-50,-175,-129,80,221,-112,59,-96,-24,108,141,147,2,112,-33,52,29,-86,22,-120,-28
160,-34,70,39,45,34,-3,-27,-35,-56,-4,77,115,106,-101,51,-4,-133,43,-10,66,-129,187,-105,-100,-82,3,226,119,-17,16,-65,-41,98,-11,77,2,170,47,-52,31,-40,25,8,87,162,28,-7,-38,-4,-35,-155,-58,19,-83,43,-24,-105,131,-15,79,-81,13,-39,98,127,31,63,76,43,120,22,-132,44,110,56,156,16,11,-212,100,68,56,46,-21,-127,60,-16,156,5,45,16,-12,11,195,64,132,94,-72,-2,-66,-28,24,170,-116,94
-59,35,-27,-49,-121,-60,-3,12,-191,44,50,-115,60,58,-6,-7,-36,172,29,130,9,-65,-20,118,-150,-141,121,116,145,56,-24,21,0,5,-38,44,-104,41,88,181,-65,60,-64,72,-14,-113,18,44,74,-19,55,-70,-17,60,-53,-46,-53,-1,-43,69,-51,27,-4,2,75,107,121,23,163,32,49,-86,-80,-156,149,37,40,-141,-158,19,56,103,-18,90,-121,34,22,-42,56,71,72,34,-80,-42,51,5,3,-62,-70,128,102,115,9,160,-10,79
-97,-14,46,108,-4,10,-67,56,106,91,-115,32,47,-4,-8,162,-54,-43,63,-72,28,99,-65,-8,117,88,44,-15,-97,36,-121,-137,154,-113,20,40,106,-124,-20,16,26,-92,132,27,170,131,39,-82,107,175,214,40,-45,24,-70,-18,108,102,67,30,-12,-68,107,-107,88,-21,24,42,-90,0,-27,-23,22,65,-148,-140,113,152,44,2,37,-68,129,59,5,-7,86,-27,-20,137,100,-41,220,-79,5,5,19,24,55,-103,87,-17,92,-98,-191,-37
115,-154,-10,21,165,43,28,10,75,199,-14,156,201,-56,50,105,18,64,-171,25,192,79,-166,-96,69,107,61,-100,-40,27,-33,45,95,75,-141,106,38,-6,54,34,25,31,-1,23,88,62,7,15,49,-76,-55,73,56,23,106,90,67,107,14,-58,-17,31,-79,112,141,101,-99,97,-17,193,42,-31,82,48,14,-42,-47,-48,73,37,-5,53,77,20,-88,85,-2,4,33,-59,96,14,153,-21,73,37,34,31,103,189,13,46,-26,110,58,15
58,-32,143,140,144,-129,-137,108,39,33,80,0,34,99,-4,112,-18,155,25,-121,99,27,-116,32,-209,-70,143,17,-122,42,38,-4,-3,-64,-113,29,78,24,100,-14,15,59,-43,-46,48,109,-47,-109,37,26,103,173,-84,-62,99,-26,-33,33,86,19,-5,57,27,-11,18,60,31,73,-22,31,-39,1,3,-66,56,-143,119,-219,-171,97,-75,-59,36,-52,79,92,-7,-99,-9,5,103,43,70,-57,29,51,63,-20,-24,126,-73,224,-132,24,-114,39
104,-129,65,15,-37,-2,-272,44,158,17,74,79,48,92,144,20,91,181,-59,99,136,-122,-93,24,58,141,142,-8,-151,-3,105,201,39,68,104,196,89,-95,156,-177,60,88,140,5,41,112,-11,76,-12,-41,81,-59,61,12,-9,-42,24,65,-6,-27,-6,172,13,21,27,109,35,-69,-36,228,-33,-14,91,146,-194,-93,149,-65,-28,75,55,-13,-244,-99,-23,103,-64,1,141,148,114,-128,65,-21,-118,79,149,141,-31,82,9,144,-6,75,-174,-130
-18,97,-97,69,17,-102,8,-36,41,-68,-154,-80,-81,11,44,-31,-11,-55,-107,-6,-123,-70,97,-22,177,-109,-37,-117,-51,178,64,-2,57,16,41,-138,-8,-157,-14,-10,13,-19,149,-46,84,28,-3,-62,-123,7,-25,55,113,-64,-86,20,67,34,-45,-139,72,-90,111,-12,-49,-103,129,-45,-221,-19,-56,20,105,-153,-120,62,-3,54,55,-73,55,207,-45,15,-112,-128,108,12,-64,62,49,83,-15,-61,24,-51,176,-28,-82,-19,70,-53,-125,-8,140,-120
59,-104,203,106,85,73,39,-180,112,5,-92,7,147,-136,178,110,31,115,111,-30,110,-37,-59,200,85,36,53,-65,-37,82,-100,226,101,-68,-133,-165,71,45,125,73,32,141,29,-46,78,119,38,4,-61,-91,-4,-2,338,-30,11,56,-75,28,34,47,-73,87,-69,-59,67,1,142,147,-4,-3,-31,-146,157,24,-20,-57,-4,-33,-141,-46,40,195,-229,37,-106,93,-70,1,-142,65,31,-44,-52,-190,-22,141,9,-77,20,73,133,309,-119,8,63,-46
111,-149,5,174,1,-15,-24,8,-47,5,163,-148,-98,137,149,159,50,11,-115,-5,76,62,39,27,38,-23,155,64,105,-55,-155,-12,57,-50,-129,57,63,-23,-18,-67,116,31,-109,-83,-20,-55,35,4,-6,-53,-70,49,57,-101,38,-92,-25,-125,-61,49,-110,19,-98,8,0,70,0,-65,92,26,-118,83,55,66,41,-58,-19,-3,40,5,24,77,-46,-21,37,50,-88,-90,-16,-21,-72,189,-13,119,-51,112,-114,116,148,-88,75,48,2,-47,-100,192
-28,259,221,148,-42,-9,-35,98,80,67,161,144,-68,-115,68,9,-21,107,-142,-121,190,20,129,132,49,156,-4,-63,77,104,-30,1,181,-52,5,82,-6,182,117,55,6,130,-39,-48,144,139,79,2,197,32,216,-64,142,146,-119,77,-48,137,48,270,96,11,-132,172,98,105,209,79,86,-22,-57,-51,-45,5,-75,-73,-124,130,10,91,-103,101,-117,-91,-2,-6,68,22,-142,18,131,191,-8,16,129,110,-22,26,-6,-45,110,99,116,-164,-44,52
21,-3,142,100,84,91,105,-40,76,-134,33,171,25,11,121,-47,20,-69,72,-122,4,47,-45,-96,55,62,73,67,80,51,80,3,-133,2,173,-8,6,-2,106,126,272,-27,97,89,-32,131,28,17,70,93,99,125,7,-17,-52,-11,57,-127,120,13,104,-27,66,60,81,-131,-23,-156,-61,52,212,-18,-53,53,-228,21,-140,198,-36,41,-8,-65,-84,74,-121,-2,-4,73,49,102,77,-121,9,-50,29,-61,-70,205,29,55,107,-69,-74,58,125,-39
-19,12,94,46,-58,97,-2,-28,86,-10,154,114,80,63,223,129,-169,73,70,-124,140,136,77,161,19,7,91,20,51,65,48,80,41,-151,10,106,116,8,-74,6,97,121,-20,162,100,-21,-20,0,108,29,93,237,13,65,-49,49,110,48,117,-59,-83,68,25,-82,122,-13,-137,-39,62,158,65,-1,212,112,-7,-8,-59,-15,120,73,59,103,-173,92,-78,125,207,-14,156,165,-10,140,-23,-14,81,136,120,50,36,-82,38,96,89,75,-149,-61
74,49,-81,147,86,148,19,46,19,32,180,7,-32,49,-87,148,70,70,124,83,198,158,-14,-246,-150,-65,183,107,26,91,-168,-114,33,90,57,-87,81,29,-110,-31,-205,9,-35,14,-62,10,69,79,83,-55,-123,31,-140,40,46,-28,142,-108,-63,90,71,-11,-198,41,11,67,40,29,26,58,72,116,32,51,163,-3,26,-99,56,-46,24,-9,159,58,-74,29,-13,-26,61,-114,17,-12,-34,28,73,104,-4,126,150,-28,-135,-34,29,43,7,226
53,205,99,101,-91,-134,-32,-39,134,140,-24,113,-130,-44,134,-170,-28,19,197,-28,51,3,-75,73,-47,77,-72,-143,-8,-89,7,118,-167,-64,22,-26,23,53,86,52,93,51,17,74,178,-118,-24,25,42,9,-76,30,38,83,-9,15,5,25,-101,243,163,37,113,20,-1,64,-30,-24,26,6,134,200,74,-6,5,52,29,43,77,112,49,3,-14,25,-47,22,-31,115,9,-115,-2,39,1,67,37,56,-42,-12,-4,-42,-69,-80,28,158,0,-57
-72,-20,30,-38,-85,-120,-58,-30,43,56,-32,146,50,3,-9,-57,48,56,63,-47,-15,40,-23,89,9,65,-39,-128,108,130,2,-18,-122,-35,81,116,-1,26,-50,64,-34,43,5,23,97,30,98,-45,13,-32,55,25,50,129,-48,51,-73,31,108,-16,-97,161,19,21,237,-78,10,-96,92,-104,-81,12,95,-37,-32,12,-110,-11,-23,-50,-6,6,20,-169,-109,-25,-49,34,-45,214,92,-44,-5,21,-58,-1,209,-28,112,21,-143,13,91,-163,-67,2
94,2,158,122,144,-64,-78,-1,115,109,-37,89,137,176,-35,-17,-34,79,69,-36,34,-99,19,31,96,106,31,-31,89,62,-114,-19,-16,-59,128,15,-55,250,156,-59,176,48,42,-51,111,-7,96,88,48,47,-20,7,12,50,75,-45,119,100,-9,190,228,-20,-28,241,13,162,131,88,-90,41,102,-106,-17,0,27,39,5,-83,-50,175,-33,134,-27,49,75,115,107,193,-66,-110,128,167,19,-8,-11,-26,-51,-40,38,95,-4,43,31,2,59,70
-110,39,-50,-53,-40,48,-17,-91,-112,219,58,-27,2,-209,-68,-51,33,-88,20,-63,52,44,-2,1,-19,-26,117,-52,-102,176,111,-14,13,12,67,169,-29,-15,-19,144,23,8,-105,-42,-7,-147,-59,28,-49,-66,35,91,-150,135,61,-24,23,18,-77,-87,103,36,-11,125,-108,139,3,-36,129,11,-12,-6,26,-56,123,76,-161,-106,6,22,-34,15,107,43,60,44,13,-3,-1,-131,-28,-19,-34,-27,91,56,-65,8,-78,70,-155,-46,-81,70,16,-27
-36,-21,44,-28,-107,-20,85,54,-66,14,215,-29,-150,63,-40,129,27,-16,-115,-88,24,-29,101,-77,11,52,-11,50,123,73,44,-9,38,66,-104,85,-60,-57,-55,-139,17,-69,-174,-121,106,-13,-6,-28,25,-6,131,-69,80,-67,-111,-97,-136,-237,-36,-95,-65,-36,232,-4,31,3,-132,-155,-18,19,4,2,-2,-16,-24,-9,-6,178,163,-149,53,55,-18,73,-120,-30,36,-34,59,-15,-156,19,-74,89,32,27,-176,171,-29,-98,75,-22,-151,81,-1,85
-89,177,112,-4,12,-104,18,-43,-45,43,21,62,73,6,-46,-101,12,-5,-20,22,-22,145,56,27,74,14,-17,-36,-100,-59,-93,-64,157,51,-50,42,-121,217,-9,-8,25,166,-107,-37,-81,-108,-113,-77,16,67,109,-98,6,53,113,-46,32,6,81,143,75,-4,-229,83,51,11,86,75,25,76,108,83,-110,17,82,18,117,24,-81,31,-32,34,-42,33,49,-7,-76,62,-42,7,167,98,-70,68,95,68,-19,109,94,-174,-31,49,48,73,118,119
86,13,68,80,103,112,22,37,70,19,48,93,3,139,219,141,-95,-10,-56,46,224,75,-22,51,-96,28,46,-43,56,50,-3,27,133,-182,20,91,106,29,86,140,41,35,160,-236,118,66,78,-1,81,-206,213,-14,110,72,34,136,-42,70,54,33,127,-23,17,-45,212,-18,92,-58,42,-126,-14,54,27,-45,8,-45,55,3,24,103,201,-53,-16,16,-14,65,-56,87,171,99,141,29,49,7,109,-67,-148,20,-91,3,137,79,160,-43,-81,0
-79,56,-39,79,36,46,-121,33,12,20,98,12,13,66,142,20,-160,41,114,70,34,-35,116,-20,-91,41,73,99,81,85,-35,-53,-14,74,89,129,-62,-118,-33,79,130,130,144,10,21,-41,25,49,-14,32,69,259,-143,-59,48,21,29,95,-34,-34,87,34,20,-27,85,-40,129,13,-98,178,-7,6,19,-55,55,146,-16,66,-120,117,60,36,115,62,-102,-70,111,-37,35,126,216,-19,21,-106,75,5,104,19,48,86,145,33,58,-67,-119,-67
-34,-105,55,55,16,-64,-98,68,33,-101,98,14,-68,-134,189,146,43,120,120,95,6,-9,-81,-55,17,77,200,-36,-87,24,-137,113,36,-44,-5,49,-43,128,79,-157,143,-62,22,-160,-102,-21,103,44,74,105,-129,-47,27,-95,-56,-2,-40,-111,125,31,72,-83,62,-101,20,119,84,26,68,223,-24,-43,-79,-1,72,-110,-15,0,-14,-35,94,141,20,27,-98,25,-18,92,29,-97,-15,77,52,151,139,-111,12,164,49,19,-9,-93,70,135,-71,60
-107,84,90,66,-120,4,-165,104,59,102,166,98,-17,-12,-93,-62,-54,68,41,144,-148,-90,192,-68,-179,89,4,-138,54,196,-29,9,45,-53,24,-124,-25,-8,125,-43,90,12,113,-100,8,-55,79,64,123,-89,-91,69,141,28,36,115,-184,-23,18,18,97,32,38,-85,-89,-85,115,-13,-134,-29,73,-25,2,25,34,-213,52,-10,25,-72,41,17,25,-30,1,74,2,96,61,-71,31,14,-25,-48,16,-102,-37,76,-48,124,18,16,49,-62,110,-3
22,43,26,9,24,-13,70,46,-72,18,6,153,-22,19,-9,-143,-123,46,176,-64,89,24,-8,3,16,108,41,-55,88,2,36,37,133,-40,-57,82,-95,104,74,73,105,98,-46,70,142,138,-82,134,147,-33,164,117,-122,-112,59,37,-87,-38,133,-45,70,40,146,225,99,-24,-45,74,25,29,51,-65,-70,1,14,0,63,65,-37,95,24,41,100,109,107,-16,127,49,-118,-33,31,68,130,34,100,-26,-57,110,9,156,12,42,-146,-56,-17,14
-69,-14,116,92,0,-11,17,115,57,114,66,199,241,32,57,-23,5,203,98,1,1,129,-85,147,59,91,-71,135,131,39,122,-114,97,-176,3,230,-29,129,-55,-12,98,137,51,30,116,2,-33,85,73,166,174,157,-115,102,2,-21,103,161,132,82,117,-26,152,0,97,-93,146,5,146,109,-25,10,-37,99,99,-42,56,13,-43,104,28,17,-90,47,-75,55,-81,114,109,101,144,20,150,-34,47,50,-20,120,-9,84,36,55,33,-56,-108,55
44,26,-133,49,-43,-94,-65,100,-69,109,-78,-12,-89,147,-8,-52,-1,30,16,145,-62,44,85,69,-33,-128,45,72,-141,-135,57,-96,-169,-58,29,35,110,75,19,10,158,53,133,119,95,25,-59,-27,11,48,-72,-132,124,26,41,-24,20,-99,-21,246,-47,91,39,-89,36,-10,-67,-38,122,51,-7,113,101,87,33,241,58,24,86,185,23,9,-134,-10,96,104,-63,146,109,-47,74,17,44,10,115,-38,160,20,142,-11,4,-25,91,95,64,100
-31,117,201,71,-143,-77,-4,176,35,-118,20,-31,-67,-52,174,-41,31,92,46,-50,12,83,-38,103,-21,-81,32,-27,-104,-46,136,-37,-35,-164,159,177,157,-38,38,-127,89,22,43,40,34,-180,148,44,67,142,0,-15,-2,60,17,-120,-4,-63,64,99,42,-51,-56,-23,47,146,56,-91,27,80,52,52,5,41,-33,-28,-45,39,-2,-100,150,15,-180,-76,-53,10,30,47,127,14,75,146,29,-29,92,-147,110,125,-197,242,-62,-34,59,56,-199,-20
103,15,125,40,-102,-9,36,-115,109,30,121,5,136,27,83,117,55,94,-38,-96,131,-35,-1,69,-8,89,38,-17,79,95,69,157,-47,-122,-4,69,8,19,-70,-96,128,74,-36,87,148,184,85,152,243,-74,51,120,0,79,-11,-69,-142,3,-46,-42,40,112,80,106,86,-88,38,-31,128,95,6,-10,9,152,39,-68,-7,99,0,27,-140,60,-150,-32,-42,50,35,78,-85,-85,-106,20,-10,-4,-7,-34,-31,13,23,-130,69,4,-150,-201,-47,-71
194,-6,2,76,177,53,115,-88,-166,-12,-18,74,83,32,25,-120,-69,93,-60,93,39,-63,9,-64,7,25,-31,134,39,1,-35,-40,115,1,-186,-200,-11,-51,-96,88,213,183,64,195,21,48,85,-41,-77,12,-68,-41,143,-78,141,68,48,-126,-54,-11,-76,-34,-173,51,39,-34,145,-42,64,76,39,226,-124,-120,71,103,14,71,11,109,46,14,21,90,-98,-75,15,1,-100,52,-19,155,-99,44,103,155,133,94,208,33,122,51,-32,16,62,81
-104,-28,13,100,81,78,-12,-5,196,57,9,22,-30,-55,77,174,154,59,142,-117,-21,-64,-90,-18,-91,-66,200,-12,-195,-25,-50,129,-62,-17,-116,-99,107,-25,79,-43,1,-137,17,16,-206,56,-130,-14,3,16,-116,-1,40,59,80,74,75,43,158,-71,155,37,107,-70,-76,-11,-46,35,50,51,56,-3,281,66,74,56,18,-71,103,112,2,-21,-92,115,-131,145,-19,16,-6,17,-2,104,-4,-39,66,53,-81,51,31,-88,-2,53,-140,184,151,94
26,109,65,157,-128,-111,32,38,104,-17,24,37,30,86,148,-41,-26,65,-16,-8,63,-57,117,121,40,16,66,-13,108,166,17,50,72,-47,-152,72,50,-37,30,-93,140,32,85,120,-5,71,23,-73,42,-55,76,22,159,81,42,121,-29,-55,58,124,-70,126,73,16,106,-23,110,-89,70,80,-84,42,4,70,-191,14,28,-18,174,54,159,55,-180,163,2,28,24,-12,5,70,195,51,181,-23,-7,-51,132,199,-3,-10,4,180,19,-69,-148,71
144,-70,-48,21,6,67,-17,183,-42,32,80,177,13,38,83,-84,-47,-5,-7,-13,108,27,30,-61,37,3,-58,-46,125,86,95,74,47,39,255,47,47,-26,136,56,55,224,24,29,113,28,38,-39,-23,-140,13,114,38,-39,30,-29,319,51,-34,-74,67,197,-164,49,40,-77,35,16,-93,89,-21,136,77,-157,-120,90,-20,50,-19,120,75,-21,24,-165,101,-50,223,-84,-11,-172,-4,76,-25,-10,-69,90,99,63,75,239,-139,-30,43,55,89,52
172,85,17,46,67,65,129,85,22,177,105,133,123,-81,174,53,-36,129,4,32,109,53,29,100,47,156,-77,17,59,142,6,70,114,90,194,123,-23,4,78,17,18,106,139,137,165,314,104,-9,165,111,198,20,28,140,-43,-3,150,101,117,39,-77,155,-3,139,105,-30,102,34,-52,97,65,78,-52,75,-61,49,-5,42,-2,155,-86,16,45,-95,-15,68,27,148,1,-11,22,7,37,-28,121,148,145,125,130,23,-24,-127,4,-295,-19,101
-131,90,11,161,105,101,36,64,197,123,26,48,61,30,104,18,103,-1,96,40,113,173,-20,74,63,-14,149,11,1,87,-190,-40,104,167,26,53,6,-7,88,104,96,2,94,15,-64,74,3,214,-12,-30,-44,23,20,65,85,52,119,21,96,78,121,-121,-8,132,89,57,-62,23,17,162,123,-150,242,92,40,-1,51,68,51,13,37,-56,67,80,82,0,-62,79,132,-69,65,-25,171,-152,177,62,-103,125,34,55,-53,73,139,45,163,75
217,-1,48,262,-121,126,-208,-108,114,96,143,71,-36,-113,149,-107,76,5,226,-84,-9,1,116,72,-106,-36,42,59,82,6,95,-1,-37,30,122,242,-5,21,156,119,200,290,44,113,142,119,-69,51,-53,-60,85,139,53,-72,-86,-78,143,-43,-23,-43,257,93,5,-34,55,-58,-4,-1,11,40,-45,84,86,6,-66,143,33,64,96,11,59,148,4,-2,55,-48,-54,-9,-8,80,144,32,-176,62,67,38,90,115,70,48,-122,-64,2,113,94,94
135,83,-21,180,43,46,-9,170,173,38,100,141,-144,40,138,43,-19,128,72,4,122,46,93,-108,15,145,111,8,78,15,-43,53,166,34,-142,17,84,42,59,-180,127,-80,-13,-22,-35,45,49,26,118,79,16,36,93,-121,94,16,71,-113,22,-16,114,55,12,146,210,42,58,-32,27,289,159,46,128,113,-55,-23,-62,103,259,6,39,40,27,107,-143,73,115,34,-93,-49,10,41,141,29,-17,-50,-144,280,26,89,-11,56,-9,139,-3,-44
