153,138,17,209,64,43,-16,-44,-28,-54,-78,106,-134,-136,-20,6,15,-4,63,-49,38,-90,-19,127,63,-49,1,49,5,7,50,61,73,65,30,33,39,-27,36,104,92,-84,16,116,-6,-71,97,-122,30,128,13,189,-57,-12,-15,-121,-184,-44,-11,-115,-100,-10,-93,-38,-273,-57,-86,-3,31,-10,-14,79,50,161,108,-5,24,-24,5,21,-20,-24,-77,166,51,9,57,7,-176,185,158,36,68,301,10,-169,-24,133,73,-56,110,208,125,-123,7,79,-69,32,211,61,69,28,-151,61,-58,17,-47,79,-67,-66,59,117,-226,43,-41,116,-32,-22,37,106,24,160,-26,-11,-80,-91,-171,140,60,-28,156,-112,9,-150,34,194,-173,-5,108,31,-42,198,83
-4,5,97,103,-3,185,-36,31,138,104,-52,151,25,-42,30,78,10,10,17,40,-120,-19,64,-22,40,120,-29,110,-41,30,-74,-43,-293,109,-3,-61,141,254,-7,-33,112,128,8,-83,223,-236,-30,-67,-72,-18,120,-56,139,8,139,40,102,192,254,-102,76,191,94,232,-101,119,-42,-60,51,-43,14,101,-32,31,57,-143,-10,304,104,229,-169,95,-61,-234,23,24,-37,-152,-47,70,-26,-9,77,-118,39,32,116,190,69,182,65,-40,2,37,117,-40,-21,-192,2,63,-28,112,-157,66,44,-37,57,9,75,33,-69,122,146,289,-37,62,109,52,16,40,70,54,121,73,-82,68,24,-23,68,13,85,-155,-48,122,-33,220,-17,92,161,162,-49,-18,82
74,81,64,11,108,215,110,241,64,121,9,273,160,-9,183,222,5,213,191,34,74,1,-153,105,131,-69,-53,275,50,-14,55,35,-51,328,139,55,71,205,56,38,51,-201,206,25,74,-111,192,71,115,67,289,268,88,227,392,-127,103,169,157,-123,3,215,52,-8,149,-156,208,-72,5,210,95,251,-21,-52,-1,8,-39,126,74,65,46,63,-175,288,22,-46,51,120,-91,193,-103,37,-20,101,40,-67,69,88,143,150,55,-102,44,143,65,117,25,-5,104,31,286,92,-7,143,-84,-40,-26,248,58,189,-94,-141,131,17,13,22,-12,60,125,49,81,-33,-93,-102,-82,-119,88,77,238,103,-59,34,-40,103,215,51,151,273,106,103,104,130,-63
115,222,99,80,109,-55,202,-130,92,101,-1,85,162,83,58,313,264,-78,-66,-59,141,155,196,131,33,-122,76,94,269,-65,57,131,-207,-17,42,190,215,236,-51,13,29,32,71,124,61,-27,-60,108,-14,172,57,278,214,102,88,113,57,194,222,85,102,88,51,226,-117,107,96,150,114,-37,131,141,7,-43,105,198,77,186,-11,81,3,75,144,75,56,-94,122,34,16,-23,214,73,-134,34,-5,10,-93,149,219,127,-56,129,117,153,84,-5,94,27,91,-114,-27,139,50,-34,55,54,159,171,-6,129,230,243,170,128,88,275,146,23,-10,238,247,235,-71,17,-30,55,197,-131,52,15,177,-32,63,159,185,161,8,161,92,-80,114,169,101
-35,14,89,66,64,19,-71,-136,106,-1,103,-133,62,-95,159,131,36,23,-114,59,85,181,91,23,-35,142,10,72,-93,92,49,162,1,40,101,82,90,142,108,2,-56,-36,44,95,118,170,79,65,54,91,22,45,79,-57,128,-76,8,113,-5,156,-73,-97,81,80,-50,-58,79,65,7,-25,150,11,105,-107,90,-68,-63,130,50,-22,-30,93,162,54,-31,47,-151,-45,-59,117,78,-27,129,26,70,29,-12,-31,83,64,-53,-127,85,5,26,188,133,-2,-54,184,168,-28,2,-47,51,98,98,165,-59,119,-100,127,46,82,-32,34,46,18,162,201,126,121,116,198,47,-70,147,-30,99,114,25,37,-98,76,38,-158,2,203,164,70,-9,-15,-77
29,88,-35,-184,137,161,-26,67,85,53,84,75,174,-42,161,36,-149,172,-54,-142,-32,-8,112,-128,45,96,-31,208,-26,-126,103,73,-21,59,-59,-44,73,144,-120,-25,-74,-276,-30,-51,-44,-84,26,90,-10,10,78,193,-34,130,71,-96,38,197,108,-84,-44,58,25,175,134,66,57,68,28,73,-128,-26,-61,45,-14,56,128,149,115,37,53,216,71,88,1,71,-107,51,-99,144,-163,98,-14,-183,92,140,23,-55,269,83,55,70,20,220,103,-125,-36,114,72,58,-5,97,-48,11,-79,-205,62,-107,151,199,-21,-71,221,-7,117,-24,68,-134,-25,81,86,46,119,6,56,-25,14,-92,-41,-39,-44,-16,84,-33,128,238,146,98,-35,163,-62,-84,-141
-38,7,43,-121,10,5,181,-36,108,54,-62,30,40,33,140,141,-14,53,121,126,146,78,-142,-137,82,25,-79,-82,-72,45,57,-9,150,-124,140,-48,-13,113,-40,-27,-79,-230,6,91,169,12,10,197,228,-209,-11,84,-7,-139,-8,35,-73,210,25,91,138,55,-2,-26,-121,-121,-1,-53,-132,153,108,-20,16,-50,22,65,-81,-52,163,40,-21,-122,11,102,-98,-111,-14,-118,-161,-12,-176,132,61,-22,101,97,-150,-201,20,-211,106,23,-13,67,-68,54,-46,-17,-98,-10,214,137,5,-83,40,34,2,-82,88,-42,132,54,-29,73,110,-133,79,-19,-173,-68,-128,58,57,93,122,76,61,-43,18,141,-39,-260,55,-46,167,-171,97,80,-106,150,72,113,45
22,48,177,-39,8,41,13,46,124,-19,-66,-136,-26,-129,-77,95,-120,59,82,119,79,30,-84,76,-88,-26,-26,-18,-142,2,-53,129,56,-116,231,-18,3,3,35,95,151,132,77,-103,95,-127,-57,306,58,29,11,-55,-125,109,123,-124,15,3,-167,30,-54,-8,-50,47,70,38,140,70,13,43,45,98,257,-243,71,-63,251,24,71,195,-135,-36,44,-43,66,56,105,243,-19,-8,-30,-156,63,80,122,94,-174,155,-36,21,277,-34,-49,62,38,90,27,10,-64,-82,-73,-25,115,13,75,41,-41,196,34,136,-27,-97,-137,-10,43,-40,-43,81,156,127,-83,-19,-11,56,2,100,59,68,65,96,-137,345,65,121,-21,135,177,66,-12,-14,-56,-28,-127
65,120,-118,-173,-52,10,-121,124,-4,170,31,123,135,173,-141,196,166,-29,31,-117,220,-65,-95,155,103,9,113,-34,-11,0,123,50,-88,46,-81,106,53,-63,-40,115,-73,-95,-69,-37,-14,19,140,73,-37,27,-47,131,-1,28,80,75,-69,-175,-49,-12,28,-85,85,7,8,-10,140,38,84,-78,286,74,156,116,127,185,198,97,-49,-114,-177,113,-29,107,-30,128,27,-56,90,32,73,59,51,70,21,-24,118,-85,-4,-37,126,163,0,-30,176,178,137,85,195,229,74,28,-63,-210,-70,180,-68,14,-2,185,69,150,2,25,-10,179,170,84,116,64,103,175,137,-86,74,-8,-99,22,25,243,-82,-34,-34,54,40,17,42,-16,38,60,-18,112,128
-3,-31,57,-35,176,156,20,183,39,-44,-92,122,87,182,298,110,84,178,151,-10,1,70,-24,339,78,-50,23,16,61,282,167,22,-19,114,36,97,169,-30,-11,107,30,109,23,89,237,156,210,47,32,-24,-37,211,80,133,242,-120,148,2,54,119,111,318,220,165,-20,53,88,-9,93,67,278,72,224,100,8,-18,-126,130,7,55,-169,159,232,99,66,127,-100,155,197,279,-46,36,82,204,132,-27,78,75,180,112,176,56,-69,64,8,121,66,31,221,-144,65,152,-33,157,87,16,-112,118,96,99,-37,144,46,83,-19,65,59,164,233,204,118,172,58,55,-90,30,145,84,134,164,-24,359,30,-31,98,57,168,-1,213,147,194,-78,14
8,-12,44,99,110,49,284,75,-33,-41,65,-70,-121,91,-27,-129,-131,-27,87,50,-73,132,-91,45,13,33,-14,-25,-50,36,175,139,21,124,35,-77,1,90,56,-38,127,152,-61,-33,68,-2,7,104,146,84,52,123,195,166,-41,30,-32,-41,9,106,16,-49,1,-156,-23,-59,20,-252,-72,-25,54,28,76,-18,55,-70,-199,75,123,19,-36,-61,-26,144,62,40,-94,112,-28,45,-82,130,70,137,175,37,-73,179,-91,57,57,109,102,25,20,71,-62,-83,71,108,71,-114,-126,-33,54,76,-29,40,127,83,-114,-28,38,215,40,121,-30,11,-89,-42,15,13,41,-26,11,52,60,29,68,37,-78,101,-57,-225,61,45,112,-51,204,38,-64,64,-155
23,50,-64,52,75,134,-137,167,-121,111,131,-19,-6,80,48,76,51,93,35,-100,-61,179,-66,87,28,86,-217,-22,38,50,-31,6,110,231,68,108,-29,41,-102,-63,125,191,67,-177,-15,-51,-71,-85,26,33,33,132,35,127,-15,-226,-98,-85,45,121,47,-39,248,8,221,22,226,-19,112,52,74,203,69,61,-28,-67,151,125,227,-63,-4,-123,71,208,-107,76,-373,56,109,-10,199,-11,94,55,23,125,253,137,-4,313,62,201,-18,-74,210,227,179,-114,-91,47,97,-78,-12,-178,-80,19,83,269,9,72,21,-11,209,175,-71,-4,-136,-18,83,80,131,-10,164,-5,-67,-181,250,-84,-62,118,44,209,51,212,-82,80,-6,43,-198,113,127,-43,49
-18,-31,99,64,109,11,140,251,9,86,154,-17,100,-34,-25,46,-88,97,-16,-90,115,-85,-2,32,-100,136,67,37,-6,184,117,-15,120,8,380,-68,-4,159,5,-98,105,4,120,125,43,52,-83,-70,33,2,-8,79,18,-40,65,-52,-22,24,215,105,64,-37,52,253,41,-126,272,-16,112,106,74,156,77,138,52,34,-32,36,129,59,-115,-136,148,76,175,-15,-11,-94,181,20,171,-59,35,-68,319,95,37,-60,-40,58,62,67,-55,34,99,53,25,34,14,68,-102,90,-50,-25,208,-4,-26,156,-15,43,37,78,41,379,-15,-200,25,99,103,15,124,-52,-122,19,-96,27,188,-163,27,121,2,-19,-27,71,141,-100,77,68,-15,-112,171,35,14
39,97,42,-142,50,-15,-63,63,155,108,122,41,177,79,-57,109,-94,42,-23,114,72,30,-42,77,-107,-136,-64,-4,-204,161,-47,-172,-46,94,27,38,144,-1,176,109,-339,7,47,-189,119,60,87,222,27,-215,-100,17,31,-104,-77,63,97,86,106,15,61,49,123,-55,130,20,24,76,-138,39,0,132,0,-83,222,283,184,-138,120,-53,-75,17,-216,-92,-88,54,168,-100,79,-65,-191,-96,1,-29,-14,-111,-145,-155,67,-140,-124,-90,56,-77,231,-81,56,-49,-73,256,3,66,118,185,309,48,-135,103,-29,-7,-65,137,29,-15,5,-13,32,165,76,182,-122,-6,43,68,-126,237,-176,103,-77,122,-29,9,111,88,-49,-66,97,3,169,72,47,56,32
3,128,-97,37,135,-124,-9,88,150,94,28,142,124,38,35,86,84,-10,75,105,-26,-15,-152,-18,43,214,-16,80,-52,156,-201,2,126,131,-56,-27,94,60,127,-19,-73,-123,18,-92,-131,-58,68,39,112,-149,30,65,-84,39,132,-253,153,148,12,78,-8,-30,51,93,118,-12,41,148,-11,92,-47,50,10,-110,-170,-16,40,94,138,32,102,-15,-13,-227,22,-5,-31,-3,-37,278,-95,163,-5,-106,59,-5,38,-11,60,-144,66,-17,25,222,59,127,140,-34,117,141,90,104,-104,21,96,8,-60,37,122,-7,-141,13,-117,-137,46,125,47,107,13,47,94,62,-51,-156,-177,30,7,161,13,44,-13,167,63,2,44,8,66,208,-151,-128,-32,-136,51
199,206,-80,-51,5,131,110,63,1,117,112,198,407,26,240,228,23,242,-12,56,320,232,201,96,8,22,17,82,167,7,-53,119,52,-167,118,52,89,1,64,-71,45,-149,32,-55,177,-9,-4,-80,207,232,88,91,-110,141,166,83,222,220,1,71,69,257,111,99,83,-88,80,9,26,168,97,6,78,-17,-45,78,85,-27,204,-78,212,-40,20,73,37,233,16,91,69,59,65,4,57,-21,218,286,-119,142,225,328,-29,195,245,121,179,112,441,30,-65,51,85,180,207,121,206,-10,-50,-59,-65,94,10,53,-62,155,50,73,-31,0,68,161,-26,189,209,66,-34,145,-25,-28,-129,-36,94,112,42,268,76,240,103,17,201,91,77,91,-128
29,-92,-83,121,23,74,-64,-15,79,154,53,64,-80,217,2,91,114,48,118,36,62,102,86,90,217,107,86,138,21,-55,117,198,42,-46,123,181,-108,129,115,104,48,-28,152,-49,107,29,262,-10,-20,289,53,13,125,-92,9,58,193,34,18,139,121,-62,-12,54,-19,-73,172,-79,167,4,214,112,-12,89,64,345,320,15,82,89,222,57,-99,85,-28,16,97,80,63,229,-18,137,72,133,40,112,136,136,-24,14,3,105,177,81,13,74,137,146,30,184,-125,-19,-78,60,37,-10,165,-23,28,98,97,57,30,20,44,-116,31,45,89,11,84,-2,53,-21,-9,-124,-58,-51,-51,-8,20,112,-24,-1,-32,34,118,89,38,102,-200,-28,-15
163,70,215,-59,59,167,-30,-82,-36,189,209,82,149,59,133,74,144,160,117,64,250,-45,-5,94,103,-27,38,282,65,-165,34,55,24,-29,101,84,316,17,-1,204,99,-148,187,-32,75,23,166,154,113,230,153,182,62,-18,150,53,213,211,74,20,-40,167,227,143,33,5,57,-95,91,5,146,54,38,149,-9,220,224,177,71,-59,202,7,-17,5,195,142,118,78,154,123,71,25,48,25,-25,71,-44,-87,81,76,61,-63,141,237,87,125,50,52,-100,239,35,109,105,189,-103,291,64,181,35,318,290,-10,171,122,40,-36,9,29,150,126,133,105,101,-59,178,-16,74,-143,109,168,-90,28,-112,194,63,98,220,151,252,107,112,166,101
-160,-31,-94,20,1,-66,-179,36,163,19,60,-144,63,-100,193,99,-235,132,227,206,149,169,-134,-69,-281,-33,-160,6,-19,39,-90,76,-80,-14,40,-31,-51,72,-28,12,-84,30,-151,55,14,-151,14,52,111,-44,138,26,-147,38,-36,-27,-131,266,-8,23,-43,-27,45,-48,-39,4,52,56,99,59,-89,313,-63,99,-32,61,6,18,179,158,13,-77,-157,9,-85,-98,92,96,-18,-40,35,-7,70,-30,280,31,-105,38,-17,-68,60,27,16,-226,-142,108,-43,52,-163,-58,34,-162,-144,-77,49,76,-121,237,-64,86,-81,120,31,44,-65,37,66,-114,-24,-60,105,132,14,-26,-76,30,65,155,-107,188,-16,79,113,13,-21,-214,-182,24,-49,-108,161,-131,3
-45,-95,-29,74,-66,29,59,74,53,45,-80,-19,-81,99,53,6,18,100,-121,7,89,-214,29,-192,282,231,86,29,54,208,0,273,22,247,58,140,5,85,204,-37,41,181,17,-197,-110,-138,39,-51,160,228,164,-31,-100,-14,190,49,-61,-71,97,-155,-112,-90,14,33,-46,-18,248,-54,-57,-121,3,69,16,299,88,146,138,99,77,-1,-31,-28,-270,-54,65,118,66,-48,-88,-15,28,42,145,103,-154,41,203,266,24,142,-27,18,-36,55,188,179,-82,-116,222,97,-211,76,47,22,174,36,-111,18,52,-55,-177,4,-135,85,-65,1,160,-50,54,1,51,-38,135,87,84,-74,77,-12,-39,43,35,-53,19,-78,45,34,-1,228,-9,21,120,61,92
125,-170,-5,-54,58,113,252,116,-16,43,-45,146,100,-83,-36,32,26,168,223,-71,75,-60,-83,152,-66,-78,-10,216,-41,-46,-75,146,115,44,161,179,98,190,53,59,-1,17,-97,-29,74,25,91,88,170,-20,19,240,15,21,-15,61,212,59,89,108,-33,-122,61,45,-181,-78,4,-47,179,-13,40,196,-69,50,34,104,16,2,-20,44,5,-32,55,74,189,148,25,141,-45,135,-133,-11,88,20,131,-68,-137,-34,-90,152,174,26,83,77,-72,-56,162,25,76,18,76,99,-173,169,100,304,-1,-36,14,55,172,187,3,14,-15,-80,101,3,-76,218,-243,25,114,-144,11,225,32,50,-113,177,-57,-12,-238,7,49,83,164,19,116,11,256,-95,-10
149,-2,-109,41,-85,-98,174,59,-100,-86,106,167,160,-96,-100,-128,63,-160,-160,54,141,44,142,46,127,-23,-81,150,-15,-9,-21,-31,-105,120,-175,-62,-183,72,-96,14,138,-120,62,-139,-174,-4,18,-61,-153,-114,52,-88,25,-106,-88,69,-87,23,-80,-61,175,51,-232,17,64,-41,-177,-105,133,-12,-91,94,38,-153,84,-55,-56,25,-107,28,133,110,63,-50,141,160,-92,282,-185,47,74,-162,21,25,130,18,-183,19,86,-49,-29,-11,-39,115,52,-276,5,-19,48,-131,-11,80,123,112,113,-3,93,226,27,83,-14,-15,26,-67,92,-38,93,-69,-44,80,-71,-238,-1,-78,69,-78,-93,-95,27,75,-137,-263,-151,-101,-183,220,43,-222,66,-1,-152,-14,34
23,-59,78,18,8,-75,297,41,2,-44,183,102,189,-91,182,139,-45,98,-7,39,-62,24,-33,-107,-39,-70,45,15,83,-57,-75,71,-105,-78,-87,11,-11,221,25,91,47,-44,-62,-73,-67,198,-42,119,40,-5,-160,-1,-147,236,-205,-74,40,-6,26,-27,-21,142,-60,45,5,-94,29,-279,155,-113,-123,-62,32,-46,65,150,120,-118,-53,-65,58,46,185,-21,-7,222,169,209,252,-10,-100,-44,58,69,96,1,-58,31,-26,90,51,153,-83,41,-51,-183,141,-172,154,59,73,116,100,17,253,-42,48,166,99,84,76,29,-57,-150,62,-24,61,36,-24,106,-6,-180,62,-265,139,-104,74,-73,58,-73,10,94,-37,-90,-160,162,37,-146,54,62,107,-154,-237
217,-160,-8,245,-10,-40,103,26,102,0,166,76,-30,129,-56,-31,212,123,-10,161,-119,108,-100,19,-32,188,-228,15,-62,57,111,-126,-36,-10,178,67,-106,-74,16,-57,-94,-203,25,-127,-30,239,67,-63,102,-58,-43,15,83,14,-135,74,50,30,189,33,-36,-60,20,-62,52,194,151,-109,-95,-37,-13,50,114,-74,18,124,67,60,44,-85,15,-36,-167,-7,-13,103,57,49,-40,79,116,-56,257,-34,-31,-146,-75,17,-53,68,-74,-9,47,-224,42,105,77,-147,-12,-8,-120,-1,38,55,-31,2,142,321,69,16,-91,47,1,0,5,-94,-44,43,157,210,233,36,-113,-21,116,-41,37,1,-66,-80,100,147,58,10,-21,5,28,-20,-49,99,1,-50,139
58,-3,121,-26,78,115,70,3,-178,53,-72,134,17,342,40,190,122,16,130,-106,-32,43,82,64,17,269,95,183,129,-71,25,166,25,61,37,73,165,48,-74,-119,223,40,378,-55,81,60,49,79,111,191,27,94,1,105,53,-30,14,15,-68,150,2,144,223,-34,-62,-225,125,-130,206,7,108,35,89,101,-7,60,-222,65,127,9,135,-87,162,90,-30,-26,-46,26,181,126,75,6,181,194,-99,-67,288,112,156,159,66,74,14,26,-31,177,212,63,108,92,23,1,-10,97,-41,299,14,28,87,195,77,121,166,140,161,127,208,70,-19,-69,53,78,-82,0,-100,-23,43,-63,267,126,-60,18,-40,-84,69,-16,183,-8,297,-54,32,99,39
-9,-10,130,73,73,64,71,-41,-35,-178,102,-12,-84,-24,-38,194,58,-54,23,26,45,64,17,-81,-18,18,16,157,-180,-8,10,-80,45,91,51,72,78,59,127,176,42,123,104,-97,67,-197,102,86,-5,13,103,87,166,-167,135,-173,164,101,51,87,-89,-104,-15,-11,22,-20,1,176,88,-20,119,49,-146,24,287,-78,159,-54,40,-92,133,-12,117,-29,-86,264,181,52,148,-43,-121,0,-182,-104,138,25,-106,83,90,61,-37,-47,-88,-32,161,-120,-94,-3,131,-20,47,252,106,28,-30,69,29,139,-221,-75,7,-170,-8,72,13,99,200,172,76,44,-117,14,268,180,38,1,-76,217,32,-99,-75,-38,-14,110,39,141,-200,-39,100,42,70,193,4
334,99,-180,15,-5,-24,16,-5,99,23,204,5,58,-188,62,135,15,134,141,73,52,162,165,88,220,61,4,3,-30,40,-24,37,-6,0,82,43,12,236,-79,95,63,42,23,-59,125,6,65,122,191,80,137,228,100,-111,195,39,166,265,245,40,63,34,55,49,116,223,-44,225,-104,32,53,113,-39,-42,-51,61,153,-24,31,121,185,22,-30,107,194,40,78,147,-59,71,-53,85,-180,-77,212,147,-86,-69,196,104,30,124,-36,-49,25,114,50,124,46,-228,-69,191,260,66,0,-76,49,12,-46,62,76,-127,-18,134,96,20,120,-82,-16,60,-10,-8,206,-40,101,54,3,71,50,-205,74,173,15,35,77,-32,-21,-96,126,-166,-3,-65,-22
45,-13,125,-96,107,-13,64,-53,175,75,-13,64,55,-62,121,47,-32,-35,-78,-23,37,-124,96,117,-23,-43,-64,64,62,-52,109,218,4,8,-32,9,153,222,-203,-38,-118,-2,73,47,4,115,429,-40,18,-98,91,86,266,-21,230,-70,21,-69,109,-157,24,39,164,75,22,31,20,-30,229,33,8,-47,3,20,-61,49,42,83,73,-159,17,212,-60,-108,127,77,144,97,247,159,-94,-10,-44,102,-46,-177,-25,26,-1,43,-120,104,188,12,-110,-122,-92,-196,28,-144,114,157,40,150,-70,-35,-50,100,-336,196,12,6,-9,25,-26,-66,75,237,-47,154,-37,-34,-146,-98,56,122,-124,1,106,57,-290,-56,272,-19,31,31,-75,-9,-64,7,78,-45,138
-53,81,-23,-99,303,-180,193,-79,135,167,-75,-82,-67,-71,-74,-15,-35,-107,170,35,-182,196,113,-85,-85,-36,-37,12,35,-137,47,89,-10,84,65,-29,150,110,-30,24,-137,69,229,35,195,93,121,129,117,210,150,94,13,51,55,-179,-70,-178,140,-142,-121,-108,125,75,-223,-50,53,132,93,51,149,-48,-59,107,-119,99,20,-33,5,15,159,81,84,72,-134,-55,41,1,25,48,-114,38,154,-42,182,-46,-28,-127,-134,5,-94,178,115,-30,-9,-29,-137,58,181,-77,-39,-69,1,-38,141,-38,26,50,-78,-60,-19,-49,44,89,78,-79,-20,2,7,157,-46,125,181,287,40,97,-52,78,107,-119,-52,-42,107,-201,-90,-5,16,8,87,18,51,69,19
27,-82,240,37,-50,-20,-124,-254,-68,1,286,92,-15,8,-68,-95,-11,-21,17,38,123,39,6,-15,120,-42,119,-51,-135,-7,4,-70,194,-91,108,62,-43,153,-139,78,-146,28,-28,-100,-11,62,146,124,-3,232,-96,209,60,-66,13,222,305,171,154,241,62,105,56,63,-58,-25,50,-160,108,-92,-22,-19,-104,15,-35,206,151,32,68,-5,129,8,-197,-42,11,140,65,101,126,28,163,-17,-23,66,-2,-77,-130,-38,86,13,41,-72,128,164,203,-73,122,-13,13,186,-152,-125,-61,77,-65,-44,-6,2,-29,72,56,6,-44,-119,-15,-273,29,192,38,-7,34,-131,-54,-121,7,40,0,-24,-209,-140,-70,96,171,-228,242,76,223,71,280,-3,-50,-31,53
130,73,35,198,5,146,99,7,-221,84,123,-18,-269,-26,137,28,225,-95,-10,37,-131,-96,-37,-27,145,222,5,-27,97,114,50,-172,153,-99,24,169,97,86,56,-89,135,16,-60,-144,157,44,115,74,91,143,58,13,24,10,-9,-41,-4,10,14,-9,39,115,-111,141,102,86,6,-101,-10,-156,57,92,140,24,-14,-24,5,-81,155,147,-23,40,-89,-209,27,-34,-134,104,138,180,-67,60,-166,-59,112,-92,-7,181,123,-40,-13,33,-42,135,-7,89,101,-14,168,-9,58,72,78,-82,63,18,140,78,167,80,43,21,-50,79,-46,4,-76,32,-116,-198,-34,94,96,-85,43,-48,117,-56,15,-150,105,225,52,-54,-45,-28,16,100,167,-47,-117,-38,-120
-128,83,-34,64,5,-18,29,-41,-45,-85,-49,-135,-72,-80,7,69,-235,13,-29,85,24,54,-12,-47,-152,-100,-176,-147,-70,-21,56,-44,160,-88,77,64,3,5,138,-52,-221,-70,52,235,82,30,30,-130,52,31,60,6,29,-96,103,-25,-18,7,-31,-125,20,-51,-30,-83,65,-103,-103,78,-80,-12,-171,33,-28,-30,-80,-168,-162,-134,-40,-101,55,26,-13,201,-69,-76,-31,-30,-27,-14,-9,33,-111,26,-36,-67,-66,-105,-41,-43,-60,99,79,23,-181,-83,90,116,29,140,265,-172,60,82,-161,21,-226,-35,-55,-124,-48,104,-121,-122,34,64,-54,143,17,46,-119,40,-176,15,55,50,-129,81,33,123,-24,-52,115,-142,-98,-162,-117,42,-7,-32,-51,-45,-101
92,68,-107,-126,67,-118,-79,48,237,165,160,189,184,148,131,105,16,171,206,25,-20,219,112,-89,302,113,192,80,-61,110,-157,233,103,101,86,-60,134,29,79,85,-35,-55,-3,-102,23,-33,-142,108,56,112,58,297,23,-8,54,-32,22,101,45,95,14,-42,258,-15,151,-5,99,53,-60,202,157,43,-32,22,-75,190,367,199,-39,168,34,154,69,68,-11,52,123,64,108,207,-176,87,-53,-14,112,3,113,-46,-42,114,-47,64,-127,112,221,85,65,21,178,94,-104,292,-64,-108,50,-50,-5,31,102,-50,18,79,191,88,91,70,103,-117,216,151,110,165,42,244,71,-66,18,50,112,114,-12,212,68,-28,-158,-100,344,27,-2,34,-65,194,-71
100,-7,43,-46,94,-120,138,-77,47,-1,61,-55,-12,127,-31,63,255,-45,93,-51,158,120,252,7,84,25,132,164,-177,-30,74,-15,87,-117,123,160,-116,-96,104,-102,-189,-147,-85,-95,-2,60,99,147,154,264,15,60,-99,36,-89,122,126,82,114,207,38,155,296,56,-22,101,84,-51,163,127,62,94,60,42,-32,47,198,105,205,-31,150,70,34,-7,14,181,65,-141,192,211,125,27,66,118,125,19,-119,-132,143,-57,20,99,201,118,140,128,-14,-1,-79,168,-213,-127,-56,-31,196,51,-122,4,-43,-118,39,110,47,150,177,-44,243,88,185,125,140,8,90,-9,-7,7,59,-78,51,80,-86,90,32,-70,71,95,79,24,57,-75,14,1,139
-173,-78,21,74,146,80,60,133,-46,130,69,-13,18,222,-2,62,0,-31,-40,-50,129,59,4,92,-36,-55,146,105,156,13,-123,187,-31,-93,-99,108,42,148,107,13,89,176,-101,-5,82,-116,91,-34,-129,68,48,-196,-134,180,-136,82,66,-122,14,7,88,163,-92,-8,-121,108,72,219,54,1,50,-5,99,43,36,74,136,17,-13,109,39,117,54,-25,27,24,12,46,107,146,41,91,-10,-97,-104,-103,39,-49,-53,23,30,-45,39,-56,45,110,265,15,-100,-36,-97,-121,150,-145,226,-160,5,186,189,-175,-106,-15,101,194,40,-30,98,153,194,-71,266,5,-15,116,-115,-35,38,-46,164,34,48,60,40,-61,-90,-22,60,-159,113,-68,31,59,104
15,-44,22,-54,11,-139,85,55,221,-91,111,130,70,80,321,46,9,82,-37,-3,93,5,107,39,124,90,197,-31,-24,163,32,-28,-34,-97,0,-96,-63,61,120,42,22,9,63,81,0,-169,34,14,-92,-54,-185,-15,142,-68,65,30,-44,92,100,128,-36,-164,195,116,-31,107,-34,2,112,-157,75,139,-113,-38,-102,168,233,94,95,-132,-21,-98,36,55,-74,-57,108,-3,72,177,-51,124,43,-186,59,82,-29,90,-89,-125,-57,-7,-45,83,47,-14,-88,-58,81,-14,-80,-130,-65,173,40,-70,-34,59,127,-16,-56,-65,88,13,32,-144,67,-79,130,52,-179,12,-117,59,-130,90,-110,-163,80,27,-27,21,-91,-1,111,-109,188,188,174,-185,-15,58,131
122,105,89,-81,308,82,217,43,-37,122,37,-39,140,41,-74,5,-61,53,106,84,17,-23,96,124,-79,137,-66,-28,-104,126,311,1,-43,-71,-66,46,131,25,-2,43,164,-58,185,-13,-1,247,70,145,182,-34,126,252,107,47,7,-121,90,216,26,-45,-27,-21,104,204,38,64,189,-84,125,12,-52,63,30,114,-23,50,-16,31,108,-32,152,134,101,191,-137,-132,142,22,237,129,-53,-266,-6,-119,102,113,-48,156,167,37,116,60,-91,115,12,-27,99,180,61,231,112,267,215,143,162,19,-160,299,53,179,249,136,124,127,54,2,48,-14,-54,-34,143,131,207,125,-85,-57,-89,-35,51,44,-43,213,-26,15,131,156,61,47,152,200,25,88,-124
232,190,96,66,42,122,186,-104,92,12,-24,52,15,239,-106,115,203,-40,36,98,69,-100,226,-197,75,-126,82,-16,77,-2,92,139,-118,-49,-2,-33,58,-118,12,115,196,42,36,13,32,26,9,183,-35,67,85,30,91,194,-10,-111,-121,23,-45,152,49,146,20,56,205,92,-65,85,49,-157,130,114,44,127,282,56,248,127,-32,16,203,144,73,116,35,129,100,17,114,38,91,227,-333,-61,-117,-30,-44,-16,43,-127,113,-151,160,-7,100,31,-133,205,137,-26,23,249,185,255,-33,57,105,11,-3,30,162,-10,130,141,196,231,97,93,-34,62,9,-14,157,-26,175,-201,-19,-89,54,-19,-47,59,85,109,89,147,125,-22,-78,227,63,365,-33
27,-58,218,-8,47,-51,134,53,154,-49,145,-109,306,205,67,59,234,124,115,170,53,431,146,34,202,40,134,6,-27,145,7,46,-95,-120,286,101,102,155,16,189,-22,-13,-106,-71,181,-16,160,69,45,81,-195,44,139,70,-99,-133,170,15,284,126,110,160,74,-33,-8,184,167,-68,-49,-106,55,-116,160,-60,105,305,169,126,92,149,-265,109,-24,-145,36,221,38,56,150,233,-95,86,236,-46,55,-98,34,-31,74,110,106,147,69,89,-77,205,61,-78,150,115,27,-1,-44,-168,-45,-56,117,189,67,35,167,76,-33,-95,16,17,220,227,4,117,-54,205,-43,-36,107,133,31,112,36,114,234,-35,230,28,165,-38,167,-32,189,96,-52,21,-6
106,-108,-23,138,214,24,389,138,38,2,234,168,-50,112,52,304,205,172,15,110,231,-36,109,318,146,-71,70,136,11,134,103,153,18,-69,54,219,107,206,127,151,105,35,191,-41,76,175,128,90,107,114,-97,85,159,87,89,47,326,41,84,7,127,206,94,-5,110,269,177,179,32,169,28,107,228,19,-21,83,77,95,-14,-58,207,145,303,117,93,109,47,68,221,164,-107,-92,57,7,235,54,-16,-119,66,107,6,60,83,81,113,99,197,115,235,3,25,112,45,153,188,253,246,17,104,102,-1,212,298,61,151,141,247,-19,-23,93,177,111,260,-75,73,100,112,171,85,-103,29,172,-67,-94,13,51,179,-175,164,258,316,-25,9
213,13,181,-111,-19,146,-101,36,106,45,-197,-84,-2,127,62,100,-279,17,60,-172,130,23,254,105,-84,63,-177,20,35,-27,207,96,-86,113,7,43,12,-122,-72,-4,-95,227,80,-69,-9,150,239,285,-24,22,-8,161,39,-32,-81,-62,81,51,168,14,-89,40,104,-75,-78,-26,96,-56,57,43,42,50,122,201,-89,209,66,194,202,56,76,-90,-47,77,-8,35,72,113,91,30,-103,96,-83,151,38,39,-30,-60,-103,108,22,-125,-21,-42,65,54,-192,74,-51,87,-158,59,75,172,-40,64,86,149,-13,30,75,-164,100,-20,27,95,-27,-233,-4,2,71,10,129,25,-4,-57,77,1,-171,-70,-244,17,-18,92,216,122,200,96,-27,3,165,15,89
107,-30,68,-7,89,277,29,-43,181,191,-40,7,-79,-141,-44,-74,-119,60,97,77,173,-48,56,-15,-33,25,6,-110,83,31,144,237,51,60,130,-33,29,103,-70,-27,99,45,209,85,28,64,-66,106,92,59,80,316,96,-18,154,38,75,79,-2,-5,99,-120,40,44,48,-44,-74,17,67,106,-2,47,65,-81,131,110,21,11,-79,-17,183,-235,-60,21,120,23,215,96,-71,74,87,28,78,-49,-21,42,-68,189,-141,109,68,-8,243,-54,215,-27,-5,-91,-13,269,-171,10,213,287,64,33,-141,100,-37,85,27,-16,-18,218,-102,-181,-97,16,173,197,50,-84,-83,87,-28,-38,-88,-49,30,145,-68,61,61,-67,14,100,32,91,60,79,57,66,-85
-41,13,59,-197,59,84,-30,10,31,137,-162,174,145,167,223,125,67,-91,29,-30,-34,112,81,129,166,-3,41,-145,73,33,-20,-14,18,70,19,103,-87,-11,-66,-57,-125,-33,-117,63,174,-38,116,25,-11,66,-135,151,-17,277,-39,-108,-105,65,113,206,-41,241,-53,136,47,4,83,-138,18,74,44,14,-54,64,-61,-50,78,-94,-112,103,-28,-142,200,-101,-16,-157,-64,75,30,126,-17,159,104,122,-149,-5,145,136,0,-108,-18,58,-19,121,-6,63,23,-115,70,99,-46,26,-144,-30,214,21,-104,18,-12,48,113,131,202,173,-104,-126,9,90,193,13,32,-5,-30,146,-196,58,51,-24,83,20,25,75,-53,-60,261,90,177,37,251,-44,132,14,-34
110,270,235,-3,133,94,340,60,230,109,84,408,152,250,55,257,206,-21,44,-13,112,152,-64,13,-121,136,-50,117,52,184,30,150,65,149,32,311,86,39,84,5,-104,8,94,112,162,51,87,106,-100,23,65,282,-131,111,114,-15,278,60,82,-20,40,191,89,111,-216,-100,64,54,70,147,323,24,-9,97,271,293,-16,49,65,72,-52,111,208,214,-23,120,118,117,87,205,14,121,187,90,145,80,-23,76,67,-157,27,201,63,25,-14,5,144,125,65,19,-70,29,-101,25,156,-76,121,71,171,61,67,132,4,99,155,236,71,263,-20,87,165,110,112,117,-126,-122,156,-108,77,151,271,69,224,-37,171,43,88,237,260,198,-55,82,18
246,120,-83,-22,80,149,89,166,70,62,-8,279,130,160,228,-38,-59,136,-43,133,39,-162,13,30,23,141,-116,206,69,58,72,-55,-79,320,-160,66,99,7,26,-11,214,-228,44,-71,102,-129,-127,65,41,-139,30,87,-83,70,150,74,-36,145,90,-129,47,-57,17,133,168,-46,218,-106,-58,6,52,77,175,96,78,125,-62,-146,156,-23,121,225,-107,132,-36,154,95,91,-171,-92,2,-81,138,22,62,99,-149,62,152,83,-116,195,-5,207,162,-34,122,59,68,-162,-6,259,169,33,203,-47,10,96,287,267,3,-47,20,174,18,97,32,-138,-33,34,2,-31,-13,55,-40,33,-147,-55,-57,59,29,45,128,73,60,350,147,170,17,222,38,170,4
76,49,10,2,-43,183,-9,159,-75,86,42,51,128,19,102,58,-140,243,-28,-2,102,-156,89,60,-78,-54,-174,90,155,-106,-21,125,-194,-113,-118,105,154,213,-112,161,-27,87,143,19,-19,37,165,2,-34,9,120,17,-115,191,111,-221,63,-28,110,-132,88,185,24,26,56,-40,221,-84,278,-127,-240,73,216,13,-96,-43,243,253,78,7,68,90,-28,-38,149,132,-33,146,80,-25,79,0,121,93,164,-120,105,-191,15,205,1,73,45,327,87,-26,187,-13,-75,-56,120,-43,124,71,-10,193,131,142,20,374,64,-146,-62,-23,23,127,104,143,-121,-150,147,-3,-25,-226,104,66,159,-108,156,42,-149,69,-54,204,161,139,91,-82,-72,7,102,2,131
98,106,196,-51,43,40,62,-41,225,-62,85,-20,11,-164,8,21,23,-23,-115,56,93,92,40,183,6,-166,1,-2,-123,13,162,-19,-188,75,244,-50,118,-10,90,134,-57,152,45,-70,151,-183,-126,60,-116,118,74,26,126,191,48,2,66,111,17,159,152,58,-52,173,11,80,-24,-124,67,68,208,232,123,60,163,-140,150,34,55,-48,-109,-98,210,-8,-6,213,-66,227,-135,49,-26,29,32,-41,26,198,-52,-89,17,19,-2,149,80,150,185,40,-156,-38,-112,21,58,-213,-58,32,-21,105,173,-16,-65,-38,-25,10,120,-19,85,33,-59,94,92,160,36,-121,33,26,53,66,-84,-132,14,-120,-88,-28,-55,75,-90,93,52,69,125,200,44,-13,-106
5,98,57,-23,22,58,53,-44,-38,21,83,-105,25,-61,-307,31,-37,148,-4,57,-63,1,-9,-34,237,105,8,69,-31,45,111,-41,-123,-55,50,-181,-54,-53,-96,133,177,131,160,121,-167,-103,-31,111,-86,-19,12,141,-8,50,93,-70,-4,-77,-102,22,23,77,-35,43,-57,-30,147,50,27,27,45,-38,-20,92,-1,66,117,181,99,-43,-18,159,-56,324,72,29,37,-21,-70,-68,-108,-177,78,35,54,65,-91,88,23,-71,5,74,-74,-114,80,390,59,166,-115,7,8,50,19,-40,-54,-126,92,51,-71,10,-14,27,-27,172,61,165,-139,-148,-133,67,-13,-37,123,174,-32,48,-83,-29,272,-122,46,45,221,-10,9,-146,-58,169,-103,-84,-139,67,-129
124,-9,-128,46,1,105,102,-21,-173,116,146,170,105,126,188,136,45,-7,81,-51,-94,307,-41,-108,-37,28,25,164,-42,-153,-190,-23,26,63,25,253,95,-46,30,-13,-204,-22,-115,-215,96,-59,-4,66,86,122,6,32,-38,195,-56,-186,103,117,-19,52,-83,-82,-48,74,133,-109,-28,-8,-11,69,69,-59,-99,-53,-46,47,54,21,112,-84,-1,-114,59,-50,51,93,-67,290,31,79,86,159,28,155,7,-44,127,-81,-72,78,-38,56,3,206,-185,24,86,-33,12,41,99,-70,91,-140,79,211,80,84,46,183,153,-26,-33,-201,-90,144,258,94,-38,79,47,63,2,-328,142,-164,64,-24,6,35,201,159,-1,118,-121,239,-147,89,-10,88,8,-114,-22
30,145,88,60,-78,93,46,85,-173,57,63,141,86,39,112,249,-50,-38,91,-32,166,80,101,-16,2,-92,8,96,86,-49,-77,203,286,-54,41,192,76,184,27,-40,41,-72,5,-165,214,119,41,247,186,19,-116,31,96,63,-61,-12,59,142,-7,48,118,-98,123,47,65,66,83,119,-67,-76,-33,145,140,-58,-125,-10,-33,-56,-11,62,37,37,184,168,-12,18,-61,49,-25,53,104,293,-46,194,-77,-20,158,132,-32,22,49,50,143,82,80,242,181,146,-40,37,80,30,64,-146,122,-91,-32,121,5,-64,-42,-144,112,104,70,132,23,-50,84,138,295,50,84,-12,60,-217,75,109,-47,237,-16,7,-186,-104,117,-87,63,-206,34,-108,38,-25,89
69,22,126,-10,131,37,255,157,-79,-87,37,101,102,52,45,91,85,99,104,-193,225,27,200,-212,5,-104,-96,77,147,-86,-112,115,-74,-80,79,-26,33,-18,45,1,101,-70,51,-47,-4,85,120,11,-141,65,-151,42,11,133,-186,-37,-30,55,147,60,138,305,16,-37,79,63,2,-59,-20,-56,81,-19,13,23,-23,36,65,301,-94,-65,131,59,113,97,-13,197,14,120,163,117,14,-3,-69,88,24,79,7,40,204,-62,153,-51,-24,41,-28,-61,-210,155,159,-46,-56,117,285,34,-48,47,89,1,7,70,125,1,66,115,191,234,-2,-5,-17,40,240,-132,-85,-122,-18,-112,128,41,22,7,71,-118,52,57,141,105,121,-166,-117,218,173,236,74
144,170,144,263,209,74,56,-68,45,-163,33,87,137,126,0,69,-76,-131,149,-168,165,199,144,-27,91,40,-46,-54,-157,-21,80,58,291,-64,-36,100,75,218,-8,158,87,54,153,-53,51,107,2,87,290,118,16,145,145,11,116,-120,134,170,1,157,41,36,235,-122,-31,141,-201,-18,53,-94,31,74,76,-34,-209,-72,305,125,128,241,48,-56,-2,111,33,211,-42,-93,8,151,-54,134,25,132,312,-72,127,77,101,121,298,96,194,69,140,110,73,5,-110,35,68,99,70,160,8,99,1,60,-80,247,256,136,-14,47,28,183,-42,94,238,172,-13,156,-5,-69,4,2,107,-2,12,286,-102,-33,-81,-65,108,-24,320,23,222,154,-53,36,-96
23,-35,-47,-78,-22,-178,117,32,-56,-41,3,28,220,-80,-12,-86,-144,89,55,127,12,98,70,159,56,-12,61,70,-178,136,69,-78,118,126,-31,76,-177,37,4,192,-18,94,-60,18,-55,-8,36,81,119,38,-52,95,-58,-27,120,33,261,133,154,-9,-146,-38,-2,134,44,-20,109,105,-13,164,-44,-22,-162,110,62,204,32,-150,18,-13,79,42,180,196,77,-109,171,-207,-56,80,138,81,-23,-13,-21,15,-56,-93,110,-122,105,-63,-98,74,118,124,-50,-120,136,11,135,164,91,187,82,-93,-88,154,-92,-52,110,-43,82,-88,209,-43,109,-33,-95,61,-156,10,34,-24,0,78,-54,74,-42,-68,-71,164,115,7,234,-151,61,7,136,-24,61,53,-72
-18,-166,-89,-99,-60,188,-52,170,82,121,18,-60,-84,86,94,83,138,88,15,42,145,-15,-49,18,-35,15,30,175,-71,17,-8,65,-8,-81,143,126,-129,-27,59,-32,-24,94,-76,146,-13,-21,176,223,-160,-35,89,86,44,36,-61,106,-135,6,-24,-72,73,177,-216,52,103,5,52,96,-30,287,134,61,129,-203,-81,50,-2,172,-25,246,-317,166,37,83,-10,81,122,100,51,86,65,-27,-3,247,86,132,-146,101,251,-59,173,-76,-58,65,84,82,-3,111,69,128,-19,11,61,-6,116,-190,-12,3,328,159,-115,-150,-68,59,-76,157,-123,-175,71,-143,186,-164,189,168,-45,-17,76,55,53,196,32,110,-190,147,-115,104,5,134,-125,146,59,50,86
-35,-47,161,-62,-13,196,81,78,109,-116,33,0,46,71,105,-11,-156,-220,43,-115,-112,82,116,96,-22,34,29,-29,68,-5,25,237,7,99,-78,203,20,271,-58,90,114,133,72,-174,365,104,137,21,190,-63,-24,74,-3,-82,60,-148,137,21,10,105,13,-120,-48,5,7,-37,-103,-85,-80,5,-91,-65,159,-81,-46,-25,-17,-109,-165,200,-37,106,42,-35,10,-1,119,85,-74,-49,-45,144,-38,-94,94,19,73,137,-123,-15,-30,-59,41,170,-85,-116,99,-47,-78,-93,107,138,-107,-21,8,45,-66,-194,71,186,194,93,-23,69,51,39,-99,18,34,101,-167,42,98,81,-14,57,11,-22,-178,122,-42,-69,20,-223,-40,123,46,-110,211,190,98,61,-86
-121,-36,-88,8,-103,124,32,-18,-179,-107,-60,-72,-36,-126,123,-83,-53,124,23,50,32,-20,0,11,57,-155,172,8,73,-47,29,-20,67,-105,-149,-57,155,-111,58,9,180,106,-47,-11,-132,-92,-69,-21,-57,90,125,65,127,167,12,85,-33,14,-72,-183,-63,160,25,109,-66,109,-42,42,-65,-91,79,73,4,121,140,-113,-14,-70,176,204,-26,11,-100,-97,70,189,-21,-55,15,-153,65,79,47,138,9,-11,-41,50,220,95,-60,-29,-45,-43,135,49,83,-12,-20,-182,105,93,-28,116,64,-50,175,33,69,118,30,140,-163,-163,-86,14,29,53,-47,-73,15,127,-90,-58,84,1,250,-47,84,-134,60,120,-20,182,74,184,-118,28,73,147,-13,62,-167
189,-38,186,-96,35,-42,81,-28,184,-55,-43,-46,61,10,227,254,-42,-133,-83,-16,46,23,306,-114,12,220,-104,35,-53,26,51,3,22,130,85,314,-23,24,185,52,22,-136,42,-40,106,-78,41,-234,202,-69,-31,16,51,-184,199,-132,181,178,-32,123,-38,-142,108,85,-48,4,-127,-13,112,38,35,66,81,-44,78,-88,-17,-11,-123,-30,0,108,222,83,-137,64,156,126,48,68,54,-1,93,-38,96,-74,78,-11,-41,-40,-2,22,-25,101,-185,82,-38,110,-93,-19,-157,213,-142,89,22,56,-49,29,74,37,61,162,-23,27,101,117,231,68,52,127,172,85,80,101,-139,97,-187,-71,71,42,-61,-167,133,-144,-65,15,26,77,85,59,-40,-46,-97
30,20,116,3,119,37,-67,55,155,-92,110,110,226,-94,-10,299,-59,105,-69,-41,46,-19,-2,52,209,1,96,187,78,-19,111,46,-44,149,108,-83,72,97,69,21,132,72,84,94,-66,94,-103,-1,117,130,66,59,-147,-72,197,82,-28,35,-8,-22,121,54,-29,24,58,-44,91,-109,2,252,140,-8,204,-32,63,103,-111,0,5,36,-80,31,151,68,77,-213,6,60,-190,41,218,-162,-17,-26,92,-37,50,113,125,105,-27,22,26,-23,76,177,178,212,114,-178,-6,-29,67,96,-10,-120,47,88,51,113,-101,205,136,2,169,26,55,72,214,253,49,269,91,-43,15,28,90,24,165,164,-53,-68,-62,47,-34,-34,-16,22,79,-107,252,-30,139
146,177,160,-86,96,236,158,97,19,125,21,261,88,-57,38,205,24,54,34,-103,164,-123,131,172,187,5,29,64,282,77,-54,102,-106,5,68,-77,242,64,164,189,173,167,150,146,154,9,-17,93,-212,71,49,147,104,198,5,-188,-72,32,184,-12,18,263,-16,127,-53,86,-58,-46,124,44,113,67,145,-124,198,19,242,96,-64,-49,-1,125,189,88,142,81,83,156,143,48,-147,-34,15,110,54,44,7,194,182,8,107,131,92,263,137,-175,1,171,250,171,120,27,102,135,276,119,4,204,222,64,61,181,136,268,-7,371,96,57,146,210,45,69,41,33,-139,32,34,-56,45,52,211,25,101,98,-87,412,125,-5,13,71,75,226,-77
-152,-143,-60,50,-52,160,59,-102,88,114,75,108,-7,1,-6,6,36,-43,-87,95,-142,-7,49,-128,56,-83,50,125,-115,-108,131,144,-119,-150,-10,101,-99,64,-130,74,121,-14,20,-106,-81,3,112,-144,-58,25,167,92,97,6,117,99,207,-68,-104,-55,-15,48,90,-168,-131,-41,-206,43,156,153,34,77,-1,-136,105,17,122,90,-139,51,81,-128,107,-151,130,192,73,175,30,62,44,57,128,-54,133,-9,-22,-6,-48,177,-32,-213,67,-150,282,-53,30,-281,26,81,184,48,-286,134,-117,84,-2,-215,20,4,42,-116,96,-74,-50,-126,121,46,-37,177,-45,67,34,41,16,-126,101,-70,30,-13,-27,195,-152,-136,-134,211,-18,-44,191,124,-6,-78,8
113,43,-26,58,4,-104,133,78,-44,137,198,-11,-21,163,-149,-45,113,125,59,-37,-77,120,-13,208,149,18,3,-158,38,220,-10,-56,75,-40,57,13,34,72,-147,49,141,104,-4,-83,82,118,39,282,136,-73,-12,129,-35,27,79,-72,-109,105,104,198,-37,-28,81,6,138,204,84,-1,148,53,-201,-14,175,115,-248,-43,31,112,96,13,-40,50,-131,171,36,-104,-77,-225,116,180,73,66,127,71,-74,158,-47,-99,-121,-59,108,83,143,114,105,105,35,-132,139,-71,-61,-12,10,-83,-77,-141,-218,44,-72,109,72,49,84,143,100,108,50,-119,-44,134,3,-68,-94,54,-79,-31,19,-185,-121,1,-67,241,21,-72,-18,-129,229,-8,-61,-62,154,152,111
-51,-103,-196,61,-62,129,-32,45,-70,1,-24,-113,92,63,26,20,-131,-7,167,-69,63,268,52,-92,-106,86,-120,21,80,51,-134,-68,179,-112,30,-121,235,-129,46,-42,4,31,-90,-80,103,33,168,134,115,-68,98,-7,243,-100,45,205,45,6,-5,-40,-74,-82,194,238,-113,56,35,128,-104,84,6,4,-10,6,-202,5,124,151,6,68,-157,85,-99,249,36,35,-25,130,108,3,47,16,107,136,-53,-60,-113,123,-9,124,14,-115,69,-145,1,349,101,74,2,156,11,34,98,0,53,61,13,-10,220,52,-145,-5,-86,3,-134,36,-26,-90,254,95,21,211,138,66,-141,-24,134,79,2,166,103,-6,-1,75,-40,50,155,243,48,85,-63,-70,168
76,197,6,60,168,104,157,251,-38,242,120,210,67,192,179,77,24,213,81,-97,179,-62,4,161,187,-85,41,168,-56,110,-27,-72,-159,142,-58,42,258,146,-6,61,-83,29,11,-50,111,-99,10,65,0,-163,209,312,195,191,76,186,92,240,58,0,-22,275,84,320,324,186,260,87,264,45,107,124,-126,262,86,235,297,274,122,75,115,83,81,236,284,89,-85,54,18,270,-5,67,-27,6,58,72,-30,138,149,146,-7,53,49,195,238,83,147,40,-133,11,-13,87,73,233,-98,98,-75,43,93,115,30,140,164,16,162,181,38,5,16,406,90,95,-3,104,159,16,81,-60,195,162,-120,70,-147,256,161,-16,142,224,-19,117,28,208,35
60,79,131,-44,-41,204,166,60,-130,231,-143,-70,-109,16,160,-141,111,68,62,18,-3,31,-3,-14,-66,118,-58,59,136,28,-135,192,23,40,-54,-81,111,-12,38,-56,105,149,-58,99,-15,-83,167,29,-14,-151,92,88,62,18,-25,107,163,-99,64,-203,108,57,78,146,85,-1,140,126,65,-91,55,169,57,39,79,77,26,66,-25,60,36,-35,51,-44,64,76,-29,-29,-13,265,72,52,6,-196,-2,223,-84,49,-59,51,-57,-48,-53,-164,182,68,-143,10,-24,224,-34,16,-1,-37,133,69,-2,221,-33,-123,-69,-66,-73,125,-28,40,-49,-95,173,62,176,-147,-23,293,92,-217,104,-7,115,-25,161,-70,-68,152,8,-7,90,21,56,-16,52,130,143
-63,19,-99,196,-54,85,112,110,-27,65,87,17,50,-95,66,-112,-27,-99,122,-93,67,-128,167,-324,7,32,131,-99,101,-4,-62,178,4,26,-93,46,25,9,-96,160,98,-86,45,-184,-34,-142,42,2,4,-42,20,124,76,-93,-83,-70,25,111,11,79,-28,-236,54,111,-31,20,-43,39,-52,-139,-190,-135,54,67,240,129,-60,144,-4,95,229,201,111,110,112,91,37,139,110,-122,56,161,-76,46,172,199,-27,-7,-88,14,-67,-26,-44,240,119,-4,67,81,120,112,-66,109,114,-36,9,-64,51,-18,131,79,91,-83,90,-77,-15,117,107,29,157,31,195,-14,32,-13,18,-53,9,136,67,35,137,-17,216,-92,155,184,12,-199,-32,-11,-1,54,-6
29,69,184,-4,23,124,36,88,63,-20,33,143,119,121,194,-23,7,258,149,154,239,-148,-19,121,81,-124,-69,-131,56,4,132,-37,46,21,-60,170,21,-43,-2,84,-165,-24,-123,124,222,32,-85,126,1,-31,-16,221,-1,86,130,-141,-62,206,211,244,-44,-8,196,69,31,89,144,62,62,-4,103,-4,-94,295,56,119,130,172,-249,110,-101,-77,267,115,78,31,151,145,9,125,120,76,56,12,50,-117,-23,85,-206,-69,86,71,70,112,-28,115,131,17,-89,-23,-46,109,-178,156,-56,-152,-116,66,-17,330,-3,45,181,125,-6,188,-124,-47,201,148,83,40,100,162,14,-22,172,2,84,103,40,127,-25,82,112,-207,303,24,84,107,119,89,-13
75,32,105,112,-11,5,34,-99,147,-4,69,-144,-125,175,-56,1,17,-128,-19,-99,-59,109,218,44,-103,79,-96,47,-72,-79,85,35,4,164,-74,279,162,189,-51,-92,36,132,146,84,161,164,131,296,273,90,50,41,136,142,-79,-154,-13,172,-34,-29,51,-29,176,6,-39,51,-183,50,65,-65,47,24,-102,98,11,-16,70,-5,-58,137,164,133,186,-48,35,-37,135,15,124,18,-49,163,-159,-96,108,66,-82,-98,84,191,-108,-40,158,40,108,83,150,83,-33,93,-4,-7,56,91,13,-80,-111,99,-11,95,74,-81,29,-67,-44,146,174,26,171,265,125,-29,150,-33,-140,17,122,67,-165,144,-123,35,-32,-120,70,-65,-276,132,48,191,170,-111,-29
95,-14,214,-94,10,118,-8,75,65,186,99,143,6,122,-5,135,-50,134,129,113,-4,59,-67,25,68,8,-76,59,-38,89,94,82,60,-98,64,-34,86,64,295,45,-23,216,-40,7,12,28,48,264,7,150,-26,147,-149,-34,137,121,291,172,118,-77,115,151,78,12,-68,48,77,26,42,30,107,54,-6,61,-63,264,233,47,25,-75,6,-61,20,-140,90,-18,247,78,84,81,-59,29,19,-85,157,-1,-47,-119,-84,35,-31,-130,-56,110,168,-12,238,-130,-14,76,-12,6,104,-91,109,170,69,106,136,-221,-59,-54,-36,-19,-86,-186,218,138,75,67,112,119,218,226,55,20,167,11,-69,42,-42,145,50,-17,48,-193,-3,14,87,-59,80,48,175
90,156,185,58,47,163,48,-56,-201,70,178,-132,128,15,186,55,-77,24,-104,-108,118,283,43,99,158,103,-95,70,139,-86,27,-76,6,30,43,181,288,96,-228,151,13,35,170,224,96,133,87,104,76,-26,-114,25,45,54,-45,30,93,10,172,275,114,36,91,259,145,12,-93,-98,147,89,-115,239,11,-55,-164,65,187,88,12,-65,51,-107,264,16,78,23,-46,-68,70,279,181,121,224,-33,201,-24,-2,-54,11,170,45,16,363,240,-19,35,167,48,29,49,-3,18,101,-122,60,96,-100,96,64,132,88,-96,-66,82,166,96,141,11,157,117,239,-22,-49,-76,-100,49,80,-108,56,91,-76,-3,-80,-41,-5,57,35,-44,27,56,70,-3,36
197,-124,145,29,-74,19,-196,67,34,4,132,230,80,234,11,140,75,99,84,-46,32,136,78,110,218,73,35,210,-58,-37,-145,73,-66,-77,136,209,29,-8,-248,58,-5,240,-16,-58,299,61,74,43,-1,26,32,107,39,-237,-4,-94,-72,361,38,195,94,-89,-121,103,34,-3,-15,59,25,95,233,78,-73,-2,-11,1,82,206,-102,35,15,-147,71,-86,-17,-61,-133,222,-113,-12,-4,-33,98,42,116,38,178,251,52,127,45,-103,45,46,89,46,280,55,-102,98,22,189,103,108,-25,40,55,-25,36,188,110,129,151,80,53,-71,-67,-11,227,229,138,191,145,40,-127,-102,122,-49,-128,203,-21,68,-284,301,128,109,-44,17,114,38,2,-67,166
294,-1,236,30,94,117,289,-19,83,154,128,-116,-81,-27,48,75,-2,199,49,161,78,111,128,219,65,-70,-6,176,14,43,2,58,1,-54,192,156,123,198,-151,66,104,136,93,87,117,0,61,146,242,67,-14,123,24,100,-28,74,264,188,137,-46,30,231,99,-76,139,189,72,7,42,154,-15,207,48,60,-83,229,191,-1,93,3,103,92,210,34,77,9,-71,18,-1,40,42,15,83,-53,153,145,-192,-197,35,183,57,97,197,190,50,-16,29,43,-53,-185,-206,-65,35,46,175,43,226,284,21,148,310,70,28,143,-23,37,161,-52,-92,122,81,-30,-39,-15,28,159,183,-260,2,-17,-51,294,45,92,67,-9,147,66,160,-39,319,-85,-78
2,116,-31,69,30,133,209,51,18,-27,44,95,211,53,180,109,-18,45,87,77,70,125,-129,296,-13,-26,-60,123,92,-29,60,-1,78,244,213,424,-6,78,-30,50,-216,112,236,127,67,21,119,118,227,189,4,200,42,174,87,-247,245,100,105,197,181,49,201,113,-74,43,104,-39,-24,131,226,149,44,99,-152,-37,69,-86,-4,-79,43,-47,152,183,74,97,-13,93,0,216,-157,3,92,303,-159,7,83,56,21,72,26,-57,48,0,69,61,-57,-52,113,38,-74,81,-48,116,58,236,-62,156,23,55,91,108,265,-69,-13,12,172,159,-14,246,-2,-103,-62,-228,50,142,75,88,21,226,-46,315,17,118,158,-1,199,-49,115,60,304,-150,-121
118,16,0,46,107,253,134,230,62,144,-59,90,116,181,222,-28,172,132,-18,-85,26,34,-2,262,-53,-200,-20,233,200,-34,-67,98,-20,19,158,-22,188,122,99,128,-4,-77,92,92,183,205,147,-131,7,142,76,-127,-165,206,-31,-121,-131,30,110,50,-20,113,-101,-117,-116,102,-27,-5,84,-61,23,-109,219,100,-44,6,61,173,36,19,62,75,-63,109,169,-29,-8,-32,-57,46,-75,72,-135,99,-50,-53,85,-138,75,239,245,183,13,-98,-108,84,66,162,137,-192,241,288,-5,30,215,210,109,265,46,153,63,59,191,124,-12,67,95,32,29,153,-40,-81,53,-10,122,238,138,-161,-69,34,16,-100,-202,151,43,493,47,63,90,283,55,46,48
12,170,-81,99,-77,75,108,80,-92,72,24,17,-144,-81,-45,16,7,-15,-65,-54,34,-188,238,118,15,-7,51,-30,129,149,34,-130,31,85,87,-43,36,155,-44,-35,-49,182,274,42,51,-109,-98,209,51,25,149,261,298,115,75,51,144,8,171,-53,146,-52,232,181,10,254,71,84,89,52,-44,65,151,28,44,-19,117,98,43,124,90,86,4,66,-13,2,148,-5,61,108,-188,-85,34,-6,79,25,46,119,200,55,-111,-19,-176,23,218,91,48,97,20,185,-126,114,202,196,-10,-4,18,-35,37,3,36,82,206,245,-100,181,89,101,81,-44,-2,-6,85,-185,-45,106,29,54,34,-11,120,-12,149,148,131,50,118,191,79,-105,-109,61,-132
223,-58,137,22,200,41,270,154,198,149,-116,155,15,12,-42,134,209,-23,123,42,-91,34,127,40,103,79,5,56,46,-64,309,55,67,190,80,261,66,-112,27,-63,-90,132,200,-224,5,101,166,116,245,172,301,183,-91,14,14,-52,94,36,215,90,-24,-88,108,291,-43,-7,55,-99,100,217,54,103,4,105,88,82,32,-184,79,-109,77,-45,157,-63,101,-60,133,123,173,188,72,31,87,47,53,48,-23,-24,-101,154,-2,1,104,65,-207,221,-102,44,-72,-11,-167,101,46,20,27,156,-113,206,131,-88,139,18,86,-6,-20,121,219,85,144,254,229,198,357,-27,111,-123,53,-117,-103,58,59,98,92,-29,-68,183,26,-1,158,-22,152,-11,-18
109,0,16,125,10,64,159,131,-35,39,263,148,12,-51,32,32,56,150,-107,-50,-6,-82,-42,198,-152,91,54,115,94,60,7,90,-154,148,-100,18,156,148,-99,95,-30,136,95,138,-19,205,-57,109,19,-247,114,-13,169,123,101,-94,136,138,137,-13,62,177,-3,86,-89,91,33,35,128,45,-40,108,155,9,-115,69,7,74,107,52,-31,167,170,124,79,205,289,40,112,24,-17,75,58,197,145,97,-84,82,1,57,1,77,-62,-10,94,-111,192,-97,258,-163,-33,195,-43,130,118,-100,-106,228,69,45,-42,17,9,119,5,35,82,-92,131,207,36,-142,71,121,72,143,-4,-11,144,-89,-163,52,-109,-13,-28,139,13,-123,25,-4,105,75,46
-102,-189,53,116,142,117,-256,-9,72,-37,-3,-51,-128,-13,203,155,-117,159,105,-57,21,30,-3,107,-53,-76,-87,-125,-60,55,22,-83,-30,96,-139,102,-114,57,-49,-13,-44,133,64,-165,68,130,130,-127,-85,-88,17,-18,18,38,-23,-40,32,-13,21,-115,-131,20,-6,-144,-1,-61,9,-56,99,98,14,-97,42,30,-104,199,21,45,86,126,-114,-258,-135,-97,-45,-49,-36,-20,-80,-104,53,3,122,44,44,-194,115,107,-161,27,4,-25,63,-20,-90,186,47,-117,-42,-56,16,-156,0,144,120,-77,-142,-2,-93,166,-184,113,-186,-89,-109,-10,-11,80,237,178,77,157,-102,-62,-151,98,73,13,-165,89,-149,94,-18,-92,-25,-160,-148,139,-47,30,35,-40,108
73,141,-70,139,243,23,5,118,-121,121,23,-100,41,27,152,-5,82,88,8,61,-51,235,-90,-32,-45,21,2,-27,-58,-17,52,-94,18,-232,-26,176,37,47,15,118,-4,-193,-45,-63,-12,71,-71,13,56,-59,60,144,40,1,-127,-116,154,310,-65,105,53,36,-40,19,-115,43,-87,-7,5,-87,3,43,102,112,-1,55,16,-22,100,90,-6,268,-68,140,-151,108,57,9,-5,122,-101,-17,35,-91,160,52,-145,-141,147,-107,51,17,-197,-154,-36,-48,-33,226,-73,-155,18,307,194,-183,63,-83,-27,41,89,96,135,117,-51,-216,-53,7,152,-54,-65,-118,119,278,135,-194,146,79,138,-5,93,88,105,102,72,-114,156,49,67,-66,75,58,-133,-55,-117
73,152,87,95,46,164,104,38,-250,34,192,36,89,150,51,229,33,-36,203,-54,112,-7,-36,89,27,-142,-108,57,128,0,38,-42,-103,73,25,72,272,-22,111,146,-18,-108,160,77,39,237,44,-58,79,196,-94,-63,-62,78,-25,-59,15,82,118,137,-75,195,-8,-17,-1,206,-95,-55,60,-167,94,90,234,139,162,69,62,141,170,133,65,-73,-7,100,138,71,-84,-89,78,95,-35,9,32,67,89,-135,8,40,219,41,280,23,54,-205,-2,114,64,203,-16,-71,67,189,147,-63,-74,242,-18,258,63,109,70,159,17,-19,-51,206,50,72,136,193,200,106,183,-30,221,158,251,78,-74,-18,105,-13,-98,91,24,143,59,-45,59,267,65,172,67
34,221,19,76,-54,101,82,14,7,-66,107,110,272,-68,101,11,10,144,203,-159,169,90,7,-47,-120,117,-228,209,127,-5,-64,130,172,56,-33,-18,196,106,-60,253,145,-49,203,187,20,92,53,124,139,51,2,211,93,96,-16,-95,224,162,139,92,96,-114,50,-32,-166,37,96,43,-5,146,177,272,105,17,20,152,108,277,-36,89,179,-129,263,165,19,77,34,34,152,-14,-67,8,154,-73,158,79,-26,10,78,174,11,84,39,97,94,-49,59,68,-64,132,58,217,51,-21,59,116,156,134,196,198,196,-27,181,154,157,252,-48,-26,-1,61,123,188,-52,109,-6,-168,195,-197,-19,65,114,177,-47,209,-132,71,62,10,76,237,31,99,-144
180,83,132,152,42,210,74,205,-2,12,66,164,160,12,92,28,-55,91,-32,-75,181,-50,16,123,113,162,-5,93,80,187,197,28,1,196,102,7,65,-10,-5,180,2,-135,-45,-240,145,174,118,56,24,-19,-11,119,206,10,74,-147,77,43,-28,135,88,23,134,144,80,83,125,-32,30,26,119,-105,-24,153,180,182,132,165,146,-130,4,5,168,206,123,90,44,133,156,272,123,107,145,239,146,240,84,40,60,137,110,105,85,137,-61,74,77,-34,-53,54,44,126,-7,53,8,107,163,-3,-123,-24,197,30,-28,89,51,253,29,-54,-100,269,83,18,-65,-61,23,13,-32,-30,58,92,95,-79,142,179,118,-87,97,-75,24,102,-12,145,-89
152,10,-66,167,55,-135,256,14,-81,42,36,77,-5,44,-54,40,172,108,102,38,-69,37,-41,14,-87,65,-123,-5,137,-37,-7,9,153,124,146,31,186,165,-151,11,117,-107,240,80,21,-82,-165,-17,197,6,96,95,137,67,92,-37,205,133,198,-16,79,-20,179,39,9,10,88,162,-64,149,184,187,9,99,-75,-41,-220,-33,13,-32,44,-106,148,123,-14,33,-37,-176,30,3,-30,-16,14,30,103,77,-3,-165,46,86,42,0,-32,-85,-45,147,-86,142,50,-88,22,52,97,-10,-58,144,66,81,-117,-18,112,35,163,35,72,169,50,140,-83,-76,-3,-4,-15,13,-6,-85,91,67,52,54,11,178,-119,77,169,-243,-48,92,10,88,144,94,12
-93,173,154,227,110,-55,23,-1,-26,194,11,132,-5,-41,-12,-16,103,-99,-21,-194,-67,87,91,-174,98,131,23,82,177,-50,-125,-63,28,-10,-79,-157,-119,-29,-95,-24,151,132,148,-70,2,-128,-14,32,-52,-25,-142,71,57,-84,-68,-64,164,-88,24,279,-65,26,95,158,171,-31,34,-3,199,-59,114,24,-67,149,114,-108,299,195,16,-96,297,-12,136,-110,27,73,36,87,-37,272,47,-25,11,-39,144,16,-75,2,33,128,-127,-126,-75,1,224,2,41,3,63,65,-141,-62,96,60,-178,-5,88,-85,-262,10,-94,11,140,-30,5,30,-13,231,24,215,-66,9,-22,4,-56,-39,37,-33,74,-31,47,81,44,152,105,20,141,40,103,126,-16,170,122
-55,-43,1,-222,-95,62,-239,12,40,-12,-38,-47,136,-132,-23,45,-136,-54,-86,-48,114,152,-9,167,42,-98,23,13,194,121,19,219,164,7,112,97,63,129,25,-79,-18,2,-90,-102,77,100,105,-75,-41,57,-42,90,-64,30,262,96,159,36,34,101,233,95,169,-51,-87,44,1,56,-23,174,-96,63,141,-130,119,-59,-78,-90,21,199,-108,18,176,6,125,28,18,-92,197,-51,123,34,69,-11,112,26,131,-7,117,293,43,114,269,-13,150,-7,96,-56,-61,-120,6,79,-2,-142,74,84,-70,88,-2,60,69,7,112,104,48,113,97,80,-7,-49,-4,160,-13,-47,-162,160,140,105,-125,44,-3,-13,193,-67,-131,39,-9,-239,85,-147,89,-109,-22
0,5,113,44,78,138,-26,65,87,30,66,104,-203,47,-55,-5,80,6,106,-147,47,-64,15,-23,-32,18,-126,73,35,99,22,15,154,64,10,134,193,-145,81,49,48,206,85,-143,89,61,140,53,-91,46,59,72,-3,5,109,-13,35,117,175,77,37,-152,-63,-39,-132,-42,85,-18,50,47,50,58,11,-147,76,38,90,147,-72,54,-180,-89,-8,53,170,135,34,83,-55,68,138,7,8,-70,23,-48,-65,52,-74,202,14,-38,190,78,4,28,16,120,73,144,34,-128,-230,-40,13,120,162,88,128,-141,-36,-123,-106,99,19,148,79,82,-98,18,57,168,84,73,-120,39,121,-22,-148,-55,215,-61,-99,7,-23,140,35,11,144,282,99,93,145
-172,35,181,164,30,-14,-33,67,-151,41,144,91,-4,-18,116,-43,-93,11,105,-91,-51,138,110,-91,56,113,159,54,155,-18,-5,-15,232,36,57,-40,75,167,78,-126,143,-37,93,-136,102,39,-41,10,107,217,92,127,-58,-93,-76,36,-2,145,-42,92,-54,-62,178,108,172,-39,24,-229,-39,-10,-102,-114,-71,-19,-91,-13,81,-19,65,50,181,21,-52,-148,96,209,60,18,128,91,140,169,23,147,-19,35,73,34,177,175,134,-132,114,-20,18,148,3,-69,-13,156,39,-25,-43,-4,-132,-82,-13,-34,-28,-142,0,-146,86,106,54,69,91,64,-45,55,-96,2,61,41,-26,-26,74,42,94,15,53,63,29,27,86,10,6,67,89,90,-69,-4,-65
-61,30,-4,-30,78,134,10,45,-66,-1,-8,-8,119,12,131,-6,-67,278,136,100,172,131,-286,288,146,-17,-74,226,-75,181,-26,146,-39,4,-38,-51,-98,32,40,152,172,49,-54,89,-6,131,-64,62,36,5,-146,215,-18,57,62,-58,181,-15,74,-108,184,-30,-53,-100,-71,-17,-58,-32,39,28,83,78,7,109,-8,54,-313,253,62,64,84,-67,28,306,183,-72,-225,5,-210,140,105,-227,35,-9,214,54,62,132,-50,45,50,230,-62,49,136,214,50,-44,-16,-194,194,113,17,-57,102,68,-28,215,-39,205,11,265,2,24,-36,237,-25,-17,-149,126,-30,243,-83,-8,-21,-227,166,85,-55,-51,53,149,-23,-83,-2,-6,-35,-4,182,117,34,-13,-28
-20,-30,84,-98,161,223,107,42,105,316,59,39,233,37,159,253,101,104,102,44,144,-18,154,-56,8,-23,15,-58,-48,90,41,22,-14,14,89,40,21,25,163,15,130,43,-28,-140,53,7,111,275,-82,55,-98,22,27,329,-60,131,-38,61,147,44,41,105,-88,173,208,63,183,-93,92,-4,-52,-85,280,-2,2,141,-56,252,69,85,23,67,91,-42,24,-170,-106,115,110,194,18,31,-65,22,-44,26,3,133,-96,-10,84,76,-65,148,-50,266,-8,84,37,44,-22,19,-7,56,173,20,38,115,127,171,-29,158,173,90,100,235,167,17,62,120,193,109,204,1,35,76,-61,21,-32,25,-10,30,109,-121,-108,142,126,191,122,238,264,194,80
76,-4,16,27,-33,-54,121,-13,117,-98,-5,-131,12,25,32,42,57,21,-53,142,-91,-70,97,119,-243,-127,-249,-81,-171,110,176,-57,-51,112,84,246,-1,-103,-10,137,-16,-69,-80,8,76,45,15,56,142,-95,104,5,36,-219,148,19,116,-42,-11,-145,128,-44,29,-147,-26,20,-106,81,-155,92,91,93,223,-55,26,6,-138,-28,-118,-174,-59,-21,42,176,-7,136,98,73,-189,-1,58,33,-145,-106,96,-118,-133,-143,-152,-9,-3,-116,56,-121,20,98,-98,42,-2,-40,179,107,17,27,-22,-69,-127,-43,102,-111,-53,-76,-53,24,-4,-25,148,105,-75,68,85,-30,-16,-34,19,62,-70,19,-89,68,-172,30,12,101,0,-24,91,55,58,86,26,118,107
105,-2,-179,118,38,164,-57,98,-158,135,-177,46,95,102,50,228,193,115,9,86,122,130,-19,127,60,109,200,-39,64,-39,55,178,-65,79,135,71,336,89,-130,219,-12,-102,-84,-20,27,9,109,-19,-39,197,71,193,99,48,31,40,212,-49,-1,63,-177,39,147,21,-66,-17,86,109,93,-111,56,-7,117,161,67,11,1,128,34,83,15,-90,78,132,-60,281,-38,73,39,194,201,153,-26,54,-131,66,159,248,-9,275,261,187,111,-49,230,261,249,98,153,227,235,200,-124,-95,35,170,76,98,-86,105,31,-59,11,68,77,97,42,83,230,32,17,235,185,-10,136,-176,143,108,-103,40,43,39,140,185,11,74,235,99,79,68,75,149,-105
100,37,-24,18,78,80,67,68,-12,-69,13,158,114,71,-153,185,211,180,-75,-22,-39,-80,30,161,107,-2,6,29,11,-102,140,40,-163,8,-52,-15,187,88,75,126,203,58,-11,-20,37,107,37,-3,96,18,-63,110,-33,-28,12,-80,163,147,97,-37,99,187,-36,-108,-71,111,-61,55,125,90,6,115,99,69,19,32,67,101,-2,152,59,161,222,-70,9,-90,70,188,-74,97,77,-85,-68,-14,-33,-49,32,121,168,106,-56,6,21,73,25,-120,242,288,83,-235,17,51,23,235,41,-19,-27,11,-6,187,-75,224,114,-16,116,-37,168,150,141,189,-97,200,41,-116,6,127,142,-83,-129,37,-11,8,-32,102,46,3,17,-206,19,188,200,25,265
39,51,72,115,-266,-98,152,54,8,101,-17,161,21,-16,-110,218,66,-46,-45,39,-27,-32,2,50,82,-98,13,126,273,-90,-284,-11,-256,-89,76,-21,41,47,-126,81,148,57,265,193,-31,-99,-16,40,71,72,74,-90,43,107,-18,-41,103,-48,133,13,-10,209,103,78,39,23,-128,47,83,8,-45,200,24,5,5,-106,25,69,159,117,132,15,104,-18,-48,-42,-89,-42,-14,-15,27,-11,84,74,-57,186,27,-116,136,-32,-47,-35,118,47,161,113,134,-86,-34,-15,150,114,0,60,-141,106,89,-51,117,-88,81,45,141,-2,-92,152,145,53,-5,16,15,-192,63,-71,-44,-14,159,-52,56,29,115,124,-10,51,-78,310,46,115,10,-54,71,15,-63
-94,50,35,-37,24,37,-24,-130,100,50,58,88,53,127,31,113,150,63,97,41,-41,56,2,94,181,5,-2,-13,142,101,167,-67,-29,-51,34,-110,83,29,243,263,214,37,-133,-52,116,34,44,-179,-26,70,-35,-23,-80,39,21,149,44,64,262,146,-5,15,43,81,-7,155,-38,-43,-58,125,144,-11,118,141,154,229,202,117,-269,71,-97,-98,96,-91,70,113,-8,4,-16,72,29,-94,219,75,-49,49,-62,112,22,100,-93,73,41,148,137,-31,24,40,-55,14,24,5,-12,-50,236,95,209,-85,109,-40,44,-32,0,161,117,16,16,303,62,127,101,216,-76,124,-225,-161,41,-131,-101,-228,103,-49,23,365,-9,-44,151,-98,244,144,-76,29,217
69,170,93,58,204,136,135,307,-78,87,-7,6,87,37,-32,-22,187,65,-40,-120,35,41,-142,73,103,119,74,186,17,44,66,63,-29,-86,81,-37,65,40,79,-1,-9,-130,-40,-79,68,30,137,192,200,156,153,177,-170,31,25,-22,-39,30,59,116,97,6,13,218,152,-22,92,19,106,-61,47,36,21,78,66,141,120,166,128,89,25,11,130,116,109,68,-35,125,-17,198,10,-49,120,-47,105,82,-61,141,236,-37,103,189,146,175,110,186,59,124,-66,116,48,-70,46,-103,118,83,-15,68,-39,50,108,-57,-73,87,-124,91,93,4,-46,192,-38,80,135,174,42,-205,24,-119,128,82,68,62,49,99,172,158,-44,49,66,-65,63,-17,-121
2,114,-4,53,111,-228,189,137,8,187,26,-108,60,-9,-28,-26,-43,40,117,-38,150,58,-170,235,-182,-109,99,104,71,135,-295,91,-32,58,21,-5,70,48,133,128,122,102,72,180,182,-52,-182,98,119,11,-60,40,-51,253,-147,-60,-247,32,26,-25,2,-114,-30,32,-108,-129,174,34,117,8,16,179,141,81,173,141,-8,-82,340,-50,22,46,146,223,-66,-160,-81,-198,-47,-19,-29,2,266,-8,219,51,-84,-53,75,-133,-8,155,30,51,178,59,55,36,-127,103,-21,9,67,-15,221,134,-37,154,219,66,172,375,-42,-9,-57,87,113,-23,108,211,87,52,-64,61,-7,99,6,20,143,71,10,24,-127,56,83,109,-12,109,51,-52,-15,105,-33
116,37,-62,82,134,-34,-68,114,178,87,-6,68,198,63,47,197,89,190,97,35,36,61,44,-110,-67,26,-58,-162,-82,61,-2,42,-48,66,56,94,-39,204,-11,95,-155,-138,124,-3,43,88,14,-3,193,21,154,156,120,5,-74,-36,-202,-92,329,27,61,115,168,148,-38,193,100,41,24,11,112,246,114,-72,129,139,0,85,40,153,-13,93,-170,-67,-11,71,-200,-156,-18,-79,126,139,83,96,87,111,30,43,81,200,115,48,-39,-174,43,120,33,146,85,87,6,-51,108,-47,-23,161,145,165,53,-15,-33,242,179,26,-186,37,172,9,159,135,-55,214,283,-58,158,-28,76,39,77,83,228,35,147,63,2,127,-11,31,57,82,112,116,43
46,-5,-6,-269,-134,-49,-43,-183,216,9,-29,6,261,-34,24,211,-2,-164,28,-211,-54,130,81,-100,-40,-237,65,31,-86,-110,1,-154,79,107,16,42,-58,-57,-21,-191,-108,-23,-150,-19,-7,61,47,-2,109,-186,-190,208,-2,16,-45,177,-72,-65,-64,-33,-49,60,132,-118,159,0,-150,-51,-141,164,92,5,-62,-196,54,29,158,-138,-85,-57,-137,-75,-85,-161,-39,65,-105,121,-107,-150,-90,-36,78,82,-56,-109,32,-138,85,-18,-50,24,-10,60,51,-70,43,-100,-69,57,-132,18,147,183,-29,187,90,-203,16,106,129,157,-147,-30,-79,-145,103,107,116,134,105,117,84,3,-90,10,62,-122,-146,68,-59,-3,-21,101,-23,52,-95,84,108,165,99,127,158
-32,-79,-139,10,83,104,-106,-75,40,29,-49,-68,82,30,3,-145,212,169,-92,210,47,-5,-23,72,227,34,-97,98,-143,81,18,51,-213,-49,138,-90,-22,-68,111,-69,-43,-79,54,-19,-45,-11,41,50,114,28,-40,62,165,-153,77,30,166,36,-62,-10,238,-38,-27,-64,-12,-86,-39,76,-100,50,64,54,26,34,0,213,14,138,-134,-26,-14,101,-133,134,74,-92,82,119,-235,135,56,10,61,-248,-167,-11,-13,125,-11,2,-88,-71,155,61,176,105,-56,72,90,23,40,42,138,47,-48,-36,-95,35,44,57,-164,97,-91,-151,32,-31,14,-238,354,111,-109,80,35,-82,-20,-47,-32,108,67,167,31,-186,32,-196,-63,-34,-65,-16,45,-64,50,-73,116
64,-24,172,54,57,207,178,90,68,118,52,-191,103,-36,163,235,59,-6,33,56,1,180,65,9,-101,-249,-64,102,-83,63,5,-47,-25,73,117,143,133,167,101,58,142,173,-74,-95,165,-41,66,45,-50,-149,94,51,-1,107,-35,92,164,166,82,-46,103,22,102,144,27,104,77,8,137,26,134,28,162,-72,121,7,24,157,28,-67,-31,-1,21,-74,108,197,3,-31,-3,59,142,122,86,29,-94,32,-9,-70,-102,-53,128,-180,38,119,107,52,-225,-16,-172,71,-107,-161,-70,102,-1,182,-12,214,112,103,127,20,98,76,77,78,148,175,-45,151,90,19,-161,82,48,115,-34,-109,78,65,-112,-48,-133,68,276,56,98,101,63,202,21,188,227
70,99,-4,-6,-55,-169,59,71,37,117,285,90,100,-56,-17,39,93,184,-112,25,234,199,79,92,133,-105,87,260,33,8,8,85,35,37,114,53,24,269,90,16,17,32,147,11,62,59,12,53,47,132,202,163,-16,36,17,99,58,189,51,-51,-75,68,2,198,49,82,175,-39,133,223,-40,149,18,-177,-81,130,164,44,-145,-2,129,186,57,181,45,-17,120,-104,12,151,22,-38,-60,-5,-172,20,-105,20,169,-61,-63,-198,91,203,132,-29,71,251,7,91,-42,30,242,96,-12,-35,76,107,137,-2,114,-46,120,52,230,71,146,41,2,41,40,157,153,13,34,-96,-47,-138,-12,76,-77,12,-48,-4,145,-101,127,-78,99,-27,32,138,-170
-28,56,-2,-55,-42,72,-124,136,55,111,66,30,24,207,-147,185,191,38,-164,-134,-21,224,161,237,163,-8,-137,-63,-63,131,167,-105,-89,42,134,65,-40,-91,-398,63,-4,-70,80,-136,106,29,132,-88,-111,95,56,-24,127,-26,124,-144,-60,-35,88,184,211,179,79,128,131,175,12,26,275,142,226,89,158,-218,60,-27,66,193,97,-17,-288,6,52,90,-49,153,-295,73,-130,107,226,-90,64,71,85,-23,169,25,92,110,135,59,153,-102,-6,197,9,54,209,-107,60,-115,-191,-123,-16,-105,-48,285,-45,104,-41,107,70,198,5,225,-92,-18,-101,171,134,61,26,62,-108,-61,24,-75,-139,33,-69,147,97,-79,-84,187,30,-115,91,150,-51,-12,113
1,76,-40,29,33,-128,121,11,9,214,4,286,165,31,134,238,34,-98,31,-24,412,19,43,122,-177,20,48,102,76,-5,-54,48,-16,123,33,48,23,83,36,-17,-85,-9,26,160,62,-99,168,90,-95,-35,-32,81,87,14,10,80,200,37,-42,-107,-62,57,-15,123,-227,-57,267,105,225,-22,64,84,-54,66,-69,106,-35,9,263,-64,133,8,66,16,71,-3,71,189,162,206,149,184,8,-47,-39,31,163,174,-9,-22,144,203,121,51,-37,-162,219,43,73,-30,-193,79,13,93,46,59,-21,271,112,85,112,45,18,57,71,-73,85,181,53,89,77,171,-82,22,77,-3,-91,-27,-30,58,-7,-140,-97,41,177,100,111,123,37,-58,96,156,30
73,82,158,-91,76,155,246,-57,2,-33,34,97,71,36,109,160,42,141,0,105,-77,59,142,140,-99,106,-159,113,109,-13,153,29,-151,-82,-148,91,220,134,-82,185,137,78,57,-69,19,124,155,19,-22,9,62,107,1,161,241,-96,243,-28,126,-85,60,218,129,252,-221,135,-84,73,7,-153,188,97,48,84,11,46,-47,299,-36,111,44,-123,296,32,4,-51,0,32,5,41,46,0,158,-110,-19,-87,150,-29,69,39,-34,-119,25,-121,-10,22,94,30,198,-84,191,217,8,62,134,73,43,180,17,176,59,90,185,3,63,10,164,188,-107,141,129,178,122,-59,-7,-26,147,-170,123,-140,-30,110,120,22,-21,22,-38,-47,161,184,100,-105,95
90,-89,154,-41,78,-174,182,-64,64,-40,44,-40,130,3,69,150,83,91,37,174,122,-63,-47,204,75,54,101,-160,-110,144,-39,33,90,-7,247,136,-140,2,197,191,60,-85,-76,20,81,15,-77,126,59,55,-305,120,21,-32,-123,-60,97,91,147,22,88,29,30,-129,121,-91,-32,-25,-149,115,32,54,-3,-84,45,259,-165,-22,-50,-41,-16,114,157,-113,-114,13,-104,-46,-68,181,-48,-98,69,16,-7,36,41,8,62,-260,182,4,-12,172,-28,79,81,78,78,165,113,15,93,223,122,31,8,-23,57,-3,45,202,125,-82,155,-27,108,146,169,2,30,63,-126,-155,-44,-50,15,153,-89,93,11,25,47,-52,82,-212,276,133,128,119,13,-18,-71
252,240,-243,111,18,-137,107,14,55,-20,241,313,87,161,-93,73,214,271,-137,12,-48,107,23,35,94,114,89,150,-99,-57,-179,120,16,94,-48,140,120,228,-255,124,-167,0,-55,84,-26,-27,96,228,-104,-6,-74,81,91,71,-66,43,82,60,38,116,20,30,2,-164,-22,49,106,126,-11,83,-40,207,31,125,-65,278,156,87,84,73,95,202,-72,-79,35,170,-67,-53,-181,190,-121,104,94,30,1,-79,-4,-27,51,-83,-120,161,26,-6,134,78,314,167,330,36,-13,137,31,77,99,19,-59,-120,-35,234,-63,106,-3,158,51,-30,209,71,124,244,-100,138,181,-41,10,-1,-174,1,-51,107,-91,98,-86,-28,18,81,121,116,44,-100,-71,161,46
3,55,175,55,65,18,99,-31,75,-94,-56,-168,69,47,-146,105,68,-26,62,-144,30,-26,30,168,131,156,76,-77,116,43,45,152,41,53,66,7,50,271,39,131,39,178,186,307,-8,141,169,105,138,184,-66,54,79,32,12,-23,116,4,253,-1,127,83,27,56,-93,175,-62,12,52,-107,-71,195,67,16,8,-93,21,-24,-44,20,103,3,24,4,103,79,52,-32,52,200,-18,2,-75,-120,-162,55,60,139,134,80,228,59,134,-118,-18,27,-74,189,136,0,-48,-101,109,171,-11,39,105,150,-51,114,62,186,106,62,49,74,161,8,-56,11,-162,81,6,-58,28,-105,242,-121,-14,-129,11,174,171,-43,92,-31,-102,-15,235,32,117,-90,-41
-23,-54,112,-34,77,34,23,-35,70,69,-35,-79,-115,-11,51,25,13,-5,105,115,39,-51,-4,-46,141,76,-33,-54,-188,26,83,46,77,-14,42,115,148,-48,112,-80,9,62,74,-202,165,-77,84,107,99,-303,21,168,215,-115,56,36,18,130,13,5,-31,-90,111,27,19,46,-31,90,22,68,60,-67,7,52,82,3,27,-130,-184,130,55,-90,-46,82,-150,-105,59,25,57,9,-153,-60,127,58,152,118,-129,229,77,38,-19,49,24,21,69,142,123,-81,-50,52,-2,-31,111,201,56,-83,-80,-27,24,23,-69,132,-28,-49,31,-181,77,-151,226,88,184,-74,-25,149,-253,40,64,149,89,143,173,-9,98,-97,-37,-39,102,189,128,132,-86,115,63
4,141,124,2,51,178,32,26,30,30,-114,30,52,221,-55,316,103,49,-7,257,78,276,-22,-31,-88,115,-58,154,-264,-97,115,70,-73,125,0,235,77,84,16,-88,-161,-63,69,-21,149,-54,19,277,-16,182,-82,152,67,-107,-176,-71,83,62,-36,-73,109,-52,4,104,-30,141,55,160,-3,-35,278,28,55,1,286,53,-71,44,25,136,1,158,-20,-23,5,125,-69,61,-208,147,-50,-25,-19,-100,-205,-46,-52,40,-17,-197,-47,-55,-82,-49,-38,61,67,151,5,148,-112,40,40,20,-25,141,142,161,59,202,-13,291,224,-68,121,186,135,93,-39,119,-37,133,197,-95,193,-31,-26,-31,-39,143,114,-89,49,-4,79,-105,85,155,271,236,-69,41,-88
-41,284,87,23,183,-98,187,174,155,139,36,151,326,-5,118,104,-10,48,148,22,143,223,191,33,97,3,9,18,23,221,-55,72,-16,-107,217,48,157,189,113,181,33,154,64,125,77,-34,-105,116,28,149,47,216,-4,91,-40,-175,243,310,96,240,-114,114,-5,218,2,51,236,99,279,24,328,123,179,120,210,300,-25,73,219,78,175,-42,283,100,161,77,61,16,114,86,57,192,48,62,226,230,-42,87,164,-113,110,20,117,88,186,27,90,95,91,73,-34,48,-174,25,112,-51,110,240,0,33,177,197,317,-7,199,196,59,76,0,150,32,153,138,90,61,-28,161,19,51,146,180,289,155,83,208,52,228,44,178,-36,98,-41,-103
165,178,273,-3,141,99,265,168,50,-85,-85,145,37,143,217,281,12,204,33,196,91,-135,-11,340,163,158,72,173,69,145,123,86,-25,217,73,81,158,179,80,32,-73,8,39,24,34,32,93,243,131,59,-98,52,-175,-47,84,-159,216,263,54,153,239,211,50,114,-13,66,83,-138,-11,21,54,170,117,142,85,209,28,-13,114,-18,2,149,96,55,67,255,-160,85,-200,106,-157,-104,-19,-70,36,102,-44,87,250,-191,73,79,45,105,78,-123,42,131,122,150,180,70,-39,-1,301,198,2,228,-86,39,2,103,174,182,41,240,49,288,-32,204,31,116,73,59,-48,-107,179,-11,31,27,-47,6,246,124,191,41,247,43,165,52,86,76,20
135,221,64,80,25,23,77,-148,9,-56,173,128,215,122,-168,170,29,31,-71,-147,117,256,97,189,104,56,160,101,119,-67,30,63,-52,13,-168,147,112,94,68,20,156,146,166,85,-42,221,82,-55,100,318,-24,78,-136,-46,57,-50,201,6,41,145,120,50,127,-55,-62,103,-119,-31,53,-15,-143,-107,90,23,-158,62,298,154,-30,138,90,147,87,136,204,-6,72,57,26,25,41,-50,-115,117,-155,84,-29,-42,144,202,-64,131,-15,133,66,-83,201,89,74,-39,-108,189,41,27,7,127,120,0,49,64,210,242,-72,57,-142,-23,253,130,25,240,15,130,131,57,-55,105,92,-129,-152,-174,-18,70,92,47,205,93,80,-13,232,118,-80,52,-116
10,-29,66,158,71,-60,91,-113,81,172,6,141,107,135,28,-47,37,4,44,-119,94,37,21,-1,63,245,259,79,47,38,-28,150,-59,-45,119,147,47,226,-48,-91,-73,-32,56,53,3,120,170,56,13,142,-96,185,154,-2,-158,-11,-86,-89,-59,54,-205,20,-39,-21,-173,64,-32,-82,145,-10,-191,132,103,-11,25,316,-23,62,32,32,6,-65,108,62,282,182,-1,3,14,188,134,91,55,91,101,-141,219,169,13,33,97,94,145,-48,-27,12,142,-115,99,158,66,-74,-133,103,94,30,36,259,-102,-50,142,265,107,85,-39,76,201,82,104,193,27,61,-91,74,82,-108,42,-3,89,263,23,73,41,-124,-116,77,20,208,178,99,130,102,-30
54,131,97,-3,-58,84,150,-87,61,-212,100,33,108,150,21,68,304,-93,-59,19,-84,196,32,61,-331,-99,48,108,186,-2,7,-2,100,103,28,45,-15,102,-42,56,57,-120,62,61,51,152,-73,-32,35,88,-92,32,99,91,34,-15,-45,56,67,245,133,62,164,120,75,-28,-4,-92,40,11,0,87,25,81,152,32,79,38,43,41,89,12,220,-74,-60,128,168,-81,183,165,63,51,-24,224,28,98,-30,10,25,-17,-7,49,14,70,-116,27,-103,151,70,-26,27,152,-132,-28,-148,189,72,-80,-91,207,81,-27,122,240,13,170,181,21,-191,-8,-142,-25,85,-13,-24,57,-29,-128,-60,-77,-82,-1,0,108,21,244,-64,-89,68,126,30,91,-14
132,99,144,-81,-22,40,188,12,-101,55,-59,118,78,-29,-84,-49,5,210,55,65,71,37,-139,267,69,19,-82,-10,238,318,162,180,256,-19,167,-44,98,-10,113,26,-4,266,108,-21,-43,-7,-18,252,105,-9,-63,241,40,184,176,16,259,176,47,78,194,-51,98,61,42,143,94,5,-88,237,-25,113,350,-20,40,144,-31,0,171,-94,-40,-284,45,147,78,-4,346,-65,-46,195,-40,-6,3,-107,-37,75,-262,140,22,30,49,-18,187,30,290,95,12,-210,69,163,176,89,190,111,251,41,-68,130,-1,-73,-121,-29,111,231,179,24,31,-23,86,88,-77,-11,-72,55,-124,155,254,66,-131,72,67,359,121,-41,55,-73,176,-47,94,10,99,112,63
69,167,-99,-50,67,-11,-20,-113,62,8,-118,169,7,49,-54,56,3,109,31,-56,49,139,102,28,-123,-112,41,-97,-34,-8,-17,60,52,-52,-55,20,-1,-38,10,-70,-166,-110,-46,177,43,-76,5,73,-47,139,56,154,55,25,64,17,78,7,-86,-41,71,104,115,-98,-4,67,168,129,7,-14,187,-115,25,-5,41,329,-34,76,-39,179,-112,91,83,211,-81,10,50,3,0,95,24,123,31,45,135,11,-120,92,81,-44,20,105,-41,152,52,-28,163,238,78,152,-43,39,-13,-11,-69,-79,83,-21,138,139,117,248,-53,-117,-2,-27,-54,-130,124,-80,145,152,32,78,-87,-174,106,113,164,28,98,33,154,-4,145,32,282,84,61,-96,-105,45,-136
126,68,-3,67,152,-62,124,180,164,-35,-6,69,87,-20,-15,24,90,-71,144,-83,-7,-83,-85,41,-115,4,3,39,73,-25,29,218,-200,173,-92,-2,165,85,-64,-42,-81,244,-165,-109,62,53,-59,74,-98,-206,-18,164,117,303,-35,-33,-152,-68,74,33,-39,-55,243,156,-79,2,134,123,52,80,218,-124,174,210,71,61,-63,114,-74,-59,-29,16,106,32,64,195,-49,237,149,79,7,6,8,142,53,114,-58,99,137,77,-100,125,-3,-82,71,75,56,-63,72,-20,-108,-93,-78,61,124,36,104,26,-10,134,76,133,53,102,-159,144,-22,-5,-21,129,107,-15,-30,108,-52,92,101,40,-45,114,70,16,92,119,213,-133,38,50,-22,-48,187,229,128
34,86,160,131,72,33,61,45,-16,90,66,114,11,-20,121,342,244,81,-38,37,209,-95,130,256,46,-150,-22,140,48,-37,52,-38,-130,107,108,135,-112,52,95,274,151,52,70,-210,8,-6,-63,-30,-30,233,169,66,117,104,80,44,220,71,8,-49,-162,36,262,5,-10,140,217,-85,198,153,56,83,-48,154,108,106,283,178,-38,-137,108,23,64,72,-217,189,-14,87,-47,149,-93,-147,94,101,-6,255,119,104,-30,242,-22,51,-7,-117,85,27,60,118,43,85,112,28,-54,-44,235,129,86,208,-224,33,37,-108,161,213,23,266,186,117,83,-19,101,137,145,-21,-137,-36,1,-31,-86,90,89,-14,-47,261,-42,211,44,92,188,-41,22,107,4
-6,12,-27,-67,-23,-143,8,-22,22,52,-32,84,-88,49,-110,167,62,64,164,213,47,25,-223,200,58,110,228,-179,-10,10,72,-95,33,-123,89,-34,146,-38,-52,-75,43,41,35,101,-41,-93,-21,179,27,160,16,109,-16,-53,53,-83,74,10,-51,142,-156,-168,48,87,60,59,187,100,51,-18,123,15,113,37,-65,-72,-132,-48,-6,-50,-14,99,78,-131,-35,59,-75,93,133,-68,114,-2,-19,-22,-191,13,109,-174,32,-26,72,56,-37,114,-80,-41,13,53,186,8,-70,-14,-32,-83,-68,162,-56,139,-5,-23,-61,31,87,-28,103,-19,116,195,44,-178,-55,136,27,-42,133,60,32,-2,100,-52,-44,247,17,64,95,-131,171,139,83,-104,167,10,59
103,43,-21,301,80,225,177,73,-16,197,-113,258,-38,-69,59,85,39,184,133,114,16,-99,-169,10,-46,91,-52,35,14,141,-156,45,-129,-21,65,-81,90,-54,239,159,111,-77,70,-76,116,-77,-117,47,133,-112,53,217,152,-90,128,-61,349,98,30,-26,-35,53,161,38,21,51,-208,168,-109,-23,59,55,3,34,77,24,-15,127,-55,36,119,105,197,97,-31,67,62,75,-86,198,-149,127,45,-53,-110,67,86,0,53,46,181,-168,-119,9,136,156,138,-16,226,158,27,305,312,221,129,121,45,-35,175,31,-109,92,153,-2,-59,48,92,-178,241,153,73,127,50,-196,-162,-82,126,139,245,-31,344,137,-52,52,-59,18,150,56,90,58,47,-152,-28
148,42,220,-123,14,126,131,3,-95,125,-118,173,92,73,-151,116,14,115,69,91,56,-24,140,153,125,-36,130,92,82,-141,36,85,93,-52,78,27,302,9,11,-64,-123,72,-25,36,120,232,116,145,106,256,3,142,1,28,-47,-24,19,25,96,-52,171,-23,15,103,142,133,-116,158,-159,-65,43,-33,-22,48,-107,-8,78,-36,-54,-182,8,211,-39,-135,9,28,-21,149,-85,140,102,155,-70,265,-181,-107,57,-193,53,-57,96,-106,141,111,106,-19,15,44,241,74,50,112,215,169,60,116,16,65,61,59,-74,-55,-2,6,129,131,207,145,56,208,7,105,107,8,-2,97,-2,-154,96,78,-150,37,-27,156,132,181,87,-15,282,75,139,30,92
196,52,-3,-120,-3,94,142,111,-120,39,69,-25,61,-60,-62,-18,151,-33,53,-54,-156,-80,-49,118,124,59,-140,-3,-47,-116,199,-56,46,57,-133,150,-73,-60,-55,16,-14,-143,-57,24,-10,208,270,-2,187,-47,-60,180,-231,-37,-17,-224,-88,-52,-60,-132,109,-77,-225,-33,63,6,-123,-54,-94,63,-230,-93,89,-141,-181,-44,29,-6,-139,-36,154,153,23,119,156,-79,-43,240,-121,35,146,-18,-55,6,71,-22,-78,-120,-171,-130,6,68,102,149,-115,14,1,3,51,-121,127,37,179,75,109,-13,36,87,-32,102,57,-29,-132,-1,-63,-17,-21,-37,34,234,58,61,61,-100,221,-64,-120,5,41,-120,-69,49,123,-91,-102,-21,-316,-307,-153,57,-82,-111,160
109,-9,35,-89,127,224,105,28,-62,102,17,119,97,-1,241,-19,-153,77,104,56,83,-85,-73,130,109,173,-164,-1,-11,24,241,126,-92,104,2,32,19,179,-10,176,-1,-175,68,7,-16,35,323,61,-38,48,103,77,-66,208,187,140,46,156,3,-56,-72,123,-61,-45,-271,4,-15,-171,13,-23,59,169,193,253,93,227,-128,99,137,115,57,148,-66,270,-18,-37,49,91,-67,76,-15,15,332,-4,171,48,-47,-22,-23,51,138,57,60,130,-68,-22,-16,-36,116,-65,174,133,24,72,72,160,137,-12,92,271,-46,-29,90,116,112,-95,265,48,-22,149,116,172,125,-42,145,81,0,-70,-18,104,-86,32,274,-54,91,103,49,60,93,197,2,62,114
1,29,-23,15,204,15,-14,199,178,87,144,-66,-51,185,204,236,39,116,78,-47,79,9,-81,85,-77,-162,94,240,-12,102,-68,34,-55,78,290,8,243,204,153,160,-104,49,-67,-1,189,-118,-105,64,-81,-89,-34,85,50,115,129,29,-58,293,294,3,-32,-79,94,70,29,-101,151,235,-15,11,144,95,-122,178,57,319,203,131,82,95,-160,-36,-110,-76,20,36,-30,-76,133,-48,-186,78,41,45,70,-31,-106,-113,-7,54,-93,100,99,2,65,-47,-38,-111,77,9,-150,122,-131,34,146,68,133,-65,-106,2,29,-149,38,209,23,9,49,-73,20,72,-101,133,-32,142,-90,109,157,-55,-146,-9,144,-197,-122,129,177,-63,75,113,-45,-24,154,138,186
115,52,129,-62,150,93,106,131,118,189,60,32,145,92,215,222,-21,114,231,-81,61,130,56,36,28,85,-21,43,-11,72,-119,67,136,-52,178,96,241,97,-72,82,-18,165,127,38,223,155,187,119,205,-61,54,366,128,19,38,-2,116,128,222,66,202,3,202,118,122,-37,-11,115,86,121,294,215,-65,26,77,134,-149,2,50,-37,11,-15,-2,175,19,-21,-105,9,123,42,1,101,29,-21,-1,204,99,15,113,-15,-34,-119,162,-46,33,171,-6,29,-116,177,70,-21,110,89,57,213,-15,87,77,-15,62,189,153,-8,35,214,-1,111,173,4,254,49,72,-43,-74,-118,136,-1,115,158,82,178,126,-80,-17,-168,26,151,281,32,54,44,62
-116,-75,175,-79,146,-41,42,1,221,-55,28,37,69,-63,167,179,25,86,148,263,-2,60,91,168,54,36,-61,119,-145,79,83,43,-28,76,95,0,-26,107,66,132,166,-200,-18,-145,-2,37,61,61,66,77,59,140,76,-65,119,179,189,171,28,8,-30,60,244,163,252,-61,13,-135,39,155,-97,98,-8,-106,122,152,15,-22,-40,-49,112,75,116,7,23,-101,27,124,77,215,-159,-144,147,-222,78,93,-280,45,30,20,-122,-135,148,20,13,-63,-131,-91,-30,-144,-116,97,15,150,202,-40,-76,147,-45,-53,62,-17,57,65,61,-107,168,-28,115,271,72,134,35,80,-176,-61,28,-12,-27,106,-73,195,34,-19,-60,-43,16,38,172,-90,43,-42,167
157,84,210,-47,46,165,44,-148,144,39,94,187,129,86,65,132,-2,-3,50,115,-7,83,173,151,-47,68,-38,89,126,75,18,-28,-38,70,2,-162,22,31,-100,43,165,33,239,134,53,133,-29,174,47,47,-48,136,66,91,-13,-136,31,35,190,95,-44,103,278,113,15,-82,-15,26,2,15,44,59,-12,64,-62,161,77,184,112,71,6,-89,19,51,-57,-167,83,57,23,52,-81,-1,183,221,29,68,47,-61,-53,36,-24,-79,118,-36,-49,110,27,144,-82,96,-97,63,29,88,156,203,-42,225,125,100,167,94,-21,138,-103,140,126,-2,84,108,56,-1,59,5,-104,32,56,-100,-96,107,25,1,-80,70,253,-36,157,160,359,-138,43,132,-34
-54,54,0,-63,175,-11,173,257,-52,267,67,67,100,47,25,122,-127,37,-35,-64,-52,159,-20,29,-51,-26,40,169,-17,-124,-62,2,109,-89,8,110,177,111,-97,-14,-107,-41,80,67,11,39,205,-62,-14,27,-64,-40,-127,-51,36,27,79,19,54,21,20,-148,58,166,90,123,133,125,-18,101,-53,-220,105,-68,-167,49,47,-8,232,-207,53,45,-140,-39,52,10,88,29,78,115,-53,-81,205,-157,40,-199,157,-124,24,-12,21,40,189,-62,-30,-21,47,80,-58,98,86,194,114,-138,-18,86,-91,117,110,-5,98,-74,-100,-12,-97,6,36,91,27,125,28,16,196,87,165,183,-218,52,88,42,-154,-96,42,-133,101,160,55,-39,-24,132,131,14,52
47,-5,75,-142,92,-100,24,3,78,123,-184,165,119,-53,38,160,-126,96,135,214,44,161,31,58,24,23,-139,-101,310,115,-40,93,-14,-51,-210,-52,34,19,-77,118,46,275,-14,158,-43,106,58,-79,-321,142,55,171,-29,45,40,-16,133,-2,216,-249,44,63,42,64,4,66,62,94,47,-87,148,-85,-54,-110,-55,161,112,78,94,-100,125,-42,-33,-5,-10,-160,91,-92,73,-65,136,56,62,-38,127,-32,-41,219,88,-78,-37,112,-18,55,77,58,-175,44,60,29,171,87,81,58,116,46,164,206,268,104,-17,-64,56,178,-104,54,-113,49,-33,-48,87,72,200,97,27,31,215,-182,-50,-213,113,152,213,69,22,-162,15,156,37,1,-138,84,-75
71,87,127,135,76,-81,203,27,12,-74,-193,93,85,153,130,-28,125,114,7,122,97,46,137,40,78,8,-62,-60,-110,-169,131,-88,-113,102,-24,276,44,-15,-56,97,129,-155,172,-77,-19,-106,-4,136,78,72,-80,-15,131,58,-68,-212,5,111,49,90,-35,-40,93,47,84,109,107,-46,218,38,25,11,48,100,47,148,-20,169,-8,8,34,64,256,-19,45,17,35,97,-86,170,23,-28,37,-89,26,-19,-52,7,-82,2,-15,-10,-29,166,-32,74,-124,189,-83,-24,95,133,60,48,-78,33,37,74,-50,103,107,-21,195,-131,133,171,70,-12,146,32,80,101,81,-98,83,-26,8,123,142,197,-156,-129,-2,124,90,59,106,64,-85,235,103,60,118
-8,-69,13,-18,-63,37,-11,20,-5,92,-23,-61,30,159,26,72,275,-116,-43,-156,-115,-42,123,73,-62,-71,-44,117,-25,-22,-25,83,-67,52,94,93,-114,-35,-85,-30,-63,116,-109,-111,124,-114,74,162,-72,-103,-14,97,109,32,-134,-8,-19,-52,243,88,180,35,-136,-19,22,-49,97,121,101,-10,80,156,131,-12,4,-69,90,26,112,-74,-19,72,-135,-188,-30,34,-155,99,-144,171,-2,12,-252,-57,127,-45,8,112,-79,-6,-156,-17,-122,-8,152,159,220,-98,7,28,127,-59,97,95,123,72,206,-20,93,-36,-186,256,138,28,-70,48,-32,-14,150,31,184,12,-28,-322,-56,82,-20,61,-185,50,-133,-88,-97,174,41,181,-142,167,-146,1,77,31,332
44,221,102,-52,-151,71,68,-62,-24,17,7,113,30,46,12,85,-84,-59,-30,8,31,72,95,159,-3,33,-27,-27,112,21,12,96,-67,38,-146,131,248,248,27,128,22,162,139,79,100,-5,-81,-46,146,42,107,147,110,196,128,54,62,33,-76,-188,123,81,178,136,12,52,-89,73,245,3,148,59,133,107,91,164,75,138,-191,100,92,106,-1,76,-21,21,90,-123,19,118,1,72,-104,125,-32,89,105,31,104,133,4,-23,85,-135,151,84,126,159,-43,57,135,36,158,44,-53,21,-106,204,-10,113,46,9,97,58,188,182,54,40,135,2,-96,-22,-43,119,-5,60,10,-138,96,263,-13,75,-174,-43,-61,-111,77,65,250,126,-104,157,-133
86,-60,-57,4,34,149,-56,-145,-112,115,28,26,-68,77,-57,-54,76,-17,-182,5,-105,53,152,50,34,95,9,181,39,93,41,117,-21,-21,34,93,-47,20,0,-47,-25,125,81,167,56,-118,195,-74,-160,129,207,3,-51,49,-7,-42,150,78,38,139,-80,120,-98,-2,137,-28,128,66,33,53,135,50,108,45,116,26,38,74,44,73,165,-27,3,-133,59,78,47,-17,11,213,-20,186,-118,-252,103,126,88,117,76,72,142,-122,108,-136,125,-103,-25,190,-90,332,35,-18,-188,-2,76,117,75,115,-38,-27,26,-10,107,153,161,18,50,-43,129,60,145,46,51,19,88,-213,-58,-52,78,53,-9,182,-109,34,58,205,-43,-7,-85,67,0,-130,-63
207,274,39,134,-92,-25,272,108,184,41,-26,102,13,153,-58,119,52,100,39,-79,-80,100,-10,75,72,-13,-86,56,-70,136,95,-129,-119,299,127,171,263,88,-74,241,-131,140,185,193,120,-32,13,95,29,145,111,261,207,0,68,-62,227,104,205,49,-105,129,277,-89,-10,224,-97,-176,-41,12,172,78,-29,94,85,256,123,59,8,112,52,1,142,50,111,168,-134,-32,-68,7,-237,141,2,47,49,96,-128,29,11,5,60,53,96,70,21,141,-38,108,291,231,-42,-165,-98,212,46,74,105,231,58,71,129,65,64,19,-76,126,265,37,110,290,92,111,123,-94,12,-55,86,85,51,125,35,170,168,74,114,-24,164,251,68,-110,0,-72,-60
-97,-82,85,-73,123,-28,23,-119,96,55,-39,68,148,-36,56,192,1,-139,-4,36,-75,-7,-36,44,163,-47,85,98,2,-9,48,42,-144,41,0,-25,-65,-30,36,127,-57,93,-139,-139,-134,-49,-28,60,-142,22,37,102,61,-112,112,-8,365,16,96,-20,-98,33,120,-172,-48,-68,-1,67,-9,94,86,-6,-57,-110,4,215,202,-40,101,-68,20,95,16,-33,14,219,33,135,-19,43,-352,-137,-43,-45,13,52,-37,-17,48,-85,-83,-105,-16,48,65,-35,-115,-162,-7,42,15,32,-133,9,16,109,130,-9,-96,-124,0,-28,197,-50,26,-98,78,49,128,-70,-27,21,48,31,7,-74,95,5,10,-166,8,-11,8,-76,121,-15,148,56,76,-208,-5,-22,66
-6,-124,12,-48,-107,-45,92,78,-81,-88,117,-165,97,71,56,-151,77,51,132,61,-6,193,-29,212,60,119,-10,77,77,-41,80,16,-22,-146,168,45,-97,80,-89,107,114,-163,107,25,-194,51,-103,20,132,161,20,48,63,306,-42,81,-91,156,-35,42,134,46,-21,185,40,-96,66,-41,114,-59,-23,144,-34,89,-9,65,102,87,-91,84,48,38,-64,289,48,-14,79,-42,126,4,64,-179,98,-135,48,180,-35,-26,56,219,8,-57,35,-70,53,-25,-72,-10,-95,64,-24,45,126,44,124,47,22,118,194,-7,145,76,163,-95,-19,115,-81,-209,-179,-14,-70,-71,68,-110,57,105,0,-52,14,53,-81,72,47,142,-19,144,-70,25,64,115,70,6,-174
44,-22,-128,-13,2,111,-3,166,136,60,-1,129,-7,-37,171,-127,-17,239,96,-18,139,-53,-239,175,-44,174,-235,66,5,124,-157,103,-46,94,-27,98,63,-54,3,-23,-63,-40,-102,-13,64,-6,131,113,-91,-33,-60,165,96,159,-27,-45,24,116,-17,22,-60,-58,98,-268,27,66,-12,59,95,-80,2,65,35,125,-3,182,-200,232,-52,-50,153,-62,83,254,34,32,-202,-40,-30,-6,123,199,50,-106,4,252,45,28,-30,166,-72,38,100,149,-55,-13,-6,38,96,213,103,-86,-239,100,-85,63,12,76,174,173,33,-44,101,28,-38,182,58,-27,241,67,156,14,4,-37,31,-84,-17,38,-33,120,35,88,-24,-38,58,-89,102,140,-54,49,36,28,-39
-39,89,54,19,184,37,77,209,-33,55,-27,-107,98,159,101,93,-50,179,24,-26,235,44,11,154,89,91,-21,-72,44,109,83,142,-37,-95,214,117,16,49,90,208,-28,79,72,59,58,-41,216,40,-71,90,60,43,147,26,66,-66,148,168,-38,26,58,37,-51,50,4,35,186,121,-56,-22,87,124,167,124,87,143,-29,229,8,-61,268,-42,28,225,91,267,-17,119,109,49,19,6,89,72,-16,61,-54,84,38,110,83,-43,212,-48,88,-30,71,134,227,40,115,106,107,162,133,-38,62,204,-1,60,45,4,89,82,178,-17,262,168,149,108,18,-63,37,181,27,-119,-21,169,103,14,-78,102,116,49,227,141,69,-33,95,54,113,61,67
-67,11,-240,56,28,-6,-122,80,-42,82,21,78,299,17,73,-11,-83,-44,-114,-230,41,180,162,6,289,185,12,45,52,109,52,-59,95,-29,-120,135,10,125,75,35,-13,57,7,-255,90,-26,149,-132,77,129,74,-81,-18,18,38,122,58,-43,84,66,100,41,118,182,-48,87,62,-62,129,129,195,72,13,68,-81,101,334,139,-12,64,1,16,90,44,-65,50,37,-24,106,46,-118,0,119,73,-90,74,147,200,110,283,-195,52,67,177,205,27,137,-203,-53,256,-96,58,62,1,188,-20,11,-55,119,-43,-43,48,176,43,109,-29,112,105,84,172,-10,100,75,61,8,35,-126,-173,-21,82,-30,153,19,133,-174,-18,65,-173,-10,14,-131,-79,-88
88,64,102,-26,217,186,15,-14,178,175,205,50,157,51,234,248,-126,127,51,57,196,141,326,-113,103,105,10,180,129,76,14,362,165,27,-87,127,86,201,96,17,108,141,170,-111,14,-134,232,126,-87,145,-44,149,142,116,283,-38,314,67,27,146,18,3,201,64,-91,45,23,93,93,-3,39,110,67,22,-30,19,160,119,92,77,22,-2,-56,177,47,91,-6,180,18,178,140,184,93,64,110,105,90,92,53,115,-123,-56,126,230,193,-10,56,-143,176,101,-70,-50,143,207,28,15,74,18,21,235,-37,-158,112,73,-33,62,10,123,175,303,53,116,223,29,-149,36,94,-72,96,168,58,179,31,-60,4,135,95,172,232,185,87,81,97
107,132,70,-6,158,8,-139,-40,226,235,-142,116,135,161,11,197,70,-48,336,-77,215,-43,139,90,-27,81,53,-32,-46,1,-81,-8,126,-162,155,40,-35,-118,64,47,90,14,71,-16,151,-165,13,153,58,166,68,178,-32,22,107,122,35,214,166,68,36,-49,185,108,-68,-36,96,174,-63,189,230,77,-91,85,-127,105,115,40,-131,156,-198,65,48,-2,-65,-92,-49,-125,-32,94,186,-71,-115,76,-165,117,61,45,17,210,192,-31,78,-178,18,256,124,184,-107,-21,70,1,76,-125,77,74,90,-30,-23,-104,23,42,37,13,-36,88,58,-111,57,-42,-38,319,-10,30,-177,-102,113,10,-62,253,244,135,134,163,110,-62,85,174,79,38,192,-8,28
-17,179,-69,43,-67,-3,259,-46,159,46,69,179,107,-8,41,120,134,28,62,27,122,29,2,-94,-87,44,-176,-31,-56,28,18,7,33,-15,-58,167,-12,-49,126,247,105,-138,80,36,-25,-44,132,30,236,-74,-45,241,136,81,152,83,-11,50,148,-67,85,69,168,94,-27,67,39,-52,80,-144,231,230,111,-57,203,35,44,152,-2,-7,24,16,-37,49,-12,-37,206,-29,39,29,-27,19,124,-53,12,-32,-69,71,-93,-13,-140,89,-102,46,61,22,69,61,57,-24,-99,102,11,-104,-67,104,-6,136,70,67,167,105,-101,-94,4,94,157,215,-11,65,226,150,-73,-88,64,-87,-85,-39,142,102,83,36,126,39,-26,105,79,-56,31,122,216,189,137
62,63,-31,-94,-102,21,30,24,137,129,70,109,140,89,228,90,-47,-55,256,-26,167,20,-55,6,-66,77,92,9,45,43,-28,33,156,47,23,82,96,171,21,-65,42,46,45,-26,-49,170,-80,112,228,-5,-107,249,77,166,-22,-100,-18,139,41,-227,6,19,43,-13,-55,102,-74,-180,199,-131,85,164,-31,74,-106,280,-1,-11,-14,246,15,-93,-20,157,-21,171,137,-55,102,-57,-57,246,-122,196,-42,-1,188,56,135,68,344,94,-119,72,15,51,9,-35,286,269,62,85,51,86,20,53,-8,243,75,0,124,44,-6,-215,91,40,73,202,-87,-169,216,17,-19,-140,75,-4,26,145,-98,80,-52,51,-92,3,32,45,79,-2,-25,136,-48,73,-89
229,15,-128,91,199,98,141,193,39,126,139,-23,-37,40,121,247,161,8,41,7,105,80,-14,-2,146,427,-188,107,-24,171,-4,98,37,16,73,226,-9,184,-22,-67,84,-47,118,-39,45,-23,83,144,347,55,205,198,39,-96,-47,-88,115,54,116,13,134,157,29,102,-76,-147,91,70,198,216,137,398,32,79,-24,98,126,143,127,183,238,35,-14,210,-57,68,18,-169,18,35,99,48,163,132,306,177,28,197,201,270,53,145,84,246,140,-7,128,94,57,25,-49,213,111,-19,267,161,73,-1,162,-6,161,117,162,250,51,17,84,149,28,161,155,42,143,-52,20,10,7,87,-33,152,-18,72,-24,41,27,35,-84,92,102,170,92,23,-143
-43,47,140,-19,-57,23,69,104,-6,-60,115,122,186,-104,73,181,-100,3,135,-87,59,85,31,35,-148,-17,331,208,-36,25,37,-26,182,-14,80,-151,128,-80,191,110,170,-12,-59,-72,-12,-68,-162,124,202,66,6,63,149,156,272,-51,-19,34,-84,-36,-35,68,35,196,69,-4,128,1,151,52,120,26,38,121,66,-74,64,-17,287,242,-195,43,106,258,-74,140,92,-17,225,84,73,128,-122,200,162,242,11,-10,250,92,185,53,-108,67,84,81,180,49,19,33,55,212,34,148,-53,23,94,-114,9,-58,62,-21,28,-99,113,176,64,51,-41,-43,89,122,135,63,11,77,3,-58,117,-2,10,161,-178,148,-112,155,77,154,117,152,-22,199,-177
111,-122,-21,-3,-189,-7,55,28,70,50,37,170,43,45,-41,41,-123,-132,105,-71,-64,-31,177,5,24,-163,138,25,52,115,120,-141,32,-136,33,-30,18,-111,-86,-80,70,205,65,36,13,110,42,-89,-124,62,1,189,65,44,-50,32,-34,70,158,-141,-25,-7,136,12,-83,13,-51,43,192,-139,171,-114,-223,95,-48,105,50,-21,155,29,34,-49,103,192,130,-48,25,94,281,-237,-6,108,-219,135,-129,2,66,-23,-11,171,-45,125,21,-35,110,156,-114,-146,-120,128,-47,-9,-14,104,-87,41,190,-1,31,-238,212,-113,37,-75,0,-27,-124,86,-1,99,73,-1,9,12,120,-34,-22,-7,-97,-243,-3,46,1,118,60,-141,-147,-23,-65,-189,4,3,106
168,11,113,-152,-21,100,22,78,111,143,-19,213,338,-99,-14,266,24,35,4,-35,-15,51,-5,43,13,62,28,-20,159,122,-38,-29,40,-40,-48,-122,201,-188,39,-69,104,-2,259,246,-90,54,37,14,25,7,15,230,-133,-58,112,51,15,10,103,-27,-40,1,-14,-78,-44,1,-198,-131,-6,94,-85,30,56,-84,95,-48,-26,-113,217,117,-50,-143,-14,51,26,91,136,-50,-58,-203,-95,-80,-34,60,94,150,17,-2,168,-10,75,173,-37,41,113,100,-65,38,-108,90,136,119,60,72,-91,170,141,43,-6,35,63,-9,0,59,-35,94,30,272,81,53,29,159,30,151,-54,189,-28,-19,29,67,16,-18,77,237,79,164,-56,265,136,-25,-114,98,-123
-133,-73,-19,-206,122,14,-80,-24,115,101,-191,116,-48,-56,-107,137,37,-1,94,-16,123,-292,-66,275,-40,-36,-74,-35,52,-110,6,86,-59,9,-93,-5,94,30,15,-190,-95,-137,94,28,-67,37,-12,89,90,162,72,115,10,77,152,39,81,92,-13,19,99,-104,80,27,114,7,-2,54,-80,-15,-63,42,-2,-4,-163,108,41,-10,-49,26,15,1,-159,56,-132,-318,-52,77,-41,-96,-81,-115,13,-69,-154,62,5,-50,-22,14,-101,114,104,206,-82,172,-74,-81,-131,94,80,-127,-89,-8,-93,0,-103,-4,-15,53,-21,-1,106,167,-95,-40,-149,-101,122,-21,12,-72,-26,-51,-114,37,65,-89,-49,-27,-90,-13,-67,-35,16,-167,47,117,119,-184,170,-102,-71
233,-120,242,124,-132,78,-31,123,54,-273,43,130,63,188,69,-59,107,-18,-14,133,-41,9,38,165,-203,73,-141,18,83,63,134,-42,-114,129,22,-51,-21,-39,-141,139,167,135,5,130,-58,3,2,30,100,18,68,-43,-104,63,72,-106,-198,12,45,29,-70,57,-103,-21,34,-228,207,-234,47,-40,-40,182,139,105,118,64,-107,-35,91,152,-64,-14,45,-136,-88,-23,-157,92,-129,-92,115,38,-28,-10,-17,-89,74,-24,36,69,141,-8,-10,-14,-86,-16,84,32,-98,-76,51,91,17,73,-42,194,94,176,133,221,252,14,-80,20,-29,-87,-25,-63,122,34,-171,-79,85,-39,64,-20,85,-112,-73,55,25,-50,3,150,181,187,159,125,191,132,138,29,-26
65,350,-6,79,-41,89,-1,-99,-30,241,-64,-42,-58,168,11,-21,244,-61,-104,-53,-5,132,-79,-56,-141,227,99,-37,132,-85,55,-25,-21,260,-10,165,47,-78,-114,-63,99,16,-27,13,73,17,-49,161,73,32,44,-33,-217,47,104,55,78,-26,-62,68,-8,-6,163,117,91,-67,48,-39,-167,133,-26,-88,104,103,31,50,-94,-66,-3,-9,107,65,84,79,62,85,-125,-151,38,33,34,33,-1,-22,-94,179,-39,-49,-53,18,-57,-147,40,-6,107,227,11,206,-94,74,29,29,144,-83,157,148,-30,-86,-72,-58,122,-83,99,42,-74,123,76,-42,58,86,-33,-19,131,-2,-137,-110,-7,49,-46,-49,112,-14,184,209,189,113,62,226,-102,233,145,11,120
288,123,88,-37,101,152,176,92,43,-59,-12,-25,104,-52,105,164,-48,-76,105,104,187,39,83,177,-87,15,-82,37,-12,29,23,-64,6,-42,53,132,139,-27,164,164,-38,70,194,80,103,30,107,57,-114,-29,12,78,120,60,210,-106,11,113,85,56,178,8,14,68,-42,77,-103,124,-38,81,191,150,263,-47,60,41,61,11,121,9,-13,-6,-45,18,104,142,-36,15,97,139,-51,-40,110,21,135,-31,-159,-50,14,-252,100,-86,-84,-72,33,140,-11,7,10,97,155,127,14,9,73,142,112,64,138,110,-117,125,79,-59,176,4,95,-13,194,85,151,-8,105,-83,50,50,168,-14,212,33,-55,-77,84,-76,-65,-70,122,144,-95,100,-76,-23,71
190,-55,168,41,39,79,151,-128,158,-85,-30,177,133,112,159,262,-38,100,53,111,-33,-125,106,-48,64,102,105,117,67,-196,153,436,-227,120,32,8,21,192,-4,30,133,-79,253,50,-91,76,-47,90,218,110,67,89,119,87,141,-105,-65,54,89,91,136,-167,-27,214,-16,-2,7,-123,14,85,34,52,99,44,137,103,-164,-122,95,134,-24,-1,110,-223,-26,-138,183,129,-116,199,32,38,-49,21,33,160,275,122,133,121,42,-23,-174,105,-102,47,-75,159,106,-160,-49,254,75,53,-127,3,121,53,-96,161,70,65,203,-8,-44,67,-14,-29,104,192,-56,116,37,-39,27,-59,-60,158,188,-40,19,-82,-45,5,-6,128,-73,-115,145,58,224,-94,-97
159,125,78,107,16,153,163,54,-256,202,136,-128,7,-152,10,73,-22,177,166,161,155,72,-248,125,56,46,-160,139,7,-219,1,-29,83,-44,142,-26,-59,-12,119,144,100,11,-11,67,-147,-4,-74,132,183,-83,125,235,-133,130,-123,49,4,98,-54,-103,-144,70,-131,69,205,-191,33,22,-68,102,-208,155,60,77,-96,111,260,-32,-85,55,312,-130,-51,169,108,-125,-93,137,26,155,-62,-65,154,47,14,-33,-277,-68,94,31,5,48,56,49,28,40,17,-26,-59,53,-67,68,245,162,38,123,85,155,61,44,85,-83,125,117,34,-36,35,-175,151,-27,96,-98,-68,-17,174,67,30,85,91,-66,83,-35,-4,22,-20,89,77,-93,-65,-81,5,199,151
106,114,203,39,299,6,95,-16,191,35,95,-72,-32,-18,186,246,86,-43,184,308,111,298,-20,191,59,60,-86,116,176,15,30,-69,-208,-58,-63,257,175,95,16,178,-32,82,97,11,282,34,128,248,-39,-41,35,97,-18,-85,-85,-205,158,75,182,87,-73,139,39,134,-132,80,-83,-13,12,115,33,120,176,124,39,136,74,96,-67,281,70,45,111,55,-53,50,108,82,-81,157,-117,-55,121,44,279,64,-216,-22,53,-133,-18,-100,25,78,-1,-125,8,77,-7,-155,39,39,99,0,206,-46,97,241,137,175,177,16,252,117,-89,-46,67,137,21,116,68,46,261,8,-38,38,205,74,-84,96,97,75,89,161,59,38,275,70,205,272,-50,39,5
