15,25,-91,-35,-5,-4,-6,51,-2,20,2,45,3,-1,-20,37,5,-2
-21,-19,78,61,-11,-67,37,81,22,27,8,63,-42,-17,-12,36,57,-10
29,-34,-34,10,-38,-13,33,-1,-16,29,9,9,-8,50,5,2,10,34
-10,8,16,35,-18,54,-28,-111,86,-18,26,-80,90,16,49,32,-20,50
49,1,43,45,-11,-21,39,-42,8,53,15,3,-3,20,24,-25,49,40
13,-68,22,50,11,22,76,84,-35,-5,32,-25,11,-17,-32,35,81,41
23,-41,65,23,-13,-50,-24,-16,-16,-51,39,-28,54,7,16,-25,58,38
-4,-2,-59,-43,-31,-23,-55,6,-50,-54,-2,-4,30,6,0,-1,-36,75
40,-41,-62,17,25,-16,-31,54,-2,-20,24,10,3,27,-18,36,78,88
18,10,-70,-9,-30,16,-34,-70,-31,34,-17,-24,35,22,15,-43,-83,23
16,-39,21,25,36,15,7,40,91,9,49,-10,-22,22,-4,89,130,41
12,-28,77,-12,61,-18,-5,30,42,-76,1,43,-36,77,23,5,100,30
27,45,2,18,2,-32,30,34,-35,-2,-39,32,53,-19,-67,21,-42,-7
-26,18,-38,-54,11,10,-80,-61,-13,-25,-8,-37,33,13,-3,-36,-87,25
38,72,4,-10,-11,-34,28,-7,-39,7,-4,5,27,51,-3,38,-35,15
-25,43,-48,-40,-20,35,-15,15,-38,-9,-25,-21,-18,26,14,-9,-58,-57
-59,-35,-64,13,-63,-20,20,116,-44,-25,38,4,-60,-47,3,-4,34,-16
34,74,2,-20,30,-5,28,10,95,45,11,39,8,27,-9,88,31,0
