171,90,-56,30,-42,21,14,47,87,53,86,-95,-99,6,182,109,-90,51,206,-22,67,133,27,-166,-153,-20,-146,95,91,-68,56,307,169,192,114,128,-45,45,97,98,48,-15,155,7,32,111,102,-25,-17,69,35,135,16,-32,118,164,90,102,87,35,48,171,-8,169,134,-160,71,22,126,69,100,170,200,82,164,205,118,222,2,55,0,84,15,-56,-62,41,88,-111,54,-67,167,-68,-62,214,73,102,-32,9,28,34,-64,10,130,117,236,-136,-75,-44,162,40,45,-148,-28,201,118,-8,-23,105,208,101,7,86,62,133,-22,-133,144,-6,-63,-15,-18,31,-43,-56,34,-70,-102
-9,3,101,-44,62,112,21,-13,151,-27,65,145,71,85,12,175,46,120,-24,80,174,4,-46,152,26,1,148,196,239,85,-13,92,117,140,152,226,111,-290,-171,-88,66,62,-51,178,-46,84,160,196,168,74,44,-47,121,-101,235,1,17,-13,54,163,130,76,70,60,-82,-11,58,-124,-78,21,-27,99,14,-17,-29,179,-60,243,51,-71,96,-12,85,-34,-226,9,155,-34,-10,60,-34,-107,217,-20,147,4,149,-3,-1,-45,19,105,94,44,83,-75,7,113,-34,-141,8,25,59,128,95,62,-39,-37,-21,-40,23,269,-69,5,64,-109,169,98,7,-6,75,144,105,88,4,257,36
0,183,113,54,163,103,8,106,76,21,-16,-86,-55,177,63,-69,277,173,54,-4,180,192,70,138,85,105,-130,-3,3,123,138,190,1,-25,64,80,120,57,25,197,71,173,-247,159,102,-117,120,359,-99,-10,149,9,15,105,21,43,-75,174,369,-78,5,-87,65,33,-18,244,58,96,-158,145,241,148,148,-67,132,64,-26,75,64,196,27,80,128,171,-25,199,-160,-37,-58,-42,135,-8,155,120,-1,74,-67,82,-35,-22,31,-75,-70,-77,-32,100,39,-71,88,154,56,221,54,213,252,-33,18,118,86,6,63,35,-143,-34,117,-65,90,61,-121,-53,126,150,19,-71,-62,-71,250
41,77,170,97,31,-4,85,86,-87,78,73,-78,-134,-67,-183,47,154,-9,23,153,33,121,-133,120,-15,96,189,-168,-48,28,169,24,-36,-22,-72,-6,11,-36,-46,-97,68,61,-12,13,38,-126,-33,32,-43,130,16,82,204,-41,-28,-10,-17,277,113,174,-21,83,-93,-50,136,14,-52,72,14,37,26,49,-9,11,96,-63,-26,16,174,0,-8,145,-8,139,153,-42,106,-6,12,-19,32,86,-51,106,83,264,-206,-14,-52,97,-121,101,-74,-30,10,84,145,27,71,26,-27,15,66,-33,-17,159,-36,49,-10,-39,7,-31,-39,92,66,152,181,47,-133,7,175,56,102,61,101,-1,143
35,-26,-28,49,-99,25,-63,-53,91,117,33,-208,-13,-287,43,125,-32,6,-25,-151,-47,65,32,67,20,43,40,-1,37,-76,-45,197,111,24,-143,88,-79,-69,15,82,-128,5,-16,39,-223,-12,2,87,-11,82,58,71,90,-32,-19,0,134,20,8,158,-15,14,230,34,65,-124,20,-113,61,-21,29,66,100,73,-50,115,77,-91,-82,-31,-46,-28,-4,-61,-97,62,179,55,-88,143,74,21,222,89,-128,-1,81,-140,122,132,12,-80,-91,117,70,55,120,-70,96,9,-94,124,-42,-1,81,58,27,91,107,27,32,-137,148,-163,-38,9,-2,239,-19,73,39,-10,88,0,-54,91,95
25,183,112,-172,49,-31,129,-2,120,9,166,104,176,70,40,77,-70,-72,33,-35,154,-38,-7,-34,-28,108,178,131,150,141,56,-87,9,32,81,103,103,123,7,95,108,-51,43,107,70,105,-107,74,33,78,-111,31,139,-99,-69,-86,120,42,102,-4,255,99,190,60,-121,112,127,125,111,12,80,22,275,154,64,38,205,95,54,116,28,-93,-90,-71,-52,149,-61,39,66,-76,31,124,210,23,86,-238,94,-28,176,38,52,-44,32,147,68,92,101,35,141,105,162,42,48,-154,20,226,-55,30,-95,79,-114,-158,244,-11,226,-2,90,60,97,41,-133,-76,36,-15,-18,11,192
-48,-19,154,66,228,-82,64,-42,178,-90,-42,6,62,-83,21,-2,30,137,-91,122,89,-29,72,162,43,70,-70,12,127,-46,-1,19,176,-107,-54,97,33,121,94,-100,-14,-78,174,-92,68,66,95,69,-12,46,-113,-23,-42,-26,-46,-49,77,102,82,27,-239,61,202,45,169,166,14,56,-44,-4,23,63,47,88,85,25,-50,-20,45,40,-222,-33,-63,-46,-2,286,4,74,59,139,194,-88,-28,-27,169,-59,14,43,7,151,-91,101,36,133,250,-48,67,-90,146,171,-95,119,23,-74,46,20,-36,-63,125,193,60,277,5,21,-125,87,213,48,-54,62,-77,-116,-52,100,126,-201,142
-192,14,126,22,-6,93,103,-18,100,-25,58,-84,109,209,-8,36,145,-14,53,47,58,-17,-11,35,16,-39,120,50,-107,87,52,40,45,55,32,171,88,-99,70,189,180,-40,151,-12,-46,-31,-17,174,79,109,-27,-81,20,-118,50,-48,-55,-50,-81,-121,148,51,153,30,-39,293,67,185,-130,47,12,50,143,57,104,6,69,156,168,256,124,83,74,147,47,145,-51,-77,117,60,73,32,84,93,-15,-188,79,-115,105,22,45,262,7,8,-31,18,48,-79,-49,204,70,314,-46,-41,47,160,-48,28,33,104,-87,-60,223,256,43,-165,144,-67,-19,13,13,82,-30,-131,54,171,52
-48,28,-139,-95,115,-10,120,195,27,237,235,-6,-95,-36,-123,19,43,72,58,-234,158,29,-14,-149,165,235,60,-58,112,-72,-61,27,60,149,-104,75,118,67,46,48,-6,7,-41,37,-28,113,117,171,-159,134,143,49,-61,-28,-70,42,-75,-54,151,-86,-92,16,48,73,78,92,142,-19,-36,-153,173,101,234,57,136,99,21,-104,-4,84,-137,62,70,-121,22,92,134,-165,-2,53,-109,116,202,81,-11,-60,82,224,5,69,53,30,53,126,105,32,-146,-2,181,43,142,-36,75,197,130,-81,126,97,50,119,-69,157,-12,-49,-22,58,-78,179,55,53,-29,-9,-130,-45,-21,44,190
-19,-7,161,-27,68,25,-79,78,200,213,48,63,1,88,-24,41,37,61,158,-53,49,-11,-69,127,140,8,2,36,-12,87,16,-14,171,-31,106,74,-63,121,33,47,68,112,64,77,121,62,-21,62,138,-36,7,5,-111,50,-4,144,25,-52,-84,-8,172,64,-98,139,-93,167,124,-43,96,139,157,77,94,30,207,-28,-228,-3,221,-73,158,-175,40,84,-124,-54,31,98,-94,15,40,153,105,-3,8,91,13,126,-4,63,46,-24,-31,216,-7,169,11,-54,37,131,-29,-23,26,24,59,99,84,-69,56,-14,25,145,54,-61,193,-182,13,-72,-145,131,-4,33,90,95,224,48,-22
94,50,155,76,45,57,9,-25,-79,2,100,-191,261,94,109,161,215,-29,-151,-2,108,81,-20,-4,-111,-2,106,-213,105,-50,18,79,-51,25,58,66,-101,-7,230,-69,118,23,30,-12,-3,-34,177,122,-9,75,4,-197,-139,-208,162,94,-33,266,58,153,82,41,96,-39,-14,224,-163,55,-207,137,37,73,-5,102,67,55,164,53,47,197,85,281,177,14,140,123,70,143,-52,259,-91,-1,-103,264,-156,-49,-49,-49,-14,31,-140,128,-79,109,-12,-243,-102,58,93,189,80,85,-112,193,-15,72,9,-21,48,162,-36,74,144,171,74,90,68,22,105,29,110,-99,-57,139,236,68,155
20,2,37,-17,85,-64,-131,-131,119,82,80,55,209,104,-70,4,53,-53,204,105,52,56,20,131,165,101,-8,-34,319,165,110,5,154,70,135,174,-115,101,128,-98,53,-80,48,189,-15,85,-53,55,165,92,32,-10,43,21,95,21,185,50,219,96,73,-102,87,209,-77,34,41,92,-21,165,48,274,29,61,-139,88,-35,-8,146,64,41,-32,105,-46,63,99,-47,207,4,-5,60,-144,-50,102,57,-3,108,-96,140,54,-185,-82,-102,41,39,60,99,2,11,115,-3,2,-140,132,-88,60,17,9,6,159,149,59,99,-141,117,234,20,80,333,-22,106,-50,81,-56,31,57,113
-17,-152,25,37,-52,-110,130,81,-72,157,205,-111,85,-147,87,-52,-34,-130,-62,94,-9,28,-167,46,-97,155,145,-164,-21,-118,77,-123,-157,95,-106,-57,-134,-53,-42,-138,-16,-204,123,61,-16,-26,1,1,-86,61,112,-15,-6,-14,85,50,11,36,43,224,47,57,-24,10,118,109,-112,-6,101,65,29,102,-32,26,-25,87,115,-234,158,42,3,65,-104,163,-3,-28,24,-83,-124,-39,-40,208,121,-85,-195,-161,-72,134,208,29,-206,-33,88,57,26,-339,146,106,-9,109,34,-68,20,51,-46,-107,-81,35,82,-26,-52,35,134,55,65,79,68,36,158,128,218,-29,2,182,62,-125,57
51,222,-157,-104,69,236,107,-14,125,86,109,79,22,138,-46,-20,183,70,105,-40,76,37,49,-1,-83,-76,84,69,-86,29,-18,44,208,145,94,16,191,53,-18,-10,142,0,-130,-80,85,-8,131,178,70,26,-117,-24,199,-41,20,-89,87,102,-28,142,189,-93,89,-105,-64,164,127,22,26,127,173,-113,11,-46,82,140,18,90,79,-89,48,-5,254,-11,27,84,-17,-28,-53,40,-15,-58,86,79,68,38,65,7,89,197,24,42,-120,27,-33,-57,173,30,-88,84,162,-61,-110,-146,-59,-120,89,146,-26,157,55,-165,190,-40,71,57,58,94,-50,61,86,-39,-41,156,-41,188,132
229,142,-2,150,36,-10,96,46,-91,-32,136,18,212,20,-29,50,16,-26,58,-46,-63,39,-34,32,85,27,91,94,6,81,52,76,-79,28,215,138,-93,7,140,-153,-55,31,157,9,75,-28,18,-13,103,-19,-46,-62,49,-159,144,134,62,-43,76,72,132,204,106,87,15,188,-116,58,170,74,183,221,-4,34,100,-57,-18,24,58,92,116,107,282,-68,-58,54,47,31,29,-99,163,129,-142,-45,-1,41,107,10,4,-76,-142,14,39,23,18,-140,177,-27,53,78,-66,-99,-72,29,10,102,-27,92,101,18,-47,3,-21,-6,103,91,-7,-5,75,66,79,48,107,3,-20,-142,162
31,-28,-70,-112,20,-67,-133,-85,90,84,20,-13,42,-120,-104,-41,-69,17,-3,-103,-31,15,-19,-40,-38,-29,-46,-114,7,58,-61,127,-25,127,-4,-39,-78,-25,-96,-3,15,127,70,36,-243,105,25,-61,-1,82,62,39,112,-58,74,112,143,171,7,-56,202,-12,-82,110,-40,-43,109,-31,104,-183,34,-63,-30,-6,11,47,77,116,97,-10,118,-158,-43,-148,99,-1,-118,112,21,68,-6,-192,68,-198,47,8,93,-94,78,1,93,24,77,-30,44,66,-101,-93,-98,-121,134,-95,19,93,47,105,-46,-48,-160,27,-100,-128,96,-69,-16,77,78,69,82,-20,-7,200,27,-49,284,27,-19
82,-52,35,114,55,-8,19,-123,-75,27,152,-5,-2,60,-20,219,213,-27,9,-4,80,-88,-12,184,-14,5,94,-5,-13,-109,31,-27,123,11,96,10,-165,82,135,7,169,-29,-49,78,-20,199,38,-86,15,196,-84,78,-90,-165,-37,154,145,25,103,102,20,23,-19,-149,156,-84,-45,23,61,-16,52,11,141,18,22,91,163,-4,64,-68,-104,-8,-61,148,90,-174,104,140,-103,269,-44,-12,-45,45,-134,-203,63,157,-128,-35,84,92,102,-45,-4,-6,-78,-57,53,-45,144,12,-147,85,29,-8,46,53,85,106,-90,123,222,78,170,180,56,-81,-82,50,87,16,66,65,46,100,228
9,159,34,116,19,-22,192,111,-79,-105,81,-90,81,-42,51,-108,23,55,179,-93,-88,95,103,-43,28,-15,100,160,55,-155,-13,131,212,-133,122,-154,127,84,224,86,104,191,-21,156,88,-89,-104,20,102,122,173,57,114,-40,19,25,2,-4,111,139,18,-4,25,-102,23,32,-33,65,154,81,135,163,-12,-107,105,-32,44,88,109,12,-79,-24,-70,-136,-168,-47,-92,-52,-85,61,90,257,176,145,69,-119,64,66,111,75,43,2,186,70,124,-71,191,-105,-84,121,-170,-59,-12,-38,70,56,-162,5,-40,-39,-179,-5,190,4,136,-83,25,183,145,-15,-13,-74,182,-7,2,66,231
87,5,-58,30,-72,-83,41,-109,134,-5,99,133,100,122,115,143,12,154,46,89,115,106,122,70,-92,24,140,2,47,165,109,-40,-13,37,45,128,50,57,-8,-42,-24,19,59,65,61,234,77,276,109,53,-75,83,155,-205,74,56,33,12,102,180,0,119,-53,141,21,44,7,3,-7,-26,-8,104,-2,125,-51,107,271,208,120,173,103,-58,50,-39,38,84,-49,-10,17,56,237,166,124,103,162,32,-15,48,98,36,5,89,134,25,194,181,-145,8,194,-15,275,-29,136,223,-39,48,-100,121,157,132,48,101,92,-71,-130,72,88,-24,-16,125,17,-94,-38,-1,116,68,137
88,155,30,-53,100,-28,216,97,-28,-258,261,41,116,78,-198,100,229,-35,-3,46,167,-25,-114,31,163,131,213,122,-106,39,172,141,4,58,-50,69,74,97,61,4,149,-11,-33,63,-90,73,9,49,-14,173,88,110,184,-111,88,45,-104,64,-50,78,161,202,164,-50,133,163,63,-38,-53,-71,-7,181,179,73,162,31,67,102,126,-98,118,80,131,131,66,44,17,-40,12,-83,1,192,-77,102,124,-87,-14,9,11,-104,-75,-11,12,26,-44,-39,241,84,45,10,-17,208,232,-31,60,81,-55,155,178,78,-40,93,22,275,312,3,61,56,-134,126,72,3,26,49,2,30,148
3,-84,-37,-143,-143,-31,242,139,40,87,-48,-144,-43,169,-96,6,71,100,-83,-39,-52,-20,-56,36,64,-33,-81,37,35,-61,155,-90,-5,168,-81,8,-188,-101,-162,-63,158,-25,-200,-5,-51,-10,143,116,168,30,-48,128,112,-147,-49,-104,-38,163,99,-46,175,-109,27,-28,-34,-46,57,15,-20,-53,-85,71,-70,158,8,-14,62,-133,59,234,45,86,-184,53,120,-144,73,-50,-92,-105,63,190,11,151,-10,-44,126,-177,-159,-67,169,-32,-7,-93,-80,-31,60,-33,111,-110,105,2,138,111,25,-174,18,5,60,23,25,-47,35,-54,183,53,-42,36,-32,87,54,82,167,-37,45,-67,74
-33,-22,-74,21,-23,-73,-40,-232,56,-36,141,114,110,151,3,-65,201,-56,57,284,100,128,-16,24,31,62,-33,-156,7,-40,244,131,-91,-5,61,6,-56,32,10,102,13,60,31,-157,-65,-147,21,151,132,59,-7,-76,-8,33,-50,6,138,-31,201,131,-42,0,97,122,25,-26,-30,99,-101,173,24,51,78,-62,-22,133,-62,130,14,101,65,242,205,100,62,148,25,89,-13,78,-9,-221,19,269,86,40,27,-43,139,161,-37,-47,-91,73,-152,208,94,142,-150,272,-45,29,62,-94,-160,130,158,-72,38,99,-53,-21,104,126,-93,28,125,-128,-81,4,172,11,47,-21,-1,36,161
57,102,157,-6,-156,46,-74,94,19,-65,55,110,4,187,86,37,55,-22,68,192,48,88,9,-161,-32,24,-46,-46,9,117,276,-227,-212,243,88,68,-33,27,-97,173,114,96,-101,42,-30,59,85,105,15,-26,-27,-85,-64,-80,110,-103,-67,-12,28,-62,150,129,85,-53,-68,42,87,-7,-25,-11,-55,-4,127,166,116,-4,-42,79,-17,154,18,224,59,37,23,51,5,-26,73,-5,-89,88,-117,124,34,35,-28,32,-118,-42,-62,0,-76,131,-150,130,-21,34,176,-40,29,48,84,-3,-84,82,108,-8,-27,-45,-34,-20,-53,78,15,16,-21,-98,-47,-76,-87,81,-21,-86,-24,-189,16
176,40,30,54,168,159,-53,80,66,29,188,4,-29,-63,9,72,6,95,170,24,12,-41,9,120,-123,19,-50,70,-151,139,96,242,113,-48,44,98,-17,-21,-31,168,-44,82,87,1,9,45,25,256,-34,203,45,-20,64,-35,32,-62,-3,-74,28,128,263,164,190,-1,85,50,88,175,69,182,-58,293,-1,117,154,14,45,52,53,95,19,-203,122,143,109,206,-92,70,-74,-32,155,-60,110,50,93,86,66,-118,-24,1,130,68,-141,65,43,27,-63,-51,123,64,43,151,-66,-27,73,196,121,252,82,126,4,-24,194,-120,91,114,246,115,-128,116,143,42,108,84,109,96,138
157,57,55,123,97,41,42,124,-52,-97,55,-95,21,-8,214,154,-10,151,93,-107,-11,15,234,3,43,-9,-16,158,98,108,5,143,104,-13,-149,128,157,-42,-14,-24,-73,22,68,151,24,160,-135,11,-42,192,20,110,26,-157,56,40,-149,-4,-53,-36,78,135,99,-106,-20,37,153,48,2,65,-62,158,68,-64,8,-34,231,-34,-123,60,2,-129,-64,-8,18,67,-208,35,26,-98,38,-3,87,44,0,164,111,49,180,5,52,-46,115,116,75,-156,7,21,37,-27,-1,216,27,146,143,-43,50,58,46,-41,137,-23,51,136,211,110,6,102,-30,-4,143,104,16,62,-10,22,15
103,-16,-82,142,135,136,-68,105,-166,57,45,-72,83,-57,-296,65,-5,29,36,-48,-108,-1,-79,-4,16,51,124,140,-27,20,-54,210,-33,110,-115,-74,46,-121,21,-124,-106,168,-22,107,91,-146,-12,87,-74,-58,19,-62,-74,1,157,79,-191,-6,-28,162,83,54,-28,-8,120,227,-243,30,48,-207,55,70,97,111,204,-86,61,21,-52,43,134,2,74,-42,-67,45,159,-45,-39,-89,-12,151,-105,88,65,-12,-68,49,-94,114,105,13,-139,-174,-81,-43,-25,126,52,94,46,84,21,37,133,138,-233,108,22,-16,120,-69,-71,215,127,-3,80,77,92,5,60,191,-26,87,90,98,101
-215,160,136,-66,-20,69,-109,7,116,204,-18,-93,16,-100,39,98,66,37,54,147,-75,-12,29,39,-36,-30,-25,47,-51,64,107,149,148,45,69,56,12,158,102,251,-222,132,-167,30,150,52,48,97,146,28,74,28,-87,47,-41,-19,8,65,74,44,31,169,0,-66,-85,157,127,-84,226,63,73,272,-39,90,124,-75,72,56,136,-17,152,104,54,52,-90,95,116,-6,75,33,50,182,-49,101,194,105,-7,60,-257,123,-18,41,-93,68,220,122,169,-150,138,41,147,-18,60,72,67,66,62,166,-76,-22,-8,47,-36,-182,171,179,135,71,-53,211,71,85,-18,70,191,-98,185
47,166,41,-9,84,101,180,139,275,-12,81,150,186,276,-67,-31,218,98,186,-11,209,107,-15,226,149,145,320,201,72,135,160,100,69,61,132,225,104,-83,136,107,177,194,-80,-27,-70,10,94,113,20,84,10,111,211,1,82,125,109,-28,93,126,3,-21,295,-113,142,218,146,-11,-79,-24,-81,237,108,104,179,67,58,94,85,121,99,106,199,29,100,216,33,-33,-187,46,135,152,-56,94,134,50,127,139,313,-49,-31,-11,26,148,127,-98,85,174,48,188,40,321,177,44,16,183,157,7,123,61,85,167,106,138,139,-110,283,-68,-24,197,172,-12,30,-76,274,171,147
44,-22,66,78,144,-79,152,131,110,133,-5,-21,-107,-68,-130,26,-4,-25,-93,-118,-136,-176,-80,71,137,-92,32,129,-39,-170,28,87,-85,17,47,-35,177,18,-178,-170,67,75,12,-2,-102,2,134,-111,37,109,50,118,176,33,23,69,29,154,47,-1,55,82,12,175,141,12,29,65,46,-141,137,-44,16,75,51,34,-23,209,68,-11,-76,-71,4,80,29,70,142,138,7,9,54,43,85,-32,30,126,11,-2,-66,-164,-27,130,46,53,40,87,57,106,156,83,195,-107,94,63,29,59,53,-13,-66,-24,6,38,106,-79,50,74,109,-58,-54,-40,-92,109,100,-24,-110,-88,131
135,-121,138,-84,143,1,13,21,-219,-91,148,96,15,-69,78,120,155,-40,69,-67,-71,-42,55,75,8,-16,-30,346,176,104,142,121,116,-10,39,-91,-111,-75,-69,4,-14,72,62,50,26,37,119,76,46,-120,-118,39,218,48,27,65,80,-22,-15,8,90,-31,-37,59,-108,14,129,84,35,24,-46,56,125,155,181,-25,-25,-66,57,-56,-78,-70,-109,-49,-55,55,88,68,8,-39,-69,-143,-39,112,337,153,-118,38,-43,-91,67,-57,196,-61,72,-118,38,1,-120,-38,-69,-90,26,-32,58,-158,-266,62,174,92,4,94,81,17,10,-86,49,138,0,-85,73,14,67,-87,102,-78,26
-4,168,90,-107,19,86,108,-99,164,87,-16,36,76,190,-117,-64,167,81,-1,88,175,227,56,18,155,-90,133,137,129,-229,222,117,31,103,272,-46,-7,-68,1,3,143,-43,0,-44,-73,-53,143,111,239,7,53,36,104,-93,-90,75,258,153,4,137,119,27,-117,91,15,312,74,103,33,121,109,35,48,208,76,43,26,109,190,56,19,118,109,-123,130,-13,230,-18,-122,231,19,-39,261,125,35,-74,224,11,-58,-90,84,137,-7,75,-6,144,39,-11,120,201,188,-59,160,123,21,54,117,19,26,-33,-47,226,155,68,40,-39,181,47,-194,2,-48,70,48,-78,10,160,123
28,-101,-165,55,48,-80,-17,27,-120,-21,117,140,66,-173,-89,187,164,142,31,-57,49,-92,-140,-29,97,-23,-90,-103,-52,7,-9,105,41,-11,-150,80,-51,13,-188,140,66,99,-25,36,56,-59,-176,108,15,149,-24,49,7,50,102,30,-118,23,-4,-135,87,126,-32,75,-62,148,89,159,71,-102,55,43,159,64,223,-16,55,-29,29,26,86,-30,56,250,75,89,-4,57,3,-62,98,-5,105,279,5,39,-50,11,-39,76,179,-28,124,-117,-87,31,23,-20,-62,-1,170,-15,174,79,-6,-113,56,-46,76,222,25,-141,-79,-105,-27,2,21,146,-126,10,28,22,-17,-10,9,-67,-6
19,23,84,-53,53,69,-69,-117,-28,93,79,67,121,-1,5,181,152,-28,49,41,14,24,35,27,-176,13,291,28,-44,102,45,-20,-83,59,56,100,-113,15,34,-118,91,-149,95,-19,-5,150,-77,58,72,9,156,-44,105,-174,5,93,-1,51,-125,104,123,122,60,150,-66,140,41,44,29,-38,-92,99,-81,230,50,63,-9,62,173,250,156,51,-25,-211,42,70,-118,36,46,-64,47,-212,110,59,-55,8,-184,4,223,-16,-200,37,-80,-125,36,-46,178,-143,-46,231,185,52,116,35,-27,10,-8,88,2,-7,65,23,96,215,-107,239,182,192,-93,162,49,-39,78,-22,148,-58,-22
142,-68,-15,35,285,95,-138,62,-166,16,-63,-24,-96,69,97,109,-45,42,-33,-142,89,139,217,32,-42,-18,84,100,6,-64,40,-96,9,115,130,152,40,19,136,-16,81,-70,95,-61,108,129,144,30,-43,118,84,-28,184,85,-82,224,44,-15,155,75,183,-24,143,-88,14,-38,-77,-82,-16,22,-4,0,243,70,-15,37,16,72,51,86,-80,184,19,-64,40,175,136,163,-47,203,23,-81,59,192,-27,59,-28,50,146,-78,-74,13,-31,172,-55,43,-9,-138,23,61,194,-24,6,2,6,33,69,162,-35,174,181,63,215,122,-30,-75,85,5,-46,-23,58,-187,47,-80,-27,-50,201
177,-120,-26,-104,26,118,164,125,12,92,98,90,27,259,118,-41,31,104,-48,-87,77,83,138,-5,-45,81,166,21,59,-50,168,96,29,122,47,97,-163,94,71,-125,177,43,-27,-38,102,202,163,200,43,87,171,-3,116,-37,191,56,87,-59,174,69,137,36,30,120,41,-11,151,89,-36,31,-150,2,-108,196,36,78,121,29,117,201,-129,101,174,-99,277,289,130,179,-64,73,11,-46,5,170,92,59,51,97,59,125,-89,-118,42,236,84,157,39,104,163,12,54,-99,42,-49,-31,23,62,-80,126,152,144,141,179,12,-113,29,251,13,-48,157,89,-191,32,148,191,-130,6
149,44,26,-143,77,24,42,95,-130,85,105,13,-42,87,139,68,-31,82,85,-49,115,120,65,-33,-77,16,-46,145,76,-105,7,-39,130,153,-23,184,40,119,0,-19,-26,13,173,-28,32,70,123,-19,83,9,-127,-31,-65,-96,-158,-4,-83,10,112,-50,45,-4,65,-98,1,13,24,48,101,131,126,178,273,103,85,193,-182,-92,13,65,-32,-8,-138,-1,-27,34,85,-134,121,52,-60,83,64,233,185,-49,185,160,42,-13,136,68,-64,113,88,76,-46,-86,105,106,-47,-81,-65,-86,69,232,43,57,-15,76,-37,154,-32,84,149,-188,-62,35,-11,-54,19,-40,14,16,18,5,244
78,186,-65,30,118,35,-5,-148,72,44,122,29,-34,52,47,86,81,35,92,-58,33,187,302,-44,11,-47,135,112,158,-90,67,199,95,-2,116,135,-215,123,151,86,89,87,74,-14,-51,-109,69,29,-1,152,185,-175,-50,87,-117,-70,50,233,84,46,75,177,95,197,184,187,-6,129,-117,-17,114,159,-14,164,60,258,-40,220,-12,61,106,-62,85,-68,36,104,-192,200,135,178,97,-46,115,56,117,-7,45,79,-121,215,22,33,18,226,216,86,108,-111,119,100,186,-19,11,-31,-59,55,-149,168,-138,120,-71,109,340,49,54,120,302,111,101,21,114,-190,167,-40,75,109,129
-173,-104,-103,-114,-6,-13,-28,13,-35,65,-98,-56,-17,-97,65,92,-93,-41,69,61,-50,-41,110,170,-41,-83,-95,-54,100,48,35,79,-23,120,-130,161,2,62,2,-80,171,91,141,86,91,95,272,123,38,165,6,161,127,-26,17,29,59,57,-42,70,106,112,215,193,31,-84,-129,103,12,-22,-2,-28,1,224,152,76,99,308,115,89,-71,-24,149,166,56,84,-16,124,51,111,22,-22,-14,164,-11,-93,-7,-22,140,-121,231,-46,-144,144,117,-251,-115,0,-34,-124,194,76,-10,-49,175,224,35,-69,63,-33,209,36,272,52,36,-91,31,96,91,10,-26,89,-63,-4,151,-8,37
-114,111,137,-18,9,224,133,107,-27,122,96,44,-68,114,-266,29,-53,-3,68,37,-52,18,-170,20,225,6,48,101,131,-11,152,121,163,85,38,189,-116,-21,137,-108,140,-67,21,95,57,31,101,150,199,215,36,-54,-78,29,-108,3,-38,83,107,270,154,204,109,54,127,307,49,-27,-17,-121,86,177,42,75,95,59,-41,119,201,-157,-6,78,129,87,4,12,213,12,-5,54,-53,159,3,100,31,-40,30,31,-63,258,-59,-36,-33,228,63,-4,153,-77,70,169,-55,8,71,10,33,218,72,75,-12,153,-116,154,36,167,202,-91,148,1,-85,20,12,-50,10,27,85,222,161
129,169,-47,-26,118,126,125,-81,-180,13,18,-9,-54,45,-43,-114,215,-69,37,29,165,119,70,-60,30,-92,186,-7,-32,-19,109,133,127,-17,69,-37,171,-88,125,-140,12,-70,-171,-71,25,-2,8,66,-4,149,-241,-7,222,-39,19,82,-107,81,-133,142,200,-62,-98,-84,153,31,39,-102,146,70,88,72,167,5,6,144,47,13,111,-65,-48,167,212,-129,-9,-12,53,-117,-39,-64,-85,31,122,56,-11,32,132,6,-66,146,-125,-66,114,32,20,-73,96,30,-50,70,-12,-52,1,111,-77,-33,-209,32,179,150,-77,113,48,123,110,-17,-57,148,-145,25,-49,-39,-159,74,-78,253,187
-141,-52,57,0,-68,16,50,-36,143,15,140,67,115,232,-89,173,82,84,-21,41,-47,22,-54,-12,-56,-50,12,163,18,-131,138,-22,43,6,45,85,171,108,-37,47,93,77,71,106,43,-62,117,94,148,56,127,29,-7,-54,-4,-22,65,29,-42,6,107,65,128,187,45,103,113,-66,10,-19,25,94,81,37,53,77,51,92,131,-45,49,123,132,156,88,48,87,62,-37,80,-81,21,100,138,7,3,24,151,-52,-99,55,-23,-30,141,68,1,33,51,54,50,-73,-47,142,-77,49,100,95,68,-8,-155,79,228,154,80,70,-128,56,15,-12,50,63,2,93,105,101,-22,92
142,-62,-32,-41,-117,-94,23,-25,-130,260,51,84,-66,100,-115,149,2,77,-12,-187,49,-18,-22,196,65,-140,137,-111,67,-2,48,83,110,-55,-20,-27,-61,56,122,-59,239,-119,109,22,-20,200,178,26,215,111,1,133,59,-71,-94,48,109,38,61,-1,163,60,-77,-125,-83,167,-156,8,-12,136,-51,-16,93,-63,-64,-22,-2,21,155,109,-36,-124,-127,34,140,-142,109,116,-145,110,-50,52,130,-61,32,-109,-10,-8,197,31,145,-87,250,39,61,2,-60,-128,26,0,127,-240,38,-56,-90,105,115,-72,167,146,88,120,-20,-152,-70,29,62,-9,94,130,227,30,109,-36,-156,-20,169
-105,53,-10,-48,131,233,31,120,-193,-72,-131,-5,-83,33,79,-8,75,-21,84,50,121,-103,201,-185,144,82,37,93,239,-5,-23,134,1,-12,-38,14,269,147,93,-77,43,-74,-68,209,31,19,47,-35,-94,73,-10,-54,61,90,151,-46,-58,31,108,16,-118,74,-16,-162,73,-26,-232,-100,-35,-77,23,29,18,-36,-68,36,17,0,100,-111,18,101,-19,-87,-98,167,11,37,42,-202,234,98,43,109,19,-37,-28,107,67,-21,-67,-159,117,-39,-60,-37,87,-34,61,108,-57,37,56,-17,-206,-130,-96,8,63,101,53,-18,-157,187,169,-79,22,-13,-32,174,87,-32,-103,-15,-34,121,166
24,162,187,36,109,123,10,-60,15,-210,-194,-24,-38,70,-50,-168,252,74,-13,-90,128,33,69,-40,112,-79,170,-166,194,-65,27,209,-3,-38,-144,41,161,-75,242,-28,101,335,-99,10,59,-25,-63,74,234,326,94,-90,57,-76,-7,111,-78,33,247,75,77,77,65,22,-19,50,36,153,187,-43,12,158,-66,33,-40,138,114,176,153,12,155,-33,242,-159,-10,234,-19,62,-27,-46,264,-144,24,15,39,-44,106,-68,-21,249,-193,37,62,236,28,25,168,58,-113,-39,-9,160,84,52,-201,69,35,75,26,121,-158,9,-20,88,101,84,185,26,-139,34,24,-40,-59,15,282,161,318
153,-88,-198,-182,54,-140,-1,-2,93,184,158,128,35,150,-9,192,36,83,-44,-84,-15,172,49,-6,-32,133,84,278,-7,-89,167,93,122,123,153,281,-69,-30,-2,-64,70,-63,97,-103,-134,11,-10,48,145,98,-1,-17,-15,49,77,21,199,31,61,-90,-41,86,142,148,-98,24,-13,60,-79,159,-78,97,181,-79,114,131,-179,10,-37,-21,141,-37,-4,-22,35,163,250,171,-6,-54,80,-102,96,-51,-13,110,-27,90,-68,-110,190,-69,-34,-37,35,85,138,46,61,14,-57,-214,-24,-137,-60,163,37,117,72,-92,155,61,154,-108,-13,69,69,100,120,65,272,-60,86,96,73,-103,176
16,77,-145,-12,182,18,140,183,197,101,101,90,-31,134,-43,-128,39,126,174,-66,138,-36,-31,-105,31,203,59,-156,-114,-3,11,-73,-27,44,198,-68,12,6,13,13,118,112,-14,-88,-99,-60,80,74,123,84,-21,-37,166,41,107,5,51,-30,154,144,-43,-51,82,112,174,105,-97,-45,51,41,354,-66,169,-171,12,199,82,-158,281,-19,-8,136,92,-72,5,11,2,-90,-311,139,-14,207,183,-14,15,-101,83,-34,2,-95,116,111,-9,30,-69,60,-33,-54,41,66,133,-44,107,66,-65,-133,35,102,-68,121,36,188,-12,-63,-14,16,26,-19,104,-103,131,-98,-155,96,-72,67,120
-114,68,-42,-68,-75,-98,33,85,39,-229,41,19,62,-15,87,57,-212,1,29,-45,14,-79,-4,-53,-22,52,-19,-25,4,169,158,-12,21,-42,131,25,47,58,-66,151,191,185,-61,82,-19,42,-209,3,20,169,178,95,35,69,230,177,19,-14,166,95,55,134,76,191,125,22,143,-28,0,4,168,40,39,1,93,56,145,179,-116,-40,-49,47,90,53,-108,-75,61,108,-55,-53,38,228,-46,298,-81,-50,-49,-56,15,-191,-21,-184,173,218,-69,-55,210,32,84,54,10,-86,-87,22,0,87,-47,-94,-40,-37,-63,-71,131,139,-1,-135,31,-117,87,-160,-78,-49,-48,33,-49,-22,-142
152,35,120,9,133,-84,-103,76,-87,36,-110,-86,6,243,-30,-68,45,132,-27,-57,25,91,121,27,32,78,-95,-94,48,118,34,291,-94,63,-102,228,-125,-11,2,-141,139,185,-184,-10,56,46,2,163,84,39,103,24,-8,32,-138,187,67,247,246,116,86,-21,5,151,58,-67,-122,151,-66,-19,215,-98,-14,151,81,97,-41,-12,177,102,217,26,88,-236,-6,245,-43,245,34,-73,-17,34,-34,144,72,156,21,-74,43,27,-131,-236,-130,-107,83,142,121,134,-27,156,124,0,170,63,190,-13,80,31,37,19,104,5,-61,166,53,233,29,65,-124,-181,152,20,-12,96,227,-226,196
155,105,-43,48,105,240,200,-61,125,109,38,47,-7,4,45,44,101,-94,104,-28,275,-51,-8,61,72,-87,16,23,99,-8,-82,-16,69,61,94,109,10,-77,-78,27,53,-156,2,17,24,-45,-13,88,-77,-103,-38,-72,26,129,-120,-4,-80,71,-44,-109,91,-88,-87,14,91,165,164,53,40,65,170,159,153,205,71,201,-37,47,4,78,15,53,-34,21,-46,42,-91,-180,164,135,40,24,87,89,64,-156,2,103,65,271,-120,-153,-129,127,-31,-55,66,140,7,251,305,154,14,-48,-9,-149,-190,76,-65,174,-123,129,-106,147,141,-165,73,-56,-102,-5,-171,5,161,45,-79,182,11
26,63,-27,-1,52,13,175,-94,203,195,163,364,-138,-14,2,175,184,92,-25,-57,111,16,27,252,194,-69,160,111,277,14,291,-26,97,-22,77,34,174,-95,35,46,81,-146,21,31,-48,34,-10,63,158,269,58,200,57,-116,-60,41,234,-29,-22,-52,28,86,127,139,21,178,98,-23,54,255,44,-8,-62,5,-69,119,-13,159,25,-24,107,-136,102,-93,64,-86,82,47,-156,81,167,-28,210,23,97,-89,127,44,87,-51,116,42,120,144,43,-184,26,-58,114,-68,80,19,80,0,-20,-5,-15,78,73,56,-86,189,117,-12,47,44,81,114,5,79,150,-67,55,-115,-111,129,41
-80,-103,-33,-112,5,-62,154,99,119,33,161,52,-25,-60,-70,122,189,240,-67,-118,-21,104,15,10,43,-96,-49,28,-85,186,-99,132,57,-32,49,109,169,-48,-158,129,82,-112,-107,-25,80,27,104,221,192,-1,38,158,-66,-77,93,67,6,56,-60,-195,95,39,4,46,-106,260,188,-44,-44,5,2,51,-40,-2,80,74,-6,76,13,122,53,38,101,91,-54,146,108,-159,16,-19,108,171,38,13,111,-175,143,-85,91,68,83,43,69,-115,91,-14,83,55,-40,-15,19,165,152,43,-2,-17,-80,111,85,30,-72,12,43,-165,39,-36,122,43,90,174,105,105,-51,-50,31,67,41
-84,71,163,1,91,144,-11,198,162,108,19,-35,55,42,13,-55,167,116,18,-22,125,-52,49,168,-144,111,103,120,174,-42,126,136,50,48,141,22,204,141,15,-27,199,38,-203,137,95,106,274,274,40,-24,123,80,104,-40,31,138,214,187,52,192,244,136,347,-79,0,78,-121,-170,84,143,183,70,0,209,-134,82,212,141,0,36,47,170,246,29,-6,152,8,210,-103,85,78,-48,190,50,184,33,25,-11,214,-81,47,-107,-64,196,91,-75,-27,204,127,110,35,87,75,70,1,5,-97,86,70,98,133,132,177,7,135,24,89,108,-114,161,127,7,-202,53,-63,-85,101
-102,158,122,-95,7,59,-181,35,174,-106,-1,-118,27,83,60,-120,36,-34,4,9,36,140,76,12,64,-126,53,-67,98,127,-21,71,183,93,237,90,81,50,175,78,287,-11,25,101,131,-2,74,55,102,50,81,253,60,85,220,176,291,98,76,39,167,128,34,155,59,-47,283,148,91,131,216,-46,35,80,77,129,91,229,-43,21,-32,-5,69,-93,-70,39,101,79,16,85,-63,-168,-25,129,94,-78,68,0,91,-22,146,-24,83,157,90,50,72,78,-98,37,-29,134,-38,2,49,10,73,23,-75,-40,-130,25,152,206,52,-135,128,105,9,-9,-91,-52,79,-73,-95,15,-41
123,2,27,184,148,-11,84,53,-15,217,9,82,62,6,-62,136,129,88,247,-89,58,105,-6,92,24,46,43,16,201,21,233,139,224,31,-51,204,79,79,53,-48,65,-60,-158,167,53,-76,157,162,80,133,30,-12,267,48,61,44,47,164,81,20,38,-62,178,160,38,-47,101,157,92,-107,-75,179,178,91,139,-16,109,3,87,70,-139,85,-107,25,107,166,149,-30,-41,5,262,142,125,18,83,17,17,26,29,-17,-45,9,-27,55,-11,42,19,91,30,11,162,-75,119,89,-108,-102,-83,-9,193,15,96,-5,19,-12,111,-23,34,31,33,132,-143,-24,175,-103,67,54,147
-88,103,48,-101,100,-53,-246,41,-35,106,-19,-19,-41,83,-81,-136,-104,-22,180,8,-64,78,97,-42,-28,-56,-95,-58,5,56,-21,156,-20,130,0,129,-12,191,-30,77,59,74,-1,-3,-132,127,123,73,31,-88,23,-53,-87,164,64,88,35,187,84,-84,156,23,-41,28,-16,57,-115,91,-163,-76,59,-105,213,116,15,28,-54,146,64,166,-84,52,48,-158,88,58,75,73,113,95,-81,-111,19,150,2,-190,5,113,65,99,83,-40,-128,34,45,129,89,-25,106,-59,151,-9,13,124,-9,7,19,0,23,125,122,-51,7,88,-95,-9,30,23,-61,-156,74,23,-244,196,138,-44,69
-27,-97,165,-140,174,-57,-222,-128,63,68,-14,-62,-8,117,-46,-38,-93,-36,118,-87,-32,18,105,-32,91,47,-36,-182,79,46,-7,-27,-12,117,115,68,-250,-28,103,69,-22,139,110,-2,-143,128,-69,-1,49,-163,36,-15,67,205,31,-89,58,-175,7,-132,6,-125,-25,270,41,-51,77,238,40,-50,11,-30,-6,105,-29,-32,-130,-109,6,77,96,-38,-164,-130,-110,278,52,93,-48,50,-159,-83,78,49,101,-114,-19,18,145,-69,-110,54,64,-89,-19,-23,-7,87,-60,-106,40,-124,94,-177,166,63,-48,-77,-29,86,106,-101,75,102,-203,133,72,-56,82,-41,-126,-49,209,-1,-106,37,-6
-48,130,-91,-177,42,66,96,15,148,38,84,136,240,164,92,195,45,56,-21,45,173,48,8,24,58,77,189,24,71,57,63,-114,18,-3,121,74,111,-99,-23,-106,-88,-3,21,142,-34,120,138,153,-41,-209,-25,40,15,-260,36,-88,30,-64,-92,27,-17,50,25,61,-136,139,-25,-55,-21,213,-3,103,33,104,-71,33,146,-46,-38,70,187,70,95,-104,-104,-145,-63,-164,-98,-76,-129,89,136,-176,3,41,14,-9,-39,103,195,25,-3,89,-9,-131,-98,-28,183,-40,59,42,88,99,167,75,-10,77,28,-2,-168,218,-103,17,67,134,179,-66,80,171,92,104,12,-90,26,38,18
-113,32,57,4,111,-88,35,31,132,133,97,-42,12,158,149,-75,129,45,178,156,49,102,120,70,-158,83,168,42,106,42,56,-44,-92,60,62,97,62,-41,-185,-68,-155,-5,12,7,163,-45,13,-96,180,-34,-37,4,77,-167,212,164,188,8,1,99,-114,37,-102,258,205,10,-5,42,-45,-23,-17,83,-41,91,-18,219,63,48,118,190,139,80,88,-253,-20,43,-41,-119,23,53,61,-59,67,102,34,-57,36,69,101,-183,36,37,80,25,297,-27,44,117,28,15,19,-64,142,48,-171,41,-234,-81,-109,-113,26,169,346,113,-219,67,78,186,152,-16,94,-33,90,-17,116,91,-36
92,-86,-81,40,82,-19,125,15,43,-235,73,193,45,-22,187,-39,10,67,-77,-75,280,47,97,86,-60,49,-6,-84,88,22,-20,40,4,-86,-195,237,85,-48,-55,3,-66,-31,-19,50,32,221,73,-84,199,38,21,69,173,-41,153,-16,-13,34,-37,37,-70,58,174,-9,17,-98,-11,-20,69,35,16,-55,-29,174,6,63,-18,57,29,179,-108,109,100,107,-112,-30,-107,-58,85,23,248,-39,69,152,120,-167,14,-16,114,21,-173,41,1,34,156,88,12,-34,-29,-26,-36,57,22,-157,156,-121,-68,-42,25,149,-121,-168,137,176,-46,4,134,98,-61,-8,71,-166,-131,190,-73,142,34
62,-127,74,16,24,103,-87,-2,18,53,118,152,-34,29,0,86,33,89,133,55,18,108,44,13,26,96,104,166,20,27,187,21,7,-57,34,-83,41,-23,-124,1,6,-90,137,-26,-9,-81,36,124,28,19,121,127,97,148,-98,-23,50,48,12,34,114,29,40,-49,-30,142,-68,-56,-44,40,-15,-95,31,186,-76,-29,38,14,-101,95,-113,-13,34,-49,38,78,95,124,-69,101,227,-43,-22,71,62,-129,-51,49,107,-28,59,30,38,43,-118,-51,4,-8,112,92,18,-10,-21,-88,13,-67,-200,-42,12,69,-56,19,303,9,54,-70,107,-55,81,-95,225,-28,3,-43,-23,99,59
-25,22,131,-93,50,-35,107,-44,208,70,15,-47,13,-25,-45,-35,223,103,69,197,130,153,119,137,92,32,62,148,-48,133,256,108,111,29,159,66,34,-28,-22,-104,81,-179,12,-61,3,52,43,217,36,33,-32,74,144,28,-135,28,216,63,-55,60,-30,-183,-39,97,123,181,28,53,-94,104,-28,197,70,158,166,-73,11,-55,197,153,-107,41,47,-108,81,25,3,-146,-91,-57,19,44,-18,79,76,-47,60,59,58,-16,-18,32,41,71,85,-158,188,23,90,193,-5,62,114,108,73,-79,-83,82,179,-16,156,227,177,-17,12,29,99,31,-48,157,23,-8,33,-3,5,-51,56
144,102,-66,146,28,191,-110,19,-188,14,43,-9,82,140,190,30,-109,25,89,50,4,82,50,-136,-109,133,79,140,84,69,-25,-84,-20,32,100,-59,59,62,80,-86,-46,-96,56,78,80,-112,106,-47,-143,-167,-43,-191,80,-2,-21,-52,-45,137,-52,174,-45,87,-148,-8,-41,-3,15,53,35,-32,133,-12,66,-34,31,-30,-7,23,-39,-36,-118,-30,104,-26,77,-86,15,-73,41,-90,-48,-58,7,-98,-32,271,-114,80,172,-115,-43,10,-92,31,-25,29,-148,-57,98,107,169,-92,-6,82,71,60,151,-1,122,-53,-16,-2,-54,-82,-33,95,-71,34,-105,-46,-65,-33,41,-30,-155,-16,191
163,-136,-277,-90,40,135,95,-71,2,108,-12,67,37,194,26,138,77,29,100,-188,101,111,-75,21,-16,37,128,-29,74,39,198,-51,80,85,236,33,-4,-100,-26,1,68,29,136,-20,122,99,45,187,130,175,-180,137,79,111,-14,23,65,44,125,50,230,-169,63,-3,6,55,194,-99,40,99,138,112,272,147,115,-34,-9,-77,84,80,276,-18,277,47,11,-65,111,68,-49,105,148,60,-24,221,189,192,219,24,98,13,5,-27,153,188,-24,3,-87,-113,-20,87,120,-41,28,-12,123,65,-23,-32,168,136,102,-13,217,70,149,-6,156,93,21,37,152,177,0,43,1,212,215
-36,-6,126,37,142,174,88,106,62,5,147,28,54,83,146,11,-12,-30,246,177,97,54,141,59,-47,-50,9,34,87,108,214,172,-23,52,91,21,96,57,27,47,-3,165,215,-34,136,-25,45,158,99,4,177,-104,45,163,223,146,112,66,104,79,133,-30,-147,31,203,203,39,237,70,189,63,40,163,53,233,-76,47,17,22,167,-83,172,116,13,117,190,145,4,34,56,233,86,-129,172,167,163,86,54,-73,50,38,54,157,160,108,100,-7,65,75,70,78,135,46,47,-45,-10,30,-79,4,133,-37,2,68,-5,44,-72,348,46,23,-2,148,180,49,-55,35,73,-69
44,126,-92,39,6,-9,2,-21,81,-12,5,86,8,54,64,30,263,29,181,-69,142,70,115,97,272,120,234,347,36,195,261,23,57,152,-120,113,69,111,-10,-43,-74,42,15,-83,175,43,27,38,156,-71,-66,34,128,23,-19,147,23,-16,22,79,57,139,-29,-16,-106,262,78,-153,199,51,9,128,-43,137,-31,31,113,78,41,-54,144,-21,94,-58,52,-52,-58,8,84,-97,245,135,41,-9,7,44,66,61,30,-130,129,-41,15,88,109,-111,144,96,157,-208,181,143,150,57,-17,133,-106,186,20,42,217,116,226,-43,133,0,-6,-11,-52,87,178,60,67,-23,-71,157,227
-2,45,14,194,17,39,11,96,69,-22,91,-158,-36,-110,54,-38,71,-29,12,37,-70,160,-19,-167,-63,74,-39,-162,-7,46,-10,184,-104,67,76,-79,-95,35,199,73,139,103,44,58,3,108,10,225,8,103,61,-34,17,-62,242,18,104,17,13,188,28,129,46,196,246,126,-31,54,-184,-90,77,36,115,-1,81,75,82,-134,201,108,-8,98,109,-1,74,57,36,-75,-195,199,23,-16,18,95,-91,21,-141,117,112,-40,-31,136,-30,-66,14,74,-96,105,-75,214,-74,32,-130,19,-54,-22,-82,114,19,153,-34,95,190,89,-130,-36,-15,-7,-50,-18,222,40,-145,47,81,73,214
131,178,-73,114,-26,26,121,48,-21,-31,63,16,-84,-69,-42,115,218,159,-17,29,259,180,-49,125,75,145,28,155,102,18,34,215,39,122,-129,122,20,-89,-41,-187,-64,9,-117,100,-72,-116,95,-45,128,135,126,-102,382,210,-64,106,-137,125,189,183,11,-172,83,-34,100,-124,-29,-200,70,-27,-28,191,72,-106,-98,-94,-98,9,45,-27,-41,67,129,13,-29,17,78,44,-101,-2,116,49,193,-75,33,96,79,-20,18,-30,-115,-1,48,27,-24,29,110,32,61,-154,78,-22,268,31,-7,-247,72,210,162,26,140,126,0,82,248,-164,77,-16,9,7,117,-43,79,-93,102,117,105
86,96,50,-17,3,47,54,-27,112,50,42,-58,36,106,-15,119,140,35,98,91,120,163,87,-40,153,8,52,-49,-27,-115,-30,34,65,59,141,114,-46,-26,66,-14,108,-65,-7,10,62,-29,-5,-21,-32,145,-115,69,-49,11,-63,-176,98,62,1,-178,8,-13,-246,-82,188,-70,-47,16,-66,-172,2,82,196,46,53,54,-42,44,-65,-23,-49,236,-18,47,-40,79,76,-6,-99,161,-140,101,81,80,81,23,284,47,-83,108,42,-30,140,265,-106,-41,-12,156,195,-25,-69,35,60,37,-43,-10,-52,-226,204,3,53,107,8,8,64,27,42,22,-8,147,-73,-5,-99,59,-162,83,48
85,76,206,95,290,35,189,5,81,-22,239,-34,-189,27,-191,-23,177,-97,66,-58,5,126,38,47,129,60,118,-89,-19,6,154,-37,36,105,73,150,90,63,141,-98,-69,155,-14,34,59,-21,-33,129,-28,278,96,-67,-100,126,-116,48,-31,138,239,132,70,-62,246,170,36,75,49,39,111,-94,41,125,167,143,8,126,73,81,88,19,54,10,251,-110,56,168,102,41,-124,181,117,87,44,45,218,-44,5,2,-181,151,-222,24,-23,152,-66,81,71,7,109,-84,-15,208,-53,118,3,216,-223,78,-122,247,-122,140,203,160,98,6,213,-112,-14,17,-57,-138,-4,-106,298,132,123
-158,68,81,-78,116,-82,243,-147,15,105,72,-100,-55,74,-52,173,82,-104,-38,-241,-75,-6,89,146,199,-5,162,10,62,-61,-7,139,132,153,71,157,204,-110,133,58,206,-201,-1,-15,-96,3,59,88,-48,170,-102,145,67,-53,-76,80,47,120,-144,-227,49,155,108,225,-139,121,87,-14,-91,79,67,-19,152,192,-104,235,-35,156,-26,-39,68,-51,-160,-120,-134,-11,197,104,71,-14,11,8,117,106,-34,-142,95,-251,-29,88,138,-4,-18,75,-18,-96,123,-11,-32,-4,148,104,29,85,-9,6,-10,39,53,117,-18,140,-1,126,106,-69,103,-2,-11,150,-14,49,73,-161,-87,81,88
71,1,2,-12,83,-123,220,250,32,-20,69,-3,-79,-68,-5,-217,-45,92,180,-87,152,18,-1,-59,131,123,-37,-5,6,153,61,58,1,169,212,39,-157,6,67,252,26,134,-191,92,52,103,-26,65,-15,-43,60,-120,-70,29,222,12,133,-13,18,-3,-8,-59,26,-69,-4,-25,43,83,3,125,60,153,34,38,167,-45,96,-33,155,-46,37,29,-72,-71,51,-10,-176,-183,-60,-127,-93,233,121,32,36,-20,95,4,82,16,-12,-30,-113,-58,90,-63,-100,-40,102,-139,42,114,94,71,96,176,-49,52,-100,124,79,-122,-101,21,16,-103,31,62,19,-22,-50,14,-45,-54,16,101,-81
101,43,-113,-55,16,65,66,-44,85,145,54,3,65,-44,96,107,74,148,84,-42,-38,-25,7,-91,76,5,36,109,-74,108,-166,91,138,-32,45,100,141,-111,-56,-92,-84,-155,50,-164,32,10,76,257,72,201,-88,-122,89,43,-9,-110,-116,158,-14,55,111,21,-73,28,-99,85,102,-214,85,131,16,54,152,-31,216,-2,-28,53,157,-31,-97,-13,24,-7,-36,-123,-253,-12,23,-127,180,2,211,74,-66,61,208,-205,-65,17,138,149,-6,31,96,72,6,-281,-55,123,139,-103,-132,121,218,-143,184,106,118,29,109,92,20,-245,85,80,-116,70,-26,-105,60,-21,-57,5,-86,177,50
-88,36,56,-28,113,51,15,34,102,80,202,93,108,11,92,-50,9,-198,83,40,-4,-34,72,97,-16,-32,-81,-15,218,144,137,72,99,45,142,175,-22,125,66,33,132,86,-5,76,-143,80,73,221,128,-55,-86,-70,59,-92,35,-127,57,-7,-71,-53,245,82,196,249,-30,127,159,38,9,143,11,125,7,182,279,-119,-63,90,-31,74,-147,-139,100,130,-43,-121,-76,247,74,240,-24,-130,28,2,31,-122,25,92,-4,-169,165,-59,-152,164,36,-120,34,-46,105,48,151,37,-32,19,91,-37,89,0,-31,139,27,124,77,42,56,187,39,88,59,44,-95,-54,-17,22,-23,-73,170
12,-16,162,-6,133,-37,28,19,40,184,2,166,62,-9,-48,13,64,93,98,58,66,73,-144,120,17,91,93,17,39,81,198,161,48,104,105,116,-11,-106,-128,85,2,89,-161,-20,-21,23,30,128,72,-9,105,-7,87,13,89,92,51,103,132,-85,144,18,18,-70,21,118,174,148,1,-1,31,192,215,147,178,25,7,-93,50,194,97,75,-64,-69,37,102,113,-111,34,-91,-33,20,-16,192,64,15,119,-37,-90,-118,79,-36,50,91,144,120,160,113,-64,139,36,16,59,115,17,-65,127,-68,48,-51,80,-19,13,-46,110,21,-10,9,40,-34,87,196,-27,15,123,-38,61
-19,43,231,42,94,-32,-14,-50,92,-33,251,79,-78,99,-7,-75,119,154,-21,-15,95,49,-99,-52,62,-104,10,-22,-169,22,57,6,48,-13,-36,24,37,22,-75,-82,57,32,79,48,-64,98,32,96,86,-74,71,61,-75,-71,-53,32,-53,157,-82,14,40,15,70,15,-186,45,72,2,47,147,72,38,7,315,-11,147,-95,-17,-42,106,148,-108,41,121,-6,86,9,-17,67,184,-110,-34,-126,112,219,33,-74,26,-91,30,36,128,17,-3,-33,53,75,144,-75,195,10,-44,-1,71,54,-23,-6,-91,14,17,-218,54,200,157,134,123,27,-72,-75,-53,33,126,-11,129,98,101,-72
65,36,20,69,-34,49,-25,170,163,89,82,5,159,220,-11,233,-54,-78,12,8,-75,-9,-3,142,-115,-150,-44,188,30,23,104,59,279,12,218,255,-17,109,71,315,-167,-124,92,-116,-112,20,-44,-39,116,-16,-59,243,-41,113,78,-70,167,14,125,87,-53,136,79,28,-63,118,216,113,199,53,-1,67,194,96,109,167,-27,53,96,3,-10,44,-109,289,-22,75,186,-133,132,63,190,81,-49,95,162,187,83,14,54,-45,23,-77,-63,165,137,-2,-9,99,-33,102,-79,165,-50,-110,-85,149,43,127,116,-56,47,225,26,-21,36,-159,8,164,138,26,273,-27,143,75,-16,-47,108
-44,16,25,-177,172,6,14,-6,255,-35,108,33,28,56,21,-48,-43,-117,104,-52,20,0,83,-76,2,-51,-48,66,15,184,159,98,17,1,194,91,35,175,-97,179,9,-12,279,-19,-2,74,91,61,0,57,105,-30,-6,204,294,175,129,64,149,-96,47,-28,54,103,-1,80,50,-21,21,159,81,81,223,116,126,-89,-75,137,-79,-26,-3,113,113,88,101,-28,-17,135,33,10,221,-58,-38,120,71,-32,12,63,72,-49,18,-25,74,30,-17,23,93,-136,138,-26,-46,104,16,32,-57,-21,-40,-14,-134,80,82,-19,183,103,68,-85,319,-12,-56,-24,41,46,-111,-136,9,-11,-61
156,-79,65,-10,-178,62,96,57,-48,-75,-73,-66,-45,78,105,-67,28,125,-101,-65,-36,183,106,43,-20,-9,131,35,69,14,144,-60,49,-26,86,-17,-72,16,7,-13,-45,94,189,83,73,-233,-60,183,10,-106,-2,29,12,-92,-45,-32,69,-1,46,66,27,-11,11,125,-38,-54,-42,37,35,-24,-118,6,-246,62,57,-113,-60,63,-40,220,164,-57,-3,-45,-20,13,-47,-10,105,-111,-14,80,61,-4,127,41,-19,15,80,0,78,-27,1,-38,-3,-118,27,-81,87,-24,70,122,71,-9,136,222,-190,-101,-107,-56,-55,40,336,17,95,89,85,20,120,112,-6,-58,134,-52,131,56,153
120,-30,-71,40,-92,83,-215,-120,142,103,-9,-9,72,80,57,109,48,103,114,119,-29,298,113,-120,-106,-32,-125,-107,147,107,-79,60,137,180,126,207,5,-36,43,103,31,57,39,-40,22,-16,94,100,58,17,-110,41,8,44,5,46,136,105,-51,-170,90,-3,59,103,51,-99,158,92,-9,95,-72,134,95,104,294,32,-125,151,-75,196,114,-21,126,-64,-96,-18,-21,17,-23,5,100,-136,-45,113,25,64,79,43,127,-54,-51,-51,-9,30,36,30,-170,-20,-121,-35,52,-30,-3,-16,7,97,-46,53,108,42,-2,-92,-65,-49,-169,27,166,125,-53,-4,-11,87,-14,-43,71,61,-12
-19,-49,65,-121,80,151,111,0,18,-26,-37,-1,63,80,184,-2,-28,-19,-128,18,-63,-71,-13,68,-185,-2,24,13,-84,-19,55,39,-117,-160,-85,29,-106,-74,44,74,-69,77,-1,-120,-171,217,111,76,-74,-136,15,7,74,-53,49,-181,-19,5,152,-56,107,115,68,-115,-70,-60,-47,22,158,62,-146,-8,-18,166,21,101,204,-20,101,108,-75,-41,33,36,87,20,15,47,13,-23,154,-58,68,-11,-8,61,-41,-52,-177,-255,-14,64,42,62,-1,-75,-127,77,141,-73,61,-133,-75,31,222,241,12,-9,246,-21,-176,-9,91,-60,-35,93,80,-102,-152,9,135,-3,-57,274,134,-97,137
177,208,-143,147,43,137,192,-173,-24,217,199,113,30,133,-25,108,170,-38,25,-126,-32,114,33,145,-83,107,204,132,109,-223,0,80,212,82,-224,7,13,74,54,17,91,11,-228,176,-53,84,89,151,-80,181,29,-2,-50,-220,-115,-9,-76,201,134,-15,-147,113,165,-119,81,48,179,-88,-41,28,253,196,140,83,14,197,-67,47,51,15,112,-174,-21,92,112,-57,29,46,-136,129,124,56,217,81,-100,76,-77,179,117,22,119,-1,52,-154,18,-89,212,89,116,-8,64,147,-87,-48,186,42,-124,87,-33,224,-34,155,34,44,135,-54,249,-47,-158,88,39,12,117,-13,158,186,92
105,214,-5,66,-17,60,111,-41,335,-36,109,11,29,93,70,26,65,-63,121,26,106,117,149,-42,121,47,-90,-17,218,116,65,30,128,78,181,139,-90,-20,54,17,27,-40,100,47,45,41,5,151,86,33,10,-26,14,-38,0,3,144,102,89,-80,-97,13,158,82,240,-65,224,61,-83,98,212,330,-56,52,144,-46,-98,160,-90,165,152,-6,45,92,-51,84,-194,27,8,56,54,6,-65,-3,132,-118,15,56,89,37,-126,27,-14,232,116,-134,32,77,-49,-104,88,157,59,-27,114,2,-66,3,-111,121,32,53,120,233,77,32,335,14,14,231,32,-101,5,19,8,134,55
20,131,71,-38,-107,87,-46,49,98,46,155,-61,-84,12,11,11,-5,40,-107,-1,-39,126,0,-119,-16,70,11,47,107,208,18,165,-14,175,-71,-30,2,-198,52,50,239,3,17,78,-17,-84,-190,-3,-69,45,-26,-181,98,-140,51,-18,55,-106,-17,61,-24,75,42,35,25,183,142,181,-113,-19,-60,-10,-34,-38,198,-56,-156,-261,-70,43,17,-23,90,-95,103,17,69,112,-156,31,-73,39,179,-203,24,154,1,52,173,-43,39,71,-30,10,-76,-167,94,-17,12,135,-28,187,180,64,-37,94,203,132,131,-144,207,19,120,115,129,29,140,192,-90,107,166,93,33,4,141,-154,158
0,55,29,48,94,109,58,-131,18,32,135,60,119,37,-169,138,125,5,44,-78,95,25,-83,32,55,97,20,-39,61,-79,30,151,138,60,-24,234,-74,46,87,115,51,-93,-50,89,44,87,-3,111,54,159,40,47,-101,-2,-41,-34,28,4,148,62,25,50,157,-3,32,27,30,154,36,-99,247,202,44,188,80,101,-109,103,38,130,219,34,188,46,-64,233,188,145,58,83,43,23,3,84,85,47,80,64,-10,78,-139,-107,35,-102,-8,18,12,76,-78,86,56,145,46,71,111,136,63,24,60,72,-175,44,-70,206,34,69,241,100,-286,64,193,13,16,165,-59,43,81
58,200,43,52,108,145,-53,73,29,8,-8,-87,0,59,-41,130,-41,-69,146,67,93,-53,9,-156,-67,64,-24,127,79,-34,173,205,175,53,-36,-25,239,187,130,44,22,12,29,172,143,73,-72,29,-5,42,101,14,58,-8,55,-4,35,59,183,74,272,141,114,-31,160,-12,-34,99,200,241,80,235,74,63,-7,-89,152,139,76,-98,43,97,106,-50,58,57,123,72,-104,-67,169,69,99,21,72,14,-75,-5,-2,-56,-165,-3,-26,216,31,6,61,40,254,-123,20,-21,91,-93,43,122,65,174,188,30,108,-25,-29,43,204,1,240,49,-78,121,91,56,10,7,-66,-135,176
103,-225,-18,27,10,-56,-73,-62,-28,56,241,253,187,-97,69,177,154,-72,133,46,87,-48,-253,100,15,97,-8,118,100,170,109,-113,-85,98,-77,19,-55,136,-151,-151,-86,-186,177,-96,170,-136,-94,-198,-86,-148,66,-22,77,-89,148,-67,77,-65,33,40,-258,-87,189,-132,-178,164,-34,235,-55,133,41,-6,132,114,80,114,-22,-57,-22,63,-37,-53,-11,96,162,87,-3,-19,128,-40,55,9,8,98,-6,122,12,64,-145,44,14,22,125,-48,44,88,-79,98,24,24,-32,-57,48,-27,60,178,19,-63,111,-39,70,-161,62,-50,-126,21,-11,40,212,-90,167,26,-27,-11,13,-157,51
-29,28,112,-15,19,17,103,55,-213,-5,19,44,65,97,-158,126,0,124,40,40,98,-55,-113,103,112,200,52,-21,60,-73,59,-1,-6,47,-154,129,42,14,-126,-104,5,116,68,134,-105,22,35,-100,-45,-22,120,30,-17,-19,-141,39,-229,139,13,-111,321,46,11,101,-41,83,65,64,66,-143,70,114,139,113,61,-124,55,34,-43,-55,102,-34,6,124,64,-15,150,110,125,-6,-56,-27,-114,61,122,46,-40,45,30,37,70,-102,-44,71,-171,152,187,-3,91,40,84,43,218,53,104,95,3,-77,-35,49,-42,-10,-205,128,265,114,113,83,-73,155,-40,141,93,32,105,-57,59
-64,127,16,-143,55,-75,112,127,46,-109,26,211,-31,13,29,69,83,72,-63,30,51,39,-104,184,20,10,305,33,114,153,100,-104,-85,128,174,20,192,67,-132,-72,115,-47,-132,74,136,125,94,-39,182,60,-174,-1,-20,-110,191,47,199,-41,9,200,165,66,-32,-85,-38,126,-58,-21,-41,63,-32,-49,-70,77,57,29,38,80,132,42,63,23,130,-170,-23,-120,-22,11,92,-129,-54,176,100,144,230,11,79,125,-53,-6,165,60,5,-64,124,143,-96,-62,92,41,-59,-52,57,27,33,154,-49,7,20,-122,47,-37,13,75,92,-118,34,64,-142,-26,66,-4,-7,70,1,4,40
90,165,-116,-38,-48,42,5,13,-79,-19,-48,-126,23,-14,-145,118,-59,-98,14,-84,-34,11,24,-138,-57,5,136,59,71,-122,42,-13,25,34,-71,201,28,-133,33,71,-82,63,118,-131,-197,32,-23,-62,24,243,64,-41,-192,50,17,2,-82,143,-86,-131,-12,-19,65,88,-50,16,74,23,-35,14,-59,107,97,172,25,-54,116,10,-36,-24,118,39,-17,-96,110,-81,16,-32,48,88,60,-32,-108,80,-57,112,50,-36,-197,-70,-93,34,-140,4,9,77,-48,82,-60,-96,-94,-75,-164,1,-6,-63,33,213,-2,-21,-94,48,99,57,-68,-97,117,-82,-47,-140,53,-98,-106,15,106,71,-79
-42,-41,-153,-10,19,-81,179,-23,116,155,46,104,58,87,3,5,127,109,-127,44,-10,-42,59,15,164,-277,-38,190,57,-135,194,135,-12,9,20,52,103,219,183,95,-13,-89,-106,2,118,88,7,7,181,13,-194,42,-39,91,98,52,10,-33,-11,-2,-45,38,121,46,93,233,96,-81,134,6,-39,137,13,0,-178,60,-33,-29,42,-38,-49,82,50,-66,-27,68,64,103,153,-23,226,158,-13,110,-25,-38,210,99,12,127,-21,-110,7,-74,18,23,86,31,83,167,153,-23,-31,-157,-165,218,42,15,95,124,83,68,173,73,111,-48,-186,73,-27,58,50,-3,33,120,23,29,159
73,86,65,0,-1,54,-37,-64,99,-4,193,-14,106,73,-13,47,205,21,215,122,-165,95,94,73,145,-28,185,43,65,73,259,122,-22,85,158,156,-42,47,61,-120,87,-94,-75,-64,-58,230,172,79,50,87,46,50,128,10,-87,-97,260,-50,91,102,266,29,227,16,17,136,47,123,-10,7,-33,170,91,31,-55,44,271,170,124,19,-3,11,199,-42,180,75,3,65,-21,98,111,-174,31,26,85,17,110,2,42,-19,-151,-77,12,43,44,-11,147,-12,121,-125,124,226,67,81,-56,44,-88,89,40,114,119,38,81,84,-32,163,227,187,91,138,153,-116,145,16,-103,-6,7
35,-64,79,64,175,-38,-112,79,-32,53,74,22,-38,-75,-4,33,35,113,10,113,75,-73,7,60,13,-66,-23,-112,-30,53,36,13,-119,-135,181,30,-19,61,41,-3,-96,59,-65,129,12,72,36,-13,108,25,45,54,-51,48,96,87,-7,23,-122,65,61,-6,50,110,186,64,-131,-120,-45,-29,-30,165,127,-8,93,11,-16,-20,17,-14,131,-81,67,-125,-66,-21,-7,65,-21,-68,-47,8,-106,-6,63,84,38,-28,-126,-6,-9,10,49,4,18,93,-51,-88,-6,295,6,-72,59,25,-102,-25,-26,4,4,-100,-8,26,-50,151,151,18,-154,-35,-35,67,-40,150,-1,79,126,65,-59
-77,55,90,-72,-25,-16,-53,-99,268,86,-6,113,144,-56,48,116,-22,-105,-22,-35,-81,0,-84,186,42,49,143,16,25,92,43,21,97,-110,-125,116,108,163,4,-9,-37,-12,222,6,-2,70,48,33,94,-176,95,8,-119,-33,15,-38,102,-69,92,1,142,109,41,67,48,69,-33,-44,67,-38,117,58,-66,55,24,-59,-203,175,-30,53,146,-149,-144,-1,-15,115,64,100,41,9,59,-55,-1,-86,204,-9,47,152,45,-216,20,96,-108,-8,99,-6,104,133,113,55,155,165,-59,161,91,167,68,-49,34,-46,104,252,163,-52,181,83,10,-105,44,-85,156,-102,-60,-18,28,-50,21
-85,-36,-64,-20,-25,8,9,113,-70,54,-29,4,-90,285,-90,-26,27,145,92,0,97,98,89,143,35,57,24,49,6,128,-47,28,216,-50,45,83,67,-21,75,56,99,28,-178,17,50,56,98,102,42,-5,5,16,-16,-4,-82,235,31,62,75,-56,-104,-94,-127,-37,52,-66,18,22,-134,-29,-63,-25,47,-77,-40,-26,8,53,157,64,87,103,49,-81,55,-124,-15,-63,-34,14,-118,-41,-33,109,77,-21,72,80,93,57,-51,-208,-76,4,100,268,-207,-79,-69,95,30,114,60,135,-193,-137,75,-22,118,-21,63,200,94,242,37,-74,-190,-23,-31,-4,86,-3,-150,3,131,71,107
-101,-19,-162,-184,-88,-108,218,-107,-16,115,10,161,19,-227,38,-72,-103,58,67,-97,67,75,-1,-103,215,-107,169,-36,-36,-1,-25,71,-105,41,-50,-186,-91,154,143,-81,89,35,-90,-115,-127,-44,53,-131,-152,22,51,51,31,34,84,-84,-44,-32,-185,-181,1,116,60,-26,-60,-17,-14,31,38,64,69,161,143,73,58,-14,-145,-48,19,22,-91,-89,125,84,175,-24,34,-4,-61,-24,49,41,218,-45,-35,-62,58,77,198,-81,63,170,-225,87,27,-78,-93,-78,157,-85,138,-202,26,158,-170,104,-18,-91,53,65,-44,-59,151,23,-32,-102,-58,-72,-98,60,-9,-90,5,13,103,24,146
92,-61,37,80,169,-7,-79,-196,-70,-24,-87,4,-10,56,-91,109,-53,-73,121,91,-124,-31,11,39,-12,-5,-33,-30,60,69,-31,108,32,-51,-68,34,-141,16,71,-145,84,37,-17,-57,-88,-197,-109,95,30,74,-118,-192,-132,13,-96,-90,-63,120,52,-57,3,150,14,74,47,-53,1,170,-9,9,41,130,59,79,110,79,-165,129,-22,-120,-37,-103,91,38,-4,120,-9,179,118,-155,46,-103,15,-24,31,99,-165,-176,-96,186,-32,4,-304,231,-188,-63,19,83,85,58,29,-53,98,-43,-109,57,68,33,188,93,-50,-20,-75,64,114,111,106,-134,-140,-47,-140,-58,217,91,57,122,82
81,38,46,-18,27,286,160,129,79,-74,-83,5,45,35,31,-117,184,-64,185,-72,-15,11,149,124,55,234,50,16,162,-25,-63,141,-76,98,-16,-30,179,-226,-145,-13,99,96,-97,46,-98,-171,113,29,-106,333,99,-145,270,-52,105,-41,87,-85,-18,-28,70,-10,116,25,36,27,22,88,-60,-71,129,-55,-126,-73,38,-11,-61,278,68,0,-1,83,102,-25,-119,141,1,155,7,-186,70,36,119,-26,70,-185,122,-124,124,65,8,-79,3,43,-157,-69,96,13,-21,-221,-81,246,114,74,72,49,-159,92,-220,47,-11,-90,-41,37,36,-9,177,21,225,82,-57,96,10,-186,-112,100,197
145,126,-155,11,-1,38,23,56,-31,-54,-11,-62,86,-9,-36,-133,61,75,-14,-79,-19,27,15,-142,-64,-76,-114,-17,-14,39,-17,159,-11,-45,15,33,50,-145,-63,40,33,200,-117,-239,1,-71,61,-14,147,49,-74,-139,3,-115,95,115,-55,56,79,-13,64,36,-58,-147,28,52,55,63,126,74,52,130,-48,-60,159,-46,150,104,-221,-51,-154,188,48,-165,151,-108,-165,-32,185,192,125,24,-164,237,-88,-36,107,52,-130,-12,185,-63,-39,115,28,-8,238,-59,-28,-107,34,-5,-113,-118,-21,-46,-27,166,-64,98,58,-136,68,-4,-140,169,41,164,81,-146,-20,59,-27,57,-30,146,166
74,80,23,-85,-102,44,-155,-27,-64,118,13,30,117,26,-48,12,27,80,71,-18,-132,29,28,-42,74,17,47,21,171,115,60,13,126,174,80,-4,129,-32,61,-69,152,118,28,69,-10,-8,76,-97,115,-55,57,-104,-85,-81,131,-68,72,-31,-50,-110,142,27,-46,74,-193,321,16,131,-43,210,142,49,15,74,35,-14,137,35,-254,89,52,129,147,59,8,-61,161,-36,64,-156,-143,78,64,147,67,158,58,26,-95,22,102,-1,-1,42,-60,11,154,29,36,1,-68,-105,-94,265,-24,114,-110,-16,99,-139,1,-115,-123,-66,103,-166,14,39,36,111,-61,-112,-86,99,-39,-25,-159
134,111,-129,71,-89,1,51,-81,41,-43,84,8,115,121,-31,138,124,79,170,32,-9,95,50,150,-51,39,-5,202,-83,-162,115,126,167,-13,115,71,119,88,68,194,-6,79,58,-43,-29,-53,1,26,113,132,-69,123,89,66,-246,40,50,25,-60,97,151,-124,44,-77,-42,-18,-110,22,-16,-3,-30,-8,10,88,132,83,1,156,-38,110,-45,98,-16,-19,23,72,9,16,-35,234,95,49,-1,116,156,205,146,23,-2,64,134,-142,-69,90,26,147,-44,-84,-85,253,-70,90,124,-2,33,48,125,-14,56,-46,-65,84,194,-159,23,38,91,152,25,2,122,98,167,-108,56,128,187
224,-24,-63,63,151,3,-195,-124,-25,126,-132,1,-74,116,-201,-29,28,-66,44,-43,34,31,-39,212,-109,-2,104,-118,101,-103,-80,156,12,32,-6,40,-47,68,35,-31,51,199,53,-11,-20,-24,170,-143,6,195,176,81,198,175,-135,185,-101,77,76,-15,82,-122,307,-33,170,-157,-9,12,106,-73,65,105,145,-65,-157,129,-24,137,136,-170,42,55,71,148,78,116,134,140,-121,-6,-65,-252,-43,-2,135,76,184,29,66,131,-159,-61,-120,67,-57,49,-45,81,-206,-38,-9,75,113,-208,89,193,65,-95,-84,88,119,153,-85,108,125,-100,216,-100,136,-59,-8,62,72,10,135,36,60
6,175,17,23,36,23,50,-9,136,20,-15,70,60,56,-8,19,85,-131,85,-78,61,-7,-51,192,7,-36,26,188,-15,-5,35,224,265,21,163,94,24,126,19,-83,-55,-58,7,-81,-40,142,-176,183,-81,-170,-2,93,14,-104,-66,116,-55,55,124,228,-147,-18,28,-64,-58,-3,89,-17,119,58,158,27,-32,115,-66,-56,123,62,50,-58,-77,-117,149,73,-88,64,-24,33,97,23,146,12,130,-34,85,-141,-6,186,114,95,-4,-36,48,14,95,-196,105,-6,236,117,157,107,-63,100,175,-24,-47,55,-23,110,150,125,138,130,-32,169,15,87,29,78,-40,-75,-87,-57,-14,-52,59
-85,23,-102,100,-36,-40,-27,-107,69,20,73,-99,131,56,-4,-69,-2,2,-35,12,-77,206,-147,76,-23,97,-40,-308,-42,-92,-146,22,106,-85,-169,65,-78,-54,-3,-7,57,15,116,33,-51,-232,22,28,19,71,104,-115,71,-22,98,-123,-124,1,123,181,39,85,192,136,14,18,66,38,-118,-28,7,48,63,-231,-87,163,37,49,-8,73,-97,148,141,172,-52,133,-91,6,11,100,-62,-40,248,64,-157,-49,-33,41,96,211,63,-8,-163,138,-45,139,138,63,-108,201,-103,102,-40,38,-61,110,131,48,-70,-44,-12,-102,231,-23,69,-54,0,123,184,-138,37,-88,128,76,11,57,22
117,99,175,-162,79,59,98,89,110,-105,33,18,77,4,6,14,143,-30,-1,273,75,-45,-72,169,64,-72,228,88,-101,287,210,7,-145,40,2,66,24,85,-26,-7,97,206,-56,-55,114,61,-49,78,273,-61,-106,195,184,-251,118,25,240,-51,72,163,262,71,213,-113,63,226,9,232,80,109,51,72,23,47,68,-89,249,39,97,80,113,-29,163,171,47,-36,18,55,-166,20,229,28,-96,225,142,5,56,-140,-111,-66,16,115,-68,80,40,171,155,-36,163,1,73,277,38,-22,-14,297,-8,70,95,184,64,-170,183,-7,235,118,92,-40,-4,13,114,41,26,-14,154,-15,228
38,-17,-54,-21,98,149,92,156,181,-29,78,-45,134,-21,120,125,137,215,36,103,53,-124,6,213,-3,41,129,42,-49,116,-130,-42,62,75,-159,239,30,-161,-134,63,82,143,-4,-61,-45,57,98,127,34,-19,-30,104,85,-53,189,149,14,94,-148,119,53,21,219,15,81,16,126,-52,79,207,37,38,85,-53,-22,161,188,-16,109,-25,41,165,122,161,118,19,-106,-86,-99,130,25,-33,-7,342,43,178,134,-89,271,-57,-54,-68,-152,134,19,80,98,74,-46,1,-39,218,0,-29,89,42,64,-49,78,126,169,0,120,-160,57,-12,33,198,-6,119,91,-58,-69,205,63,-17,-91
254,76,-144,-42,80,97,70,-7,43,72,49,164,82,47,-168,-37,-51,56,152,-24,157,-25,-58,-50,89,-59,-8,217,20,65,67,76,136,91,117,233,42,119,-15,-27,174,153,85,-94,38,-47,30,63,93,183,-3,-15,26,-4,31,42,8,128,55,-60,175,-69,183,107,-75,127,137,294,-114,-78,252,98,6,248,133,-61,-100,270,-184,78,162,-17,132,-80,121,128,96,143,235,119,90,27,-20,76,82,34,-52,62,23,111,50,-71,-73,-116,-36,84,69,14,52,-79,272,43,74,9,86,-34,-48,59,9,113,-92,-109,214,110,14,-4,232,5,-120,-44,13,-91,-68,-58,171,52,192
-35,110,70,137,-85,49,6,-85,-23,-73,60,56,-224,11,22,61,76,110,113,96,10,101,-15,115,135,19,-190,-56,31,180,25,202,9,-2,68,-25,44,-49,-111,138,-11,-69,74,200,-70,6,53,12,-45,37,-46,-86,46,240,-28,-186,-186,56,-32,77,109,64,19,123,163,125,-16,-27,-126,4,8,166,68,34,42,0,-231,31,121,64,-34,-106,-78,35,-57,-8,98,-12,1,12,23,54,86,4,61,-115,21,53,164,230,-33,15,-21,-46,-45,-187,43,-60,89,41,101,101,160,54,49,98,-54,-26,8,93,146,237,-340,245,28,-103,91,-191,-165,142,53,2,110,93,24,-61,143
97,49,121,37,-41,-23,111,0,-42,138,-40,19,0,92,-2,-63,176,-7,-6,158,118,79,-32,17,53,115,201,45,-39,-11,154,-146,-64,82,-35,18,-110,79,-3,-21,54,-81,-33,113,-123,21,66,119,161,147,82,-52,-3,-92,51,72,3,145,-35,-116,3,-10,-42,-45,14,130,115,-2,-34,83,-7,73,10,175,-91,-70,-27,-138,22,25,157,-18,136,-101,86,12,84,65,-69,93,15,-68,-11,-161,-182,85,-7,-135,-33,104,-23,0,-100,-9,-35,-19,34,129,110,7,53,-45,133,3,-101,-188,74,254,-14,14,-44,18,16,-38,85,154,-85,-208,-63,10,69,93,-43,-54,104,-14,171
20,-14,23,-203,-270,-135,47,19,96,-53,116,89,139,-57,3,111,43,-75,-108,-91,86,-45,134,-108,193,-85,-66,87,151,112,122,-17,-8,107,-12,90,117,31,6,110,27,30,111,137,-24,53,-9,-32,181,-3,-196,75,-109,-115,88,123,190,-89,35,-51,20,31,141,191,-138,69,140,9,43,32,-27,-47,145,-69,88,-152,93,15,-140,76,68,-32,41,-88,-19,-82,96,51,-23,-101,-4,-4,-113,10,137,-192,208,-52,23,-26,125,-59,131,-141,67,148,-59,-198,47,-97,0,-17,26,61,-125,103,77,-30,2,4,-116,-71,64,-75,210,-67,22,-81,187,-41,-46,31,-81,-115,44,-178,-71
91,-48,163,-94,38,54,-61,43,-22,73,-30,-45,-72,-129,109,66,144,-56,229,67,-99,38,-34,182,25,31,166,201,-26,132,2,219,10,133,163,-26,49,-2,-7,14,-5,10,73,-47,260,132,28,51,227,176,-70,64,160,-88,87,96,-1,-111,41,252,180,15,-43,72,-150,37,-49,-43,219,75,-136,54,272,75,188,-70,166,11,225,27,-24,-83,0,-184,-80,-105,156,-209,-89,-90,126,-29,57,125,-31,89,262,29,-40,-117,56,152,13,4,29,-33,-40,-109,111,12,142,113,-42,134,27,140,44,-52,115,-49,266,291,127,-47,343,-42,-85,53,-64,-33,111,146,102,-167,91,9,122
19,144,56,50,244,4,1,62,56,-131,16,-33,-1,101,-27,-221,153,52,153,-25,41,96,34,-129,209,180,110,13,79,63,191,-6,79,101,107,24,46,-64,112,36,-6,136,68,-12,166,76,-142,77,134,11,66,-93,105,-115,110,30,95,-10,87,55,111,-56,130,21,-29,170,-4,200,141,20,-24,155,70,11,168,-32,134,-155,128,122,208,-15,95,-206,-16,36,-120,-80,-136,44,104,42,19,112,-47,-131,37,33,61,5,-13,153,13,66,63,17,48,15,41,46,-74,145,83,-95,25,92,-58,6,-48,132,65,-113,236,109,109,174,241,119,54,106,64,-33,9,-77,257,160,232
78,112,64,-64,65,71,105,-82,0,-22,1,72,45,62,-1,-86,154,107,65,105,29,109,-73,60,28,-27,2,-133,-32,58,216,66,145,60,-89,36,-117,-11,96,-10,25,88,38,-3,110,74,-45,138,264,273,-63,-29,-45,25,115,-160,-93,24,29,149,0,-3,288,106,49,221,96,19,-61,58,-64,226,-80,179,-15,-136,-31,-67,-13,102,-8,1,44,-196,89,-42,223,-32,-117,-91,83,26,-189,121,105,4,81,54,-101,-38,65,79,-107,-161,-135,-130,113,63,71,-72,-88,-14,3,99,28,192,77,91,-48,84,44,-15,25,111,130,14,73,-88,-89,-63,245,51,-19,111,67,142,67
-112,106,54,176,-139,-81,-99,104,63,202,45,-7,-91,91,34,102,6,-25,93,176,-122,66,-76,148,32,62,48,-41,-78,179,283,89,-15,76,-50,-16,-14,-53,1,-80,13,6,-79,-64,201,7,84,-44,23,73,-44,30,121,-209,-47,41,-228,-50,118,135,54,214,-26,25,63,88,198,-17,74,-38,5,219,135,-159,161,-92,5,206,49,63,-29,65,94,184,35,-122,2,-71,-64,-5,67,242,2,-19,-57,144,-100,-6,121,-71,28,-60,-58,337,7,105,83,62,156,5,143,89,258,133,-24,76,139,37,114,-161,315,26,-83,-19,51,64,0,140,-139,115,-8,-47,81,32,-130,-116,-10
226,206,98,65,82,212,-43,189,-151,81,-41,-148,-27,-135,128,13,232,63,157,-23,91,56,149,10,-68,-37,104,131,184,64,-128,62,21,107,-81,5,234,107,75,-3,-41,109,-48,67,304,0,87,64,-22,50,-42,128,174,-142,-92,127,52,-11,212,72,132,48,19,-162,-82,-89,30,135,163,66,61,-4,158,48,165,-16,175,88,-110,166,-81,7,91,-32,-70,115,45,148,41,-76,189,-233,182,75,63,172,74,6,32,-112,11,145,88,-95,-56,36,-190,106,73,-37,-57,133,50,137,98,-116,-119,79,-27,41,-13,35,45,-14,190,-48,-41,-14,32,44,-100,203,131,-122,66,33,67
173,37,15,-61,120,-110,-10,210,-79,88,184,120,-97,9,-67,-44,-43,-63,15,-1,191,-100,-3,-51,17,-14,62,88,39,-72,219,120,30,161,32,88,65,82,182,28,117,126,108,89,-6,-87,-41,151,38,98,-16,142,-69,-152,-5,26,77,-85,97,-36,-64,-24,137,-81,1,-48,-104,275,-1,116,274,-92,-12,2,59,25,116,-13,42,-45,-104,122,65,103,57,185,74,-44,14,-137,79,212,56,144,180,147,86,126,-27,110,131,108,4,112,31,-53,-51,56,47,71,-244,12,26,-46,-5,21,-7,69,12,54,-125,-89,155,-51,130,-141,30,123,4,-31,31,-86,42,-21,14,14,35
79,229,171,60,251,121,42,166,117,-92,49,80,25,88,175,-128,84,98,80,294,128,78,73,-48,146,-117,35,92,-69,-5,116,125,-32,-63,336,167,-63,76,187,48,63,26,-24,-66,-2,114,17,160,139,31,-20,25,-47,-20,244,-1,33,154,118,15,19,105,-3,93,192,191,102,-7,48,102,50,266,79,186,81,93,98,44,102,-56,-30,107,43,-121,-76,128,49,-122,7,125,108,78,-98,250,15,-81,50,-74,-57,-1,-25,73,33,203,-8,-61,189,121,247,176,-7,-12,24,-87,-39,-142,26,90,233,115,-33,150,74,222,71,-17,48,-143,-140,55,-99,-162,-121,110,39,169,41
156,37,127,-53,59,-85,-67,-41,83,133,110,89,39,38,159,0,182,56,86,159,103,-5,-105,141,96,27,-60,192,68,53,177,54,267,76,154,139,29,67,-16,14,-113,21,124,-3,92,-10,74,-29,74,92,-228,67,98,-69,190,80,115,83,233,167,-95,-55,54,33,-72,154,332,116,12,131,117,103,204,3,75,85,136,-65,55,24,-20,18,-207,-58,-108,-15,-20,-53,20,119,118,-33,-9,221,94,-87,87,-32,-3,109,114,93,195,-34,101,-153,-17,-29,-78,35,-90,112,58,136,60,-153,-59,-13,167,-56,140,247,176,86,231,-164,-80,-11,75,-61,164,-10,-33,-12,182,-206,87
39,90,53,206,179,86,-113,-7,53,173,49,-112,13,136,-150,116,-1,-9,167,19,65,48,-34,151,4,195,114,5,167,7,-22,-44,49,89,48,228,-69,67,151,70,78,54,79,123,106,-121,12,41,50,74,300,-92,31,182,-65,57,133,121,190,124,194,-81,210,114,154,-115,-194,172,148,-61,126,9,38,115,125,147,44,245,133,64,52,126,79,105,128,261,141,106,-47,124,-146,22,237,40,-26,169,73,32,9,99,-169,-10,-152,219,-121,-45,-73,192,93,105,184,139,184,36,104,265,181,-96,55,-20,32,21,112,78,164,4,202,79,-39,253,-64,-73,151,-28,135,-36,106
157,145,206,0,248,124,-41,140,197,106,99,-21,150,150,-101,-80,173,17,181,-119,10,111,107,89,-15,153,198,130,-9,29,68,-66,-55,71,146,159,54,66,-64,32,33,80,161,-83,136,197,-133,0,99,232,-66,-11,75,73,-58,226,3,92,95,-13,130,-14,25,-20,-8,224,241,-37,138,46,122,57,146,87,227,-72,-28,24,7,118,247,1,48,-56,-7,8,-26,215,5,-118,93,-4,-24,94,165,144,-9,5,22,-46,-34,-133,149,80,-2,-22,52,-19,32,37,-20,232,57,-109,277,39,-157,-42,-184,134,49,-19,104,190,148,153,149,-87,-8,-85,76,134,59,-9,41,49,69
218,37,87,0,353,93,-107,126,67,184,-22,-96,-192,45,122,91,230,124,202,86,162,84,49,43,22,-58,-66,56,127,101,95,249,126,273,11,339,-92,79,-103,-62,-7,48,-33,28,116,23,14,10,225,113,-80,77,143,-14,19,225,-32,209,154,269,79,246,133,22,223,119,28,100,155,46,118,187,160,33,176,88,81,-37,228,-121,119,-34,29,-59,-235,96,102,149,-135,163,319,36,162,187,-49,-47,51,50,74,6,-52,-3,74,2,134,-56,140,-91,146,11,203,50,208,167,75,68,25,120,51,246,279,1,0,133,221,104,-7,-29,48,20,-72,102,137,-138,135,59,335
104,20,112,-25,-82,-52,-98,172,-34,198,179,-31,-14,88,5,74,197,27,15,183,-49,213,55,-16,-121,-22,42,-96,57,-63,198,-98,87,261,23,81,10,52,15,76,92,57,103,46,5,-65,-49,154,74,29,105,-51,-39,-72,-54,-60,-152,193,68,-122,162,74,-74,125,24,167,265,106,33,119,-1,208,54,237,71,120,-98,-51,-14,161,66,-41,-73,-1,-64,59,44,35,30,-60,-136,86,89,73,-14,123,-12,140,-18,87,42,-75,-26,72,-39,16,175,167,65,43,17,-2,132,97,12,210,-32,130,-32,-2,-10,156,7,-28,68,106,57,104,134,-58,-30,-94,35,84,90,25,31
163,-91,58,-64,53,82,-17,-19,21,2,-42,37,-115,-26,52,-14,-159,-43,117,-25,142,127,-57,103,-187,-130,64,191,14,78,101,45,5,-74,202,55,41,14,46,26,-32,-10,149,7,-35,4,-89,235,146,38,12,34,99,24,193,108,142,-72,187,77,172,-127,-103,-63,-25,7,71,87,142,126,17,4,-7,35,-17,170,-80,-66,176,96,-34,-138,-85,-97,-7,193,-72,80,5,26,80,-145,170,-39,71,-96,-17,-28,-38,18,-53,-8,158,-82,64,-197,-34,-44,-151,45,76,8,-208,-94,104,-9,-100,151,36,1,117,177,158,-25,-117,-3,73,49,41,-195,233,49,4,96,110,-46,35
-101,45,120,-92,15,12,24,22,172,13,137,60,-70,3,-105,-38,-27,68,74,219,-22,47,-180,49,50,50,49,-88,-76,-60,143,71,-40,116,119,59,76,16,14,37,50,31,-148,-97,-16,-50,-139,36,111,187,-57,97,-68,-15,-52,-13,89,63,-51,77,106,101,-156,-47,129,145,-109,237,100,-79,71,52,-70,181,126,231,-147,11,58,37,160,38,65,-176,76,201,32,-16,-67,35,-57,110,-59,56,34,47,86,-41,-75,25,152,161,-107,167,106,-96,17,-56,12,238,-25,-62,0,-28,-56,16,175,-18,95,-49,-41,-26,77,-74,-21,151,-129,117,-131,-52,18,20,-37,56,2,77,132
-14,-53,-82,-1,6,28,54,-1,186,-73,-24,-8,-13,60,189,130,55,-8,117,45,161,131,97,61,-107,-52,62,29,49,10,127,101,121,42,134,161,214,104,-11,-107,8,20,68,35,32,17,-17,227,137,24,102,76,86,37,-53,186,45,58,41,98,88,80,-47,108,127,-50,6,101,88,118,56,-59,-5,11,65,-18,47,185,14,110,-55,170,197,-69,-57,223,180,21,60,20,128,-38,61,4,105,-6,18,212,123,109,-153,32,33,104,194,40,85,36,56,111,140,47,38,21,124,-134,76,2,-86,47,-30,-18,53,-20,79,145,250,28,58,31,8,68,54,-42,-59,94,36
182,-44,95,214,-29,25,47,119,14,131,191,-7,-30,57,-53,101,165,111,218,64,60,-190,-44,-10,-48,-13,-95,169,174,6,208,65,94,85,251,10,28,5,4,-87,-63,-155,3,75,35,31,69,97,66,-34,128,-41,145,-41,12,62,159,93,19,-20,-17,-177,76,-180,-25,95,13,-100,40,226,69,161,47,-34,-230,-30,93,22,67,72,-29,147,157,57,76,20,75,14,1,-105,23,-15,-73,143,166,44,76,-107,15,-9,-182,-149,97,78,32,-134,-130,97,22,68,-166,-54,133,-3,-48,-190,-53,6,62,-21,-21,12,27,47,76,-53,99,150,109,47,242,52,92,20,-104,48,-68
-12,0,-87,148,69,-76,-18,92,-75,253,140,-10,20,98,-123,129,52,78,118,-63,-59,-50,40,-18,111,-5,183,12,128,-160,-7,-15,126,-41,23,-57,95,105,199,23,163,100,26,-44,71,109,89,10,-158,47,4,137,42,-37,-207,120,145,135,103,-78,21,242,15,-71,276,23,236,-66,235,19,176,111,226,-35,27,2,43,41,57,-89,-97,-25,11,-28,-5,-4,32,52,-75,165,71,31,30,74,-5,116,-16,70,215,33,0,-72,63,225,48,-276,46,19,121,83,244,-4,70,-33,-34,-38,-70,51,137,201,-4,64,0,99,99,152,12,230,-28,100,66,-29,-79,-51,-29,64,200
166,51,-6,65,167,92,49,-97,38,99,-74,133,30,45,9,-4,213,-28,212,3,39,42,-95,1,120,17,117,-97,134,53,131,94,123,-118,219,184,-19,123,204,-169,208,201,91,-36,72,61,42,79,30,80,-268,-7,75,17,-1,86,23,92,147,143,-47,125,88,193,287,35,209,227,-33,2,72,148,-22,211,30,-192,-140,90,50,174,-22,113,135,-150,26,56,97,156,145,152,59,-17,-132,88,221,68,24,59,76,190,-173,-110,71,87,22,39,54,-4,102,72,83,37,209,118,-155,116,-113,2,100,144,-138,194,75,170,54,230,353,-47,33,87,-4,-65,-107,54,52,5,198
-1,19,49,8,-51,38,69,-87,23,-174,-107,156,78,194,111,-63,-78,126,59,17,239,38,-73,18,52,5,219,-41,-179,36,77,33,108,-50,42,28,-12,28,61,-86,84,-102,53,-30,64,-37,-121,39,22,136,-5,-16,50,39,-34,-62,-145,-11,-91,-160,-28,-3,-99,12,-35,-10,93,56,32,108,-83,64,-24,-5,-97,-87,87,-205,7,-60,90,2,4,13,217,-184,-38,-172,77,-169,14,-20,-143,40,141,45,-4,-6,-42,-109,81,-5,23,24,-56,39,0,-88,-32,-74,14,2,64,-106,149,-71,95,-88,32,41,-30,49,-82,91,58,-73,104,-198,-69,35,207,-48,88,-8,-63,73,86
-173,263,-83,-35,99,89,78,-57,204,38,160,3,123,-77,43,249,59,-11,-12,-2,132,-55,74,71,20,89,93,-21,120,76,108,93,106,83,-35,190,-5,-15,78,103,55,-146,18,-24,-115,113,11,-10,-136,-86,65,-47,128,170,-30,6,-14,157,40,201,-13,100,97,-66,-21,164,-42,-69,136,84,92,-53,179,-11,-1,40,61,22,44,28,-58,147,-96,-57,52,82,105,-42,35,34,119,85,98,-58,1,-43,-32,30,166,-102,-67,34,-97,12,-55,-148,156,-5,-48,26,129,156,40,59,50,41,109,-1,78,-87,116,128,-40,117,160,-111,91,165,-96,115,78,48,59,121,-20,-45,-1
73,13,118,120,112,69,-171,209,34,64,160,-76,37,62,-39,99,213,93,73,34,135,2,-36,-42,-73,-70,44,120,-8,-62,57,-129,-32,-93,56,-37,262,98,-18,-81,-55,-32,84,67,-28,5,101,11,95,-176,-5,-99,6,-126,-7,86,-7,-8,-30,159,43,-33,-34,-32,78,181,-201,-55,-138,33,-120,73,-27,28,73,-76,-130,-31,-15,24,-63,10,-55,187,52,57,-136,-77,11,224,-3,-20,-87,37,-212,53,-157,112,-52,-108,70,178,-16,-85,235,93,-3,45,187,263,64,-107,-84,16,-45,-75,111,37,79,20,40,151,3,-157,108,153,-53,50,107,114,-32,-57,-80,-42,70,38,77
-222,119,56,25,-88,132,133,112,165,243,-41,-80,171,168,80,-53,-17,129,10,-139,-114,187,103,213,-56,29,71,161,76,-119,-4,-23,266,11,-98,250,-121,2,150,126,28,26,124,48,6,39,99,188,70,75,89,-48,111,8,-15,-64,-17,-9,252,24,30,76,224,217,6,13,153,-42,128,29,12,35,53,-118,31,17,41,156,117,89,125,-14,0,57,-146,41,97,29,57,-88,144,72,203,124,20,179,53,80,146,-7,110,-107,-33,47,150,122,248,-92,55,-10,32,72,14,-5,244,120,53,118,-91,131,-8,58,178,30,161,-4,82,-31,83,-31,154,14,223,-3,-36,55,3
-76,161,-61,94,11,-20,97,-7,113,41,77,30,105,128,106,122,70,145,14,-21,-43,68,132,239,-127,41,-23,-57,-128,22,-31,76,44,-203,-72,8,-54,-53,52,187,-46,61,-69,-50,53,193,105,105,113,-27,211,74,-21,-102,-13,197,-64,-2,42,103,-39,48,-162,80,102,161,13,-17,-42,47,-39,-50,-25,26,75,-30,0,122,-36,189,-26,-33,82,7,-67,21,-100,-56,40,183,-25,89,-1,-57,-5,93,-170,83,62,36,31,-33,12,55,41,-8,-132,138,-17,124,53,-18,193,-19,95,-1,-80,3,-21,-149,-101,233,252,22,-178,-15,222,9,93,118,138,58,101,-12,75,103,37
216,37,-10,217,1,-19,-24,-17,68,138,142,18,-56,164,-107,-9,275,-34,79,16,-13,54,-27,-15,-18,-37,-21,-17,56,-254,124,65,167,216,237,61,-149,64,69,54,-3,143,49,51,37,93,21,56,-17,104,-29,-33,-163,-19,52,-59,-31,180,48,-50,-72,-108,144,-93,59,5,56,35,-83,-77,-70,81,-7,88,122,-49,105,-80,139,53,77,-12,67,43,150,50,129,-120,-136,221,66,33,-124,-59,127,-84,150,212,-81,70,-40,135,21,-26,41,-80,-120,176,75,-122,-13,117,144,174,0,139,15,24,-78,52,-15,175,1,12,9,14,176,-43,83,33,31,39,80,-7,118,52,102
92,-19,-82,-105,-36,-49,-90,-82,99,2,98,121,205,154,71,9,-50,79,46,-155,98,-118,39,69,-43,-178,-6,-105,85,174,-110,140,2,-42,21,69,-272,37,-5,-30,29,272,13,48,-119,-16,116,-74,184,-122,-28,-3,162,-14,275,47,103,-55,147,109,61,74,94,111,-59,-17,-103,26,101,85,110,-69,-21,-183,-104,43,29,83,145,49,46,-56,81,82,30,0,-168,194,-32,-28,129,-33,93,51,70,-224,181,-61,83,-178,106,83,52,-145,119,106,-14,-102,-3,-190,68,-126,-14,21,-18,45,-36,98,-23,-58,137,-185,133,-8,116,44,119,81,161,-70,290,109,53,71,170,-102,121
127,-6,41,74,82,136,121,105,185,-8,90,56,24,39,209,-46,230,24,60,11,-9,64,146,126,-193,-144,15,178,-37,-164,-35,143,9,122,98,0,81,8,-61,77,-77,60,144,-57,227,-8,-6,175,3,-36,-71,-44,126,21,-6,-90,-5,64,-57,47,28,-13,-19,44,-6,0,212,161,223,177,-48,-43,-60,94,-1,-27,-66,162,-16,167,-80,-132,16,-116,-24,135,-112,-34,112,28,94,-16,260,86,314,107,142,114,47,46,-23,-125,-12,67,98,14,-67,86,39,-6,205,111,97,-147,126,72,-58,74,-130,71,58,4,222,-48,-28,-23,64,87,-42,-38,52,-99,58,-102,107,68,153
-185,-31,-3,90,-121,92,-37,57,3,100,-101,-37,135,43,36,55,9,-38,42,-171,0,-88,-30,-14,30,-81,54,-182,227,-10,11,-26,138,-84,-79,131,87,89,215,34,107,-120,59,113,-42,87,-71,23,-26,206,-21,42,14,72,114,31,15,20,58,106,31,49,251,-7,33,85,7,-19,-13,-109,-74,-103,18,33,-71,4,289,-78,68,-90,-13,-108,153,-54,-26,105,85,298,30,72,146,14,53,-29,-206,-52,-35,-11,165,149,-4,-97,88,110,50,-226,-24,-126,33,-29,126,50,132,71,-78,-45,-16,51,47,146,84,-78,54,73,-74,154,61,270,109,102,140,-56,-77,183,-64,30,62
-17,95,-20,82,29,-38,145,48,217,111,-33,172,190,101,-111,-133,-67,41,216,164,18,66,-3,86,114,184,92,-17,-8,30,147,22,-50,202,196,-87,-21,69,197,-39,58,176,-55,50,62,29,143,-50,-4,-77,104,-13,19,0,170,67,135,-42,49,38,-30,-282,37,-1,74,-65,95,87,35,-16,-44,-1,53,45,64,-35,-47,38,25,0,-43,150,210,-54,291,-57,-84,-174,4,-150,0,92,-223,-65,106,291,230,178,57,48,1,58,-122,237,152,2,-198,83,160,28,-124,114,117,28,-108,86,71,8,-8,-91,38,26,114,-199,-89,144,169,-20,121,35,47,52,118,-42,117,-66,-19
