-22,-38,11,20,24,9,-34,-15,10,10,7,16,-59,13,31,20,34,-1,-7,40,14
31,8,-28,-47,74,27,-32,-46,-17,-17,0,5,-26,-50,10,38,-15,-13,31,28,55
52,-29,54,-21,34,-11,-22,-38,-17,-88,-26,7,-77,3,69,27,17,-26,-25,-8,13
-12,4,-4,27,-22,-15,-36,-2,12,-35,-6,-63,10,10,29,-53,41,16,-84,15,-6
8,26,-2,-12,16,47,40,48,-17,10,-14,10,-7,-22,-21,30,4,-16,-18,16,90
-17,-4,-46,-15,-14,53,40,66,3,75,-45,-48,13,14,-50,44,14,-8,-28,35,5
42,-63,37,-75,-33,11,-30,-50,-15,-64,-43,43,-86,-39,45,30,13,-28,-46,-23,1
-53,-7,-57,54,-7,9,-10,8,61,2,33,16,-4,-2,-23,-26,31,17,14,-8,41
-31,78,-6,-9,66,17,-18,33,-28,16,51,39,12,-63,-35,-34,61,43,-12,43,77
34,-6,-3,30,19,-14,-35,38,-18,28,5,-16,21,46,38,36,-12,31,-40,75,24
35,44,7,19,39,5,9,-16,-7,-47,27,33,35,-20,40,31,-50,-32,4,-41,59
20,-9,-20,10,13,0,-4,12,45,21,3,-14,27,30,9,86,-8,-15,18,8,47
7,5,25,-53,49,-3,62,22,-50,-4,6,-29,13,59,16,-13,-12,-65,-38,38,6
-19,-8,-4,87,-25,24,-42,14,48,-12,-40,13,-36,-33,20,-21,68,33,-19,31,5
60,-7,38,88,7,-19,-11,-29,17,-54,-8,54,-26,9,70,34,-26,3,-20,-49,27
-53,-38,0,7,-72,28,0,-65,32,22,-36,72,-32,-52,-53,2,-19,-5,38,-40,-15
58,-18,1,25,-20,17,-65,-41,11,-23,-2,26,-44,29,23,77,-55,55,100,-58,-19
9,-24,-35,30,-3,30,-26,52,10,59,-9,-108,6,70,14,32,12,20,-51,103,53
33,48,32,-11,27,58,21,26,-19,-14,10,14,-14,-2,4,50,2,19,-7,-10,23
-5,71,-23,29,92,-11,-3,-1,-34,-24,58,2,42,43,2,-17,-1,48,-56,15,2
89,-2,-5,39,-18,-20,7,27,34,-55,-2,-5,4,34,36,-11,-23,-6,38,-54,16
