99,15,21,-105,-59,18,-18,43,-19,77,-4,138,-35,-156,15,-15,41,9,76,105,-155,106,22,-56,78,-85,-62,96,29,-7,18,56,-88,49,54,-25,44,77,133,51,39,7,-33,77,-65,33,105,-24,-60,-12,-31,-56,-22
-112,-44,-44,-34,23,0,101,-78,-93,68,169,-8,72,145,-43,15,45,-4,-54,-12,14,-158,37,-22,-74,8,43,62,13,37,-61,41,78,98,-32,38,110,10,-138,67,-59,20,136,38,10,81,-42,-105,-4,42,4,14,41
-80,-43,21,103,-99,-17,155,-86,-15,80,9,-24,181,42,-8,41,3,78,23,6,43,2,50,44,-15,80,29,-10,12,29,118,-15,37,-60,-5,106,47,68,45,93,81,-134,122,-24,129,1,167,-99,44,76,158,25,-32
60,36,-98,-37,24,-17,-98,-52,3,19,94,26,-3,-54,12,55,-26,-97,-55,39,9,59,-8,20,73,-80,-14,-64,30,24,59,-34,37,88,61,-29,32,41,40,15,45,-4,-82,-41,-127,-94,39,38,-89,-97,-56,90,24
9,-8,55,206,104,61,47,92,5,-94,-7,3,74,91,45,40,3,70,51,9,124,23,55,60,18,80,-10,115,68,-51,-77,108,112,-7,25,34,-64,67,58,-8,76,43,105,-62,-16,78,-22,-47,55,115,99,75,50
17,-35,-15,117,13,87,119,91,-20,17,17,37,-40,112,40,-4,-84,-53,135,7,123,-46,65,6,-23,-73,26,108,46,78,1,20,52,96,78,-74,79,-13,-2,2,120,-121,80,-53,6,-125,-16,132,-58,57,46,-13,78
43,23,11,44,-44,73,-58,12,129,-116,43,-40,-65,-145,-136,120,-1,-4,16,67,31,25,-45,29,-102,71,57,-75,22,-31,-16,90,37,-12,34,-52,-83,56,-107,-44,66,43,-27,48,-5,-6,15,23,19,34,-5,59,-41
-20,88,30,-181,38,-20,-88,9,-84,20,1,71,-25,0,103,-22,-43,-64,8,-47,40,76,63,-3,84,29,45,57,11,100,-36,129,-58,86,-65,54,-50,34,3,212,48,13,55,111,-43,-32,-15,17,-35,-4,23,59,49
86,-42,-2,-1,7,58,-4,18,46,-4,2,15,-48,-66,-20,89,6,59,25,220,-60,19,-108,-85,169,-143,-95,-24,-39,-27,-75,61,133,63,-11,-81,-76,16,29,14,60,73,25,-71,-133,-38,15,-125,22,-41,-20,135,-95
20,33,28,-14,83,-7,53,-10,65,73,-21,-15,12,-91,22,30,90,104,-49,0,-115,27,101,17,45,-63,-85,35,-61,35,94,-6,-58,13,-55,-18,53,36,33,-31,-29,-30,-70,143,190,-6,62,-4,48,-11,71,34,-131
-53,-111,24,105,-41,97,97,103,14,63,23,3,-72,109,-46,17,81,-114,34,-53,35,-19,-96,50,-2,36,-41,20,47,11,113,-24,38,49,61,9,-52,32,-27,-136,45,5,54,-48,3,12,-100,17,-59,86,94,-28,-54
19,-25,-6,-3,-17,73,42,8,-33,19,63,-39,95,4,99,-52,-57,0,-15,10,56,-26,18,11,37,-23,-59,56,68,64,-127,79,15,-71,-16,103,17,-18,94,146,15,87,27,-52,36,4,37,-63,62,54,-116,84,-25
-30,71,60,11,-28,-71,52,-22,54,-63,140,29,-25,-39,-4,64,-63,79,95,-28,-5,46,26,-18,-96,-4,24,48,66,-97,-66,63,-69,68,86,65,-7,63,55,-24,0,134,11,50,110,-42,-58,-37,5,20,-71,66,-45
-12,13,-70,-82,62,9,-8,68,-32,70,126,32,24,-101,-56,37,-3,64,-58,167,-105,68,18,-85,75,-100,-110,14,68,96,-64,76,61,39,-74,1,5,92,61,92,26,-31,-24,-22,26,-43,-59,-7,-65,40,21,12,-36
45,77,13,59,182,48,155,131,-2,51,-37,34,77,-3,106,49,-9,-14,65,-98,89,98,117,57,25,26,15,-7,-40,72,88,65,-12,17,-82,19,61,-25,166,75,34,-28,65,5,10,-15,163,25,-21,-19,40,102,108
-47,-44,12,-20,16,25,15,0,-44,-87,-20,53,82,-94,17,-18,90,-8,33,0,95,44,70,35,-36,-70,35,70,75,68,54,14,-22,83,-13,11,5,-53,23,31,-35,9,11,38,50,-53,24,53,-38,21,-27,20,-22
42,-23,159,-24,24,76,121,-16,-64,9,-69,127,-93,102,73,-42,-17,-108,-20,78,0,-48,104,-26,42,20,-38,60,50,100,-100,-12,-13,-60,-60,34,51,-38,40,71,-60,58,16,48,77,6,-14,10,72,34,39,35,44
-40,-73,74,5,-24,24,-30,-52,55,-47,34,51,14,-76,6,-20,1,121,-23,-1,-63,82,-1,-5,-17,23,-39,99,-65,-100,-96,29,-7,-108,8,51,48,8,42,66,-70,64,5,-15,34,8,23,-61,103,-62,-59,43,-7
79,-12,29,90,37,86,48,10,26,-45,-129,5,-2,-63,91,17,-80,-84,14,41,-44,89,33,48,108,-54,0,-52,37,-32,33,-21,-42,63,60,-8,-42,49,-52,-54,125,-51,-44,48,-5,-100,117,-12,-59,-63,-7,48,68
-38,-13,-68,-103,53,112,78,23,-56,30,111,57,90,12,-48,-63,100,112,-29,-51,36,-35,28,-52,15,29,18,55,-9,15,-92,-31,42,-49,-63,4,22,-17,36,73,53,-62,146,72,36,64,-41,-50,-23,163,43,-67,-58
1,-140,-42,83,48,117,1,-3,-33,-78,-89,20,144,-144,-46,52,54,-70,-18,-42,15,48,-132,-11,-29,-12,39,-180,-14,8,66,15,146,40,120,121,-51,75,-137,-95,-1,-65,35,-23,-51,-32,12,-67,-29,72,26,-6,-24
26,-87,3,72,8,-61,47,-54,41,21,-1,-4,21,39,-10,-15,22,-50,-8,-50,10,-114,-41,43,-117,21,-103,-10,-28,-66,5,-123,50,90,64,-28,50,17,33,-88,-62,7,42,-84,33,43,-28,-8,61,-39,20,-33,-104
-11,12,-51,9,19,51,21,157,68,85,-85,-27,-50,18,5,-41,9,20,35,-85,69,39,-4,1,-79,61,49,-55,-51,-39,-38,32,47,-44,20,111,-76,-36,71,-53,-3,-4,-28,-30,9,-26,-95,58,35,63,66,-103,122
13,-44,81,-79,37,12,117,-32,-27,46,80,97,-45,-43,35,180,24,47,13,171,-2,27,35,-41,35,-119,-26,62,81,5,-101,129,116,43,1,17,69,66,19,118,37,90,137,8,17,-29,75,-114,0,30,8,124,-49
25,-49,-55,84,-56,161,21,-58,-16,91,-36,-14,-76,128,28,-9,24,-68,54,31,25,-109,-58,1,105,30,-4,102,84,8,-69,-63,93,-72,124,-20,-10,37,-40,-74,58,7,96,2,-88,119,36,44,2,-29,-28,58,44
3,-3,-37,-6,120,77,91,16,-115,-13,-14,87,125,27,-16,-107,41,-5,-36,-12,73,-25,22,56,16,-69,-32,50,126,105,15,16,70,-51,-101,49,-15,36,37,30,-28,2,19,-109,-90,97,37,-17,-74,71,44,51,29
118,0,-53,-8,-41,-60,17,-15,17,-28,-26,59,-46,26,-62,63,-40,1,3,38,-64,-46,53,3,-45,-9,-43,-1,-63,18,-11,-88,-61,73,-74,-59,-47,-107,7,-40,137,4,9,44,13,99,109,43,-36,24,-134,-58,-88
86,-4,101,85,121,60,67,99,47,-16,-12,142,28,-38,76,-128,63,-20,-18,-14,-30,66,37,60,55,28,-83,90,44,-37,-27,-67,-109,98,13,38,-26,-6,128,38,-26,4,-45,31,29,21,69,-38,-83,-55,7,46,-59
23,-21,-14,36,24,7,63,48,9,5,-25,-4,-2,-9,-63,57,41,30,33,-17,9,33,49,-17,-61,102,-3,78,8,116,-52,-14,48,28,-28,-10,-63,78,27,58,53,-77,157,65,66,46,-14,76,-48,-6,78,51,-25
-86,-44,-22,32,77,202,36,39,-66,35,39,63,-51,-3,71,36,125,26,155,-49,121,16,82,15,34,73,52,39,-29,0,-36,107,108,73,70,70,-48,94,11,1,9,68,86,1,-23,2,-50,57,-64,50,159,-51,31
-73,171,23,-36,44,-8,-59,-32,2,-38,-19,-55,-70,26,24,72,-38,55,-42,116,-43,12,-31,-51,182,45,-1,-100,-34,22,50,65,-54,36,-41,26,-67,87,19,83,48,-6,21,-6,-11,-103,22,-27,64,48,8,13,3
102,33,-24,-10,72,-64,40,25,51,-36,-35,-23,-60,20,-77,71,79,-152,-35,31,4,-7,27,37,-2,81,-44,-10,-36,83,110,-72,-49,65,-46,-82,-27,-18,56,8,-30,-78,-16,23,2,36,24,2,56,-35,37,34,-53
-123,99,37,12,68,16,51,-27,-171,72,-29,41,93,58,125,-24,20,-23,56,-11,53,74,65,-25,65,19,35,8,40,33,-73,47,94,51,37,201,30,73,51,167,75,-15,156,40,30,-3,8,-78,20,-23,56,-36,6
132,11,-34,52,58,-5,20,63,38,-12,139,99,7,-39,71,-23,22,77,78,-76,45,-33,51,20,-75,30,-38,82,-42,22,-14,16,57,112,23,0,23,0,122,31,-25,22,24,40,-37,85,5,13,-31,-19,-19,-5,-9
57,-77,-34,-13,93,85,95,71,59,69,32,-8,34,-71,-7,97,41,38,-4,29,79,77,27,1,-15,-42,-22,133,12,-21,-28,74,174,12,32,-18,63,102,123,50,35,51,174,-94,-97,-2,150,19,80,-10,69,98,94
26,-63,-94,-60,152,-26,14,79,-46,13,234,21,84,76,1,63,116,-18,-47,-9,42,-66,108,57,4,-76,-27,18,61,-5,-53,-41,128,86,-33,54,21,15,53,12,-103,5,61,16,-28,58,18,-43,-9,31,-45,-23,56
-27,-70,33,43,-78,73,102,-63,-94,134,64,-18,41,5,62,-40,-54,160,-43,74,-4,-61,-4,-16,-52,-53,-32,126,112,128,-144,4,102,-90,17,66,157,24,28,113,23,-1,50,-34,94,-8,28,-44,12,89,-30,72,-108
-44,38,-29,-13,-13,-11,-37,-119,-17,-6,21,20,38,-27,103,16,-42,58,-17,-78,45,-6,-112,-130,14,50,-14,-47,73,-9,-179,76,51,104,83,128,-11,39,-43,84,-4,75,-24,31,-7,-15,-95,-99,-65,-6,-84,9,-91
119,46,-3,38,6,41,-2,17,-8,65,-72,55,-25,-26,15,-74,19,-46,-22,22,-27,-30,-94,55,-16,99,50,-111,7,-60,9,-91,3,4,70,27,24,23,33,-15,114,25,-8,19,-78,39,116,8,-44,14,-10,-70,20
96,-8,81,9,66,80,-84,-16,-17,12,-1,50,-39,-54,141,9,-68,-29,-2,15,77,25,37,38,-30,-29,24,59,59,84,-145,89,137,-24,84,53,92,-26,-45,100,35,68,-84,43,-23,-50,40,78,34,-8,-43,96,38
-34,43,32,-105,-42,33,-45,-24,-21,23,56,151,-1,-12,38,-72,14,10,-20,75,59,88,92,-4,84,-75,51,16,-32,-6,124,52,-21,18,-36,116,20,-73,81,68,60,116,-54,-15,-27,14,99,-31,-10,204,34,46,-25
53,-13,-32,44,53,-16,145,52,32,97,24,-1,78,51,19,-4,75,-7,28,50,36,-29,58,-2,-48,38,-32,-58,-57,-41,10,-29,67,22,43,137,-28,-46,120,24,7,29,85,-132,41,12,75,-99,92,25,29,94,-51
11,61,59,102,-40,72,79,24,-16,91,-19,-63,-48,-121,1,32,0,-30,34,69,-83,-53,21,-19,23,9,47,14,91,30,-35,46,-32,69,60,-16,60,74,-38,-19,-27,75,29,-51,-3,-61,74,24,-30,-85,6,118,30
-25,-70,-29,18,-52,181,48,8,-2,-17,-11,0,-36,-29,-74,22,48,45,-26,-6,13,-59,-6,-55,6,11,86,-41,-14,70,-60,-35,89,-10,37,-16,-13,27,-92,-48,45,-50,64,-4,118,5,-23,26,32,117,-24,-58,-23
38,-23,-4,71,16,9,-2,16,54,36,105,-2,14,68,16,44,-33,-14,50,50,-26,-64,-64,113,40,68,-81,-21,63,34,45,-40,15,70,-10,6,-44,7,49,33,3,-43,12,-32,-50,-2,57,-96,-28,-90,4,59,-37
42,115,-6,-97,18,-13,-16,-27,21,16,75,15,-106,67,87,-28,-130,75,54,-64,79,-91,-36,64,-29,30,30,-75,-74,-35,83,31,24,-65,54,41,86,-51,-32,66,59,19,30,-105,-56,-108,24,-57,141,109,-98,19,9
-5,3,-127,82,14,152,29,26,106,59,-34,-84,1,14,61,133,45,-34,73,-109,136,-3,48,53,-27,93,99,-33,-20,83,106,56,101,25,140,56,75,22,-30,-97,-23,-53,-18,-8,9,-45,124,148,-11,-44,75,16,117
-55,-88,-58,-75,15,-39,-41,-51,103,65,88,10,-1,15,33,60,-61,50,-4,34,53,80,-68,-58,-42,10,-51,74,56,-52,-6,69,2,40,21,0,-11,-18,56,61,-11,-3,2,-43,-40,-43,6,-2,47,-14,-27,85,12
-19,-54,23,85,20,98,84,34,62,-55,115,42,32,-70,-73,71,70,65,51,-25,12,39,-49,-41,-21,20,-5,55,49,-73,-17,5,-70,-8,32,46,-83,60,44,15,30,-6,70,20,92,2,73,22,-79,-23,3,35,-118
-29,44,72,14,71,80,39,11,16,-2,26,-92,-32,65,35,38,-10,-40,29,2,-14,-34,-37,36,29,104,-18,-25,-85,51,43,-37,-71,-46,-154,-123,67,-102,19,52,41,-16,73,52,-17,-91,51,47,71,-37,25,28,79
-40,58,24,15,15,11,9,121,109,61,25,-10,-105,31,68,-70,28,25,46,20,32,100,-18,6,-49,88,-62,70,-9,-119,-30,60,-54,128,36,-22,-46,8,135,1,-13,91,-42,-34,8,103,-69,-79,3,28,-45,16,-23
-58,-102,43,-1,4,-21,72,-50,87,73,-59,30,-51,60,-95,-10,-18,-42,-81,41,-34,8,63,-32,29,24,-10,-7,-93,62,56,-78,87,44,-65,-19,-10,15,-48,9,20,-122,83,-22,60,-78,-8,93,53,85,233,59,58
-85,105,-39,-19,61,23,88,13,18,20,109,44,76,-5,17,-20,-46,9,0,-56,14,-1,-30,-107,159,-91,23,50,-6,-5,67,141,-13,59,-15,86,41,44,-15,109,10,-2,116,1,-50,-126,-67,-141,13,-52,43,100,87
