77,-19,-41,19,-2,-54,8,-57,111,82,-49,-34,-9,-150,117,-45,-8,-72,-28,-55,-17,63,-102,85,99,7,7,-88,-76,110,-8,168,-62,-90,-71,-96,17,24
38,7,-40,-16,-19,-25,23,18,-84,30,25,-10,75,126,-24,-53,111,-33,-32,-4,-39,-139,26,-104,-106,28,53,-17,78,-59,-19,-29,-40,9,25,71,28,31
39,43,17,-48,-108,0,-83,-59,-1,-85,47,171,21,171,10,67,0,31,116,-18,61,46,70,-32,-55,83,50,32,24,67,-2,-58,28,34,13,20,-89,-60
-43,-16,38,110,-14,84,54,78,19,-39,2,80,-62,-44,-23,-70,59,2,-5,74,63,31,66,-8,-57,26,-48,-16,53,-22,37,-66,54,-87,-17,31,-9,10
21,-23,-6,33,41,-23,-52,-26,-29,44,-13,41,52,-45,-3,-13,-106,-12,-42,0,32,54,-28,48,-36,-39,21,-12,22,20,-122,31,-103,49,-15,-8,48,75
27,37,105,51,35,82,6,6,104,-72,-26,-18,8,-24,-19,-91,32,6,6,68,49,126,-4,85,-20,58,-44,14,63,18,31,50,67,-12,15,-64,-15,56
48,63,28,2,22,-18,82,-28,78,-14,-2,43,34,8,125,9,71,-41,42,0,-14,31,-1,120,-48,14,60,117,89,128,27,56,49,17,89,-23,-2,-39
-70,27,31,15,-7,1,-66,78,-78,-94,94,55,23,14,16,-42,75,15,-55,-1,-27,-16,19,-27,-59,-17,48,33,14,26,8,11,29,56,56,59,42,49
115,5,-86,43,-8,59,95,-32,-15,55,38,-83,-4,6,-54,-8,51,51,61,-29,-104,-37,-3,-73,9,-53,-48,-30,-39,-72,73,-6,-31,-43,20,-60,21,51
29,-51,99,-42,-21,43,-149,-108,-18,-63,28,88,-67,55,62,-5,-28,-25,91,52,-75,10,40,-54,11,102,33,49,44,14,17,-1,73,53,-36,22,-146,-79
1,33,14,-16,-74,-21,-52,-6,53,-19,-33,71,49,-32,46,-13,46,-25,-12,50,49,70,-14,-37,-95,77,43,49,94,70,-3,99,-12,-51,-27,-28,-10,29
-122,-11,119,-61,-18,-19,-46,-128,4,-12,19,6,117,30,130,-35,-6,-60,9,64,23,-70,6,-62,21,-26,92,90,31,41,-2,37,5,108,-40,81,-11,-65
-56,33,-77,-46,18,39,-61,-1,-67,68,-13,6,-7,52,-75,-33,76,7,-21,-22,15,34,62,90,-19,-26,-11,-27,3,44,53,-50,36,-24,-4,-62,-69,-15
-46,54,-91,-47,19,-97,-84,88,23,114,-34,-49,-2,-28,40,8,-77,-13,-128,-42,44,-26,-56,112,-82,-55,7,78,-47,88,9,1,-14,14,86,-15,49,62
25,4,-71,-8,-14,-34,51,9,35,-12,2,28,73,47,-43,-3,88,21,-6,-92,11,45,-43,-34,-53,-15,15,-2,107,-8,-23,109,-8,7,22,-2,69,57
-35,36,-24,-92,26,-114,-46,44,-38,34,-35,46,51,-11,22,134,-71,-21,-25,24,26,-17,14,73,-71,38,36,86,40,63,-26,-40,3,2,-34,-7,43,-9
16,-77,-7,24,16,25,33,-13,2,22,66,54,5,-56,-45,-21,26,-28,35,3,0,38,109,4,22,-26,34,-43,-6,15,70,-8,-18,-101,53,-50,-7,33
-2,-33,-10,48,52,-98,88,75,18,56,-86,-56,69,66,1,38,4,67,-89,-58,83,-70,-46,75,21,-33,48,34,-78,19,33,41,81,-25,84,34,163,26
8,-20,18,-5,21,47,19,-85,15,67,17,68,-9,-17,97,-50,82,-24,36,-92,-50,6,44,-59,111,-12,16,-6,27,32,17,38,-93,-28,-32,-11,10,-7
-30,11,-56,-56,65,92,-23,28,31,33,-5,-19,-63,69,-62,15,14,46,85,-44,81,62,130,57,35,-18,-132,65,13,12,59,-103,53,-32,86,-18,-63,25
112,-67,-36,-61,57,16,34,94,14,-9,26,44,-78,10,-38,13,142,-12,63,19,-14,-24,27,-65,-1,-9,50,-36,-14,-27,-21,-34,-8,36,-15,-13,-89,8
89,18,-84,-17,54,-77,58,-57,-11,88,52,-91,4,-83,-17,-26,34,37,93,10,-133,-37,5,-89,-78,2,18,-35,-2,-11,-57,107,-44,-85,-54,-65,8,-30
-68,46,32,80,54,87,4,-9,23,28,-38,9,-21,-8,42,-70,-29,26,-33,64,52,53,17,128,-6,63,-56,35,59,60,51,-63,104,2,18,-30,-38,-50
10,15,-70,-54,-49,-21,-1,-1,-23,1,-63,23,61,-7,41,114,-19,-43,-19,-21,-29,29,30,61,-13,22,116,-1,57,70,-62,-60,17,14,-65,3,-1,-30
-3,97,26,92,-52,-95,-33,20,43,-5,-69,108,33,-55,-20,96,-83,-7,-83,-1,72,151,-76,152,-49,56,-20,-3,-19,103,-38,26,61,-55,-11,-55,75,64
42,18,125,82,33,-33,15,40,-2,-92,-44,-50,30,21,-13,12,-11,19,-62,66,-24,-17,24,80,-58,65,69,17,-31,6,-40,16,100,95,63,43,17,-18
66,-4,106,-50,78,-24,76,8,95,-39,-24,-66,104,16,76,-6,30,-42,-25,127,-34,-87,-46,24,-11,47,76,92,75,-17,64,61,67,21,-4,-21,65,40
-61,-76,33,-38,75,40,14,-5,-46,-1,-18,12,11,22,-41,-72,-23,-66,20,183,-19,-17,116,40,-84,-2,-5,47,78,-23,11,-46,88,84,-53,19,-61,0
0,61,-73,-100,3,14,8,54,-80,49,44,8,102,-74,-9,-11,86,-34,9,39,-42,119,-18,2,-70,-81,-16,60,121,90,-44,66,30,-24,-84,-49,-50,76
45,38,-28,-37,7,16,-27,-7,38,7,-48,-10,-36,70,63,16,-58,75,-32,-14,3,0,41,87,49,-3,42,85,35,89,-21,-31,53,88,101,0,-38,-74
-80,25,-48,11,-11,143,44,45,-109,2,-35,-26,141,40,20,-80,86,84,-3,-16,71,63,31,16,-25,-52,-19,-25,40,3,66,-25,29,58,-16,55,-7,98
18,79,-50,78,-25,-17,72,30,-7,45,-32,-8,24,-7,-31,17,-1,-81,30,-34,-24,20,-61,28,-31,49,-78,86,-18,-8,-14,-49,6,26,9,29,28,-48
-16,4,-2,114,-103,39,30,47,-106,-50,-4,52,99,-8,-44,20,21,68,-8,70,65,103,96,7,-67,-55,41,-41,108,91,18,35,9,-112,-6,-81,6,27
-111,76,79,79,-43,37,61,21,2,7,-114,52,31,-71,95,-50,44,-69,-77,0,-114,84,-20,-4,-72,107,16,99,109,141,49,89,42,-19,-73,-46,84,-30
-12,55,-27,-109,47,-74,101,41,65,17,27,29,58,-28,45,58,36,-42,-29,70,62,-91,-2,104,42,-124,10,41,5,45,37,-7,-16,16,38,-26,12,34
159,104,-56,-36,-51,-42,-10,8,-16,48,3,-82,52,11,99,36,21,88,4,-91,-22,-6,-7,-33,39,51,57,-22,-70,51,-29,-33,-35,-4,15,37,0,-8
46,69,-35,-12,70,7,69,27,-27,-32,43,26,33,62,15,51,26,102,96,41,-40,-54,78,-32,-87,38,46,69,112,53,39,-39,84,46,26,-51,-28,-51
-18,-46,-56,-5,6,2,-2,38,14,-49,5,72,-29,83,102,63,-32,-19,75,36,68,23,7,99,-42,81,-44,7,-25,14,9,-34,-53,84,20,1,-30,-24
