-22,-9,-32,166,178,113,112,-27,30,-48,-36,-12,0,23,-51,159,-75,132,161,-18,-28,124,-25,-82,194,-217,248,92,32,166,59,-38,-35,11,-95,25,-7,128,52,15,-58,136,-29,-132,159,6,79,-173,78,33,-130,61,22,-125,182,3,-82,-17,-11,65,-9,25,40,38,-15,131,61,-125,52,48,-24,167,58,-3,-12,70,-9,-40,162,-5,-117,60,48,-15,84,-43,23,-71,-8,127,164,106,68,-315,-41,5,244,49,59,226,25,125,212,-74,-56,1,-75,-33,88,44,-38,80,88,-169,42,-108,-114,-16,-33
0,61,37,110,-1,75,-13,152,85,125,223,70,135,-32,133,-22,27,-21,48,18,77,52,32,25,31,-110,40,-91,-29,57,311,193,58,7,-110,110,107,91,147,321,139,-85,-120,24,29,91,-11,177,15,105,99,122,169,52,251,144,306,170,108,108,116,-112,-17,218,-94,105,-133,129,16,193,-62,-11,52,202,262,-78,61,-47,-73,106,89,115,76,76,141,177,99,18,123,-36,20,335,-123,190,99,185,-89,163,-139,98,-7,115,-81,-38,256,37,81,171,46,97,-2,-60,99,7,67,89,47,174,6
30,-123,118,95,75,22,55,146,59,-62,31,23,-52,51,235,72,51,36,7,62,64,-106,-40,-38,-49,-114,60,-117,218,168,47,-105,2,-83,98,71,82,68,54,9,-20,117,8,126,88,20,102,32,90,9,-51,114,125,19,-33,-14,-29,1,78,-1,-10,55,-7,-53,-4,13,89,-60,-20,67,-67,64,144,-204,73,210,101,-1,14,91,56,75,65,-10,127,0,-41,-127,20,157,231,-32,7,180,-3,94,-14,73,170,131,92,7,30,-70,-20,200,118,150,12,-2,10,-40,50,93,-38,118,37,33,42
112,36,-49,44,-146,-150,53,16,15,-14,15,97,-8,133,-126,-33,47,-182,145,40,113,-78,10,143,13,34,-98,119,-138,-98,21,18,-85,-53,-7,76,0,7,-99,-8,53,9,267,-77,-25,29,53,175,12,19,-13,13,9,97,90,74,168,-30,156,-151,180,-55,135,114,96,23,18,18,-148,6,-7,17,43,15,106,177,42,42,-58,-86,33,-52,116,-53,2,-95,4,172,-9,-10,110,-11,140,24,-43,2,-79,70,20,-24,-40,-95,-117,-18,94,0,-34,54,93,-29,45,-72,62,93,-129,57,79,-17,78
82,-97,-51,-73,-9,1,42,97,24,66,138,-86,173,56,25,-29,37,105,33,65,68,-80,66,-19,168,-19,29,-1,116,126,57,-62,2,96,34,117,-3,-79,-6,96,-37,18,1,-71,15,1,169,197,95,18,-40,4,19,29,92,49,117,-34,144,76,142,96,49,158,67,5,7,92,-122,18,85,28,-8,75,233,34,67,-54,93,-18,-61,9,36,106,69,53,-22,222,56,12,-42,86,158,-13,18,14,100,86,-86,56,58,103,230,-5,69,44,-87,253,-9,-68,-112,24,101,123,-11,0,85,41,64
-5,72,-18,33,-68,-37,63,-28,88,-36,46,-59,23,145,122,12,89,-54,-45,-3,26,-122,5,-33,-144,-1,55,-85,31,-137,113,-7,-18,-73,-79,-91,-74,149,-16,107,144,-27,34,128,167,-35,-32,94,19,-24,-20,92,111,-122,93,-29,141,67,14,11,42,-40,87,73,14,127,-48,-3,8,90,25,-191,-99,-124,9,29,-11,208,-56,18,56,202,-1,119,-116,42,41,93,56,-18,-48,76,69,22,92,61,69,74,63,26,-22,10,-205,-25,5,43,59,12,32,94,-9,-59,45,-7,18,1,7,51,-37
-57,-68,171,4,8,-13,31,38,-30,-96,24,5,39,27,81,50,-61,102,9,-99,113,23,80,4,-73,165,100,20,63,-142,31,195,203,-11,-79,98,112,-31,47,-3,140,-70,63,-71,92,140,-16,-139,36,-166,-72,322,-96,54,-117,-13,128,28,165,-67,125,-45,-174,110,10,36,-58,85,92,-66,13,-79,13,-23,143,94,162,162,83,-48,103,-30,-5,-166,127,4,-150,90,1,-31,2,88,-19,238,-47,43,-7,-97,142,57,-64,197,-15,17,-38,129,17,95,62,61,-59,58,30,-101,39,-10,-128,182,75
59,60,-11,132,51,50,46,171,-28,21,-32,91,-11,90,-45,175,19,-118,-9,87,44,60,-53,-13,85,139,-212,36,-57,-117,-25,165,-135,-34,-5,115,42,-53,151,53,52,-42,-46,20,19,-81,-218,-78,-18,-26,24,37,40,41,15,-62,-10,-39,-144,25,4,-47,-117,-10,53,179,49,68,112,-109,1,12,104,36,-8,104,65,-2,125,116,71,-33,-56,-102,-4,-33,194,9,-97,41,-52,19,83,-76,2,87,180,39,-79,-34,128,62,-101,203,-66,114,-32,98,-35,102,-73,100,-41,-74,77,10,29,-206,-36
-51,133,18,62,-74,-18,-85,257,5,31,239,75,35,-50,-43,67,-130,77,-11,-9,67,-4,187,-121,82,54,-6,152,-75,-95,84,67,165,75,109,98,99,14,-7,163,93,-9,98,71,40,121,278,96,31,-164,2,0,24,251,62,-15,150,259,212,80,-142,183,-113,122,78,-14,-180,327,-12,235,61,63,116,36,118,0,25,-41,26,30,10,-121,78,24,214,-47,-37,5,19,204,79,104,-29,169,123,66,-34,94,-169,137,-32,182,-1,17,151,140,-60,61,43,-40,11,-180,-73,202,-113,-54,62,49,51
248,25,-88,-106,-32,151,34,-68,-99,17,-13,79,2,-12,30,43,-15,-17,45,144,160,67,78,58,43,-8,1,-16,-79,-70,-114,78,49,44,161,48,-46,30,-100,37,64,-35,180,23,-34,-72,109,31,-27,-183,-24,-49,40,-67,93,114,55,158,185,19,-153,-7,17,-197,61,92,100,19,-17,61,10,169,-84,27,-13,179,-93,107,-37,7,59,-120,90,52,209,12,-49,-3,-34,194,-32,21,133,44,201,-7,-77,126,129,3,-120,138,73,58,19,-6,-28,31,91,-23,114,-40,-202,-26,21,147,10,20,85
6,16,155,99,-18,-38,156,37,284,-18,107,38,-4,-19,32,103,-39,69,-155,-14,51,-40,12,93,-132,195,60,114,-55,-125,206,37,-79,-39,11,135,-56,77,-91,-35,17,-78,136,80,47,128,-35,-29,223,-49,56,39,47,-18,125,42,112,-100,139,163,69,-165,96,188,4,91,-97,86,110,357,55,68,62,321,-1,0,160,96,126,-61,10,-56,-95,37,-76,-82,-48,97,-23,34,22,183,-69,87,103,4,-56,90,13,0,23,27,-104,-98,-119,-27,-8,231,29,-112,79,30,-18,56,55,229,12,93,16
32,-43,-63,-2,16,8,20,4,100,31,-60,61,4,73,154,99,-59,-65,-49,1,11,-155,33,27,-90,-117,105,21,-64,26,-52,-47,119,125,-123,-118,84,-31,-191,-76,65,29,12,129,-73,102,117,83,85,-2,241,-107,42,-8,-9,-14,102,-61,-152,96,195,-23,-66,-163,-147,-4,-22,50,-151,104,43,133,17,155,187,-64,61,-49,-115,-128,-172,-109,-152,104,-32,55,99,43,40,120,26,-31,-80,16,70,1,37,-48,-12,6,-70,8,-49,-38,46,-151,76,-27,-49,65,59,-134,-91,118,140,128,211,111,71
-82,-30,-45,54,228,176,51,76,119,58,110,-56,59,-77,69,0,-80,27,192,-87,-2,-24,97,-39,132,74,82,200,33,140,5,177,-25,-63,20,171,17,1,65,-33,88,68,36,150,3,27,19,16,21,52,-11,-3,274,104,8,77,40,87,114,-39,74,-23,145,178,-18,90,-3,46,14,12,-31,47,193,51,134,1,31,-55,225,9,-48,141,48,-128,142,-65,45,61,92,66,158,230,-83,152,-41,2,121,122,107,78,14,-142,51,141,9,-128,128,141,-73,-127,-7,-45,2,155,-84,208,69,-65,15
-54,15,138,81,-170,-135,3,20,57,9,237,113,-7,-92,33,-61,-164,139,84,77,23,75,-37,-7,115,129,70,15,-113,1,167,37,-72,33,-60,206,-69,-15,124,67,47,-39,139,169,75,60,-16,125,47,141,48,91,173,-31,15,23,244,-67,335,149,37,28,70,189,42,26,-83,222,70,182,-133,-174,6,-40,87,95,42,113,110,-154,-23,38,1,190,167,-16,7,75,130,120,58,121,-77,220,124,-95,119,168,-106,74,75,119,-89,95,95,55,8,139,138,-74,-50,9,167,150,-44,70,69,-14,17
149,1,-204,52,35,114,87,78,9,143,190,150,134,-10,44,-72,70,-30,33,17,25,-56,45,60,124,237,97,-20,209,-32,118,133,158,-79,157,72,126,-57,55,71,35,103,118,-152,-93,-12,132,139,30,-45,7,91,15,211,-4,219,19,201,123,10,24,-11,-10,88,-20,58,68,38,104,-114,27,45,-71,88,321,157,-7,77,111,-54,147,67,191,-163,140,125,38,-38,-38,72,83,286,43,125,54,96,63,22,-25,57,135,38,47,73,155,-25,-6,239,41,-33,137,135,-64,175,-75,198,143,16,37
-127,107,-111,56,54,24,-130,56,122,-37,27,61,186,-48,40,85,-93,56,-19,0,108,68,86,-110,33,0,-66,197,-16,-106,31,-53,1,51,28,123,51,-245,-2,-88,44,23,130,-27,-19,168,118,6,-18,-37,49,-23,-6,100,-67,0,244,50,39,77,114,140,-36,188,15,20,5,217,-35,3,17,-19,132,1,105,102,63,89,15,-75,-9,-49,-91,-115,92,-15,51,176,-159,31,-125,34,-42,78,-65,109,78,-23,-144,-63,-32,82,133,101,36,88,52,86,-79,-98,-83,-97,-32,124,-9,-5,68,-163,77
212,-129,77,-49,-29,38,27,5,56,-122,58,73,-8,52,106,100,23,8,124,7,57,-38,1,30,-17,-79,53,-96,-72,26,51,151,136,-8,120,124,115,99,1,-20,28,-63,51,62,131,-58,36,-52,168,-61,74,136,44,-96,-35,31,94,60,-39,64,-29,27,-32,10,-95,65,29,-100,-125,122,158,34,-4,21,-31,35,-36,-43,-50,-16,75,-34,-101,75,-62,43,66,-106,25,171,121,99,-46,73,5,-4,4,152,144,234,-44,-2,33,-31,7,100,158,72,9,199,-18,-107,-152,68,156,110,72,12,-80
67,-52,-30,-13,19,123,6,31,38,-144,147,-1,148,-18,115,-120,-50,101,85,132,53,-136,-42,-102,56,28,203,31,95,143,190,101,253,-110,-54,99,116,100,36,-21,140,51,199,162,-13,32,106,38,-102,30,110,-35,117,167,179,-53,-66,12,227,253,-31,31,-119,217,21,-24,22,-51,-27,134,-23,89,-89,175,198,150,53,10,111,-3,83,109,-65,59,-95,-84,-108,-172,-47,132,179,242,-90,29,151,-49,-178,75,-58,94,43,-121,14,138,129,-26,34,313,20,-97,41,-117,83,139,122,70,121,159,104
79,33,88,-44,38,148,-50,0,-180,-40,207,-186,-21,36,78,-50,-9,159,212,-13,59,96,202,-137,-24,3,240,29,158,83,147,173,183,-18,-74,79,40,197,65,-52,26,-245,78,-27,15,3,82,-113,232,146,22,-71,154,20,-4,-25,-43,147,189,84,-73,88,22,234,138,-54,-95,-22,2,70,115,-43,16,-129,150,82,48,187,-2,134,126,134,-125,123,108,-4,49,-139,68,139,75,152,6,86,-1,88,-200,81,63,104,155,41,-113,64,168,236,-1,20,15,131,36,49,62,-27,19,-11,-12,114,84
-66,55,32,120,-104,72,-76,52,86,78,138,238,-48,-72,-109,-41,-220,-98,5,-70,-32,94,-151,-82,128,-2,-33,0,50,-15,114,40,60,40,-64,-34,-36,85,-68,-110,23,-157,81,50,-45,229,-18,-105,108,-23,94,127,5,12,-12,-36,186,214,177,26,-40,-136,57,61,55,95,1,11,233,102,1,-68,98,12,187,53,100,74,206,-39,-11,-149,-74,55,321,98,31,87,15,45,-135,122,18,89,197,-58,186,67,-26,-84,-115,94,-4,113,-22,-43,61,-121,-256,-112,-5,-105,68,-187,46,146,7,-71,11
-80,80,22,121,59,193,278,-46,202,90,-26,25,219,-6,8,65,75,41,189,104,27,-186,67,98,114,101,215,64,25,52,17,231,94,-34,124,14,-60,128,192,30,106,181,105,-158,165,21,61,16,41,24,-34,93,241,66,184,-23,111,-34,71,34,27,56,29,129,72,14,98,189,-41,99,-114,224,124,237,193,45,-3,-2,29,34,4,48,26,78,-11,59,142,195,-93,-131,59,186,42,-163,-14,62,304,164,171,277,147,60,-9,35,180,-119,13,191,66,110,118,41,36,93,6,-20,121,161,56
7,-72,-3,137,105,-153,-25,55,45,101,142,-146,-104,-79,108,19,5,155,36,89,109,1,15,91,93,-36,82,-49,-9,31,-72,-61,105,90,-34,-36,66,-79,62,2,-52,96,0,-109,131,209,52,58,-19,158,2,63,156,62,183,-39,114,-156,258,108,81,11,34,31,84,-54,-88,111,96,14,-122,121,97,-15,35,21,163,-128,127,57,31,-14,162,171,78,47,236,-2,109,-79,-30,103,-110,141,-50,144,223,-93,-21,13,24,-20,18,53,-69,87,181,63,51,-34,83,40,172,38,-116,10,166,-45,-137
-18,-30,-101,76,131,-12,11,46,109,13,57,72,68,198,189,90,13,81,71,70,189,182,-49,-88,39,32,4,-14,17,117,49,-5,65,39,-19,189,-63,152,29,24,19,-16,69,46,264,90,-102,-62,97,124,24,179,-47,24,52,-7,180,47,-67,103,57,-97,-28,14,-58,95,27,-57,76,-101,14,49,-40,174,3,-70,60,98,87,-76,-54,26,20,-88,39,103,105,11,-39,27,211,16,-127,60,19,156,257,11,-29,-77,121,-37,23,191,-143,65,233,196,3,-13,-120,-48,114,39,11,122,16,-69,-13
-2,-99,118,-15,-9,-87,154,-34,174,94,102,3,109,24,21,8,-5,-73,-2,-144,57,-3,-61,73,-6,75,-134,-177,-1,79,110,59,42,5,41,46,19,50,63,91,58,11,48,138,153,74,66,18,-88,142,52,151,191,57,20,-21,-48,59,147,215,-33,12,-23,37,-100,-13,-33,-26,-108,102,81,-5,-79,150,72,28,16,-69,94,-61,13,28,28,84,233,101,-14,63,-68,19,9,73,9,244,-15,97,-20,62,31,85,-58,-69,0,65,-63,5,162,104,-6,-137,20,128,-25,88,43,15,58,-49,-196
103,4,94,12,105,20,149,-55,73,0,-63,50,29,-55,139,117,74,16,2,103,70,39,-86,-76,-24,19,135,50,16,-18,-11,-16,3,-42,139,-160,-85,84,-29,127,-32,119,-81,25,-8,116,83,139,36,129,-63,85,113,36,9,74,116,86,17,-8,-47,17,27,-68,58,-49,95,162,-42,55,-103,72,-63,-7,142,5,25,111,41,150,-65,68,178,147,190,-1,-75,79,-7,21,54,11,-5,29,50,96,32,137,10,148,61,50,87,45,5,-14,37,99,134,27,40,-69,-108,125,14,76,159,-33,40
-15,62,-5,28,93,14,30,-62,-18,-142,90,-7,-30,43,-63,-47,-89,74,82,-97,-67,75,19,7,-26,48,15,28,1,73,38,-133,-56,-70,11,-14,218,-83,-37,-99,-51,-15,10,-92,-5,67,-17,-110,95,135,-9,-60,-25,211,12,-4,-17,-59,-4,31,197,36,-107,164,100,46,-59,112,-84,-5,67,-100,-11,89,84,-81,154,32,47,33,63,51,18,41,-43,195,31,-43,-190,-142,44,101,-48,72,-56,17,-7,-122,-86,-188,-10,4,43,83,97,-2,47,149,-27,15,-93,51,-37,-43,113,-65,-156,-148,119
59,38,-123,100,133,101,113,-81,52,14,74,-78,158,56,82,34,-62,3,36,4,76,-35,152,75,-52,99,-10,104,-53,14,-12,145,-104,104,-130,100,69,-91,-203,-183,-9,19,-71,3,-35,30,120,41,157,57,62,-47,198,-55,-96,-25,124,-35,-33,72,52,23,72,-80,-43,117,-23,76,15,92,60,-56,-141,146,249,-93,142,-43,-97,-58,-14,-78,-63,-37,13,-52,73,-25,5,-17,-78,54,-27,43,-144,21,21,-102,14,-81,80,168,19,-93,17,-74,6,-5,135,51,80,116,-25,44,45,-80,-11,-13,178
73,110,9,-213,67,-56,50,112,-47,52,21,152,-115,33,5,63,117,-158,-53,-121,124,69,-57,126,56,-99,-44,48,84,86,-160,-131,-73,-48,-9,175,62,5,69,45,22,-18,8,-36,-44,24,-107,65,114,55,-10,-81,37,39,-81,266,109,27,-37,65,-11,-225,46,-35,-115,149,66,107,94,33,-167,-80,231,-31,27,-69,101,5,65,68,30,88,-49,-90,161,87,-78,30,139,-66,-44,-7,-36,140,-103,110,75,-36,155,-51,-91,59,54,-38,74,-95,61,-34,5,90,62,-113,-70,-179,81,4,49,48,17
-57,17,133,-19,158,82,-139,-71,-116,86,-18,94,50,-146,-35,0,-75,94,42,-1,-3,38,-26,41,15,62,37,34,27,-16,68,57,82,134,-143,29,143,-127,129,34,164,130,-11,9,-4,-27,83,-22,24,-28,118,29,198,-176,1,137,38,-64,57,1,-55,54,176,186,-98,32,75,0,-77,12,-137,36,-89,67,130,81,-98,16,118,-130,142,31,17,-62,-63,84,206,110,53,-7,196,122,-113,155,-141,-77,-97,-6,-104,100,-110,37,-2,70,16,115,-43,4,213,-94,0,-156,-129,58,21,-13,-41,20,-63
-112,-64,8,98,-15,44,122,-38,97,-19,-11,182,117,-65,88,-27,-70,-90,27,109,-1,-99,-91,34,27,149,142,-100,153,-62,8,21,-39,82,4,17,113,-11,86,-99,97,98,-63,-1,-128,35,11,119,7,51,204,-54,56,129,-20,83,-244,25,52,225,-95,-10,154,-86,-115,97,144,-112,-5,113,59,-90,83,-25,32,106,49,-136,83,9,261,-47,-67,-76,171,40,124,-108,-22,201,-2,189,-27,81,-27,133,133,20,-53,209,27,68,50,40,173,42,197,137,100,-36,23,-24,-223,221,40,180,116,-38,52
0,91,-35,62,202,43,138,147,96,7,73,38,134,171,-90,194,-114,75,159,106,61,47,56,-51,36,48,-70,189,-75,7,49,-32,106,-55,21,93,-39,-18,97,84,27,34,23,68,-22,-10,58,-34,-9,3,220,66,99,192,78,-23,190,42,187,99,7,66,-123,156,186,128,-8,-3,-27,112,45,43,53,296,150,57,77,-2,48,-13,-4,19,21,107,39,3,90,-15,-44,34,39,35,-8,22,-107,120,-12,133,-200,122,94,13,16,100,55,-15,-13,203,128,24,-35,87,-57,102,96,63,83,-95,123
92,0,-41,64,79,54,110,50,43,81,38,267,177,168,129,243,-43,-32,45,-16,-25,149,52,31,187,9,134,55,75,97,-23,199,169,-54,-75,58,144,190,174,-7,40,134,-51,26,86,9,30,-237,-25,213,-31,120,174,21,240,17,-30,-8,67,125,-43,9,-39,-9,-134,169,47,27,-31,-22,133,79,166,154,130,105,78,-30,130,121,26,-119,11,59,23,72,201,-4,-114,105,91,176,161,-154,66,274,109,77,70,87,109,77,57,144,-2,154,113,135,54,172,37,40,-64,-66,138,-6,3,15,-75
9,80,53,91,105,174,5,94,-21,23,62,108,19,32,83,177,-35,-75,25,112,86,149,73,29,79,-33,8,-13,62,14,128,64,-35,-56,-146,94,-87,140,83,187,-21,144,-43,233,13,57,118,-37,181,-48,-94,55,154,31,95,1,113,-15,113,80,-91,3,76,97,-92,24,22,28,23,-18,-101,119,145,108,60,70,57,8,71,162,215,134,57,-46,27,107,20,3,-111,147,113,124,-124,40,184,71,30,171,11,9,157,81,77,36,231,246,-87,50,61,25,132,-85,-71,144,118,34,-108,70,136
-32,-94,88,26,23,-328,-58,73,-127,123,210,-186,-79,-4,-46,-35,67,-42,129,-25,5,134,-15,-17,8,121,104,50,42,117,-186,-208,49,153,143,97,120,-68,63,112,-62,-7,88,-52,76,102,-46,-42,123,82,-2,-61,2,147,100,161,92,-36,-97,97,107,56,-117,50,99,-47,-73,-19,-195,-112,56,73,-1,73,105,-111,5,-54,135,16,163,39,1,-140,134,71,-49,50,-31,1,-21,37,-68,122,2,182,2,-45,17,-49,36,38,259,131,108,218,104,166,155,10,-165,-26,257,113,-53,-57,61,-68,54
-2,-20,-85,34,10,-26,-46,-20,120,-89,-12,97,-28,-105,31,166,-125,-56,145,-62,49,89,-27,-64,8,-27,86,14,-83,78,-84,79,43,-14,212,40,76,12,-24,81,71,-230,-73,68,18,-29,-77,-212,-25,-25,58,-54,112,-82,-24,49,9,96,-39,11,-141,-67,-125,-102,15,-17,21,-16,-79,124,132,57,107,27,-54,51,-124,30,6,111,-70,-169,-131,-68,31,-109,-81,-49,-9,143,-45,-21,-86,68,-18,-67,-92,5,-47,27,-147,43,-37,-6,-93,-46,-15,-26,-114,-32,-130,112,-58,-23,119,83,-19,-128,-147
-22,159,-24,-55,-202,38,185,81,159,117,81,104,56,184,49,57,31,-43,-23,-6,-44,95,-115,48,135,190,43,191,79,85,36,143,-43,-7,-146,51,-41,24,119,50,152,43,-74,4,123,49,18,89,-106,107,164,139,86,136,21,100,130,-2,-75,162,125,138,16,151,-42,-3,-25,-15,-23,-41,23,-87,97,173,-21,75,166,28,-11,78,48,70,33,-121,60,37,51,-5,-148,-70,-74,46,22,-137,112,138,84,90,-241,48,174,-96,107,126,151,-5,-60,76,-50,143,-5,-99,-148,-136,186,40,114,-92,171
108,40,93,136,-127,150,12,0,39,59,86,109,78,69,-59,48,-167,61,117,120,59,58,257,58,-32,66,95,53,-89,-6,31,25,-117,240,-11,192,103,118,107,52,-76,130,91,131,19,9,132,128,150,5,45,126,108,47,13,-127,53,109,76,234,-147,140,-33,-1,147,219,-71,-32,27,115,-190,-66,12,58,214,35,-1,40,-12,-66,-33,-84,38,98,-154,83,39,-4,-3,109,145,125,150,-14,117,-8,-25,181,54,-5,-11,118,27,-22,-6,120,-219,69,170,-99,149,-2,94,39,30,-7,-83,15,12
-103,118,6,-22,75,45,15,78,-95,116,108,-62,-101,-186,61,49,-47,177,224,23,15,-187,24,-65,-23,3,68,32,-36,186,-76,100,-1,-1,-81,80,31,-49,-17,-13,52,57,-94,48,-55,57,-10,-98,-54,115,43,138,126,-93,19,-94,208,34,20,-136,-28,22,27,-2,61,8,-90,137,26,-20,-212,40,105,98,77,64,-16,-51,72,46,-156,-46,16,84,126,-131,-97,102,110,133,59,-84,42,-105,-128,-22,-151,-65,-73,35,139,22,37,11,20,112,45,-23,-51,143,-42,67,13,-47,72,-18,-21,166,3
-111,46,-48,49,-66,-29,135,-164,-60,33,67,61,-58,-30,67,-34,54,60,44,45,-125,50,76,48,96,5,42,51,123,-39,150,-49,16,-41,27,-66,49,91,103,19,-32,66,-58,13,73,-127,-65,27,157,-18,-155,103,98,21,14,-4,-77,85,-152,117,-24,-21,163,180,99,13,-9,53,-8,126,-24,18,105,-98,-110,30,75,54,-127,63,111,109,51,5,20,197,76,0,-200,24,54,-10,-54,-29,259,115,-85,31,25,113,76,-1,93,-3,211,39,-140,55,72,99,-81,-92,70,76,42,-84,74,-15,75
38,-129,69,167,59,-69,-41,-45,3,51,-130,-32,95,-24,33,-49,163,42,78,133,22,-30,26,-7,-127,-144,25,-159,142,95,175,-35,94,49,201,73,17,19,57,6,6,130,118,-173,103,11,-80,48,77,35,-83,106,-96,-26,-35,13,-6,128,65,152,197,14,209,87,-101,14,88,85,61,97,72,-35,-98,228,138,123,74,-123,104,136,54,-3,28,107,25,70,108,116,-57,-149,103,203,-175,217,-44,77,-69,-111,236,1,-19,152,-60,-89,-19,-151,223,240,15,-61,-1,63,187,-7,-79,-85,122,85,125
-49,158,134,-108,121,31,-41,106,-20,69,38,92,-63,10,138,8,-94,137,53,277,137,23,-167,38,118,-110,99,109,115,-118,28,90,-49,-56,-131,-145,34,-104,30,26,12,-12,-17,-15,-50,168,130,108,12,47,97,-130,86,-19,44,130,124,-59,206,-46,27,-50,109,71,-68,-54,36,82,22,37,-51,66,115,-68,-66,-95,255,22,-6,117,180,44,216,107,111,-81,140,50,-113,99,19,22,33,26,79,129,233,128,-87,-88,199,117,-20,190,27,72,-29,40,-101,29,-100,56,-58,95,23,-185,-129,-76,14
193,140,264,-79,93,128,-24,168,-11,-78,76,117,-56,88,29,8,-186,127,132,0,76,-70,7,-1,-35,-119,106,72,-1,7,208,139,-6,-99,-121,-27,178,78,-79,-35,67,11,-38,64,0,10,150,155,76,66,186,24,113,-16,40,34,19,113,133,80,43,139,89,-78,75,56,17,187,64,200,-63,121,-30,90,37,46,143,-12,43,54,-63,-56,-21,197,-46,-78,-66,14,87,107,35,55,12,14,86,77,-176,77,30,53,-50,30,15,116,53,24,126,35,-44,-14,63,-27,-12,-223,157,-43,33,108,140
109,234,-16,132,-30,209,13,145,-77,-33,-75,75,54,8,114,24,-102,-29,2,6,136,65,163,45,119,40,11,79,168,-124,-136,97,125,-25,34,159,34,145,39,74,-125,-123,95,120,188,-7,-73,-107,-32,-184,87,167,-93,-37,120,-54,-86,119,141,52,-85,-107,-26,58,148,33,-8,67,161,141,-115,130,70,45,-1,-62,115,102,141,8,6,-119,0,45,-88,-34,15,-65,38,97,83,196,140,2,-54,163,116,134,140,-3,-50,66,67,122,-28,86,32,194,79,-17,-32,41,-33,90,-18,58,-124,57,6
51,148,-179,106,-31,14,38,34,55,67,-9,19,-32,76,-23,83,66,-46,122,-15,2,17,10,-45,-34,16,257,184,10,140,78,22,-167,24,-13,240,-22,49,106,-14,-15,-96,73,-21,172,61,-41,46,9,23,-21,19,156,145,-1,35,172,211,69,150,73,156,158,-17,23,77,-68,-92,-32,23,167,0,260,104,85,-12,65,11,32,35,-33,99,-114,-117,152,137,57,68,-6,128,82,89,49,17,118,78,94,107,143,-84,127,63,133,17,242,94,115,-21,-19,-22,82,-39,-37,-17,65,164,81,-96,246
86,12,-61,137,206,-36,78,-22,73,21,49,45,-47,38,9,78,-17,111,127,140,56,143,103,-28,229,122,208,-7,-24,184,32,63,76,36,67,12,-4,83,37,-126,65,265,37,0,-78,2,25,-16,117,-15,-4,117,19,106,189,18,1,-52,142,111,-27,-13,51,55,-10,40,104,59,108,104,86,131,49,207,225,87,188,26,167,121,-4,-98,40,-49,52,17,144,-69,-145,-36,180,200,135,77,9,57,57,-19,58,46,236,260,94,58,44,34,-69,87,48,111,29,100,-29,-20,21,-18,16,-84,155
40,-264,47,-31,-21,173,6,-30,-106,80,102,91,1,50,4,43,79,44,-92,45,29,148,113,69,76,4,40,116,2,230,109,89,-3,-79,-17,160,34,-50,21,14,96,171,72,-24,-43,60,141,-30,130,-15,-14,-24,128,-38,155,51,197,-15,-9,-68,181,48,123,64,-207,30,79,110,9,-48,8,75,-68,82,194,105,38,74,-29,-32,23,16,-58,-111,49,-15,38,97,-16,-123,220,268,-80,37,89,-3,-121,51,33,34,70,7,13,-56,99,-10,-128,61,14,-111,185,-38,154,97,-1,93,163,10,176
232,-7,-6,-38,77,141,-3,52,-85,151,81,-41,54,-79,44,-30,17,110,133,80,65,69,42,-34,-64,4,40,138,-195,95,-64,14,38,-40,84,54,-24,-164,47,129,-7,38,63,14,-142,-51,-47,59,-26,-7,8,45,90,13,86,-49,-24,50,9,162,-2,90,-35,165,70,-41,63,-4,-85,108,-25,-6,-100,-26,96,92,49,77,-41,6,-97,-131,41,185,156,-14,66,8,-36,66,123,-126,180,39,-90,-16,-123,69,-71,104,0,22,111,-3,97,-62,-37,139,55,90,132,-59,-54,76,38,-61,64,62,104
-142,70,-68,180,146,91,-36,59,26,207,-77,24,5,-117,9,29,125,18,66,-28,91,174,143,-91,33,68,19,102,8,-19,58,122,-128,16,90,245,-56,52,64,48,62,42,-60,-51,38,-114,-92,-150,39,-63,-4,169,73,-84,151,-94,-43,8,-8,24,-32,-27,59,184,202,106,-91,-30,207,161,-64,32,124,119,42,44,116,147,-8,-30,141,-115,-6,11,181,32,220,66,-98,-5,-123,110,-50,84,-33,255,77,44,-90,182,-37,313,115,4,86,29,3,17,20,69,110,134,39,105,-172,109,53,24,44
-38,-114,-76,-22,264,-133,-32,37,50,213,-20,36,108,81,74,38,37,68,46,69,82,173,163,44,53,23,24,74,-41,199,-235,-7,-47,140,75,68,44,-36,238,52,152,180,83,-5,77,-52,17,62,-65,102,-96,-30,89,184,43,134,-46,37,27,-26,-15,69,-94,-229,-7,235,52,78,31,-187,0,-101,-81,-36,-57,83,-2,-32,-19,-29,64,56,-14,-45,124,148,137,-58,-2,5,20,36,-65,109,-116,207,-7,-58,44,79,-58,-1,81,65,-83,21,132,113,169,14,25,118,106,179,-160,-98,62,-189,-127
161,-24,-39,-22,-25,-30,140,36,100,45,11,-1,128,51,-1,217,36,-101,-24,-75,16,-54,149,-86,-40,53,-63,82,6,-41,58,-101,-16,4,107,6,43,74,-71,-24,46,54,42,239,70,45,87,85,48,12,-39,-23,53,32,-92,-47,-37,31,29,59,-37,129,-60,-17,-9,117,160,-24,-75,85,165,86,-73,-33,16,225,50,141,-4,65,-69,-25,-25,-39,14,17,-24,-25,-46,17,110,-130,87,-16,-39,41,-138,84,123,-63,28,37,-100,-180,27,14,-20,175,129,41,-62,34,-136,142,24,-30,-44,-28,96
96,-45,210,33,-152,5,127,-2,123,121,132,27,127,-15,-1,222,-111,44,-19,5,-118,-147,116,177,93,-21,54,159,83,-81,-51,24,-41,157,-160,-145,77,-61,50,29,-37,-23,-135,8,91,103,26,60,172,97,-11,52,87,84,-111,36,-98,9,-53,130,-93,-34,94,81,-35,-53,62,72,4,257,91,26,87,26,88,65,8,-43,115,-54,103,133,12,52,42,20,32,80,-45,68,24,13,203,94,108,180,32,-35,155,122,31,79,-5,-46,76,36,-123,-77,68,34,44,-23,34,-37,18,-212,-4,-93,-40
-13,-27,182,-144,-54,31,-107,-46,-13,144,43,73,88,-72,-105,-134,117,59,-149,7,77,-156,106,-73,-101,-15,-69,97,14,117,-5,73,-108,51,100,76,42,50,111,73,194,49,133,-3,-102,42,128,213,-108,-90,128,166,133,36,16,-90,150,100,3,4,48,129,-69,-66,52,89,6,53,102,-16,-18,-24,37,-79,90,67,27,48,50,40,192,31,54,-10,-25,-37,74,43,50,-57,32,151,35,73,14,133,44,18,-82,-59,5,4,70,149,2,-3,39,114,30,-10,77,-69,69,64,-69,131,107,15,53
-97,64,52,167,-9,83,61,-126,144,76,99,64,29,14,22,177,23,49,87,-7,-47,-55,63,-47,-59,62,94,-23,-4,-24,322,-37,-40,18,27,-51,52,-2,124,-104,131,-79,-1,127,25,82,84,71,134,172,11,105,74,-140,27,42,175,25,-44,-52,-98,33,15,186,-9,131,87,52,-139,86,-25,-88,0,35,45,126,-139,7,-91,154,34,106,15,67,-42,80,47,44,44,83,124,197,-35,108,133,60,-92,33,-96,48,-41,-50,-34,-22,95,137,-31,-57,-46,5,-44,-77,-38,203,-17,124,20,-39,-27
36,-78,0,127,176,37,26,-86,159,194,27,-30,-25,43,131,-17,-47,-18,-124,23,161,227,-7,100,101,-8,171,113,-12,-89,-59,143,-45,51,-96,60,55,-124,29,-86,-113,81,0,31,-8,36,-5,-20,162,73,76,-54,60,-5,186,42,31,-61,-96,108,36,-64,-21,13,90,70,-19,-103,61,5,-78,142,6,-50,31,68,118,180,-81,-64,69,-95,-27,-62,79,71,191,10,27,-19,6,146,-17,-34,89,183,37,-9,-112,92,47,6,101,97,-48,-4,-79,35,-18,10,193,79,137,42,79,107,110,-42,-59
-8,166,-68,44,-110,39,41,19,-2,-110,-34,140,9,-58,-58,141,34,13,202,-63,-35,-172,152,-42,-64,-60,30,58,83,-135,87,200,21,-94,100,57,90,181,126,29,179,-44,-55,-30,49,-28,26,-32,-42,-155,35,-41,188,-19,14,-46,156,150,90,-142,-94,12,58,36,183,57,-50,2,25,121,-58,180,95,54,-19,273,-5,-38,-18,228,80,119,20,45,-3,-12,64,159,-59,162,22,178,-70,-2,31,-9,-189,127,-32,76,40,116,-82,26,60,66,5,27,1,52,-81,-3,-86,96,-27,-50,30,-8,77
56,-66,142,138,91,70,45,26,48,-50,-9,255,107,93,1,175,-50,-65,44,-25,48,240,227,-86,63,6,-23,-70,108,-41,158,61,39,-2,124,28,55,68,12,-30,-96,144,-84,67,44,-53,169,32,177,-73,64,120,75,-104,83,78,92,112,221,-73,-103,-16,-86,77,164,61,56,-2,29,-26,170,-25,48,65,36,105,6,-4,-58,-11,55,87,26,93,46,27,-103,68,115,39,101,277,138,147,179,57,-64,89,19,50,29,31,103,-16,47,211,-99,69,-41,-69,14,159,-86,51,48,-7,-5,-29,-106
14,47,66,159,-50,118,21,46,70,210,87,114,27,-138,44,70,-34,78,-78,52,74,36,117,30,9,-137,2,27,29,76,143,138,-22,76,9,18,-61,-75,42,180,108,-266,-105,180,24,-76,53,67,155,-59,117,112,25,-105,-5,9,99,211,121,23,-90,159,91,-8,-89,165,-41,104,122,77,203,45,78,-58,51,-72,-6,-52,229,90,58,56,3,116,69,151,17,73,76,117,-22,-9,8,139,168,11,212,133,46,64,-85,33,104,107,-67,2,-50,84,-119,-159,-64,-83,20,102,113,-14,-51,-79,-54
-98,16,9,87,-101,-92,-63,5,7,-145,140,-121,-176,-164,27,-14,111,67,-49,43,34,14,-198,-22,67,21,63,-191,46,137,18,-3,139,-152,26,-138,-53,-43,-98,-8,-98,-83,130,-161,-24,-9,-89,-113,83,-82,-50,-32,0,104,-77,-4,1,-87,-26,-14,-57,-80,-62,38,0,-111,-146,72,-16,9,-73,-49,-70,-168,87,-6,182,-79,74,-96,-51,-19,16,-19,137,54,-57,-68,-56,61,28,-76,-111,131,-40,-120,101,26,80,125,121,201,102,10,-143,62,-55,30,21,100,-136,-140,168,-120,86,-82,-45,56,2
51,-27,-78,-256,61,131,-39,55,-188,-93,57,-32,68,49,58,-54,78,-92,-121,-22,187,-71,61,-152,-37,47,-30,4,38,-71,-57,-196,306,65,-76,68,45,79,5,23,38,23,20,-7,71,19,10,133,-13,-19,105,106,-85,-23,125,-5,64,72,69,126,1,0,-109,65,134,-50,92,55,-50,-197,10,-112,-91,73,108,11,-75,-4,42,-2,47,151,76,-123,-72,-66,36,-158,59,6,33,104,168,-118,-52,48,-41,29,-66,-50,-75,-25,20,-61,69,62,-34,115,206,-60,13,-42,-133,-68,22,76,215,141,-64
-116,-149,32,145,26,-24,62,33,101,101,4,136,76,-128,132,-55,97,90,105,105,-75,37,36,-161,-9,-131,77,57,28,15,225,-32,-52,84,-25,134,-64,-4,206,118,47,58,-54,-34,-28,52,-110,144,-47,82,-132,177,141,-23,61,-20,23,-9,-54,103,5,1,91,176,33,28,23,-64,-25,94,59,4,94,-31,98,67,53,-56,41,148,-92,58,-37,-58,186,-94,-1,37,-29,37,112,118,169,8,129,10,-45,172,-49,62,120,44,19,-127,152,26,-38,181,80,16,8,22,84,7,28,60,59,18,26
-48,180,-36,95,-42,15,20,69,65,26,53,-47,73,-12,27,69,-83,-91,-19,-29,-87,2,-7,-12,25,64,45,87,66,-18,-38,153,-95,137,-198,-87,-32,-196,-7,41,-125,-126,-69,3,-75,58,60,102,-25,-108,33,-71,160,167,-147,-20,9,13,91,-51,55,55,34,-68,25,-58,-82,101,-29,31,-100,-100,60,-97,-83,-3,157,-111,1,51,-82,-17,56,-21,185,177,-146,110,71,212,-78,34,-10,49,154,-138,153,70,36,-84,106,-58,8,8,203,168,11,-32,-190,46,5,-37,-65,-57,146,-25,-186,-42,102
-45,17,121,110,95,-58,102,80,94,194,198,125,185,4,-58,42,-1,6,4,77,106,-185,157,-1,-15,165,-57,160,81,23,-25,-46,95,69,86,-184,107,145,32,-101,-73,196,149,-79,8,106,109,79,119,65,110,209,34,172,55,-71,212,35,3,-53,-20,13,4,-17,25,89,98,258,-4,168,-95,111,-26,91,165,97,169,-52,98,43,163,-227,81,23,8,80,134,12,-106,-52,156,-103,86,25,-13,248,112,-43,-40,-59,155,212,199,60,-3,140,115,147,159,147,-17,-54,-84,40,-92,-94,-17,93,141
179,165,-28,-99,113,32,135,204,-21,-109,230,-45,-141,-33,139,53,-44,118,-103,-45,-108,-10,218,3,87,4,-100,82,5,84,7,-31,301,-63,-61,129,-49,-36,-94,45,-86,-40,-209,121,-12,-37,261,-58,130,67,-86,-25,52,36,35,-126,-89,54,-37,21,22,-133,-74,-24,-122,190,-92,-72,-63,150,-23,39,112,-134,33,-65,16,121,264,58,88,261,10,56,31,15,-27,-119,-3,275,16,-20,104,97,93,92,-38,-13,98,42,46,15,-13,65,-176,52,11,-17,-5,74,62,1,-21,-31,32,163,-90,170,-128
47,97,-140,43,-85,136,71,55,153,7,49,132,4,19,168,58,-116,-120,-28,18,83,44,37,97,123,-11,4,51,3,47,33,120,45,-107,-96,51,69,10,48,13,35,-106,-148,120,35,85,84,-80,-34,7,-37,-30,83,239,31,111,-59,186,121,182,117,-89,44,-114,123,47,-38,51,64,-30,-1,212,109,24,97,28,140,-17,25,140,-5,74,-42,126,93,-35,62,38,12,60,-18,90,99,-2,173,29,27,22,173,-15,-1,49,11,68,49,-63,-143,-19,-34,25,186,208,43,81,-11,63,-18,-159,-18
201,56,6,-17,-79,27,-20,-10,-25,-38,240,35,-89,-85,-15,-129,-32,-14,-54,24,84,-126,-63,-49,-17,17,3,-131,19,122,-39,111,69,13,99,-11,157,31,-57,19,116,-146,27,-175,-4,-84,78,-13,182,-196,118,50,32,18,-107,149,193,188,2,-79,-26,-214,106,-25,6,-28,26,182,-7,78,10,120,-70,-82,131,-9,-74,-115,149,162,225,-12,63,-125,52,-99,26,-2,71,88,180,266,110,162,-32,-114,-13,48,-120,16,-43,250,-26,28,-30,89,-174,65,-5,-69,-160,-105,31,-151,-74,-29,7,-76,17
-140,94,14,84,-41,57,17,113,-40,-79,98,-164,-206,43,-38,-194,85,-60,16,43,73,-75,-9,-93,90,-61,-10,-49,2,-71,57,7,23,5,46,-82,-307,68,134,67,-173,-83,63,-26,-33,48,19,88,30,89,-73,77,-48,143,18,-154,-22,-138,182,-83,64,23,156,-22,-16,-160,-27,-28,36,17,-114,25,47,-106,180,-98,103,-79,-22,-28,13,75,133,80,149,124,-32,-153,15,40,35,-128,9,13,66,-4,122,-35,-10,-62,134,-135,71,80,79,67,103,-36,-48,-61,-32,-21,18,-106,31,-36,62,68,45
90,232,-196,-28,121,249,97,58,-15,118,-78,55,25,-40,210,32,-149,-144,-50,30,67,74,-5,-121,-63,25,-5,63,-27,40,-134,70,160,56,3,28,-63,-7,-53,109,9,62,-17,131,164,-45,150,-123,-27,-48,1,-13,99,-74,-27,11,168,189,34,55,-103,35,-92,-116,-30,-14,-7,-2,10,60,-37,256,114,120,25,-10,-5,-25,-139,32,-85,-18,31,177,17,19,95,75,29,51,-101,130,-65,-32,130,-85,133,161,45,70,-197,69,71,64,104,-71,-26,50,0,-47,94,78,-127,107,22,61,55,-57,-8
-24,117,21,-2,156,8,19,-7,155,33,-46,-21,190,46,-5,-31,-34,-3,139,126,138,-159,19,-16,246,-114,128,116,-46,53,184,206,-42,-22,-16,-2,42,110,69,71,90,-30,27,4,183,-90,14,274,-187,186,14,42,125,230,32,47,-36,132,197,134,-123,99,12,213,-40,-66,111,122,-62,145,154,-61,4,85,160,64,-8,-72,35,50,141,135,145,16,107,63,-8,1,52,35,49,108,128,32,1,173,46,136,39,100,227,-98,66,252,132,105,181,160,-10,-24,-13,-55,6,68,21,-156,176,-31,170
-58,86,5,13,129,-65,30,40,68,25,-194,128,163,184,46,296,-185,76,49,-42,180,182,214,227,35,-10,27,115,-19,-142,-3,74,-54,171,34,147,117,19,22,55,-108,58,24,105,137,-68,120,165,229,77,-67,43,77,-35,136,63,118,148,105,48,-27,106,-55,77,109,151,116,102,108,-29,146,115,81,233,88,212,115,28,3,-52,-76,51,-70,77,14,117,12,70,86,57,13,-41,56,-50,103,123,82,-16,-10,-15,180,109,-70,104,150,165,189,5,266,110,80,192,13,-34,46,-52,46,27,57
-164,20,-140,-9,138,24,72,33,129,-56,146,200,72,-160,84,177,-66,8,-38,-50,82,83,58,3,45,-26,62,10,76,-26,234,28,91,-37,103,149,161,59,19,-64,28,24,-74,44,-131,36,29,106,135,129,107,-108,200,18,60,78,60,150,79,161,-148,-9,-69,49,67,118,5,28,208,35,2,-77,16,201,86,138,59,-51,18,270,238,244,68,-111,35,-40,211,-72,-126,74,-1,218,-100,25,72,46,-89,110,-223,17,102,141,55,45,-50,-31,108,-23,189,-163,26,94,59,52,-18,137,169,-70,29
10,-141,-85,-65,-71,41,13,313,105,-113,-129,-49,117,-41,117,-89,13,114,-141,-24,151,45,32,-175,-158,-67,26,126,-154,90,-11,-132,112,66,-142,-10,-25,-102,-167,-28,6,84,79,246,83,103,67,3,11,-115,-44,97,49,109,67,-148,175,-98,99,116,150,10,-85,239,-8,20,-138,152,-156,147,101,-44,196,56,125,70,113,37,1,-92,-192,53,-97,111,-88,66,-155,45,-3,-99,67,47,90,-38,79,-48,-98,139,176,-73,-85,-66,22,-138,31,230,88,146,99,24,19,34,22,96,-60,-99,-2,83,122
55,45,-123,-18,-16,12,96,-52,162,103,161,-65,164,-29,7,-75,-135,24,77,-31,43,14,-105,101,7,-46,115,19,-137,-77,11,126,-84,39,-87,2,103,-103,-71,12,10,-101,-28,76,14,50,-108,155,99,61,95,68,68,-9,-61,135,42,112,-99,118,24,-59,-2,199,55,-39,79,70,-41,222,-37,125,10,25,61,2,-86,30,46,-10,-8,80,-7,77,186,-12,42,151,4,4,-15,-106,142,-9,41,52,33,16,139,108,69,-138,-14,198,179,-143,101,-16,-43,-57,-85,-143,15,-168,69,-120,122,-107,218
105,-10,114,35,102,64,33,4,120,137,32,75,139,-1,-79,-94,-56,149,67,94,94,-36,-34,1,-77,-164,-52,89,-32,-94,41,165,76,-9,16,86,32,-51,17,108,-17,-6,6,-14,33,-78,1,126,-16,32,-16,101,48,-78,38,-52,43,188,54,77,-14,-58,-73,113,-92,13,64,-26,124,-22,117,107,-61,20,39,50,-107,141,64,-25,51,41,69,42,-54,43,-49,-14,34,-30,-54,23,-5,83,56,194,45,11,27,-5,49,-107,92,191,-108,-91,207,183,-51,-45,55,83,64,-3,10,-37,69,50,3
-132,73,8,-28,127,46,-94,196,-85,66,54,-26,59,-126,30,-43,-2,139,-39,47,51,95,87,-141,123,-26,23,125,3,182,132,92,75,47,65,71,34,5,170,54,250,74,-49,84,-93,25,99,32,-55,-15,-79,10,90,70,173,34,130,14,307,72,-72,18,-23,214,-29,26,66,25,195,115,90,152,179,72,273,122,81,59,103,94,-8,-43,-83,172,31,142,-59,-34,104,-42,166,178,99,37,39,141,-130,-14,97,-116,67,117,-134,-45,73,142,36,205,39,-47,-3,-34,55,45,-51,-53,-19,78,-4
-64,144,42,344,-102,104,138,62,-24,58,84,-51,-85,-38,-25,-25,74,124,97,-106,-108,17,72,-30,2,-79,170,-63,218,72,174,21,229,-151,-13,2,-137,162,-37,-65,-59,128,-59,106,96,91,34,-133,74,-36,23,112,-114,-189,175,-35,123,44,112,-33,193,-94,47,263,80,48,-142,-65,108,140,-58,123,-73,11,22,42,96,131,68,-17,-168,154,-46,210,173,164,39,54,83,-3,31,210,-120,25,95,89,117,46,56,187,42,134,39,-33,59,-122,111,68,-116,151,-91,0,167,91,-96,116,76,157,13
-21,-10,-28,147,97,-46,11,-108,39,46,-79,59,106,8,-35,86,106,-85,116,124,-123,-73,145,-8,-14,-79,-7,-3,-13,23,-59,-13,-30,17,152,-44,-205,-57,43,27,63,-22,-93,-73,46,-123,-57,47,85,42,-64,17,82,-180,-47,103,-10,-165,-143,-61,-54,10,95,35,27,32,99,64,-63,-76,150,-122,-55,-69,-44,28,12,55,106,103,34,57,-60,-15,164,14,-87,191,-18,182,-209,-99,130,59,48,76,73,4,142,26,68,64,109,-38,41,14,40,-104,-123,89,56,-28,-84,193,106,143,57,14,1
100,35,-129,41,-101,-81,129,-25,61,109,155,-69,-57,-16,-74,-30,58,-115,55,50,-54,12,-54,122,120,-118,-42,38,-70,52,-11,57,125,-140,92,-25,118,-141,69,75,122,20,33,-212,-10,-88,118,-32,8,-65,-145,-37,-47,245,-14,108,60,-47,92,127,217,32,-36,80,39,-70,88,85,-14,7,33,101,-42,-138,81,63,-46,-62,88,13,68,68,98,69,100,-24,124,-101,-63,-26,17,89,38,-46,-43,114,58,-148,-2,1,51,-60,55,103,8,-157,-81,-22,-22,-39,66,-33,83,-16,-108,-83,153,-119,104
-29,150,-35,13,58,46,236,-9,-7,195,85,220,-11,51,-111,72,44,170,175,35,-100,-118,86,-39,-69,-23,-82,109,-89,-169,165,54,25,-32,-77,-56,-146,147,3,-11,27,140,15,-11,-102,162,220,52,-6,43,69,177,134,-104,102,-154,278,258,77,-165,-171,-38,75,-119,-86,177,-44,124,-104,153,-29,30,-10,87,60,39,5,149,-103,2,-90,-73,69,169,69,13,-10,20,26,119,69,-108,112,-59,53,-47,-78,101,-1,-45,5,170,-174,-96,-23,-78,-137,-52,85,104,-123,-172,-97,-75,5,-36,-88,146,-26
22,-96,-44,-65,39,86,-5,43,14,-123,-18,79,-141,112,120,78,-64,35,63,14,222,27,97,69,123,77,149,155,90,-125,-15,23,37,1,60,129,-113,41,102,-9,58,-138,209,-29,-64,2,-30,-43,57,22,-41,8,-106,4,75,111,136,44,52,-72,-31,-184,22,148,81,33,59,-29,109,43,-140,154,147,99,102,-19,-81,-176,-52,4,10,50,41,12,-85,-282,-77,40,118,7,40,44,49,39,-157,-209,42,102,117,9,-92,-12,-53,8,-184,-218,-107,-56,-148,-143,-19,217,29,11,100,40,-70,86,-162
-152,-121,76,140,-21,107,-2,40,-155,5,-3,74,-128,172,52,-120,-29,-25,211,256,15,19,-98,33,-22,43,17,-75,140,-49,-84,80,-1,175,40,167,-75,10,117,-43,-121,16,133,-32,141,-34,-92,-117,228,-166,-3,185,104,-49,39,-227,33,261,-20,83,-64,-52,103,4,153,104,-102,22,-1,39,78,56,125,-112,83,-21,29,154,32,-13,114,-84,-79,-94,92,270,135,10,-34,86,82,69,-136,142,374,72,244,164,222,117,12,30,100,270,184,264,65,261,-97,63,-36,-84,183,82,54,24,-54,1,157
-85,74,51,58,2,-135,89,42,57,-3,126,-29,-51,66,-113,54,-112,41,93,42,-116,4,-96,-10,85,-29,-48,-1,70,-123,76,-53,126,-62,32,-30,-33,-171,88,-151,4,52,256,-14,-25,213,42,-4,115,-34,37,117,-60,39,46,-109,33,109,186,-20,192,-40,-36,176,162,113,-161,-55,67,101,-52,82,182,44,182,178,221,182,199,-56,-121,46,5,102,71,56,11,25,-56,70,-14,-145,91,83,-10,-3,103,74,103,-32,147,23,1,64,103,-45,46,131,-172,99,-21,-15,85,34,56,114,-121,190,44
-149,72,6,102,-70,-61,96,72,16,183,1,102,45,-28,-113,16,-12,-152,107,-2,-136,-149,42,139,62,3,-82,-111,-30,-85,51,55,-80,55,191,-6,81,1,87,-12,56,115,110,-54,101,-46,115,236,-39,54,-19,45,159,9,59,4,7,73,125,-22,-58,-41,17,-137,10,150,-4,63,-81,98,-56,-85,31,3,54,22,-70,-162,-38,-178,6,-15,142,104,155,215,87,88,91,140,-19,107,-6,125,187,103,216,-64,-19,-16,-19,40,127,35,150,110,150,-19,70,-10,152,59,88,250,-135,18,76,163,-11
84,85,136,46,65,156,-29,28,-11,30,9,-13,34,-10,177,38,20,29,35,-5,79,-4,-118,-11,94,-109,184,31,49,20,22,158,-4,50,-95,-94,-20,69,78,155,-11,-107,31,-15,-2,110,-56,55,-35,155,49,-65,80,-99,55,68,-136,-35,15,51,-9,89,-1,-3,-81,-162,-104,3,0,59,0,42,49,-202,103,7,50,-49,107,90,-61,38,34,85,59,-84,151,-46,24,105,80,90,-100,-45,13,2,12,20,69,104,1,-47,52,161,-18,11,-87,69,46,-55,-31,-77,62,-32,29,45,38,23,9
136,-149,-7,104,-156,62,-65,-64,65,78,-76,118,-77,-144,-25,111,-141,80,109,106,59,22,112,72,-26,50,200,-98,-47,-36,15,95,-64,63,-9,86,76,55,15,9,-20,-134,223,29,150,23,-58,-113,150,43,-75,-60,-12,-1,-117,-3,235,59,151,-50,-170,142,17,-28,152,78,-53,164,168,7,99,41,118,-15,-6,162,-95,-28,-13,-162,35,-37,-43,55,93,54,117,127,136,185,23,28,15,-110,16,-38,-18,170,29,83,130,-29,-101,28,114,138,8,-109,69,-58,48,28,8,67,141,73,96,98,105
-117,92,-139,176,59,-17,77,106,-1,33,246,-40,-3,39,-154,70,-59,-2,136,-89,81,-45,23,-105,-71,-45,-8,58,-87,0,218,-35,19,-26,-134,81,-37,-58,43,-140,-44,-34,-182,182,-58,-42,93,-32,173,25,97,90,92,-65,31,-87,-28,-9,-47,155,-31,9,43,125,111,188,-118,-1,86,-100,-112,-66,70,-1,16,-41,13,29,63,36,3,124,-20,-23,-150,-32,73,-80,114,74,-74,36,77,108,16,36,91,83,-3,27,55,118,-24,9,-90,1,31,-161,-71,32,-37,46,142,-120,-83,5,-99,-10,-43
-26,-52,54,-75,42,-39,144,-114,102,158,49,31,38,-52,56,-28,90,53,39,93,-7,-115,49,53,-42,-79,-38,108,-1,182,-48,16,59,9,-19,-73,80,25,64,-82,160,8,63,8,115,49,-41,123,9,123,-106,35,109,6,-6,27,23,69,16,85,41,-122,69,-2,22,52,59,80,28,116,1,6,3,-82,-86,9,-10,-40,76,48,-32,171,-45,177,-45,-65,199,-179,-36,-2,117,64,88,38,55,162,25,-14,112,15,45,-148,37,-26,9,-99,8,124,163,62,90,25,64,106,-173,-30,207,-84,-58
47,-67,-22,-126,186,-29,87,-124,116,22,54,44,-78,-89,93,-170,-52,155,127,-174,28,-49,3,-147,18,119,-23,86,-204,161,-30,-33,82,-89,63,116,134,-18,-73,24,127,150,108,8,15,-36,59,-26,-193,16,8,42,89,135,-212,-56,134,7,33,-135,111,-20,-204,76,-87,-17,79,90,-32,-56,-89,41,-46,32,126,75,21,74,36,-75,21,13,81,67,124,-15,-103,106,-110,-59,12,-8,91,28,-98,-19,-37,101,40,15,0,-15,7,76,-51,-60,105,191,4,64,-48,78,-31,-35,-68,4,83,-118,180
95,54,23,115,-127,144,181,-43,-52,22,73,112,-84,72,-35,-116,-55,-191,181,-10,-79,-157,6,70,137,42,29,-130,92,93,50,157,-41,-54,-93,110,83,222,-57,-55,21,-76,38,45,165,34,1,39,160,175,29,236,41,24,-111,-96,-36,121,-88,-173,53,-7,58,-46,40,110,-106,85,-122,-51,-10,-151,-149,-156,70,-46,94,-44,127,-6,101,47,8,-70,80,117,243,-39,-126,131,1,144,45,90,50,5,82,174,65,116,-6,42,30,103,105,195,-33,69,-12,31,-150,-130,20,157,38,69,10,-120,17
288,42,-111,-78,59,97,171,74,59,84,85,41,13,45,235,104,-137,-5,60,130,-19,201,286,148,107,157,127,90,-63,54,-69,44,164,-25,-22,232,88,-80,81,109,-25,115,-46,91,65,64,233,105,-29,52,-69,73,102,47,18,66,187,97,75,150,-5,34,49,-72,175,36,-66,39,13,86,-136,188,-102,123,73,107,61,144,-41,-105,-46,13,48,47,101,5,-43,212,68,38,-8,60,194,83,26,53,-131,160,80,-38,51,60,126,127,205,-10,-45,-64,-4,-49,274,182,-3,119,90,131,-54,80,120
33,-201,240,-18,-35,-59,-83,1,-2,28,152,24,18,113,-157,50,-110,153,153,61,23,-34,-1,194,69,-208,146,39,47,126,22,88,46,28,-46,45,42,-5,146,-25,2,-25,85,-91,75,42,107,136,175,159,8,89,131,-38,125,-66,17,-4,176,40,-5,142,30,42,-9,-27,-101,17,98,33,93,-66,-65,99,157,126,57,77,32,8,61,96,-21,-3,74,-130,220,-103,41,-58,142,96,-81,175,153,36,-42,96,-25,132,123,101,57,101,-15,69,-10,-45,86,-14,109,-32,270,-136,-9,9,121,34,80
95,85,-7,3,54,-102,151,9,91,61,-77,-6,7,-23,63,40,100,174,96,-48,19,107,101,-125,18,77,-26,138,80,-21,-6,23,41,-13,-60,172,12,132,-30,72,4,14,-32,26,123,120,50,-34,-241,93,-92,56,101,196,-101,-46,53,98,138,108,158,62,-107,116,203,13,38,51,65,51,18,77,81,-41,30,51,12,64,192,116,-154,6,72,212,101,29,-93,-1,-17,-48,-127,-10,31,-129,-109,172,18,-68,94,46,83,-118,127,145,-80,-38,8,240,-31,104,-9,127,8,34,-74,-116,-9,25,38
-220,152,57,102,59,24,27,-63,40,-17,-21,-101,115,59,134,33,-6,-40,-98,-177,-135,-24,149,-9,68,129,152,100,74,59,43,168,-121,116,-9,25,-52,28,79,-73,129,-34,-94,-119,82,-7,38,-155,39,-31,-16,45,61,69,68,-90,76,-86,34,151,34,152,-121,118,-116,-54,33,128,62,13,129,-61,46,13,209,54,-27,39,1,-59,109,-52,-34,-143,138,10,33,48,-47,144,-85,155,16,-1,54,-73,132,-218,-3,158,-15,188,26,24,49,-21,-79,85,57,-171,14,72,-22,72,83,-169,104,-109,21
157,-70,67,-12,-96,-195,-181,140,190,102,238,8,-40,108,22,30,102,212,110,-109,122,18,67,-107,-54,190,197,54,28,233,78,-71,129,-57,106,131,-104,196,36,-58,236,31,186,81,81,-53,181,37,25,-25,-47,146,3,-17,187,-71,291,101,161,101,56,-48,46,124,178,122,49,-79,137,-8,77,-2,44,-40,213,121,-127,186,88,-174,-4,60,42,55,-17,-124,-133,37,44,49,21,-69,220,140,28,60,-17,-110,-51,-84,102,85,60,0,-211,51,-59,37,-31,35,3,105,179,-68,-6,55,0,93,-63
176,-33,215,-49,-23,19,-32,26,-28,32,-89,70,68,20,21,-35,-19,6,189,76,-6,-161,54,36,117,-47,105,-21,78,76,-114,86,174,-24,38,-93,42,122,113,-12,72,184,51,31,90,32,102,121,-133,12,-24,100,62,-13,152,-97,-116,108,105,-56,-13,4,37,-3,88,-140,74,104,-58,78,50,54,94,-112,55,123,109,-147,86,78,79,41,52,222,26,-23,9,100,34,79,51,170,103,97,47,48,-58,-94,140,-32,-111,-24,169,98,41,-15,34,-19,-27,127,27,61,-42,36,-15,-58,58,159,52
-133,65,169,12,-96,-234,-86,-7,58,13,-62,155,-157,-40,-24,-70,-94,90,-17,-71,-33,-9,-56,128,64,-79,77,22,76,-32,9,22,214,14,-25,-114,77,-115,96,-81,40,117,83,-109,13,51,58,-58,-19,-93,-37,-2,8,167,70,22,98,29,118,86,58,0,-104,48,94,-33,-178,80,109,120,-76,-37,166,-4,1,136,195,0,7,-82,-46,12,63,80,187,202,-40,-31,25,97,-23,-53,-72,-15,152,108,1,-73,-108,-24,-2,63,172,3,46,-7,135,-53,68,78,33,2,126,3,-4,53,186,195,2
78,-52,-50,64,-43,131,-36,73,-8,2,151,57,21,73,-24,22,12,-114,58,-106,104,65,-56,-65,74,-28,71,3,-70,-82,30,-39,61,65,60,51,-146,96,75,142,-106,5,27,104,-44,32,11,5,144,52,-88,34,-77,-55,129,40,51,154,11,150,-147,-60,-57,155,-84,9,48,16,-145,-186,161,126,32,-22,38,-21,-176,-17,115,-43,48,136,25,-125,69,24,8,-67,282,146,240,62,-26,21,88,133,53,30,85,44,-62,-14,61,30,56,84,136,32,218,-6,-76,-101,-129,3,64,38,56,77,-140
129,44,-24,-53,85,35,78,89,2,3,54,159,67,-76,-20,-89,15,-33,-236,71,64,-12,-40,72,44,111,32,-31,-48,19,118,104,192,5,12,-57,88,-30,-129,-34,25,112,158,-86,-165,-135,69,68,49,-102,103,193,78,82,88,144,176,30,113,33,18,42,-56,-42,-38,-79,14,67,42,145,68,-68,-64,135,229,153,-83,-6,-87,-94,152,-100,147,25,-50,150,13,-35,20,-42,105,289,91,126,77,-79,-152,51,50,88,-37,55,-85,47,-26,-43,194,50,123,-46,203,-70,-81,-50,-5,177,116,51,102
14,7,-70,146,48,68,39,74,102,152,32,73,159,-11,70,98,26,-89,38,131,-69,31,-98,19,-76,-79,158,-57,248,40,-38,-33,8,-53,-50,-67,-64,0,15,84,-62,122,-11,-37,-30,76,-5,34,73,74,111,-38,101,114,86,95,-68,-13,154,159,-37,99,83,-121,45,-19,-13,48,65,154,236,-239,62,40,82,-20,105,59,-10,76,128,86,48,56,201,50,16,19,-189,85,-131,214,41,-48,80,234,27,47,144,-39,101,-26,74,49,161,113,95,-3,-9,45,107,66,-23,84,157,-63,-11,-21,114
160,7,-203,-20,114,170,19,117,111,165,-29,195,38,116,106,41,21,25,-24,51,89,60,-31,-91,15,49,34,-20,87,131,79,35,126,-22,61,124,131,-18,77,53,189,115,-30,166,17,-174,12,37,65,109,-97,-17,171,103,36,260,49,199,8,-5,25,-168,-8,136,49,143,149,61,16,-158,253,158,95,1,29,-96,-174,-57,-76,145,118,275,120,91,5,301,12,-9,-51,-77,-41,187,-26,32,52,139,-40,17,81,-19,-2,-185,124,79,220,202,107,183,-100,162,-43,177,-53,241,178,-10,52,-138,-29
-77,84,36,39,-125,85,60,95,40,-64,-10,13,86,166,-5,26,-95,29,-42,82,88,65,-73,-35,33,-24,-6,-4,125,59,-40,-62,-58,123,-26,78,-188,37,179,-27,-31,92,-88,131,157,-16,-64,-7,116,115,46,-17,19,-103,78,6,15,139,23,144,-13,63,247,75,17,97,13,33,-3,139,58,256,242,-53,25,-25,-142,-126,70,64,5,113,-216,89,-18,18,-40,109,84,9,97,34,5,-34,-69,-110,115,10,74,76,114,11,-66,131,88,100,9,120,-60,-22,-104,91,52,25,72,-128,-28,-135,-42
220,-160,97,16,-131,-64,106,71,86,-125,241,18,-40,-16,27,34,-90,150,-15,-32,-24,7,19,34,-87,155,31,-150,101,96,14,4,31,-58,-69,93,91,-60,2,-4,-145,-49,-17,-6,34,90,61,51,237,-55,-10,173,64,-5,-37,-63,109,121,57,-3,108,35,18,-72,142,45,-6,20,-68,76,-28,-62,10,-68,-82,166,10,-91,147,36,-85,55,-35,-48,23,2,-102,-52,41,161,60,102,144,70,163,-44,-33,117,78,72,-7,-34,16,-92,21,9,-3,123,77,-12,-4,15,59,2,107,140,-91,118,-29
-12,43,59,-4,48,58,129,-74,-23,96,-15,69,67,12,-5,-62,-123,-21,-62,57,-13,20,37,14,66,100,0,144,-6,-157,-2,141,-13,119,-1,-149,-11,-219,121,53,118,-42,-108,158,-116,-24,-33,36,32,-144,122,-201,113,132,-9,95,27,85,-89,-185,-34,113,11,-6,-37,-49,-78,185,121,-106,66,100,172,-67,-63,-91,89,77,129,77,99,60,3,-51,50,157,-90,65,-17,-14,-18,35,-3,42,66,91,155,58,-12,-90,240,23,-118,194,76,12,25,16,-131,-59,-116,52,-27,68,-46,-95,-64,-149,35
73,-131,-53,15,2,103,-3,57,25,-13,1,95,74,-45,-34,31,75,90,93,8,-100,-41,-58,8,15,86,98,-86,113,-7,91,24,53,-210,71,13,-74,-32,-10,-48,-73,65,195,85,-131,-97,-125,2,-50,-71,1,201,21,40,-75,-24,101,-43,38,-72,15,51,-51,65,33,20,40,-110,-67,-38,28,-125,45,161,133,181,59,-11,-109,-110,8,-34,45,-68,19,71,-174,128,-17,5,38,96,-35,151,70,-128,32,66,68,36,108,-43,-11,161,41,32,122,53,-140,113,59,-74,15,-2,30,156,23,146,64
-148,-152,1,74,40,-129,-55,36,33,52,164,-53,-2,69,20,173,-92,-3,170,19,63,-21,-37,160,41,-177,145,-24,77,106,11,-11,59,-9,-14,-105,129,-17,257,33,-18,30,-30,-47,131,154,-42,-75,16,70,-58,162,57,78,72,56,56,-126,242,68,-21,52,38,87,52,-59,-35,62,105,-77,-88,84,-12,7,116,31,110,-209,141,126,117,133,39,-73,8,12,148,-4,55,-33,191,86,-52,71,-86,21,95,41,-22,-23,135,-59,59,167,38,-4,195,-15,7,-50,-63,-130,264,-82,43,-126,1,44,93
-34,-139,-64,225,77,68,76,89,204,222,51,43,164,-75,75,94,27,-124,195,-48,62,7,-17,111,80,0,61,-47,-26,148,49,166,-116,-52,28,7,-6,37,-21,229,-77,47,38,-133,147,114,155,8,-14,59,53,80,41,191,-150,-22,-93,-22,20,219,7,95,73,-134,-18,-11,-41,257,4,74,25,-77,-21,101,54,1,44,-94,67,-96,73,-118,36,124,66,40,54,61,8,152,-53,198,3,-45,31,152,71,32,22,137,-66,-142,201,60,-1,65,11,1,34,-11,211,43,-78,-35,89,68,10,-9,126
73,-35,52,86,83,-52,-46,12,111,134,166,29,21,15,-43,14,111,187,168,-27,156,117,45,-36,-52,-165,175,106,-155,96,195,-109,58,-107,33,71,-63,106,105,222,89,-8,33,91,129,41,-60,197,-26,215,50,-74,76,105,-9,73,225,172,-16,115,-3,36,-17,63,-208,23,-163,102,36,71,53,-174,-111,145,192,-95,-63,85,-19,3,-56,68,104,51,28,111,-65,57,34,-139,-19,59,-13,298,15,144,-71,88,-91,-91,40,88,38,-14,30,53,48,-21,34,-119,-85,-55,225,79,-105,32,140,-26,148
51,-129,79,-3,-123,94,-148,23,121,-44,125,105,114,212,-2,30,-56,40,98,37,119,-106,102,147,11,-70,-37,105,91,-15,-102,-31,79,61,52,-14,70,106,123,49,203,88,206,60,70,84,-135,64,21,80,68,68,145,37,146,109,33,23,-4,143,-56,-82,32,109,7,45,24,-76,100,-41,-5,79,-30,23,77,188,-19,97,6,120,57,-23,12,-85,-88,-81,88,-44,38,110,192,-46,12,66,-47,62,-98,93,-83,-36,95,-23,-8,111,-69,89,74,213,44,107,142,-43,66,55,-6,66,92,-93,21
16,155,-193,146,35,57,171,117,-57,138,85,15,-107,93,13,245,-26,108,158,120,-18,-10,207,-75,157,146,171,86,-56,92,-67,182,75,28,-66,79,17,190,63,104,-80,52,-15,-12,207,-8,39,6,95,17,16,243,4,151,89,-56,191,123,26,-34,-24,130,-70,20,163,-11,-209,192,-42,113,24,168,247,42,112,-4,142,-81,45,67,-199,-48,74,79,118,50,170,88,-87,32,62,145,51,-129,56,162,241,160,4,169,77,43,222,155,191,77,-217,189,15,110,-192,5,-40,6,60,7,136,-14,212
137,88,-146,107,-105,151,-194,150,32,185,12,-47,-104,-46,132,-81,-97,-38,193,35,48,-84,119,-46,130,-98,5,87,-70,0,30,55,-58,104,-20,86,-120,98,107,146,82,13,23,128,43,66,70,126,-163,-127,42,115,22,156,65,-92,141,156,244,123,-50,-61,147,-13,-4,70,-76,207,108,84,-67,65,96,-10,80,95,48,-56,147,-32,-63,-44,102,94,128,69,-53,62,65,158,6,18,12,-77,178,35,-43,84,193,-182,-54,81,208,13,29,221,-22,-33,-63,-46,-65,-63,116,73,46,-99,72,-21,49
254,-18,87,-90,-29,4,-37,5,103,206,203,-6,-45,70,284,175,82,-116,21,7,29,124,68,232,-35,136,32,-47,147,185,46,-34,-47,-59,75,38,-56,129,75,34,-128,83,67,-36,163,174,183,43,109,60,17,140,79,90,-74,79,14,6,48,277,-79,56,42,67,21,-34,105,-67,91,124,-57,-40,-76,16,136,49,152,113,3,-118,181,99,32,126,58,148,83,-42,-146,45,89,186,61,136,23,126,-40,3,123,74,71,-59,151,134,115,-37,-26,-101,-27,70,284,-38,20,164,30,76,-6,79,-53
57,77,-4,135,-81,-45,-53,114,66,112,134,83,41,30,13,-41,-19,-82,-6,-52,79,98,-67,29,149,68,174,66,-23,67,158,118,28,-30,38,233,165,-68,55,17,96,-45,-16,54,89,41,57,131,157,6,182,70,108,59,21,44,15,229,-16,207,140,85,-34,-23,-97,105,-109,-123,-36,-7,99,-34,48,32,197,96,-30,16,156,-20,124,109,-68,-96,33,32,309,5,-3,64,-5,142,-14,160,122,163,77,-96,73,89,-37,42,-34,46,163,47,238,32,10,30,61,24,33,119,126,114,66,40,149
-13,-146,-74,-100,132,142,47,-6,30,75,183,-143,125,-40,82,-97,19,39,-117,1,36,-26,26,5,-14,20,69,78,-63,-29,178,73,27,83,-19,119,-19,-51,136,38,172,38,93,111,-50,-35,70,162,-42,189,-55,16,152,158,99,6,53,64,35,237,-18,-31,-16,17,-164,84,86,168,13,-11,54,30,-185,65,92,72,-155,-36,113,52,40,91,131,-80,14,-17,112,-191,123,28,135,65,-71,15,2,5,-47,-39,-130,-13,98,-46,-42,8,60,70,103,198,212,-228,-57,-33,-18,-31,30,36,133,-1,89
-109,126,-112,-4,30,-24,98,112,57,171,52,-4,48,57,-45,112,51,20,94,-37,31,-154,-9,184,108,13,-57,-88,156,0,-76,-24,-47,14,-1,-116,64,70,-46,-18,-53,38,-157,-10,131,4,55,132,57,70,80,34,-100,-74,-66,79,-19,-9,4,19,-49,41,90,-9,60,62,83,93,-82,90,-11,-154,-147,0,-77,-138,-62,-26,103,31,30,68,-43,9,-29,126,264,-14,-17,-35,92,6,34,-47,-132,53,91,32,-6,58,-35,122,147,-105,-18,-17,39,-7,90,97,-121,-96,-143,131,-1,-28,-67,120,54
51,129,-237,-2,40,140,214,63,170,71,75,-41,201,97,115,3,35,-133,79,-214,-21,-26,7,-49,24,126,69,5,78,166,88,70,-3,-130,-46,55,105,84,-110,23,92,106,-56,94,196,-35,4,32,-47,57,48,80,181,52,38,50,41,89,33,348,97,-45,-84,121,153,129,0,-97,-37,37,-148,-163,-54,297,-96,57,54,11,23,64,-79,181,67,85,-68,-63,118,107,64,52,78,299,199,-178,28,109,37,62,-83,50,-82,-89,47,-112,-20,-47,44,110,75,-58,131,118,11,27,10,88,55,18,-59
108,-55,-55,-5,125,48,-90,114,-118,-60,-3,-34,-99,171,128,101,-38,5,33,115,202,46,120,36,33,115,-3,-142,61,-84,-10,93,136,132,10,-8,-37,124,92,120,-2,-8,-69,14,37,-48,114,43,205,112,33,74,106,31,108,45,-44,-14,186,-4,-51,4,110,113,-42,-19,106,69,141,-78,5,-24,-10,-63,163,71,43,-85,186,152,70,59,7,129,11,208,100,7,69,32,46,-7,33,44,-44,7,169,-31,160,59,49,-16,80,50,126,125,235,-3,38,42,40,-6,-17,264,209,108,112,208,-29
1,155,-54,87,38,57,-169,-95,5,136,-110,184,30,115,-57,7,-54,-43,68,-30,77,-87,107,59,29,-40,-60,101,78,-45,-61,39,-8,9,-11,2,-110,180,54,-99,12,-28,106,98,-70,120,148,31,33,-69,36,78,-36,-37,30,-71,118,196,123,-57,2,-46,124,-32,158,118,26,75,232,62,-60,-1,118,-18,188,15,11,51,60,-111,145,16,-8,157,55,17,114,37,-4,118,38,106,8,65,65,36,46,-27,-38,-60,51,10,220,65,93,16,9,-214,-53,80,97,-45,-49,128,34,104,151,118,108
23,221,92,47,-6,112,3,5,-104,28,18,-26,-28,37,-217,120,-72,67,168,-134,16,13,22,168,-109,17,-127,-161,-72,-46,122,32,21,-60,-52,-14,-114,119,58,20,-58,-11,-19,21,33,-108,-139,-50,129,92,83,192,48,82,-58,-82,-23,-36,97,100,-73,-34,-175,135,179,44,-58,-8,242,-72,-98,-71,-8,128,189,176,28,76,102,-31,-49,51,97,155,9,178,13,72,1,6,-99,42,85,84,46,-1,11,32,38,114,213,48,60,178,57,186,133,-65,162,118,115,9,31,-78,58,36,37,178,148
24,15,-85,106,-107,-65,-28,77,111,189,88,239,109,-22,112,231,66,-123,-85,-188,-68,-19,-31,106,43,86,-41,53,64,-61,81,-150,196,77,11,10,40,115,-69,181,-134,167,5,29,-63,276,246,84,132,-51,-22,208,101,198,-7,-17,68,296,99,179,-30,3,136,-46,35,-9,-89,270,-12,-19,-127,151,-7,-9,254,136,232,-191,90,-50,-214,-64,115,49,222,-102,140,226,115,159,84,22,-43,108,84,23,20,52,100,104,-31,-16,-67,-114,88,7,60,-34,210,36,131,-27,-10,48,38,27,234,69,-61
51,-11,126,90,52,0,-45,42,-112,27,102,-87,-108,38,-72,40,-18,143,98,47,21,128,82,55,172,-110,180,191,-16,115,-11,-174,59,52,-47,-3,-176,-16,-59,-64,-45,75,46,57,76,61,58,-73,55,72,15,-48,-60,-21,148,-34,176,30,-60,35,103,90,-23,4,-84,87,-67,-62,81,137,41,49,37,40,170,-13,31,190,85,-119,-160,-49,-3,22,134,161,-76,75,70,81,39,-161,-31,11,129,14,25,-25,180,-58,-5,239,180,-22,-62,84,-92,10,3,-89,-53,-106,315,73,-161,61,-48,-27,120
