0,26,-29,-6,-4,-27,-5,-10,-19,-26,-3,25,-38,3
28,32,2,19,-50,-16,-46,12,55,32,40,-8,-9,-11
-4,19,-6,-2,41,31,-19,-2,-21,10,2,-26,44,-11
1,33,15,45,-31,18,-12,0,4,7,-24,5,39,-27
-30,-43,-2,33,15,22,37,-25,-30,-11,-11,-13,10,48
-26,-3,-48,7,-9,-35,-50,4,-45,16,-1,-5,-22,28
-26,-14,-33,-47,-50,-20,-49,19,46,-5,78,13,-74,9
12,-12,3,5,-1,2,-36,34,-5,35,11,-34,50,17
10,-35,22,-17,-36,-2,13,12,-69,38,0,-6,23,-10
-31,12,-31,12,66,3,-6,-32,18,-43,-3,-20,-5,29
34,36,43,-7,6,41,82,-51,-20,0,-50,32,13,-24
18,-17,15,-30,-1,-8,8,0,-7,15,21,16,-24,-23
-1,0,18,9,-20,-23,15,-21,-14,34,-4,-7,7,7
-34,16,-10,-22,-54,-13,-31,-12,55,-26,47,13,-17,34
