98,115,-24,-2,-75,10,139,92,-20,51,-35,165,206,7,14,154,39,48,-171,-1,154,-124,0,64,55,-90,181,-47,10,-94,-32,-109,91,-71,120,156,-94,-53,-84,37,187,108,123,26,73,-19,77,-4,138,20,-45,-37,15,55,103,3,-79,81,166,3,173,-121,87,-51,-16,146,73,0,58,141,131,21,0,-40,-58,-164,-18,106,-32,21
-64,25,-43,-37,80,-5,158,-83,45,100,3,135,97,50,103,108,62,28,21,-29,39,84,-10,30,-5,62,102,131,-121,115,-17,120,-35,126,92,56,0,-29,-40,-19,59,-57,111,-12,-46,65,43,101,70,-7,50,-72,49,57,10,-23,-68,227,101,124,78,27,49,79,65,65,49,162,-88,-47,139,24,124,-23,48,0,86,-12,29,195
107,-23,104,-33,4,-104,146,27,47,-71,-23,-125,-188,55,-5,95,-66,-96,-20,94,70,-47,-4,-4,66,151,118,10,-74,71,98,47,5,-49,14,41,43,-88,8,65,33,-9,20,24,-4,18,-94,-119,151,-69,5,-115,-10,42,46,49,-41,-69,171,-58,57,-41,16,7,2,-97,69,80,-40,-45,-24,-13,-136,34,-16,122,-122,64,29,22
-102,-39,-39,69,79,76,79,-69,144,-1,-32,-34,40,81,-12,56,87,58,8,-70,70,8,27,47,-64,62,68,150,142,-25,-76,103,90,-63,5,24,-8,11,144,6,55,29,77,83,27,138,-64,-104,86,52,59,40,119,38,-52,33,37,-21,104,-11,38,-35,52,125,71,-5,-59,5,56,-29,49,65,80,-37,169,-123,-59,-14,-128,55
66,173,43,-1,7,-57,-52,-44,123,-79,-107,53,-23,130,2,-127,69,103,210,-164,69,53,153,31,75,92,16,118,106,16,-29,103,-84,5,71,33,-120,231,69,-47,-9,74,-62,-18,-21,-12,51,67,33,83,88,100,164,75,-11,-28,63,37,-78,0,150,41,140,-66,160,20,42,142,53,-10,-106,124,-27,73,173,58,88,47,101,-8
162,-154,31,-169,77,65,7,141,65,-98,116,-55,-8,-45,-2,-72,-23,-43,-206,4,82,-3,11,91,-56,-58,-198,26,-6,-94,9,-16,34,-34,25,-63,124,-72,15,-56,-20,160,115,-36,-153,-30,16,55,32,29,-9,-145,-15,59,-18,87,106,-53,-58,16,99,118,11,10,27,54,-91,61,-69,-124,-64,100,182,61,87,4,78,36,17,-13
-45,32,-17,-41,78,-24,30,70,-4,90,122,-6,74,51,73,-38,7,36,-29,76,1,104,177,79,189,-86,35,162,-47,80,122,38,32,103,5,94,-74,85,70,-22,-20,51,92,-53,-35,105,120,69,73,-35,130,80,100,60,54,-61,103,50,-166,87,100,-36,26,101,74,-72,10,-102,99,50,43,81,-29,-49,34,193,150,-5,56,23
67,120,3,-72,-33,-91,23,-51,47,3,-25,-27,45,-87,62,-116,-70,-122,-75,-27,72,0,-95,110,21,-65,-83,21,-86,-64,-69,-96,101,-22,-12,2,71,73,91,46,-184,20,131,92,32,-17,43,153,75,-62,56,-66,22,121,-31,-36,-70,-249,21,61,124,-8,-48,-104,-10,159,37,-108,106,-44,-64,65,55,-71,40,-15,25,-59,57,-15
-147,14,-30,-38,8,102,29,79,-147,177,99,101,111,104,10,92,2,-77,111,102,83,11,-18,146,43,79,48,70,125,-7,-58,25,42,8,-34,48,-34,-62,45,-141,-190,-132,81,160,-107,71,-24,83,-55,25,-10,-40,70,99,154,51,27,-10,-139,51,-104,-75,57,7,62,-4,34,172,-102,-144,-37,22,63,-40,6,-107,27,-71,-75,-1
34,139,-37,36,-8,38,134,60,64,58,92,-39,27,62,132,-81,25,-132,3,-19,60,47,92,11,-21,-34,60,-29,38,25,-74,-15,-89,22,-41,48,-40,30,107,100,-83,-79,-9,-8,73,-88,57,-6,138,78,173,-3,71,-58,-20,65,51,-51,-37,84,-103,-5,-61,116,32,66,175,-14,54,-46,-3,126,96,-103,-134,-1,63,-57,-100,-18
-18,73,157,36,-26,-27,3,116,27,-45,-46,163,-70,-48,128,-90,75,-16,18,-2,67,72,-2,31,57,147,-19,61,72,-15,30,-3,167,-31,154,86,52,83,128,21,161,51,-68,-60,42,-57,-16,-47,119,61,116,25,46,141,90,-69,20,-10,32,-33,5,-57,64,-2,14,97,4,79,-102,-120,121,33,64,67,4,44,78,129,41,-127
-51,46,-68,-51,-85,13,69,133,64,117,-32,21,175,100,-172,64,-20,-179,141,115,154,25,202,-34,91,75,-19,130,62,-58,101,-86,134,-24,38,60,9,70,59,20,69,-22,-34,-61,11,93,39,-33,-4,-8,135,-101,89,-74,-1,108,-12,17,-73,15,-103,-83,-16,49,22,-30,22,93,-171,100,123,0,98,-21,-107,101,-100,-41,-49,-8
21,-91,-49,-17,12,-78,173,-2,129,-26,34,59,101,130,90,71,87,155,48,14,164,83,11,13,22,10,-6,-39,18,-88,80,16,44,143,-104,79,-17,-31,128,-19,-45,-122,170,165,22,-4,35,74,-38,38,26,-20,71,21,105,-3,-9,108,-9,31,-7,-36,-18,-80,93,90,113,9,-13,-76,-29,179,91,3,56,21,46,169,-14,55
-22,45,104,112,26,134,-54,-9,54,88,38,69,13,206,-42,-27,70,20,172,-32,86,-16,39,73,141,176,32,-23,45,-32,-19,69,-80,29,-96,144,78,134,72,148,-43,-77,63,164,97,89,106,56,108,122,18,-129,64,-32,-2,-13,14,56,96,-105,-46,-40,106,-48,191,39,148,-56,51,-71,106,9,-77,86,121,69,62,166,-73,-13
66,-41,192,232,23,165,-4,11,21,118,22,168,21,98,28,-38,67,49,-67,176,128,104,76,21,108,94,192,121,8,169,62,93,-7,57,147,157,-25,-35,42,95,183,57,2,51,-5,-42,40,-58,33,33,-22,102,107,59,96,80,-77,117,183,152,54,33,30,-17,197,146,158,120,59,-117,157,49,51,152,97,-16,-25,139,42,7
-109,-27,-14,42,118,100,-49,-55,14,50,-78,152,-54,-101,10,55,93,-59,-16,-29,-23,62,17,-23,-141,-9,-43,-46,43,-2,-114,129,65,-39,57,133,57,-18,21,60,18,-4,-4,130,19,60,18,-24,23,39,34,269,68,-10,-17,41,74,16,24,77,23,-27,20,36,-5,62,15,-64,24,-68,63,48,84,49,81,26,75,-12,54,-170
-77,41,-148,123,49,103,-25,-84,-6,93,68,35,63,1,22,16,-115,40,60,-1,-11,50,-25,31,-35,-83,-74,2,-40,14,15,142,6,153,132,-152,35,132,-25,-22,-137,-15,86,-57,47,56,-44,90,-41,68,-128,-88,-21,128,17,45,94,-13,-166,41,-41,-75,119,102,23,-40,-44,60,169,20,65,5,57,-23,28,-48,-135,-74,50,-18
-51,-98,-100,45,28,79,28,-76,98,17,25,30,-71,15,41,-27,31,4,-39,-85,72,-47,-33,-7,-12,90,-19,-2,56,9,-70,27,49,-7,-66,-55,81,127,-20,146,45,1,-89,124,-82,-113,-5,-15,50,-100,24,-20,-64,-80,-136,28,-32,43,64,-15,-49,-1,-104,-11,-75,-58,-25,51,134,9,-87,-21,89,-128,79,53,-153,12,-78,58
-108,-46,48,35,87,-9,-63,-13,57,-56,-25,-90,70,1,-46,-77,-69,-43,123,12,73,64,62,-57,48,84,-91,165,-76,-15,10,-29,61,-32,6,63,89,-80,12,141,43,-8,-70,49,42,9,-105,-26,14,-62,38,44,22,6,-78,-60,75,75,125,15,78,61,37,156,26,-46,-39,-66,-30,-26,99,-40,93,51,-7,33,-129,-5,-101,13
76,-16,40,-43,-28,-36,96,46,177,17,70,80,-75,78,-2,-26,7,-3,16,27,175,44,41,-39,47,142,53,-69,79,1,24,31,27,-18,-21,87,24,65,12,120,65,5,17,-58,0,-8,110,62,205,56,140,30,35,-148,115,-37,27,121,115,38,13,-15,-15,158,41,129,187,156,-44,-17,-75,29,-5,-27,-44,59,-32,81,-28,56
50,52,-28,-38,-45,-36,57,-12,93,4,35,-74,-116,-37,116,92,54,-131,10,-27,-89,-143,-117,12,89,93,-19,18,-27,14,12,31,39,-41,77,-50,104,-58,-32,22,-48,8,-46,-54,34,41,-131,-16,7,37,-123,-97,-18,-12,-121,8,128,0,73,-37,84,19,49,46,-87,115,-79,-60,74,30,18,42,-118,6,52,-258,-141,-8,0,-72
-70,-30,-44,121,-44,60,93,16,13,133,66,-113,-78,-19,73,35,52,-116,85,13,66,108,31,52,69,74,62,9,-55,97,32,137,38,126,99,-54,104,25,92,92,4,-100,74,-106,-36,42,103,-22,32,-3,90,-48,89,126,16,9,-80,-31,15,64,-20,17,-4,22,68,93,50,54,-35,53,24,89,110,-36,52,44,53,7,48,19
-99,-57,89,97,-36,155,30,57,-38,56,-8,18,-37,120,-13,35,169,61,63,27,114,37,89,128,4,110,25,-5,-17,58,53,-41,72,42,105,3,198,199,40,-2,-58,-48,-64,58,-31,-34,23,1,153,116,49,-65,144,-141,90,37,59,193,57,69,-60,148,-17,-29,82,191,82,113,-39,-32,-58,109,-28,12,114,4,27,60,-6,57
-59,62,-48,83,-33,74,-24,-11,8,102,68,211,-71,88,58,-67,-8,-2,-125,-68,36,77,-84,194,119,32,-14,51,54,131,-51,95,57,53,91,-18,19,111,77,66,100,149,36,-58,62,-79,49,3,-35,47,-29,43,60,90,70,43,0,-37,20,2,34,-18,105,8,83,-15,-61,-60,122,-99,66,87,164,57,184,-61,-63,-29,-16,-128
-32,80,26,43,74,48,62,74,-53,12,105,83,86,15,-47,2,34,62,34,-44,150,-16,-23,-1,35,51,63,-44,121,112,57,23,-39,48,114,162,-62,20,-7,7,110,-31,82,-69,-40,-51,75,-4,40,-18,-68,39,87,52,181,15,-61,32,25,82,-1,-44,86,-106,69,90,99,106,-23,0,53,49,-4,46,-19,-40,127,51,-25,-116
22,-5,4,-35,-50,41,84,262,118,75,41,72,70,43,-131,196,-12,-80,13,74,147,-116,47,47,140,67,11,53,-12,26,72,20,190,23,4,46,91,87,75,3,-70,12,126,102,-57,-30,65,-74,75,119,-12,84,24,31,18,161,181,27,-47,5,24,94,58,23,-49,-17,-39,136,-73,68,-57,116,5,-20,34,-39,32,-53,-3,-96
25,40,12,-21,-182,-35,-12,16,-3,81,49,-22,-55,208,-233,4,11,10,4,-23,-136,60,141,77,32,45,77,70,71,41,6,-46,5,-102,6,-53,-75,-93,19,7,-38,11,2,4,-36,188,101,34,27,94,133,43,138,37,29,-81,15,-10,20,-38,4,-9,87,102,91,-14,70,120,-65,-69,-32,0,16,94,18,11,36,-121,-26,-72
-3,103,6,-42,-44,29,27,177,0,81,30,38,9,-115,27,55,-54,-80,-36,85,69,116,58,-43,148,-54,-14,122,-60,6,-37,-16,100,143,63,-7,33,22,44,-63,-25,92,5,20,-59,-12,31,67,-8,3,10,105,-77,106,88,14,97,5,-65,64,-35,53,136,57,-68,23,-106,-56,16,-5,122,-18,148,-34,-46,-95,73,-116,73,-106
-39,11,36,79,23,62,-9,-112,113,36,-58,-60,63,25,-35,31,69,-71,53,-12,3,-1,104,-79,-31,-33,-34,30,-5,-97,-117,-4,50,-78,-130,40,42,14,-17,52,-86,-26,-58,98,22,25,-55,34,38,12,79,74,13,-124,-138,57,86,50,46,17,-35,-12,-58,-6,-54,-43,75,-35,14,24,64,121,-24,0,-29,-31,-73,-76,-23,-14
-25,247,12,249,-52,-9,122,140,-8,126,43,-140,44,9,95,-14,-44,42,102,-54,164,73,-43,-51,107,36,-73,48,-30,-73,122,-52,143,34,173,73,34,10,116,97,63,-18,-21,-131,183,-21,-69,111,75,113,8,-72,-63,17,211,-61,42,-45,-45,41,68,49,58,-64,47,61,15,133,48,226,86,6,63,-22,-18,87,-54,3,36,-22
-117,-86,1,73,41,6,4,58,-106,-21,-71,187,90,86,-9,64,-57,213,57,163,-52,109,130,215,103,2,102,57,19,3,59,-65,6,130,-81,-61,48,46,54,-13,81,2,19,133,29,0,109,-38,-44,56,57,149,0,151,20,32,-42,96,95,32,-55,-4,73,16,-9,-12,-154,36,-39,-27,143,-135,92,182,113,99,39,188,55,127
-63,-87,-45,4,159,55,14,32,-36,74,72,56,28,-1,70,81,100,9,85,-41,29,84,101,112,-65,127,-4,-15,26,17,21,15,12,-107,-46,44,145,163,140,44,120,74,-30,213,-29,-2,10,-57,-55,58,57,59,73,-35,-12,61,-59,58,58,-12,-19,141,-59,-71,95,-30,-140,206,-122,-124,27,7,37,25,29,-47,19,64,21,68
4,-30,118,163,49,62,115,51,13,-20,2,244,79,21,35,16,54,57,64,112,105,-10,119,-31,258,90,151,81,-35,129,93,119,39,157,53,256,86,100,-31,63,137,34,-48,17,22,16,35,0,85,-105,35,72,-45,16,48,-9,-6,133,120,-66,67,-13,96,99,-2,42,120,22,14,-108,164,-108,100,120,-17,-83,11,180,130,64
-166,65,-52,-63,-28,5,-18,15,-84,-1,-39,-1,24,14,-78,2,10,49,63,-45,91,-40,36,60,10,75,-13,58,44,30,-108,-90,42,-52,123,93,109,101,41,-67,46,68,-106,5,-86,50,46,-18,161,-5,29,-56,66,10,-46,-84,19,-7,64,21,24,94,66,43,100,168,-105,-67,-41,22,-25,30,49,-117,62,-113,10,30,-40,112
-13,22,-15,83,66,148,118,11,107,177,-19,128,-61,21,-38,74,-23,-41,20,-91,173,-3,83,73,80,62,-12,141,76,145,-30,20,104,-4,151,90,-12,147,-11,50,35,110,18,52,-84,43,145,13,113,26,151,11,81,-33,110,99,-39,52,32,-7,22,117,-64,65,123,4,102,96,39,-29,37,19,123,-46,176,7,62,24,53,42
138,4,21,-120,36,95,-32,-40,-22,-15,-11,69,-35,21,-54,-140,67,-53,-72,27,-57,-33,32,-63,44,21,39,79,-40,52,-114,80,62,1,81,7,-27,57,36,-68,19,31,-28,107,-156,43,120,84,84,78,-19,-41,-12,-57,-69,-41,13,-51,91,-35,-124,121,136,25,69,52,2,144,-64,-157,-54,34,-18,-59,-59,34,-88,35,14,31
-44,41,-1,46,27,-2,10,14,-66,112,3,134,-78,-109,67,6,98,-26,-52,117,144,-16,-8,9,-23,-116,110,-61,-107,-16,-65,35,41,-140,2,82,10,-27,10,-1,-124,147,89,-1,-5,60,-31,-70,22,87,23,46,-148,20,95,-88,102,92,-157,195,103,99,114,-8,-33,89,-86,-158,82,40,30,-22,38,6,34,12,135,25,132,91
52,102,85,31,43,89,184,-21,177,70,183,-14,103,129,-6,-35,156,5,54,37,150,7,11,73,92,60,70,124,12,39,-71,118,21,77,64,18,-13,-11,95,43,-4,58,96,-67,-16,-61,-30,18,123,98,98,31,136,88,1,13,69,79,-16,182,38,74,9,71,-1,137,39,93,16,100,38,77,116,-24,126,-66,-58,31,-17,32
103,-15,-8,-53,-4,-44,-45,66,-33,82,73,192,-45,44,-9,-53,53,-49,38,-137,53,103,-27,-24,-21,-89,-106,-24,21,12,-158,70,-22,-20,9,-26,14,60,-95,-37,-62,100,-40,-5,21,-72,12,-6,-44,-94,18,-88,32,-21,41,61,58,39,-257,63,-46,-113,-9,-117,-17,-86,23,7,-5,-21,-6,42,7,-78,-46,11,109,-5,100,-124
122,-96,-177,43,109,-75,-23,13,29,80,-4,74,171,-36,18,58,53,11,62,-32,111,39,-32,-2,12,28,-106,68,55,-69,-32,95,28,4,-7,82,25,49,59,-27,51,70,110,104,105,64,101,132,-22,-17,1,68,-88,-138,-24,5,-26,-55,35,81,-29,94,-17,-85,75,-95,2,67,1,-10,131,60,-44,-79,8,23,-42,-13,40,17
3,-35,124,103,67,131,71,32,139,-185,21,-82,118,120,-165,-56,14,82,72,-54,-66,-141,146,-128,-3,86,151,82,152,129,153,20,4,19,84,141,-23,-40,72,-15,20,-48,-3,8,-173,24,-66,-107,135,-1,28,131,-25,-5,-72,126,52,89,83,-15,-19,-29,-80,145,28,25,288,269,18,140,0,3,-81,113,-19,-30,18,38,-94,39
-4,-67,137,95,14,45,-2,18,-16,99,171,-43,62,140,10,61,-11,40,125,100,89,23,142,133,116,143,0,71,-27,-73,80,5,-160,182,6,5,154,141,-27,-1,-34,11,-47,-25,40,138,28,-8,156,139,18,-69,-37,36,-64,162,204,55,-119,28,-48,120,93,24,24,-86,108,9,-8,-14,111,136,-16,207,90,0,-146,72,-48,15
107,68,-91,-15,3,-17,77,78,143,89,14,146,142,12,-77,64,40,-44,3,26,54,3,32,11,106,12,187,17,-21,-1,22,81,93,-113,156,172,-21,87,76,-6,54,57,141,52,118,87,-3,4,-59,66,129,92,85,31,37,-52,-41,21,84,-20,53,-64,55,90,-13,16,24,44,79,7,137,105,-40,-23,38,-24,40,-91,36,-38
-54,21,26,38,-145,-72,-55,82,157,92,-88,102,4,99,-107,67,-43,244,-54,-20,134,-44,-29,102,21,116,53,108,27,31,40,1,137,-55,177,80,-110,98,20,37,176,34,-18,-138,-19,6,75,-3,124,76,-149,-92,36,-1,4,-10,2,169,152,-76,129,-44,145,202,101,87,-47,105,-54,-5,46,35,35,18,104,133,34,47,-140,74
-91,7,-61,182,38,49,90,-44,32,84,-75,21,135,-6,-16,46,112,37,103,146,72,3,72,4,-84,77,101,64,-22,-14,30,-22,83,40,11,74,73,46,161,44,-33,-13,54,-84,135,184,11,42,-30,91,37,-17,67,7,79,0,1,55,35,172,29,131,75,44,154,-14,-29,26,-81,30,138,-71,27,31,-12,49,12,-70,-19,179
73,-21,-44,-110,-75,30,40,40,32,2,82,75,-71,-5,40,68,6,46,-95,30,106,123,81,-12,90,22,-30,-114,-60,-63,27,0,97,-38,43,114,10,154,-32,-17,61,40,81,-40,13,-19,93,11,-49,57,231,110,56,88,206,-91,32,44,-61,1,134,-5,54,60,-38,-73,87,23,-71,12,-6,24,110,45,24,64,68,-65,64,21
-3,-81,38,15,43,85,-8,12,155,-25,89,66,126,42,-64,93,12,159,28,31,194,162,-13,205,-135,4,-57,47,68,-72,64,14,139,-11,71,40,130,88,170,39,81,112,199,135,40,-60,84,81,146,24,28,115,32,62,23,-21,-30,5,65,-44,123,70,-2,-31,64,15,28,143,1,-8,-28,189,46,136,147,34,47,48,-58,77
-4,9,-110,109,92,5,54,-100,-41,63,31,-174,-8,81,67,-92,58,13,-90,-146,-78,-33,6,-2,-38,136,24,9,45,52,-13,-8,-27,-162,-181,-27,-8,-27,117,93,50,-28,76,120,-130,102,134,39,-47,17,22,-69,-6,-137,-4,3,-42,-39,118,82,-60,64,-60,-70,55,57,-88,41,9,71,-126,50,16,-72,83,81,-73,96,-79,53
-93,62,200,164,-145,-6,84,98,41,69,79,-1,108,128,92,-103,-18,95,103,6,151,116,101,169,159,-53,179,116,-35,-32,54,-79,36,39,21,141,-57,-36,71,62,-137,-140,-38,-126,177,-52,-123,80,-42,53,22,-30,-54,-22,134,-33,8,147,-95,7,58,40,-39,229,113,118,105,14,-41,91,-33,75,68,84,78,37,-21,-14,15,130
-136,73,19,-58,55,-72,86,97,-101,101,169,-72,-14,189,40,42,119,-85,94,-55,-41,-53,25,-101,34,78,-13,-66,-33,-95,-3,-86,19,0,-76,130,-16,-78,22,69,-16,-150,-30,-11,-48,-113,-142,-102,52,-47,-85,-84,37,-61,22,51,157,30,8,63,-98,7,-73,101,-67,101,-93,34,-170,91,-44,-13,18,17,-90,-23,102,-46,-149,-43
210,96,-80,-64,-16,-80,76,-3,244,-67,-44,27,-59,17,-47,78,41,111,-46,24,237,-82,-8,54,-42,60,19,-106,138,34,-28,55,-1,-22,-37,61,-259,45,45,50,5,21,124,-73,-106,-14,177,-41,107,36,74,59,112,116,-40,-24,-20,60,9,46,97,-151,108,37,58,3,34,50,80,50,-33,163,-37,-108,109,193,68,90,-25,23
69,-40,26,27,64,1,-1,-51,159,95,-30,93,49,84,-71,-23,87,72,135,3,88,-36,183,63,67,67,70,188,121,-93,-80,169,-2,109,97,-10,-62,129,114,-98,-42,-17,42,33,11,174,37,42,-11,-8,105,44,8,61,-22,39,95,-53,-10,-34,1,42,191,74,77,-77,20,-172,-22,-7,62,73,29,154,74,65,114,-52,50,22
52,-59,62,114,9,-44,-25,-27,-77,44,-17,-132,114,41,23,-100,-27,95,28,31,-117,74,126,5,119,-90,53,158,-110,-87,57,-67,43,38,18,-103,43,-35,115,5,-84,-55,9,54,42,98,7,42,-18,101,63,-76,-25,27,-42,-65,27,-90,86,33,-103,187,51,-43,43,40,3,-134,76,9,72,110,-8,149,24,117,-53,83,13,45
-4,57,104,-3,-8,-70,9,115,43,13,-94,14,-75,12,-11,109,-79,27,166,12,147,23,142,75,92,46,-66,162,44,74,73,-38,-30,112,76,-37,72,21,105,-25,4,-88,-92,40,7,45,-57,39,115,-31,65,-128,83,31,36,-18,-133,37,0,-71,114,69,2,39,218,109,82,68,-93,-53,106,-10,10,33,-123,28,-46,-6,76,88
-154,163,55,-40,-50,-47,-69,64,-45,63,-89,125,-52,-22,56,-63,173,-31,1,-98,114,65,-6,-133,68,-152,64,109,-142,-13,-65,120,-34,-22,11,49,-55,149,29,-16,29,-22,-90,-78,142,177,-105,48,18,93,-102,41,90,-105,-25,11,81,119,30,93,66,77,54,72,180,181,-17,-159,44,-85,0,99,-37,-50,-28,-22,30,-81,95,-6
39,10,9,139,108,14,74,97,-25,80,87,40,-38,102,35,53,136,-44,211,-33,89,55,138,-89,175,96,3,139,83,56,44,24,-24,110,42,-43,15,40,114,7,81,-99,-58,25,-52,-14,36,-30,-62,90,139,91,62,12,84,45,55,13,-17,6,20,123,44,-23,113,0,-38,74,-113,18,-3,38,170,208,60,3,20,68,70,-83
7,27,-39,115,53,48,31,70,31,277,29,271,169,220,15,11,93,77,178,47,76,-56,175,11,193,89,224,44,62,50,10,138,-58,66,53,214,-61,157,113,-5,112,22,-64,-7,31,117,71,62,109,55,16,47,15,48,14,86,90,162,79,66,-30,0,112,157,31,52,-6,105,-24,-96,175,-22,46,62,-35,115,248,0,60,109
2,-6,-119,-126,-51,-61,28,-77,50,97,-63,-93,53,54,-95,-82,18,-80,97,-3,-3,61,37,20,100,-33,-36,5,-51,-78,35,-82,82,-113,75,111,10,63,16,83,33,-40,11,-124,108,117,68,-52,-30,-133,-44,-41,55,81,-47,-84,-2,-20,64,11,1,-66,46,29,-26,53,-95,-135,-99,105,-85,-59,-31,6,-11,96,129,46,90,28
47,124,35,-49,73,-90,83,11,-41,2,24,31,-108,134,-3,42,-53,-168,111,93,37,-17,108,60,128,-20,23,2,3,47,-54,-64,-44,38,15,91,-39,-109,-47,22,7,12,15,40,6,0,7,-51,76,27,22,32,164,32,59,-30,-130,52,92,64,11,76,106,-17,148,33,38,-4,-109,-170,70,-39,-74,66,-33,-7,-47,-2,40,-32
-49,143,103,-42,41,80,-7,49,-34,-65,132,135,4,-9,135,58,-12,35,69,50,40,51,10,165,68,83,-26,70,151,52,-43,49,13,102,-62,121,-15,-105,-70,-67,4,-6,-50,55,-46,-130,67,5,63,36,-30,147,51,149,35,-10,20,5,-30,51,50,121,148,-168,46,109,11,-4,-95,-86,50,23,3,68,100,-161,50,111,93,20
59,-47,58,104,95,12,116,183,230,57,88,-46,5,-27,45,95,-11,66,10,102,178,-2,-49,135,-3,178,51,51,218,41,122,45,153,90,77,12,110,-95,243,98,6,21,37,-34,-90,-49,89,-77,171,100,-3,14,28,208,103,55,26,95,-53,141,38,152,28,-39,30,71,-3,178,-70,-4,49,184,116,23,35,69,48,75,-66,-34
-23,26,30,-21,91,6,-30,158,-108,84,84,10,-29,-25,-39,62,-89,-89,34,13,32,3,-69,38,95,18,-200,26,58,13,96,-121,120,-66,-37,53,39,-22,9,119,-41,-6,80,-44,201,26,-91,-63,86,26,-7,-210,93,-39,82,-47,50,-76,-81,-65,44,5,39,86,-3,0,-81,-72,85,61,67,-33,-46,-61,-86,35,-64,27,-125,-43
92,-70,3,149,-67,8,-30,-72,41,221,-12,77,88,28,-118,42,129,6,60,45,-58,12,31,-28,147,-52,69,83,-13,-79,110,63,26,44,-11,11,38,90,30,-46,111,35,167,-6,82,166,114,153,-119,-11,54,-41,-91,67,-86,-35,-23,-50,65,-146,4,-25,-13,-45,-38,-145,-44,-25,66,106,35,-10,-25,156,56,67,149,9,40,-18
33,-46,210,63,-119,23,-8,99,25,-11,-8,7,-47,-17,-29,58,-27,80,31,93,32,-19,17,43,25,70,43,30,39,1,31,-26,-14,-16,97,-37,24,-21,16,-1,-113,-76,-22,-36,55,-38,-88,60,63,26,-18,-34,-3,19,38,22,60,-23,-7,-3,23,73,11,63,113,115,87,157,-99,-42,-29,105,-30,102,19,-68,-21,31,105,-17
130,34,-42,-36,22,34,134,68,159,153,17,78,102,87,20,61,-12,-56,20,76,65,-45,-41,229,90,-56,3,-86,167,-84,58,-51,111,76,27,-18,-39,25,71,124,39,-9,112,37,157,2,89,99,55,82,-61,95,-82,91,33,-10,27,-1,48,1,69,18,-39,81,-48,0,-10,179,42,76,-32,60,31,110,20,115,180,-77,56,20
6,-89,57,50,24,-44,61,205,-23,-4,72,-67,59,24,0,34,67,55,90,84,108,143,1,137,74,108,85,140,100,-35,51,8,59,-108,-27,41,192,2,83,-75,74,142,33,-74,38,-66,-91,-65,-43,-50,41,-13,17,130,74,8,38,-18,-108,138,-18,34,-62,-115,-83,111,-128,108,-82,87,70,7,26,-5,39,-39,15,31,73,11
65,-53,10,5,148,63,-68,7,-16,-7,-61,-17,-71,11,12,-38,27,-105,64,61,65,-45,122,10,13,-45,61,75,133,81,-155,11,-244,-212,-10,-8,-9,-10,-93,-54,57,83,-130,125,-112,0,-28,-88,-95,-4,90,4,-135,-41,-149,9,-55,18,29,6,55,40,-64,-18,6,-54,-1,47,62,-19,-22,-62,-11,99,-79,16,136,28,82,55
-119,58,20,-1,-38,50,133,115,71,-42,24,53,150,288,-76,-21,103,-1,29,95,129,-106,98,-4,205,134,140,58,105,70,1,-49,81,-41,-61,102,84,34,-57,14,-26,105,-104,-85,67,-20,-83,-85,85,56,78,-49,31,-80,98,101,179,213,15,144,61,-115,-9,55,-64,91,150,146,-9,150,39,-35,-42,-91,-59,-106,-11,58,9,109
39,43,63,1,85,62,114,-23,90,-31,-51,117,-130,66,76,129,19,83,-25,38,144,-108,159,-4,91,67,94,49,53,204,-91,7,-16,-16,16,219,-134,33,5,-3,106,131,-11,-5,-73,-53,28,-98,60,34,10,139,20,-20,32,40,52,117,89,32,277,-46,21,152,161,6,62,109,-34,60,77,-58,-53,45,62,-27,4,84,112,126
23,138,-27,48,-123,-18,148,39,-34,235,4,10,-11,-67,-19,161,105,-48,-54,-46,188,-35,40,-63,126,-101,54,31,10,4,54,-58,33,-35,0,61,-10,90,5,29,21,4,68,77,48,138,125,119,46,58,95,-123,11,-101,105,-26,-80,24,-56,-27,75,-46,-106,-37,69,5,2,24,67,69,58,20,67,-151,-21,-52,86,29,31,75
-79,-90,-5,160,77,184,110,55,94,70,44,27,120,111,-18,-87,85,76,-95,-16,68,178,133,-2,5,-2,155,70,8,21,199,166,139,51,46,32,173,150,89,46,55,57,-5,28,16,141,56,-79,42,180,-39,58,66,46,31,107,69,94,26,102,-32,-59,77,-5,-9,73,52,104,168,-8,85,-69,44,23,20,-46,-115,51,51,22
104,4,17,-113,-149,-175,135,-40,141,-10,-3,3,-42,-58,-62,114,-52,61,4,47,-34,3,-97,20,69,95,3,-59,-83,3,85,-47,51,53,40,61,13,-4,114,15,107,-26,74,48,-88,1,97,-3,120,-55,42,-91,71,-27,126,-38,-59,-25,109,-19,23,0,64,-49,34,50,57,57,-46,13,-4,18,-7,-27,77,79,-35,110,27,5
-203,-15,14,10,74,63,162,27,34,112,167,28,96,82,-40,6,75,27,29,69,94,78,83,196,-20,-4,20,16,53,25,40,155,22,90,73,129,73,70,67,-69,14,48,113,26,-46,126,35,-30,-31,-13,-96,61,50,5,22,138,52,20,-125,133,-80,-16,-36,-33,76,33,88,6,-5,-57,41,53,7,18,-5,-72,105,2,-3,-40
51,140,-25,-112,76,69,59,94,-46,-40,-99,145,85,59,84,-139,-137,-76,-115,-24,82,-37,71,187,109,78,26,-68,-36,72,-70,9,34,6,10,52,54,79,24,96,2,117,-116,177,97,-137,73,-18,74,48,-6,7,32,137,77,67,-12,11,57,1,62,-46,49,-10,-67,112,18,-41,0,-54,9,-144,74,-57,-65,72,58,94,144,28
18,125,-48,-4,-54,-40,9,14,-10,-149,-166,-21,-95,-58,146,13,-32,-25,-29,-69,-75,-37,-75,-61,103,-67,38,-146,-91,84,5,-84,134,49,-70,58,-81,-92,108,198,49,-205,35,19,57,23,29,-111,72,73,-26,89,19,95,25,-161,-99,102,283,-36,45,38,62,125,40,72,-138,-127,37,-15,-7,12,75,-5,61,26,143,47,-155,43
91,-24,-26,-29,40,-137,72,140,202,100,176,125,155,36,-48,-8,38,41,62,-65,182,69,78,30,78,46,-61,93,68,-151,8,95,108,46,-42,75,38,243,70,-95,69,67,141,33,-43,58,48,84,-17,70,120,-27,24,35,89,124,103,-100,-32,23,-2,49,118,4,30,-99,-62,147,-19,-108,0,36,150,-11,61,93,85,-108,-13,-11
88,57,78,41,88,80,108,105,58,0,41,-9,-134,-12,238,32,-75,-26,52,146,-33,46,93,-50,39,149,26,-43,-11,75,177,64,-55,207,-153,-65,44,85,73,173,22,-34,-47,-124,-62,10,211,50,-50,202,100,-4,125,152,-16,37,10,-52,-3,-83,-49,51,54,46,43,-10,14,123,38,-153,66,-12,21,159,-82,54,-22,108,-67,14
13,27,-28,-58,157,77,82,-100,-71,7,-160,-63,-197,39,142,-42,60,-138,-122,-88,-181,22,86,21,-25,31,-55,-29,69,43,110,79,-52,-104,-132,8,117,-82,-66,242,18,41,-168,16,83,108,156,-21,32,-18,4,114,95,2,-69,17,80,-38,60,-15,94,-58,-95,-56,-74,33,-38,9,96,-22,-39,52,-131,97,-20,57,35,155,212,-57
45,10,-28,113,132,40,45,56,60,48,40,77,94,122,-45,-20,166,18,83,-54,109,11,174,76,169,-16,65,158,-9,64,168,134,19,24,134,55,53,129,79,65,27,-39,137,-131,135,196,-41,20,57,147,72,-28,132,54,-57,14,67,59,45,92,112,26,152,15,126,73,5,90,159,10,133,86,50,119,180,160,84,33,85,-11
-21,87,-51,-40,114,-3,-14,106,-31,-78,-95,25,-147,15,124,-28,-20,-130,-42,0,-3,11,-25,-45,163,-52,36,-2,1,-21,17,147,6,45,-45,42,17,-29,71,122,49,-101,96,-49,-68,13,-20,-41,-143,-61,-28,68,-37,114,46,-79,-58,107,-38,71,45,-120,46,127,-11,66,-146,24,42,39,74,19,105,26,11,141,-26,-44,18,-114
