109,16,48,14,125,-6,21,30,27,-79,-142,114,-140,-30,13,141,120,59,-26,-31,29,62,-37,40,154,-78,-125,100,-144,-13,25,80,-27,69,116,120,-33,107,40,-55,17,-11,17,-31,109,114,1,106,-114,89,91,48,-89,109,63,23,11,146,2,45,-65,3,-11,50,52,62,71,-84,216,22,-6,189,-185,10,-34,14,102,-164,-10,-71,186,3,6,-30,29,164,-15,-254,-46,74,-26,70,-67,53,108,-30,185,85,34,119,4,42,74,-106,223,41,49,105,250,-13
131,-83,180,72,35,90,157,-41,105,51,-44,-52,67,53,62,145,87,139,83,137,-27,68,-34,39,204,202,5,67,181,3,71,108,149,-86,-49,11,78,-101,83,46,161,8,-51,54,27,49,143,28,-96,88,89,128,139,-14,-3,-14,-1,-16,-4,-16,-28,19,79,49,4,-83,176,-35,-26,168,73,-31,159,63,128,188,69,54,-42,47,58,25,83,127,147,102,-94,31,-24,-25,155,76,57,60,110,90,61,81,-43,173,68,-212,108,-29,18,80,182,191,93,-65
-75,99,116,6,77,96,36,148,-19,42,91,69,155,48,134,215,-2,138,40,-114,-10,171,19,59,212,170,145,128,7,116,-69,98,90,76,98,30,198,-119,-43,110,76,131,16,20,-22,33,72,-18,-55,168,214,171,-7,159,-171,15,17,99,-91,-100,92,-39,-85,57,101,180,239,121,-39,44,58,105,133,90,128,99,39,137,75,-55,100,24,182,157,39,106,147,128,159,12,87,-65,137,78,163,-21,13,98,87,169,228,121,201,0,112,154,40,259,105,78
5,38,5,44,-62,43,82,13,110,-72,102,167,179,88,74,209,183,137,67,-124,66,162,-7,-93,148,262,-16,132,83,38,11,-210,81,-30,-58,-174,258,-87,129,95,45,-101,0,-3,47,-22,32,137,-43,-67,136,98,33,102,-151,-100,126,138,39,106,126,-9,105,24,-31,-130,97,5,31,150,98,189,58,-21,-37,51,33,39,67,-108,144,-15,-25,139,146,122,83,-18,-70,81,156,101,94,37,138,53,-42,22,-1,86,-10,-50,96,-85,89,67,144,151,138,104
-82,30,-6,6,30,-67,-48,107,14,85,37,32,148,-174,1,143,88,36,37,92,-40,-132,46,111,57,84,-13,57,-135,41,243,-6,-55,24,-40,-170,158,-110,-66,-80,35,51,-115,43,130,-73,64,-64,91,-64,104,45,-34,39,107,-62,82,-89,-130,18,-61,-20,149,-3,55,37,47,-44,93,47,41,-37,124,-71,64,42,130,10,243,59,50,103,-140,70,132,160,116,-72,-52,41,-6,120,50,-102,-4,-56,76,45,11,-44,133,-2,7,-24,113,-7,107,-164,112,-138
35,26,54,71,-40,142,-50,144,9,15,-18,-7,-76,94,-134,-60,106,127,121,-33,233,3,-89,49,76,31,-21,9,-13,97,119,-83,-70,-67,215,-132,-19,-126,135,53,88,-38,-25,-16,-116,10,-10,6,124,-134,147,-4,139,-132,98,-79,36,-48,-50,92,-101,31,127,-32,-25,-84,-126,-64,1,45,-19,33,-134,-114,-210,102,132,120,185,80,-123,15,-20,-18,59,122,130,-7,-136,115,1,-83,75,67,-58,133,-50,-152,61,-65,-93,-56,-4,110,-14,169,47,110,27,57
-58,-42,213,49,121,46,-35,71,153,141,106,-29,-47,-132,-129,86,-40,107,99,39,-100,-58,-59,221,128,46,169,254,63,101,153,63,-9,182,178,50,-84,-183,195,-1,132,70,-97,-131,36,98,158,167,71,56,120,93,86,9,27,-7,62,8,89,135,78,146,103,-25,-51,-123,12,38,-30,98,-3,3,35,109,-123,-5,82,182,19,76,-88,12,-246,52,89,-30,80,114,50,133,102,16,-13,103,115,102,33,-42,35,149,47,-23,-24,80,21,-13,-23,162,166,33
-58,172,-83,156,-56,139,39,-96,185,-158,112,134,71,-29,-57,133,-111,92,41,5,149,194,46,181,164,-63,118,131,-64,56,178,120,39,139,43,7,-25,183,113,57,-87,24,23,98,125,139,175,30,-56,197,13,108,26,144,5,64,120,30,142,28,6,201,42,57,21,72,206,148,-14,114,28,39,64,144,-58,85,-56,-15,119,106,9,-3,-165,110,54,106,94,42,230,62,56,146,37,19,183,13,-67,111,-64,95,111,-65,39,-190,235,-86,150,102,125,167
71,32,-22,-113,-12,-71,54,179,-44,4,1,-115,26,110,35,127,72,47,8,-131,76,33,-64,-43,-65,-70,11,79,215,-36,82,-25,-153,137,61,55,-63,-57,54,0,247,105,109,-28,114,-58,-150,-42,-7,-54,137,-15,45,-24,-15,-172,74,-59,107,-102,34,-77,114,-106,167,-46,-138,86,-49,-278,161,-123,-45,2,113,76,-80,166,75,-20,158,55,68,-7,-4,243,162,7,-27,-25,30,38,-42,-11,120,48,-15,-44,46,-56,18,-36,-71,58,108,53,-72,-79,32,-28
10,207,105,84,199,134,26,2,49,-104,5,-182,-136,114,-98,4,83,95,155,-41,177,15,-20,-91,-52,173,102,-50,179,-2,-55,114,184,-26,2,146,12,-58,113,43,25,69,87,77,-17,44,-56,-88,-108,4,183,254,101,-97,13,58,127,-39,-39,10,37,-104,-56,-83,-102,78,1,-152,-36,89,-2,111,160,8,156,10,-63,173,-77,55,-18,-126,143,57,84,53,-64,-34,216,-91,105,127,132,-49,126,69,275,92,-81,127,-39,106,11,-51,108,99,120,-3,15,105
-59,120,-32,45,-103,-23,62,106,44,185,107,71,77,228,25,-54,-36,-47,-65,29,-33,-40,-90,32,278,-87,22,57,-3,23,32,-113,20,-17,-38,3,55,7,-1,80,-55,160,71,80,50,-18,58,85,-4,-32,73,55,101,40,95,110,128,154,16,-48,21,39,46,68,58,-17,-115,27,7,206,-69,-21,-64,-42,115,13,-20,-26,-99,12,85,106,159,-27,244,-75,103,-24,40,49,37,-134,-20,-35,55,-2,-109,-2,-65,99,-35,-161,49,-28,-18,22,35,18,75,8
189,112,-65,108,2,74,113,96,159,67,63,83,88,101,67,33,19,77,150,210,17,10,49,115,149,-42,92,0,98,99,-13,16,101,62,6,33,-7,74,178,90,-65,-31,-37,114,65,84,86,15,48,206,235,57,84,111,101,65,174,56,-62,-58,68,72,47,-41,67,81,-35,-13,75,29,48,-38,-93,53,104,15,27,229,137,-35,2,-82,113,38,173,193,-30,73,75,-31,148,-69,42,17,61,125,52,156,-40,53,218,107,174,-20,68,88,147,62,113,201
-146,-17,99,115,31,26,213,63,21,75,-220,42,4,159,-16,96,156,66,14,5,-94,-27,146,45,215,83,-102,32,203,-63,5,151,-32,103,40,102,138,-138,106,-94,61,6,-81,-41,-60,-83,-38,-38,-110,3,7,126,-78,-4,-55,-107,40,-36,42,184,143,35,119,-123,-16,75,-1,-100,108,102,157,-66,-105,-13,189,112,98,213,-2,125,89,-128,-9,80,-38,23,30,-46,126,-11,112,73,108,11,0,-37,145,63,42,199,19,167,127,42,8,25,65,159,81,55
95,-49,29,61,-22,-25,-172,23,20,-17,-8,164,-47,-46,219,135,15,-121,-101,-77,58,48,113,76,131,-65,-98,-15,-97,121,-35,-78,-3,26,-95,-160,62,-97,138,74,-68,34,50,-110,66,184,48,97,-133,39,166,-52,208,-108,27,-31,34,-28,-207,94,-218,31,-166,118,-96,-118,19,8,153,174,14,23,-194,-13,-246,59,-44,13,-35,70,-10,24,-7,-41,110,-68,-127,-53,-38,30,148,-55,-80,94,56,-22,-121,-2,-212,164,170,-29,11,26,96,-67,70,112,-68,103
82,-50,-17,-12,-41,-58,134,-64,-17,118,55,111,-122,-17,-12,84,10,8,29,79,-53,-135,32,-122,-118,-60,-172,-39,167,-73,59,-11,43,-54,-70,-77,117,-4,188,-126,120,-60,91,80,7,5,-59,-142,2,4,-29,-98,65,-27,-60,-25,-110,26,12,120,-79,42,104,13,-29,-81,45,-22,105,-55,177,-12,-93,-108,-52,-22,-38,34,-145,-180,1,-173,-74,-121,62,-15,48,47,-48,-68,-83,-51,-19,-1,187,-65,-138,-107,-63,-55,116,-39,-59,119,-10,33,-124,46,88,6
-1,152,113,201,117,-17,228,16,155,-21,-91,177,89,-51,75,133,61,241,126,174,56,273,-48,132,141,108,21,39,49,40,-11,93,11,79,-13,144,-13,-35,203,116,76,15,-68,56,80,-38,104,113,-176,50,85,32,41,6,-122,93,160,104,-47,94,38,-66,142,62,-9,50,54,-20,173,54,107,83,-39,29,129,142,71,235,-59,47,82,6,75,145,139,158,35,-3,38,-99,155,76,53,-15,295,-68,-12,113,-16,69,136,115,99,-80,130,-78,203,140,160,34
7,5,-90,70,-148,-76,-12,-108,-28,-42,56,171,35,218,147,130,-58,-14,34,-66,6,35,-136,45,100,-63,-167,-69,135,-40,-67,-20,131,164,54,58,7,67,142,87,91,50,82,88,-64,19,29,-83,-89,13,-79,-55,-16,21,-83,10,78,85,17,6,-52,131,81,36,-94,-137,-88,-102,161,-11,-96,14,4,-87,19,-5,-8,26,27,-100,60,-189,-88,-57,120,27,123,-61,-60,34,2,26,108,-64,153,38,-37,119,-157,-82,19,-131,-67,-22,-36,-112,-119,169,178,4
13,-46,266,-26,125,-32,-100,28,-80,31,11,25,23,36,-18,-16,127,17,118,73,91,-37,-37,80,-24,56,63,88,-60,55,4,38,139,109,60,1,172,78,7,15,70,-47,76,241,-146,-46,-8,-14,-61,113,121,183,-10,-52,159,58,82,-14,-17,72,-63,12,-69,68,-2,-6,10,-32,-121,39,49,75,107,-139,-56,28,127,116,211,109,43,26,119,-32,-23,-13,114,20,128,128,-105,-52,19,-62,30,48,8,28,-11,19,-45,39,138,12,70,126,36,98,29,13
74,-23,2,56,34,-12,11,-79,-109,21,-79,-47,193,253,7,117,-1,-116,5,-23,26,51,-89,-2,212,-142,-68,-48,115,-17,5,-13,-62,-74,-94,-17,118,-140,18,159,102,-12,-48,20,124,27,8,73,5,-237,47,167,40,-191,61,-79,56,16,-37,167,-69,28,-102,29,-14,-36,-262,118,-11,241,11,58,32,-5,34,-14,40,124,62,40,116,110,37,-150,-60,130,-27,-49,-76,-44,38,8,26,-67,117,30,-79,36,78,28,-42,-53,70,34,45,62,53,19,35,-27
115,100,2,276,115,100,163,21,223,26,-90,57,166,-132,78,-17,102,55,-30,178,-22,130,-25,87,127,85,53,-80,20,-14,93,49,-42,46,18,95,104,-86,-18,151,-57,116,87,-26,98,-48,155,74,-139,108,175,81,69,124,0,-171,9,-16,9,87,-79,90,89,-20,251,129,71,-71,66,-39,16,6,100,-185,31,154,-28,142,29,61,-1,-67,123,136,-24,172,55,76,54,48,199,132,12,93,6,121,165,109,17,50,240,188,40,130,42,75,273,-146,125,15
-71,71,-18,52,52,-9,90,118,9,56,10,-83,-17,-20,60,-10,-53,62,44,57,146,156,-84,10,-13,-175,-28,-221,-43,-26,208,29,-21,84,129,31,43,90,-34,-159,134,3,-2,21,129,-71,67,-60,-12,-36,-2,38,-17,25,-44,14,118,158,-65,98,-18,-11,143,21,77,-30,-72,-87,78,33,55,-68,-139,-70,-56,114,7,25,140,87,-31,-166,23,-106,-15,108,139,5,-34,14,55,213,28,-47,-14,2,201,124,105,-109,-23,32,-111,-43,-85,-142,41,-19,-24,-52
17,-73,80,46,131,-74,51,-117,12,129,97,28,212,40,169,114,114,104,69,-17,14,-23,-63,189,-30,153,113,52,34,66,-56,43,66,138,201,176,49,-84,178,97,-6,8,-113,59,56,-59,-89,94,36,51,-44,92,105,44,177,58,-24,-61,37,-83,64,50,29,94,-6,56,140,73,71,-67,-25,177,55,87,100,21,71,44,162,94,-23,11,-142,73,39,182,48,16,-117,68,55,155,100,49,9,81,125,192,-52,-90,55,167,-2,101,53,-28,-31,65,207,11
-171,193,-49,21,31,123,169,38,103,-12,-130,-134,-55,76,19,20,28,143,123,-141,33,124,-92,45,59,-13,-41,-71,115,-187,-56,-23,-90,-32,18,-112,10,-117,16,-98,97,115,-21,66,135,-23,-70,119,-74,-14,6,-37,-20,-23,36,-29,83,-180,-10,187,69,-11,190,106,-60,128,133,6,-38,-46,87,68,40,104,-24,69,94,11,108,-1,59,-47,124,1,41,-35,124,-65,-61,-37,128,142,91,123,-52,74,-38,62,117,-31,77,54,-89,-50,21,-35,183,-13,153,211
277,75,39,-68,100,30,-74,-34,41,-170,-46,17,19,-173,123,-13,38,22,20,9,-9,67,-25,-89,-143,-15,61,91,-54,82,26,-66,-67,-24,80,187,-63,271,57,48,-16,-153,-96,52,-20,105,90,85,60,42,165,-38,251,14,-26,-4,36,-69,102,27,21,-63,19,13,198,-3,53,-111,163,-84,267,195,-113,8,-43,76,153,37,-2,65,-22,-19,-143,51,-109,112,-26,35,-52,-42,148,70,5,66,239,2,114,43,75,-29,-52,-2,2,99,-116,116,-16,-60,59,49
0,-57,22,-12,64,-35,21,29,-98,72,85,-56,-43,202,253,39,-39,-19,3,-6,-18,79,81,-107,-80,95,115,21,4,92,-25,-32,18,-97,54,222,168,87,125,-17,-19,59,60,-121,-201,56,-39,-49,-51,66,33,-80,-21,28,-50,17,97,38,-30,160,8,-116,-52,-97,-12,114,-74,-61,-111,55,5,-46,-76,42,32,-99,22,-26,-127,118,44,-223,6,-118,-1,-55,-27,28,77,11,-77,63,63,26,36,-16,-4,100,-106,-96,132,141,237,10,-143,95,-91,-14,-5,-14
22,158,-54,114,53,91,55,0,-25,-13,85,179,55,32,42,157,55,-114,93,-36,-6,0,114,-52,199,-3,-189,17,-48,-3,22,-19,79,35,25,-43,-72,31,31,92,23,36,67,21,133,75,-51,-15,-37,74,173,32,64,43,24,-52,-94,3,-42,109,-41,134,-28,7,-38,-117,-29,-36,58,110,-58,84,21,8,-79,198,-11,109,76,-30,-24,-208,-51,-34,-28,44,0,-13,55,57,97,74,14,1,132,160,52,-72,18,214,111,63,20,48,18,-43,55,50,132,102
-91,-3,146,39,128,-83,28,-9,-168,28,52,101,-18,8,86,47,-136,26,-11,62,-6,25,-111,100,-1,121,-56,82,-80,-14,-77,73,89,285,67,-8,108,62,86,85,74,108,-16,110,21,37,-16,5,-27,37,-55,-119,122,54,61,-167,-86,-51,10,-4,-80,138,-17,179,20,-50,-97,-1,-58,13,-63,40,138,32,-131,79,-32,11,120,-112,-65,-59,-56,131,49,108,16,129,49,39,-18,81,84,62,72,70,45,-25,-129,-1,33,-116,101,31,80,-7,-85,260,-12,-59
66,5,102,160,-127,36,-73,28,136,-68,-59,116,-17,173,118,67,-54,34,-2,-98,125,47,-7,84,198,-8,81,65,-173,38,-99,-55,-38,72,47,40,10,43,49,162,-209,5,94,-74,-75,-50,166,62,-51,123,-30,39,86,86,103,45,70,-97,-77,-32,-16,18,-154,76,-34,107,-177,-3,88,14,-113,52,-6,16,6,51,21,65,78,148,-6,-85,94,172,4,111,-94,51,40,70,-19,124,246,112,-22,-49,12,72,93,40,185,24,207,-49,59,27,219,294,-69,162
-15,58,11,200,45,58,157,-60,1,180,57,-16,115,103,158,40,40,54,221,144,127,28,173,30,175,95,22,9,97,15,169,31,182,110,31,-112,94,57,-88,-66,108,9,-101,112,30,-148,22,-147,-69,54,81,49,81,135,-74,80,134,160,-3,119,-57,120,227,-240,100,-86,-11,30,61,-28,103,-54,19,65,-15,175,80,185,154,-5,-14,-153,177,-41,-69,45,88,101,73,127,-1,-46,58,-174,76,169,-5,-61,-111,-18,116,-12,-37,91,13,24,79,60,111,-5
3,9,107,24,149,58,-67,-68,-19,-186,-45,-45,29,241,20,79,29,-88,44,-128,-15,312,7,77,50,-28,40,62,263,-139,16,-15,-38,-88,-46,72,-55,-17,-67,-11,-17,92,-50,-72,-46,-25,-54,78,-111,28,-166,240,-30,140,-116,8,19,172,78,77,80,-49,-35,91,153,49,-65,42,49,74,-114,66,-148,8,102,-28,68,-38,-3,33,-14,-78,114,112,-30,153,-41,-148,106,-31,131,104,-82,-75,104,-198,183,181,-50,87,-144,106,48,-11,11,-85,10,-66,52,27
50,-88,45,-54,-101,13,31,55,-65,82,-132,-6,-29,144,99,-5,-55,-44,-104,84,16,133,140,-73,113,30,-126,-147,-104,17,76,27,-32,170,72,159,-2,31,-108,-56,125,127,77,25,177,173,179,-52,0,204,39,-32,34,-59,78,-4,-63,-10,40,123,8,95,62,17,83,35,-107,-96,72,129,109,-142,-12,-13,-93,48,108,54,-54,81,137,24,-27,-70,-76,-56,-193,87,47,23,-94,91,43,162,29,-98,-75,71,19,-71,118,25,20,41,-79,16,-20,-20,-47,10
208,20,59,-34,-10,13,73,11,-12,25,-7,66,-65,41,195,102,-74,97,17,-37,96,26,-30,-135,8,-48,-56,55,139,85,22,21,191,46,12,108,42,124,297,82,32,-10,139,-34,-52,12,-4,27,38,218,202,-68,165,38,98,-73,-17,88,54,-202,-52,-68,-86,-24,-73,104,32,-12,169,15,89,289,-39,28,112,107,5,93,86,23,60,-65,-89,-55,58,-68,47,-40,-106,13,13,120,95,-23,49,-29,-63,0,78,53,219,-51,19,58,56,17,160,97,-3,80
20,104,3,-11,-67,-15,16,148,23,-89,52,-31,197,142,129,33,-125,-69,75,112,-121,71,-142,151,216,7,130,105,-80,-38,243,-66,114,89,13,61,34,138,-75,85,91,46,-189,-56,75,-18,39,101,105,-14,39,33,-14,205,48,48,145,223,161,-38,138,48,93,108,99,83,-24,-130,-7,98,-34,76,-11,30,-83,-35,199,114,115,-49,123,-78,81,15,101,54,26,57,71,26,222,44,-109,12,122,-23,71,-5,29,151,28,-40,90,25,-53,-98,207,-109,58,128
-90,39,104,26,-29,121,42,49,96,-37,21,50,177,54,-24,-94,-123,172,36,229,-27,58,-202,233,74,121,-58,82,-62,-4,209,-31,-104,87,112,74,203,3,148,70,-89,-41,22,-1,52,108,287,156,-40,-15,74,30,227,-87,75,56,65,-95,-65,158,49,-66,43,151,-82,-134,10,53,57,150,96,18,8,8,-78,214,-104,62,124,181,-91,-90,26,192,-114,32,-80,73,-60,-81,104,12,111,56,155,-27,-48,-109,140,118,135,34,208,-58,-13,-28,111,132,-49,-7
44,132,103,-136,50,25,-75,61,175,-50,-54,-40,-129,19,101,73,47,4,117,-26,32,-23,186,30,10,261,6,24,46,45,144,74,-1,107,19,96,18,-59,36,90,111,65,-93,71,60,41,41,-74,-46,25,194,57,151,87,19,101,110,-121,81,-45,42,-102,-58,-89,147,178,195,47,31,33,106,11,161,140,84,-16,130,254,-20,29,81,18,123,110,-8,42,-83,-74,149,-48,42,26,115,-65,139,-40,-18,1,42,151,142,-12,37,28,205,42,124,95,138,122
-32,-20,200,37,180,103,101,-124,85,151,63,7,16,160,-5,20,3,35,44,-77,-41,-156,-150,-12,39,116,165,-40,104,-10,-62,-26,30,-122,-75,110,63,-261,123,-77,-45,-57,-56,-19,6,68,66,1,3,-88,7,75,73,-119,17,62,36,155,-30,41,-67,35,21,-52,-50,21,15,-60,75,178,-8,33,-43,15,-74,6,91,36,-144,145,83,-16,-142,2,132,111,-1,-90,134,-73,71,11,74,-68,99,37,5,-60,-134,241,-64,49,88,-105,-60,90,69,231,128,-75
109,-106,-65,-24,-23,35,-96,-14,-71,-137,8,117,144,-56,76,82,197,1,-39,107,-166,74,9,119,145,210,-11,-6,-132,3,-116,-62,-52,-36,-32,84,-51,48,181,183,67,-155,-13,-181,-8,166,38,148,34,1,68,105,102,-1,18,-78,-28,316,13,-26,20,99,7,79,-98,-124,190,-46,120,106,125,126,48,-31,68,137,113,-125,102,48,120,-9,-153,58,28,166,-28,84,-50,62,124,10,158,70,17,40,102,6,-44,185,40,-10,-9,17,52,-25,130,-11,137,-48
-22,-78,68,-76,251,177,-67,40,49,93,49,73,2,-52,119,37,103,117,20,-67,160,-73,12,59,22,37,-124,88,51,-63,29,191,89,-3,196,-44,50,59,187,-209,-48,37,209,-63,-47,149,115,143,79,218,48,102,-45,179,89,24,27,166,29,-2,61,65,-84,110,42,11,55,-26,70,25,-25,-54,123,29,140,-48,-13,1,140,9,44,-1,-99,-52,49,70,-37,-83,161,120,-87,74,15,79,69,138,0,43,36,20,157,-41,-24,-69,23,154,3,153,135,-8
-59,262,-16,18,124,58,-27,151,-47,-162,-58,13,13,40,59,40,-22,85,-32,14,-34,140,-44,75,272,16,99,43,163,-13,97,125,-153,30,73,173,-155,31,-71,66,118,3,-93,-3,88,39,99,-34,-108,-222,-93,-24,85,79,-152,-32,106,60,45,94,60,-57,9,168,15,-37,-36,159,21,4,123,5,-61,265,-30,157,223,-53,44,-84,209,176,-175,161,130,179,187,-231,-67,56,251,22,-89,-31,217,5,95,-3,23,193,-143,-286,69,-112,141,-35,-31,187,74,136
-85,158,-178,74,-35,-90,0,30,148,-124,-85,-83,21,-28,18,0,-93,112,201,48,59,59,96,49,57,15,85,24,-125,5,102,95,176,-91,42,19,-75,223,134,-142,-44,81,-94,68,69,-72,-25,-72,-15,-117,86,65,-53,206,-141,-10,57,-81,177,-10,52,26,3,-113,24,88,132,-109,59,3,0,77,80,271,61,85,-6,-82,112,51,-46,-118,-43,57,-61,-39,-14,-91,21,90,76,215,-96,59,70,97,111,31,35,42,-12,-56,50,-155,3,-101,191,-185,69,97
150,-15,-10,130,44,36,4,-157,46,-5,167,5,-153,-68,-26,17,-29,58,213,-19,39,130,-77,109,21,-24,65,133,43,-26,-62,9,26,-114,110,-36,-32,44,111,88,-42,-23,-92,-73,-77,-9,-74,98,-7,73,-26,9,129,44,-201,86,137,24,9,74,116,-46,-41,-58,-148,-72,-27,87,40,80,-55,130,20,176,69,34,-76,-77,22,-9,-49,-28,141,128,-2,-153,68,-87,-9,32,207,9,61,-86,123,4,33,15,40,41,-39,36,2,81,77,-110,12,96,165,126
153,-27,118,334,36,58,64,6,-7,-64,-139,56,65,28,-121,184,9,130,73,20,115,120,158,-98,193,120,67,138,124,99,192,47,20,-121,-72,-10,201,-71,137,-114,38,77,59,57,17,4,45,-1,-18,37,88,23,40,197,-68,-111,-100,57,176,-25,-74,1,199,-18,-1,-46,34,124,125,93,0,109,-77,83,25,70,-77,-15,-187,-206,23,-88,-141,60,-20,201,-32,-1,127,47,124,68,61,36,140,-60,-27,100,-104,188,23,6,53,138,105,9,118,-3,-58,-191
62,-84,66,77,-56,88,17,38,-69,-125,66,19,124,8,-56,-30,88,12,31,52,4,39,-104,54,-46,-160,266,-26,102,104,60,-29,60,-39,4,38,-141,-19,26,72,60,189,95,16,12,-46,-3,-37,61,14,-116,24,-70,185,-34,-64,102,-23,75,-115,80,98,-41,1,48,45,51,-18,54,-122,76,62,101,-110,19,-44,173,8,38,81,56,83,-45,-88,59,22,14,26,86,53,127,8,48,9,106,114,-29,101,-2,-10,-62,-40,47,-96,121,93,61,68,98,172
-68,-89,120,-49,-7,-12,106,-37,-106,-1,-15,81,-43,75,-1,-90,34,-76,-74,74,9,-2,52,-69,10,-48,196,67,-17,7,-126,38,64,156,12,173,-9,-179,81,-78,-5,152,-55,-22,-37,61,71,-28,-55,210,82,184,-24,6,59,166,-158,-86,54,115,35,117,-46,8,35,61,-83,-76,-127,92,-102,-153,-2,-56,-136,6,160,133,-85,-112,114,-51,-92,27,5,-137,-79,71,48,-93,-148,-46,-31,145,118,55,-181,128,-126,61,56,143,156,23,-100,-68,29,66,94,48
43,125,74,-54,248,108,22,76,11,139,191,7,29,-53,20,44,123,-59,44,162,11,-74,19,102,3,144,68,123,-26,105,175,-134,-23,145,-106,70,64,-4,-56,99,233,63,-10,96,-9,-10,-98,-44,-33,52,-18,98,38,25,134,68,92,185,182,43,-13,-29,71,-13,48,-16,-97,-42,-161,-102,30,33,54,35,21,21,30,68,240,-61,-2,-1,63,-42,-67,28,57,-70,43,6,-29,33,-188,-125,48,264,81,-9,96,5,69,176,52,98,75,71,25,26,80,-93
206,44,175,184,100,252,50,171,101,46,65,-23,172,4,7,73,94,59,108,123,146,184,-12,49,130,56,-47,219,-49,28,235,-124,-3,159,247,1,143,97,34,-35,9,69,193,79,-32,91,118,163,-12,134,169,-86,5,206,131,52,156,152,77,18,39,4,136,161,-26,-2,-10,-12,163,96,50,253,-128,-96,-57,-72,-35,103,10,-151,34,-144,85,-28,33,123,74,-52,98,-9,176,24,-13,37,245,187,18,42,46,172,64,76,-37,-31,103,-56,162,196,-17,32
65,-19,133,0,-1,77,64,131,107,-139,-120,68,22,-30,148,94,-25,214,21,55,94,103,16,-130,-16,186,19,191,85,251,82,-35,166,91,79,78,95,48,67,92,105,64,133,78,-81,81,69,7,48,248,159,107,-48,186,-63,-9,-17,188,76,-175,227,47,42,76,64,138,87,-70,145,-157,48,89,-70,31,120,-53,190,131,-187,-57,101,-46,79,-28,29,29,-67,97,184,12,95,-11,44,129,191,120,-18,-72,41,179,126,38,193,-111,-13,126,105,181,12,143
63,52,-1,25,177,204,114,36,113,146,163,48,-5,49,-10,47,189,11,53,88,147,28,-46,71,-19,40,2,174,25,76,128,43,-30,156,15,68,77,-29,31,10,28,-4,2,97,164,25,118,82,-154,266,207,187,151,-8,133,-83,65,55,87,61,58,15,68,80,144,13,-17,62,8,15,67,58,-23,-13,21,101,56,116,74,58,48,-68,-26,239,179,307,89,-2,106,-146,69,241,-37,14,128,75,116,255,112,178,142,52,145,93,174,43,147,27,68,-75
-165,40,54,55,180,168,85,6,-195,-55,107,28,52,-19,-3,-49,38,147,100,61,159,116,-24,115,118,117,140,-26,87,4,-30,71,24,-21,-88,43,-27,-63,13,38,199,-17,-33,70,47,73,29,-28,43,-19,2,108,-46,-59,125,45,-15,281,113,81,-73,199,-8,138,-91,59,124,84,17,75,112,29,74,39,-119,149,161,86,101,-11,222,-44,-151,-113,-28,116,-65,256,171,73,93,71,69,39,105,64,-32,29,-68,193,54,29,43,-61,57,-45,92,174,109,176
-81,36,107,-30,82,-84,27,102,-181,-21,84,52,52,-42,18,30,228,-40,51,64,200,68,-93,-31,202,-12,-14,33,43,0,88,36,-34,31,-4,-8,2,-37,106,31,29,-84,81,-18,113,140,31,23,-19,-43,33,138,43,-62,56,-5,-21,149,13,91,-86,38,13,102,91,15,-26,139,-23,147,61,-48,2,-88,-91,136,43,129,3,-9,108,-3,-148,-155,63,99,117,139,97,147,8,88,70,-138,0,97,-110,21,-185,149,-58,-87,-86,-5,53,-51,22,-24,86,-6
50,-43,97,-105,152,-45,118,-153,19,0,-13,83,157,-66,58,110,5,-117,24,-25,-154,40,-7,-66,25,145,-14,-103,73,-1,-86,-149,44,68,-109,111,15,-24,47,-6,-21,-1,61,-75,151,101,-27,75,19,-69,-59,34,113,-120,30,3,-83,52,67,90,-76,-11,-112,-20,-15,-32,-35,-30,-55,75,169,-1,52,3,10,27,166,-4,-22,-61,124,27,-128,30,-54,223,93,60,-62,41,-34,134,-45,29,69,-84,80,-76,-43,-55,55,116,-61,25,-4,95,-119,13,175,57
89,160,-67,87,7,166,-71,33,170,-75,123,171,43,46,86,47,-14,112,-90,51,108,48,-34,231,161,-64,39,28,91,59,-69,131,4,171,-27,23,-95,-21,258,264,23,145,92,-13,34,26,194,-6,-105,74,90,101,-79,-39,-26,-8,214,177,42,57,-86,29,6,71,-98,114,91,105,48,130,-67,34,-32,142,125,151,50,140,120,74,137,-34,-41,159,178,110,-70,-57,85,33,130,117,-24,43,66,84,118,182,3,243,54,-1,138,-96,155,8,193,137,56,105
58,47,-28,-164,-50,37,-32,16,28,162,-20,-42,-77,248,-41,166,118,43,47,-33,-64,103,-111,34,91,7,-54,-26,142,-110,97,100,-143,-15,20,118,11,-136,122,27,166,156,27,59,14,-32,-3,-45,-45,-155,53,203,31,-153,5,-14,90,-80,-102,7,117,-49,119,17,-57,-15,76,176,108,4,44,31,117,26,210,-40,-52,46,57,161,92,83,123,-111,10,185,43,-87,-71,-31,-138,49,7,-75,8,99,149,-16,263,-7,-49,-128,-44,-52,233,60,-15,150,80,-2
64,146,24,12,32,49,30,-164,122,-19,-45,-45,-119,226,-29,-33,-23,146,-22,-136,31,72,-211,-25,70,-176,-54,47,94,-49,-3,171,-54,199,22,161,19,94,-35,119,13,-125,-74,-73,140,-20,61,23,-134,27,58,127,-6,-277,67,-57,74,76,-148,150,71,57,218,94,9,43,115,93,-28,-63,51,-94,-86,139,-70,173,217,109,61,187,51,-49,56,103,-65,56,97,-24,-47,-117,94,137,147,94,0,22,141,-46,83,-6,32,-126,-5,60,55,-34,78,75,6,73
52,-206,-19,42,-31,55,154,-151,161,223,119,41,44,150,-147,25,105,27,167,-12,-43,-79,98,121,-11,52,32,143,89,164,42,114,108,19,104,-31,179,-15,49,-65,-87,49,60,-15,-80,-44,43,8,100,160,26,170,-30,3,68,-2,-195,18,76,62,180,41,-35,-19,-11,14,113,35,30,85,-103,-113,26,-63,214,0,-22,-32,-37,29,-75,-26,97,137,-32,172,-42,96,-52,-14,-87,72,-10,144,-88,-120,49,167,87,107,51,86,83,125,-54,174,2,61,-42,50
56,207,97,40,63,3,-14,-86,8,59,-75,82,14,99,40,94,-16,82,150,25,36,180,-200,91,116,19,194,30,-33,75,195,15,50,196,179,280,145,-84,72,-21,17,120,-105,-21,3,176,102,139,-150,71,155,42,41,50,-15,-71,398,52,-9,147,40,-34,62,122,37,225,-239,-85,40,-52,51,-122,9,38,26,6,85,-140,201,64,89,-65,-44,115,37,237,184,-132,63,-35,-41,154,82,160,130,246,97,76,-88,-98,83,83,68,-8,50,86,50,103,119,-113
-39,-53,310,104,54,143,40,-42,41,23,-157,86,120,110,-52,8,139,188,118,117,63,70,-161,40,51,22,70,17,-71,42,18,67,122,147,35,32,118,-39,-34,33,18,-89,125,-176,-45,-18,-13,160,-114,155,-9,104,6,166,-12,-33,24,131,-131,24,98,-20,-56,185,236,21,-62,30,23,-155,8,-27,-78,-54,-35,69,251,35,91,4,104,-73,177,-12,10,234,-64,-46,214,-99,131,-4,-52,131,52,38,-9,27,7,169,108,28,95,12,107,148,64,162,134,77
17,-20,49,52,-149,1,-114,17,-96,-132,-14,-30,10,99,24,-171,-24,-51,35,24,107,-15,65,69,75,14,81,21,67,165,152,-30,-73,-30,83,-61,61,-66,83,-9,-53,171,4,153,63,34,261,123,150,26,-14,192,101,-18,-49,95,62,39,-67,-16,16,-17,31,56,-54,92,91,-35,169,253,104,20,16,91,75,75,74,-19,-69,-15,104,66,-23,124,-28,14,68,91,48,141,50,34,337,84,21,105,-26,228,3,54,-88,-62,129,-20,71,-32,50,17,51,43
-4,108,-46,22,14,67,-79,37,55,-27,35,141,70,12,83,135,-112,69,80,-53,-18,-38,-150,80,180,52,38,241,-83,57,112,152,47,45,121,-21,152,173,-81,-26,-70,-120,-50,-2,55,127,-32,-24,170,73,107,75,77,-26,126,81,32,82,64,-24,-39,153,57,247,-105,39,121,-36,64,53,-90,107,65,106,-70,-24,-96,-40,195,31,-96,20,-116,112,52,-26,111,70,-55,90,5,-51,71,90,134,95,-56,27,147,18,178,49,-32,89,23,-23,17,72,87,41
67,-15,28,38,129,-49,104,207,108,-14,-13,91,26,-21,93,266,162,11,284,-81,123,76,28,93,30,207,212,112,103,87,-52,180,-58,-50,69,13,14,-111,170,19,70,162,58,-12,55,-50,-29,-245,17,-43,115,149,-44,35,29,-109,33,-58,89,87,114,1,-35,-139,52,243,-80,-40,90,14,1,-44,83,39,157,-15,130,213,25,15,21,-5,68,263,133,112,118,-51,43,183,-49,157,23,-39,200,-29,149,23,64,15,-12,136,100,-42,178,144,3,68,64,156
34,-19,-82,-65,-95,-69,1,-100,52,52,185,141,-25,33,90,200,196,34,62,-119,77,40,73,92,25,166,129,170,-14,198,59,-22,274,140,35,-67,28,-107,32,-10,44,65,-179,8,110,-49,-141,30,-87,87,137,218,28,-59,242,102,101,67,-67,82,-34,20,-1,16,5,93,64,111,-68,-104,-10,35,-37,-65,-52,94,72,-46,-21,-58,206,-80,-26,47,152,34,23,-37,-13,43,-74,76,-39,145,16,-34,60,180,-109,222,80,8,12,-41,199,-103,27,44,139,37
92,-8,149,59,-93,140,126,-103,2,55,-19,7,8,64,126,48,39,55,117,22,-40,182,-67,-23,46,-52,12,181,257,-78,0,-20,52,133,39,7,-73,-5,-62,128,33,-36,-140,-31,-41,-1,81,239,-141,202,155,104,112,138,-95,127,270,1,73,72,192,114,74,38,206,-22,54,62,58,48,120,36,-48,25,160,6,106,216,-10,52,69,4,88,-8,-4,-140,-43,-17,153,-120,213,-28,171,72,69,47,4,124,-88,-37,-51,-97,32,1,-46,43,122,116,14,-6
76,31,9,107,40,125,-136,68,9,-117,157,97,3,129,215,101,99,-72,165,125,238,194,57,72,94,159,118,115,23,-41,16,-37,81,-31,-11,-48,-55,-78,122,136,101,136,138,60,-14,-75,-6,-85,-47,212,128,165,-31,12,50,25,44,80,17,34,-94,37,-64,126,-103,10,8,50,73,79,-55,79,68,38,-21,128,-19,92,253,55,70,-70,137,180,92,48,42,92,179,30,22,63,30,8,123,240,27,87,57,88,264,100,141,31,260,41,183,98,-12,298
-49,-2,46,-10,131,-99,-91,155,-126,9,52,6,-139,42,3,195,-23,18,55,-169,50,13,72,-108,1,51,60,109,58,106,-64,-2,8,-210,53,14,-11,-248,-61,-139,-9,134,-28,91,-48,-65,-264,-104,7,87,3,10,101,116,-24,123,-66,-69,-3,-50,-109,-11,84,-135,-47,72,-47,-64,54,13,-17,3,105,18,38,69,-94,-34,-1,36,-45,0,-15,16,35,-4,172,-129,-101,14,-105,64,115,-79,39,-77,-35,23,-16,-73,126,32,-13,99,-41,-53,-100,95,95,-38
278,-142,222,38,60,-48,-43,-53,29,66,-81,46,90,-139,137,-48,115,-53,147,182,40,-42,-19,-18,51,23,-7,70,81,215,-25,-93,110,150,56,207,129,97,48,-33,31,34,63,119,-94,-43,-6,-93,1,151,117,110,169,25,171,-18,54,141,87,57,-82,-53,-15,50,76,149,-88,-155,218,99,10,87,-73,11,44,68,145,99,51,46,87,37,-24,197,72,38,-17,-3,173,240,65,-55,9,-149,86,25,49,89,-89,-4,-60,110,32,107,196,154,-8,-36,77,76
-22,-16,164,99,252,69,-44,-84,-8,18,-22,-69,70,-22,-21,156,-64,138,-74,-34,47,73,13,31,119,97,55,155,-50,-6,-111,121,-17,177,61,124,204,-30,-42,20,24,64,125,16,-62,112,90,-78,-160,210,205,-75,139,-82,125,22,-32,-88,-10,-90,-62,77,-70,-43,-31,142,-55,84,-49,124,-35,-10,86,-23,-16,-111,43,72,33,-28,-13,-8,-41,110,73,-97,-120,149,-40,-22,56,-113,-46,-95,125,-17,-184,-22,-72,112,132,112,56,117,43,25,72,117,82,-104
-40,64,102,38,-26,46,-85,12,79,-17,43,85,141,46,14,75,88,37,121,70,-2,222,-117,88,18,173,-35,30,104,67,85,-9,85,25,18,51,101,-31,-134,143,144,-110,-74,29,-60,-43,90,146,42,19,-105,168,17,-28,-131,-154,98,265,-120,131,240,-94,35,137,-54,-32,-70,63,50,45,-102,130,-13,188,54,129,102,37,54,-66,-3,3,146,93,-58,34,-114,-31,180,-34,182,84,10,15,96,89,36,4,222,55,-64,64,15,17,44,63,54,139,-19,124
-119,19,25,-11,-33,33,147,-32,-2,-117,4,1,120,-53,-221,4,106,102,92,-1,-48,53,-35,-18,5,164,56,127,-121,38,-13,-72,159,17,42,189,-52,-13,-63,-65,113,-19,12,68,-58,-1,121,-23,15,-19,-38,171,-136,127,-87,-6,-260,55,191,57,78,-88,43,60,169,-73,61,-37,-122,-125,-4,65,55,-117,66,179,74,-159,41,-169,89,-162,-57,101,-239,12,39,115,4,53,20,-20,-239,-52,162,-71,166,65,89,67,-155,-69,5,9,-65,69,-118,-34,-24,-2
-16,111,171,39,136,-10,33,-59,112,53,-109,-13,-114,8,28,-7,-2,167,-72,-43,-29,65,53,42,246,160,17,-192,39,40,-84,-99,57,-17,-21,7,63,-22,17,1,68,20,-38,100,132,71,160,43,-95,-1,77,75,-42,134,29,124,72,173,-41,-68,-118,44,189,113,-112,16,98,-115,-24,103,42,-20,-26,-71,-94,115,80,24,-30,30,47,-70,-111,128,126,227,70,131,61,137,-26,61,55,5,-20,7,162,-46,-140,82,-12,89,-83,-1,14,85,114,104,5,-18
69,45,63,59,170,11,-47,61,213,-50,-90,165,-4,-76,151,120,25,8,1,-106,121,41,-21,-21,17,196,-45,63,147,49,-44,60,-24,49,29,-29,56,67,117,96,29,-84,3,96,-43,-16,-127,-28,-128,-64,-14,-7,44,143,-50,-59,34,94,170,91,48,-26,-97,-8,190,169,18,66,98,-73,5,215,-2,195,101,109,59,132,66,-59,5,52,174,110,-28,133,76,-115,207,81,137,78,12,-53,141,-34,68,19,33,137,32,107,41,26,205,-3,-34,117,247,126
-65,62,148,51,96,20,27,47,-56,-63,12,92,54,-95,-3,121,64,167,173,-70,94,-128,21,-48,-48,166,4,61,-44,92,100,52,-90,-34,177,-174,60,-47,-145,-16,30,10,92,-143,-38,-132,-159,-33,-17,14,54,-20,79,101,141,-33,-25,9,-8,-27,-20,-102,-28,69,-12,67,-77,54,123,64,-5,23,-47,76,60,37,154,24,-15,19,30,28,58,103,174,-2,151,3,30,94,129,-55,-26,17,155,-18,14,-99,-46,77,-108,2,57,-101,143,22,-63,136,90,-55
60,-59,139,76,37,169,29,69,8,-23,151,33,-56,11,100,-83,-36,126,-3,45,51,32,60,-36,-8,33,-9,57,59,92,54,-73,158,63,2,26,3,25,66,-17,-19,-77,91,-13,-4,102,76,93,62,117,49,78,159,97,-27,36,-28,215,-15,65,-7,-30,-11,154,3,-66,52,67,12,35,79,54,-181,124,-19,125,-3,-27,12,26,96,48,-46,93,25,-9,-78,64,162,12,124,-58,125,38,106,-33,92,72,-45,160,73,-79,84,-32,-22,66,68,246,-93,69
94,25,21,-21,185,-38,-146,-36,-102,31,48,118,218,17,-129,-17,35,18,106,74,30,35,15,1,-110,54,108,101,64,112,138,98,-2,31,88,144,74,160,-8,39,-74,-16,141,88,-25,52,-40,-56,57,-62,51,169,217,-23,35,68,-60,114,201,150,-58,81,-55,21,50,18,13,41,101,25,8,146,-55,44,36,10,-5,118,98,-18,43,229,-13,-61,-112,93,93,-32,29,-67,13,-67,-76,-5,84,85,62,-10,43,-42,-31,7,47,67,133,-11,50,-46,129,-132
28,21,166,-23,62,67,37,199,80,-36,-34,-38,-62,-171,114,-75,63,-9,23,41,-72,-6,-72,111,15,155,28,117,2,-6,-146,33,19,-23,83,245,191,-29,167,30,-44,22,-55,148,2,24,214,26,71,6,34,92,-25,-39,89,33,8,22,-104,107,-47,-114,22,77,-14,-26,35,-110,18,42,-17,55,-26,-104,5,-6,102,118,40,-39,51,75,33,134,-10,116,74,-22,53,122,140,113,36,-67,72,6,120,105,3,-1,17,96,43,-24,-15,113,10,96,234,114
3,-7,-81,134,-17,-34,-52,-73,32,123,-92,30,19,32,-124,11,69,-59,19,-75,69,-127,5,-9,-2,-34,-156,98,-39,42,89,210,20,89,68,22,-5,68,-95,-82,99,161,-82,179,136,62,-13,5,-1,-2,188,64,55,82,42,-94,-36,-1,-20,-28,51,189,28,1,185,148,12,-126,114,-51,157,103,218,-7,64,48,-101,48,98,132,18,-76,73,-37,-90,87,10,42,170,127,-52,83,50,10,-8,30,185,72,44,-8,12,7,-91,233,86,2,-1,-206,36,-156
52,55,94,83,80,-71,-28,-9,54,85,-137,-61,-9,130,83,-50,91,76,73,129,54,11,16,24,-20,51,111,-69,39,-48,6,151,-44,2,-76,103,-153,-19,-62,79,129,16,29,-26,103,8,106,106,-65,-27,100,15,183,-71,93,83,-79,-63,-115,-9,-143,-4,96,-98,52,-68,-68,-114,156,43,113,31,29,34,65,223,29,14,-30,163,157,123,132,1,106,130,71,6,-15,-27,-84,88,-174,90,91,49,109,54,-62,-118,53,-108,-27,207,162,80,1,-18,55,-112
57,35,248,174,-2,-73,45,59,132,-50,-127,116,204,17,28,-5,-31,56,141,210,76,251,-131,-1,119,-8,210,-99,-1,56,-29,-17,58,179,47,-102,70,47,106,54,9,63,-32,150,-27,163,-82,8,72,38,-2,-83,62,119,56,7,149,-6,4,138,-11,26,-64,86,88,122,29,-10,120,131,-110,55,51,75,-91,-105,-70,55,116,69,-210,52,43,3,-24,60,-30,-102,91,-36,122,-99,98,16,180,60,-30,130,-31,-9,131,-123,67,-100,21,83,63,109,78,69
108,-104,87,85,-58,125,16,-91,40,-109,-46,-60,-5,-61,-18,-191,93,-91,-12,89,-19,0,21,24,3,49,48,229,-104,141,-59,62,-87,89,-48,23,138,44,19,-12,-8,55,-30,51,-98,-30,67,156,-3,150,12,-40,27,48,80,-65,8,16,16,31,116,70,126,-31,8,64,93,27,204,78,81,101,145,85,-100,-15,14,-34,-4,124,-44,-6,-86,161,-14,46,-66,114,67,51,-96,-100,34,-39,60,120,-42,20,100,11,-12,34,97,26,14,113,-16,134,99,6
44,-26,16,-120,-22,-142,-135,89,55,-230,-96,74,-90,-11,67,204,24,-57,-52,-20,202,159,114,39,-22,-7,90,88,-111,229,-24,-20,-2,-59,47,-21,77,94,53,-17,92,13,-23,197,168,81,98,-82,203,164,4,178,120,14,152,-47,84,29,-1,22,1,64,-23,151,31,158,53,-21,-98,49,-34,-85,-164,62,-83,85,179,142,18,-34,96,-34,4,42,95,52,-102,167,86,137,91,-8,195,-69,149,66,-160,28,14,59,6,-8,30,-127,95,-6,9,185,224,282
127,71,100,93,-92,64,94,48,216,-241,-173,34,41,-33,72,-54,-27,40,-54,121,135,323,-13,39,28,-18,-22,-75,42,-80,95,-46,-112,156,66,152,-102,34,62,173,-17,23,126,-23,142,63,66,-11,-70,84,-47,-171,-128,19,-15,-47,84,34,128,-15,-17,-53,113,-14,87,20,69,5,150,-71,-16,-107,-98,94,117,89,-27,47,-21,124,97,22,172,149,-63,25,16,-36,97,-19,218,-3,25,57,135,-62,50,-22,7,-95,56,-6,-85,-84,-21,26,20,0,-132,84
-115,193,-84,113,67,62,70,23,37,21,-66,-109,42,249,-53,67,-208,25,-75,-198,148,187,-101,46,7,-135,103,89,183,-25,122,72,-12,-75,-52,-34,47,45,26,-52,-93,204,84,189,119,65,28,65,-9,7,211,127,-2,51,-22,124,49,-75,4,88,37,106,100,49,61,206,174,96,-85,63,117,66,-103,-3,78,-14,-63,196,-75,-28,140,-42,123,-82,97,17,137,6,142,-47,94,63,81,184,-15,-48,-30,93,33,8,14,80,58,2,32,61,67,-171,45,69
90,41,-1,65,-85,106,194,-17,112,27,-117,115,-89,93,-20,56,-31,110,-12,86,184,126,-263,-32,73,-8,54,-60,81,2,55,48,51,-47,24,-168,-67,-7,-66,40,14,-13,48,-5,106,52,-57,14,-96,-15,125,92,2,3,-52,61,197,135,-98,29,-112,61,139,58,7,26,-58,-40,107,40,-45,-81,-94,-30,37,83,95,17,-21,23,203,-24,-7,-4,87,192,117,-121,-8,-56,84,35,-16,138,113,-46,209,32,-7,24,-69,-72,-64,-129,68,65,111,82,-19,-78
169,106,119,76,112,19,189,238,1,-75,-15,38,38,-73,106,172,29,-30,195,-84,62,102,44,-48,125,100,-37,122,119,-11,-5,120,53,90,38,20,30,56,155,-76,32,64,17,203,208,174,31,-101,9,25,323,-127,25,0,99,12,28,-56,29,102,-20,-64,78,-47,-22,55,79,-130,281,132,104,55,-29,53,61,85,148,57,-13,-32,158,98,-17,61,133,104,175,-191,-107,103,223,89,21,25,148,-10,236,69,-22,-4,18,-28,107,-38,72,37,66,138,184,-2
-45,119,15,-58,-49,66,13,34,122,4,43,59,70,84,-47,-27,-113,134,-5,65,46,14,111,74,119,-169,9,18,35,-44,146,96,-47,162,-41,62,-39,8,173,66,-21,20,16,-90,151,130,96,-36,164,66,116,-41,46,70,40,54,-38,25,26,-46,128,134,56,-180,-69,58,12,68,-10,108,120,-37,80,30,-17,59,-23,166,105,69,-77,-34,-7,-60,16,98,-89,41,177,32,-223,110,102,27,-50,-27,-89,-63,69,150,147,47,133,-10,-60,67,49,-120,88,94
33,151,-68,132,-39,73,120,-1,55,-80,-122,64,-106,30,208,49,-42,54,123,-104,217,140,-119,114,85,24,-206,-101,172,-57,-27,-132,-31,79,91,57,-62,109,19,240,52,96,121,109,151,-42,-11,-49,-139,52,-50,50,-66,61,12,-63,271,104,183,-3,-59,44,-91,-22,-43,154,-118,3,5,-144,172,-99,-66,142,146,170,107,77,109,55,184,-50,121,153,-35,14,87,-54,93,104,157,214,123,11,22,66,50,-41,-5,-35,-23,46,24,-122,153,88,-61,77,-48,211
45,61,12,129,100,78,-80,85,50,-45,65,23,-66,22,-34,86,76,133,249,115,114,171,80,104,-22,-52,188,181,32,133,21,-73,110,114,74,-133,-109,-118,95,2,38,69,-49,111,16,-15,-105,-104,49,61,108,21,72,4,-127,0,185,37,30,278,87,6,10,-140,8,163,74,146,42,48,-49,96,-95,34,-1,-140,124,51,77,57,-17,10,73,225,116,-54,-84,-80,52,52,51,-4,54,-86,164,-154,-22,158,-31,142,88,59,123,7,47,21,161,48,40,103
-113,-30,6,-36,144,50,-22,29,-71,53,34,130,-43,35,23,10,-118,143,66,104,-14,92,-93,36,73,-3,-136,-8,-78,66,11,103,-105,54,124,33,40,151,-106,35,-35,-51,-8,-2,73,66,177,110,29,60,-11,-88,117,88,-51,-15,-54,74,-50,-69,49,58,-108,210,-8,-85,-20,105,83,41,109,126,-105,163,-40,12,16,132,112,-29,-28,-2,47,115,15,56,22,117,136,-41,62,72,125,-17,51,-10,113,-4,-39,169,45,-103,115,28,39,-44,-99,318,-15,126
-48,60,95,-14,125,-30,-76,134,-11,42,-21,165,43,-68,51,-75,-101,32,103,136,20,-97,-56,115,120,119,-55,115,44,144,205,-25,-88,42,34,-29,212,-8,99,61,-72,34,-38,162,-12,20,17,36,129,51,-17,24,149,51,85,-19,-73,17,69,-15,25,95,-49,258,-74,13,-19,44,198,54,-46,134,227,165,-104,42,-49,159,64,-52,1,-38,-8,-7,-2,160,84,128,34,25,36,53,52,-27,-4,12,1,-63,92,62,210,111,187,84,24,-41,13,-2,-26,118
107,66,-73,29,27,74,-1,86,174,70,55,-30,1,23,170,129,70,-63,85,-151,19,-8,-36,-81,-86,-14,78,-109,48,39,4,18,42,52,-100,-36,-138,80,-4,32,-26,-10,-107,115,60,110,-35,-86,-85,-47,186,39,59,101,-112,-130,30,-45,5,132,14,92,14,-38,157,36,111,-153,75,-7,100,99,-107,-106,-30,147,37,6,-27,22,108,10,155,49,91,-33,57,-33,184,-6,204,55,-40,52,-33,5,88,145,6,57,-264,57,-60,69,62,97,108,10,-22,123
22,32,173,150,140,182,85,-4,49,97,36,-56,-159,29,-8,141,-46,-3,140,-116,198,-1,-126,43,161,-19,-138,43,22,-34,113,55,119,180,-9,-136,-31,-81,104,-42,137,181,50,188,103,156,-92,-36,-106,222,77,-72,135,-24,50,4,13,20,-44,-123,-123,84,132,97,45,54,49,-117,108,-49,84,-165,17,121,-63,56,48,-31,-62,4,-74,-160,16,61,12,-13,98,38,196,-37,-34,53,48,63,257,30,-8,-96,-67,156,87,-104,-131,63,39,71,-192,154,-9,16
100,75,51,127,135,2,-2,-29,67,127,-11,25,-82,-20,-5,-27,-170,126,-12,4,-86,-82,47,18,126,106,-85,25,-191,67,42,19,-97,186,37,89,61,52,-89,24,-52,122,-68,63,169,114,148,27,-32,-35,114,4,75,-13,32,-34,-49,106,26,-20,31,126,64,-24,-19,106,-60,128,-9,149,132,58,72,65,-37,-24,22,-92,-50,-48,38,81,-9,52,-33,49,18,29,-49,127,63,109,-69,-62,-112,102,54,-80,130,161,35,-62,30,192,133,82,111,139,-69,-149
23,-58,90,224,153,227,-50,19,81,-38,0,268,16,50,10,57,21,21,5,-42,88,28,-67,76,-70,74,32,225,-114,45,124,-23,-40,33,150,-61,120,4,-8,0,-69,-98,-27,102,-3,103,10,96,2,102,-39,72,27,171,131,-101,40,164,79,111,-18,201,59,229,-56,-6,2,134,81,15,-19,188,36,66,-48,-81,-47,-53,47,12,103,24,-68,82,12,104,97,23,81,73,159,24,21,-123,118,-14,155,-33,-80,123,-125,70,118,10,73,91,38,144,-63,-23
4,57,30,91,14,-113,-19,48,127,-25,56,-28,-7,149,58,76,99,156,85,-50,194,59,54,40,180,181,-148,-82,57,-56,81,-18,-12,-49,34,33,37,-139,-2,95,-18,114,-27,7,172,112,-45,-83,50,-68,67,80,193,-87,65,-107,-9,20,26,-9,67,17,-18,-19,11,118,72,-20,148,53,35,95,67,106,-66,113,126,-42,45,166,37,15,66,-39,21,-112,-158,-78,21,166,46,44,71,-39,41,-128,24,-31,167,-6,136,51,-11,-19,142,46,-12,90,120,125
-86,72,23,50,81,33,123,-148,41,43,-78,-44,141,81,3,2,114,111,-63,14,-10,111,-223,50,91,36,108,26,152,41,-186,-63,107,78,-83,42,136,-69,-3,94,76,39,28,26,4,-42,-99,26,-65,33,-134,243,-159,-104,-12,-33,-4,139,-16,-13,49,19,102,-52,141,10,172,23,8,-6,-44,60,-3,-5,156,47,-19,-88,31,5,-20,0,-79,136,-121,88,49,-79,84,-75,115,43,57,32,-65,-39,212,178,-17,7,-21,46,93,-14,28,149,-46,-43,33,-47
-114,185,157,43,180,-15,20,-151,29,122,-2,7,25,107,-36,-22,67,195,134,-50,54,153,3,-148,282,81,7,-21,-51,-52,151,-161,74,73,-54,31,188,13,-61,35,121,-83,-66,-1,170,60,-26,62,-75,-53,146,24,12,-55,44,35,131,171,-12,14,-60,-76,110,-5,7,113,-23,90,-2,80,12,43,-62,99,-124,-64,62,-73,53,73,96,53,15,100,46,36,-75,69,127,7,76,-71,-43,-42,128,-66,146,-138,-85,161,0,-115,53,-8,108,58,60,15,33,39
103,47,106,-48,289,132,-141,86,36,-80,-127,-81,52,82,51,157,10,151,-25,-27,-19,117,-158,-25,146,73,124,-15,97,-36,-16,-156,-150,-46,65,187,63,95,5,197,83,-98,152,-186,0,26,129,-18,-46,-75,78,-113,32,5,36,-70,31,118,14,-48,-69,-23,1,9,-2,-75,-33,-42,-2,-2,92,84,-160,-35,-119,-28,160,57,151,24,161,67,-118,27,51,94,89,-98,28,53,153,23,-6,-34,106,-17,34,-203,-60,88,-19,-74,123,8,167,191,79,162,-91,65
180,211,-11,-3,39,19,-202,15,148,-74,-9,55,3,124,-56,143,-86,108,253,-51,43,177,-44,-9,27,-28,183,132,-66,202,65,-25,103,-33,-74,59,-63,39,122,125,143,154,-19,61,91,-5,53,-12,30,-25,316,73,202,-8,25,-66,89,-122,-23,46,77,-42,-10,73,4,77,-88,55,-24,52,-66,128,-6,-71,-92,-64,75,138,31,28,-139,-51,-18,226,112,15,-5,-16,51,0,30,62,-92,-56,247,-3,16,41,86,94,24,-73,135,207,12,16,229,-82,66,57
115,32,-3,101,-64,122,-29,101,139,-151,-52,57,55,24,91,-21,-57,30,34,75,37,149,-35,129,49,31,-109,-27,-71,-83,93,-32,-137,63,45,13,20,52,48,65,32,31,62,-15,71,98,121,206,10,-52,153,32,-37,-19,25,125,109,120,48,-51,16,-87,47,75,-116,10,-49,-41,95,23,79,88,-53,42,60,13,66,74,-22,-58,185,-66,91,-61,-52,166,23,-60,78,90,64,44,-79,83,176,22,131,13,-41,82,-78,84,-14,-12,-10,16,-3,-113,23,16
2,44,53,-13,39,109,75,133,291,26,59,16,133,-2,93,169,2,31,-20,16,45,199,-150,67,100,134,181,110,-47,199,13,35,47,190,-5,58,-28,93,17,79,-77,-54,-118,-76,111,111,85,3,-37,48,50,-18,158,9,56,-86,194,258,-181,1,51,36,63,81,8,-54,15,-52,-4,-14,-46,-97,-112,8,-20,12,92,63,140,91,-106,0,-16,124,230,168,-26,-86,-13,-45,100,-3,111,-36,116,65,19,-60,-8,78,40,-94,-17,-180,-80,97,127,208,74,55
-94,58,54,27,141,47,87,3,-20,37,147,218,168,-94,99,116,-46,175,182,16,-70,139,74,-34,-1,121,-31,-34,-41,-52,27,98,119,93,100,38,304,-58,210,-65,27,-40,23,42,22,136,173,57,-53,130,211,-17,75,21,-167,-4,4,-70,-6,174,30,-66,57,134,-18,148,66,34,-16,213,-5,74,122,69,-13,60,-65,152,63,-96,72,35,-130,143,33,103,5,95,103,-32,108,184,146,27,121,-22,0,45,-30,81,204,22,161,3,82,42,189,168,74,117
-3,135,-14,114,8,-2,-156,-4,7,-69,-103,-20,153,-77,-76,-82,-59,130,148,-1,96,196,-96,34,16,175,-30,97,-98,36,172,83,115,93,91,37,192,50,-19,36,-31,40,-158,126,-193,20,82,-13,-16,-143,119,-36,54,71,-37,11,9,-11,46,250,49,-64,276,103,81,159,114,-82,58,53,-6,114,-104,16,-8,94,11,-37,71,-75,-57,-20,103,131,-38,-140,106,51,-50,97,128,-61,-82,80,6,46,16,-24,-48,-9,-69,-80,19,196,-91,164,64,-27,21,-150
6,69,76,40,116,126,-28,28,94,87,33,0,29,51,156,-77,-29,44,138,-167,23,-78,135,-96,-128,53,223,51,192,-43,76,-24,-13,24,59,-89,72,-82,-52,-105,55,36,1,83,-16,-54,17,-77,87,64,208,5,46,52,-43,-15,122,118,76,120,-190,77,51,-98,139,170,36,107,-8,51,176,-55,19,35,58,-79,-26,128,47,-37,125,9,49,182,113,105,11,-28,121,-135,52,-63,13,87,94,60,-35,117,15,65,94,-95,40,-55,17,87,-19,41,34,118
227,87,3,86,-12,-70,2,-11,225,65,42,81,42,-100,-52,89,-35,94,108,80,33,83,-78,165,149,-3,84,154,-71,124,-66,-48,121,220,30,-7,83,177,17,111,-5,-44,-135,163,3,64,-22,2,6,128,53,-139,89,26,60,-23,221,64,5,110,123,132,48,121,28,-32,71,-34,-61,-37,16,-138,7,1,-34,74,12,-23,225,17,-83,28,80,209,26,77,46,-30,-11,117,7,16,11,50,104,-24,-129,-3,-44,-109,203,3,13,124,-134,48,42,94,120,67
46,73,35,4,-47,96,127,-58,111,86,-114,121,-55,18,-132,166,-155,78,-101,17,-34,-42,-153,72,87,-259,-5,-96,100,-96,135,138,72,56,95,134,23,-10,70,36,100,143,71,-67,111,-44,99,34,-111,48,103,173,-17,27,-46,55,154,-107,76,-48,13,-32,7,-170,17,27,-85,4,-75,24,156,-9,-31,-6,196,38,55,275,-67,-23,45,-12,-13,-52,-123,-15,-8,-95,260,-111,18,105,82,63,69,82,74,34,5,210,-35,56,38,9,197,54,183,15,-4,-16
138,93,87,-31,117,53,99,30,74,1,-36,34,55,-145,14,-34,64,38,70,7,119,-120,-78,-152,-32,24,69,-65,56,127,-25,184,-22,54,-95,183,-44,157,216,174,87,-10,89,19,202,172,127,-61,-82,57,273,100,77,-41,114,-69,-95,84,73,-89,-164,35,9,-8,78,40,39,-119,20,-6,107,-64,49,-48,119,208,42,75,18,43,-14,49,-208,50,-35,144,60,108,20,-38,28,39,-31,-17,82,193,76,-15,-141,-35,-134,-124,20,62,-34,79,42,-125,52,-142
-56,-49,177,-18,155,322,27,203,40,22,34,11,-72,94,-41,119,35,140,-41,139,0,76,-120,118,20,127,204,-12,-78,-61,65,8,17,86,98,-34,83,-75,159,-9,-15,-13,-43,64,-67,125,136,-41,24,106,-29,69,72,-1,17,20,41,-87,-118,115,27,66,72,-31,-47,-111,-4,-136,-103,96,-12,118,113,-17,-13,-42,100,88,152,7,45,-93,61,-123,67,112,38,33,199,47,-19,91,192,89,63,45,7,17,73,151,50,122,198,-70,28,228,13,287,187,142
13,-20,-35,-49,-50,-115,40,14,-47,6,-52,-65,56,10,40,132,-57,110,184,31,-13,36,58,15,67,77,-147,-89,21,169,67,217,182,37,-67,186,82,-10,187,-37,66,66,77,70,50,46,82,-65,3,-147,160,76,-230,-6,-3,-43,9,183,6,53,41,-68,88,197,-323,85,50,-48,140,69,-38,126,-91,59,40,12,37,-28,3,55,121,77,-194,-28,118,68,56,-93,-104,3,-8,131,74,-111,-84,81,89,69,-6,48,-59,-30,-137,-101,75,41,205,143,-188,-28
143,88,203,-12,135,-102,-141,39,25,-124,7,30,-90,22,17,39,47,63,57,15,38,254,186,-25,112,28,240,61,59,41,-103,144,21,117,128,168,-40,-11,122,161,-40,6,-182,177,-10,-45,104,-75,-58,43,167,68,-128,53,-84,69,151,5,106,164,-101,-30,29,40,73,-31,25,138,-30,165,-52,135,-16,96,26,-10,168,155,52,-43,17,88,-82,156,61,-4,156,-101,-7,58,-19,-42,57,-21,116,68,-15,158,-86,-43,-110,-95,90,6,8,31,53,129,111,47
51,-40,20,54,-14,59,30,126,37,-79,-38,97,-49,-69,31,107,83,-2,-54,-99,183,74,-21,43,61,-66,-10,18,-22,160,50,1,167,-94,31,-78,68,-5,48,80,-2,62,16,-46,6,20,-73,-75,163,-17,-47,130,-43,107,178,-5,1,182,-128,39,92,49,-14,111,-90,224,60,-7,-53,165,52,12,-51,96,120,21,138,-22,58,7,64,43,87,-4,141,-95,85,-76,15,155,89,109,101,52,-83,45,92,-8,2,92,-40,7,70,-130,72,155,-71,35,1,180
-117,141,-34,-25,261,73,-82,132,4,70,122,40,-128,-117,-146,-2,11,90,155,128,68,36,87,85,96,70,-64,259,-171,128,77,0,-126,88,-5,199,-43,-26,-74,-74,-1,84,11,-61,115,48,143,-98,81,89,147,110,35,87,67,-73,-76,132,173,120,122,28,-10,121,61,169,-80,85,-34,20,-7,51,8,-12,-32,-21,64,-72,90,-50,-79,-48,67,204,61,-91,-75,86,10,58,68,45,-52,-76,163,-87,65,-16,193,227,185,51,38,153,-32,17,38,-12,-22,150
