-22,51,-102,-54,13,41,148,-32,98,-2,38,121,-12,-97,-62,-11,92,83,60,-65,-28,57,29,39,6,-74,31,5,3,-8,78,29,-29,148,121,-16,26,34,37,32,89
58,-52,-15,-57,-44,-4,-4,23,19,97,-8,-59,11,7,-60,-12,9,17,-54,-18,182,-25,6,6,-68,-49,-45,3,62,-15,-41,-41,-12,-27,-28,-16,-47,-37,-65,-8,-18
-1,22,31,-48,-38,13,44,-41,7,-51,12,-4,-22,-33,-77,27,12,49,22,-65,9,65,-64,5,11,-56,-88,40,-35,-58,-23,-19,-40,139,52,-1,40,66,64,1,-12
4,31,-49,40,-23,-34,1,-85,-66,-70,55,29,-36,-50,-27,-4,0,-9,13,51,-72,-13,167,75,81,-38,-51,-2,-45,50,23,83,-69,94,36,60,-21,-77,113,-39,188
77,-8,56,-2,10,-31,35,64,-22,-86,70,37,66,66,12,-12,5,90,-26,14,-78,-36,24,56,25,34,24,73,-40,29,-32,30,-84,-92,46,86,-12,100,32,75,38
-69,44,6,-51,31,74,13,-66,74,-9,-29,33,-13,37,-1,20,14,-13,-10,61,9,20,-64,51,9,1,-29,25,-84,22,-34,-24,3,50,-15,-15,22,17,45,15,30
-48,70,43,-58,64,-20,23,49,116,117,-100,-62,-38,101,-66,17,51,-28,57,80,-7,-23,25,53,37,-6,78,14,-38,34,-103,-38,103,-30,29,2,-18,-33,23,-22,-17
55,-3,-84,-52,-11,68,43,-38,-39,57,11,81,19,-31,61,-23,32,12,-66,33,108,42,26,11,19,-118,-32,12,17,-5,92,1,-93,36,-2,29,47,-29,46,7,74
-64,31,-23,-34,-16,-42,2,60,-37,-43,2,-25,36,112,-136,-24,-72,69,-28,-13,-67,-34,-33,214,-52,9,-5,57,-15,70,-25,24,-84,11,20,-1,-53,-3,-87,83,74
-4,47,-6,-36,-32,132,23,-81,37,12,45,51,170,-73,14,56,-61,119,48,34,-47,88,-19,79,-16,-28,-101,-83,33,-71,65,-22,67,19,42,-21,-6,-30,33,152,-4
-18,20,36,-15,12,-7,26,22,122,20,-50,-50,-39,0,-16,-28,85,-34,67,49,-14,-44,1,10,19,15,65,-4,-9,-20,-83,-43,78,34,59,-49,-8,11,-33,79,16
50,0,0,-31,-98,-30,-29,49,-45,97,48,-31,17,-50,-92,-45,43,22,96,-19,50,56,50,28,-8,7,-52,-27,69,-32,-76,2,2,-8,35,-20,15,87,-63,34,59
-10,47,78,4,-16,-14,-48,27,100,41,15,93,65,0,-36,-69,-23,-4,81,-21,-88,67,-39,-22,9,14,114,-39,13,-22,42,-43,71,46,1,-37,106,12,-49,80,0
-18,31,0,-29,-48,-70,76,-11,57,-98,60,96,-39,48,-74,-70,26,-32,-3,5,-27,45,-61,-30,46,-22,123,-1,-16,55,35,34,10,57,-38,68,93,42,23,-43,4
55,76,69,-17,76,-37,-24,48,60,42,-26,5,-39,106,40,-6,55,-76,74,6,3,-77,2,-157,106,86,137,41,-76,83,-84,30,93,-4,13,25,-6,43,1,-33,23
29,75,-7,-14,9,20,-42,-44,16,-8,-44,57,22,7,107,-49,37,-60,65,49,-96,66,16,-83,76,54,80,-64,-16,-62,39,11,132,16,96,-78,-2,-1,16,26,47
12,39,38,-23,50,-41,-46,27,8,-7,19,16,17,76,-6,99,-30,15,119,40,-14,-47,74,17,97,-119,-9,65,-8,62,74,27,7,-6,-7,111,11,12,6,-11,25
-42,43,-28,-60,38,-55,112,-3,64,-28,-28,69,-10,12,-9,-30,-12,-54,11,69,-19,28,97,23,78,42,59,55,-73,57,48,98,39,-48,-20,-21,-57,58,21,-9,23
138,36,91,24,10,0,-51,70,0,31,90,95,40,-30,15,-9,37,64,48,-67,-35,-59,76,16,65,-21,133,-43,21,29,18,35,17,-23,68,-32,15,-48,35,72,34
-65,128,119,-42,56,16,86,-42,87,23,-17,96,52,-45,-13,50,30,32,7,2,-67,-34,49,-2,-2,-35,48,17,-107,21,18,55,16,5,33,-27,-93,116,162,64,-55
-16,170,-26,-107,-4,83,30,-66,38,105,-38,47,33,82,1,19,10,13,77,13,33,46,4,10,35,-48,-30,-62,10,54,-32,-13,53,12,33,-31,-31,8,-30,-19,25
20,67,56,-74,20,42,-61,-46,1,94,79,97,61,-25,-20,-15,83,34,71,52,11,-37,84,-7,106,51,72,-20,-6,61,-54,37,57,-139,58,-36,-30,67,42,-68,34
94,25,-22,-58,-52,82,48,14,-21,102,14,81,-91,31,-86,11,-3,52,52,-22,67,16,-40,64,-61,-113,-30,28,62,0,-22,-55,-94,0,38,81,21,-88,65,60,78
18,62,88,-5,51,-59,-22,46,116,53,-59,73,8,-38,76,-65,99,-18,-9,-9,5,8,-29,-109,46,-4,129,43,-88,-30,-12,25,52,22,21,25,-21,71,121,1,-20
88,-71,-42,56,78,-7,-39,-10,-103,-15,33,67,-64,-73,119,1,57,11,-25,-22,-70,-44,104,-35,83,-16,14,-7,54,-32,-27,41,38,33,50,-41,17,-67,88,-60,28
54,-91,-36,38,-1,-34,9,21,14,42,9,47,-44,-9,-52,-50,-46,-34,-47,67,69,-60,-17,-63,-16,-5,54,51,-20,20,-1,-63,-59,-97,-60,55,-8,31,15,-59,15
-45,66,-120,-114,11,18,110,16,84,-29,-66,120,63,-16,37,-47,67,17,-26,14,61,110,13,-123,27,-78,96,45,-2,50,71,25,4,52,-79,72,12,33,100,0,7
-19,-53,73,-22,60,64,-68,19,139,38,-8,44,172,23,45,112,12,75,18,57,40,80,-47,-23,23,-52,-31,-56,40,-5,83,-94,106,-48,-4,-28,60,32,27,133,-57
-63,45,-22,-38,-42,92,38,-91,-15,42,15,41,48,37,-14,63,-90,25,-47,-24,-17,-31,-8,65,-47,-21,-36,-38,10,-1,117,94,-3,56,-44,-50,-25,-62,-91,-18,-27
58,61,-37,-25,-74,6,-30,-5,-17,-87,27,41,-105,96,27,10,-59,-15,-19,48,-56,19,56,25,99,-86,23,21,-28,37,24,63,0,52,-48,45,-57,-139,77,-74,83
-30,88,-57,-85,-19,10,45,13,48,43,-26,-7,11,-3,-20,57,116,-58,35,60,49,69,21,-8,47,24,19,-72,-50,28,-90,-44,107,-11,3,-33,7,-5,80,87,22
-116,-35,83,-52,52,52,-11,-6,125,18,5,-32,47,104,-58,78,35,102,67,39,31,89,-107,68,-38,-13,-46,21,32,-7,2,-116,12,-24,37,-2,36,19,1,22,-53
25,22,-72,-26,72,83,17,55,-32,32,44,8,82,60,-60,0,19,33,-6,25,-45,28,7,74,40,3,-10,-31,77,73,31,40,48,76,2,20,-32,-30,-8,101,98
-21,37,-44,4,-25,-48,95,-12,77,-61,-17,-8,-34,-80,21,42,-17,-18,78,10,-76,9,102,-43,-20,28,-21,20,-71,-48,-34,-21,16,-6,-8,34,-73,8,42,20,15
47,-36,54,-41,12,42,114,48,90,70,88,18,127,56,-76,95,25,118,18,-14,-68,-34,-12,98,-15,52,30,-55,-28,65,-38,-54,35,-78,49,-27,78,169,90,121,-6
49,-38,36,90,69,12,-107,10,-36,-7,40,-40,18,2,2,-22,64,37,-91,-25,18,-99,-90,16,62,12,-11,12,21,-24,-59,24,-15,101,67,16,-10,-10,-31,-57,6
8,-51,-10,8,39,60,-31,-66,47,13,-17,74,106,-45,131,102,129,-24,26,126,81,56,32,-1,92,8,-47,-79,25,-28,82,28,69,-52,116,6,87,52,69,67,30
23,-28,-50,-14,-99,-30,44,-40,12,-41,88,71,46,-75,-68,-84,118,-39,-80,23,167,50,58,-101,43,-37,32,-93,61,101,74,79,-78,11,-7,2,54,131,45,-54,28
14,-107,10,62,127,-13,-44,-6,4,63,-8,44,0,-35,29,16,131,-5,2,38,38,-52,57,-63,51,55,12,110,-2,-25,-26,-10,-25,51,73,0,45,26,23,-52,88
-54,33,92,-72,51,65,-3,-3,69,19,-5,20,61,77,-35,-7,42,22,-19,86,-13,53,-43,42,28,31,15,21,20,28,-32,10,38,-32,57,-19,-17,76,99,37,-41
-111,47,0,-134,4,19,-5,23,39,18,21,121,113,47,-47,49,85,-26,-5,80,15,125,-13,-5,84,1,33,30,-20,-18,33,90,86,85,-54,11,18,105,46,29,12
