36,54,105,19,67,-33,-72,17,-39,156,18,39,59,34,-99,34,48,51,-81,8,13,6,73,33,38,17,31,64,20,155,-32,-12,52,81,122,17,0,-59,63,65,-18,77,69,-5,-9
-10,46,41,30,24,-46,50,32,-79,44,-67,-38,7,88,9,-41,92,23,-40,21,22,-85,-65,10,83,-15,91,29,-21,76,86,-59,71,60,37,-9,11,-18,68,-2,-41,-13,60,38,61
-26,-50,-113,-31,113,10,30,-21,-30,-113,-25,28,33,-45,7,-20,-41,22,5,-19,-58,-13,7,-3,-30,15,13,18,-71,47,0,34,-9,13,-46,1,-10,-104,-21,-89,9,-24,-33,-61,-35
80,19,-59,69,-111,-20,73,-73,-16,57,-11,-7,19,-94,-68,36,74,-35,40,32,24,-45,40,-34,9,30,-10,102,-10,13,3,-56,-28,8,45,27,3,-43,38,40,41,38,6,-73,7
-114,3,118,38,-17,-49,-10,51,-58,63,22,0,-4,12,9,-67,3,65,-22,15,-8,35,-107,63,62,114,-8,8,31,21,98,7,-38,30,-1,110,-54,-69,94,54,-93,22,-39,50,53
-17,38,69,-14,26,30,-47,100,-16,-48,-71,-57,-48,85,-46,36,2,-25,64,-23,-73,-35,-19,-21,86,-69,12,-44,-41,-10,-45,-42,-59,63,-73,-86,-116,117,7,-28,-50,-13,64,98,40
-3,104,57,13,68,47,59,85,-32,-81,18,-58,4,118,36,91,-51,35,31,15,-6,3,-33,82,-3,88,34,70,-100,51,36,-12,79,137,28,46,-66,34,49,62,-55,88,51,-12,-53
-27,56,62,-49,109,27,36,56,66,-36,66,-21,42,142,30,-63,-3,-8,-22,2,-114,-19,-32,-56,40,-32,-26,-73,-26,25,-101,8,17,6,-83,29,24,-10,51,19,11,28,12,22,-36
-71,2,29,74,46,73,-23,37,-88,-69,36,-40,23,112,95,13,-41,-4,-40,78,10,14,-72,157,-83,72,55,32,-75,-35,36,29,18,105,153,-5,22,63,-57,-2,-40,46,21,29,32
57,73,39,-53,-141,72,18,-35,-16,54,-14,35,-5,-97,-54,-58,32,-58,25,-23,-44,-31,16,-12,-50,-43,-33,-15,62,-56,8,-78,-41,-15,105,55,50,-20,-20,55,30,99,3,-44,-9
83,35,-73,74,-56,13,-62,55,88,64,80,-42,-94,-47,-26,94,-125,-98,-54,41,34,7,47,-30,0,-3,-116,48,140,-50,-25,-52,-12,-120,31,-121,21,-6,-30,67,8,-49,1,-46,1
-72,41,-19,45,20,-53,10,-102,34,78,-134,8,-36,-61,-49,71,143,48,93,11,72,51,13,-27,29,10,85,120,-21,21,133,51,23,44,12,119,-32,-19,73,29,0,59,-7,-31,87
14,91,79,92,-41,57,74,47,-32,97,61,25,-40,80,53,-75,22,31,-10,51,-113,18,-11,47,-25,89,41,-97,49,24,35,15,-8,-5,-65,11,58,32,49,89,-19,61,-108,65,9
7,56,-3,89,-94,13,-117,11,-47,101,16,-60,-37,40,-52,73,46,9,-29,62,62,-8,5,99,-21,-6,17,49,117,-18,94,-77,18,-17,21,45,44,84,15,36,-23,20,-32,-17,26
59,140,-7,20,-73,4,120,76,79,183,8,38,23,107,46,66,-26,116,87,-50,30,-53,73,10,76,22,52,-44,21,37,80,0,-4,-23,50,72,27,66,191,135,-37,-78,38,70,109
-32,-72,37,26,18,24,-38,9,-71,-14,-69,7,-20,5,3,-23,13,-46,-3,-20,9,10,-94,129,25,32,54,-19,6,0,16,-42,5,117,152,-8,-22,-95,38,-26,-68,64,67,101,18
4,111,12,19,-8,-22,-34,17,8,2,108,-35,-16,10,27,57,29,22,-37,46,29,-4,12,89,-34,52,-35,22,-37,-25,53,-23,29,-14,33,51,-13,24,-24,90,-23,6,-48,-99,-88
99,81,2,-115,-116,86,114,1,32,152,30,26,41,24,-44,10,-59,-14,-14,-44,-46,-126,56,25,11,36,67,-77,102,32,41,-94,-26,-68,47,27,55,-18,137,63,-1,-6,-4,18,47
53,52,28,-23,30,90,44,70,-32,13,-50,-17,111,156,34,109,-37,81,84,-11,-10,-28,-29,28,6,33,32,62,-70,114,-62,-27,97,18,69,25,80,102,71,21,-18,26,62,82,91
73,109,16,17,33,117,-25,140,99,-28,97,-48,-38,30,10,96,-60,-78,78,8,-133,-13,9,-20,31,-9,-44,8,14,-15,-69,-91,-35,41,-76,21,-34,76,91,114,-12,76,68,-24,-16
-10,-43,-2,-41,20,86,11,7,28,130,36,3,37,5,3,-5,-7,49,75,-3,-44,-25,57,-11,-36,23,101,-54,131,-64,16,-65,-75,9,-16,70,94,74,45,43,-25,26,49,91,73
-33,31,-10,81,1,99,-5,-35,13,10,-75,11,12,131,-60,-45,16,-49,-59,-34,-77,-21,-40,12,9,1,50,55,-23,36,9,-50,-20,19,-43,67,83,-46,104,-37,18,50,-51,11,116
19,-56,-135,-84,49,-10,42,-31,128,-43,45,-4,18,-95,41,82,-8,-18,36,-75,36,-40,73,47,77,-35,11,-24,-49,-53,-45,-25,-19,-8,36,-11,-36,-40,20,-91,15,20,86,65,2
-49,-34,-11,-24,28,13,59,108,49,-79,36,-77,-56,-7,44,-97,-7,-56,86,46,-85,63,37,62,-36,27,-13,-41,-75,-163,55,-29,-80,53,-35,9,-121,-2,15,12,-33,18,82,-12,-63
69,47,51,-158,33,-13,153,78,37,67,56,9,-52,4,45,-44,27,48,21,-26,2,29,65,60,9,68,24,-125,-40,5,54,101,-17,-29,5,24,28,-20,52,25,31,-59,-11,5,-105
22,67,38,-75,47,29,129,-25,142,174,57,75,42,-16,-51,20,77,84,-5,-73,-21,110,96,71,8,63,-21,-51,5,96,-4,-33,17,-32,-65,53,111,46,99,71,64,137,48,30,50
54,-60,1,-65,8,13,6,54,11,6,80,-78,-19,18,20,0,12,77,103,26,-63,22,-7,118,-14,3,-16,-81,41,-17,-50,-10,11,-8,35,43,11,36,-65,-71,-46,-7,-28,71,6
51,105,16,143,31,-12,-46,47,42,96,51,-4,-11,123,36,7,-52,-47,-80,27,-2,81,15,13,10,28,59,78,63,49,52,57,-27,84,123,-143,-28,30,32,94,16,-50,-49,-26,55
-76,62,58,-28,61,31,8,-34,53,-38,30,47,-28,128,-42,-22,167,-24,-70,31,-3,115,-7,-38,-30,-34,-57,-1,-76,33,14,120,57,17,-103,80,-58,17,1,-1,74,-30,-87,-120,-89
-68,-31,13,47,59,-33,46,-9,47,79,145,66,26,74,-66,-10,67,85,-123,71,49,90,-47,13,8,93,-96,22,88,75,-27,33,17,3,-59,138,55,-107,43,44,19,-23,-19,-30,-75
-1,-21,-75,121,48,-44,-23,4,-91,-76,9,-95,-70,23,132,-76,30,-9,59,85,14,18,-49,86,54,27,78,68,-15,-11,43,72,47,73,27,-34,-79,0,-10,5,-42,8,-46,-11,-64
-2,26,87,-35,-58,36,15,-7,-67,-5,-6,-53,77,17,49,-88,115,0,108,57,27,-60,-75,50,-7,0,79,10,-33,-7,27,-38,44,30,58,91,19,2,14,-65,-77,126,19,52,42
-91,-75,-91,8,42,-55,-91,5,-47,16,-64,17,-113,-104,48,-17,-4,18,-43,4,60,-25,154,91,26,-104,-10,19,-14,-92,-46,70,-37,-50,19,-102,-14,38,-160,-124,42,-71,27,0,-29
-9,57,-2,-48,-30,72,155,-33,94,64,168,80,33,-96,16,3,90,72,40,-31,19,74,-8,-18,13,-72,-63,-30,-11,6,-44,18,38,57,-61,113,35,46,-4,114,49,78,55,-45,-82
43,83,43,29,-88,45,47,-91,41,17,0,-10,-16,36,90,9,107,-122,-65,-49,50,-19,38,-58,64,-37,89,-19,4,-55,35,-47,23,-42,62,-12,28,14,-36,17,100,3,-110,23,42
16,31,-20,-111,59,40,-26,-59,10,-91,7,-11,36,-78,-32,49,-27,-30,72,30,-17,19,-38,0,-113,3,14,29,-69,25,-38,-9,26,-17,7,14,-14,-19,-32,42,58,39,-58,-95,-105
-16,47,-101,74,-120,67,-28,2,130,26,108,-15,71,-47,-25,64,-45,-88,10,-52,-15,-25,83,18,39,-17,-78,63,50,-28,20,-37,2,-78,-27,113,27,67,65,24,6,114,70,-128,9
121,15,-82,93,-62,26,-67,2,-32,-54,8,-124,-27,66,7,18,-198,-20,88,-22,-45,-62,1,-16,-17,-33,27,22,89,-29,57,-71,-88,-34,14,-75,-87,59,12,-65,-23,-107,-141,15,12
82,48,-71,-1,-32,65,-10,63,49,-65,43,-9,42,82,46,-15,16,-83,53,17,-57,-27,-35,-29,47,-23,-74,21,-40,-36,-132,29,-17,-4,53,-69,-29,-11,59,10,37,2,8,33,-42
70,62,50,-4,18,-22,61,6,41,91,128,-44,30,43,-11,-46,58,29,71,50,36,66,-9,33,-46,106,13,51,-2,1,-20,13,46,25,17,123,33,-26,124,92,-14,125,0,-2,-29
-6,105,20,31,-20,-22,34,-22,66,14,43,14,-26,-75,-67,-20,60,-56,-21,-11,47,51,7,20,3,23,-9,62,-68,14,20,36,-45,72,28,-10,-11,16,18,39,2,123,30,-48,-19
-72,108,-42,1,-29,-38,79,22,51,59,57,7,104,6,35,91,44,68,-41,-3,111,41,52,42,28,158,-28,73,-135,27,78,152,72,-21,67,40,37,-32,62,51,34,-1,-7,-2,-30
5,-67,-19,-16,19,52,-9,36,-66,-13,42,-18,-43,24,-2,8,-86,100,13,-56,-3,35,-79,119,-6,-14,21,-35,-22,40,15,63,-16,76,1,18,23,95,20,7,-1,-7,32,45,21
29,20,61,-78,-27,-11,113,53,46,-41,-1,34,98,118,-41,-72,79,-118,26,80,-114,7,-26,23,-14,69,-55,-97,-67,91,-79,15,42,-35,1,-11,-64,-8,89,-30,-27,88,73,-57,41
17,122,-100,-4,-71,91,222,40,97,21,108,11,131,6,115,-19,33,78,119,-73,-13,-44,-4,-43,44,-4,38,38,-116,-13,10,11,-16,36,-69,113,117,124,60,-11,23,12,26,32,86
