66,74,45,60,34,-119,78,-63,121,-49,11,57,46,-28,18,155,47,-130,0,-28,-102,89,-46,-71,22,-59,-50,91,15,33,-6,16,-37,83,-7,-25,23,144,-16,-10,36,-90,-73,-4,-114,88,-21,10,-38,159,197,-89,-31,-27,-33,18,123,19,17,-174,-33,20,32,96,7,106,84,71,-64,28,-57,115,11,44,74,65,32,-34,5,59,62,-91
-22,-22,34,-1,0,-13,-11,-31,78,48,0,95,-4,67,172,94,176,-24,-82,-157,-33,7,27,105,82,-36,76,-74,44,40,-129,121,153,44,-57,-105,-92,-73,31,-21,11,58,135,12,-162,-21,-31,-26,-81,61,108,85,-28,73,-86,-7,196,-22,-12,140,-119,85,-75,47,-78,158,115,92,114,-64,-8,214,-24,69,182,-78,96,-113,-30,134,92,61
150,9,-41,242,-206,328,0,22,-6,76,9,0,-73,147,-19,-17,25,134,158,72,-81,-40,78,17,114,-21,82,167,57,114,66,-26,-17,0,97,-74,68,95,-37,34,-35,44,106,95,-42,24,22,103,-232,-80,32,-64,113,-16,-22,71,57,-147,-83,1,-6,61,16,9,-91,61,-57,86,31,10,-7,5,-71,-97,28,-30,120,-32,-9,9,119,9
-67,-87,23,-87,97,41,-81,60,46,-53,34,84,38,-12,136,-44,78,45,134,14,163,63,52,19,-72,246,-23,28,83,26,121,-7,50,29,165,-68,12,-18,49,65,22,76,30,19,8,75,85,-98,96,41,46,130,-63,-27,1,7,-1,-7,2,35,90,-81,-44,-83,139,-40,48,-12,112,-31,130,-27,191,-84,49,-57,-116,-19,95,81,-71,-36
-61,61,146,-79,21,-27,61,80,26,81,10,78,-78,-33,42,-27,88,-99,-68,11,10,59,-131,212,-14,-66,-95,-51,25,-6,-31,52,110,60,-66,42,17,-72,-66,23,-36,10,237,25,-29,-30,-185,88,-80,-183,-61,90,57,56,-94,205,57,86,29,55,-162,7,-6,95,-119,6,-71,24,28,-54,143,144,-18,59,-102,95,38,-89,-161,51,99,187
-7,-20,91,-100,68,-16,-140,111,44,13,67,-39,180,-40,36,19,42,39,-44,47,126,108,85,-97,7,70,-75,133,79,16,-85,47,53,1,19,-69,-2,119,-30,75,-32,-11,32,44,1,-52,26,-22,127,66,-10,46,139,65,-16,124,-4,84,-49,-42,-20,-156,-86,-38,289,13,-49,-151,48,116,87,38,212,40,63,109,-78,52,127,-68,-84,-131
-91,58,-5,-5,96,15,-28,52,-57,-4,-6,-66,31,4,110,122,17,20,-167,2,-1,94,-45,-66,54,26,26,129,89,-56,-27,81,19,73,46,-13,-42,73,-75,43,-17,146,99,39,-36,-47,31,-9,114,86,1,61,26,166,75,77,-17,-36,-27,50,-22,87,11,74,-66,35,-65,13,87,65,-39,-58,-71,25,-25,257,29,20,55,-28,-20,7
40,-27,-28,16,8,117,42,-70,63,24,-37,99,38,5,77,169,17,33,139,-5,44,-221,-45,143,-12,-18,-166,-7,-105,67,36,-39,-16,24,-33,-9,0,-23,-83,-24,146,-42,-54,29,27,69,-173,-65,-77,-34,-95,6,62,-12,31,-88,-56,-19,-68,-39,-56,-129,47,-82,-34,28,-56,82,1,56,84,17,-86,-32,-36,-55,-59,-120,-2,-91,147,-9
24,-11,33,34,-79,-55,177,-31,59,67,55,112,131,90,22,46,103,20,14,-53,40,152,60,49,23,12,-6,59,-2,18,-129,111,-80,-70,-85,77,80,-27,72,132,179,-30,-26,-37,-27,50,-45,-108,10,104,72,9,95,3,-78,-15,81,94,13,101,-152,-85,-55,51,-101,73,-61,99,-40,143,3,111,-55,40,63,41,51,-42,-30,25,-56,45
3,17,-30,-51,44,-2,-99,-85,-148,-13,7,22,76,60,99,64,93,-42,-13,-11,-59,-106,149,126,138,-45,14,-21,-37,-10,-66,-69,137,-108,-60,74,-53,96,-49,-8,-90,-35,-14,56,36,-47,-98,-4,8,45,-31,19,35,-1,192,-31,-39,-77,-77,-32,-91,-23,-41,69,28,128,-44,25,76,-2,24,-65,-27,-27,74,-23,25,3,67,-129,27,7
-106,132,109,70,11,-73,100,91,3,-82,-101,-36,50,-87,-14,-27,51,28,116,112,143,55,-118,53,-11,101,3,75,49,-133,-4,14,76,-39,-180,-4,112,3,88,-31,144,186,55,31,-42,23,-40,8,56,-7,-25,-22,90,-90,-23,36,122,185,84,48,-81,1,5,24,-33,-108,9,-133,-81,-6,-35,-107,46,-1,14,66,31,107,22,-46,69,173
-138,41,162,112,3,127,64,26,69,37,-24,106,3,8,-15,-50,38,25,76,-59,-24,18,2,114,-11,31,56,-62,23,138,47,17,24,34,-41,-76,76,-111,8,3,86,-8,319,-4,-73,0,6,39,52,-32,75,-60,-50,164,-35,203,34,136,92,70,-3,-34,42,-14,18,-94,39,-75,60,146,122,122,96,-19,2,36,-10,58,-22,-32,83,89
31,129,176,-2,-6,-105,-66,176,12,26,27,-22,11,-132,30,49,103,139,10,-63,69,83,-30,94,6,10,39,-37,-83,103,14,93,55,-35,-2,83,13,-46,146,48,74,161,-71,51,61,-17,-116,44,87,139,21,-7,-90,-72,17,-117,100,120,76,40,-92,-36,-90,-3,-20,-4,145,27,17,14,14,-43,-62,-80,11,49,8,84,100,47,3,110
-20,-75,43,-45,38,82,104,-109,-22,-81,45,48,-146,50,-143,59,69,43,-30,110,56,-25,-37,44,15,-99,3,79,-154,6,108,-25,57,-34,-46,72,55,99,23,51,-1,32,-21,2,25,55,65,-3,24,34,-18,-28,104,30,-31,14,-51,74,67,0,-78,-21,46,28,-95,-58,-27,-100,105,11,77,-21,59,122,-72,-33,24,-85,-159,-43,-21,16
-60,48,90,67,37,155,-125,136,128,-24,-110,17,142,30,27,59,-36,294,139,110,-100,-17,6,115,198,133,113,81,-53,1,109,48,90,-71,-83,82,38,-16,90,-69,168,163,88,-20,148,-11,-34,154,134,95,-18,-152,62,106,17,19,-4,38,-71,10,39,80,-74,-117,121,28,8,-4,78,41,190,-70,-80,-86,7,20,14,22,299,-111,-108,124
-3,-24,-44,-144,-17,24,-115,98,6,79,63,-33,127,-7,-139,73,64,-64,-137,-132,-53,15,116,-113,211,-182,-87,-14,-39,-119,-53,34,-13,50,87,3,-141,-29,-102,30,-99,-130,15,119,38,42,-34,-68,-139,-97,41,-17,33,77,-17,-69,-1,-87,75,10,-51,22,-105,-49,-47,50,15,114,38,23,-65,82,-69,21,29,-81,114,-57,-73,32,87,-169
-30,-20,-49,58,99,-55,-80,-22,100,34,-67,32,68,-38,49,51,29,-8,88,15,-162,-171,-76,51,53,-89,-24,30,-63,10,55,-69,129,55,-58,100,-162,142,-165,-80,-60,97,0,58,-109,-20,-111,57,27,-48,-54,-43,103,-46,-126,124,109,-92,-56,45,-10,52,30,84,31,54,117,8,-112,-75,8,42,-84,-18,89,91,48,-6,61,-89,-37,75
-164,28,-125,157,90,27,-41,50,-24,-216,103,-104,86,45,-3,5,-52,77,47,53,-62,-17,50,-80,1,113,-5,-11,68,-1,19,-62,17,21,67,50,-164,100,-4,88,-75,-72,159,47,-38,130,2,71,101,-139,-16,18,-32,-8,-51,88,39,96,28,-19,77,-114,-155,-33,-35,-103,-171,-8,20,79,-71,21,125,80,-37,-28,55,21,-76,-17,-107,20
2,57,38,-27,50,-84,-17,65,26,-37,15,101,18,-40,75,-102,-63,-79,-14,-34,-129,9,61,24,-29,74,135,-151,-67,38,153,-48,56,-31,-19,-92,5,51,3,-65,-96,23,-91,55,-85,10,69,-3,-71,74,-29,-46,-220,-38,75,26,18,-37,-15,-24,69,-14,126,65,-49,85,61,159,73,5,-55,28,-33,-70,91,66,37,49,-15,55,227,53
153,83,142,31,-20,43,101,-30,129,38,45,180,-17,-48,0,58,77,25,124,-4,-62,-114,142,-46,72,61,54,-14,-77,-32,139,-42,48,-50,76,-115,155,58,-4,-20,20,-29,57,99,-89,-27,-20,29,-58,102,-12,27,-27,-34,14,54,224,-39,93,1,62,-31,22,71,-120,42,-14,115,15,-15,-6,103,107,9,124,89,9,-6,37,-49,99,-14
114,68,-22,7,-105,-85,-42,-35,-10,-39,-19,32,-110,61,129,44,-143,32,97,-66,14,182,-83,-63,54,-55,77,7,21,105,81,45,-108,208,2,26,-22,-6,3,76,171,-16,-87,9,105,111,-140,16,70,-26,-46,-98,-36,-17,-38,-131,115,-19,-1,-75,-21,90,-24,-27,7,42,118,173,-87,-60,51,-23,-46,-119,1,-11,19,55,65,57,-6,29
-16,-20,-4,86,-45,-16,25,26,18,-159,-68,-45,42,-121,-3,99,37,-21,-29,108,127,-104,-54,-89,97,34,25,119,-22,155,-67,-18,-9,7,110,-38,92,124,53,130,-28,6,2,62,-61,83,57,25,-83,49,35,-35,52,-136,-27,55,16,76,34,-22,-65,-5,-99,-45,-107,0,-153,38,-3,152,3,15,54,70,-134,57,15,-22,-29,61,-106,52
-75,57,96,42,43,67,67,77,120,-34,-66,37,-40,10,18,-88,128,-134,26,23,-211,14,1,142,95,116,-68,-85,24,56,116,92,113,-91,10,20,14,6,29,-97,103,171,-80,17,-84,18,32,88,-145,73,-24,1,76,-43,-170,84,92,4,15,9,8,32,81,18,20,-67,98,21,-81,-5,71,33,-42,-46,16,-8,175,6,-15,57,51,112
66,141,-64,-6,-77,52,14,13,19,10,11,-64,-65,38,32,-33,116,70,-16,156,5,53,-80,-134,99,41,-42,125,-3,-40,-77,35,120,74,-113,86,56,84,-7,-79,-139,-92,48,71,-163,-63,-60,2,54,13,120,-56,-38,-59,-29,25,127,-12,158,-82,135,116,4,-22,-123,4,-35,-20,-114,-142,-70,-156,150,-13,-60,17,31,-65,104,-53,9,28
-1,11,112,-59,117,10,33,99,78,62,43,-19,9,64,39,25,82,186,-41,29,33,-23,83,35,19,-74,93,25,-2,-4,-3,90,74,-4,6,-106,-75,-66,20,105,2,121,73,-50,162,-100,-8,-12,205,152,-19,50,41,69,26,-1,67,113,-21,42,17,-43,-33,62,68,-42,16,-66,27,28,34,-3,59,41,40,42,-39,-8,95,-39,41,68
-15,13,109,44,20,29,-45,70,-40,127,-42,-4,58,1,107,-112,108,-10,40,-78,38,86,-68,53,-6,-15,-6,10,112,29,-6,2,-25,62,-27,-180,75,-15,26,21,92,81,-35,72,-117,-57,-22,65,5,76,13,79,-67,-60,101,65,89,-45,-74,-25,-17,39,31,153,44,66,1,-21,26,-25,-111,57,-2,-74,195,53,-69,58,18,25,37,15
54,-27,103,-49,5,93,-51,16,60,110,36,0,89,72,47,-16,-10,0,33,170,-34,-46,96,-54,118,29,33,53,-84,88,70,16,67,40,78,-9,40,151,18,16,98,11,-27,33,-60,-7,90,101,-72,58,-2,10,29,68,38,97,54,86,-25,-77,77,23,-22,-61,105,5,14,8,65,74,40,135,88,-90,156,102,73,12,14,-48,-3,-72
-81,58,34,49,89,-59,-85,92,103,93,-78,-64,174,-57,50,47,-11,118,160,-28,51,21,-109,-41,-46,125,12,102,30,50,135,92,-22,88,50,-8,110,-55,53,-104,42,98,41,10,-144,-48,44,-15,67,95,44,19,-44,33,-55,92,65,-57,15,32,80,79,59,32,73,-39,147,3,8,-16,11,-33,125,-108,76,129,-65,73,152,-61,56,4
66,121,192,112,5,6,110,129,43,22,99,65,-68,-113,27,-18,-36,-15,-25,31,14,159,-69,78,10,86,-55,30,75,-1,72,-43,-20,30,16,-22,153,-64,46,-177,89,-27,51,75,-49,18,-3,70,-42,-51,68,-134,-85,36,-51,28,139,23,-35,-109,-5,13,66,39,83,-138,-15,-69,39,-64,55,-52,-11,-145,42,45,-80,103,-7,40,184,11
0,-50,42,-95,-9,-14,-57,134,71,84,28,25,73,-25,-12,-43,97,21,-16,-34,43,118,121,26,2,-18,0,-6,79,-141,-71,7,23,6,-119,-87,23,-61,-29,151,92,-29,95,53,77,-33,-129,36,140,13,36,17,18,66,126,64,139,168,-39,-10,-22,-16,-69,36,17,116,-44,-76,93,-46,11,53,41,141,-5,-57,80,-65,36,56,75,75
-29,-144,136,2,-16,131,64,-10,-47,26,8,38,-13,76,-12,-78,30,-24,-46,14,-22,-11,-138,-17,-69,-61,-27,8,-25,32,30,-37,32,181,37,28,1,-8,133,91,-11,-120,25,46,2,3,61,-46,-39,120,-59,-50,-96,40,-112,50,-78,-48,-92,65,96,11,48,38,17,46,40,-81,-24,77,91,-37,-12,51,-60,-27,-40,-32,-6,119,81,-64
63,122,140,-23,107,-19,46,46,78,133,6,47,23,-21,114,-98,4,131,129,-6,-166,14,1,-13,-12,-27,60,-96,66,120,123,-64,26,83,-54,-178,-27,26,-4,-7,159,81,0,51,-79,118,45,30,87,106,-29,-121,23,-71,-42,57,257,147,118,-72,31,55,114,15,46,-19,122,33,-37,13,-44,5,81,-46,117,38,-62,135,100,61,201,110
-52,0,69,9,-63,34,16,163,7,52,-16,-34,-14,-10,-29,-24,85,-30,-23,138,53,-60,-43,-37,89,72,-26,23,32,53,13,146,20,72,145,18,-13,-65,98,-18,119,66,17,-13,-6,9,-1,3,-86,19,8,62,-57,-75,5,-132,44,55,51,23,70,-73,-5,-36,-138,-59,149,63,-23,21,110,32,112,-83,-49,19,92,-25,-15,66,47,50
109,183,228,-95,-131,-69,101,75,43,62,-109,-14,-26,20,79,1,53,3,-66,117,-133,92,-70,-73,87,2,115,34,232,-190,65,-17,107,146,-16,78,69,75,61,-120,-20,-10,135,-22,-76,-42,-74,136,9,43,96,-93,-71,-31,97,132,99,174,94,-168,10,88,52,124,-16,81,100,85,89,-104,55,10,171,79,-57,134,-18,81,206,-3,115,46
-64,148,-50,193,27,-33,-65,70,-28,-10,-21,-127,12,77,-70,83,191,81,-1,108,-84,-78,24,-115,136,-49,-54,71,15,100,-39,14,-46,13,-78,41,3,149,-16,-142,95,68,128,-1,-80,-100,28,52,-9,38,124,-2,132,-18,141,50,-5,23,120,-4,76,-32,-130,30,-163,30,-61,-54,6,-75,57,-13,37,80,-114,144,50,-32,25,-107,50,-29
20,140,246,-8,-1,40,40,29,108,55,41,59,99,56,60,-56,139,25,119,157,16,41,38,-44,90,140,46,82,48,55,59,-8,19,73,-118,-114,246,-45,146,0,116,-99,136,-47,20,-35,31,8,107,56,108,73,-118,17,62,196,107,215,111,-104,55,-40,-11,-52,136,44,48,-54,79,16,124,74,266,30,39,51,13,38,128,12,130,37
-16,-3,-12,-99,64,164,-102,227,92,42,14,-1,140,-95,69,-19,2,48,95,102,51,80,-14,-60,42,32,4,-28,70,5,53,21,110,128,2,-50,14,-42,-45,-111,69,-35,46,98,-17,46,-61,-58,67,15,6,-92,7,-24,56,-13,49,-64,-66,63,74,64,174,-52,38,77,57,-166,163,-68,89,-80,155,-167,-49,-3,-36,2,80,-20,0,2
-43,-3,61,76,103,-2,57,38,-42,-25,-21,28,-31,56,64,64,84,40,-43,39,59,26,-15,-55,-38,-25,66,-33,-7,61,12,73,64,74,10,55,60,-16,14,-66,-6,141,149,-4,6,-30,-48,1,84,40,62,-9,107,175,145,26,-1,203,81,53,-29,-22,28,57,-47,-22,-127,-74,98,59,61,-25,56,-25,96,89,-121,-19,-72,-19,129,26
-22,-101,114,-61,0,-69,33,227,96,20,101,-66,81,-43,101,-35,41,-10,56,-41,106,209,-86,9,-5,187,-25,96,42,62,120,-85,-43,13,64,25,21,72,-101,81,121,157,-9,152,62,6,55,41,137,40,50,-45,50,68,-68,165,75,74,14,-87,8,23,-38,-58,70,-35,25,7,49,102,166,-54,62,-23,142,100,-116,77,-51,140,-5,-53
31,17,105,30,63,72,45,33,33,66,141,14,185,91,-41,119,36,104,-50,-17,43,51,109,-3,108,95,14,35,37,-5,-50,74,-26,-87,-89,42,21,-8,-71,76,133,-50,125,-5,96,-68,47,-58,41,89,133,-32,96,146,55,23,-81,111,17,58,-78,-99,-65,48,-32,164,-54,19,60,147,-19,114,46,35,32,76,-85,-16,-27,-12,40,-85
-49,-10,-143,15,65,5,-11,-34,-204,-69,-35,-2,-63,45,100,57,-26,-4,-121,-5,1,34,-110,22,-174,72,-121,-23,58,-72,-73,45,-27,-54,-56,152,-82,-40,2,24,-97,57,135,-6,37,-4,-94,-62,-17,-132,-15,109,-5,123,-47,11,-164,34,-58,33,-90,-146,15,133,-170,-35,-94,-30,80,-44,62,-29,-4,117,-138,28,43,10,-141,1,-64,38
80,70,46,-51,103,-112,6,-7,38,-13,-109,13,-41,-40,130,70,-126,68,-35,69,47,-44,-49,-54,7,-106,-18,22,-62,4,-64,55,86,88,-49,114,138,-35,60,-44,-51,43,9,3,-40,49,-119,-77,53,-66,55,65,-27,37,-49,10,-66,149,50,-16,-19,-9,20,1,-33,-29,-75,-41,44,-55,9,-28,-57,-25,-3,56,40,-77,-10,52,22,91
-12,54,110,79,167,15,52,41,132,23,32,-144,110,-91,82,72,41,-9,47,100,-32,-22,136,-88,8,82,-9,133,-58,102,56,90,-20,-45,-9,-30,78,-11,119,43,48,14,12,-36,27,4,-1,-57,185,10,66,204,-36,71,43,65,-67,45,59,-1,96,-34,-97,44,63,-72,-118,-153,-18,74,11,31,-2,-31,73,5,-38,-64,-93,105,5,109
-15,163,263,-59,150,-45,70,28,29,-2,-35,-22,114,-168,-44,54,24,-7,48,-70,33,-74,-118,93,28,-63,-60,-104,65,-48,-47,-7,49,64,-27,-95,-53,68,-40,-23,130,-1,86,26,-28,5,34,36,31,33,-36,-65,-65,-25,-83,-6,161,4,91,96,-64,10,51,37,45,-43,52,-63,-67,28,-83,60,-159,52,48,-16,-122,85,52,-4,155,69
38,56,-4,-14,13,135,-37,134,77,-109,50,94,61,32,91,-13,118,-141,51,26,-44,37,-46,-28,173,48,98,143,-40,28,48,-9,69,-43,12,81,15,-7,-47,3,-88,145,-2,77,-6,-32,18,-23,-37,-20,111,-2,0,-20,-118,160,-69,26,-23,-42,16,-1,-37,-55,86,-36,33,-12,-16,85,94,-24,94,-75,50,72,-17,32,114,-28,-27,-124
53,-33,81,101,-91,136,-19,15,37,73,67,-84,-31,-12,50,-62,-23,72,101,108,-138,16,-29,-31,42,108,157,47,12,132,101,26,17,-24,101,-61,123,-8,37,-36,-32,-49,40,148,26,-95,32,113,-13,52,-22,-108,-85,31,-49,49,175,-106,-66,-12,68,136,20,-57,128,-105,123,-114,108,-5,54,-81,52,-123,71,22,48,109,2,55,82,59
-8,150,122,0,98,10,13,111,106,-43,-17,78,182,-131,-11,86,182,110,28,39,-53,-11,73,-148,71,-7,15,-11,-54,20,-67,-39,-59,69,-72,-127,-95,-29,37,-89,-42,50,20,117,79,36,6,-50,95,-1,-29,122,-72,39,-48,-53,85,154,155,79,-6,-15,15,-49,105,-114,82,-24,74,96,36,31,47,19,128,44,60,-76,9,59,148,19
94,-78,83,-57,3,-4,47,-26,19,28,146,9,83,53,-88,105,27,31,58,11,-81,-129,74,-21,86,7,38,100,119,-87,-63,-148,-42,8,99,-30,-29,29,-85,92,-31,54,146,74,117,-84,80,-40,-5,-70,41,32,44,102,32,132,115,46,-7,78,3,15,39,-141,6,-14,-30,-137,212,-28,-62,-77,-42,77,59,103,18,63,76,50,153,-46
-165,-35,28,102,-58,15,-136,-5,58,-174,-56,3,-28,144,34,-16,12,-14,94,30,-33,5,179,61,112,142,76,-9,94,-39,77,17,118,31,35,62,-5,28,212,52,74,63,97,13,100,79,-15,132,21,42,-4,145,16,-7,86,47,69,162,116,90,100,5,-131,-91,63,82,-44,175,53,65,110,88,155,-1,6,-79,173,-7,-36,39,59,110
-83,62,69,58,-11,54,-6,12,87,-51,-113,48,9,45,-131,16,84,87,183,10,-91,26,13,-123,149,106,-76,73,3,26,107,6,-12,108,6,-130,-5,141,-37,16,252,88,31,-27,-90,-4,13,-182,150,188,116,-63,17,-53,51,148,11,82,92,16,105,-11,8,43,43,71,30,42,-37,52,-48,27,4,6,25,21,115,31,113,-67,78,89
-104,-40,12,-17,-67,44,103,33,-31,-30,58,19,112,-17,79,-52,43,4,60,23,-143,23,-81,2,37,126,193,-176,115,57,124,84,-83,-6,212,-38,-40,-27,-85,104,104,-8,14,34,-44,-58,107,88,32,50,74,-41,-5,6,106,-52,115,77,-21,-111,9,76,48,116,48,-82,-8,70,1,104,-17,47,104,-114,36,-21,66,49,44,105,-41,33
-8,32,-53,28,10,92,63,18,-69,-101,-41,148,-55,-84,23,22,-78,2,-36,-102,55,14,-25,40,-51,18,-37,40,-39,-57,7,-85,-24,2,100,13,25,-57,135,110,-73,6,-25,-90,129,77,0,62,-140,-14,-65,-33,-57,-66,-47,-101,-111,17,-87,3,-43,-14,100,3,28,-43,-128,78,-79,86,-1,147,-16,-11,-68,-15,-45,-138,-70,5,-59,-70
-80,-57,28,4,-68,173,90,-67,95,5,-83,82,15,-53,136,-1,124,-49,136,-49,182,-37,-67,-48,-115,26,-20,-38,103,-155,22,-80,137,136,-75,-153,-2,-116,6,40,117,86,116,19,-54,165,138,-4,19,-16,-89,-25,41,0,-4,169,68,99,-92,-14,75,178,120,-64,24,0,-39,-32,-37,-48,0,92,-83,70,-28,-76,-120,-89,16,143,74,97
-2,101,67,71,-50,-10,58,-64,-57,-170,-104,59,-67,41,69,69,55,-4,-56,23,-61,-9,172,-135,186,167,28,-55,30,0,4,131,90,82,197,24,-21,69,60,-48,30,87,187,66,-113,91,75,5,-77,92,119,-35,33,-25,68,162,40,152,75,-86,67,29,-90,21,-123,27,-99,173,61,-14,0,120,127,38,20,16,51,57,6,10,33,109
-49,-72,-95,-58,16,92,-89,155,82,4,-89,-29,277,23,-84,19,64,65,36,24,-86,12,81,-93,43,49,-15,43,7,-56,76,56,-11,17,64,-74,-118,54,-67,-18,-62,78,-55,111,-91,38,66,-61,-19,30,22,72,216,73,9,84,33,-78,-116,-97,71,3,-56,6,109,14,-21,-1,13,14,68,12,48,28,91,65,172,-34,73,22,-17,-58
132,-83,72,-84,-54,103,99,26,13,52,-16,45,-46,42,-12,-54,44,-37,7,-66,-23,73,12,-13,59,-15,18,39,-27,149,55,24,-74,-89,136,-110,2,-30,-91,177,85,-14,-140,69,57,46,99,22,-103,71,-15,-59,128,-1,-39,-40,61,-143,-30,-86,-45,90,126,58,18,31,7,-9,119,-11,53,32,-121,-135,97,-85,46,-7,-36,101,-39,-13
-157,-48,7,-17,62,-9,-132,84,83,-20,-134,60,76,1,92,-73,-16,92,47,15,193,96,40,-12,35,91,50,16,-12,-169,-1,-179,25,74,-23,-87,65,-57,7,-33,41,93,-74,74,-4,130,5,-57,150,100,25,136,49,62,49,34,-53,88,28,-54,56,-5,35,-208,55,23,17,35,113,-34,-26,-18,131,-46,41,143,21,-14,15,-33,-148,11
-14,78,113,43,104,-28,-23,102,-28,28,-39,98,-17,-23,45,-34,-41,38,-141,118,-43,31,-37,76,11,-113,36,23,121,-83,-54,-55,-57,80,65,14,-88,-76,-41,-42,31,17,2,-57,93,18,-16,160,40,99,-17,-26,111,-53,45,104,28,219,-52,-88,-60,-65,192,120,64,-25,17,-6,-22,-1,-27,-28,131,-16,-148,217,-9,54,88,-173,9,99
-91,-11,-29,-57,-45,-14,63,-59,-56,15,-80,-13,47,95,55,5,-67,27,-115,165,-191,44,-29,-86,108,-75,127,-59,-75,-14,76,159,35,29,71,119,-13,-2,-45,-121,-16,42,37,-2,-77,73,-33,17,-28,-10,-1,-21,125,93,68,-17,-6,79,28,-7,-34,127,66,14,-197,54,-47,179,-15,118,34,81,-15,-133,53,100,104,-24,-87,-29,2,79
29,-9,184,104,-25,142,91,138,-31,-8,88,-12,67,-56,-37,16,150,67,-8,28,-87,101,73,34,119,116,115,-65,-8,48,-55,194,22,-76,179,67,22,-39,39,-15,34,89,90,112,30,-129,-34,41,-35,119,-73,99,104,88,11,56,110,-5,-11,222,-59,70,-23,73,27,72,46,38,-32,146,-9,135,13,-14,96,122,-4,23,54,2,-44,70
0,87,57,208,-73,-82,38,139,-24,-59,-83,25,-88,-46,39,-57,-35,7,7,-14,-54,-104,38,-40,24,-6,118,-4,-7,-71,78,-82,-63,-53,88,56,57,92,132,-22,-23,89,-159,-12,33,-127,41,233,67,157,-116,65,-51,-136,54,-116,120,-5,18,10,178,62,175,30,-56,56,-11,122,-100,-3,-75,-15,-4,-25,12,92,53,-46,113,16,21,86
-34,-99,-57,-23,40,180,22,99,67,65,-94,199,-25,-69,-20,-51,8,-24,49,-59,148,-68,68,124,-90,-60,-81,26,-55,26,107,-61,-119,140,11,-53,-36,-68,91,89,24,-3,27,-16,-86,120,-4,-33,5,-67,19,98,-63,-84,1,74,-124,58,-67,-34,128,-84,155,40,-14,-13,-28,-2,-1,77,44,77,114,-43,-109,-62,20,-148,-9,47,-4,-29
-1,71,40,-23,52,146,-58,91,-50,-11,-42,-14,130,-60,-22,88,81,207,25,-109,82,9,65,-20,-16,57,-77,-58,-96,105,-8,96,-78,-118,33,-5,7,-2,-22,-11,145,64,-92,121,70,-40,76,-142,56,160,-12,80,-59,73,50,-82,-7,-13,-32,77,-36,-100,83,33,32,-53,59,-12,112,98,-1,4,-26,-2,118,-36,-46,-40,18,-63,32,-13
-74,83,189,7,63,-90,-122,103,110,10,-40,-19,172,66,89,-10,24,-1,72,118,132,67,139,119,1,185,-5,104,76,-38,18,-12,114,-41,10,95,98,75,38,93,134,-40,112,66,181,13,-52,28,118,82,28,-8,94,-34,45,191,45,146,100,-2,-1,-185,-121,37,-25,62,76,101,34,87,137,-50,191,12,-41,169,-143,165,-21,-143,82,76
41,-95,228,-107,-34,-140,-13,-25,135,8,5,37,-50,-24,-31,-79,123,4,-107,57,60,24,72,-40,119,39,13,12,24,-219,-54,58,113,-4,5,10,98,4,-1,-15,8,58,129,-1,68,13,6,-48,98,87,36,-111,25,-42,-45,120,218,146,80,-13,24,-43,-85,45,80,69,-8,-60,56,-85,112,54,117,154,151,-74,-36,-32,16,6,54,168
33,250,79,175,88,-4,-19,97,37,-67,-74,-117,-96,10,20,18,31,58,29,-23,-51,78,145,28,148,54,-40,142,25,58,54,-56,85,-149,-25,-14,-23,258,-86,4,45,63,50,1,-92,24,-16,212,-29,186,83,-101,62,-76,50,184,159,47,87,-128,-21,104,-53,16,10,67,5,87,-124,-59,-93,80,19,100,61,65,-66,16,38,-99,85,76
-94,-33,20,58,-3,124,41,25,90,-18,61,63,136,74,-14,75,99,95,15,3,5,-36,114,-163,34,30,47,74,-53,-68,18,27,36,145,73,-91,-42,44,31,194,6,91,82,42,83,85,219,-47,-40,74,22,21,101,78,-89,-9,37,154,2,101,81,-22,-40,-60,153,-54,131,-21,11,103,20,62,-39,70,28,4,141,-23,197,98,62,-79
133,36,81,-136,35,124,55,134,174,147,0,100,174,-79,-125,9,176,61,110,-21,-85,32,-10,63,53,0,-50,-37,-83,26,48,50,15,17,-88,55,71,35,-28,158,54,0,-86,3,70,-110,-109,-33,62,55,4,-71,-103,1,27,-13,106,107,0,36,24,116,72,38,159,1,46,-31,-15,98,10,57,-38,0,111,-56,15,-107,87,-46,145,78
-32,76,148,53,-44,62,104,-40,27,47,-29,-51,26,20,13,65,26,14,136,69,1,-72,-154,47,-94,41,-7,56,17,139,83,7,-17,-73,-192,-69,160,-107,93,-1,239,134,22,33,-4,-34,97,66,16,62,26,25,2,12,-22,169,38,131,0,32,-30,-4,11,171,-18,-84,34,-74,-34,76,-32,-69,-74,29,11,-15,-37,99,2,12,55,98
-4,30,-2,1,-36,-72,41,7,-99,83,-3,-112,-72,46,-9,-13,34,-78,-94,-26,-89,4,51,-87,105,73,-157,25,-30,30,-19,40,12,-72,74,64,-47,144,-76,-48,-62,48,53,0,-39,-48,77,-33,47,121,74,-114,37,2,-44,65,29,-69,101,-52,25,33,-19,-91,-16,-43,-167,11,-94,59,35,17,81,-27,175,75,-8,46,-180,-117,12,19
-109,11,50,10,-101,83,123,95,83,12,54,41,95,84,20,23,30,-56,131,-59,-116,21,36,38,165,-33,70,-16,23,125,113,18,8,99,88,-44,15,49,39,-71,166,51,49,18,-133,45,-3,-59,30,5,94,6,15,-23,73,132,-47,11,26,-67,-139,69,-124,-28,-111,93,-113,84,70,126,60,127,-7,-136,29,104,141,91,28,89,18,-105
-115,-56,55,-21,-19,92,-28,-21,168,102,-91,-12,26,15,-44,-10,79,-9,135,64,-46,-133,6,133,0,-71,-91,-32,18,42,149,9,138,3,-19,-75,-50,-6,8,-184,103,201,-58,-20,-109,115,66,3,-10,37,-6,-15,88,-79,21,115,33,28,-30,-7,-28,16,1,-44,27,10,28,74,-20,-41,-30,14,21,-18,122,-91,-32,32,-4,-1,100,57
-40,134,82,10,18,-76,147,44,88,-57,-41,91,58,44,214,-54,-94,1,47,-127,40,12,-65,48,-56,111,-2,-78,172,-70,0,-52,-21,67,15,41,100,-47,162,82,206,-2,27,-53,66,109,10,-40,-82,68,-76,-49,-89,-99,-149,-26,103,196,-37,56,2,-86,88,92,-50,3,35,132,4,13,56,28,100,63,-10,42,-53,70,58,24,196,57
49,60,4,82,-65,-19,144,112,-17,44,-14,-63,-32,-43,-52,16,50,-60,97,72,-22,-17,79,-115,83,-93,71,-40,38,172,24,184,-33,-41,-12,-81,-5,-16,137,-15,52,58,66,-77,-39,52,52,12,55,-13,2,1,-92,20,99,-75,-14,65,97,65,28,44,49,-58,-109,48,26,116,-7,138,-72,88,-42,19,83,-145,-28,-41,-141,253,65,151
-146,-45,99,-102,63,61,-85,113,77,-78,-84,-19,89,-3,69,71,122,-9,85,69,80,28,26,33,-80,-18,-59,45,-165,-19,107,-111,63,65,16,36,-23,57,-28,35,-3,-46,40,-2,152,69,-38,-39,120,-66,1,170,43,52,47,30,0,92,36,-115,-3,-23,-115,-34,15,43,-2,-170,175,-75,260,-7,-4,36,-10,-58,85,-45,125,29,-91,-19
-22,-18,12,32,-60,119,84,-47,-38,70,-10,120,-56,190,90,99,60,-4,-58,-15,75,-54,68,126,107,-20,-60,57,143,55,-136,90,78,100,-49,-20,57,-15,145,126,51,34,172,-51,23,10,101,-30,4,161,132,-38,59,-37,61,-33,-8,67,24,60,-32,43,52,-30,12,-38,8,63,-51,75,78,-12,173,21,43,15,52,4,-13,-16,107,-30
-56,-54,-86,84,-63,-48,-28,101,-15,-128,-42,-83,114,127,-74,30,86,2,-60,-43,-8,-11,89,10,117,190,-6,47,-20,-98,-78,83,-48,-92,20,10,-12,80,20,-48,-12,68,81,130,60,-112,22,117,-101,52,70,42,34,-16,29,1,131,-35,69,48,34,5,-147,41,-117,28,-80,121,115,35,-36,4,28,34,178,-63,109,4,7,-55,-15,-55
0,19,67,71,-107,180,62,-35,-39,-51,81,110,66,114,-37,-83,115,76,17,-182,-19,128,103,51,143,151,11,-18,-94,-22,42,-28,-172,-28,43,-119,-9,34,-64,82,146,26,-32,99,70,18,93,65,-107,106,45,51,73,23,15,73,118,-26,-23,-48,4,49,-31,106,-50,48,-91,186,106,38,-45,76,-93,-73,127,-18,148,-20,15,-34,-59,-15
8,6,97,153,-123,-4,-48,-4,23,-129,-29,-4,-71,79,56,59,-151,7,82,-53,-55,13,-35,-27,-10,71,7,57,-48,91,189,15,-19,111,59,35,21,59,171,27,37,-7,13,85,13,74,29,80,22,29,7,-48,-74,46,-121,45,94,-61,191,12,55,22,-29,-53,37,-76,72,208,-51,80,17,-57,-30,-20,45,-81,25,34,-102,232,63,-24
-22,-53,-33,-138,-71,26,49,45,-92,-30,-43,-53,74,-34,-88,-149,28,-150,-59,-86,91,58,-99,-70,-40,-7,69,-48,-34,-91,30,4,-104,-15,-89,-135,-41,-6,-91,3,-95,-55,-16,62,-9,-49,22,-58,-47,-59,-66,-74,-103,29,147,58,-136,-76,-109,-189,-22,6,24,10,-2,35,-63,-78,128,-13,6,-20,-2,-18,26,-68,-43,128,-22,-23,156,-66
-12,62,193,59,123,122,3,72,-85,200,-53,30,5,-32,108,-16,66,88,139,74,59,26,-4,135,-23,42,-60,57,126,69,97,-78,0,94,-15,-45,37,27,88,25,213,121,56,1,-42,133,27,89,48,89,-40,45,16,-2,100,35,-45,17,18,-119,55,-55,119,163,5,33,48,53,-79,92,48,95,23,-111,-17,141,-124,68,24,-4,-63,50
-83,-5,154,-84,-74,-38,-12,95,23,54,-29,24,51,59,105,42,196,61,87,139,111,-50,41,61,112,114,118,93,-6,-67,109,-72,161,9,120,140,210,-15,78,70,-65,70,121,84,-9,-30,-44,-14,146,67,72,119,-76,19,31,65,38,84,11,22,101,0,-110,-37,40,-61,-6,-12,32,73,147,-72,105,-8,104,14,-45,-23,128,-26,-90,74
