212,-72,2,-59,67,35,188,-32,96,107,-46,-39,-66,-23,45,25,-71,29,146,36,-26,32,107,150,-79,-108,-59,-42,84,356,-65,5,125,-42,265,16,140,-20,108,116,-22,98,152,51,61,3,137,-99,-40,-143,49,-48,-143,39,98,128,-9,-13,247,-153,95,88,2,-43,131,76,81,48,-10,-168,66,45,-6,58,50,141,41,85,13,81,-44,-140,119,213,95,36,-169,121,29,45,183,-79,-54,86,196,61,56,159,20,-4,-160,92,79,253,109,-31,37,42,-75,22,103,-12,3,230,68,51,69,-15,70,-71,235,317,75,130,14,32,-273,-114,165,-18,41,70,88,78,-74,124,85,1,126,103,-99,84,-48,67,126
307,48,-68,39,111,-44,-20,-58,27,0,-131,-165,-27,43,125,68,82,32,17,38,-13,-51,42,2,-31,109,185,90,155,42,66,113,-210,189,-180,117,-26,-43,-88,-176,27,44,36,62,-167,-13,35,-3,33,46,-16,106,-87,-143,70,196,-22,112,148,196,64,7,-37,-42,194,112,98,129,36,-133,-50,178,91,-17,-143,192,63,-29,-16,-122,-23,3,100,77,60,42,33,27,137,-48,136,109,129,-19,115,9,-25,4,67,-20,147,92,303,-2,-50,50,3,90,128,-39,-74,-17,-106,-31,50,3,60,150,-66,153,131,41,96,-38,-1,70,-10,194,-17,-7,29,131,-25,94,39,22,95,108,-20,121,-55,171,50,284,15
-44,127,-84,92,17,-39,-10,97,14,-1,-65,-54,-132,178,162,21,-102,54,150,-135,176,122,74,-123,-181,100,-76,100,113,-168,11,-83,10,48,41,82,119,-54,-79,73,100,76,-66,52,-34,-74,104,42,125,-69,98,-102,46,92,51,-66,106,17,-120,75,143,192,-73,56,198,-142,-6,-42,-28,22,69,-74,40,89,13,75,102,91,26,137,107,-69,44,-31,46,-26,180,-7,279,-47,136,-164,28,191,67,116,-34,33,39,-46,90,-9,38,8,-130,-61,-4,-4,211,-56,40,-50,54,46,-226,170,-14,40,-87,122,72,-90,141,-116,131,-6,1,121,65,-134,-85,26,-97,-32,-87,61,201,-162,-42,-243,-160,-14,-16,1,-62
-56,117,-178,43,57,-28,63,161,123,103,75,17,210,-96,143,-15,-85,103,-35,-40,6,-78,-82,142,129,-22,228,50,54,158,174,130,-81,53,29,31,208,161,-30,90,15,-136,-38,62,-95,234,288,238,-39,-54,60,160,-78,60,-55,84,218,-89,61,-33,124,-90,-60,-62,-56,-24,-120,-27,-143,200,39,8,27,-90,-101,68,-12,-2,-54,135,111,311,13,-197,86,98,157,41,192,-44,127,199,50,161,-76,116,29,-123,97,-54,-52,-76,-9,119,125,264,173,138,62,95,-85,-46,-187,68,124,150,-61,157,-2,-25,20,11,-191,-147,-38,1,36,146,-25,-137,19,86,14,-15,-176,121,144,150,-101,38,-47,-26,-53,86,-174
189,-122,0,44,79,16,-167,-32,15,139,-53,69,48,-7,53,-33,19,131,245,63,28,230,27,-30,43,-51,96,143,167,-23,87,138,253,-17,38,-31,76,131,123,-47,114,114,102,-70,203,62,229,44,33,186,-73,74,133,29,-226,129,113,195,126,-24,196,86,110,-123,87,108,86,49,97,7,12,30,249,-15,33,175,-52,270,30,-50,155,62,-10,-68,61,134,49,-17,-13,-42,141,214,117,-79,13,149,124,-102,185,132,263,-84,-22,31,34,-115,108,53,-38,-29,12,-64,38,70,47,86,133,37,246,2,-99,230,126,47,-65,-74,82,3,61,66,150,-197,-35,33,55,42,154,-189,-50,15,-165,254,-101,-4,133
-59,-39,72,1,31,25,-7,-17,-4,-94,118,-163,-55,188,23,109,-24,61,-23,201,80,63,62,-170,198,70,164,-78,12,26,216,-40,105,-23,-108,35,-17,60,11,56,144,184,-78,108,25,94,-165,92,92,-53,-115,177,196,-9,137,26,-165,-105,119,176,-219,17,-177,132,38,156,82,43,208,-182,-101,70,46,128,-133,74,152,-33,29,0,-103,140,31,-46,-6,99,15,-10,29,-189,171,81,-2,33,-13,-250,-72,-5,-24,-46,-217,131,139,117,159,-134,108,136,45,70,-37,149,-35,102,45,6,-22,193,23,37,-65,-112,151,7,33,27,88,-120,-37,233,-17,-158,6,55,143,141,64,151,-92,-6,161,-23,154,161,-46
101,150,160,-29,-60,81,-109,-64,-44,39,271,-94,-40,-23,-4,-99,44,74,-33,141,83,-25,382,-36,161,-4,-155,162,9,172,-93,0,-64,-15,121,-126,108,-85,24,186,247,102,193,40,314,113,2,7,140,93,84,70,1,-21,3,193,109,-2,111,14,51,70,235,99,-22,34,127,58,178,-35,223,98,174,128,-42,-65,39,130,181,-11,-42,-30,-4,181,153,-48,-129,48,189,-9,173,-87,-105,298,2,64,-25,186,34,7,-221,-71,-21,179,306,5,84,-51,177,266,80,-110,121,78,145,-137,166,25,238,58,48,109,113,-52,87,-46,27,-65,98,243,-88,-26,4,251,54,74,124,-5,185,-109,-75,119,87,112,198
24,19,-35,95,-65,-3,11,-67,28,-24,-58,1,-87,56,126,52,26,-36,120,3,61,47,71,-141,7,-1,102,27,50,245,72,84,-71,92,83,-35,63,177,-91,21,-63,133,50,293,285,9,34,269,14,120,95,53,-66,-68,175,-57,-20,152,93,-128,-8,-13,27,107,178,-29,19,-60,167,-62,252,167,-127,166,98,145,159,79,-34,407,30,-8,125,133,68,34,36,10,45,84,14,-61,115,87,73,92,31,6,11,141,-101,23,-38,179,185,82,99,-16,130,-114,5,-35,69,100,18,-14,228,99,27,-42,145,11,57,19,133,179,-55,86,28,8,-125,13,168,23,117,113,-6,317,267,73,75,-28,2,-3,102
218,-34,118,-201,20,180,11,43,-6,51,-172,51,-4,-32,69,59,37,168,41,-35,123,180,38,39,61,-46,-1,-9,51,157,-22,56,102,163,99,140,-16,-231,15,122,114,129,-10,79,319,-43,-92,51,-49,50,209,-31,-91,68,36,-54,65,185,79,-61,68,20,-57,142,100,-94,194,6,103,74,79,73,86,138,9,-83,94,57,8,-159,184,145,10,129,208,-126,-111,142,25,233,73,-25,-159,-165,-44,11,124,63,32,67,-169,100,18,111,-8,50,-18,-113,5,36,224,73,28,-36,62,-196,-44,-246,172,23,62,134,-14,103,84,77,176,-182,109,168,-83,-5,-28,87,236,-55,47,135,128,-65,109,6,84,-21,72
22,96,27,113,-39,111,21,-27,11,48,120,-91,-53,96,-11,-123,29,22,-69,-34,-102,-30,33,-104,369,14,222,67,63,151,-156,24,9,-20,-92,-182,-5,39,7,27,-93,71,90,105,-165,38,117,-29,-25,112,-87,122,108,-139,-72,57,-34,13,183,77,-142,139,247,202,-106,17,-116,55,129,19,34,35,-140,-25,-36,49,8,90,-23,-29,48,11,88,-117,-196,246,90,-83,136,-79,181,190,28,-51,117,-38,74,-52,-1,23,186,25,-29,-40,-103,-15,129,13,-5,-48,27,90,-167,-5,99,-39,142,52,29,63,149,46,-75,36,-127,30,-155,-67,62,-6,-57,-30,19,-118,150,95,-42,83,-43,157,48,-12,30,-70,4
36,-32,115,-118,37,99,-182,44,-19,150,-22,30,37,-153,-63,-61,-9,50,-92,88,96,213,99,-51,96,-99,-88,294,-48,219,-17,-15,-63,210,-59,-68,-19,49,14,-59,168,-284,93,-37,198,79,7,201,160,34,154,55,48,-104,-76,218,114,107,112,181,66,108,118,74,65,52,-42,76,-75,171,108,80,48,12,1,24,127,138,238,-27,-7,-75,76,245,102,-31,91,-68,21,3,40,130,27,57,110,197,88,286,112,-48,-52,-147,61,-75,32,163,54,17,-62,230,18,93,149,-81,-19,-39,-63,28,208,27,46,25,20,-9,92,33,-65,-45,57,-30,-89,61,122,62,113,170,152,-26,159,139,133,7,-15,60,79
120,107,32,-44,15,-9,68,8,45,195,230,-55,75,232,25,108,222,-133,155,88,-23,-152,222,84,6,103,163,-74,72,26,152,-48,107,105,157,73,-12,-101,124,1,63,213,68,155,90,93,12,63,-33,29,-32,111,-157,147,168,98,66,106,210,181,30,112,60,-11,152,-66,20,319,280,-34,-28,186,205,145,9,92,71,147,231,178,-34,94,148,148,124,96,-48,-103,161,108,57,39,119,-23,77,233,-149,-32,-153,-68,-14,-21,-62,113,-25,28,120,156,157,139,58,129,-90,202,-56,57,184,-165,24,80,148,135,186,10,253,10,-97,-26,44,10,-99,-101,183,182,-62,197,249,-15,18,-26,119,19,106,-25,182
-104,53,84,-43,25,45,-167,154,1,-198,140,17,84,-205,21,87,32,120,59,135,32,-91,67,-12,-102,82,37,-32,98,68,-104,185,-93,-57,165,-93,133,83,-6,70,78,56,-33,-62,-65,127,102,99,109,-125,-45,-65,146,-127,-46,54,-1,-51,136,54,52,35,-53,134,8,120,172,94,95,41,68,122,108,-2,84,93,44,-42,58,-247,232,-108,145,-75,264,-160,121,-5,-73,-112,-4,-8,-42,139,55,-97,71,79,-84,136,61,176,4,100,-85,-14,41,61,86,148,-70,29,-96,8,12,-111,99,-51,-12,-73,160,49,24,-28,113,27,-7,196,-63,193,-7,99,12,1,-65,40,180,86,36,-79,187,-26,-23,159,-12
76,-103,-36,27,12,142,-43,-44,30,91,193,-69,217,-32,-30,-55,3,-88,85,126,-83,-90,4,18,223,51,-21,60,67,156,-32,-67,133,4,155,12,-13,-34,19,121,-170,9,41,141,-148,-51,-41,77,-171,-6,151,109,93,119,-110,95,122,-32,169,55,95,-19,-42,-50,233,145,-30,75,92,143,-164,-11,244,-13,-86,90,194,-9,65,4,-78,113,-23,113,249,115,-16,49,-106,141,263,38,24,60,219,79,62,-63,-168,-28,36,43,37,132,73,-33,2,52,-1,194,119,11,-140,211,126,-37,70,144,28,99,66,188,-39,-117,100,-16,-94,-158,-35,255,-147,-14,157,170,66,304,159,-61,31,105,77,-70,68,96,42
4,48,-89,-28,189,-45,102,127,218,-49,99,3,-19,8,40,-186,111,-58,-40,-115,79,-6,39,-42,32,87,34,10,-73,-50,11,95,-88,174,117,-9,74,-138,-21,21,-318,-69,-169,88,51,-27,165,193,-58,90,17,-267,-250,-55,72,-63,-13,144,44,126,155,-26,-90,171,-155,-160,-89,-6,61,-22,120,96,19,87,-103,33,33,54,114,144,22,83,161,59,96,21,156,-21,-16,11,70,95,-148,-101,-214,69,59,69,-60,180,75,7,-8,161,-35,105,38,62,93,-97,-15,-3,-68,98,-32,18,-131,-97,-9,-52,-49,58,-78,-51,-115,-40,-47,68,-2,119,-111,39,17,123,84,0,283,99,-8,26,-80,-2,15,-63,16
70,-22,53,20,-151,-217,13,82,-62,136,96,62,-84,46,-21,59,68,-12,42,-62,-71,-1,-6,-77,-18,67,-77,35,57,61,-119,-67,-97,80,-44,45,2,81,49,99,16,-30,-131,-48,-98,-2,-51,159,17,-61,82,110,-172,76,74,-200,-44,9,-54,-6,-70,181,56,-16,-23,8,-90,75,-151,27,-109,16,20,21,100,-110,-20,75,-182,-75,110,-91,108,64,-64,25,25,-17,310,121,-124,-7,44,14,63,-33,-14,-70,-29,87,160,-5,19,-99,-50,39,-46,-75,122,-25,-7,15,55,-194,-84,48,50,41,-150,-81,-39,158,60,-49,-51,62,-113,30,-171,38,-28,104,-107,-141,102,76,-1,150,6,-77,-100,-55,69,47,-84
54,-2,-232,-147,14,15,7,-30,90,108,53,-33,114,36,206,263,129,-28,115,-266,-96,-19,37,-41,-108,9,148,-44,-20,16,58,-150,-3,35,127,-29,28,-17,-52,-80,233,-89,10,215,-16,121,136,170,146,-18,-34,-46,47,-92,-25,172,45,12,2,156,64,25,-7,203,37,-25,-34,145,-93,133,61,-56,176,98,-18,123,123,5,-101,29,45,238,-64,11,-39,142,30,-55,-149,35,12,-57,-61,96,28,194,17,24,-179,-56,-64,63,3,151,-40,-53,-25,85,-70,-94,51,-67,-128,66,241,33,26,20,-65,8,57,50,-30,156,33,4,131,52,244,-40,71,-25,0,-83,-117,27,13,143,12,213,-111,221,-5,-42,15
77,93,200,72,-68,149,-37,103,124,70,32,143,93,-121,208,46,111,70,83,74,48,190,125,18,79,3,119,263,151,166,66,29,128,135,253,73,230,102,117,102,93,82,66,55,83,231,214,79,94,24,61,104,61,176,131,148,200,105,166,144,20,256,-68,38,219,167,161,2,152,21,-12,215,-53,203,52,220,103,204,115,49,27,331,-43,103,147,82,208,209,219,-143,211,37,-27,-55,198,143,-82,42,155,-16,90,133,15,132,-13,152,214,-115,133,18,86,3,-9,43,33,-51,97,193,279,89,6,118,-66,20,-10,104,-73,-37,195,-119,-71,111,97,67,26,152,57,40,156,-22,104,66,96,63,70
146,-33,161,-32,49,12,109,182,49,76,171,-22,104,-45,329,94,80,101,-29,55,175,149,248,-70,-57,158,-7,33,-134,104,24,210,70,103,21,-144,223,-91,45,-78,5,67,-11,23,117,80,106,89,182,-128,-42,55,-106,-45,55,20,-35,-78,-8,77,101,118,87,53,-92,-18,-33,169,-77,34,186,153,72,-205,50,-1,78,-39,18,46,-152,41,107,95,126,-138,-69,100,-28,-160,77,48,30,224,30,39,151,57,244,74,-135,170,96,-58,113,112,117,9,-30,-26,57,8,-146,47,-31,95,-151,-145,88,153,26,163,-24,161,38,149,184,-72,120,26,68,77,-10,-149,-59,159,103,108,-20,2,-147,184,-10,-12,141
-24,82,-101,-175,83,-24,76,68,12,70,86,34,-185,10,71,15,18,-102,52,82,35,-123,76,73,60,-19,30,18,25,-112,159,-2,-3,-13,159,203,146,21,31,213,63,105,-13,1,186,89,-79,-108,25,-22,127,-143,-18,53,56,104,106,44,101,174,184,-128,66,72,19,-57,30,125,158,-54,216,43,-14,-58,-43,53,-5,215,125,-51,-49,24,72,-79,4,-224,-165,43,-134,-134,-27,-22,-72,112,-29,130,76,96,250,-44,-33,23,-122,68,154,-98,179,218,-41,-44,-85,11,-185,60,174,96,58,-125,-53,-55,-80,36,95,7,-35,19,40,51,-39,208,100,8,-99,102,-159,16,95,-2,28,-100,-85,130,-21,36,47
45,52,-82,61,-26,117,-19,-52,196,-117,-98,-44,-127,-98,-36,41,170,83,-175,186,-63,-49,-45,46,267,-104,3,70,1,182,76,-35,12,170,-47,17,41,117,-88,83,-135,36,113,-130,-139,120,-13,-87,-60,55,50,-21,62,-53,76,-18,36,-43,192,-106,23,-97,40,30,70,147,122,37,-25,-164,219,11,-103,-21,113,39,-34,-196,71,-171,94,-27,161,65,5,2,-54,286,-71,94,51,28,-17,23,-151,-101,98,14,101,51,-69,-6,-40,39,242,98,135,50,135,115,21,65,-25,67,264,-193,-36,27,1,-46,255,-18,124,197,74,-8,-151,-2,4,221,-82,157,185,191,118,127,7,7,34,-41,-26,225,91,46,60
259,9,-13,-58,55,127,-19,93,9,208,11,-65,7,4,20,39,185,107,-78,49,48,111,73,104,-75,44,-54,248,89,-7,56,-81,-2,99,59,83,-37,-63,211,46,-30,100,140,94,192,-48,188,6,2,-49,-144,134,-27,192,-14,78,85,-33,142,-73,-24,230,137,-181,158,89,167,23,-6,33,-30,161,27,30,215,37,-1,296,-93,150,-17,-45,136,86,110,121,-21,-113,96,-10,116,109,8,145,192,73,64,201,82,286,-147,82,-21,31,200,31,13,37,98,61,11,135,-1,146,-140,-3,83,-111,205,63,49,300,-39,71,139,-46,54,-410,159,145,-89,-103,188,191,48,145,83,148,213,171,-118,-99,105,59,226
-42,-36,80,10,-86,-115,12,79,-88,18,-70,129,7,66,106,150,93,66,95,38,-17,137,183,-84,-100,3,25,55,-205,110,60,58,148,-37,-87,-20,165,5,168,16,-13,-56,-99,4,50,74,242,46,-37,0,-13,20,20,74,89,98,-225,-174,129,5,-36,-96,-57,33,76,91,49,145,15,-45,92,127,-37,0,-10,94,-33,-117,-2,-40,52,128,146,94,-12,60,-19,-45,189,157,151,34,37,-27,-182,25,-68,-187,-69,28,-28,32,11,115,41,113,134,246,22,-32,-47,14,92,171,-19,-89,63,-25,42,-77,199,-69,-100,11,-128,-91,-19,10,31,64,-62,-23,27,-36,-122,160,-16,120,-21,21,-43,-20,5,134,-71
54,131,71,53,17,31,-9,308,120,78,88,72,58,67,-57,-37,51,195,32,32,11,138,109,189,-54,-14,0,237,73,34,91,144,172,266,194,39,70,40,119,7,-14,71,3,170,169,82,177,364,85,-47,43,-38,230,86,-9,-19,212,230,193,86,-84,55,-15,130,71,-26,25,55,149,260,30,245,138,-41,-19,10,260,-84,38,151,-37,92,-70,172,282,-57,263,102,-34,-127,120,-4,-52,16,81,6,122,324,142,56,65,200,245,173,247,348,35,105,125,32,67,215,0,20,14,-55,33,62,274,17,21,182,-141,-18,-122,82,60,220,77,87,-86,121,200,192,145,243,236,139,36,-157,-41,25,153,-98,156
-5,-86,-24,-140,126,62,75,-98,-148,41,-15,122,174,-156,-244,-105,-99,94,0,59,111,41,-124,-39,-31,-59,-18,-26,-106,-11,-19,-43,76,59,29,247,88,91,181,205,-84,-32,-9,14,145,-13,86,-55,40,-20,23,-10,103,168,-76,38,60,-80,151,-139,-6,15,-13,2,-80,29,69,-208,5,27,-188,-145,67,27,133,-60,60,76,155,15,128,-40,20,-14,95,-14,-80,-73,69,66,-140,-29,53,-87,16,26,56,17,252,-171,21,-155,46,-90,75,-20,-111,41,-40,-110,-54,-3,-157,-113,-11,31,-14,-78,-5,-86,-80,6,50,144,-54,31,-50,-100,-213,-118,71,238,-169,70,-239,-77,-42,107,-20,-24,16,-127,-44,168,-126
16,-181,123,-131,-77,-48,210,155,183,23,1,-40,-63,59,136,-90,2,12,-145,2,15,156,71,-70,179,-82,63,195,15,180,187,57,129,48,73,66,-120,-101,-30,42,51,-122,-120,220,179,65,-62,178,28,87,62,-92,72,-157,85,18,51,220,-15,-34,10,75,194,122,119,10,-49,217,-15,101,-18,95,-91,-23,4,-24,36,22,69,23,-112,-63,-184,21,-162,-32,-125,144,0,2,23,32,-33,-51,34,152,204,-14,196,162,-80,-24,-129,15,157,111,87,6,-149,-45,61,64,-5,316,-115,101,-86,-98,242,74,95,114,165,-78,-55,79,-25,-35,109,156,-76,92,61,-56,52,232,218,-58,166,-34,148,-17,107,-153,-54
120,5,-64,-10,149,90,-163,55,-42,189,71,-43,-21,-39,194,32,-50,1,-47,43,257,-56,60,8,193,171,90,35,105,103,141,-27,115,42,112,-9,6,-9,-5,-66,60,117,138,24,271,11,3,-7,-27,13,-56,8,127,-103,-3,97,154,23,126,-44,7,-101,-5,-124,91,63,19,131,-32,91,159,-63,46,11,-17,10,49,92,91,-86,-45,45,163,44,86,-55,238,-48,157,-220,82,14,9,-4,269,-8,-182,63,148,-64,17,6,-116,-45,-20,-17,138,130,-33,80,113,-201,-114,-203,88,63,195,191,117,-27,-113,-2,-36,-1,-34,3,-18,-230,34,-1,1,-54,-63,-41,-3,207,-34,40,90,-46,92,-17,215,58,48
64,11,-122,-66,-61,23,-113,-27,91,164,77,89,159,-203,292,70,-26,117,-38,-91,-205,-15,128,82,-1,-95,53,-7,-24,212,103,82,-18,66,19,303,-141,-263,-36,-4,64,-62,91,5,55,-46,114,33,68,8,-3,-105,250,127,72,130,2,-29,-64,-11,-30,44,53,-5,117,-26,21,176,58,36,-119,-103,172,-95,180,105,29,-19,-29,-126,-48,102,43,26,150,119,23,-118,111,66,259,-16,90,-47,97,-102,170,-79,58,50,-34,6,42,87,-126,96,82,89,160,65,50,-5,-108,99,38,16,98,52,-51,81,124,-94,19,18,242,-17,52,69,103,-21,48,-56,-3,44,-116,-125,166,81,125,-76,-101,242,30,-13,-40
174,132,-50,-10,185,145,-121,199,-105,2,-13,-6,174,16,113,-43,-66,131,79,64,126,114,67,-10,-15,-7,89,13,-13,149,27,-209,-18,53,96,37,180,98,240,-146,-43,-39,-107,-3,8,-64,115,107,-51,-162,-141,168,74,216,72,-18,-48,76,125,-20,-141,-90,-140,132,164,-181,191,94,-140,126,32,85,54,101,28,111,104,-151,101,268,-24,12,89,66,184,-91,239,87,11,-92,110,-222,-84,114,44,150,102,55,79,-35,134,-38,44,35,3,38,-137,-60,138,308,256,-14,-37,169,-65,-77,-114,-94,109,-14,201,164,-126,92,-38,118,307,-166,85,-237,-43,36,52,65,50,96,63,75,19,-121,-7,208,18,238,9
311,30,26,149,-206,214,-6,-206,131,148,45,-156,-52,94,152,29,-62,10,293,-66,78,-81,84,-24,5,-135,151,-5,71,-25,48,69,-100,12,68,-55,-11,47,159,-67,30,107,216,26,21,16,-93,105,-119,228,18,65,-83,43,30,145,-51,183,171,24,81,74,216,74,152,184,120,177,40,-265,25,-103,230,45,72,347,44,147,-87,95,34,38,116,240,62,267,-35,263,20,37,-17,269,-62,131,-16,-20,208,82,32,256,-28,10,90,141,129,39,-83,104,-40,-21,82,-45,64,-75,190,-14,167,14,141,52,17,250,166,142,166,-93,-66,8,-52,181,105,-13,-14,-9,42,215,22,-125,185,-11,-262,161,44,228,317
206,-40,166,-162,102,97,-137,144,214,-91,-6,-20,130,-134,192,91,50,53,-113,-116,25,-1,-128,-11,88,-64,-63,200,-29,27,-5,25,79,154,85,41,-150,24,-13,-192,-64,53,113,-73,1,50,190,6,102,-158,-65,-81,-22,-33,-160,85,-8,106,-64,118,-93,-161,54,40,24,138,85,169,75,70,22,40,-77,173,214,12,40,-28,66,-95,88,171,108,106,-28,-10,145,41,-6,-16,104,-109,-40,41,173,50,52,275,93,67,-61,233,1,-81,-34,48,-68,86,-102,-136,182,-66,10,-142,130,4,-49,159,198,-27,34,60,-52,-17,-189,109,25,-131,160,-52,42,50,19,-126,-58,-70,-185,25,107,-17,43,261,-160,118,101
-3,-153,101,-65,-46,113,-12,-20,29,174,-15,106,-105,-31,108,-118,130,-23,100,44,-183,226,-123,-23,181,27,206,113,169,83,-168,-136,85,89,13,113,202,33,133,38,92,92,36,215,147,-55,-1,21,21,-26,137,96,87,-165,182,138,30,-16,59,-24,99,72,15,152,-16,105,80,155,-44,-228,72,-102,24,170,-31,-51,23,263,-7,-78,-1,1,-89,-80,-16,-16,22,63,116,-29,19,-26,-6,-77,144,121,122,-70,100,-37,93,-91,153,-85,-56,113,-19,42,0,-15,20,30,126,33,-131,61,39,-141,-128,-69,166,105,140,137,-50,139,43,-154,47,52,-56,9,-166,192,141,-15,38,-82,148,-45,23,-99,257,-9,-155
152,186,-161,-7,64,-37,-64,-31,3,20,51,-101,23,-131,-156,-10,229,-17,-80,88,34,-19,-38,-21,103,170,101,137,46,47,212,-12,-56,22,-114,-14,25,-13,-95,-25,31,40,79,-13,54,130,28,101,210,-38,54,134,-35,-101,20,-47,43,11,44,16,-94,-55,7,-2,-57,-216,-24,-76,-96,177,-73,52,31,-232,19,-188,59,-32,56,150,-74,34,30,-123,-77,-50,138,31,33,-50,24,-6,49,141,-64,109,-123,-102,68,54,-90,79,-138,-79,181,-80,23,12,158,-15,-88,21,-88,-98,130,-139,-18,-44,43,41,-66,-116,-17,-52,116,-143,84,45,51,74,-101,-16,73,12,-4,5,13,174,172,-16,-5,80,-19,23,-88
-95,0,32,32,166,-76,19,43,-85,-32,83,-16,233,-28,-73,-98,-169,11,150,113,139,25,83,39,-98,1,127,-61,-57,119,-55,91,129,-33,-9,-35,138,46,117,56,-134,160,57,181,132,242,214,165,32,203,-94,22,30,-30,191,139,180,95,210,20,-73,57,28,14,-103,218,17,-19,239,16,180,139,71,76,10,33,40,110,121,26,18,115,-23,93,184,125,48,-15,-3,72,-72,133,-64,45,135,101,-161,177,92,-83,84,-7,-68,53,118,141,228,6,-81,-163,51,10,62,10,-120,-12,-19,14,236,-206,64,60,-52,27,40,-60,-146,70,25,65,-59,-58,-76,77,-20,212,1,-110,290,26,-65,-29,205,-1,211
-119,-40,69,-137,205,-79,-8,-181,-185,46,35,23,81,11,-96,24,39,90,37,-185,26,46,-140,35,-158,228,-34,80,20,81,22,-100,157,22,-12,113,197,70,89,13,256,196,-28,62,101,-106,71,-8,94,-77,33,38,67,61,103,-44,11,-1,77,-44,42,13,-50,-78,82,-88,-10,-7,-71,14,-59,-1,33,-37,-75,-22,-76,-138,58,-70,-15,241,77,135,-142,-9,-83,-89,-25,55,22,-102,-11,-17,246,-142,-131,-187,107,-61,129,154,80,-227,-100,88,11,-292,-178,192,-42,114,-83,-63,-172,24,218,-132,-72,-2,-20,58,0,-121,35,121,114,-111,-70,33,156,111,-222,23,-120,-262,-133,33,130,-66,-9,-48,-164,92,-98
-147,-60,15,-236,177,-59,-137,91,5,44,-109,-7,1,58,-89,229,71,54,69,154,-62,97,26,125,-28,253,182,-65,103,95,-34,8,60,-26,152,-114,16,-6,43,274,204,240,97,29,69,232,-16,-8,0,-75,23,103,22,-170,-3,81,23,-2,89,-82,27,85,1,-17,87,87,69,-37,193,-3,91,186,-57,-4,37,85,80,72,62,-155,35,177,2,-62,120,-88,-72,-30,-10,-3,54,143,45,11,176,235,-114,-81,-80,-103,-25,-10,-34,-62,59,-94,82,137,68,12,-13,34,-16,74,144,266,167,-4,2,55,-239,19,31,80,-19,-1,219,21,1,-4,-26,-86,-227,153,-7,101,-54,-47,39,51,122,-18,45,70,-60
35,-20,-7,-150,-20,53,69,-138,-127,51,7,34,68,-65,-68,125,-81,13,-61,77,18,74,56,-74,-90,14,112,104,48,131,-74,-19,-82,22,-75,-188,-42,-28,-90,-64,178,-16,25,80,100,-32,49,-82,-90,181,-33,-23,-12,-66,87,-29,-28,-8,40,1,90,249,35,9,-45,29,-4,-113,-107,-78,-90,-54,-53,30,15,-16,-168,-168,37,175,-34,35,-80,-51,36,106,-61,-41,60,10,50,-33,-29,3,107,74,-62,-20,89,111,64,9,-30,-181,-146,-120,59,-66,-20,60,71,77,-189,8,-63,-21,170,-20,65,226,101,244,-57,145,92,83,-61,-86,75,139,117,24,-114,140,-129,-47,-20,93,108,-52,-77,-7,-50,23,106
17,50,-35,-7,30,-3,-7,50,142,54,-55,18,73,170,138,150,147,-14,46,101,21,132,21,-3,1,187,179,-10,73,-34,63,34,6,63,-41,43,-132,158,94,32,163,-14,-91,159,-100,126,7,-37,-73,89,-40,-132,25,-64,-76,29,-53,267,-12,312,47,-66,17,143,83,92,49,200,61,-14,22,1,26,78,-43,53,81,-79,104,-87,-10,-57,79,-85,-31,78,83,-43,69,51,-103,117,-7,4,108,99,-19,4,-154,28,60,-43,101,94,-93,-6,149,163,-53,143,46,20,-111,110,116,11,28,167,44,70,146,-77,-28,65,-42,4,77,95,89,-52,-43,37,95,-99,23,113,48,349,-49,50,127,21,38,42,-81
-169,7,103,-113,-57,-34,-68,256,120,-20,-214,-4,100,124,70,10,-90,130,73,24,94,46,139,9,29,-16,211,-51,-1,-48,232,-15,36,54,-72,69,22,-190,122,112,74,62,29,162,145,279,-33,-28,98,103,-113,-24,96,-41,-32,106,181,291,59,67,-93,-49,163,-11,16,132,48,154,95,-33,-56,37,162,25,-124,9,15,151,149,-81,92,137,39,63,6,23,-58,88,-94,-73,23,193,-65,246,-61,75,48,138,140,-49,67,52,145,92,-69,73,43,198,-4,38,-56,167,-46,9,130,125,28,9,54,-131,-14,-113,13,162,-32,-2,157,86,46,-21,172,60,-100,57,24,121,79,-157,74,-133,87,201,321,-112,-46
-137,171,-9,-170,-3,113,12,111,-23,98,6,-31,226,-1,98,-50,32,148,104,82,138,226,129,50,70,39,59,63,36,-44,48,54,-19,25,9,135,140,-129,143,95,304,130,147,172,166,157,-93,128,75,-48,0,-105,195,115,23,250,50,-98,129,115,-27,24,77,128,19,238,-14,-42,189,1,-135,179,72,-14,-207,59,85,-21,-34,110,185,173,32,-151,170,-5,56,102,239,-229,128,127,104,156,5,-1,94,-90,29,51,-31,44,124,135,41,-68,-17,114,139,24,158,61,64,74,41,70,-35,53,229,-124,21,-42,-19,83,96,-71,252,-63,-14,68,154,-96,23,84,-93,161,47,12,143,-152,27,101,50,100,-42
112,11,13,50,21,41,25,125,-125,-66,92,111,-43,22,29,-150,133,93,104,4,257,97,228,89,-26,-206,-112,-14,146,-205,101,25,49,-74,5,157,25,28,175,-67,73,-11,-49,56,156,156,112,116,58,-60,60,91,37,22,-7,85,108,104,-76,44,17,-48,-109,-61,241,108,177,60,163,161,109,30,38,26,-72,-33,-53,-48,46,-130,19,10,40,84,67,-71,12,7,-53,227,17,28,100,-95,-166,18,-111,-4,157,-84,7,268,-18,-45,-135,185,38,-79,194,144,-99,4,117,0,-139,-44,151,-100,125,43,77,53,160,45,85,0,159,-67,-2,-7,-28,56,116,19,25,163,-18,-46,80,-47,47,62,82,-43,122
68,47,11,105,135,1,-221,-20,-28,-82,30,95,-83,31,10,38,158,18,111,13,93,166,5,56,-20,120,-13,41,-15,-118,72,195,113,87,60,-64,101,72,3,-55,3,75,95,22,37,-46,147,-160,7,106,63,-16,7,-6,-54,-33,53,103,268,71,-10,-120,98,-89,26,-49,126,58,3,-68,182,191,5,2,-52,39,65,55,-30,85,124,41,204,7,1,-44,182,-14,2,0,45,-55,116,113,-64,-4,-171,-25,-55,-19,34,25,98,11,113,87,62,44,177,189,13,31,50,-64,94,-32,-198,-38,164,-69,-112,-119,70,78,1,-29,114,-54,118,-69,82,-75,42,84,43,-71,14,7,-120,-231,-165,40,73,42,51
261,-14,161,79,-4,337,178,39,63,-44,-38,66,-147,3,98,96,42,102,243,-151,-39,235,49,102,-90,-37,199,28,76,23,31,237,265,81,221,-151,-15,154,87,-56,-46,130,-65,-82,-9,-29,123,-105,35,143,91,190,259,-30,40,-67,-21,42,31,-6,75,224,-129,-62,140,-163,207,49,7,150,-133,-3,-33,-124,150,252,113,-123,107,-38,-22,210,82,-46,97,85,23,28,-105,151,24,-87,-90,-26,53,-158,114,-27,113,68,15,143,238,32,221,15,-50,11,109,-95,-5,26,-213,175,105,-144,134,148,237,143,66,92,102,-18,65,-32,8,79,153,138,1,289,147,-94,100,71,-167,-15,-21,24,62,87,45,-50,161
-20,75,113,239,-37,-11,79,40,93,52,-94,-59,-31,-68,-24,17,-183,-128,-101,140,128,148,-34,-220,-165,-64,-15,22,93,-53,155,6,-39,81,100,-60,103,-104,71,0,28,4,-37,33,-8,233,127,-77,-105,88,-63,-32,102,-23,85,83,59,-22,270,265,53,34,119,176,-94,183,245,83,-206,-223,-12,67,181,43,-63,267,137,18,71,8,103,158,82,34,21,-59,-271,256,14,-108,8,32,150,-31,-59,-80,29,-109,-67,93,-64,9,-63,0,-187,39,119,194,-14,-176,96,3,21,-62,-89,-39,59,0,81,43,12,-58,49,165,261,-54,-41,-21,12,-91,-24,26,22,-167,-193,72,260,-61,40,-195,158,206,171,167,143
-44,-125,-40,-15,-39,203,1,106,178,84,214,-37,-64,85,83,77,127,78,277,81,-141,153,171,31,263,19,113,254,4,54,27,-119,-8,49,243,135,41,226,19,-119,93,-144,10,126,119,150,103,168,-1,-46,259,139,13,70,-68,226,300,-116,80,173,40,-188,-40,37,155,245,-38,226,202,-133,327,150,212,43,-18,217,181,114,-8,-3,0,178,-5,47,255,107,22,-82,-36,29,23,27,-22,235,75,241,-19,180,-18,7,-86,65,-18,73,62,284,-59,162,-31,156,-12,-53,51,229,-30,9,141,-109,266,91,73,74,1,-116,73,15,101,-149,158,13,-70,-101,49,165,122,132,244,-27,151,105,127,37,-17,59,101
224,203,10,125,0,136,-40,-172,15,-16,104,150,-2,-29,45,82,171,106,3,117,12,83,46,26,217,62,115,24,84,-33,14,101,-51,99,72,55,29,-117,43,48,-9,41,35,14,-65,-55,148,-67,29,15,15,36,-48,29,-38,105,-184,121,-26,176,-231,44,17,65,29,-56,31,166,159,45,-178,-177,146,-117,375,89,130,-130,112,25,91,-9,9,63,141,85,83,141,88,93,58,-6,38,-222,-68,98,78,-55,-118,116,150,-16,-7,-74,-73,-41,-50,-27,234,24,-55,190,-19,-93,310,-179,-15,-174,105,84,-64,-53,-98,147,55,56,243,-6,18,-25,-92,98,79,21,48,10,89,151,28,-107,-37,7,-4,164,110
25,13,-3,11,-10,39,-27,50,25,25,154,-33,15,74,213,-77,22,1,40,-161,84,-60,276,-42,-53,-72,27,163,8,-169,-72,165,9,-125,197,-95,133,-138,225,193,-42,28,110,67,8,43,127,96,76,96,129,-184,-100,-23,8,20,-6,34,151,40,26,143,119,119,42,143,58,171,19,-113,78,189,18,-23,105,149,31,116,-5,-66,-33,18,157,51,142,29,-63,102,88,-30,57,67,-113,-43,25,12,192,-91,54,-49,98,43,-19,32,-6,55,21,176,84,-80,-64,-211,-71,-57,136,4,62,-12,99,70,-22,189,192,54,-38,-162,-275,-25,-143,128,-12,-16,9,65,-165,61,159,-70,6,-13,-25,-5,0,96,140
65,138,71,21,173,187,92,-16,47,261,157,-135,153,138,-57,81,-85,-56,80,121,168,73,-77,-40,184,119,60,104,68,-85,30,85,187,113,-67,-11,-83,48,14,108,156,239,128,123,-60,170,236,150,168,-59,175,32,-46,3,12,-211,198,158,-13,-103,89,69,-30,199,17,-118,-82,-33,105,183,163,-43,319,-16,-73,-161,-83,317,129,56,10,27,-95,77,-57,4,95,20,0,77,3,170,52,62,36,67,1,-28,236,-19,-67,34,-108,-202,56,32,396,116,10,66,112,30,-68,113,-103,89,150,200,124,44,146,135,-191,-62,162,-133,-12,-16,310,-90,39,-183,33,-7,83,212,205,158,23,-152,38,-90,-18,173,279
46,72,-37,-167,201,98,-97,21,114,125,160,-7,160,18,183,79,145,44,87,152,-40,98,69,109,15,-100,24,-39,-29,54,-98,-79,45,162,30,77,86,127,101,147,126,46,172,-53,112,220,-107,-46,50,37,-158,-11,150,129,99,24,-42,179,-173,-82,108,-52,-99,203,-19,-53,-74,24,154,127,-11,167,-52,48,-15,-25,30,-19,-23,-78,-48,49,165,-19,164,-11,95,-35,-14,-181,-148,87,65,95,20,-45,18,11,129,99,63,77,55,6,43,-96,-86,-75,84,160,62,63,-188,139,33,-89,57,121,70,150,163,80,-25,-58,16,-13,147,-162,40,77,1,-49,58,176,-72,-60,133,202,-44,-175,-80,122,-24,32,126
83,113,-43,-204,40,146,118,-20,-111,117,50,12,24,137,-144,-10,-23,15,65,-25,41,56,236,134,81,-149,12,1,-4,-8,10,63,310,4,8,-1,-44,-66,128,119,-28,157,142,160,123,-106,189,35,-9,157,187,-44,-118,21,149,-48,128,95,158,30,123,171,72,-90,4,-84,25,-125,153,47,-18,39,163,-12,45,-127,24,-40,86,-19,-21,-28,61,236,-10,370,34,70,-69,222,15,26,47,-40,15,32,13,37,239,-20,22,37,-19,-45,24,-26,272,102,-90,-77,-11,114,-91,-12,-47,82,168,-132,221,49,91,46,-32,7,133,-63,3,-165,94,121,71,32,50,97,74,224,89,186,117,136,-27,-91,92,-33,191
58,192,90,-198,140,73,32,-163,31,30,157,-151,180,-102,-201,92,35,-65,-202,81,-33,-51,10,9,20,-156,135,-27,60,74,26,217,78,87,-15,-38,59,46,20,88,16,116,106,162,36,122,64,-101,145,-124,198,-7,92,26,70,-87,21,111,103,-143,-56,-20,85,238,63,-209,66,-148,156,-58,17,0,-76,12,14,-39,110,-64,164,135,-45,-70,101,-46,26,-56,18,69,-48,1,186,-97,175,139,49,-45,-125,-126,207,-10,-121,59,-76,84,89,112,262,90,-41,-88,51,-56,-132,-146,170,9,78,-91,8,38,104,44,-21,135,131,110,-115,139,-9,-13,-19,78,28,-130,-65,124,-121,231,111,-11,28,27,75,137,17
128,-1,16,-168,-36,-36,-102,-49,-66,58,286,-144,113,-90,67,-20,59,86,4,-2,176,121,74,-76,-56,8,81,242,194,-75,177,142,91,146,-33,-28,-234,62,-33,-27,204,185,-3,-96,178,56,231,-26,79,171,-144,-109,-64,32,82,-57,179,164,-80,229,41,115,178,-212,43,16,114,153,-115,-31,-77,102,123,26,248,-24,81,-9,69,-90,20,122,-78,-38,-113,-135,-49,44,38,67,-67,-22,-52,127,162,112,32,108,23,141,97,13,-163,66,-59,-180,-67,-98,-108,68,-77,5,-145,-6,124,-140,61,32,193,24,24,142,-21,-82,-140,39,-58,8,87,100,85,32,42,127,-137,-76,152,338,169,16,-64,230,-39,120,-74
154,44,44,-12,81,-41,-49,43,14,209,207,12,-64,147,21,74,-25,-44,83,-204,40,-34,83,9,15,-13,-8,-256,-50,-83,-32,-25,-35,30,111,-88,90,151,154,4,190,277,29,74,55,-72,43,-21,197,16,150,55,-340,-108,77,-106,3,-54,-58,182,-88,-42,50,82,-51,-166,-40,23,49,-58,4,-63,146,-16,87,-192,41,227,150,-39,19,-53,-12,180,1,15,10,-46,24,91,-103,-97,-24,218,23,321,-253,-57,118,36,-17,51,-187,-61,37,40,-11,-32,-26,112,-23,-55,-97,-32,31,-158,-73,77,-99,-80,36,-66,36,124,-2,19,-79,-71,140,64,-50,-8,56,-24,34,-115,82,43,-23,59,48,-24,29,125,-9
148,137,162,44,43,211,100,-95,-95,47,60,133,155,-42,91,40,88,34,117,3,111,-36,135,101,98,31,-108,255,12,39,80,-29,183,134,103,227,101,95,105,-19,121,94,132,121,-5,171,298,-31,30,76,-139,19,-5,202,-78,311,136,-17,190,173,-37,-43,0,81,167,243,158,23,134,-143,118,21,236,109,115,150,217,29,89,215,31,38,124,339,286,209,109,113,232,46,116,173,12,56,224,3,-64,247,167,-73,-97,161,10,199,23,173,13,141,-7,28,58,0,34,39,-4,20,-2,-26,94,21,172,235,-34,286,-57,71,-28,-23,88,40,110,297,51,49,-143,239,-41,71,155,-29,-149,112,64,7,115
-31,-80,-155,86,123,-172,25,23,79,-36,-74,25,25,-157,-131,-11,29,87,82,132,-5,66,-48,104,-128,-35,6,-32,196,-8,131,169,3,35,173,41,86,74,-194,-68,24,9,-38,64,87,34,234,51,-84,71,57,-39,-32,148,-12,-16,30,183,85,86,311,86,42,8,7,-17,65,26,-86,137,-51,154,54,-159,90,196,115,-42,49,44,117,129,10,-210,-78,51,67,-94,-172,-39,-48,73,183,-94,-41,17,72,-193,-12,72,31,160,-113,-74,147,-122,141,18,133,86,-25,22,-117,42,-78,-23,-137,-54,120,-133,-20,3,31,-43,138,-99,-82,-74,18,131,-110,-100,181,-83,-15,74,139,80,25,-39,131,68,-26,-65,-114
99,127,182,-4,12,125,-23,57,113,194,134,-111,124,-58,-159,109,89,-210,-23,-59,-26,-214,57,82,-23,93,-164,37,-31,111,84,8,54,-5,77,-54,79,120,-103,-130,-22,20,211,-71,26,217,30,-48,-4,-58,-88,53,206,66,-141,119,45,122,105,110,-42,-19,22,89,15,89,-8,16,76,-160,29,68,8,27,-1,39,6,63,20,60,-75,217,-126,-51,-71,32,-56,66,-7,-92,124,45,70,148,36,-117,-122,93,-133,157,-86,31,21,96,208,171,-60,-20,48,-112,219,-47,157,-3,47,92,78,40,112,70,86,156,-67,211,51,9,117,39,286,14,99,-14,113,59,-76,139,-39,96,165,-115,56,167,14,-50,295
107,-5,-129,-73,44,-124,35,73,87,152,-67,-5,70,-9,82,60,112,29,263,143,171,137,12,175,-73,23,164,-16,72,126,57,136,-7,143,47,79,1,-33,38,49,78,181,18,2,21,-23,281,276,-67,-41,101,-92,169,-9,286,212,16,100,19,94,8,110,84,66,242,123,-15,80,169,-16,135,180,63,134,-4,3,-72,65,49,95,226,201,41,62,-82,46,90,36,216,31,199,160,66,42,2,200,13,-39,-5,61,-41,91,227,215,34,157,196,123,6,111,-3,232,17,81,-83,82,-99,148,96,-91,122,-104,-14,-76,133,-19,116,-21,42,28,24,40,55,142,35,228,103,88,58,-98,107,-59,161,119,-39
0,45,79,144,93,-202,-18,-19,75,24,-160,22,-35,80,-136,-5,-39,-68,67,-177,-179,-52,-74,146,16,78,61,-139,41,-176,22,-195,38,60,-91,134,39,187,1,-17,-230,158,-58,-112,-240,-45,-50,108,39,16,74,61,-33,-23,-17,55,-120,-51,49,-22,-89,-129,-47,-53,212,2,33,-123,139,-138,-12,44,-68,245,12,137,80,76,77,-62,104,-18,-47,-16,38,-14,-60,-34,-72,141,91,-81,79,-209,-107,66,-45,-53,30,-153,-14,161,157,81,124,23,-116,6,-2,-78,-25,152,121,-182,1,-54,-16,126,14,-40,79,-26,117,-16,-67,217,15,21,-16,-107,-17,8,68,112,218,-34,-331,-119,-75,-92,23,-2,54,94,-114
85,-44,182,112,-66,129,-66,144,224,92,35,-23,132,29,218,81,-181,-24,-49,160,78,222,75,46,165,-69,121,-71,131,-55,84,250,130,105,42,60,-82,-70,-83,-94,64,5,17,-135,-1,43,-6,-177,64,-111,42,69,71,-85,-31,88,29,266,-1,55,-71,-109,149,92,-77,24,52,113,99,124,-70,61,126,12,102,-112,67,157,100,-39,168,52,-118,188,-38,-138,16,189,82,105,76,183,82,-187,-72,97,140,85,128,141,51,231,190,-103,-56,-6,112,21,-30,27,65,332,93,5,194,-146,170,-15,17,84,145,-226,135,96,-55,95,112,-2,64,-43,75,36,15,-9,270,-20,138,68,-104,-213,172,125,35,-38,43
-144,48,27,150,-81,-26,48,3,-7,-85,-46,-39,36,-38,-227,142,141,-115,83,58,-35,8,57,26,-86,119,-21,93,193,-42,79,-104,21,78,54,-66,-53,232,-20,53,26,85,287,-127,62,169,-27,25,17,-18,-6,-18,247,124,-20,216,28,-48,98,187,74,186,95,-95,124,140,36,-76,167,3,-34,195,65,-33,-76,-97,27,67,67,132,103,52,224,11,-91,52,-94,-106,176,-81,135,-7,75,67,67,62,-118,-12,-160,-45,20,144,37,27,39,25,-108,258,175,-37,-99,78,212,-68,-118,96,167,8,-25,37,-14,87,126,-7,148,-51,-158,39,70,23,33,92,70,78,-77,195,49,-9,16,-15,59,44,-11,-23,-28
60,133,146,194,-99,23,85,134,140,-15,-68,67,-28,98,13,-58,148,98,2,-49,26,-82,50,-34,160,-45,89,93,-230,-67,135,-14,2,185,69,237,57,-188,84,115,-156,161,-73,194,108,95,128,70,-63,-43,77,-20,-37,118,55,18,164,173,3,59,-43,-128,133,128,84,-79,34,12,45,-3,46,-33,8,101,10,83,128,50,-109,138,104,8,76,-16,131,52,-142,76,154,-26,-23,-42,103,-2,47,34,11,-60,-22,182,-23,-59,-33,51,46,106,-27,134,-2,-119,3,125,61,83,-108,-118,42,-101,24,143,-105,-83,13,-51,-54,-40,43,45,-44,-142,-27,24,99,140,63,35,138,55,-83,-145,-58,7,-128,-143,1
77,37,-33,31,86,-19,-92,-91,70,53,-19,-12,147,47,39,141,-96,16,64,-120,120,-325,11,-116,20,35,121,-113,-203,-90,217,-103,81,52,-95,-171,89,-69,57,74,78,165,45,93,95,-56,-52,-169,140,166,-69,-41,27,-222,79,-149,-86,-56,92,20,-8,-89,-44,62,-92,-97,46,-175,43,-20,-278,3,-47,-53,99,-137,-84,6,54,1,56,48,86,200,-104,42,19,-52,-52,-22,-53,41,140,118,-30,-110,-52,-148,142,-13,-65,6,97,-192,37,11,163,6,79,-117,22,91,-127,-94,115,43,35,244,85,-2,197,-263,-58,6,117,16,-101,-2,-57,152,161,133,-122,112,-59,-21,100,209,-35,-115,62,-159,204,158,259
-95,-11,228,104,-94,-60,28,-33,51,1,23,33,83,55,75,-7,-72,42,-87,172,100,-3,67,-48,96,149,0,4,47,38,-11,61,55,-87,-18,-23,177,-55,-131,207,-159,46,-179,133,-185,118,91,101,86,142,108,-31,-31,-17,30,-185,19,1,-41,-135,46,-114,51,68,-35,49,-190,-129,142,66,39,8,-30,192,25,-121,-292,158,-156,197,-12,51,-149,132,101,246,-111,31,-15,-1,34,10,17,-58,12,-40,88,-57,46,275,-35,190,-194,-27,31,125,110,36,-116,12,108,-27,85,-209,-91,54,121,104,49,113,99,-31,112,138,-45,104,39,-100,-8,82,-211,91,-14,-30,8,119,-12,15,6,-4,81,-145,-38,51,117
-46,-71,-44,32,111,-181,-81,71,-82,-26,143,-5,109,55,84,-87,-144,35,237,156,212,16,-114,50,160,102,233,239,-26,1,75,-142,-14,175,55,163,132,96,-28,-21,108,29,36,-25,-35,168,-53,51,52,26,-119,104,276,30,13,275,120,49,-80,83,-19,-117,-32,57,84,-15,10,-68,75,-4,-44,39,7,179,-73,-206,148,-20,87,115,-14,194,43,-14,102,42,-11,-196,194,-141,74,87,-1,71,91,-34,5,85,26,-232,-13,41,130,-4,-107,164,-114,-49,101,195,-62,164,80,-44,-154,54,42,50,-43,-19,66,-69,-51,-95,107,-111,128,-80,-68,51,23,62,-212,183,-102,13,106,-154,-183,-49,47,-34,-40,105,121
133,28,-26,-60,180,76,15,77,70,-36,55,-103,71,-122,51,162,17,-18,-75,73,-100,-37,89,135,-52,-2,38,60,182,164,-130,94,216,-14,36,21,-84,-9,-80,-69,-211,83,-27,-26,-95,50,98,-135,-29,14,-93,-10,55,191,58,31,66,31,93,38,-17,-1,-104,-21,16,-65,137,-86,323,-38,-70,62,107,120,110,48,28,100,78,-3,-146,105,-42,58,63,46,79,-150,53,147,97,-56,-90,14,-16,-171,-139,41,-40,-92,-61,117,49,2,131,136,292,41,-1,13,0,-22,-124,5,68,-25,106,122,158,-7,-20,155,-86,23,-48,116,-47,154,274,100,-60,34,100,-21,-2,2,-4,283,-11,95,25,102,132,42,69
-68,-47,-3,88,-50,-44,-68,169,89,119,-37,177,166,-30,51,7,-138,148,72,160,91,332,14,1,-23,-182,125,120,208,-42,202,146,-52,123,99,83,-77,88,1,87,80,66,82,49,155,63,-11,64,21,140,49,-44,304,58,-9,113,42,172,62,-5,2,18,154,-116,140,-40,140,-166,135,111,-205,93,63,-8,304,78,158,273,57,174,194,98,96,110,132,170,-55,-98,173,87,222,48,274,-114,22,36,183,53,-3,96,75,183,-199,58,-141,-123,79,107,127,3,24,310,113,27,17,-8,191,84,81,189,14,-112,-11,102,243,75,255,-16,121,183,20,-155,163,115,-120,10,199,-27,137,5,-25,96,-46,66,16
104,8,-39,186,82,-55,130,-69,122,70,-137,-207,121,13,325,73,64,123,232,106,-39,133,87,112,122,119,129,148,-9,-11,102,13,99,135,114,121,9,16,24,130,315,331,-138,215,233,194,-5,133,105,101,-56,22,25,40,-201,241,-25,55,34,71,181,32,11,125,134,178,94,145,295,-76,104,4,84,120,-119,179,148,181,-28,169,55,-50,154,-39,106,-112,45,92,-15,-5,116,80,188,110,161,2,-18,-194,5,25,-215,12,169,7,283,18,173,9,-5,70,-54,65,-37,105,15,40,12,264,83,56,1,-54,-67,-49,88,-93,103,137,40,-59,74,-130,9,75,37,145,60,253,-197,-86,92,159,-65,60,186
33,-5,-10,-104,-130,-11,36,132,-71,11,188,6,189,55,247,30,112,87,104,-14,130,-40,217,-121,50,-41,-94,23,-1,-138,47,-82,145,34,118,35,-83,-37,216,-102,9,105,25,236,49,198,149,73,-120,42,11,6,75,144,95,209,42,25,112,262,-70,39,68,135,-33,202,64,105,30,-19,-74,24,147,176,-38,125,205,-31,125,24,106,-5,-38,71,337,131,109,-2,87,94,48,-76,-127,165,-22,-26,-4,138,-139,-83,-294,307,162,130,-39,166,-107,8,86,4,80,-131,-100,-23,-56,32,52,-87,226,-79,31,-11,-9,78,21,-78,12,-51,81,86,-5,92,-44,-148,-138,203,1,188,0,-135,18,127,182,151,60
7,14,163,-12,97,159,213,182,276,119,-16,-61,-1,-41,142,107,110,249,55,-21,9,-19,38,61,22,80,19,-63,-6,-32,113,214,74,106,53,0,133,97,186,22,28,98,-8,68,173,99,184,266,258,71,1,-122,-10,-101,-52,73,-23,-25,-113,143,198,2,23,-133,-165,32,-10,140,88,-10,-79,114,39,-85,141,66,84,-99,80,-198,-84,-34,53,-87,8,-16,-42,178,-17,-21,-33,30,16,65,35,-57,101,1,56,64,-9,44,111,-29,86,83,208,158,-98,-151,75,-28,82,-34,82,85,77,47,197,81,-93,-15,88,-1,104,-186,52,69,87,-89,15,186,6,-40,-77,31,70,67,118,109,92,118,-173,-45,87
-141,-141,-6,85,-7,63,59,-76,210,-120,78,18,0,-33,136,5,35,153,141,64,-17,146,198,74,-107,-19,152,1,18,49,28,23,-99,-61,125,-30,64,5,-63,-144,-5,-44,-60,60,22,44,101,198,167,160,15,83,144,-185,-45,141,3,-95,-48,144,-3,86,-57,266,-47,116,101,-2,45,-270,5,145,-90,-128,-28,268,-10,-45,-167,138,-14,-12,-68,-62,108,101,96,-61,-18,17,90,107,-107,57,2,77,46,33,-81,43,-4,161,182,67,106,-7,-212,86,-3,141,11,21,183,99,-12,-28,-18,19,62,114,176,53,207,122,-94,-91,-5,102,18,114,3,97,-131,52,128,-23,-42,-50,72,299,56,31,-104,164,-105
-34,130,88,251,-45,224,65,135,209,-41,51,-20,99,-19,141,19,76,42,26,-10,-38,127,180,40,32,-42,-14,37,158,109,-59,248,-30,188,209,163,53,186,102,-6,57,35,-153,179,115,117,-47,102,59,99,-72,-13,48,30,-90,260,38,-6,197,3,101,-83,114,19,103,70,107,101,46,-5,-27,114,280,-5,109,343,208,66,-30,-35,250,201,173,141,152,59,9,217,77,148,186,44,-182,1,-79,60,110,147,22,80,123,248,102,106,-4,71,102,219,118,-31,-26,130,39,94,236,-24,149,-40,99,-10,60,-12,25,100,-20,-78,134,128,88,8,167,82,-4,-147,19,97,39,-49,159,31,-39,264,-67,23,97
12,8,6,203,131,50,-107,2,93,154,178,49,-21,-107,224,-24,152,43,62,134,-74,193,28,121,-71,93,15,43,90,-60,-240,-29,-121,71,30,-57,-9,105,57,154,216,50,-74,127,62,38,-73,5,129,108,28,-2,180,-187,-69,158,-10,-109,-23,344,161,131,-26,83,124,50,212,-14,139,-49,-32,122,-63,88,72,41,-43,135,38,-127,204,30,173,158,-2,26,0,-103,23,56,70,-62,98,-107,320,128,-138,-85,-56,-63,9,93,66,-114,5,79,175,-67,-19,107,34,-37,78,-44,-12,2,-3,-29,-78,101,39,51,132,191,160,199,-37,1,184,-70,-13,109,38,-23,-65,-58,183,96,32,185,121,123,-38,57,48
28,-84,-50,78,-197,134,124,-114,10,74,-120,22,3,130,-74,15,-117,46,52,-3,-161,180,-31,53,-55,-139,133,33,112,-30,74,-85,-7,25,69,189,-169,60,-51,191,0,-47,-79,55,0,-159,-50,-15,31,99,160,24,213,53,22,-80,-86,-47,77,-148,-44,145,-33,166,147,-27,8,37,126,44,0,-78,157,-22,45,3,-77,135,-83,-93,191,-3,-69,138,46,12,5,54,38,356,214,-81,-80,-273,24,87,8,-20,128,207,19,-29,54,113,134,-48,-58,-9,-79,65,-8,95,27,16,37,-210,150,14,56,-6,184,27,-28,101,18,29,-161,-35,14,187,53,127,-189,50,167,14,-129,37,-22,-40,72,-81,-48,208,2
-16,5,36,112,-13,110,26,5,24,235,64,-7,12,81,134,-201,-7,-37,234,94,40,-41,117,141,-158,-62,-64,76,146,54,29,7,31,14,112,-8,9,7,-36,-40,-43,-21,151,214,25,65,187,69,87,54,3,100,-39,-24,-24,70,145,-36,-42,7,109,-44,-22,77,134,-36,-61,-37,38,46,101,263,-57,-4,-78,172,160,11,-89,252,-16,28,135,129,54,42,19,96,171,-2,288,-61,113,39,95,21,153,106,49,12,55,229,108,179,-133,259,-47,97,110,9,28,73,93,-34,-49,118,312,92,38,151,171,-6,66,77,112,13,-129,137,-50,-65,10,90,105,40,67,-3,14,-97,171,176,63,63,-132,-70,106
-29,94,127,36,-67,-93,59,26,107,97,61,-49,-78,205,87,144,163,-137,73,152,109,198,121,86,-39,-35,73,40,152,-72,77,50,-5,88,93,-80,82,92,184,22,197,8,-187,108,-3,90,-38,194,-81,111,191,55,-40,-151,97,73,-9,61,-41,191,-13,13,26,79,206,363,-76,127,137,-119,13,179,13,178,-154,180,69,47,-47,224,-157,64,17,-68,220,53,38,108,-18,-120,71,208,92,24,-11,55,16,184,-36,119,-78,-39,56,254,119,19,79,190,-16,72,27,137,-70,-42,79,-126,53,258,0,78,-12,118,181,32,76,-47,78,79,41,151,75,21,143,6,4,95,78,63,-100,-57,62,21,-57,312,161
-106,14,65,229,-100,50,35,-5,62,46,151,-138,48,-30,71,16,-125,-135,-77,68,5,-25,-5,-6,165,-34,-18,96,99,-1,42,142,-60,140,-37,-125,-64,85,-8,-126,49,59,48,-9,172,111,-129,69,-20,45,-118,106,115,87,15,201,43,-18,-35,-11,-54,-93,36,-39,23,-70,-3,2,152,168,34,108,114,56,-41,91,-15,-2,64,193,-59,137,11,98,138,30,-50,88,30,-92,104,159,-3,87,-20,-124,15,49,36,119,-121,11,-15,96,130,207,8,-23,-69,118,-40,-133,28,8,-25,6,170,-32,-55,154,-73,142,23,-70,50,-3,103,27,-49,111,-2,79,124,134,-115,140,168,62,-18,10,23,28,-28,67,223
32,21,41,92,92,144,14,67,44,126,-55,-78,-32,-92,33,-138,-27,72,126,131,50,157,-39,89,-90,11,-99,-119,29,-46,23,94,66,169,63,145,256,15,55,-42,-139,193,-91,-13,10,17,120,60,13,41,33,215,-3,130,74,0,-48,3,141,-121,31,51,-9,-20,-8,-223,62,150,124,41,-1,41,225,30,-111,272,38,164,10,147,48,22,20,67,104,-98,93,149,-47,135,-3,173,21,-96,-5,-11,-93,-22,-37,107,203,104,65,143,83,134,81,-26,52,29,73,219,17,15,-32,-122,-29,-38,-34,17,-15,9,-19,173,136,-82,35,50,69,-141,-61,-83,-82,-3,144,74,22,-99,-59,-67,-8,182,36,10,117
164,-195,42,-67,153,113,-122,-26,45,114,-11,-19,-101,-59,78,-86,-58,60,145,101,-68,65,-237,-63,-70,67,-13,-6,-43,65,3,36,41,-39,-8,-41,63,54,-34,119,13,72,-44,10,23,-176,172,-38,110,5,49,87,-6,-80,56,-92,40,55,83,-130,28,92,-11,-90,52,173,137,16,-143,22,-15,-44,-83,155,13,12,109,-49,1,-92,245,0,50,-24,-191,-115,-119,-92,-168,-20,-155,-234,105,-83,-45,-53,97,-61,7,-13,110,-104,55,-81,29,-41,-48,-190,21,-73,-43,122,-114,51,34,53,-72,206,-135,-11,8,-144,-15,56,-42,50,43,56,48,-180,-72,36,-16,-35,-164,-240,167,-19,89,-9,37,-125,-16,163,-10
-133,-106,-80,-66,-41,-167,51,-158,57,-143,-123,51,67,198,-169,91,-53,10,19,40,-95,-140,-79,-154,-94,11,269,-55,82,-32,181,61,5,-29,17,104,-77,91,-26,22,-153,-19,-104,106,-25,10,20,332,20,0,72,56,115,-40,143,-281,-135,189,96,-211,-80,-37,-12,31,153,-95,-10,-128,-1,52,-43,71,75,-8,-37,-55,-109,-69,149,-93,-38,-140,-82,54,115,-109,-215,-32,-178,129,24,-32,194,-274,23,-87,-50,-158,-64,181,159,-7,9,-29,-103,-137,-11,-48,110,15,-71,141,37,-31,-108,58,220,141,55,11,26,3,-112,-120,-40,-55,-171,140,-122,47,5,-133,-111,-106,35,113,-194,-69,-141,-57,-8,-195,-217,-58,17
96,58,28,90,-156,110,35,118,1,-168,205,8,-77,149,152,5,148,-144,20,49,18,267,92,-105,23,16,-47,-155,184,-14,-132,-162,-80,-27,271,-235,-65,62,-183,-79,127,56,98,133,68,33,284,-139,37,99,-115,-144,163,-115,7,105,32,-73,21,-4,139,121,-35,60,12,105,-41,204,-51,146,310,223,-57,167,-17,230,64,-24,-83,126,192,171,38,3,101,-20,-28,-62,65,107,-33,-94,-86,-2,-93,150,-57,234,-129,87,-115,142,-37,66,7,-121,-129,66,94,-69,28,-109,124,130,-44,24,104,48,52,137,227,-59,-67,48,-147,193,71,-135,-9,-64,-41,165,83,28,76,-139,98,90,-76,138,86,114,-13,62,80
159,-39,-20,0,-5,-6,119,106,238,74,101,-53,-172,3,20,30,160,-124,25,-3,-144,-65,66,95,78,130,222,8,125,42,-21,-85,122,49,-8,35,39,-63,-25,-21,28,130,-41,-26,-58,106,170,136,-37,56,163,32,-16,64,-58,42,-22,130,38,-178,92,-75,-40,-5,260,-82,-39,100,-33,-60,182,101,-104,74,11,-19,-151,80,133,185,237,-76,94,-17,-38,-15,86,-2,-18,61,15,-13,38,-24,-21,-43,-97,-107,81,64,138,173,-15,-71,-53,43,98,-9,104,-23,-59,-64,74,17,102,-5,72,202,-37,109,-24,225,245,-37,63,89,-126,92,19,18,-2,6,57,124,48,150,-135,-48,63,-145,87,68,-59,10,112
10,72,-21,106,-138,-8,-6,-85,-40,-8,43,-25,1,-65,-107,-66,30,-6,-190,-28,-17,51,55,-166,49,116,120,79,29,-10,-221,-122,-179,-37,38,-102,14,50,-116,151,-14,-60,53,221,131,-81,-52,-32,-122,-55,111,211,39,-44,121,71,-110,-225,44,13,46,44,78,26,-8,5,-3,-82,-13,218,20,14,46,7,-15,27,28,21,243,143,-24,-56,30,70,126,40,81,-20,121,-44,90,70,-1,-43,-94,23,92,149,-116,-10,-37,95,-18,21,134,19,-197,214,133,77,-76,-2,-27,47,-6,-47,64,-103,-46,-27,16,-26,42,33,68,60,50,-31,-89,93,-68,-49,-50,-74,15,30,61,8,-31,163,-29,-136,131,174,-158
37,142,166,166,-2,54,-229,305,-59,39,22,-192,61,111,15,-145,-5,4,6,-171,61,15,121,21,107,98,-31,-35,-34,105,194,231,194,253,78,17,136,11,149,-183,-6,104,96,9,77,98,187,117,-41,57,-196,53,227,-47,-78,201,111,232,156,122,-20,24,171,-46,-39,119,-5,81,-22,-33,85,227,75,-27,67,116,216,83,164,-102,81,-49,51,-19,233,-166,-22,184,260,-6,48,23,-140,67,58,116,57,138,45,83,-28,48,267,418,77,63,33,57,95,-40,227,-25,159,235,128,-86,102,-31,234,-3,46,67,67,-52,38,-32,7,111,135,-28,43,59,59,81,119,223,108,38,-199,-15,180,243,-30,59,149
66,10,133,41,52,74,-48,-203,-60,47,208,34,-136,195,98,8,-3,37,83,47,63,118,146,-207,100,138,393,88,19,-2,-110,172,106,69,-49,8,50,44,-71,67,105,27,-8,71,72,-68,-72,-118,229,148,13,91,67,-54,-53,-30,-9,80,-61,2,125,42,50,61,170,-79,206,184,23,246,-24,-75,-45,0,34,114,95,119,-8,82,10,109,166,24,-118,-23,1,-148,-1,92,-17,179,107,81,-21,-34,216,195,65,76,-29,50,-144,57,163,-240,-92,149,135,16,22,118,40,156,101,84,25,195,-100,55,73,25,58,-64,35,34,24,-30,18,97,187,-47,-25,-8,-28,103,92,-78,31,57,-162,-42,52,119,103
-67,-54,26,15,66,176,82,27,73,24,104,-47,132,102,70,83,256,-73,26,-26,49,68,-112,132,3,130,99,107,161,-66,-90,134,71,80,104,-27,-97,143,46,-3,-8,100,24,2,-71,118,40,-55,-14,110,-5,116,22,5,109,20,-68,73,30,52,-20,-26,75,346,164,30,17,-3,280,152,94,163,50,77,118,-63,-23,-66,-44,151,-18,249,-164,107,-29,-37,86,231,-122,71,-64,83,11,13,-25,110,51,-43,69,111,-44,75,90,153,201,54,36,-21,25,-22,175,67,-8,-67,106,-114,-104,-153,26,-60,239,202,-98,-2,-17,186,54,128,-14,44,105,170,62,-132,108,138,135,313,39,-123,-52,-58,143,84,174
170,44,-49,-69,-12,123,-190,-1,-30,94,-38,114,-16,-191,9,125,-19,-82,-132,-35,-65,-5,44,147,126,-145,10,57,-10,133,48,83,-15,109,47,-35,-145,106,-85,-79,245,-130,255,-87,43,-1,144,-77,24,1,211,113,-10,-36,-6,190,-47,114,79,-100,-59,36,-21,114,-23,-50,121,48,-3,122,175,6,144,-90,340,-60,99,-60,108,-41,-6,-99,19,113,149,259,-5,-104,120,77,4,54,52,-92,137,137,67,78,125,9,-81,-67,13,47,1,136,-148,120,50,93,92,-79,36,-103,6,-54,-28,-166,141,-101,68,-5,77,115,-54,26,183,78,155,-6,-184,1,52,151,18,117,-9,76,45,67,22,29,81,-88,-39
-105,-89,-1,81,68,-69,-80,-12,-120,169,-48,50,46,23,85,-26,-3,-136,1,-87,38,170,-150,-82,99,88,-50,80,187,97,-25,33,-49,122,58,44,66,116,-4,33,55,109,28,206,94,60,-44,-51,-83,18,-5,-37,125,-2,3,97,25,129,39,-16,80,17,11,-2,130,-59,-5,62,83,147,2,12,-4,-23,-50,93,11,320,-49,-17,78,184,51,-34,9,74,107,-26,154,95,197,-109,198,-2,257,128,-47,-395,-103,162,135,-23,-49,9,-100,65,177,-98,-96,240,276,24,-63,34,-147,110,221,225,98,32,-30,-122,56,-129,118,2,109,-34,-59,82,-32,-193,-113,71,-81,-21,116,158,-103,37,125,2,-19,61,-42
12,39,163,-49,-10,142,129,31,162,72,-12,61,179,-333,77,40,17,225,92,20,-163,136,135,12,-94,98,36,74,114,112,-26,-47,-60,162,123,260,62,127,-194,-99,44,-21,28,-56,109,84,-1,247,235,210,144,117,12,-88,7,163,69,11,-74,4,121,205,14,139,167,13,223,0,174,129,-51,-29,184,41,132,237,201,53,79,36,153,106,0,-97,177,-15,140,27,185,96,-16,-1,-117,-66,-1,191,28,78,84,-43,-8,189,-67,48,-44,-60,-179,59,127,10,93,144,87,-45,-127,-116,-89,-7,143,41,179,83,56,247,96,207,-44,38,180,-72,117,87,-153,103,174,116,23,-66,214,-170,-3,146,157,-114,-107
281,75,-36,-71,116,-3,-115,-149,-81,106,18,-118,-101,131,-242,-133,42,67,120,-69,141,48,-82,-100,43,-53,-141,-164,-41,-136,56,-20,87,11,-82,4,77,21,15,-69,84,-139,80,209,166,-256,171,144,-12,-149,105,-108,-12,-58,24,44,-84,150,129,156,-12,27,-11,104,-25,-15,-64,79,170,-95,129,22,51,172,-59,23,178,48,129,27,203,-225,61,105,57,-198,217,93,25,42,-118,-87,98,172,-15,105,-78,168,-13,-25,-78,112,81,15,77,1,-133,140,27,-12,-15,19,-98,-31,23,-7,-5,-112,93,-67,43,-96,149,50,68,-34,79,-12,159,66,-23,-68,7,56,12,-94,97,83,120,-41,124,1,-61,108,68
-85,-4,97,-117,8,-42,-43,27,118,-11,156,-1,123,-100,-96,184,78,-81,-156,0,-59,-54,26,0,81,83,187,115,126,-93,54,40,-48,334,177,165,-94,-114,-9,-79,15,96,-47,-2,-49,-192,-46,62,39,32,163,-296,-43,-12,3,-161,220,143,16,4,34,-127,27,-82,98,-65,97,142,-70,175,-95,114,38,-1,220,13,165,22,120,-141,40,79,64,-35,-52,-69,44,13,-104,1,-137,112,11,-95,-41,161,109,150,76,-228,89,71,-108,-46,-96,59,120,184,-16,10,145,-9,56,-75,155,73,-30,-28,-135,-21,25,141,-87,26,-40,-68,0,104,111,65,18,-18,66,47,-30,54,62,151,95,77,-24,-103,-33,143,-12
69,173,55,42,-33,-56,-210,73,-33,140,61,54,-99,-57,-78,15,251,-91,82,-119,16,54,65,30,53,89,-38,101,99,-38,-3,-108,19,80,115,37,104,217,25,45,169,65,281,71,-42,104,100,243,-116,145,177,147,-57,-22,116,160,88,168,172,-51,-66,19,191,114,161,81,58,-71,-5,-105,173,184,-45,87,-110,187,-11,164,133,116,215,-31,78,223,190,-8,51,31,183,-4,106,117,145,-47,125,219,-20,74,41,16,-94,61,156,131,111,81,133,60,120,54,213,52,122,13,116,23,130,151,142,-110,57,16,-49,96,201,44,-149,68,37,-18,31,-19,115,194,-17,206,29,-56,83,-50,-9,212,101,-61,203
-120,57,111,-52,-56,58,35,32,-59,-93,-51,5,38,129,-18,1,-22,84,66,-92,13,83,105,-70,195,-157,11,42,45,72,7,109,42,35,66,78,15,78,171,95,-126,-65,-56,226,16,-77,6,19,80,105,195,-157,0,-47,-7,8,132,143,300,105,24,102,161,29,-31,19,47,-37,-57,160,68,5,50,31,68,276,117,-22,155,-134,66,-19,66,35,195,-1,-125,156,50,200,10,-66,-69,45,4,32,31,114,-17,6,-109,194,8,245,-102,4,8,15,-63,-188,-132,-36,-39,220,68,-29,15,-31,77,-131,182,-11,-130,69,-58,116,-48,-10,10,-92,143,283,-22,-84,91,147,78,56,-98,9,-47,231,-9,62,26
-23,31,-66,-1,42,134,170,23,-6,170,39,81,60,-114,-69,159,63,-71,147,128,98,31,-140,34,45,131,136,32,62,-229,190,58,27,95,95,57,23,30,-61,190,4,205,138,-57,60,219,194,46,-66,-4,-115,-2,-147,9,44,-3,158,35,13,25,25,-44,-108,-53,198,171,30,-82,134,-63,-14,71,196,-110,96,-18,-77,183,-134,134,5,175,15,-93,177,-13,-29,118,-112,67,-79,113,97,249,99,159,-34,-51,85,-79,-55,-29,-278,-73,65,-138,199,244,66,65,-4,56,-118,-12,-109,141,-36,-66,204,160,-93,148,-134,16,85,-55,14,-107,30,48,162,-27,105,101,-112,238,88,84,23,60,-115,-67,-44,99,42
167,146,145,-23,129,89,-82,-8,240,111,189,-99,70,95,177,-14,84,88,-97,203,9,-111,157,3,165,112,-13,113,67,40,161,62,99,-46,58,62,-22,-14,-26,63,-21,-71,55,-3,195,169,42,250,163,47,155,-2,84,-118,55,21,-49,35,132,86,-52,41,77,100,31,240,128,80,213,88,47,134,107,123,124,-40,13,-12,69,-16,-153,120,78,50,142,121,28,97,-47,2,114,-59,-23,-180,66,-124,102,101,86,129,72,66,-90,1,230,57,79,50,115,-22,51,183,3,3,-25,2,-38,153,212,30,146,21,222,-59,32,47,-75,-124,188,150,-23,-9,93,111,21,14,302,22,308,-166,-71,-97,216,31,86
-63,43,43,244,-112,81,144,363,199,21,66,-58,111,8,228,-50,-81,-23,-147,32,132,48,80,-97,122,-111,110,101,-9,76,58,158,80,110,100,-66,97,-41,127,96,-265,153,-66,32,1,173,62,112,-89,168,37,-62,-98,84,19,-45,-78,96,207,3,-167,-50,213,76,-95,-45,87,77,115,-19,35,86,79,3,29,-96,81,20,-23,173,-14,-69,-81,197,75,181,118,125,-27,-106,239,65,-3,136,-88,-41,25,167,99,210,112,45,68,58,72,43,136,-15,94,-17,169,72,125,-81,-26,159,16,16,98,-39,-147,-85,12,187,-98,-18,11,46,107,-28,-105,-87,-14,136,89,108,227,89,-231,-162,-79,-1,-38,-93,193
-1,-2,95,81,-114,48,143,-102,156,262,85,302,117,-20,-53,-8,-47,-35,71,-20,-126,106,-48,-77,-87,-56,-67,132,62,176,-88,105,53,159,99,138,1,105,211,151,10,-79,-80,175,78,-37,84,-40,74,14,89,36,268,-40,142,85,-82,-26,132,79,58,121,111,54,179,1,67,48,37,118,-50,115,225,-6,104,152,87,98,-9,92,-102,-76,85,253,82,196,-23,8,12,171,30,109,21,-24,58,77,18,-79,0,107,-38,-16,188,179,-33,107,145,121,-19,-7,138,21,-46,78,-24,5,50,86,60,94,195,-29,31,44,90,64,-49,-51,-1,-69,58,156,112,-97,-39,174,145,133,-30,-4,-101,67,-30,-73,-31
82,64,-112,-158,150,-126,113,-50,-37,-163,105,153,142,-74,-148,85,9,5,54,-63,-167,60,14,-30,-26,102,196,-92,-103,208,-100,124,143,72,-81,69,107,60,78,115,-38,234,39,-59,-123,37,164,46,170,-130,9,-117,25,133,-32,-81,-115,113,122,-74,-93,127,-75,54,49,-34,-67,76,98,140,-57,-99,25,37,184,-29,-87,-36,188,-115,-9,37,4,-31,74,-64,16,-137,-137,34,-66,-17,26,-23,71,94,-8,-77,34,-37,-89,13,-101,-137,67,-104,-48,-123,77,-137,-89,100,-138,157,-64,1,-103,99,22,-145,27,137,-64,70,-46,206,-25,57,44,-2,-74,-153,84,36,-44,-24,-20,-10,-67,-131,7,49,-33,-44,-18
67,99,81,51,-152,61,-56,13,-138,-118,-108,40,-181,-46,-78,-54,-73,-15,-2,-72,64,-135,-64,-147,83,-28,-87,101,40,-11,-58,130,30,55,-59,113,84,34,108,-88,-24,46,-256,-42,-182,-121,-70,-10,78,-131,-197,63,-41,71,44,-164,-127,-76,128,49,81,62,-57,42,-49,-47,156,-84,-97,-9,60,-97,22,151,23,31,-3,0,-77,79,60,-104,-35,59,104,-125,55,90,127,-87,-81,46,-140,-3,80,-18,68,-45,95,176,52,190,-9,93,-87,-79,-75,16,21,-117,-37,-115,-110,-28,48,-156,-110,-20,-142,-137,1,29,102,20,-63,86,-48,105,-107,107,-147,-8,57,-132,36,-36,-201,-95,-20,-24,-42,50,31,7,-203
-74,-101,30,-42,-66,-15,-26,196,93,-217,73,-42,-126,181,28,-21,124,-49,-115,41,22,191,-10,-40,149,76,26,49,-53,-66,-91,-96,-88,-170,64,-18,-116,-57,-128,53,-30,73,234,-4,17,223,-2,-111,109,-64,-37,-144,119,-91,-32,275,-60,80,77,152,-237,48,108,208,-76,138,-50,234,117,-68,270,84,-53,46,-4,-29,15,153,57,-145,180,58,-40,-35,-24,101,-85,-97,31,-22,-31,-61,-152,-152,45,-22,-14,85,4,15,-96,47,-49,8,-9,-17,-18,-67,-1,-19,-14,70,250,39,-124,-40,0,-74,-62,-22,85,-111,-40,71,24,53,107,-11,109,-63,-10,-126,10,143,85,12,184,9,94,-15,26,-108,43,-78,-27
-97,65,-23,-148,-128,10,26,168,96,242,176,-20,-41,100,121,76,273,-114,33,-50,-57,166,273,23,15,-44,112,-148,43,78,-142,48,79,-100,120,-102,8,211,-10,-6,-54,-144,-63,73,64,-6,60,45,-180,54,-100,-169,-149,-41,-6,114,86,-41,16,184,78,135,83,-114,-125,91,-62,118,-138,-17,118,194,-100,-86,-167,92,71,21,-45,83,60,96,154,-123,-65,-60,39,22,85,76,32,140,44,124,-75,153,9,6,-136,111,-5,-9,-3,35,32,-50,46,143,-6,46,85,16,-20,149,44,120,16,103,79,-55,8,-69,-9,27,49,-42,-89,-91,3,-32,166,86,19,-3,-32,125,24,127,72,103,32,14,-5,-139,81
153,70,-119,-8,228,-9,68,96,143,132,-74,-90,60,-162,-32,-110,53,-17,-55,-73,-115,154,18,58,-70,-63,-55,123,77,169,-41,-51,66,108,25,-37,230,-3,-51,-121,9,-25,-80,82,31,155,161,56,7,50,3,116,21,74,35,73,142,59,12,148,111,94,-148,112,25,-31,68,-213,44,-10,-26,44,-7,-142,92,43,4,-47,150,155,-80,149,-56,-51,120,79,162,116,126,-164,255,-14,-254,14,-10,96,26,58,144,-90,37,134,-91,-89,-50,215,114,-84,-4,51,63,23,-61,-22,8,-134,-43,-100,196,43,-31,196,-62,65,34,12,-21,-17,94,132,-224,106,58,115,54,13,72,-11,134,-38,19,220,139,11,82
89,-36,140,109,-137,142,107,146,38,-26,75,20,-108,94,225,113,49,33,3,22,60,247,134,51,19,-142,47,-32,109,-106,-38,-25,-62,-81,136,-126,-31,187,121,74,70,76,-13,105,74,-85,154,2,3,3,100,-102,-95,153,92,-15,114,28,225,132,1,160,44,-18,17,85,26,114,-20,131,102,226,-29,-44,50,30,-24,153,32,92,86,142,6,110,103,25,-50,-26,159,10,95,-80,-62,-14,115,123,-58,146,153,93,13,260,-72,2,29,-15,-26,65,87,57,-87,11,6,83,-21,42,189,181,33,87,134,-73,-109,102,-19,-28,23,73,268,116,-23,62,185,-57,17,10,39,28,15,117,-29,36,-38,226,198
160,-68,135,-122,32,-63,102,-46,-107,66,72,39,49,132,-74,152,64,-83,107,-87,22,99,-31,-69,34,-72,87,-118,-76,-121,133,-137,42,44,-28,24,-72,49,16,-170,-63,-55,-199,5,-96,79,-180,-83,-61,102,-40,215,-166,14,-15,-64,-59,134,111,177,-73,33,-34,-42,154,-90,8,85,-96,-173,-115,-50,74,-46,-33,187,10,128,20,94,-76,-131,-100,88,87,-1,-79,16,-52,95,-155,101,49,12,31,147,-131,87,-26,-65,96,66,44,-58,21,-53,-78,-84,25,-14,68,210,6,-40,-2,-53,-108,-183,-33,30,-14,78,133,220,10,143,49,17,109,35,112,-142,-22,19,135,43,-37,74,-196,59,-72,134,-72,-4,142
156,115,99,75,-34,218,9,125,112,121,-8,-104,-62,110,31,194,-13,-14,245,-122,102,-6,-111,-79,-65,75,98,-122,39,-137,112,1,7,-96,71,-125,122,262,128,-47,-149,151,39,-50,-42,47,101,79,-37,5,29,59,-52,-89,179,-30,-174,8,268,-55,-48,103,-42,-50,33,-6,79,-21,-46,35,10,129,-46,-11,19,112,106,-13,-78,-61,6,79,162,-108,-70,151,34,-3,159,-52,-198,197,96,40,-3,45,-130,-137,142,85,126,60,206,-208,40,-132,69,84,79,-72,69,59,-39,-117,-95,-46,-69,181,130,-53,21,5,203,55,25,-111,-22,-121,171,-5,112,-33,-15,-46,-82,130,-86,36,20,-97,-14,-137,33,8,120
9,97,135,-86,42,100,-3,33,108,187,153,25,24,-4,130,-3,95,58,87,118,-14,-13,184,59,59,84,-4,179,73,251,-25,-71,188,22,152,114,164,14,96,247,25,89,-54,-61,191,98,39,53,12,-45,55,-47,183,94,98,67,245,-94,40,18,226,-2,163,151,9,42,154,-58,167,-88,77,-83,225,18,110,119,117,275,-48,203,-119,143,109,106,95,125,-75,126,48,30,134,-142,-63,169,207,15,95,-68,174,143,35,-28,-77,160,301,68,148,-36,3,38,175,-45,20,90,19,24,212,128,149,234,-40,24,75,-160,142,-49,72,160,102,127,-26,-103,-11,218,36,133,51,95,281,44,-217,110,10,-5,58
57,49,104,73,-20,188,-100,92,87,75,222,32,61,-138,47,131,-36,84,11,28,85,29,228,121,-162,43,32,-34,214,96,75,99,167,112,93,-47,-18,61,-172,-22,153,-19,90,-60,5,64,66,-30,29,20,31,1,52,88,77,66,146,259,-77,159,110,-61,-17,141,20,11,160,28,130,21,-270,-19,181,-20,60,64,18,153,210,240,36,336,-101,252,24,5,222,45,-41,116,127,-107,-8,-2,-113,68,-18,238,-23,36,32,208,37,-125,-83,56,-137,-113,83,345,279,13,9,7,82,-1,148,125,218,111,49,-36,111,55,-58,97,163,175,100,-81,93,37,-16,82,100,64,150,5,78,-120,144,188,155,126,93
160,166,142,95,86,176,-175,165,75,134,27,-154,56,-39,5,93,-56,-55,-46,-33,-9,-107,-105,5,-134,-3,-9,58,-33,117,89,98,113,122,130,24,12,67,-173,14,-33,5,95,85,107,26,-74,44,8,153,110,53,-77,82,-129,-75,-29,180,-2,-259,-34,-18,39,66,215,-213,222,-55,59,-13,-28,202,69,-246,-22,-175,50,113,-18,155,184,-9,200,328,146,-63,111,-146,-57,110,26,-3,48,-44,-139,-132,154,79,138,49,60,118,-49,-104,78,25,-42,53,151,54,117,186,146,63,-44,71,103,-55,147,-96,116,-12,4,40,271,53,-71,59,29,132,12,84,140,140,-11,-87,257,15,10,73,178,-100,-59,18,122
-44,40,-273,57,96,-54,51,-22,148,-27,45,122,-20,157,-11,56,37,41,28,109,9,22,108,35,-262,-90,-15,-151,55,-131,61,81,126,-38,39,-3,66,-18,172,16,105,-83,-62,136,45,-28,78,204,65,31,-13,-89,-34,43,74,-168,-18,-194,19,208,-106,0,-249,136,30,-12,46,-22,-20,-13,19,81,31,-43,-64,-6,158,-191,12,86,-117,-42,113,99,43,-62,190,182,-113,-22,-58,158,-12,-75,-130,-137,34,116,-29,-69,4,-8,66,159,-89,69,-38,92,316,33,-30,53,28,-93,-13,-49,-129,99,-51,-13,89,61,-53,38,123,7,-142,177,74,70,42,105,219,-79,48,121,49,53,34,-78,-101,-117,103,119,153
-70,-40,119,99,145,-76,32,-123,64,-178,-46,-113,121,-8,133,63,28,86,-41,66,20,-142,56,-34,24,220,-29,42,21,130,20,-12,18,82,-13,22,68,-41,-52,-51,165,52,-26,70,-159,34,-39,-33,-37,-57,40,7,-256,9,-14,-36,88,112,11,100,-39,-67,129,230,10,47,-1,-140,63,-93,17,88,36,58,-105,1,-65,-37,78,71,-48,-37,-5,182,-159,35,-39,183,114,-187,39,23,-34,254,125,-33,-44,-25,-15,-166,-91,126,53,-44,-80,-13,92,-74,57,85,-7,-73,5,93,-35,143,22,49,32,88,30,-36,0,-41,-16,9,20,63,256,-171,-6,138,-16,110,-40,44,99,166,56,-92,-38,-31,-100,-110,40
-125,-49,93,72,23,-61,-23,308,58,54,-44,67,12,74,173,16,31,12,218,98,53,136,179,92,67,-107,1,11,159,-5,84,-10,168,-147,296,97,124,108,85,-147,122,-23,155,-38,2,291,161,170,1,-79,62,7,26,-132,89,170,47,23,-89,214,-92,43,-127,90,227,127,119,75,256,-164,-68,211,-58,0,42,83,92,44,153,95,83,51,152,23,127,213,213,41,-2,26,104,-90,10,23,132,184,109,89,-27,-23,11,104,98,68,12,37,25,231,125,233,230,217,101,144,-103,124,-2,68,177,-72,305,88,160,97,69,70,-210,-46,-5,-93,176,2,116,61,55,84,131,-36,40,-79,181,85,-31,-110,98
206,-57,46,-21,94,140,-42,-205,152,133,78,-11,129,146,-27,-113,83,124,-73,271,75,98,-140,93,3,-117,-98,172,101,30,-98,79,58,76,14,3,-123,-24,0,26,-12,-99,67,58,62,-11,72,30,83,-37,71,150,115,110,-71,-20,151,58,-20,10,-75,259,59,225,36,62,139,-17,248,92,-78,117,99,50,123,-84,208,147,-60,134,29,61,-2,105,139,-9,111,83,-43,140,32,116,18,-7,17,63,124,120,134,151,-2,-183,35,120,283,51,39,-57,175,119,97,60,-126,-2,48,-44,-149,82,132,90,104,75,-63,44,133,-97,-40,-12,145,111,-69,156,109,81,62,85,122,69,271,-87,-82,-195,76,37,226
189,35,-164,23,10,111,49,-90,92,114,108,-32,-33,82,72,28,115,74,243,0,3,-59,59,128,-81,-57,-21,-1,189,197,-43,-149,-2,-103,3,-7,18,45,62,-88,111,-28,100,36,96,-114,-92,145,114,67,96,71,65,210,194,-44,-11,89,103,133,114,58,3,6,145,147,51,-36,212,-121,-18,75,146,-15,-120,6,-103,45,104,90,-130,186,47,379,-129,205,-2,-11,64,17,63,34,41,116,-94,-76,-214,13,-10,-61,45,44,1,-35,-7,36,145,-140,-3,143,-11,-19,-60,-70,-96,-49,58,132,91,49,234,100,43,-64,93,-64,-38,-93,20,46,9,27,147,31,95,70,92,36,273,95,-122,73,50,-11,33
142,123,-17,16,6,193,-41,-4,32,51,70,-92,89,193,-23,-52,-8,64,78,-177,29,-56,-184,-15,54,-169,120,-16,233,164,-114,228,42,-44,34,-63,-21,64,44,-51,-4,-98,26,25,-30,136,104,148,128,-4,-167,135,171,-9,9,-12,26,136,-122,27,16,174,53,33,58,78,-81,-107,-31,-51,-218,-33,51,133,205,79,-91,8,18,-121,105,150,41,62,104,74,-126,15,85,96,115,2,-227,104,-33,-11,139,32,-20,102,-54,-155,145,7,69,-40,34,-110,37,19,150,-12,-124,-32,300,92,49,4,93,20,64,113,-42,58,15,8,-155,-31,-56,15,41,125,136,-201,-62,33,69,-105,62,150,38,99,-51,2,19
21,-183,66,26,18,-123,206,260,129,-64,-91,-28,74,-198,195,-25,-91,71,-7,-24,-94,89,21,63,-101,28,-63,4,-39,52,-24,21,-75,112,-16,0,36,8,-100,1,167,176,7,-42,-11,138,81,51,30,-89,12,-134,-305,96,20,163,93,1,-20,-12,240,122,-49,12,-17,57,4,94,-26,137,-66,2,17,-54,22,-53,-90,139,56,-50,64,23,-114,-76,-107,-32,105,37,59,-52,11,8,-98,-12,117,202,117,45,123,-5,-206,214,-93,-47,-82,-40,20,39,-113,42,-149,-111,87,229,-102,40,-145,-15,-43,47,31,268,-105,-59,-218,28,-36,34,28,-78,-112,-42,-6,116,45,124,39,75,-17,112,64,63,-46,-39,-48
0,-93,16,-58,-27,-42,71,110,-104,150,111,-117,96,-68,146,-36,-20,37,159,-87,61,50,13,88,-50,233,165,-12,64,136,98,71,159,60,-43,127,26,43,-7,21,116,260,21,21,-101,119,58,269,82,216,18,-126,-89,-74,114,-13,-96,179,-98,-109,128,19,55,-42,43,125,-174,183,35,270,50,-63,126,77,43,-27,-150,103,54,9,-62,162,-62,143,-64,-12,-41,-46,-193,31,-118,112,34,63,117,130,77,97,208,0,-115,125,93,-6,6,-83,93,-111,-107,-87,75,17,69,48,-146,198,-22,246,35,-183,38,48,86,3,211,163,-39,15,-32,-9,-32,-153,92,67,34,188,-87,95,99,52,158,1,36,-137,151
38,33,-30,-161,58,129,-29,-116,7,212,48,-13,-46,-56,-55,61,115,112,-81,18,-22,109,73,89,-20,-150,-266,160,121,-96,95,-103,125,99,41,3,-64,1,-38,-80,136,-107,204,20,89,-10,150,-69,-28,-95,79,19,80,-120,43,-31,166,40,-73,-3,0,-24,-48,-16,77,-36,48,-96,143,10,172,-39,-7,123,233,30,138,10,107,-109,156,-162,-54,41,49,124,49,74,176,74,108,-103,72,-46,21,149,115,90,221,-91,-94,-66,36,146,0,221,203,-21,-16,60,48,88,-40,20,-55,-35,163,-198,74,163,211,41,176,227,71,105,75,18,220,-53,-89,61,136,288,56,115,200,193,216,-75,-189,-33,75,-3,159
95,19,-54,-116,135,-94,8,-44,70,-129,-102,-1,119,122,-1,217,14,-24,106,-23,18,41,-30,-8,-155,-46,80,-179,72,-136,200,-18,44,-28,2,100,-104,78,10,11,73,2,-75,29,157,71,61,220,22,59,125,59,-33,-48,163,-72,184,162,53,-19,-104,119,-68,-22,110,71,50,-37,208,148,-24,125,98,32,169,19,-118,-16,143,36,28,-21,24,-27,123,174,47,22,-103,84,-129,-105,48,-99,-63,-1,68,164,139,124,158,167,23,5,12,-85,-31,98,127,-27,-154,260,-71,6,-10,96,60,-99,128,-40,103,-6,99,-56,30,103,123,13,107,62,178,-11,1,77,68,32,126,25,89,-107,-72,-53,103,26,54
136,26,-121,169,169,-2,-31,-79,220,198,27,-3,-143,-76,121,31,212,-52,199,191,-110,-63,-96,190,26,44,-21,0,-35,155,12,-86,136,-29,7,-14,105,24,-97,26,19,57,21,-135,-28,5,109,184,-52,6,42,49,-87,26,82,1,62,-38,42,52,33,-39,-162,143,-55,16,-118,28,119,-177,36,-57,92,-102,50,41,-52,108,36,-46,127,244,78,178,-296,67,128,54,108,-193,4,-46,-45,44,-116,-61,12,51,55,121,297,0,-25,-113,84,103,274,152,140,114,-71,193,-22,90,244,49,-12,132,43,59,15,68,-19,-84,-29,-134,74,-36,76,-5,-30,-82,150,51,24,101,47,97,120,-104,-77,-35,-99,161,127
162,61,0,-45,-42,257,-16,79,155,189,103,-25,96,-10,209,17,71,59,139,-138,119,132,135,-18,-67,-151,184,43,-19,-12,50,200,-88,40,78,-3,16,-57,111,100,-84,-96,9,75,94,161,92,102,70,-89,-3,15,103,-154,195,144,-68,96,129,99,-27,-87,15,314,88,-50,55,132,157,24,228,157,158,89,73,249,-96,52,86,70,66,67,155,178,255,40,-9,158,162,117,153,156,18,103,81,223,16,-80,78,137,22,-11,75,51,92,238,21,119,-2,21,45,-134,-76,5,64,-121,14,-126,260,202,77,-74,79,71,106,3,97,142,25,-25,73,86,-4,-56,6,134,158,67,260,18,-101,237,83,227,148
13,161,56,68,1,43,-24,130,235,-57,-136,-204,268,-6,-28,-67,237,196,23,57,-2,98,108,258,-144,-52,157,20,219,261,104,73,-33,-64,-101,-100,143,186,-88,-20,30,-61,66,-48,-56,51,231,215,63,-85,203,16,-26,-126,50,267,229,118,152,-54,13,6,127,92,67,109,80,-148,228,-176,63,187,14,-77,62,58,129,138,111,187,28,5,132,205,60,120,138,46,149,-146,195,-77,183,129,31,182,-123,175,-27,157,14,198,59,83,69,26,-14,20,18,121,-53,53,166,97,23,61,79,165,191,260,146,-49,-6,-17,75,65,26,211,255,-217,118,7,134,152,14,259,11,-30,34,29,114,58,-28,-56,-5
144,62,89,-77,-45,42,-250,27,-195,4,-82,65,-209,31,29,160,118,44,-96,153,8,-79,-75,-35,282,76,217,156,91,-18,-136,-93,-16,44,220,-105,11,-105,-29,-22,-49,-24,-36,-23,10,83,81,-6,-21,-194,137,-32,170,-121,-78,41,120,56,73,-63,-85,-30,50,28,130,-153,46,88,27,-22,174,-10,-149,-86,-147,-76,100,-28,-82,101,122,-8,37,74,85,-119,149,89,4,-79,-42,-91,49,80,321,-118,2,124,-24,-98,190,69,21,-101,19,-23,13,63,-30,143,18,-76,-57,-110,257,-7,93,65,33,135,-89,184,106,-115,-110,-53,-4,11,-70,-15,67,13,140,209,-55,195,-109,117,8,139,-38,-119,10,35,-128
7,11,-48,26,-15,-26,-53,112,17,-20,58,55,49,166,153,-90,97,-6,127,-1,114,209,-36,39,-87,36,-37,62,291,-111,92,81,-81,61,197,103,46,308,-89,-3,-27,-37,-177,174,23,55,267,232,117,36,80,5,86,60,-24,6,59,111,120,71,57,233,-57,65,-66,146,32,160,256,18,177,225,68,231,73,222,216,185,177,94,170,-58,-102,-3,412,-152,283,-42,-57,5,-40,-133,-126,-89,78,212,99,326,37,264,177,58,89,128,242,79,-30,-55,158,183,1,38,-183,91,36,10,112,71,-24,-140,115,47,215,22,33,6,-43,162,101,147,-195,213,-71,170,25,101,281,43,176,-115,139,35,-106,154,158
102,-11,-115,73,140,167,193,-122,12,199,274,-78,172,185,-39,-171,-83,30,56,2,272,3,0,-81,74,-58,145,51,6,-297,81,37,69,-14,36,72,-84,-82,-8,115,-27,80,-58,204,116,112,19,-66,-72,153,36,136,27,-36,56,3,166,-108,151,162,5,-50,10,65,-17,-145,76,-73,159,101,-135,127,64,91,-94,-22,232,132,-49,131,48,-31,112,-17,-33,-28,27,-59,-41,282,-63,54,103,213,-30,62,-173,-118,52,17,63,79,-12,-186,73,166,-3,-40,167,165,36,72,-139,74,-13,-177,18,5,129,57,95,-23,54,109,72,-179,-16,-52,-158,131,-51,-73,1,151,110,77,-20,174,205,-31,78,-158,94,60,14
163,37,250,-8,36,77,-60,52,84,93,52,-15,70,26,145,211,74,88,131,146,-172,-44,40,22,146,31,54,55,18,103,-50,7,77,233,247,92,66,40,4,-57,-28,-71,-145,97,45,49,3,18,98,27,27,37,-5,108,-92,1,24,127,-13,50,-7,9,28,75,259,-9,46,124,225,55,-77,88,162,126,25,37,212,-39,-25,156,205,117,67,158,92,10,32,118,254,34,-66,-24,60,202,143,-71,162,45,31,14,16,153,34,56,98,104,22,59,-3,47,190,2,-17,83,-70,97,-62,-23,207,52,16,228,105,23,-14,58,27,117,320,-19,148,123,178,3,24,117,121,67,14,44,112,-25,-65,80,102
14,-49,-25,45,-68,-93,-120,156,-80,0,120,10,9,-22,-5,-141,61,47,79,326,76,184,179,56,0,-14,-139,44,-112,47,7,-18,-184,81,46,83,27,157,142,-45,37,-156,86,33,77,54,5,129,-86,25,-19,-152,77,116,-199,154,-49,97,-77,153,-34,-119,133,-189,-41,143,-5,120,-5,106,-114,51,-20,-168,-47,-17,253,-81,72,-96,26,5,244,-27,149,48,49,-242,186,-24,77,54,153,3,-14,120,25,131,54,31,5,-57,-11,94,-86,164,60,81,151,183,23,58,21,162,-65,117,123,85,-19,77,-249,18,-80,59,26,-123,113,-134,-26,25,-263,90,-36,4,-90,105,142,19,73,46,-3,-75,144,45,2
44,-113,138,-95,60,146,58,-148,189,149,87,70,178,4,214,51,87,7,-156,-20,-25,-74,-40,42,-143,-5,-106,12,-78,-129,84,87,105,98,-8,84,-15,16,5,-30,-40,-22,74,44,214,-115,-46,156,-179,-66,-35,56,27,-97,72,0,27,-25,152,-233,58,6,-36,42,-177,159,35,-31,-159,-14,-143,15,211,100,-23,59,66,29,-45,-196,-46,43,74,15,98,104,19,143,-17,-133,-129,156,-16,-231,-55,-158,175,-70,162,129,88,42,174,-88,13,149,-105,28,91,-15,124,-83,-127,-71,104,-135,-5,69,40,57,57,-6,25,153,28,-151,74,-99,191,91,39,-16,3,64,-136,246,-23,34,260,-188,-36,-113,208,79,138
-49,-187,158,-43,-9,65,38,40,113,70,-113,9,123,71,203,58,3,41,-41,-44,101,275,10,-95,53,-181,-36,165,135,55,23,143,-84,-13,143,-145,-171,5,14,-27,9,-152,-52,117,6,68,-84,45,194,136,67,-93,158,-35,22,-32,94,181,-145,102,21,368,15,127,-36,31,162,-106,44,-82,-41,87,-36,-15,105,167,-13,131,87,71,32,-36,-110,90,97,198,5,63,66,30,111,81,-237,20,176,50,83,-9,101,190,-41,152,164,167,138,-58,-117,35,-54,-27,106,34,76,30,46,81,30,85,95,-18,266,-46,15,107,89,-2,-69,75,165,93,28,111,-14,11,62,173,61,41,132,116,-121,-45,-27,-22,-18
6,36,18,-152,8,-48,-68,157,-107,96,135,-91,81,18,80,-92,-150,19,43,110,79,8,321,-20,62,-82,-103,27,-55,114,21,100,116,3,72,98,1,-151,185,3,190,126,-36,48,-125,268,126,-74,241,161,-7,-75,-164,-15,-117,142,90,-127,-113,285,-21,7,-14,73,188,-61,101,-91,90,-141,-54,183,-54,29,75,199,132,158,141,47,-11,-65,1,168,107,157,143,59,141,129,82,-35,-63,128,-5,116,-20,84,126,-75,-175,172,-105,169,18,58,-41,2,27,-154,176,27,125,-98,7,57,31,30,250,-149,212,36,59,84,73,62,-166,-123,-89,27,50,-10,12,13,65,22,132,90,26,45,136,32,14,107,78
-38,175,208,32,-63,28,-80,312,12,-12,-45,59,90,130,170,-5,145,154,27,-57,-8,40,50,174,160,140,73,273,165,75,150,92,199,-82,154,-39,115,100,36,-4,76,112,109,-91,55,-31,-24,-20,27,19,159,151,102,67,238,25,-33,-16,78,-31,-18,150,72,-32,103,-49,98,-98,123,50,46,76,5,77,150,44,71,-72,131,-99,134,131,-4,-4,116,249,-22,37,301,-57,177,-131,-103,82,30,-19,11,-30,120,78,100,28,273,133,187,79,101,-37,114,93,124,160,115,-38,68,20,-90,-129,175,4,113,61,49,47,90,154,255,47,282,113,17,9,11,189,80,204,-22,42,66,-153,11,44,-35,-70,157
-18,39,-82,-13,-68,-13,157,219,193,-145,141,-11,-15,133,81,59,102,11,15,137,-161,-33,-11,-73,-35,99,216,26,241,-99,-116,-8,-49,-45,165,29,67,128,-112,-90,-116,39,-41,-37,27,-22,80,79,-24,-353,37,12,-41,56,111,120,38,-50,-63,-9,-6,61,-93,-89,276,16,182,156,223,100,12,96,-86,5,-177,190,-78,91,98,35,149,104,28,94,180,-43,-62,-192,-100,-47,-76,92,16,60,3,24,12,125,-84,-237,67,137,36,-69,63,-21,47,83,8,163,-13,174,-83,125,104,48,10,146,29,96,-143,159,26,-60,-54,134,-54,24,41,-24,50,-137,141,163,-14,-50,70,35,-132,222,125,96,-101,-113,-115
47,92,153,49,-196,124,-82,202,-100,119,-123,41,20,74,102,-113,165,44,48,56,32,41,34,-105,134,39,178,147,117,-28,164,76,-10,43,22,184,71,180,72,-211,80,-110,-14,27,-73,46,20,165,7,-99,23,8,153,-176,-59,-42,110,67,136,26,-91,-20,-108,65,200,141,1,183,-66,-70,82,94,-105,10,-115,72,102,95,6,-85,5,65,39,-80,41,-50,282,195,19,-95,124,48,-143,31,49,0,-63,204,102,-187,183,116,142,137,-50,-85,64,97,94,-48,41,-6,-29,19,-13,71,-48,162,109,9,77,-137,38,-16,-127,-133,-193,-97,92,-43,74,-77,44,10,71,168,-126,-97,-21,53,78,-126,21,72,-38
-146,77,186,-24,81,83,41,134,229,-77,179,-87,190,-74,37,86,157,37,-21,-42,6,79,-48,193,-103,-40,7,11,-26,79,-15,78,84,131,262,51,122,-76,-30,77,70,112,-38,57,27,-61,39,75,123,-46,49,77,-4,-12,-42,83,140,58,104,-7,44,90,140,128,-105,77,-10,144,14,97,-10,-145,239,-31,124,-42,32,-152,-36,-100,-73,214,-59,58,34,164,97,74,36,-4,94,-78,30,2,100,-8,57,-25,-78,-144,-141,146,18,-9,25,-15,140,104,-65,-86,30,-1,118,15,58,-159,-64,-177,-52,-84,101,8,11,43,58,2,146,-21,139,-143,67,138,-34,81,58,209,168,-140,5,-1,-184,153,120,-7,-42
-76,-11,35,73,-36,72,41,12,165,124,129,-46,-48,17,126,-99,-74,-109,90,60,91,52,50,46,-118,73,99,79,93,-69,210,70,203,69,23,3,-200,14,-198,52,-245,-86,-131,231,89,82,116,156,-182,148,246,19,33,-146,15,-28,20,91,-20,159,207,-48,-16,258,-47,-71,18,-16,68,73,125,14,134,75,28,-11,36,-44,42,267,-47,90,-71,105,73,-20,-56,164,-47,94,216,-115,-60,-182,-5,81,113,44,68,196,-1,284,38,117,-50,406,-57,10,17,-21,23,125,146,-73,-69,104,49,-259,143,20,-61,-87,121,79,63,120,222,173,2,2,-82,69,-192,12,137,152,25,110,114,-65,92,2,105,-116,36
50,113,-36,194,60,7,16,91,63,49,103,-38,197,-31,33,-35,-67,-2,217,-101,32,10,-47,21,52,113,98,22,-83,-32,132,228,-10,179,122,-6,-32,166,-61,-105,107,7,-63,-144,23,-135,132,35,183,-97,-157,4,254,57,-136,58,-17,193,-68,114,124,48,-26,-141,6,44,-138,122,-117,179,91,70,166,95,-42,-56,119,-96,117,26,210,-11,58,47,-18,-14,40,-137,-37,-38,53,-20,-30,129,-18,-23,180,182,56,100,-9,-62,336,97,111,85,14,-31,-61,69,-15,93,24,220,-26,-34,-23,-4,-116,-30,152,-47,-54,-98,10,14,137,-52,82,-126,128,200,66,215,115,50,255,194,-98,-123,-36,-41,-250,93,20
98,1,262,-16,16,264,-49,208,52,126,65,25,-13,281,262,93,48,243,177,-88,55,-27,27,105,-26,13,120,-124,246,124,50,-98,32,-127,53,100,426,189,364,50,112,108,13,146,106,52,48,117,167,-124,-55,77,-38,109,203,39,104,85,101,65,-43,75,29,-4,165,101,174,252,122,-132,-8,-22,120,-65,47,152,-9,200,-53,-5,87,133,20,148,67,-3,147,48,-34,-7,-60,-120,-50,244,81,42,-149,41,120,-150,3,154,100,22,68,91,118,-127,-6,62,-109,-1,-149,145,12,117,213,124,33,-42,147,129,53,13,89,97,8,2,153,-136,86,143,54,-9,-83,102,135,34,207,-130,66,62,57,42,212
-55,146,-121,8,-1,-62,-26,-107,63,-108,57,-77,85,78,58,24,189,-110,9,-4,17,56,87,-65,88,-47,130,0,156,-125,191,-39,-104,46,-71,5,66,75,-14,-35,-39,-34,274,72,11,13,11,181,40,137,44,-28,52,-9,290,106,-95,70,-5,70,-26,21,118,115,124,-17,159,1,123,45,-10,160,-66,65,162,-110,119,-97,174,115,-17,14,66,-101,-126,101,-95,14,146,66,-26,75,232,175,-52,139,45,51,-44,5,21,18,7,76,238,-136,-44,121,174,177,-12,274,75,197,86,-76,-177,76,78,-142,155,23,244,-3,32,-129,207,-80,166,242,44,-119,180,207,61,144,-62,85,193,-130,-17,-3,220,-87,79
134,-20,105,97,64,98,-38,134,-10,36,-150,-113,-125,-73,-17,-57,89,134,130,219,57,53,61,89,-198,196,48,-53,53,59,139,-147,-49,34,17,-222,103,125,168,-46,138,-73,-70,4,-18,141,-21,-146,-55,-49,52,256,60,16,125,9,-54,26,37,30,75,-20,-159,226,21,-72,115,58,-32,-188,163,162,-226,120,-63,166,-54,143,237,209,3,-84,170,-5,44,-54,67,19,109,-124,-79,-76,-184,-40,122,-35,-118,76,-12,74,1,11,52,62,62,131,-12,29,-5,277,45,-66,50,52,-53,-128,109,-121,75,97,-67,99,111,253,-42,-123,52,-17,-19,-87,-210,-37,-69,95,108,-20,-48,143,-85,93,273,-52,22,236,104
-162,-94,128,-54,38,5,-138,66,87,-123,46,16,-45,209,104,-134,4,29,-174,-137,-47,-71,18,-117,163,31,-10,76,26,46,-66,63,180,-91,171,-97,69,-135,106,25,-164,53,103,8,22,-89,66,84,102,29,-55,-12,133,-44,-124,-145,171,74,54,-32,47,246,79,60,-115,93,27,-27,-39,-80,65,194,-33,43,1,20,83,16,-15,-269,17,91,-16,-106,-84,-43,4,105,-149,-152,155,61,-323,116,-65,-96,147,18,51,19,9,19,200,93,109,-28,-21,-46,70,-130,-61,-10,-47,77,185,-38,-10,73,66,-166,61,-86,-130,-124,-135,95,-189,-56,66,288,0,33,-50,62,63,-27,138,-34,1,43,-36,-1,80,-121,-100
148,315,203,249,-85,214,42,13,183,42,98,41,-35,3,-69,85,103,-169,-110,-5,19,-11,35,13,111,-90,110,-64,63,127,-59,115,31,4,59,-181,64,110,-43,-16,-146,-5,85,-10,86,61,187,143,64,31,-42,28,81,-30,-22,184,51,98,-24,184,-63,163,27,149,-18,12,34,-20,90,3,113,36,-18,94,92,53,77,82,65,123,0,57,67,-122,170,133,54,25,127,-3,183,144,-91,-27,91,133,-117,-32,-3,196,-81,-38,46,132,123,107,10,63,8,-12,-42,15,79,-33,80,-111,-32,105,52,62,-65,175,38,79,-137,39,-35,2,80,-30,3,260,0,58,185,266,-69,-83,-51,38,-116,68,154,-140,104
-19,-93,71,-16,-123,-143,-105,32,33,-155,-92,16,-7,59,57,83,106,40,-73,132,74,144,80,57,-47,-164,96,7,140,147,71,242,73,79,-13,119,33,-81,-39,-50,60,89,34,65,51,-14,-8,127,-1,-86,107,-97,-139,-18,28,-65,21,120,-33,24,98,17,368,112,-23,191,-37,138,-32,-126,-69,87,115,27,149,54,120,85,8,4,-24,102,-25,-18,-81,-108,-391,128,-115,-58,231,-11,224,54,-99,136,304,105,144,240,-40,46,143,82,124,-87,114,-45,87,1,-22,143,-112,136,128,124,45,-50,52,134,13,49,174,3,168,140,48,-39,73,62,101,74,87,11,10,94,-4,-4,154,-188,67,147,42,3,45
91,37,70,13,55,209,-130,39,77,188,107,-68,-32,-67,71,-105,55,59,80,36,-40,257,65,-64,37,12,53,156,10,89,-162,43,89,113,81,29,142,143,-1,85,119,9,-81,-159,-1,49,16,39,72,0,107,-18,154,96,28,-144,37,54,-153,59,85,154,-30,86,14,-86,-11,246,-17,33,57,-80,183,41,22,-175,1,107,-27,-91,-78,145,100,33,-18,-266,41,79,-131,-32,17,-136,-108,91,-14,-7,218,128,93,52,157,-139,82,-77,131,-10,96,-140,48,189,53,-32,-36,203,66,-74,-162,165,32,22,44,130,56,8,74,65,-60,-7,65,112,-34,-43,124,10,-10,-93,160,10,182,-116,45,87,-43,121,-14
13,-64,-44,-102,-64,62,-43,-19,136,64,30,48,47,-27,89,148,22,73,-17,12,19,14,23,90,-73,-92,-128,19,-85,57,48,-63,-118,76,-21,46,-79,18,-41,-15,72,-153,81,61,5,-126,107,87,-23,127,140,-83,13,130,84,-27,120,-117,150,119,265,98,21,30,-77,42,205,113,0,117,171,152,75,-40,175,3,-44,17,114,-42,50,82,15,38,141,181,72,-134,48,1,-80,29,-131,-107,-43,117,-21,137,-27,42,50,116,-91,100,79,84,-76,154,10,201,3,-97,-12,50,19,4,-123,-66,67,-97,173,-139,-81,-76,20,-89,64,-71,114,138,-224,-8,-65,2,-2,-121,219,1,66,73,-102,-50,140,118,-45
165,129,74,-120,-56,66,-201,100,-17,226,127,142,87,-29,22,2,60,66,-37,55,40,-14,31,72,132,-8,-24,76,54,51,94,95,1,73,27,71,-10,-69,161,30,1,83,181,-116,144,-16,77,-128,112,12,-43,-141,252,8,-8,87,44,-23,192,90,-56,26,212,-129,86,109,187,-26,49,0,-33,73,-21,-146,178,-58,-105,184,9,-62,56,108,4,56,-24,168,108,2,332,-243,-42,53,97,27,46,89,33,51,243,-203,91,94,-44,-33,93,13,79,60,-4,-95,223,-57,9,-239,151,106,-13,125,156,58,32,-3,133,72,48,-19,184,-27,193,122,59,-58,184,66,-85,76,100,148,184,60,-16,77,144,239,18
-86,62,137,-40,148,112,-42,138,234,-3,83,-22,168,74,14,138,213,5,51,93,-28,21,110,91,-107,111,106,-25,30,152,-38,-74,34,-184,199,-44,237,168,-112,9,193,-32,164,-83,101,-16,19,-55,-64,-75,59,94,-51,-50,-58,60,-37,-45,117,-20,-75,90,-98,239,10,136,67,149,67,-190,80,182,89,-24,31,21,22,-116,31,78,82,228,151,-102,61,67,73,-46,74,-118,60,-61,-136,127,-74,46,-49,-62,-166,-15,-26,-101,91,-22,188,-55,12,126,255,196,100,34,147,96,149,8,-175,-21,102,52,146,-108,-93,121,85,102,93,-93,156,-131,130,132,-79,206,60,-35,98,31,217,-216,41,79,-76,66,66
98,85,21,34,120,-13,114,-59,-4,60,81,26,-62,243,-42,-25,16,42,64,89,97,87,190,-127,19,-176,-20,-39,-103,133,-44,81,125,-28,65,88,127,-83,166,45,-181,130,97,171,191,109,151,208,91,-17,-31,-88,103,109,88,-62,60,-77,105,59,-27,99,-51,70,50,80,-5,13,102,-195,26,175,121,27,-39,134,27,-26,-15,38,7,48,-17,0,98,81,54,58,6,-62,93,-47,-39,51,-93,-144,-15,0,-105,100,-61,-13,-15,-54,263,73,99,121,34,-126,33,4,58,181,5,-18,19,33,180,14,-36,-105,155,15,49,-87,-209,-61,56,6,-125,-61,-6,72,54,104,209,-60,182,98,147,28,67,176,173
