156,-192,91,-100,57,66,-12,96,210,34,57,0,-52,74,49,143,-112,92,138,-82,-121,-41,93,35,-61,-14,-107,175,12,69,123,-110,53,91,-80,95,34,126,61,102,73,39,89,48,-8,-18,115,68,73,61,113,59,-259,137,-56,-59,62,-113,75,79,29,51,246,237,-110,44,-211,154,-121,212,15,-15,204,-60,-32,253,103,31,112,-93,132,-128,26,1,-60,-76,-132,-120,-111,-13,147,6,72,20,96,-70,-96,-50,80,50,6,8,97
-153,102,100,-9,18,68,-39,196,-59,19,27,48,-36,131,-16,-16,-58,-165,57,95,13,71,10,12,9,62,85,-115,13,31,29,18,109,59,61,38,-145,-11,-72,-14,-156,84,-26,-23,67,128,87,-87,57,208,-41,22,35,-92,127,38,-69,138,-15,-92,63,117,-58,-31,119,-125,-1,57,29,-49,-29,12,176,37,-65,-188,-126,-154,-87,134,10,46,94,62,37,169,32,-101,120,103,-6,96,-115,183,34,123,-85,-38,194,-12,120,94,-5
5,18,150,97,28,91,-6,23,-93,125,133,49,18,-79,17,69,62,3,105,108,167,-95,32,-30,3,0,-23,-83,-65,110,175,-61,105,81,-59,19,-3,39,199,36,-14,48,-14,-68,-82,143,93,134,-22,-35,-66,-109,72,-45,56,-64,-97,-146,55,86,-34,-2,-60,-30,-46,41,78,6,14,-52,-67,-80,6,118,-19,66,73,116,177,145,183,70,75,-135,159,-26,47,101,56,42,14,65,-33,120,46,5,204,-70,62,-102,3,35,103
2,69,41,-72,-36,60,-71,-22,-38,-115,-2,22,64,113,1,35,-107,-62,128,41,21,-87,271,23,71,-60,104,284,-63,-114,12,20,27,-150,-112,69,-29,32,-5,173,-155,-89,-85,-14,-36,3,17,-41,-67,-169,117,-82,-160,-118,86,-59,-44,-51,11,105,-8,5,50,121,-31,44,-16,19,43,69,-30,-134,1,223,108,58,-28,-141,-124,3,8,112,-67,109,65,80,-1,0,-36,185,60,167,34,112,-105,87,-47,58,4,28,138,-65,-15
43,72,78,219,19,-41,77,82,153,140,-224,93,152,-38,64,76,194,-54,145,25,206,48,193,67,-48,251,-29,118,126,172,120,-80,77,-108,128,-120,120,197,-157,158,64,75,-46,193,162,108,-42,-21,-133,195,213,-6,87,-51,181,-51,52,4,189,31,-17,94,143,35,128,-114,53,-22,-22,-67,228,-10,71,190,70,150,-64,255,-32,-25,191,-82,159,-10,152,176,-18,-42,68,33,-44,10,42,-2,134,-54,86,190,-147,-26,226,47,47
-62,21,137,-51,61,-14,76,137,-24,157,-67,164,113,68,68,80,129,157,113,89,82,117,164,116,69,17,-88,67,32,73,47,42,23,-24,142,2,237,14,12,71,130,64,197,34,19,144,157,-92,-85,-6,180,-65,169,-30,62,105,57,69,183,-23,15,228,228,96,-1,-7,16,71,113,99,78,-22,-9,87,177,91,-192,6,67,108,11,59,20,70,96,237,91,80,171,-81,-155,-29,14,111,126,72,119,32,-105,113,100,32,-90
73,-115,-2,95,70,-108,138,94,-30,-55,-12,-62,188,-95,-69,90,94,59,32,8,-5,-53,4,-76,-77,100,-46,-50,250,191,108,25,-83,32,44,72,87,54,-98,-28,-130,148,-73,122,-28,276,-60,-65,46,139,83,-62,-137,-12,78,-109,-168,242,113,-148,-37,-7,2,35,54,-94,-14,104,-164,-96,93,4,19,-140,80,-72,24,29,200,-119,104,53,31,-78,-22,114,-24,16,1,-80,-138,40,29,52,223,33,-26,-8,4,92,101,-140,130
38,-26,51,48,88,-49,-108,44,27,-21,-38,76,53,-11,6,101,62,-87,55,-57,-39,52,135,24,26,21,-45,197,35,58,16,-26,2,137,62,112,-81,-27,-76,-72,-198,184,-60,-43,-58,-44,-19,-148,98,83,207,-104,-57,24,88,32,17,24,-130,59,-102,41,113,187,-16,-99,28,-10,118,-7,74,-94,-3,119,85,-98,4,28,55,-89,29,-8,-7,69,-3,30,-30,-35,-39,164,-88,92,-91,134,10,105,-39,29,64,131,-14,-27,143
139,65,92,-39,17,-21,81,102,-24,120,120,0,87,-65,72,248,74,138,112,76,28,-58,122,145,-23,61,49,-55,-20,76,20,-90,102,16,-7,62,-15,72,201,25,167,-53,85,-49,-34,72,71,81,161,-10,157,-72,-112,114,121,145,11,96,107,36,-27,-4,71,48,-60,19,188,-79,-64,111,110,23,35,-18,24,-23,73,297,15,66,142,-79,-16,40,61,98,10,-1,-60,-85,30,53,15,44,68,92,24,96,-95,195,-53,-26,81
80,49,52,230,-54,69,-7,77,97,17,-136,-62,19,69,7,34,-5,-27,-27,91,45,-35,74,4,-40,120,110,108,8,-50,-100,-170,181,60,-128,-79,66,-19,-134,16,-83,-153,113,-101,82,163,35,179,-54,212,0,-41,68,20,201,22,-84,1,122,55,-38,99,-81,-236,55,65,95,-6,28,-167,113,-56,-83,207,-37,192,12,-34,-14,-31,69,40,174,-55,134,-50,84,-72,15,20,38,56,126,68,145,0,155,20,11,6,145,1,-25
-84,166,13,105,20,103,-16,154,-47,35,-23,-97,25,-52,101,151,-2,44,231,86,23,5,120,84,78,193,28,161,55,102,84,-184,40,-51,43,75,10,114,-13,21,-74,83,-28,143,36,70,72,170,61,19,87,79,-65,84,115,4,-66,38,2,179,-7,108,31,102,174,5,-127,-25,15,-124,201,-91,156,73,14,25,24,272,226,70,110,17,31,-60,-7,30,-20,85,52,82,16,10,-32,137,-59,6,3,25,-40,29,188,-62,180
-118,-105,16,61,-155,69,-19,-2,-6,78,9,-57,-153,156,-29,249,-79,-29,-77,-8,-110,-155,-38,-41,81,-35,146,65,-80,133,-95,91,74,-140,48,-87,-12,4,-114,121,145,-16,95,-19,149,-37,56,14,75,9,1,-22,56,-32,-31,20,20,8,11,41,-60,122,118,9,7,23,14,-52,7,74,71,28,93,-23,-19,-78,-245,-94,-67,-58,-125,-2,-11,73,5,117,-2,-63,-89,-7,-94,98,-52,-76,-79,161,47,-25,-12,74,-8,8,94
109,99,185,126,-46,-30,-30,39,54,312,-19,-7,13,15,23,-95,60,165,-71,7,-43,82,201,71,164,204,41,75,-27,11,47,-9,28,80,20,-191,-97,127,-109,-80,3,42,-64,4,144,-113,10,-77,147,28,117,39,-57,4,90,63,136,5,46,184,99,-18,7,8,63,-114,-134,110,-125,-92,16,97,92,132,81,19,-114,95,8,61,96,92,101,170,10,-58,-196,-73,-134,43,216,-101,36,-12,-97,180,33,-41,8,158,-13,124,45
25,60,44,91,168,84,-10,-48,193,29,27,24,29,102,96,29,86,-111,-3,138,101,138,61,-61,130,105,72,92,116,60,72,42,-35,109,51,-25,35,15,-6,-31,108,-40,0,97,147,-114,14,-3,104,43,40,48,13,97,164,-55,23,18,31,61,57,1,232,139,20,-22,32,150,19,184,138,-53,-46,-19,-17,-123,96,29,16,125,-122,55,8,25,145,17,113,63,75,-57,-107,-62,-55,7,34,-45,90,-194,166,140,40,8,124
-115,-1,125,20,22,-32,-76,-17,31,-67,-59,-143,52,11,19,13,-3,-27,45,-65,-16,-83,14,-82,75,26,57,36,114,90,46,77,62,-38,-60,-9,88,65,-13,-130,-72,72,71,132,-1,4,39,-26,-44,129,-50,101,121,-55,172,-73,-79,74,25,37,111,112,31,-47,225,-108,-136,-28,-17,61,-24,-1,-18,16,10,4,8,127,37,-29,40,46,61,-65,-30,17,108,14,1,26,-57,-5,1,39,-74,-61,24,130,-92,-36,185,-9,-25
116,166,30,53,-61,10,41,-22,-37,-57,15,-53,-19,43,87,67,-16,120,-14,-28,45,32,23,89,111,38,107,-117,-29,52,20,140,35,-24,22,-122,20,-175,38,-25,7,17,139,6,2,151,113,98,136,45,-56,74,-2,156,45,-6,65,131,-51,-84,99,-81,-69,-55,154,-7,108,75,40,-65,188,-50,-15,-49,-93,-49,186,-73,-37,122,-58,80,-68,-102,-36,-52,145,-87,56,66,5,-20,74,110,45,64,173,-11,30,-50,77,-94,-5
-34,-77,3,270,149,-100,47,23,80,274,1,17,-18,17,14,-19,226,80,195,-27,64,110,136,71,138,107,-90,134,50,-28,28,84,-27,79,101,-30,-2,-44,-52,-39,113,82,-101,-52,-21,-60,17,134,29,59,129,-84,165,-10,-10,169,74,76,98,-104,38,51,123,10,134,67,-20,-41,-53,198,117,110,2,60,9,-62,-58,196,29,96,51,38,97,37,69,114,11,124,16,19,-90,59,-28,36,57,115,70,-48,58,113,17,66,-32
230,38,-68,-67,101,70,62,59,-59,-45,-52,-129,-137,-147,-77,65,38,106,-16,84,14,100,52,-13,-248,8,-88,126,-114,-41,-156,-39,9,84,-5,109,-24,-23,27,-18,-70,46,-8,-119,43,124,-77,118,-20,23,114,-38,-131,-37,17,99,156,-27,-35,-47,-129,119,-103,6,48,-18,12,6,-10,-39,101,-81,-4,-14,60,-79,67,-62,-36,-141,-47,166,9,-225,69,-115,66,182,42,-115,67,59,37,113,179,-100,32,-51,-41,-5,-78,-101,77
88,-80,-1,115,68,118,-112,-18,159,45,-6,165,109,113,-24,127,-55,52,52,22,117,18,8,101,-123,-12,-12,33,-35,116,-57,100,-1,-2,-39,3,144,141,-43,-13,121,70,10,75,41,93,-25,77,163,-2,87,-9,-81,-41,68,-75,121,23,147,78,12,42,148,68,-68,-25,87,-80,78,213,-103,9,105,137,64,89,9,-7,-29,123,7,-2,102,-101,-2,36,-1,97,-44,-126,-214,76,45,9,82,19,-8,24,-30,124,-75,81,78
13,37,-145,126,126,-13,-11,185,51,76,96,132,108,150,134,208,34,-28,26,77,-97,-38,-1,147,-263,63,37,201,53,145,-27,-132,31,-14,-73,189,-58,11,6,9,49,60,132,240,-38,-81,78,-8,31,16,58,31,-59,9,-27,178,-35,58,-115,-69,13,89,51,101,-58,30,128,55,126,-2,247,6,104,-173,116,-85,6,191,89,69,120,-57,209,224,6,155,42,-39,15,-25,129,-46,-113,225,-55,69,-61,69,41,70,136,-20,79
83,104,149,126,25,166,90,-40,64,-58,88,93,6,73,171,175,90,-14,158,21,175,141,193,113,-7,-11,-35,6,28,-54,103,27,115,-2,44,40,9,6,-73,85,28,-22,86,21,82,81,23,-59,26,-52,-66,-57,-83,69,212,23,21,-58,31,54,-38,-8,86,41,140,115,80,79,-61,3,153,-93,-10,94,-67,86,-20,96,-55,-63,34,-223,-31,-44,118,-9,7,21,137,-102,-28,22,-15,-14,123,-95,69,70,15,-17,24,-55,-7
158,43,32,-104,91,-53,61,-24,52,163,-93,43,-162,-23,-21,109,19,54,33,92,13,14,125,52,49,35,-115,-2,-70,-17,-161,100,-26,-27,75,-117,-76,15,155,74,-57,141,8,-81,134,40,-115,98,72,-27,23,43,18,-48,85,-47,-74,-18,-57,136,161,202,135,-2,27,-12,64,41,-14,77,34,-62,64,134,6,63,-32,79,52,225,81,4,25,-66,61,74,80,51,89,46,40,-62,117,149,-60,197,186,-38,6,-33,144,33,214
114,-86,-53,-62,106,-75,-33,38,-54,-6,5,26,-35,-25,-80,69,156,128,157,-33,-21,37,188,284,-6,32,-100,-28,-16,-31,-54,-210,45,106,-21,13,-93,-179,17,6,29,21,95,137,-70,24,157,56,-58,5,-10,-52,-72,40,11,102,-45,15,-117,62,-158,-12,5,-56,-89,68,171,-56,1,-12,101,-99,-31,-21,-25,25,59,108,-87,99,93,17,-53,-86,-46,72,-13,119,261,-134,25,-96,-2,59,72,53,-16,178,-92,46,-59,-102,76
-32,112,29,91,98,11,4,0,58,-45,-5,55,134,-66,-2,-123,111,-40,104,-3,25,-65,65,-12,145,-6,37,-25,122,131,95,42,-13,-16,82,8,9,89,97,-26,-33,33,-3,142,-58,73,23,54,-61,51,41,-96,102,-90,45,-38,-124,72,99,-26,190,50,-1,52,219,-43,-77,22,11,-100,92,-37,-98,73,-5,-34,-51,129,45,-19,227,60,34,-112,6,132,92,136,115,-73,23,-61,-87,94,-16,-21,-78,136,-107,62,20,-64,-35
39,8,2,-23,-12,195,39,30,25,19,91,-7,67,4,33,52,-62,-35,92,74,-59,-17,194,103,-18,4,126,106,-28,48,29,20,160,60,35,-43,-29,104,-24,156,85,-62,121,-27,80,38,112,14,40,48,-2,51,-71,-34,122,86,-118,-130,-87,65,67,85,88,178,-14,322,-196,7,2,16,132,-52,-114,222,128,13,-36,-99,-76,2,-62,-63,95,29,211,58,-79,15,-192,178,-53,141,121,-146,-61,-102,-86,-76,121,82,-70,33,42
15,19,90,46,1,27,143,32,69,94,-8,-24,32,-34,-117,-88,62,18,10,-10,50,-25,205,58,165,-162,23,-11,59,-31,71,4,26,27,3,-69,75,72,112,52,-142,-23,33,-126,-81,98,32,3,-9,-26,202,-68,-78,-6,-7,-50,78,-54,158,14,52,-50,-18,-25,36,-145,48,155,-112,99,-42,-100,-51,26,10,-45,32,62,-1,-21,79,109,-9,-126,-5,64,32,127,121,-145,-5,-35,-34,28,74,-22,64,-12,24,-145,-40,39,-49
129,64,-14,-11,6,-13,22,-20,66,-85,171,36,105,-99,-19,134,6,-92,197,-24,27,-109,5,-90,-31,-85,-148,-99,59,84,35,165,-28,-32,5,100,-3,127,179,-7,256,-51,-67,152,16,127,-26,2,-5,43,3,35,137,-62,40,-87,-99,-80,63,75,30,-19,-105,90,-28,-72,83,-49,-9,95,-79,-98,-78,-115,-10,-97,66,70,-108,-5,21,1,120,-128,142,26,31,145,52,-133,-51,31,23,-15,-58,68,10,142,6,-9,113,-45,85
-57,261,59,141,28,-120,-62,73,20,59,-54,-77,215,99,74,-14,1,-69,172,-19,136,178,138,-59,17,130,312,12,-17,93,68,-82,-89,-133,-100,-101,22,117,10,23,172,-127,121,-75,47,-170,-37,-28,-63,-99,105,-39,-7,12,180,71,74,21,-80,101,113,-68,121,-68,-16,-33,12,-19,-68,-5,95,66,9,32,138,230,65,31,72,87,252,68,75,198,152,206,-49,-71,-129,54,172,31,122,27,68,66,-42,148,117,120,206,113,217
13,138,78,62,-168,147,144,32,-75,50,26,-216,3,97,127,125,-44,82,127,77,129,82,106,-61,145,146,207,87,-9,-7,44,76,-7,-72,151,-191,-42,145,68,19,154,49,145,54,-27,16,-79,29,97,204,101,35,84,63,31,67,107,24,172,100,104,16,-2,27,109,-59,-88,33,24,160,96,114,68,5,-13,47,64,68,-24,173,69,100,90,6,39,27,-19,31,-86,3,75,100,69,25,-14,206,137,-20,33,64,-82,77,-27
-10,-88,36,86,27,107,119,29,28,6,116,-41,-22,-149,95,190,-10,-98,-31,-38,20,1,99,1,113,66,-46,-3,-103,65,4,92,69,23,-88,50,84,-26,-63,-53,267,176,34,0,209,-111,-104,134,11,74,165,36,113,122,11,37,40,37,-8,-95,191,132,-92,-101,4,-68,-107,1,9,-38,95,124,48,-128,-97,-29,-75,123,186,10,168,-54,23,42,67,10,200,-100,-88,74,42,51,-189,92,62,267,86,104,105,16,-16,40,-57
24,-81,109,141,113,266,-9,111,-3,228,99,110,60,156,86,91,146,200,108,142,223,67,44,92,-40,-75,25,65,111,154,92,-97,49,159,13,195,153,120,211,134,-2,-1,65,131,-178,63,113,264,188,117,106,22,87,17,-5,82,96,-111,18,60,-10,122,113,188,-43,140,-94,1,8,87,4,-67,46,-28,65,-12,10,91,227,225,-13,160,87,73,120,146,112,236,113,27,-90,-83,217,128,77,-37,91,-28,43,123,131,-27,231
-36,0,171,127,-13,-106,-1,-72,32,245,29,-37,-79,2,-8,159,-5,-43,66,-196,-117,-171,-46,-59,111,-46,25,74,80,75,97,52,26,53,-130,-11,74,23,57,55,115,-42,-15,102,114,80,-52,129,98,43,39,74,75,-57,29,-36,89,-37,80,19,217,-7,28,-71,56,71,-78,47,-103,171,-9,-72,133,81,-15,12,-19,136,160,-69,76,-3,55,62,-119,65,91,-2,-113,-60,32,120,-19,163,-72,158,196,120,61,109,35,112,92
-59,105,10,196,3,206,20,330,-152,155,169,-141,152,-3,106,108,103,-14,127,139,118,73,161,172,121,97,130,127,8,54,31,60,37,-97,89,59,63,132,2,50,147,-31,-14,-74,62,166,90,78,71,-38,126,-22,-16,-36,-46,123,3,25,74,-23,22,87,139,146,-37,21,-61,-82,-60,72,118,6,-35,-29,49,-16,-71,66,100,176,-103,18,94,121,94,270,-16,56,24,76,-1,139,-18,46,32,101,-48,-9,55,123,125,-58,27
165,93,3,140,132,-28,-8,59,144,184,-17,97,54,20,-30,-112,134,104,-110,37,107,6,8,106,71,147,-80,19,93,40,-139,28,108,163,-35,135,48,123,-43,-59,52,106,63,52,47,-14,-50,61,-10,-93,17,-6,-73,37,122,-2,-43,-30,24,-16,120,71,104,-33,7,10,134,10,28,-171,92,7,-50,36,30,66,-11,93,38,204,191,-55,20,-14,0,159,-46,90,-103,-8,125,-91,-59,124,-7,22,42,28,159,50,-74,66,-77
19,172,-93,91,-29,83,64,-27,-195,5,59,13,114,133,-30,11,2,-60,-20,153,46,53,-92,110,-109,-45,110,134,76,-73,1,5,58,-141,-18,60,-20,176,-64,88,1,-8,-164,16,93,46,-51,86,136,56,-108,-47,131,-116,-85,12,-254,59,-22,-159,133,13,-33,119,37,29,-123,107,-148,64,2,41,95,107,127,27,52,-1,-40,-23,-104,239,75,112,111,-10,190,-20,-90,-8,-48,165,-50,39,-32,-105,122,-65,84,98,92,161,-5
-16,106,-55,-62,-82,82,-43,79,-92,8,-96,-35,121,0,-197,69,-93,-60,-21,-34,-61,-181,-54,-135,-17,75,87,-7,-61,27,-104,-54,57,14,-250,223,-161,72,98,-8,-59,-52,33,-91,98,18,41,-14,73,-51,-66,-173,-67,-7,-114,23,-77,-18,55,16,144,-48,-82,54,-77,-142,-10,-64,142,-64,-7,11,-75,16,34,-7,35,62,125,-11,155,-60,16,-44,65,-23,87,46,-146,-51,100,-41,-70,65,-110,31,-82,-73,60,-112,41,55,-74
-140,58,-108,-72,50,8,96,126,-37,-59,-37,10,122,173,-5,-94,151,26,-16,-57,27,-131,-94,3,-79,27,22,-92,59,186,53,-40,-47,140,16,26,92,-53,70,23,77,-101,110,10,-177,33,126,-33,-54,-82,78,-39,19,-65,67,-32,-44,151,6,-92,-27,13,177,59,-73,47,52,83,-42,33,-49,-5,-1,-123,-2,-231,22,63,116,-59,-170,-79,70,115,-10,76,14,-61,126,-73,64,29,-186,43,96,-106,-55,-110,33,9,-28,-51,-87
17,77,-34,-3,-16,-19,37,156,102,152,-62,-26,21,65,138,-168,10,-69,226,165,-10,42,9,38,39,-146,6,-13,-70,191,-145,46,-62,33,0,-53,49,-16,36,4,145,-86,81,11,25,36,75,13,84,9,-21,-88,167,-5,120,61,156,-27,95,-20,77,-19,-29,148,-6,104,29,-69,81,47,86,193,105,-149,20,76,-90,-126,-18,212,-139,-57,79,92,112,30,229,7,-19,134,-57,-38,156,-39,89,107,7,-142,65,102,-147,52,33
-21,18,-87,189,82,71,31,140,75,67,168,-50,164,62,-25,-6,14,18,7,113,98,-35,121,-35,32,97,-25,4,20,-54,26,-21,13,172,47,-80,139,-114,-57,81,50,-44,-2,15,-5,191,-13,7,62,-75,0,-19,-61,-78,76,11,-36,-3,-34,38,28,88,7,-109,60,10,22,109,-55,65,-10,-232,30,69,78,10,-19,4,86,-9,-80,173,79,-42,19,85,-91,88,102,-40,-63,37,-69,183,101,-40,1,-24,48,-31,68,-24,106
107,74,58,318,26,31,69,16,41,236,73,-61,41,76,9,54,-136,42,141,123,78,17,225,-8,101,-15,104,116,55,-38,187,35,86,-110,50,-196,129,-129,43,234,-37,-134,-1,-38,-3,110,29,120,78,18,23,-30,9,54,-12,-77,54,-81,-4,15,151,25,17,-47,192,230,-37,41,-72,65,104,-27,-104,127,83,6,43,14,4,-19,115,187,-40,-71,191,-7,125,95,14,146,10,48,126,76,89,134,80,21,174,30,-20,9,69
44,198,-38,98,5,-54,14,-2,-3,210,34,67,-14,-48,24,80,113,48,-53,44,-30,174,55,64,98,120,-8,36,-12,120,-74,59,-117,29,14,-12,118,-16,-109,-64,270,-15,86,-36,216,-88,-72,190,96,-174,-15,41,72,55,112,47,88,103,108,-51,-24,-150,195,-42,5,-17,-75,-65,-97,30,98,153,101,32,87,86,-107,79,162,5,-12,13,78,-26,74,151,160,-1,-119,-10,39,19,7,65,224,11,113,-91,-81,121,-33,27,44
-29,-95,161,146,50,137,7,60,178,-13,-136,54,101,92,96,33,-54,7,118,92,110,206,25,-15,100,-10,-21,-62,12,3,152,142,72,27,-74,-116,96,73,-120,-194,-34,-21,6,14,73,72,170,-97,-82,109,-7,-77,-22,63,133,-198,-55,15,9,126,12,13,213,234,8,-34,-88,6,-65,102,15,29,-151,134,74,7,80,104,50,28,-27,-13,92,-137,104,-20,29,-16,0,7,-155,-19,72,-108,139,-37,-39,27,29,-50,-18,68,64
30,52,115,58,-121,105,-178,-185,191,41,95,18,74,67,69,53,-89,-53,17,184,-54,-50,-112,-4,8,-97,92,58,57,-68,12,-28,56,2,60,-76,-44,-8,49,99,86,-58,32,59,101,63,-68,39,122,55,-98,49,50,-8,136,-72,26,-96,29,71,171,-99,71,15,164,62,-4,30,42,84,-27,-79,-14,193,7,172,13,135,16,42,100,-17,-3,-46,33,23,-43,127,-67,-98,-72,-34,23,24,-27,-8,117,48,-115,-47,52,40,86
111,10,11,-65,-68,99,79,44,-31,55,-21,-35,102,7,86,26,-135,198,89,2,-18,-131,51,-12,-128,-59,0,-54,15,54,1,69,-98,-90,46,0,28,141,67,111,159,73,-55,90,-55,19,-10,56,44,19,-130,-7,-20,-101,23,-38,-20,127,107,37,89,63,-281,-110,-80,74,40,109,83,64,-33,-144,26,-71,115,-4,-65,-19,-72,2,-43,119,90,52,-4,-22,-27,-16,-66,-11,-12,-129,100,-109,25,146,148,-72,-55,39,129,-124,14
50,270,90,136,-54,276,-153,115,2,30,155,-103,148,-67,-74,-35,193,-39,177,100,137,24,252,62,-67,94,135,48,-37,88,-17,-44,-81,-16,108,31,80,39,125,157,-144,58,-49,-132,-82,146,10,284,138,6,58,-47,12,-83,104,-24,102,-68,33,147,35,6,38,54,286,86,28,-45,-74,31,89,18,-13,128,39,43,33,39,46,28,21,159,155,-17,238,118,-116,158,129,81,66,13,153,135,147,82,43,5,150,-61,141,61,135
68,-80,2,148,116,80,-19,164,54,86,95,-32,68,-56,-65,38,86,-49,-40,50,84,-53,73,-25,-186,100,108,67,95,37,5,57,68,-124,-83,37,111,115,-34,-84,-11,-50,-74,65,67,30,-56,0,-92,-54,138,66,-99,43,2,-49,-123,65,-9,25,-35,21,92,-65,-142,74,26,30,-66,-61,114,42,-57,3,5,-85,-22,125,83,5,49,-45,122,-20,76,-61,-42,-12,-81,55,7,109,75,66,57,30,-45,-135,119,261,-81,26,124
-58,19,40,-82,137,27,81,151,-67,-43,27,123,84,-57,-13,153,12,-109,29,85,-2,137,44,106,-69,142,-32,67,107,-40,-74,-105,29,41,-10,53,124,-92,81,-32,49,102,45,112,-141,-65,225,103,152,6,91,69,61,136,-5,123,97,164,81,-113,-139,60,-24,110,-197,101,195,-78,81,102,-6,60,48,54,135,-24,79,166,10,112,10,40,-89,61,90,0,109,34,-3,131,128,19,17,127,14,100,-80,70,-59,100,107,40,-1
73,-171,18,91,49,-8,27,17,182,45,128,103,4,144,15,-8,53,-42,-17,-87,-17,15,-121,90,15,36,-89,106,-43,93,45,104,-23,-113,-72,200,-90,54,-13,96,-14,15,169,57,95,-24,29,-52,-160,-156,83,27,-103,-13,-37,111,13,-94,-50,49,-60,76,92,76,-21,112,60,-23,178,140,-71,-141,39,14,-9,32,22,-74,-110,67,135,43,-6,9,15,-18,-10,45,173,-55,-143,77,15,-24,20,8,105,-6,-11,-20,97,31,75
-21,91,103,54,126,32,11,-63,39,-13,-45,-130,4,-59,103,135,76,11,202,-54,-35,89,188,-15,202,3,109,-130,41,112,-8,9,2,34,-78,10,-80,61,42,31,51,-32,54,-81,25,-21,-26,260,21,-9,-7,-20,48,199,73,87,47,101,3,118,109,-57,52,-73,-154,195,39,53,-13,77,155,84,-35,11,-102,215,172,183,102,99,81,-19,23,-6,76,-76,52,31,-100,-6,81,-83,35,0,-48,139,25,-32,35,74,-12,85,11
131,50,-13,57,128,92,-41,-107,-98,-27,-109,-96,74,-37,45,-114,168,-133,130,95,113,-3,82,52,191,-19,-39,8,23,-12,-60,-50,89,37,43,49,66,49,-42,152,13,-50,58,-105,79,-33,-32,99,11,8,23,-20,31,-39,89,23,-48,66,68,120,20,32,-22,-20,75,150,141,-112,41,67,124,21,-56,24,32,-52,-12,91,1,100,142,11,149,-7,74,64,122,121,140,1,68,28,35,57,-18,18,126,-2,-9,66,32,-22,18
56,4,96,15,5,91,83,38,-218,-14,-115,-36,2,90,43,-24,-16,-13,96,153,143,94,133,81,68,124,114,33,34,-85,92,96,15,-25,-216,162,72,132,30,-7,33,-59,17,11,116,-165,-94,90,49,-67,-86,-65,-114,90,30,56,-52,17,59,31,-2,-68,-80,93,-23,143,-48,-24,-85,-121,0,118,27,22,-7,28,80,-108,-34,135,-3,104,-22,25,5,-34,127,-13,-47,88,193,35,68,-49,28,84,-39,-62,46,171,-62,23,-28
-4,55,-11,19,18,83,121,67,4,-89,46,66,-27,-11,164,54,-38,121,75,43,-43,-138,173,3,-95,4,-47,-106,37,158,8,179,190,-17,-122,191,102,41,-36,156,-12,58,70,54,-53,141,113,191,-77,-13,21,-64,-15,-107,-89,-32,-4,174,56,8,-67,204,-111,104,175,116,25,76,-93,-162,99,27,-4,-112,61,1,-22,-127,78,-17,96,-75,162,69,-9,16,-99,-42,59,98,129,59,246,-30,143,-57,-63,-27,-61,97,172,-222,18
11,-1,0,73,-133,10,56,117,20,92,-20,-23,59,-5,-49,6,-69,23,-21,208,-22,-53,-43,-53,-54,55,-68,-64,17,160,-43,-11,-37,92,-22,34,-128,5,38,86,15,68,50,6,20,29,-39,-23,100,42,-57,-157,74,-58,-35,104,47,10,-19,22,31,24,-57,186,-133,-70,-61,-9,163,-126,-32,77,49,-74,47,18,-171,-103,108,9,72,-43,79,77,188,161,-56,47,-121,50,-8,-47,-49,-46,59,27,-155,-79,21,-130,-179,85,-16
34,38,-38,230,51,-6,-14,22,113,109,25,12,-26,125,42,195,43,-11,76,-6,40,98,-45,27,-49,69,-69,217,50,-3,43,26,156,30,-20,-18,-168,88,-7,-13,163,-17,119,156,101,90,51,50,32,4,-43,149,79,88,-18,-26,-71,-87,96,1,15,-12,146,23,-62,-57,22,27,-67,282,100,18,70,8,-23,121,-17,183,16,-14,20,-148,219,3,11,-28,39,76,-57,2,-22,54,72,6,-31,-108,113,-35,24,-71,36,186,5
84,58,-22,114,127,5,166,70,40,46,-20,-32,-41,177,3,5,159,93,18,36,64,77,164,97,134,-11,115,102,61,79,-69,-20,9,137,59,-25,35,235,27,86,45,69,76,113,-87,28,16,169,142,6,-46,55,-25,37,166,11,56,111,73,-71,-10,-32,32,37,-73,107,127,75,-33,194,85,57,-29,-32,10,26,-57,45,35,153,-85,62,43,79,106,168,117,161,-37,141,40,-98,-49,-33,-94,-53,63,-1,134,11,-87,81,-47
59,249,149,167,90,-36,65,29,30,17,-22,-29,169,74,-18,-97,-4,42,37,13,151,104,-23,84,2,16,79,123,153,-93,20,-59,-155,66,42,-89,108,19,95,94,112,-120,-10,-6,-61,142,-87,121,211,171,133,51,43,61,70,66,52,-82,-12,-34,129,37,-72,6,102,49,17,65,53,131,51,37,1,115,37,141,-8,89,57,33,142,44,-11,-1,-47,-132,-17,145,-59,-1,264,-40,92,148,35,-125,150,87,78,-69,58,84,-34
-10,6,174,61,53,101,8,163,62,53,-65,-90,9,65,-12,4,-117,-79,165,234,40,85,21,43,0,17,140,74,111,-94,22,-51,205,-117,-15,-51,-5,97,-15,109,27,77,106,47,32,-79,138,28,8,-65,68,5,9,253,80,83,69,-75,119,13,8,50,-40,-48,-30,94,-19,55,-96,100,71,78,30,182,49,298,3,30,-84,91,98,251,19,-25,-41,15,65,125,117,-129,58,198,189,93,108,-7,57,70,125,98,165,203,82
104,74,-22,145,-89,-135,106,-58,-35,68,-37,-42,39,83,-27,-76,-4,85,96,11,158,-113,61,103,48,38,41,55,58,-99,64,77,78,-89,-3,9,-99,-85,81,189,36,6,106,-21,-4,41,-100,34,-131,-181,67,-109,160,-122,-30,6,-62,-8,-2,105,58,-12,-12,50,137,-27,-139,10,86,-122,186,-59,-118,92,104,111,69,83,-73,-37,144,45,-54,89,111,191,-101,123,-15,-82,87,143,96,95,-133,33,40,50,35,-46,85,19,55
-39,58,166,116,21,174,128,-1,-120,121,-26,4,-44,69,-90,127,143,58,213,10,207,53,308,-6,73,36,19,143,67,-42,64,-64,36,25,-107,-72,40,87,130,28,-56,-22,-24,-5,-117,-112,-87,138,-33,85,230,-50,-15,27,72,-152,-29,-121,108,161,77,-4,109,115,85,-75,-179,28,3,-34,103,-11,-16,153,79,-55,-66,24,107,-35,76,-53,52,-86,68,35,-29,84,-157,93,-66,12,95,23,16,44,27,27,119,49,-120,-56,16
-28,58,44,85,179,7,44,123,93,44,-47,102,215,66,235,-117,51,-129,68,91,64,132,160,81,213,68,9,98,184,81,18,-72,9,220,108,-68,175,41,-49,35,65,109,26,277,-212,16,25,46,87,59,37,40,59,48,139,-28,136,75,90,65,52,103,10,63,71,76,34,-7,-13,169,25,18,101,30,134,40,-17,251,72,84,96,124,71,131,105,125,-42,196,31,77,92,-136,-52,17,70,46,-33,67,-47,117,74,61,48
-19,102,-179,137,49,-15,83,41,203,109,-44,48,161,153,62,-36,72,106,20,-48,169,9,-47,58,168,32,74,-2,63,-102,40,9,48,-16,-14,-53,56,-44,27,56,128,-32,170,30,17,119,27,-44,20,-104,12,-66,12,102,78,-14,47,157,68,26,123,43,172,-50,123,52,4,6,15,223,87,-42,-59,177,65,-55,-7,24,113,61,42,-25,-54,34,15,77,28,104,48,-188,12,-73,89,136,-93,128,-15,-24,-43,-41,47,34,-2
-51,121,113,-5,-33,84,-69,-92,-85,-39,64,-76,74,-25,40,8,-62,-87,174,94,-59,104,82,-63,-90,-77,208,-45,124,5,96,45,-16,-9,101,-153,-184,-45,45,125,-37,85,-44,57,8,96,-171,133,21,31,-64,82,195,31,14,1,-2,-52,-76,14,78,-133,-73,-63,95,112,16,-42,42,97,28,98,-45,152,93,186,-78,-72,-23,59,-39,153,32,83,101,-9,-39,84,-38,149,21,41,258,112,-36,-31,-29,91,40,20,82,93,56
80,-2,96,70,108,117,134,-96,65,40,93,1,-11,218,151,5,84,23,6,-128,182,81,38,23,66,-49,109,-29,78,-10,37,1,-14,106,-102,-121,-76,133,66,-82,63,-82,8,143,-43,-102,-42,-6,85,86,40,82,-18,-12,87,7,-28,62,94,35,149,-134,160,102,128,2,-158,-38,-95,279,41,57,172,-6,52,-2,-14,228,-91,27,104,-63,128,125,80,-61,23,5,-64,-26,94,122,13,-1,-72,23,-135,-104,-27,-84,-95,43,12
66,-173,168,79,139,20,25,-42,24,132,116,26,75,39,72,224,77,-55,23,1,88,30,161,-39,71,62,0,-12,38,74,235,51,79,99,67,-7,1,9,-1,202,277,-15,85,-17,144,108,-90,36,66,9,19,62,-9,-10,16,46,133,-67,11,76,73,119,87,-69,-28,-26,-95,-47,35,135,110,-188,-7,98,29,117,-93,196,181,-57,137,-159,11,63,168,176,-180,157,-35,4,-20,-116,-54,-32,23,4,95,73,103,30,-54,121,20
35,45,62,63,-63,-101,8,1,96,127,13,-65,30,-69,-26,-132,101,-78,25,3,8,-100,-82,-46,197,54,77,25,185,3,-13,-190,-23,103,15,-28,95,-72,60,20,75,-65,1,175,-180,24,-119,61,43,84,96,90,220,0,145,-47,22,27,137,19,65,17,25,-120,61,97,-17,62,-43,114,8,76,-2,131,26,47,71,216,100,57,133,127,60,33,71,101,-30,148,-57,-75,109,-16,0,149,-31,64,90,126,66,92,-72,141,98
-91,20,59,129,-25,39,102,74,-134,145,62,-127,76,10,-27,14,181,126,192,-166,35,-158,95,-79,154,28,77,185,195,109,60,113,-46,-43,135,-139,126,130,126,145,-8,144,-11,92,-220,86,-170,3,25,31,203,97,59,-62,67,59,50,17,99,-88,138,130,102,131,189,102,-104,12,-118,42,36,-23,-58,131,265,-176,-75,105,91,-28,-52,68,-39,30,-21,83,29,12,-103,50,-91,71,-92,48,-108,137,-35,5,22,69,-113,-1,-66
184,45,-3,153,107,276,-61,141,60,126,-44,-48,-27,118,0,150,46,274,199,61,89,-26,210,-24,146,33,53,12,37,42,-45,78,44,-48,48,-87,94,12,93,74,31,32,59,-1,-18,232,70,188,166,-14,22,-97,-19,52,65,-149,-38,46,53,-25,227,209,175,60,77,159,10,39,-122,47,181,6,-108,57,-32,156,34,40,188,100,99,-11,69,-208,-56,95,105,56,-10,60,-8,-44,220,123,7,85,35,37,190,70,30,-77,133
83,223,-44,73,26,80,113,25,98,217,262,93,23,-74,-79,46,53,8,232,42,-1,-31,263,50,-33,-16,-127,-53,13,219,35,36,47,-47,-18,89,-2,175,-114,-35,36,-14,4,-103,55,-64,-5,16,104,-87,157,0,-61,-35,20,50,-32,79,25,96,0,-21,54,25,36,78,26,-2,-124,-80,71,79,-1,-40,47,-145,7,13,11,41,157,-179,41,-43,119,86,54,-26,23,-33,82,178,-65,-194,170,66,75,-136,137,104,17,54,74
-6,-90,81,141,157,-35,7,-100,175,50,16,-50,19,104,82,1,-30,-44,168,-55,81,157,-35,-46,17,13,36,94,87,50,287,64,82,79,117,-52,-131,114,-57,-78,75,58,72,90,-79,79,-8,-85,-34,124,39,30,94,12,-22,27,29,11,86,-48,158,21,-15,-102,-63,32,-54,15,-30,101,-31,18,-58,35,16,42,59,204,22,138,129,-9,42,61,139,-44,-27,133,-72,-13,-48,-95,-69,51,-106,-132,62,150,54,-13,10,45,73
27,-75,85,-67,136,63,-25,91,-53,-7,23,124,-72,118,-41,163,-52,-70,120,16,99,-3,-2,2,91,50,70,-24,184,-69,62,-61,153,-92,34,-100,34,96,108,47,79,1,71,-48,-16,64,5,-34,119,125,97,162,-38,56,94,-39,-47,48,-71,56,37,119,124,126,-101,-88,-45,-46,-140,175,-41,-42,114,181,179,62,140,154,-89,30,142,80,74,-227,59,-2,56,-101,29,-62,50,222,38,-11,6,56,40,48,34,131,94,118,154
206,22,150,45,27,13,63,-189,88,-83,-22,-35,-93,94,159,144,81,85,-9,139,87,37,48,132,12,24,-21,-44,107,81,87,60,102,81,22,-7,-200,-44,-101,26,-8,94,59,134,99,-24,-25,-46,56,126,175,1,51,180,68,-41,-52,92,-65,195,-15,79,126,182,184,-16,-22,56,109,63,277,134,15,115,81,19,4,99,-62,98,69,-160,56,150,114,-85,-50,81,-1,105,115,61,133,88,63,93,-17,73,49,0,-95,86,-25
39,130,130,59,102,37,106,76,37,178,-61,-15,-84,-7,86,-19,114,125,169,-5,-121,182,268,15,74,45,105,146,42,-74,6,13,162,-87,23,-175,-36,-40,45,116,-65,60,106,37,115,-26,-13,94,28,-54,46,120,-3,-11,-9,108,119,57,38,68,79,47,104,20,105,73,7,196,-217,32,60,-97,65,109,65,27,-109,-69,38,-96,-16,53,14,59,100,-7,-63,5,103,64,-42,-148,142,173,-54,125,31,13,125,192,-38,112,51
78,-95,123,83,71,125,-126,140,55,-5,130,36,47,-14,115,290,78,102,52,69,82,50,120,182,-50,156,25,194,29,84,70,21,20,39,-33,188,67,33,16,143,12,50,-50,-73,-26,-27,115,133,308,-8,214,-48,-144,58,41,193,143,59,-27,-125,17,-6,198,220,-37,105,-23,76,-92,102,53,-51,99,3,86,81,221,81,2,33,47,81,34,194,61,71,-26,-115,-52,-9,51,153,-56,79,152,187,8,-36,48,161,167,69,36
-13,38,61,-90,35,168,39,-70,39,-33,-21,-22,38,81,-47,32,6,27,214,48,200,-81,223,-68,-29,-149,82,33,10,15,-15,203,186,-83,71,-142,49,25,105,110,-23,0,83,-117,-46,180,161,-199,-4,103,94,-183,117,-53,36,-143,-11,-19,39,-22,217,170,94,53,110,7,91,-11,80,37,-1,8,-128,23,-50,87,-27,-18,-24,148,115,-108,-40,-227,152,-55,179,69,11,100,-40,75,91,33,115,96,95,-60,-9,31,-4,-148,82
2,172,-51,60,29,7,-59,2,-80,191,144,135,67,31,14,51,80,-25,31,71,-42,-27,86,-11,-19,-15,-39,194,25,-82,88,-1,-44,24,22,157,-9,-107,17,-83,-79,-92,-198,75,-88,-91,-20,-128,42,-142,146,-124,-14,-105,90,0,-28,-40,50,1,-18,-74,-46,5,23,-58,112,117,-160,-23,-38,-19,-3,-12,77,29,57,158,-60,126,46,43,132,130,-70,-69,-54,16,46,-30,83,47,-14,267,-116,-12,-84,45,32,90,72,-24,58
36,-47,46,-77,-32,68,24,107,165,-54,-59,36,44,13,33,74,50,-27,-2,74,-16,-53,25,-38,-7,182,36,106,25,215,-24,40,-90,188,7,-40,42,-78,32,-138,23,102,89,71,57,17,-40,-143,141,-2,134,-76,-1,-13,68,-69,21,63,-8,43,159,119,309,257,-24,-141,15,121,5,23,-75,78,-94,1,95,-28,149,154,218,54,1,-134,-59,80,148,108,19,-17,0,79,88,-25,-119,146,142,33,-34,17,17,9,63,81,153
-110,49,185,108,152,204,36,32,-178,42,-14,0,53,-31,-1,36,123,-93,166,95,200,108,163,84,31,10,40,60,6,-86,56,95,-9,41,76,-103,156,67,183,131,132,47,-61,-171,17,-68,15,160,219,35,18,62,67,29,-22,32,-51,35,151,-42,31,-51,112,73,-80,6,-45,91,-29,158,-24,3,125,63,-8,25,21,71,20,97,-120,0,63,-100,75,29,169,-29,68,130,-113,129,-63,46,-16,-74,40,-128,197,91,68,201,-85
73,-63,-44,45,86,111,86,53,-37,80,-35,85,2,-39,33,-11,115,168,162,78,93,154,232,272,154,-96,-113,148,37,-191,8,-118,188,6,-39,81,-154,125,-55,130,116,16,-55,44,37,-10,113,175,-123,-35,162,-6,-8,4,83,33,41,-46,67,37,-66,54,-88,114,1,-66,-86,-63,-180,82,151,-110,14,177,27,92,-51,58,-43,-44,-53,34,100,-37,-28,-55,-105,194,-4,-223,-63,18,100,-13,-44,-40,23,-60,-60,-6,13,20,87
1,-5,-34,103,55,78,-101,79,106,31,177,-70,144,72,-38,114,-105,4,119,60,-65,76,-55,-32,-45,8,236,-8,-45,109,139,147,-3,20,-113,-36,99,56,68,-27,88,77,113,68,145,120,71,139,58,16,-82,8,-1,185,126,36,65,79,-55,-57,33,5,36,-31,50,103,-82,-165,70,85,35,118,-54,17,87,79,-28,72,256,75,17,79,7,9,73,2,171,-22,-10,-8,0,62,117,74,63,49,66,72,38,88,143,84,151
8,-20,31,119,29,-47,-103,111,105,218,117,-118,-24,-65,17,73,-84,87,161,34,-96,73,91,85,140,-16,16,121,54,150,131,3,39,2,135,-39,114,-28,124,4,29,-127,194,5,-49,-28,46,116,-111,-60,90,129,-45,64,-15,128,182,3,11,89,40,46,98,-114,-16,185,4,-92,-20,61,63,63,-76,-123,-43,144,140,204,88,109,214,-49,31,33,-38,-8,-45,9,40,-34,37,17,15,24,-15,-24,46,137,19,59,-13,66,-24
-129,199,60,-80,-131,244,-8,-108,38,165,88,50,42,35,-6,1,-41,33,64,83,-48,-74,54,59,246,-42,153,-71,-69,-24,-60,18,24,115,133,-42,55,-26,133,30,244,-75,75,-14,-15,-110,62,147,67,68,-106,20,95,-110,95,-27,86,-29,242,160,100,-48,-55,-151,96,-110,-83,3,-58,74,43,64,112,-37,-170,8,-123,197,63,166,19,-33,115,-47,-36,93,-56,94,-111,-77,-75,-103,-44,85,-186,-41,32,53,6,-44,1,9,20
-111,161,-10,99,74,46,-21,87,3,-136,-28,13,90,15,139,-3,86,-132,100,97,144,109,87,12,129,-6,81,54,145,136,4,-28,-8,-82,134,52,137,49,-76,94,-42,11,-111,126,-51,105,20,109,-71,122,41,-1,96,-15,139,-80,-87,133,74,88,-13,6,71,129,-3,-69,61,-61,129,0,43,36,124,139,59,7,23,134,75,145,-75,147,108,-10,129,37,170,58,123,62,-135,-66,117,213,37,9,-41,86,-66,72,243,99,36
-26,93,106,67,77,28,77,-23,170,-57,18,178,61,74,115,70,139,50,28,-228,138,-26,107,29,106,7,-16,-82,37,168,39,-31,40,222,-107,-8,-11,-41,137,-28,-136,-57,-13,101,-104,159,119,149,72,118,68,-40,-43,32,116,-77,-66,-9,-36,91,100,-119,95,27,36,-16,7,115,-14,80,73,-12,117,14,-80,-67,60,246,69,46,105,121,87,51,-35,-108,99,-64,97,-17,133,-32,133,193,-15,98,90,-119,14,-67,220,-92,71
-69,-77,-114,50,109,-52,-75,183,19,-49,-28,-121,117,72,82,163,-182,-41,37,148,23,14,153,-67,-61,73,128,-94,81,21,120,41,-16,33,45,46,192,48,-25,10,-63,138,108,58,105,142,20,-85,42,-111,7,-37,-170,43,107,50,-38,192,145,44,69,73,87,-73,-24,-36,92,15,53,69,151,-104,46,-9,39,65,-65,29,122,159,68,-31,-36,-32,-135,238,79,145,193,80,-18,11,135,24,149,-4,-90,-7,44,28,172,-6,-21
48,99,123,264,-10,-3,42,102,245,86,31,90,154,190,0,-2,-144,70,15,-127,101,-53,82,66,30,26,76,88,213,109,95,-158,93,-31,-27,-121,-14,45,1,57,-126,-157,173,64,24,140,-10,47,20,88,163,189,-36,-51,112,-51,-124,11,-106,95,119,85,80,-111,196,5,-43,121,-104,111,-24,-20,-41,96,44,42,40,228,137,-5,319,135,143,40,-60,2,106,-52,59,-151,205,-17,150,182,49,81,26,84,-49,-44,204,48,231
145,73,177,220,103,183,72,63,90,175,23,-63,8,100,109,15,137,-34,249,174,99,43,254,141,-108,-30,6,85,-150,-38,29,38,24,109,-81,37,85,2,58,71,82,-155,-28,-9,-5,30,-34,133,80,18,269,-43,-36,40,103,-19,123,-137,64,108,-23,115,31,9,112,159,66,2,86,120,169,28,107,90,-56,74,-57,164,-78,26,30,-5,174,-26,76,81,58,-6,20,117,138,-29,20,174,136,69,18,89,164,191,-100,76,100
-52,161,-21,-75,43,91,71,-47,37,-35,6,102,48,92,142,-16,-23,-36,-94,136,-20,77,38,8,26,28,-40,-4,89,-15,-39,-122,162,116,-4,59,-33,95,112,41,-41,-15,165,192,6,119,99,-65,30,54,75,84,48,83,-31,-124,20,-21,-42,63,181,126,42,79,100,-9,119,68,85,65,119,-94,8,56,52,3,59,76,10,13,-41,43,38,-4,-13,75,196,32,49,-63,10,-19,18,-64,13,66,83,-50,69,118,112,-23,2
-21,4,63,45,-76,52,-44,-18,70,11,90,126,159,183,138,33,-3,-85,-28,102,118,53,114,-27,-9,35,93,-77,-37,120,-33,-26,35,-44,-45,-109,-20,74,-96,142,220,6,101,11,-70,126,-83,-15,27,131,99,52,88,-28,-45,40,70,119,-5,67,96,73,30,27,-4,-85,109,-102,167,237,86,95,124,168,116,118,-51,60,22,197,23,145,130,285,156,160,42,7,-31,109,22,19,71,-23,24,211,138,116,-11,51,97,156,-6
97,53,79,21,148,73,-8,-37,165,88,59,144,14,-30,48,171,28,64,22,36,94,-42,92,59,40,-13,-192,-123,26,19,16,204,50,144,-41,26,200,9,129,41,152,87,-21,29,26,135,22,133,154,12,155,-34,17,128,-43,-57,144,-130,36,72,1,76,105,197,69,-66,-68,-45,-126,217,-76,-27,151,157,-32,74,47,21,-2,55,-129,32,-30,-23,-124,-67,65,-2,2,70,-30,109,-5,18,111,11,65,120,-65,72,75,39,23
18,-20,147,96,84,17,-54,14,14,125,22,102,199,11,59,-30,128,48,4,-22,260,15,131,79,45,-124,-102,-114,112,109,-40,194,220,69,82,103,226,-52,-20,126,111,169,36,15,-5,146,98,-34,17,-82,182,-29,147,-28,-43,-53,133,13,-26,-66,81,45,110,-17,130,101,173,-45,-33,-68,-44,74,-59,-11,30,46,-35,-21,27,-4,144,2,-62,-49,10,130,67,115,81,-6,-52,39,143,86,175,85,115,149,-68,160,183,-62,33
53,71,48,241,9,194,-70,79,22,-42,54,-25,7,-36,-1,120,173,28,104,-104,167,47,63,139,-88,-85,70,-22,-7,-127,-92,-41,51,82,-5,72,65,145,3,-103,81,92,-43,125,-109,112,11,-18,145,135,89,20,-36,-10,16,-29,-11,-36,104,-54,142,34,-17,-39,48,79,-26,161,1,61,33,-55,109,92,-15,7,110,98,-24,85,36,-59,86,-87,-46,-16,-8,29,-77,-212,-103,-58,-33,188,-23,61,-32,8,92,105,-17,-7,-10
182,30,39,111,53,261,-123,29,259,210,61,34,69,11,93,36,75,-69,69,189,193,-143,190,-15,118,9,-34,-17,15,7,104,-94,-43,-7,-50,23,14,136,19,147,96,-202,-87,58,-47,-85,70,-15,162,72,55,-16,-114,37,60,-97,145,-117,80,142,141,89,-3,78,-26,107,30,-111,-20,79,36,-107,189,116,-29,129,106,132,80,163,59,20,162,-46,90,-9,126,-16,15,-102,97,-95,-183,31,31,211,132,-92,-59,37,13,72,195
134,-106,127,47,-23,96,46,-27,123,61,130,-49,84,-123,52,53,146,-27,-92,54,57,-28,40,109,54,-117,-20,46,-36,25,39,-71,95,55,17,97,13,117,134,102,-26,88,-157,-129,26,133,-28,70,145,148,143,51,-107,147,189,-6,-11,40,105,-78,-113,-139,25,107,15,59,17,60,85,114,-59,-25,-8,96,14,-19,34,174,94,53,4,-75,-42,-39,43,31,17,-14,-17,26,-69,82,23,-59,75,44,31,44,-51,-1,52,18,79
81,-7,-49,-38,5,125,-55,162,58,12,58,-223,104,109,60,17,-10,12,154,36,58,8,-38,-93,-11,83,163,5,57,-31,90,-86,47,0,-92,-20,-117,32,-122,-110,32,4,-21,59,41,38,62,-258,88,7,46,-10,51,119,63,116,-22,100,-17,-71,-106,-31,29,76,-76,-91,-109,30,-53,95,-42,172,70,-184,9,8,5,78,51,96,-103,-24,-2,51,116,-135,-23,-45,28,1,91,161,-54,-31,104,14,-97,-64,43,43,59,124,145
9,88,-1,57,1,85,-9,119,99,33,16,-165,111,92,106,126,78,-10,57,58,116,-23,28,-5,-27,160,56,29,101,30,60,-60,-129,-138,112,-15,126,53,-36,93,185,65,122,116,46,-20,-40,92,-7,-13,219,141,101,42,63,67,155,82,43,140,33,162,96,87,59,87,-91,-15,46,47,155,-40,47,80,143,109,-1,57,178,7,-18,88,58,69,-21,133,-48,51,56,18,64,-38,88,19,63,24,90,49,-157,91,172,-48,189
80,51,-19,21,-32,61,90,162,-8,7,6,50,61,31,109,-50,-15,-17,152,152,85,-102,118,110,-26,11,134,61,132,-18,18,-190,103,26,49,-50,-28,18,209,59,83,-109,104,209,-49,148,-13,153,94,57,-81,52,39,67,42,116,-24,51,119,49,107,-11,-111,-28,60,32,84,77,-48,71,165,-15,3,70,-17,154,86,194,37,122,128,169,182,-37,51,39,105,153,155,-118,197,63,116,197,5,-21,115,-38,-90,124,138,-74,29
102,-3,14,206,-12,69,-78,25,166,-31,-18,-42,241,-56,-7,-12,74,36,221,100,187,78,190,128,-31,-88,62,4,85,-62,-65,-57,181,-10,-3,-6,-13,21,50,138,-11,-127,51,-109,33,297,-1,79,-30,24,84,-17,32,7,49,12,-126,42,98,37,-73,-26,-26,67,7,175,4,16,-48,6,183,44,-81,99,-102,166,-12,-1,-157,68,54,-24,-54,-49,207,72,-23,119,90,-55,-51,48,232,-58,114,-21,51,-66,30,-42,-21,37,15
-73,85,44,35,17,-43,28,123,-97,13,-16,85,93,91,41,131,-31,-67,26,103,107,107,113,145,-139,215,63,113,155,-46,54,-158,30,-135,-135,164,39,108,54,96,-25,29,35,99,-13,-160,-87,59,-39,-101,95,95,-160,163,-30,88,65,7,-60,145,26,-40,65,42,66,-48,11,-33,-26,21,33,-7,70,44,12,63,55,-1,22,-19,135,59,-37,203,70,136,-179,69,36,76,-58,79,95,-70,113,-34,-111,99,14,86,157,-16,-9
12,-47,33,162,30,-88,-24,174,15,82,-71,49,111,122,-47,28,-3,133,67,-87,60,82,43,144,-59,124,-36,1,-3,-11,-32,11,71,41,125,-143,33,43,-136,-16,94,84,73,69,29,155,108,28,-25,131,-127,93,-33,15,157,40,-53,144,80,-18,-56,140,-13,-93,49,7,-37,59,47,41,144,-36,-34,134,94,-44,-68,45,-96,60,0,120,40,-86,-14,60,-54,100,-4,18,-98,-30,144,-4,22,-39,95,-52,29,-15,37,-12,-72
-67,-26,66,130,-66,31,-64,19,103,155,58,-148,-4,159,73,205,30,-17,118,12,21,-32,-22,0,-3,-53,17,64,13,155,9,-56,21,49,117,-45,-23,169,8,-12,23,139,18,79,-129,17,20,64,168,158,79,133,-3,71,141,-41,141,-2,81,48,112,10,105,-151,81,-28,-105,17,-49,150,13,29,156,29,106,26,-80,173,2,66,131,33,121,-25,-66,279,-7,73,-223,1,-66,37,39,-75,130,136,93,56,-35,-77,68,12,102
23,5,16,49,55,51,-5,71,-31,104,6,35,-50,149,-69,31,-23,60,57,-67,38,1,-35,-20,176,182,68,157,136,-27,-123,36,-2,9,76,-79,-18,61,-36,100,26,-45,151,-44,68,-96,132,27,59,-76,66,3,-104,66,63,53,87,-120,34,3,-39,-22,-42,103,-24,-4,-109,-81,64,-117,35,-84,-104,168,139,70,25,-70,-120,179,121,-39,-118,80,-131,59,-44,-4,-87,70,74,94,110,57,-90,43,1,-53,77,86,102,0,-24
-13,135,8,145,22,-58,77,105,-67,66,60,-85,-69,39,96,197,-85,90,159,-100,-34,-72,87,-46,73,30,-29,67,36,119,100,203,-83,-21,215,-54,73,-13,43,123,103,45,-79,-21,-27,69,36,124,58,-132,24,-6,2,-105,5,15,106,-4,153,-20,12,60,49,91,16,26,-68,71,-54,54,-48,-36,-30,-52,90,-68,53,11,36,87,66,55,53,9,-42,137,-42,93,-24,66,99,89,45,120,5,116,-47,-2,85,-134,223,-64,-48
-39,135,34,-26,-21,27,22,145,53,69,165,97,38,79,16,5,-92,-119,81,127,-52,165,56,-43,6,-151,25,14,27,143,-56,-48,106,99,-25,88,-40,107,10,-96,136,-89,81,90,123,146,-13,153,27,145,-36,44,103,-73,56,73,-25,73,-15,-48,92,-35,-77,-61,64,-185,38,82,-74,134,51,36,88,-169,35,12,-90,10,-13,87,157,131,182,74,154,85,105,23,-9,-67,74,-21,-40,60,80,-51,59,-37,167,66,73,49,49
