-164,-51,199,8,122,108,83,-163,41,-120,-173,-58,55,37,40,48,16,76,127,-96,-26,-41,305,153,25,62,85,113,69,-51,-97,6,19,65,172,-37,166,24,80,27,-65,113,-42,171,-40,51,68,-67,-37,-118,27,101,177,-49,-5,-7,65,-40,-28,17,20,82,126,-49,-42,133,-68,27,84,130,97,51,34,209,-136,87,65,-7,93,88,-44,40,74,-11,-167,46,-191,173,-75,-11,-1,-14
-71,86,-25,69,133,118,44,60,29,19,-165,-95,106,136,194,27,-64,-17,-34,-14,-76,-135,-41,-31,20,19,-75,112,-35,0,34,94,-112,25,119,-60,54,20,78,-65,57,114,136,95,-91,100,-212,19,-24,-33,-10,38,-42,138,70,149,2,45,151,-7,-23,129,8,-12,143,79,21,67,-82,0,19,-39,127,45,-126,-89,97,4,-20,88,-67,23,131,31,-158,-10,-107,4,-40,86,-118,103
-42,-25,55,29,-39,-16,159,-14,94,46,24,12,144,-19,-57,7,13,-19,90,-121,40,-36,25,2,97,-40,-26,-42,235,40,23,-68,81,121,-62,168,19,107,105,140,101,205,41,30,-34,106,109,-32,-66,-103,39,64,67,-67,-82,62,9,-32,90,78,37,-35,102,-63,52,13,5,27,13,32,12,166,14,30,90,42,51,8,67,14,-19,31,40,58,-14,-12,138,-18,117,-129,-62,54
-17,-9,33,-79,-140,-66,7,13,-21,56,52,-29,47,110,34,104,30,-106,-13,-26,27,-63,-36,-52,-65,169,-9,-10,-26,19,69,134,134,67,18,201,-38,-23,67,20,19,-74,16,-152,89,63,-35,21,165,91,20,115,-82,5,-34,-37,69,175,30,6,-169,-22,92,-11,9,28,42,-76,-10,29,139,95,63,127,224,-12,-60,131,79,-51,98,26,68,71,-5,140,31,-2,-70,30,-104,111
-27,47,-118,-119,97,106,50,152,81,165,112,124,90,37,69,-79,71,54,106,154,-10,176,94,226,96,52,148,-2,77,119,22,-49,-48,-7,87,-155,84,-112,3,59,-47,-47,-3,35,-36,164,84,-16,-87,7,113,-21,36,-15,181,-120,124,-2,-39,-31,64,-54,14,-62,-48,-18,79,-10,45,24,-17,25,-46,13,-99,143,-32,94,-31,-25,33,75,-103,-83,-84,99,75,-83,48,36,39,-93
-17,64,-79,-142,-44,76,-18,53,12,-40,26,26,-25,-102,69,70,25,-71,12,29,62,68,85,171,212,100,25,116,14,177,67,-48,81,121,147,-87,102,166,-23,92,-50,-14,34,-36,-26,3,-34,51,3,67,-36,63,92,-75,130,-146,-37,-5,34,-85,50,-43,-78,99,54,-55,-3,45,-111,-85,181,79,-8,-24,-79,29,74,-92,55,-4,156,79,-46,68,-84,-34,-99,16,136,-115,-37,-4
-41,-21,131,56,150,96,-5,-16,96,-41,-7,-111,53,-22,-32,50,43,111,83,-80,31,23,-21,198,5,-2,-169,-202,47,53,7,181,77,-30,-2,-57,32,-50,27,-19,52,72,-49,69,2,55,-15,11,-129,111,151,61,73,-5,-2,33,-15,40,-72,135,30,-42,69,-5,145,27,-2,103,-85,-11,3,-9,69,26,-27,66,-63,128,84,39,74,-77,71,42,61,-41,-44,-13,-49,18,67,-2
-110,87,58,0,0,58,155,49,-19,3,-50,48,-8,-11,-133,-2,21,171,97,133,41,67,11,101,29,35,-7,-133,-51,42,-59,41,39,111,86,68,37,-30,32,-87,6,131,-105,-76,86,122,241,-70,-4,-9,18,-66,-9,-14,49,42,160,36,235,-46,122,80,83,-6,-28,2,-26,-73,76,15,101,107,-2,65,43,53,13,-25,34,160,66,-86,-12,33,-110,93,39,2,-23,-197,-71,-15
-13,-76,132,11,172,-100,232,18,59,-41,-55,-48,79,-26,163,132,71,100,30,11,54,22,146,52,45,44,-37,-47,7,63,77,-21,51,169,75,14,-2,75,74,119,17,216,3,23,-51,-142,28,-104,-42,-50,-14,120,2,33,67,-11,28,25,15,-11,135,64,80,150,-104,107,-122,29,34,11,127,-62,-96,3,-3,166,-37,-1,73,-93,115,73,68,42,113,-11,36,-63,-43,62,-6,109
-36,-6,16,83,133,-198,70,76,-40,54,80,-53,291,-10,-102,-36,65,-57,14,48,8,-26,-142,-42,-101,-169,77,19,-4,123,28,-234,-77,120,56,-76,11,-126,122,157,64,11,-34,-43,33,52,67,74,108,60,192,-28,140,31,19,-3,10,-31,-40,33,92,14,11,174,48,172,109,64,187,41,-16,94,-177,31,72,-42,49,-27,17,8,50,106,-68,21,37,119,27,-109,4,101,16,-2
-17,-125,-70,110,25,66,51,89,-9,164,-39,130,-82,-75,116,-111,106,138,-56,79,-77,23,43,12,-12,14,-3,54,-56,49,-58,41,72,74,-9,-17,-30,111,157,48,115,19,138,41,-121,-80,36,-12,79,22,2,-55,30,-132,135,-1,62,43,59,161,-12,89,38,203,10,-75,113,145,-12,-34,-87,-73,-2,-100,123,32,13,88,4,-34,17,17,163,-21,29,5,179,65,32,82,28,55
-69,-27,35,107,-78,273,127,127,-55,-36,-27,-33,-6,70,16,166,-4,-94,30,-145,74,96,60,158,-77,99,36,72,54,-14,47,65,-69,14,63,29,139,87,-50,-136,21,76,41,98,-20,22,14,-82,-119,-65,31,-99,-73,19,203,89,-109,64,109,36,53,-38,62,-104,42,39,-92,93,-32,-161,93,97,11,46,-247,145,53,-43,48,18,-73,-24,19,-50,29,-99,-69,40,37,86,-188,3
60,-81,-39,78,174,-23,126,124,-77,115,87,117,130,57,34,26,33,-109,-56,39,-6,5,-40,94,24,-114,91,62,18,41,135,-204,-97,21,53,46,56,8,-39,-15,-26,91,98,-22,4,14,-112,20,12,-50,-14,-43,116,145,224,-119,1,10,-44,4,123,78,122,-10,-21,146,77,41,-8,-54,58,-94,-61,-4,3,-31,47,-104,70,-103,140,-19,-152,-44,108,141,46,118,103,105,-4,-49
95,-25,-39,105,93,10,-120,94,63,-13,14,50,-64,-31,184,93,125,72,40,69,115,57,164,-36,51,179,96,-20,82,39,102,-33,85,88,52,87,166,102,12,160,99,110,69,-10,-63,-132,-81,30,100,42,-57,70,-63,-86,46,79,-46,4,45,103,14,100,13,-84,80,-34,-143,160,29,13,-4,-40,25,-46,27,69,3,-14,-5,0,-91,-56,56,52,-104,-34,91,103,49,93,-20,130
20,101,-152,6,-85,34,-43,80,-51,-33,-54,99,-72,51,58,-29,47,45,-22,-70,-36,98,56,-162,87,67,73,-47,13,6,-39,128,-16,-13,-67,36,31,121,-21,-9,5,105,-25,23,1,-57,51,19,146,28,13,-76,68,-3,92,37,-96,48,64,13,15,-17,20,-14,19,-23,25,18,109,55,-17,99,93,-33,123,53,45,24,-114,-20,-24,-22,35,24,-48,-132,129,-26,92,125,-5,-54
-6,92,81,53,-9,21,86,-106,62,111,0,-9,-65,69,-24,38,88,38,-67,4,1,-28,108,-132,60,322,-9,-26,51,-35,-8,39,-32,30,0,152,48,117,41,167,97,201,-5,-35,48,23,26,18,-119,224,30,1,-122,-38,47,65,74,-26,124,-9,-102,55,-82,-44,115,-16,-43,-5,79,-19,81,-53,125,49,60,96,-45,38,53,39,-148,-60,213,116,-1,-26,141,-27,102,18,-99,124
-60,-46,190,36,1,-93,36,103,-1,77,142,-26,84,20,182,-8,-41,76,152,100,-48,30,139,152,-89,51,-70,-99,143,49,-31,-98,156,39,26,117,57,133,152,26,32,191,141,-39,49,148,92,126,24,50,187,35,-52,-39,144,-125,41,63,-65,71,-95,-39,106,132,-46,81,-52,59,39,59,213,129,-7,16,80,-21,108,36,10,-110,50,-32,150,-132,-34,106,-11,76,-79,-10,24,137
-63,140,60,11,63,75,82,28,-105,86,-65,15,42,45,74,1,98,-126,124,110,109,-38,74,35,61,88,67,74,-56,99,0,-143,-136,8,27,-24,164,149,127,-19,22,26,138,-9,32,-54,123,91,-101,95,37,-52,33,-28,64,23,-95,5,-53,56,66,8,103,-81,-29,9,49,212,131,69,-126,59,-19,35,12,-4,97,20,15,45,7,-114,-27,-7,120,-60,53,142,-10,173,175,82
95,-23,73,218,-24,-12,91,-117,-54,40,66,-189,144,-122,44,213,-120,55,-1,-15,101,110,73,-32,43,0,-107,-85,-40,-106,48,36,43,-30,37,40,-20,91,3,-107,-59,-26,97,-27,-52,26,219,-8,-49,-27,33,64,-131,-88,134,41,-76,-20,195,15,207,-93,187,128,-84,-33,-73,154,-12,151,115,125,85,-159,29,67,79,51,19,108,104,35,-72,44,-8,-146,62,140,-12,49,-84,1
-37,-14,7,-9,-6,27,22,-45,-15,-36,-79,-40,-23,102,-19,-69,254,30,-76,-125,58,101,27,-39,9,-12,59,-20,-95,-31,39,46,90,74,-106,60,203,30,89,160,-94,-31,-70,83,144,76,116,4,133,155,48,1,70,4,91,63,-106,14,152,-56,-38,-34,51,9,-3,-39,36,-69,80,-23,90,99,16,192,164,65,-34,33,125,14,187,45,121,71,-55,148,200,40,137,97,2,-52
89,61,-97,11,43,-68,14,191,113,96,35,133,0,-110,140,8,187,-86,59,116,-44,-45,134,171,-52,-26,-22,95,-85,75,47,-121,-17,78,-85,14,31,-18,99,-72,49,45,79,19,173,118,88,84,-6,-23,-6,-24,122,13,-77,-58,-61,28,91,-5,48,57,34,117,80,-43,71,55,72,135,69,120,-9,-56,18,-133,68,56,94,-98,118,-191,17,12,-102,118,-14,-32,57,46,-29,15
142,18,-184,32,-49,80,53,-49,30,0,25,-6,44,-194,34,-47,60,-63,60,-110,59,21,39,3,0,35,48,20,45,110,106,-54,-9,-109,-77,33,-103,140,-81,12,-103,-35,27,-58,-27,-17,9,-83,-83,-5,-102,-76,6,-5,-48,7,-69,24,22,85,48,59,43,77,-43,-157,25,98,-56,130,33,-41,-75,-73,49,35,-15,84,138,-75,125,-21,-86,159,84,-33,49,56,-5,24,23,-8
164,-2,-68,-64,61,-72,94,83,111,51,129,-22,120,54,103,15,-115,12,27,2,-10,-109,119,-5,-60,38,-123,-70,21,-92,106,-112,57,45,113,113,-34,-50,28,-30,-10,53,79,-134,-75,52,-61,70,40,-77,39,152,-136,116,9,9,126,53,60,75,-82,5,157,31,-90,93,60,122,188,14,31,52,-101,-23,18,-57,220,-68,-18,44,-17,3,-61,14,-8,132,-73,38,-85,65,-72,52
-62,59,33,-55,-6,-46,-22,-18,72,39,-1,-80,128,-10,-30,-46,84,82,132,155,0,-10,287,94,14,20,88,-58,-6,39,-65,105,-122,7,81,76,38,20,187,137,116,17,-96,51,80,219,211,109,43,60,145,39,-3,-76,22,-73,69,80,-37,1,122,-55,33,29,124,76,61,29,132,145,131,132,39,33,39,36,16,74,182,62,168,29,84,150,47,-135,76,-4,-56,40,-15,84
115,-58,-82,-165,-160,-27,164,5,156,-51,13,10,-7,28,65,47,92,-93,11,-37,-19,64,64,32,40,168,-148,257,-97,98,-42,-89,71,45,-166,72,41,11,-90,7,-85,-44,-83,-128,31,96,125,67,-81,44,-50,-41,141,20,19,-72,-93,-32,43,106,88,33,3,19,10,-154,-52,49,46,-69,27,52,-1,-53,-62,28,34,-2,-7,-25,1,-51,-32,48,31,-59,45,-89,57,111,-49,-52
83,-2,112,-51,-169,4,187,62,-145,-6,-18,-35,-54,16,253,100,-56,-38,141,33,-29,-45,134,139,115,-32,-79,112,3,97,27,-136,-112,0,115,150,101,87,8,-41,19,238,143,-57,-127,59,6,-58,42,24,19,62,14,179,-76,73,-58,92,-45,41,9,173,114,184,72,91,191,113,9,56,136,69,77,-76,137,50,94,124,112,6,-67,28,90,33,-175,107,-63,81,23,-43,-45,89
1,73,63,151,9,45,85,28,-76,-30,53,49,123,-54,138,83,109,60,-90,-124,41,-66,141,52,123,127,-37,41,-5,-67,34,-28,15,135,57,36,1,31,54,28,49,24,37,76,-16,191,108,45,48,13,148,-7,52,-13,118,4,-2,76,92,20,97,-160,184,141,12,-102,-26,171,103,84,79,72,-14,147,64,50,-93,39,87,104,147,-99,-50,2,-40,-73,156,58,17,139,-17,92
-119,107,-53,-92,-63,82,0,-57,-145,-49,-130,5,-59,219,-27,-96,97,-56,27,-43,40,-1,2,8,55,88,-16,25,-24,-61,-24,28,58,-61,-67,-29,32,116,-103,-80,19,66,-48,29,-23,-71,-50,43,-88,173,-41,-16,-63,0,84,53,-115,-81,-73,-43,79,158,-157,-91,160,-76,-64,-29,37,-267,-48,-84,53,95,-108,-35,71,72,-134,-17,-57,8,-54,14,7,-33,152,-22,133,23,-102,59
-21,-15,65,-34,-58,-63,31,129,25,-178,-39,-25,-23,36,-81,159,-30,-89,13,-118,-61,-193,-10,27,172,-57,54,62,18,202,25,-20,-81,-89,31,115,-85,84,54,-93,-96,62,48,57,126,15,36,46,152,-61,36,118,10,21,-109,-47,-20,43,-16,1,-35,-73,2,12,34,57,49,-46,11,22,82,-113,-57,124,84,-122,-123,25,2,-198,47,-29,-181,-33,62,194,41,52,-107,20,29,-107
163,19,10,-48,-30,31,-121,-7,102,-44,20,64,-71,52,138,86,42,-44,-175,-31,-124,-6,-14,-56,-134,125,56,-10,12,8,-69,-17,-224,-123,-31,69,21,-95,-18,-62,59,-33,-65,-127,144,-30,-3,126,-15,76,-94,-66,-52,105,43,71,106,-22,5,13,-125,-89,-104,-196,11,5,-103,-138,4,-37,92,20,3,51,-62,74,-73,45,86,-47,-47,-68,5,-68,21,-62,-4,-120,25,-33,-30,-50
-11,0,102,-52,61,-8,140,-128,42,-54,-135,16,-94,-41,78,68,122,50,-63,-28,-22,48,127,22,-53,112,-59,22,54,-92,-80,128,58,-2,-167,51,-23,53,19,132,39,190,-75,36,32,5,64,-2,-10,43,-7,1,58,-48,39,-52,57,51,39,55,9,-30,-141,-31,47,3,-151,-208,220,36,-19,-19,23,74,0,-93,-14,36,120,37,22,-37,189,-88,-105,-46,117,-93,113,-20,-38,11
100,-17,-36,30,23,32,-61,33,29,-48,-41,74,34,65,-61,84,143,-37,-26,-118,-33,-59,114,50,115,78,92,66,95,-37,12,-93,32,-124,20,-17,92,88,224,60,26,49,170,79,54,-10,-34,167,16,41,-16,60,-18,-41,87,22,-120,-3,92,-24,105,-67,38,63,145,165,115,-24,202,67,107,-26,80,-62,105,66,85,-8,16,-135,-1,38,-81,124,-94,139,95,45,77,84,27,117
-13,99,56,-110,4,164,82,113,-59,46,-66,-70,104,87,-44,70,-9,108,96,119,-2,-26,86,58,69,-23,118,-49,77,10,-171,-69,111,-75,-21,99,-26,-77,37,24,-59,91,186,120,34,162,28,-26,105,-11,-110,145,-86,34,22,47,12,81,92,-15,7,-122,19,11,100,-58,227,5,36,-30,121,-51,-49,-40,20,-196,114,-29,87,4,132,98,-52,29,-106,118,258,-46,154,-53,2,-8
75,17,-31,16,-13,-82,-8,-13,-135,-91,8,110,-149,30,46,59,-116,-75,-103,-82,115,-30,95,-25,180,-55,-51,83,-74,38,123,-93,34,92,-39,4,56,103,-122,-43,139,69,-62,19,23,-36,38,102,14,173,39,-52,57,12,50,104,-167,-52,-44,-131,186,82,149,89,153,45,-3,86,0,-125,-58,-40,7,-123,93,-22,-69,26,51,-6,188,-77,-213,-33,61,-115,138,72,199,17,97,-37
-42,-30,128,-68,-27,24,90,95,57,-125,-33,37,-11,173,16,64,88,-69,6,62,11,30,-66,31,9,57,150,84,-89,209,46,-52,31,-89,96,-41,98,-99,33,108,-177,-9,-108,3,73,54,-19,-38,-35,17,8,-12,20,30,98,34,-42,-180,82,-21,1,81,-174,-52,90,-79,-47,-96,109,-56,77,-17,-57,100,-85,91,-69,34,19,-52,-35,34,70,-13,-29,178,53,-15,75,-3,-113,-74
79,23,-115,-113,-65,162,-171,-91,34,134,-35,124,-31,92,3,46,50,177,-124,-95,5,-34,138,-90,-9,13,126,-36,93,-141,136,-44,8,-11,107,-54,98,96,135,99,27,-35,-63,-24,-42,-4,-39,63,-20,28,-57,17,-97,30,95,-87,252,34,156,27,-65,113,10,-12,170,72,34,114,97,27,-17,88,-33,75,180,61,-22,4,9,6,-85,45,92,107,-64,6,70,16,-15,-87,37,-52
120,-74,-53,-94,47,51,68,-112,62,50,-17,-108,-94,-97,-92,-38,82,65,121,154,69,77,50,89,-40,-11,49,1,-83,23,57,65,-7,7,-27,104,24,14,-64,196,-106,-113,-88,-1,-69,72,26,-23,-28,152,52,46,-30,-116,38,-64,19,-41,-32,7,10,-228,-74,-26,10,-64,41,-56,120,78,-17,-35,71,5,-18,31,-67,63,101,113,36,-13,109,85,-176,72,-17,91,91,-19,9,-45
158,69,-30,6,176,32,-51,-39,104,-86,-125,60,12,-64,145,105,39,-37,-4,-69,14,-68,165,9,-90,17,-1,83,24,51,144,-78,-51,4,26,-51,-26,107,-35,5,147,108,39,85,-32,76,66,96,16,-53,57,197,1,-46,99,27,-75,-43,47,176,-6,77,115,80,156,-73,11,259,197,-3,-29,-15,-52,29,194,-85,-54,61,16,33,18,-48,-130,165,72,-126,208,128,-7,152,86,7
-80,-4,-120,-23,102,77,104,51,106,-48,37,26,-106,7,-31,-21,85,16,106,56,160,82,144,119,120,17,124,45,18,83,-1,-110,71,-17,-15,-83,83,22,-30,34,-27,18,66,227,-1,90,91,6,60,-58,4,0,33,-44,-30,-19,-75,73,74,19,39,32,-93,-51,111,77,88,85,-5,24,-46,12,1,37,6,45,-104,78,-68,25,-3,12,124,22,-23,-83,119,101,178,6,-70,-136
1,194,112,130,147,50,26,-37,-48,3,-19,-64,52,179,132,66,35,74,-88,51,-42,30,0,-111,0,42,88,40,44,12,3,-123,41,-31,56,-75,148,49,98,-40,7,106,109,190,-38,79,-37,139,-64,90,-25,12,12,-42,218,159,39,-48,72,75,-107,141,40,31,38,71,95,106,61,168,22,-33,124,-112,-23,22,-66,34,26,108,53,-144,115,145,-13,-49,19,57,84,95,243,87
-64,110,13,-6,131,126,23,75,-87,44,-55,-21,-31,7,31,30,-5,46,49,118,-41,67,70,-1,54,-26,93,35,30,103,116,-45,-107,-9,117,-35,139,-34,-95,-79,37,-46,57,162,-102,-97,73,39,-82,17,-20,38,-25,79,53,0,79,-23,-61,-100,88,85,-96,-32,0,112,67,121,-118,59,-36,79,186,-18,-94,180,86,-41,-140,161,-38,-61,2,-11,105,-194,-56,29,34,-130,6,19
-126,-13,-90,25,127,-121,-111,84,67,106,26,-72,116,88,-120,-155,106,-100,32,-21,82,96,-39,116,35,47,-89,-36,-105,154,-33,165,88,148,-105,-47,43,82,108,186,30,22,-113,173,-45,136,-16,84,-71,1,-31,144,140,-115,106,37,-123,-92,18,22,174,-48,13,197,5,91,53,-14,-37,199,-91,77,128,-172,66,125,12,73,94,68,-39,45,61,124,-135,2,21,-43,228,84,-77,-5
41,-178,49,6,-26,112,128,38,-26,-87,132,-44,133,-124,22,103,-115,-130,6,-39,159,-94,2,-119,24,-63,-95,-32,112,-66,51,-85,114,114,83,77,-92,33,131,100,-3,183,-13,84,-157,-76,53,-115,-26,-35,12,73,-71,-120,-16,107,81,-32,48,52,12,-22,-56,107,6,35,40,137,4,31,8,3,8,-20,40,197,11,-52,142,156,-24,97,108,18,-100,56,138,47,123,-10,-35,64
125,-139,-64,-11,-19,2,-4,196,25,-54,46,-38,76,75,94,-32,-83,-7,10,-29,-127,76,81,-74,-60,-59,6,-31,118,-3,34,33,37,115,-47,64,60,-14,-89,68,169,114,1,-30,-105,77,-12,40,90,-7,124,43,-38,47,105,-32,-8,25,-43,4,-49,73,66,24,2,-11,-60,84,7,-67,-40,120,63,-32,57,-50,65,-74,-44,-30,31,178,-35,84,-47,-66,100,143,22,-44,-48,-2
52,248,24,15,152,136,50,-43,31,1,-126,-84,15,257,-38,-5,203,260,-93,-148,-50,168,190,57,90,113,45,-48,-2,59,3,107,-25,54,30,-91,272,37,97,-113,6,144,138,224,-18,114,-67,94,18,13,-26,24,84,25,159,167,-53,140,78,121,91,19,169,-40,110,72,15,55,61,8,104,115,-10,81,-72,50,-10,-9,123,61,156,-62,-10,173,-44,-134,-6,-42,68,75,145,-40
-65,30,-89,93,-11,4,-78,-94,52,78,3,-68,-2,9,-221,-194,72,126,80,-48,-3,62,0,39,29,39,108,-82,-60,-19,3,122,-18,71,-41,43,9,41,-131,154,38,-70,-116,41,2,154,64,-105,21,-99,-4,-35,-43,-118,-78,36,139,-12,2,-30,67,-12,35,-33,-26,-173,142,-132,36,72,-15,-17,-15,16,38,-15,-28,11,-87,20,-10,-7,-16,38,-31,-60,-17,-48,49,-53,-134,43
47,-72,-28,-39,-55,-74,-50,36,176,-201,-1,73,114,163,-65,-62,25,-46,-79,-24,-60,14,-94,-64,-78,-107,-2,-260,97,-5,48,106,13,-131,-31,55,16,11,-43,44,-38,160,-9,-66,106,-43,-45,164,28,-96,-10,-9,-46,96,-27,-86,28,-2,-130,-30,31,-83,-88,-84,20,60,-137,-192,79,-87,-6,31,-54,-20,48,-111,49,-47,-130,-183,37,-15,-94,-31,133,-28,-66,-162,4,-12,98,-2
-93,-19,-24,23,147,4,87,42,20,-23,149,-16,67,136,45,-47,8,49,14,121,0,95,-32,38,-13,-95,26,-70,32,100,101,30,-92,30,114,8,156,124,207,77,-18,180,-30,66,-34,151,10,140,-28,24,144,49,43,2,153,-46,130,6,130,92,-8,200,163,80,-5,142,-69,22,63,201,15,79,16,38,33,78,-22,-34,48,11,48,-53,51,66,-84,15,57,120,66,86,31,1
182,29,-78,32,236,110,42,90,168,101,-17,-26,66,-150,14,-2,18,53,64,164,108,-20,68,-92,-52,-70,20,70,-134,63,117,-60,-146,161,83,41,130,20,-7,32,43,-59,-20,-40,65,14,92,53,-83,132,105,57,-79,-53,-120,45,7,12,103,40,-31,73,-117,68,154,-22,54,188,-93,-19,78,-10,1,-3,35,31,68,69,-11,141,114,-23,129,122,-36,109,74,-27,28,-44,45,-105
-30,-34,-48,15,21,-141,-14,42,35,-43,-35,-30,-24,11,-29,-12,29,-148,44,-138,63,-18,61,-35,-83,-15,11,97,-75,1,-96,-58,-30,-127,-65,53,13,12,-57,8,-70,-103,41,45,39,145,101,53,127,42,-14,-23,-35,-79,-60,161,-153,67,59,21,-51,-34,5,-26,-31,-9,34,-82,119,33,54,-89,64,49,-47,-85,-11,-27,-32,19,133,-16,-18,14,-105,144,11,43,-22,-2,-49,-90
-30,-72,61,18,-14,29,5,-105,42,-145,-158,87,12,160,-35,75,-8,116,-107,-30,-15,30,57,-71,-17,-66,112,23,-16,31,157,-4,46,54,9,35,72,-16,-89,-38,-55,-60,-4,8,70,-32,-42,49,176,10,93,-79,-74,-105,75,47,-71,22,10,-111,-14,130,-8,138,83,-6,-97,-8,-33,-213,106,-76,-83,98,2,33,-142,66,-69,-106,29,-43,-165,-43,44,59,-13,-170,-67,112,5,-81
95,64,131,75,-117,-46,92,52,-58,100,90,-199,85,-76,252,76,-76,34,-43,26,-95,29,-16,-9,26,35,-40,-153,-36,117,-30,4,-140,-91,118,75,-197,-6,-18,-33,-5,40,54,-144,-17,121,85,16,86,126,-2,156,-121,46,62,-31,136,-4,25,15,4,-186,11,153,-3,-108,37,-89,47,0,287,45,10,-82,115,-40,119,62,76,64,83,67,-106,19,26,100,9,-35,-1,-147,-126,-4
33,-9,110,59,-242,6,-18,17,-82,17,-106,106,-60,-56,47,-55,33,-20,49,-82,2,-144,133,-26,-22,130,143,-143,-6,87,-51,97,5,-19,30,-7,129,119,69,30,-36,3,54,-80,-4,-87,168,77,244,192,34,-91,-25,-125,120,-115,61,30,10,196,-6,-53,91,-36,-31,-69,-64,-32,170,-11,185,81,11,-24,73,62,-44,17,39,-131,-71,-28,-98,84,153,206,126,-40,31,-94,-12,-120
-21,-56,62,-16,-54,-19,94,-90,-69,-104,49,-42,14,10,-68,-52,-56,2,16,-108,60,-32,-33,-55,71,106,-36,-39,129,-20,-69,142,236,62,44,93,-110,191,65,30,8,164,24,-61,-144,-26,-52,66,76,-103,60,79,37,-56,-151,-26,-55,-13,-8,11,-70,-84,130,-3,-48,20,-34,27,12,134,-23,115,-34,-77,120,-100,76,-107,58,-81,136,-11,-45,-33,96,-120,1,82,28,48,104,11
-77,30,-3,-15,-22,-81,146,95,-29,125,141,38,93,-135,-39,136,-94,-125,34,140,11,44,-9,101,-148,15,26,34,5,-54,-9,73,-48,57,148,99,-6,73,172,57,3,26,118,10,7,138,74,46,28,129,257,55,-95,-85,115,-50,-110,22,144,22,25,9,-43,218,-9,203,115,96,63,34,256,45,87,10,49,86,66,-84,-4,95,55,33,130,104,-56,97,41,112,-78,150,-90,58
34,135,135,20,-58,73,152,31,-62,156,-140,-32,-20,156,-22,88,92,90,-49,21,-103,13,127,77,-38,122,-6,5,-142,184,-7,38,8,55,120,30,71,-32,49,72,88,99,98,-21,75,131,-50,8,-21,13,-13,7,26,81,204,-45,18,80,252,95,-24,94,70,62,236,-87,-132,64,-55,-77,203,26,52,80,28,0,-12,-51,120,32,107,-10,139,152,-67,69,40,-88,73,-133,-57,109
41,94,-57,-67,7,-39,178,-62,-67,53,51,-31,45,53,-40,-179,49,111,-19,84,21,46,-101,60,-12,-10,43,57,-54,72,79,-4,18,-3,33,11,-61,82,-101,-16,-51,33,51,-104,-1,102,41,106,123,168,105,37,45,114,36,-75,95,172,9,-17,4,98,-55,20,73,-95,25,-15,62,-188,91,89,-142,13,119,-125,38,-7,-5,32,185,-31,-70,109,36,-19,81,-55,3,33,31,116
-149,108,73,-42,105,138,45,-10,-30,-40,-20,-48,50,106,102,-80,58,67,63,-73,19,45,36,52,9,79,108,17,-3,81,-79,64,-10,-52,144,-97,23,29,-10,18,56,13,43,114,60,208,78,40,16,104,38,24,17,-19,-5,164,75,37,-36,-3,-29,4,141,-51,76,-68,92,-25,-50,7,13,0,32,100,-106,-44,6,155,9,69,84,-43,71,15,-9,-91,15,-39,-52,-55,85,110
-7,-45,140,139,44,-90,1,203,45,13,18,15,71,1,196,20,-6,-2,106,99,101,44,-88,32,31,136,-71,66,55,121,90,56,70,206,28,92,-29,33,-29,-1,56,158,-14,-73,-42,55,13,58,32,-13,58,48,-18,48,-5,16,0,62,-9,2,-7,-46,112,39,-35,-122,-60,21,0,-86,35,104,-71,-93,39,-136,126,100,45,-63,105,-29,38,-184,-30,100,43,-13,61,63,-50,4
-50,76,178,-11,114,137,70,96,-29,69,-21,-66,219,-5,34,126,107,28,6,6,32,66,180,40,134,73,125,14,97,97,109,-174,-5,46,178,87,100,264,91,125,116,138,67,2,113,27,128,111,29,29,77,257,38,-139,19,87,18,-29,92,-39,15,163,83,103,218,16,257,225,55,41,99,-36,30,-2,127,-53,116,171,69,-34,168,17,-36,119,-78,139,96,-71,-8,41,86,62
-46,99,59,-33,56,-29,37,-49,-18,99,-36,-113,-51,75,-36,-150,38,55,-79,127,13,12,-2,-88,114,5,9,42,-168,149,34,79,-61,-17,6,-80,64,-64,32,53,-53,-6,92,156,28,113,108,-15,0,33,134,12,-75,49,20,-16,23,127,57,-3,-76,50,-15,116,-78,16,82,40,-15,81,-2,95,-56,13,8,69,-177,55,85,135,-64,-7,219,118,44,-83,142,-63,59,43,-30,68
29,-104,100,-51,124,68,85,72,-131,119,-37,-48,167,-10,15,147,25,-75,-16,3,17,51,144,43,18,14,100,148,-10,-60,-18,-197,-92,-119,-91,74,47,88,99,-20,-18,-93,-22,3,92,38,164,124,-43,128,122,47,-35,-13,62,-44,-161,62,125,-60,102,32,55,-32,104,79,77,120,56,19,-117,-100,47,-76,-16,-73,46,8,52,-40,168,-45,10,99,-49,103,36,47,32,54,-132,-19
-99,-32,119,48,-126,-173,110,-3,-101,35,87,11,-24,-43,201,44,13,20,28,144,-17,-20,-82,-9,-13,75,-9,-67,-102,190,-18,66,-14,2,78,166,-150,107,122,84,27,179,-16,-80,-61,153,55,-56,114,311,115,114,-11,-88,21,-90,83,-62,-100,41,-18,4,90,130,47,-119,-62,21,-14,41,154,29,-19,-17,67,9,-108,70,137,88,-23,-3,160,65,-61,51,187,-6,-27,50,-88,103
-2,16,-80,102,24,121,-81,102,-14,116,-69,89,-47,-58,7,83,3,-19,23,-34,89,-106,99,-10,53,10,-125,38,66,-28,17,24,72,94,-11,92,-4,64,134,-101,118,33,155,41,-18,-51,33,192,-66,179,-1,-22,-114,-124,39,-34,76,137,9,24,-10,-104,-3,169,61,68,20,2,64,-9,33,-19,136,-55,-69,98,134,18,-8,25,72,-2,-117,-81,47,44,52,-46,108,-100,120,-34
73,24,37,-108,-33,19,-23,137,10,19,132,-13,15,56,118,-141,81,3,93,17,-80,81,131,47,217,137,-71,-40,11,74,109,26,35,-118,-17,-4,-12,6,11,128,-18,69,-3,43,86,151,64,-23,-44,14,67,26,28,-5,3,37,-10,32,64,42,-29,110,66,13,-18,-173,29,6,126,108,106,81,-41,-50,-68,16,21,-18,30,-61,-121,28,-51,85,34,75,128,86,25,26,-75,4
97,108,-25,73,94,27,16,120,65,154,123,23,137,28,40,34,112,125,123,112,17,135,77,-43,-58,78,43,-45,71,11,72,-130,18,69,-49,30,16,-6,82,-121,12,-21,97,-23,103,20,172,32,-116,-70,26,-2,-69,18,-5,106,131,4,136,-44,-53,36,-46,24,119,-68,23,162,65,82,62,215,23,-77,-45,12,95,163,-67,-62,-46,-107,77,26,-65,52,46,-11,-8,1,-46,-11
-20,-39,-50,-23,114,-5,106,53,38,40,89,134,-24,53,10,35,-36,-118,-27,39,97,1,4,151,32,18,-84,69,-98,-61,-14,4,-16,186,37,132,-18,135,108,47,69,87,-47,-82,-7,-87,-81,26,-29,-31,60,22,-13,19,86,123,-81,-24,110,3,-7,204,-64,94,-43,134,-19,116,-39,-27,30,-88,19,15,113,45,64,-24,-48,-27,64,-25,20,6,-109,55,4,128,19,119,60,69
-88,-11,112,207,210,123,184,174,-56,-122,-26,-22,87,101,116,34,-21,-25,29,-8,-8,-134,47,231,86,56,-70,-25,63,39,26,-68,71,53,21,-42,177,17,78,-100,-24,118,209,88,56,-44,-29,19,14,-8,69,17,52,128,-59,99,-12,80,32,-47,93,122,97,51,148,19,-100,139,-89,-103,80,-77,-54,102,-91,-4,127,-42,-71,-62,-30,-118,-171,-57,84,21,-58,202,-38,-38,44,20
-75,-13,-58,-25,57,104,60,10,-3,28,104,24,58,93,105,-27,-20,-33,37,-39,-24,19,128,42,-8,97,-49,183,52,81,-12,-51,63,-70,71,-52,86,78,107,145,94,133,155,32,-78,153,-52,20,-104,-32,132,112,-81,-112,66,47,-169,57,104,-34,-78,120,19,106,243,-42,-127,123,9,-117,-8,-33,54,11,0,-25,23,-46,-26,-70,76,57,80,167,-147,-101,-8,-13,107,-10,-77,201
-107,65,-63,69,-62,109,-61,137,-24,-50,120,79,-87,-139,82,75,46,-6,-23,-50,29,87,13,84,-16,150,98,43,161,86,15,33,136,-20,57,-43,90,127,103,110,125,106,101,81,-33,-7,21,-55,68,46,168,51,-58,-79,166,-56,-86,41,132,-5,-124,-46,-18,90,41,-102,-16,11,57,-44,180,70,-62,-39,54,-9,93,-39,59,-141,140,82,33,22,-69,-89,44,57,37,-3,-34,103
16,135,65,7,32,132,-25,-53,70,142,55,-27,101,-55,41,92,30,108,90,140,46,-35,82,121,83,3,-78,27,-15,14,53,62,-83,65,192,-31,-59,15,113,68,124,12,5,-114,73,76,-35,17,-69,10,83,38,44,-92,89,76,55,-35,70,36,33,-56,-17,51,165,-36,68,104,-64,77,79,61,93,-47,100,-49,-13,179,38,124,-111,62,31,123,-149,-26,-63,-37,-59,-40,20,137
-104,9,19,-32,-126,7,-32,34,28,-11,-66,69,136,-111,70,130,-2,-175,-65,-85,-35,-185,-22,67,101,41,-32,51,36,-94,-78,161,-4,-20,43,-49,12,119,235,56,-48,83,-8,36,-67,-83,65,66,-44,37,0,52,59,-182,110,94,-150,-111,92,41,195,-85,-2,56,-84,80,101,68,-15,108,33,86,-26,-124,92,31,60,6,131,-23,62,49,-32,17,35,-56,71,10,-53,90,-40,-9
34,-73,112,4,79,-32,160,-34,-9,-22,-193,2,-7,-116,76,68,30,141,138,121,-4,-75,147,-16,4,23,69,-2,4,27,-142,52,-75,101,122,-39,-92,112,72,45,-3,139,-10,-26,-76,-15,84,-117,31,-10,32,47,25,-149,88,-87,87,-144,36,-1,-65,-97,-4,54,-7,21,-124,9,86,36,17,-29,2,45,-11,1,-37,7,6,45,-52,38,131,78,-131,96,3,79,-108,-195,-59,-72
-3,-71,114,56,98,133,79,-7,94,-175,-87,-62,108,72,-73,50,47,11,-7,-169,73,88,145,22,-7,9,71,-100,109,127,-97,31,162,59,-3,-110,140,10,-28,28,44,119,7,178,-38,8,52,-45,159,-33,112,38,-1,-100,27,72,-56,86,24,29,-27,-57,-70,7,36,-35,-100,-128,163,0,61,61,-50,-4,-96,140,-39,51,-102,-62,30,101,-59,-116,-28,-59,-1,-53,96,-3,107,-53
73,112,61,-96,35,13,43,-12,-56,86,-100,131,-43,44,111,78,-5,-65,-33,-55,101,-84,99,-67,4,83,172,102,-79,2,52,-105,-116,64,21,-32,35,85,-26,-114,28,-91,54,36,207,-53,104,-65,-57,-34,-197,44,-11,114,-146,127,74,60,182,-39,-47,128,104,-127,-74,0,51,49,-32,66,-33,71,49,-1,66,99,-51,15,-55,74,-47,-96,111,-1,142,22,-64,25,-78,-61,33,39
109,-41,175,-29,56,110,51,5,-54,41,-28,22,6,47,51,178,-14,-77,-4,-22,18,1,198,-110,-60,219,92,-27,19,-23,-41,26,17,1,102,37,65,106,99,62,-22,57,-39,65,60,-121,144,89,58,82,-27,-9,-83,-180,45,141,-10,-58,171,63,20,34,34,-12,42,106,-36,178,39,198,-4,-5,138,25,86,37,-4,35,6,26,-30,-39,48,103,-106,87,32,48,47,-165,39,-106
13,-30,2,-37,-137,-55,183,30,-86,36,2,-20,-84,-76,130,-51,189,66,44,-14,-19,166,79,61,21,240,-31,84,-119,112,-101,-41,68,4,-67,165,65,133,-46,163,-27,100,198,78,-84,127,147,-4,154,90,77,-25,-50,19,134,26,-49,74,142,96,34,75,82,118,-21,-155,70,74,108,65,49,-31,75,-9,91,-55,-26,-114,-8,-7,41,-104,156,102,-78,-28,131,33,-4,109,-98,151
-58,58,-80,4,16,73,234,-5,86,16,7,61,36,-5,-94,169,89,34,70,-10,-29,37,-10,155,89,23,126,18,153,59,-12,16,-72,132,-32,304,81,98,-8,105,125,153,19,-35,-56,204,-28,-118,133,145,122,-15,12,-26,-18,31,-28,35,50,65,31,142,105,118,108,109,231,-119,11,46,177,-48,149,142,104,-16,-20,103,158,-42,126,-130,5,164,-61,30,66,141,35,27,-10,7
-60,-19,193,88,-48,10,84,72,-33,-85,52,72,7,115,37,58,-142,5,-89,0,-46,11,39,166,51,20,-24,60,-85,97,74,-71,-100,28,249,8,253,-49,173,24,39,10,75,9,99,-79,-78,-36,-34,9,134,-52,95,-20,92,26,-19,37,-15,-36,87,42,125,16,16,180,-26,102,65,-104,134,121,-91,103,-75,137,5,-142,62,57,-145,-13,99,-14,34,55,-190,36,-25,95,31,10
-55,-68,30,6,-81,-47,-24,-67,-1,-37,-27,174,16,20,-72,-41,24,-4,-98,-99,28,-82,12,48,155,101,106,75,25,-78,-10,-123,83,170,59,-52,59,95,34,26,110,-63,-25,-75,61,-53,73,3,91,-6,23,53,2,-71,-31,-55,-24,-57,112,-129,9,70,-89,-80,66,22,33,10,2,-186,13,78,-36,139,189,15,-96,88,-152,-127,-78,142,128,-43,-11,77,109,-48,54,-2,-157,-14
-19,-3,-42,-49,55,-74,31,-12,148,-75,-80,13,58,-21,152,47,18,-33,-22,-50,59,-96,40,82,6,-113,45,39,-53,128,19,8,-2,137,-104,19,136,44,16,30,-75,4,59,134,102,121,22,13,142,19,-31,77,81,50,-54,103,-1,124,138,44,64,76,157,-21,84,-107,-56,131,-66,62,202,-52,-104,-32,113,-189,-179,35,58,-94,65,-96,-36,39,-3,45,84,9,26,141,21,-80
-1,42,-74,6,14,7,-97,242,-71,67,107,72,40,-49,55,44,-51,-66,-90,-40,198,-172,70,-89,24,13,109,-58,-93,-145,-119,-109,75,9,37,64,191,35,149,145,-130,-68,-44,1,-97,-11,98,76,82,208,-18,184,-156,-15,78,183,-26,-71,187,-24,105,-39,-129,-32,-60,41,161,-8,148,88,-87,-65,66,-157,270,94,56,-137,45,143,3,11,72,86,-141,273,297,-55,139,-30,-5,32
-177,104,41,-56,-63,79,78,49,-9,118,-15,58,2,100,36,50,-41,-26,15,16,-90,32,74,221,26,166,-78,62,-36,9,-72,107,24,-50,37,53,-108,-24,-24,8,98,65,67,49,9,48,-53,-5,-55,-21,-39,84,-8,-140,96,33,-98,120,-49,-24,7,-53,-11,-64,61,39,-58,60,-150,-21,83,31,47,53,-27,4,-11,28,38,38,-22,49,37,-23,59,-176,-6,-39,-90,37,-37,86
-18,122,-102,-61,-27,87,-62,20,112,113,63,201,-74,132,-32,25,197,131,33,-25,-3,-29,105,112,89,25,118,0,95,64,72,9,124,110,28,101,107,122,216,33,-29,145,119,17,-24,119,27,60,172,30,10,-22,19,34,80,50,259,107,-4,117,4,123,80,56,9,-25,205,77,124,43,56,138,-19,58,216,6,11,103,61,-42,78,-46,15,58,-94,71,72,13,50,7,208,124
64,-41,22,75,155,12,72,-8,-18,172,-187,13,205,62,19,65,153,5,33,50,30,29,-79,-77,-168,-20,-16,82,76,61,128,-15,-99,137,85,17,-81,-55,-61,-113,131,80,15,-133,7,-62,7,104,-48,2,85,-44,22,132,-48,9,-23,56,115,97,33,146,-36,-14,112,84,-122,211,-146,-120,-66,125,-66,137,-23,84,-84,99,-7,80,-42,96,63,85,43,-65,70,-79,-109,0,-112,-85
161,202,-131,-17,96,-58,30,-126,133,-1,164,69,-54,-46,-88,43,-124,53,49,210,88,-34,121,-37,83,30,74,107,-24,69,183,-6,23,180,-41,-1,150,103,138,-11,12,2,7,34,-2,44,56,51,87,-49,140,-41,-34,-75,75,20,-10,-22,-30,67,45,30,8,2,-7,13,56,156,52,147,-7,140,-89,-33,134,-85,-15,195,15,-61,142,40,-43,113,-36,-163,6,162,87,121,134,-81
68,106,35,94,31,-135,-31,60,125,-143,146,47,75,126,81,-51,2,11,5,-71,18,65,41,-49,217,122,-8,-74,55,29,90,8,-36,34,-10,80,199,12,98,77,85,156,72,117,26,97,149,58,105,78,112,100,-50,-112,42,191,-83,-30,23,-98,28,-46,96,-26,-27,62,60,-160,227,45,134,254,27,-83,11,47,189,16,38,-35,23,-44,4,56,4,-86,6,-15,33,-44,23,-15
-69,87,176,-62,-16,-35,141,-31,-120,40,15,-62,100,116,84,51,3,122,7,17,108,75,71,33,181,136,69,77,-63,40,67,2,39,116,115,37,49,118,125,-49,-77,-19,19,119,-26,11,27,53,-27,74,56,10,34,-112,154,203,31,112,68,-33,185,-123,141,34,46,2,-34,225,-34,56,206,131,1,23,-51,152,-72,154,177,-28,146,-3,31,79,-18,6,128,-94,61,141,-63,-7
14,0,-8,62,57,56,51,-4,184,79,152,-38,122,147,-60,77,130,83,82,80,28,182,-212,-23,-7,59,-22,-47,47,57,84,61,111,239,-12,64,-62,57,94,-60,-34,36,-122,15,-43,94,8,72,36,128,49,-75,-74,-121,15,-19,182,-70,64,-91,0,-22,34,21,148,-89,-5,44,-189,-14,-21,16,99,-24,-109,-37,-140,149,-148,-17,126,-129,-15,37,-49,-6,-2,16,79,-2,97,-72
-58,-168,92,11,-64,-43,104,-198,-14,-133,-152,-172,171,37,-89,54,61,-59,5,8,-8,0,-82,-35,-29,-149,-55,-126,87,28,-52,102,-4,168,-32,49,48,-73,-74,86,84,-26,-15,24,-57,22,50,-49,193,56,162,-151,61,-18,-191,186,-9,10,19,-2,119,96,62,40,162,15,12,-44,-140,77,22,41,131,110,-23,23,-305,117,-53,83,-67,48,19,-19,-15,-146,-47,32,-46,-36,-31,-40
19,-9,77,-12,22,-34,-100,82,-64,-36,42,46,-114,113,12,-19,-175,8,-38,-80,-51,-53,-23,3,99,107,-49,-62,-2,121,-7,104,-47,-24,59,83,89,46,99,-27,118,89,-51,9,27,-24,39,78,-35,58,162,80,-59,66,130,3,50,-67,46,21,-39,-108,91,-12,6,79,75,6,10,62,-45,10,45,5,79,96,-41,37,5,-112,-8,19,49,-184,144,-51,52,6,106,-39,38,-218
134,-11,-44,44,122,-74,79,-17,35,65,175,62,97,44,41,43,-101,-12,157,13,-45,-102,58,127,14,-104,-55,20,-75,41,42,-190,-94,-27,22,21,-170,-59,127,11,-74,51,93,24,7,41,73,33,39,-12,13,-17,-58,-34,152,83,22,9,-15,73,49,-7,14,194,24,92,54,164,63,7,25,67,-37,2,-13,94,95,-74,-95,-32,-48,-8,-159,119,25,-47,40,44,103,-14,2,25
