-24,41,-100,-3,-13,142,-93,144,44,-48,-52,126,-90,106,69,11,55,-31,37,75,10,-35,5,91,120,115,98,-49,18,34,16,82,96,98,59,24,-8,131,-134,34,-3,168,-23,68,42,44,101,-24,38,42,9,-5,116,86,-31,77,-33,-61,-9,64,24,49,44,-47,24,-28,-46,85,77,-8,-20,213,97,88,6,128,8,12
136,69,-41,41,134,50,68,38,-55,63,115,125,-196,94,-72,-52,128,61,132,-89,24,88,115,141,52,190,25,202,-29,-23,77,-7,-7,-85,-13,106,135,94,-38,122,98,-30,-97,80,72,169,92,44,86,98,43,138,-84,-23,213,167,164,165,76,126,66,-123,-45,125,-60,106,40,-28,127,21,-27,-10,193,26,-80,128,-37,-66
50,-144,-23,-34,9,62,10,8,14,-52,190,108,69,33,34,-34,59,25,-12,-16,51,-74,108,65,33,162,136,72,5,-107,106,174,-61,-92,89,220,5,-3,-108,141,-15,-12,39,69,5,102,81,16,-66,66,120,118,-176,77,58,67,36,97,77,3,165,-5,109,142,23,-22,43,65,104,127,65,-109,-55,63,-65,-22,51,-35
32,118,79,-122,115,-75,-33,-78,94,9,59,-55,1,-26,20,-33,-79,69,-5,-38,16,17,105,42,-19,-45,-9,-87,11,21,75,-59,18,-24,-40,191,-274,-9,122,47,-29,94,81,35,-5,25,159,113,-130,-34,43,-97,40,32,-67,-66,-77,-15,56,120,-51,98,-57,36,5,154,93,-59,-81,4,122,-23,73,-74,10,97,124,66
31,168,197,-49,70,54,28,-45,-108,12,-78,22,92,-94,-102,146,-156,60,-65,23,-85,-4,-107,-92,7,39,15,-81,3,47,-69,29,-33,51,-79,-16,15,1,26,3,14,55,-34,-78,31,-70,106,-18,25,16,3,-19,-84,83,52,33,123,-110,98,-40,47,-179,-2,74,-48,55,42,-46,90,-23,-53,-11,50,130,-50,69,23,112
13,34,87,179,-89,154,-7,-34,-43,-45,-119,-37,58,23,124,112,-12,-155,91,-34,29,86,-21,28,-70,23,42,-99,168,-102,74,44,-25,10,132,57,-47,-54,27,-8,175,97,96,24,43,-47,232,83,63,116,6,109,88,10,40,43,8,-134,260,40,23,147,-91,-18,-27,119,111,121,92,100,-77,139,85,202,-14,181,62,-31
10,-13,25,186,10,111,-44,67,4,-47,-157,-66,84,65,23,33,-3,1,94,28,86,90,176,151,4,-5,59,-29,83,63,68,51,-70,104,5,54,55,48,-63,3,101,-76,-19,108,-64,6,118,28,121,6,133,41,-77,14,150,91,60,-8,-6,68,86,24,36,13,-73,-64,90,66,92,116,103,71,41,26,9,8,199,-12
-51,96,45,12,76,-38,-29,88,65,144,60,-12,24,28,52,99,-62,63,-32,20,-24,52,-84,36,31,-110,-66,21,103,68,-46,-116,114,147,-125,-54,44,98,-29,35,21,-120,51,-25,-93,199,101,21,69,64,50,33,112,32,0,50,23,23,70,92,-8,-7,-90,-89,-57,-117,13,-6,0,-148,87,72,-2,-27,36,-46,-8,50
36,-16,54,65,-88,291,118,60,10,-8,-112,67,53,38,42,187,-122,-83,129,-31,178,148,-8,38,-9,-66,-67,51,227,149,13,148,-93,32,33,-31,65,-6,14,57,13,-2,-9,-14,108,85,42,87,23,36,-20,-93,-86,-2,-24,96,-50,-18,50,-5,-44,59,-70,-31,37,23,235,103,-3,132,-105,54,-37,199,-30,119,112,97
131,68,53,-6,149,-20,-131,167,-21,-24,-24,27,67,-11,-129,-38,-44,91,-45,117,68,6,-26,-28,-39,22,0,6,26,-111,-106,-47,31,70,36,5,-76,-32,-109,15,-67,58,-66,5,-171,23,63,-4,-95,-15,-17,-57,-33,126,105,97,187,46,-66,54,-5,-112,72,7,-25,19,96,-18,132,42,-74,-39,23,164,151,70,130,-47
70,33,-83,49,169,-27,17,9,79,62,-18,172,-52,109,174,134,151,-24,117,2,24,170,45,52,72,22,-24,41,-26,62,25,71,-21,-37,7,53,131,72,-53,85,56,9,-55,81,69,69,142,84,97,65,21,133,142,13,46,68,124,95,42,65,-100,41,3,19,74,22,9,21,223,70,-25,2,30,81,75,89,-44,-82
19,-145,25,-61,-90,-7,37,-25,-2,-96,2,56,175,-116,41,-84,-10,-28,131,60,99,23,146,5,-59,139,64,45,-60,13,108,-15,1,-146,88,151,85,-19,21,100,71,-37,3,31,-68,148,49,-57,52,70,14,27,3,139,43,66,44,66,115,67,51,3,-42,0,3,-16,55,53,33,-7,-2,66,-57,94,25,48,21,-75
73,-25,80,-7,182,-25,71,77,-50,19,63,-71,-60,-39,0,-71,11,100,127,43,21,83,68,20,-7,70,23,-19,56,151,-31,-2,7,-104,30,61,58,41,38,133,-15,-47,-69,-93,-119,73,-49,46,32,98,80,59,-179,-13,141,45,103,191,9,22,266,-46,9,13,131,57,16,61,-121,58,21,-21,145,-38,9,-120,98,71
-115,58,-55,17,131,24,63,-30,74,7,-186,-8,122,-7,-122,-2,-44,-45,-3,135,-79,186,-13,71,22,-148,-16,78,-19,108,-77,17,77,49,-126,-142,63,8,-15,-29,82,199,156,-163,-6,-34,187,15,122,16,-45,-46,78,86,81,57,-74,47,165,9,-34,34,-51,-87,-53,15,28,-5,-57,110,-138,119,26,81,-47,104,32,48
-1,-31,-5,135,14,-11,75,6,23,72,-53,63,39,14,-88,-6,-57,52,97,-6,-42,53,-35,-122,90,55,3,-131,-18,-15,-11,-32,35,-42,15,38,113,197,-17,34,72,32,26,10,99,8,101,-91,-15,36,125,93,114,8,-23,-28,173,38,-52,36,-55,-71,-64,-17,10,52,-63,109,23,-108,7,7,-31,-23,33,8,24,51
-25,30,38,-84,18,9,-71,-24,53,159,140,-24,59,35,-36,95,95,-55,-13,52,-117,8,-41,132,17,83,110,124,-102,102,174,66,50,135,-3,54,57,-21,28,77,38,-83,117,-69,-93,68,145,101,30,194,7,38,27,95,117,65,-42,46,109,15,132,-126,-16,70,32,-121,-65,-15,24,30,19,95,11,-54,64,73,41,84
-9,7,51,-85,77,25,-100,-62,80,-26,39,38,49,-30,-9,110,136,6,-5,-46,-73,9,67,36,-15,80,41,-31,44,-40,21,23,-54,47,-8,166,-120,-58,-22,18,-55,29,67,94,-112,32,57,-18,13,-32,-55,71,-181,25,15,-1,-18,-59,-35,36,183,82,-33,145,-57,21,-32,85,-13,-114,65,21,57,-55,154,-47,44,81
100,142,64,17,125,-100,-69,-4,45,-22,19,42,16,47,-36,-4,52,96,32,83,-47,108,42,-40,33,-14,-5,82,-23,20,4,21,172,15,-39,-37,-81,87,8,187,98,13,97,80,90,66,48,72,-16,-31,-28,-4,-34,-1,85,49,194,61,7,175,-54,-14,-172,232,20,139,-35,-73,192,-38,103,-46,42,-10,100,84,-83,64
32,-37,89,63,68,-40,-47,121,-2,217,6,75,44,49,33,-24,70,-105,15,-4,2,41,49,18,14,37,-14,-5,-12,18,21,19,71,66,24,36,-6,-42,81,35,77,11,-14,176,16,40,100,-15,-23,25,116,15,189,35,169,13,92,17,-26,63,-67,-121,-15,6,-6,140,-51,7,136,74,180,4,60,-15,4,151,119,88
-6,38,127,44,-236,211,-23,10,-113,3,6,36,33,52,-29,74,-202,-131,-27,-28,-77,33,-64,13,-33,44,-8,-45,34,-24,32,-10,-63,62,134,94,59,-21,47,74,-3,0,-31,-162,16,-18,44,-38,86,38,87,-46,-171,-51,-178,-50,-172,-27,147,-102,-27,56,74,10,97,-16,93,12,55,-44,-94,103,-95,116,56,-5,-57,17
76,-93,-105,80,-34,-12,138,62,-22,24,10,152,107,155,35,-49,192,40,41,44,-71,82,-42,75,15,-56,72,51,37,58,42,34,42,43,169,-98,51,-19,3,91,5,19,100,167,-30,-11,84,-8,127,56,19,-28,50,-28,226,77,22,70,-94,80,6,-37,-96,-90,113,-76,-140,112,93,-43,8,166,13,-14,-60,-58,85,-99
86,-56,89,71,21,-61,62,-18,-81,54,-40,-29,47,25,16,-100,-71,47,-63,79,29,127,-182,-18,98,12,-50,-52,42,-1,-19,-5,153,72,-78,-17,35,-139,9,-57,84,21,-37,-65,-11,-48,30,57,-67,20,144,-11,19,-62,37,15,-4,-65,28,19,-66,-56,-57,-45,-10,68,-33,44,45,-88,-62,-80,-27,121,-99,31,75,-85
143,33,-25,243,6,8,4,57,17,12,-12,167,-37,244,31,31,-43,-53,86,118,43,138,37,19,60,-31,-120,147,159,-26,-57,-19,-19,95,13,-38,66,107,-23,59,3,44,88,17,193,141,233,69,34,33,-25,-9,-49,-34,20,-35,10,20,-1,1,-168,-80,18,65,-16,-97,60,13,164,76,-61,82,-56,23,-63,102,-86,-29
10,64,83,44,-26,-34,-165,8,-19,-106,-7,-21,12,-10,-91,39,-67,-71,17,61,-103,-50,103,-31,-26,81,107,73,-31,44,-76,32,-83,-20,111,6,16,-61,-8,35,132,64,83,-21,13,-76,127,-82,-31,-69,-211,65,-204,-1,23,-65,-28,-94,84,-64,66,-1,-33,187,39,40,-15,-169,-52,-46,-16,-21,-96,-13,223,78,-81,-49
52,-43,113,1,6,-31,18,-11,50,-43,-6,-34,-28,32,75,8,37,21,46,63,-25,40,84,29,-22,49,-158,45,-71,76,55,69,26,-109,-33,12,23,-90,-55,190,-75,-93,-136,47,-20,8,35,1,45,22,-84,50,64,73,-106,37,-96,4,2,-10,-33,26,-140,130,11,5,-116,-81,127,23,84,-65,-2,107,-46,163,62,8
25,-160,95,-85,-162,166,89,1,81,4,-102,29,10,8,2,-17,23,-64,-8,-64,63,55,42,184,-84,27,-44,78,-3,65,-23,-106,-58,13,123,-71,76,-45,13,158,-12,-65,-107,128,36,194,-69,43,81,-141,-55,13,44,9,98,94,-27,-13,-70,19,0,112,-43,8,44,39,111,21,122,77,-10,50,93,119,-31,25,-32,61
119,97,-42,105,101,-61,-18,-55,11,-28,-24,-24,-96,-9,28,47,-125,116,-40,14,54,41,3,-159,-34,-119,31,-73,45,-137,-70,-39,32,71,-88,37,-22,-5,-31,-107,-11,0,28,-230,61,28,70,-18,45,120,0,60,-48,-45,61,-39,16,-10,90,-6,-74,9,60,-30,-124,-17,-54,95,-47,-85,-88,97,-99,-20,-92,82,-17,-201
77,124,-4,6,-7,-75,1,33,-110,79,-81,58,37,167,-29,74,-46,5,-15,8,-111,88,16,-100,150,-34,116,77,76,-39,13,113,11,93,-1,-146,29,-20,-144,25,-19,96,4,44,98,-82,229,-2,12,-8,-19,-62,36,140,12,61,-88,4,3,-52,-54,-126,100,-53,-71,-10,-33,63,120,-77,-44,72,9,71,65,208,-2,47
113,34,-17,100,-46,-32,78,79,30,30,-60,-28,-64,41,47,-50,-78,76,44,85,-27,90,4,-17,123,-97,66,35,-11,205,-8,102,163,7,-27,-91,47,-87,-66,161,-6,-5,-21,74,-50,-133,83,-2,13,51,-45,-20,-4,101,-20,68,-144,95,84,-3,-9,-118,-32,-23,188,-75,-138,16,-40,-53,-27,134,-27,-96,40,-33,29,7
61,34,-8,18,-108,26,-73,66,-14,42,20,9,38,74,119,166,-28,-32,33,75,7,-78,-49,69,8,-4,66,50,-60,178,-7,-9,68,105,131,-22,3,31,-11,81,-32,21,5,41,8,44,97,188,27,137,68,-105,207,17,9,44,50,2,173,-83,71,-75,-8,-24,8,2,23,68,151,99,72,127,64,-82,121,56,-10,73
188,3,2,-43,78,74,-66,57,92,20,-77,84,25,-14,-30,2,32,93,-19,-89,82,20,59,-67,-33,26,106,103,-37,19,0,43,101,67,37,-13,-2,-38,-23,67,35,-72,-95,103,-103,39,123,-83,-11,26,-50,67,-38,18,-6,58,165,-18,-22,35,-34,-36,-23,-88,-117,176,50,91,20,-178,92,-60,1,20,153,-97,9,-18
53,109,175,55,1,76,111,-52,-30,44,136,64,88,-48,-2,25,-13,45,-193,90,90,113,-111,-59,-14,-57,-5,-43,20,59,137,190,-62,18,-177,105,86,-18,30,49,-21,-5,74,-32,-42,-118,8,77,24,96,90,49,-28,-24,47,110,54,-107,89,-17,3,-56,-18,127,138,28,-16,-41,134,46,24,-56,-45,11,-112,2,34,129
15,90,-75,54,-28,117,-28,-38,-1,52,56,29,38,171,115,193,57,12,5,64,-26,66,-33,-9,14,-16,85,-30,-7,25,0,121,-9,135,2,89,35,-4,-69,-3,35,137,118,-59,109,7,29,127,41,138,27,89,0,-106,139,165,13,-32,87,-46,-38,-53,62,-38,-33,-35,-5,86,37,1,-166,65,44,80,-64,208,60,-137
-40,-36,-44,-18,74,-149,-146,-166,-64,-2,-119,17,34,-126,-161,-48,-37,-29,-60,25,-53,-58,-74,-141,15,24,-175,75,39,45,-52,-29,-1,8,-48,-44,-82,-48,-5,-136,-1,108,131,-107,10,-100,28,86,9,-101,-72,-24,-39,-8,-65,-53,35,7,130,9,171,10,-47,120,-96,-80,-170,-18,23,-45,32,-154,31,-59,77,-22,-184,134
80,-56,-58,33,48,70,108,54,86,-37,5,-50,-5,143,26,76,-20,11,22,150,19,144,-32,136,111,35,170,17,-3,44,103,253,-98,69,12,79,150,124,-158,130,91,127,6,26,123,-74,119,172,88,57,128,44,86,23,5,113,-137,-6,105,-88,-27,32,37,69,70,58,123,25,104,82,-20,-20,77,25,-17,164,75,26
140,162,88,9,-23,20,29,123,12,151,113,16,-85,48,19,4,83,54,55,35,-40,72,-100,-19,61,-23,-50,41,-31,136,-6,-78,-13,-67,-56,102,22,63,37,166,7,-66,-68,59,72,77,59,-10,41,11,16,12,45,-18,52,-67,-91,42,19,-127,-63,12,18,-1,47,47,-18,-17,80,37,98,93,0,-35,-76,156,110,53
0,44,-27,72,142,29,19,69,89,-65,-82,31,-137,1,77,51,41,61,82,5,-2,129,174,-13,133,59,-44,60,81,8,25,-126,-100,-116,-55,144,88,112,-110,129,-37,48,-22,-91,55,20,119,153,109,32,91,144,-32,156,84,-90,4,-33,127,-37,76,89,24,-44,29,-42,-52,25,152,54,-13,79,-10,-8,44,96,-67,29
113,-56,-15,-24,9,-15,104,-26,-5,-39,195,-3,14,104,-23,-79,-1,54,65,24,48,69,-88,56,55,-14,76,43,89,-88,24,-7,-47,-51,56,162,-32,-101,63,28,113,-87,64,38,-52,100,-24,-11,34,-12,136,69,-75,-139,20,11,-90,91,-38,-10,-36,-81,-19,59,1,43,148,-126,43,26,-19,-74,1,-86,8,15,61,-16
44,201,48,-42,10,114,-94,259,-17,113,3,139,-18,109,95,20,117,-2,-74,-62,-82,-22,-70,-55,120,-50,48,32,33,-26,157,37,42,56,-52,16,11,35,-7,51,27,-48,-12,48,-94,43,184,-71,7,128,43,62,-5,47,139,63,-39,4,-28,18,60,-47,-5,-110,66,101,3,38,120,-59,-86,133,40,49,82,87,22,47
102,121,18,7,82,154,-76,9,16,-23,-106,120,-102,34,78,62,-50,66,-12,54,50,167,85,-33,16,-112,-6,-18,40,122,-22,83,106,-37,-35,46,-33,-44,-1,98,15,-16,-30,-39,-69,-102,90,42,105,70,29,-65,-87,101,20,1,89,-74,186,53,66,42,-87,-3,64,142,37,122,-31,-31,-100,142,18,78,66,21,-47,-83
106,-5,14,105,-51,193,-48,-21,-152,-51,-84,15,-26,51,-73,11,-123,-125,24,-59,2,82,38,-16,-38,22,-18,-5,24,62,-9,36,-5,88,51,16,28,-93,101,63,64,24,59,49,-24,15,54,-35,16,-53,-40,-87,-217,43,-32,13,9,123,12,62,-97,-76,-51,8,61,-37,81,97,-20,-54,-123,108,21,29,58,-46,-110,-85
210,147,3,-102,-61,41,155,-40,111,28,51,56,21,166,-39,182,-8,35,-49,-107,-147,90,-11,-99,39,-93,77,150,59,30,73,48,-5,-18,-52,70,59,-22,-32,90,-101,-125,-56,63,9,38,83,198,166,-41,71,82,-77,72,-21,22,-28,18,-8,6,-95,150,-28,-56,6,-83,-7,88,212,-63,103,30,11,22,-42,-5,24,-68
-11,-79,69,166,69,90,-84,98,35,-92,99,212,59,55,127,155,139,-53,-2,-36,128,-86,-38,113,12,-66,163,48,39,-76,66,78,-2,153,28,54,-47,-7,6,-72,-35,-86,71,246,-101,-20,-22,-11,60,-59,12,12,87,48,77,-25,93,-36,81,-58,-89,47,-8,94,33,-47,15,72,75,119,88,60,-31,21,77,49,45,6
-38,5,22,138,21,-136,-160,135,-17,135,19,173,92,-46,-38,4,55,-15,59,47,102,3,18,-75,19,-29,-124,113,0,-26,26,-76,53,-47,-50,-95,-1,12,19,35,78,-33,-5,189,-44,9,56,-116,0,-72,27,-17,103,113,84,28,121,69,85,62,-72,-48,-21,71,-60,-51,37,54,-57,139,84,-41,45,-22,210,6,-80,78
48,28,180,-33,79,81,31,114,19,-70,41,-1,70,19,57,87,58,159,3,132,60,6,30,128,54,2,174,77,69,145,-7,106,-16,126,-24,80,43,-35,-39,180,-12,22,13,230,-7,49,-5,74,16,-26,120,108,29,67,184,13,-3,-31,57,-70,92,-65,40,71,50,32,138,25,-11,122,-17,-7,55,65,-47,56,71,122
7,-32,255,26,115,126,46,0,22,-21,13,54,-70,90,4,8,-77,40,61,66,64,76,21,-12,-4,102,-10,11,172,82,-30,35,-10,12,-84,48,100,48,-51,61,-12,-73,-158,20,51,71,60,49,-5,39,204,3,-22,51,75,-21,106,-22,104,26,39,-90,-38,170,-30,18,141,-31,130,37,35,-31,134,1,-98,48,82,98
-51,94,43,23,-60,131,-41,92,-71,-45,-44,-50,116,35,46,-40,-6,-66,11,54,-62,-36,-60,-43,151,40,205,-28,5,158,-78,46,22,7,34,32,50,-93,-23,55,94,112,-28,114,49,54,20,-113,42,72,-148,-28,-128,40,-18,-28,-28,-98,-27,-54,84,-29,-22,1,58,69,85,21,-64,-72,-85,85,-111,156,124,-70,42,1
93,64,44,50,-33,111,73,95,-55,-16,50,-12,3,-24,-52,176,-65,171,22,1,36,-52,-87,73,-67,-23,119,58,72,126,57,91,31,48,14,144,-9,-41,51,72,-28,53,71,115,-60,-44,-37,43,21,105,60,91,-89,-35,98,73,-53,-74,71,63,97,-19,-44,61,149,55,88,29,-29,-23,28,46,96,52,3,41,144,243
-18,10,50,-40,81,-37,1,56,-93,21,-38,2,31,-81,-104,-13,-87,31,70,159,-56,20,86,229,43,43,-111,148,-50,112,83,110,-90,-5,33,-26,37,52,32,79,48,34,51,-50,-61,-77,96,53,-42,53,81,-93,6,-28,51,-74,-51,68,156,-21,133,-175,24,164,115,36,54,-73,-29,111,-67,64,110,-32,-18,39,49,76
11,-50,-36,-94,28,-81,17,70,60,-91,32,-20,-59,128,125,-3,53,-89,42,-54,-7,25,-42,-97,118,-22,47,-32,-30,7,126,60,80,19,-43,28,26,-19,-44,40,45,-25,22,12,-36,13,6,-9,-5,-36,64,95,70,-9,21,-14,-92,18,-76,-101,-19,-6,-5,-95,-61,37,39,-66,146,57,-56,-7,85,-34,65,179,-102,-10
29,-108,81,-4,-78,86,-17,6,-2,-104,21,34,3,80,23,-84,-32,-8,-53,-59,4,-11,-69,-7,-11,52,45,-64,39,-120,18,-61,-37,58,40,90,-9,76,15,43,-10,88,-28,-69,-39,133,34,-17,6,29,113,-1,43,10,-43,-58,40,67,11,-73,-42,92,-9,-100,-27,174,104,111,69,-61,-45,-36,62,-24,33,-52,-73,-58
38,95,6,-30,97,105,82,-60,55,29,67,32,-12,1,-59,44,14,-45,-43,-107,11,78,-24,-20,21,75,-76,32,2,47,-82,-60,-52,-48,-2,-158,-81,48,68,-119,42,-75,-52,-59,64,12,72,-42,-3,88,28,-84,94,29,-20,48,141,-3,5,74,81,-54,-81,142,43,99,-84,6,35,-25,121,130,104,-58,-96,-16,188,59
-35,27,70,-4,-108,107,27,116,-222,-46,64,-20,-14,-31,129,89,11,81,-81,26,-2,-84,-15,-32,39,117,51,-45,-63,-4,-7,-39,18,-148,89,173,118,-130,-55,126,17,-29,-46,75,-67,-64,29,-155,-75,-29,79,108,-144,45,144,-26,-37,-65,75,23,123,-71,-20,-78,96,-6,12,17,23,4,-102,63,48,166,17,55,1,-72
106,-205,88,19,-148,59,101,0,-15,-90,100,89,51,-6,42,30,-76,21,-14,57,64,0,68,-74,-54,151,89,-49,26,3,46,82,-55,161,35,70,-73,38,35,-29,-28,98,-56,79,41,-71,-47,-48,-57,-111,111,-30,92,-42,-72,-57,7,-221,-70,-37,-123,6,46,31,34,73,139,68,21,-100,-27,-136,-108,-128,-61,-30,-38,28
94,-29,104,-59,-10,-98,4,102,87,-39,-30,30,-41,-33,64,94,88,90,24,-22,89,-64,-72,-20,1,42,42,-19,-56,-1,54,-176,7,-109,66,115,22,103,9,111,21,-121,-178,-14,-33,90,62,50,-28,8,146,125,56,-63,94,1,79,-46,-121,6,12,71,-100,3,-88,151,-67,-2,192,56,127,-102,-4,-37,56,3,103,97
-21,-112,-9,-11,-27,-16,-10,-99,49,-16,-48,-16,96,28,22,-61,-64,102,-36,109,86,-35,-90,127,-35,-59,72,-7,8,-14,-10,17,102,53,-21,61,-88,-52,30,-19,-68,33,63,61,-3,-51,49,93,-165,-95,-103,-23,-56,129,105,-51,79,27,101,54,-23,43,-3,35,-9,49,65,-71,25,188,-17,-171,8,-13,-69,9,79,14
63,25,17,-93,139,124,9,141,80,-6,-48,165,-120,67,-66,-76,40,105,48,67,43,56,7,64,90,168,-65,52,50,12,74,-113,-106,71,152,147,148,70,19,124,8,19,-136,117,68,107,154,-1,-34,-22,47,116,-8,-29,140,-151,-82,40,-244,53,-27,-83,38,-39,153,36,16,-41,-19,-54,-96,81,146,161,-87,18,128,23
64,-12,-124,-40,66,101,3,30,-17,107,56,98,14,47,-55,6,-1,16,70,17,61,38,-189,-12,-69,-30,30,-41,105,-29,-8,-28,16,20,57,12,-48,65,-8,-36,28,33,50,-23,110,166,64,178,72,123,-13,-94,46,36,56,147,-13,102,40,71,22,93,-52,-40,81,53,87,143,-51,-15,-21,47,5,82,-76,104,57,47
76,-27,-92,41,-18,111,40,-62,60,-2,-39,87,-72,34,65,-29,55,25,56,-80,-48,64,140,28,-45,-5,13,123,134,35,-50,-24,-1,-62,18,158,25,-53,-32,81,87,-20,-6,18,50,165,108,70,179,-52,-78,127,-147,102,59,83,6,97,97,-16,-14,161,-21,43,-18,-43,147,51,39,-81,-40,136,130,53,41,2,24,8
133,92,6,-41,-113,-85,45,-48,69,-97,-12,68,-131,84,134,39,-74,58,-7,-57,-46,-82,-54,-44,45,58,1,-38,88,67,-45,-151,10,-62,21,114,-49,15,-27,-88,-131,44,24,-61,-13,-5,112,-19,48,75,8,-7,51,77,5,-86,-62,-42,48,-60,-104,114,-38,-65,77,17,-82,-59,50,-140,-63,88,97,-23,1,43,-24,-101
23,59,-48,-60,13,-195,32,-114,211,-107,-46,-74,-42,28,57,25,-50,94,40,82,42,38,-33,118,28,-35,21,15,-61,143,-28,-99,48,-23,-64,95,30,50,42,24,-36,-17,63,-73,-12,28,100,-77,21,54,-220,-85,-36,179,25,-86,-51,128,25,-18,-40,45,-77,84,-32,-25,-20,-159,-82,1,49,70,58,-86,52,15,0,-4
-35,1,17,-36,43,-76,82,-12,62,-2,69,8,-153,-97,105,-65,71,31,31,56,-16,-103,-13,61,44,24,77,-49,-43,-43,-18,-106,42,-88,-82,15,-30,-17,19,-3,5,-68,-165,100,-80,-68,-171,-18,77,-34,74,120,87,-17,129,-41,16,-147,-80,12,86,-63,128,44,-51,-16,21,-147,17,103,1,-23,180,-18,-104,-60,24,25
54,76,104,-38,2,128,-5,-25,-32,-92,-59,82,38,157,-118,84,-38,-39,-30,15,-80,158,-20,-60,-45,-11,47,6,2,70,30,17,28,2,-58,34,-12,-37,29,11,-2,19,-97,23,-125,-59,56,74,78,11,-48,12,-105,107,105,7,45,2,14,6,93,-74,-167,26,22,54,127,-58,199,82,-128,-74,33,79,21,49,97,-42
98,10,-19,-84,-38,50,16,-25,25,39,12,69,-97,60,37,124,62,-118,-41,-98,79,6,114,83,54,14,81,100,-57,147,153,58,-32,-5,41,24,110,14,-87,19,42,62,13,28,138,76,-56,79,-9,-68,142,112,24,-166,-6,40,-75,-125,-24,-66,39,-8,47,39,-98,10,60,41,97,17,-79,42,3,16,-19,149,20,-1
44,94,27,-111,-106,94,31,-10,109,-55,-18,106,-95,114,-29,140,94,18,-46,39,-25,98,-128,31,-5,43,96,103,-63,-29,11,80,32,54,32,13,143,47,56,115,0,30,-83,64,-35,-64,2,9,55,4,-61,-67,-55,33,7,2,-96,-92,-82,-8,62,-34,45,28,-37,10,38,-5,91,46,-49,88,113,5,29,106,-56,88
-16,32,40,-37,-52,0,-37,-120,-13,91,17,-78,53,-71,35,188,-112,14,-33,-1,124,98,26,-14,17,160,-82,-67,39,22,45,24,-10,127,-15,-18,-1,2,-48,-74,44,3,-70,-138,115,175,64,115,-24,89,110,-22,67,1,-75,168,-40,-80,118,54,64,78,-42,100,-72,-114,50,33,12,-94,-30,-46,-64,131,-26,85,-26,120
108,63,-98,-66,-65,105,-1,87,47,12,39,126,-119,72,129,101,-41,120,-22,-23,38,52,-120,157,115,17,66,-23,-80,-22,74,-94,134,52,119,78,119,122,48,136,103,-101,-135,-31,76,134,68,-8,58,91,115,66,4,6,25,65,-53,68,-42,121,51,34,71,-24,-33,56,58,85,42,-80,-59,149,55,75,9,30,32,1
132,84,-50,-35,-70,-29,14,33,-89,-119,72,59,-137,6,-38,29,-31,66,31,-38,13,31,60,-97,62,141,25,146,25,2,1,79,6,-41,167,-35,-71,59,-8,29,72,66,-65,-1,92,-44,36,6,23,-24,-31,74,-113,-63,-207,27,-13,-87,88,17,254,-69,62,159,-42,16,41,37,-47,-44,-147,47,13,11,111,0,-173,56
39,90,-6,48,-9,-64,11,7,-67,-30,-53,-62,-13,-51,-27,6,-19,-42,-32,14,-59,29,77,22,91,163,-2,14,-28,135,-14,-55,-92,-101,17,-10,128,76,-5,-11,84,64,-125,12,52,-2,81,28,138,5,0,81,18,82,-49,-16,88,-96,5,47,159,13,13,7,35,-49,-18,-103,125,4,32,-14,30,40,23,-44,39,-57
136,4,131,98,2,4,38,142,1,167,29,123,34,21,9,99,27,-41,-9,-95,59,47,-54,-5,93,-70,44,109,19,139,133,55,116,70,-31,-76,43,88,-19,63,108,-93,65,39,-49,-18,177,31,-66,22,151,29,127,14,218,124,56,165,53,-94,-66,-109,-63,34,96,32,28,69,97,43,170,42,48,-29,38,22,175,181
2,-24,59,-1,-92,121,9,-89,-7,60,-32,-50,11,-12,117,108,84,90,-32,-14,-70,21,52,-62,10,-31,71,49,-42,21,121,74,51,8,-83,110,57,-47,-8,87,19,-80,-88,64,142,78,72,105,80,-65,37,190,-36,-45,103,-6,-11,-87,101,-6,139,-14,22,115,-17,22,-10,43,197,44,65,7,60,-36,-94,74,70,98
-21,-116,83,75,-23,38,97,22,-11,-38,106,135,113,23,131,144,155,-34,-18,112,15,113,-54,174,3,97,55,74,-10,-15,63,159,36,-5,67,90,150,37,56,26,88,40,97,83,91,39,54,63,33,24,95,57,47,116,81,-100,-62,26,155,-37,5,117,-52,125,79,13,85,138,52,179,51,106,-12,-35,-72,40,54,63
-12,160,-87,38,148,-9,-49,38,107,139,-49,-39,41,-45,-19,160,112,98,19,85,-91,43,12,112,130,-62,70,164,-5,-1,18,162,45,1,-35,-15,51,88,-15,61,56,-70,136,61,94,13,150,112,44,124,82,66,146,32,111,7,48,36,65,80,-56,40,-114,160,-35,52,-65,55,-30,97,128,105,49,-51,44,30,99,93
6,103,156,16,76,-19,-89,-4,-83,19,86,164,78,-24,26,29,47,-25,21,157,-9,136,-32,61,-18,91,-57,35,22,128,-2,27,-25,67,-50,48,32,38,127,47,37,48,-13,63,-74,-82,162,-90,170,53,51,-51,30,95,31,6,-70,-30,86,-2,91,-71,146,166,1,-91,56,22,-74,57,-3,95,46,20,74,86,136,88
232,-211,-128,73,37,-82,80,46,63,-48,108,188,-45,111,8,-56,-74,57,32,22,123,174,35,113,-64,-5,54,5,36,-25,83,-30,78,82,33,80,10,76,71,34,-2,-12,52,-65,-144,23,130,25,127,118,88,67,69,137,97,93,-3,176,73,-20,-16,88,26,-89,-9,-6,106,157,-35,29,-40,104,76,-126,-13,46,12,-51
-14,-46,-139,-83,27,7,-7,64,180,-1,-25,41,-60,33,6,-63,-6,43,-49,115,78,-53,-11,99,-31,-20,5,91,19,-29,-91,-41,-14,26,24,29,24,82,-100,27,-102,16,0,-149,-89,150,16,1,-29,20,-33,25,-52,-88,-66,-2,-32,42,-126,56,10,85,118,-56,-16,-25,-19,18,24,-2,-44,63,52,-81,8,-156,-50,-89
-5,102,69,-60,17,108,100,25,-123,-26,29,-70,36,-10,119,128,188,27,85,-81,-110,-13,32,10,40,-65,7,1,55,140,14,24,-60,-85,19,16,-16,8,56,137,-102,80,70,147,131,21,-138,165,28,-18,-6,13,-11,-70,85,3,74,-73,-3,0,126,11,-60,-44,25,10,-51,102,93,62,-9,46,-21,83,-70,98,75,70
140,24,-30,84,-107,-17,29,98,-7,5,18,5,-65,97,-77,-65,-66,-31,1,-12,26,-26,-43,-2,111,167,-24,54,27,96,148,77,-30,101,-43,27,-73,-6,10,47,99,144,-60,75,36,-62,57,-44,21,21,-23,13,-8,136,-60,43,-21,-59,57,11,-110,-79,-116,5,89,17,38,-156,99,-36,-110,-131,55,7,-43,78,-84,97
