13,-11,36,95,-30,61,87,-94,21,-31,-43,-9,36,132,150,-38,36,85,-55,-84,-44,-21,-151,107,-31,9,-65,-19,-21,-12,4,-92,29,-120,15,105,28,-104,61,68,98,10,30,-74,-6,-43,-3,53,0,-63,51,19,38,21,-2,-11,-34,40,125,-24,66,20,121,-88,69
-30,12,-54,19,58,-19,56,118,-36,42,-18,-14,-75,3,36,114,43,22,-46,24,1,16,-115,114,148,56,-138,-1,81,32,18,185,42,-47,81,-121,-22,-32,-43,-80,18,107,205,-36,115,7,32,87,136,-50,-80,46,48,-13,65,130,65,74,125,-17,-40,31,51,20,-85
-65,-78,35,25,19,118,122,31,41,-22,53,45,76,81,-59,86,-4,53,-30,61,-16,37,-1,-28,-182,28,-50,-166,26,-36,25,-186,-170,3,-35,37,-6,42,35,102,18,-26,-61,-25,-53,-28,-36,54,122,-3,57,-111,-39,21,-25,-21,42,-59,51,73,-39,-68,-81,109,67
59,26,3,11,-188,47,37,-28,22,-20,-119,120,-54,-112,39,30,-100,-62,-51,3,159,-9,97,17,18,27,-15,-99,60,55,42,111,114,11,-45,-101,-74,-27,86,0,-81,27,-30,87,156,19,138,-22,139,10,41,61,42,21,-65,116,-5,43,-3,-45,-75,33,105,-1,2
-35,50,112,188,2,6,88,12,32,-2,54,-9,95,19,87,117,30,58,9,-31,115,55,86,-74,-26,155,35,11,146,-38,7,89,7,69,-53,54,43,15,35,-172,-67,40,-4,28,-71,-127,-16,162,99,50,-64,-4,19,77,119,123,-20,-32,29,20,-88,90,28,121,20
-43,59,124,6,43,-82,81,68,-59,102,69,90,24,96,107,66,-18,89,38,-2,48,107,39,31,98,-5,69,69,85,39,-109,25,66,-15,80,115,-75,73,-47,55,-14,89,-17,-50,-83,0,9,91,36,125,-69,-24,17,-18,24,76,12,-26,26,78,-101,-25,20,89,54
28,63,26,13,36,11,8,-108,6,-13,18,-42,-74,-11,-106,-19,-92,-48,66,61,-21,114,16,26,-70,0,-22,-125,5,46,94,-49,4,-9,75,19,-17,7,58,5,-94,114,9,59,-50,-35,17,47,-89,86,-74,-134,63,104,49,-16,23,75,-67,8,-14,4,62,11,-1
-76,49,35,0,46,48,45,-39,121,21,52,-49,109,-114,34,-27,-77,65,62,59,15,-48,88,21,3,65,11,29,-122,177,77,-20,109,26,12,-62,32,29,83,-1,0,12,-14,58,-4,57,-1,53,0,-15,28,-110,95,104,-61,-12,31,-33,-77,82,-77,2,-63,-87,81
-60,-10,83,-6,11,71,-35,-108,-21,-51,-31,70,119,15,34,-67,57,44,52,-61,24,24,-62,14,35,9,35,171,3,-53,-67,-44,16,-14,125,132,-46,-20,134,22,-30,-18,27,-52,-82,-91,21,-88,-75,7,-33,53,-43,43,-13,83,-157,95,19,76,51,-74,36,43,-36
-55,80,50,163,5,61,33,32,-40,-104,-39,-1,82,3,34,70,78,76,116,80,23,74,-5,1,-54,-88,97,-15,-111,55,63,-68,-25,-87,64,6,-43,-57,70,-11,91,-43,62,77,6,-31,51,12,97,-125,48,-47,-30,20,-90,1,103,73,63,-19,-91,1,22,2,96
37,70,-47,70,65,-76,-74,-60,-11,119,-42,-57,4,-27,-36,25,-53,-9,47,130,142,97,70,-82,16,-42,30,57,69,19,-24,23,4,20,-158,60,-42,87,-51,-54,42,49,17,-51,-35,5,-69,24,66,59,11,-36,14,13,27,128,-40,33,21,72,53,65,0,95,31
40,-85,-1,-5,47,-9,56,-58,-32,79,20,-56,5,30,8,86,22,-46,101,86,32,16,62,-5,37,49,-2,71,34,123,-53,135,93,-4,-1,-70,43,89,-33,-33,-54,22,14,61,66,7,35,45,-2,-121,48,82,26,-8,-37,81,64,117,-140,27,-5,38,82,-32,-17
61,-58,66,4,30,16,-38,-59,-32,-58,-86,-89,-45,22,85,4,150,-23,79,22,-98,27,-116,-34,-34,-129,117,80,30,11,-32,-75,81,84,-57,78,10,62,-37,92,-13,-68,3,9,95,32,82,6,-126,-135,70,-63,33,-26,-64,1,104,29,3,-52,34,-35,-40,30,139
-17,30,-1,19,-17,-3,26,-101,-54,139,-63,111,78,-15,20,74,-65,67,56,23,205,55,121,60,100,59,27,30,-23,123,-22,-72,29,103,-67,-16,43,35,105,91,38,105,-7,-90,-33,123,48,89,172,-44,113,-120,-22,61,-145,118,1,34,126,63,-54,22,129,-78,62
-3,-13,-61,21,-55,-94,-22,-35,-50,129,-11,53,-18,-136,-36,66,37,-22,24,-39,96,14,56,-81,21,-105,120,77,52,112,-24,2,101,86,-119,34,-60,122,-15,-65,2,-8,-103,-23,-42,32,45,-52,10,-26,145,23,93,-15,-24,6,16,-74,-23,22,-55,105,-35,-27,5
41,-47,79,7,11,8,-34,15,55,287,-44,-7,-17,-17,17,76,-88,162,-14,82,109,-19,26,76,-108,60,-55,60,25,44,-78,-186,-82,95,-7,-45,29,83,-71,63,18,143,14,-98,93,6,-108,131,230,6,43,-97,-3,104,39,77,80,-128,24,100,-64,18,0,28,29
28,22,143,39,17,67,35,151,-16,-46,93,31,79,16,-20,155,35,50,5,24,132,133,75,57,-16,3,128,-127,22,77,-35,-16,79,-40,43,16,-45,7,86,-50,63,53,-30,1,-53,29,-18,97,123,149,17,-93,6,142,-33,78,90,47,35,10,-130,33,80,72,102
66,-20,-112,-57,-74,17,12,21,11,-104,4,11,77,-72,24,-69,56,4,21,158,70,14,4,-49,15,-103,66,83,-78,14,-4,71,99,-158,89,-64,119,66,15,91,52,-74,60,32,-12,11,79,-4,29,33,25,59,14,-134,-89,35,5,76,-63,20,-74,-41,-31,-2,-11
-29,56,-25,91,-29,-14,70,14,47,-16,-71,-35,75,-32,20,11,-93,78,47,-57,-3,-168,29,75,-71,44,-1,-34,1,210,165,-44,136,37,-117,-99,8,-95,150,-34,68,-73,-21,119,16,98,102,-44,95,-72,85,-76,92,47,-84,-62,-82,43,-63,80,31,104,64,-96,58
-13,47,108,-61,-18,-58,83,-4,-103,-52,-14,93,-22,121,69,-45,-3,101,86,-18,38,89,-7,51,-121,-123,39,-89,-27,21,23,-109,-34,-18,-100,71,110,44,13,75,-7,79,75,-29,-78,65,74,108,-55,32,-61,-108,-29,-15,-50,70,-131,49,66,-6,17,-103,53,55,140
-171,-32,-15,68,11,-6,89,-109,54,-68,6,23,-34,156,101,-55,10,-28,-63,-90,-149,-100,34,-37,18,-95,20,49,119,83,6,24,-63,-30,-134,-62,-66,16,-5,35,16,-80,10,97,-49,47,-41,-8,-49,4,69,65,-102,-30,17,102,-37,104,15,76,122,63,-70,80,-11
-26,63,-6,119,106,106,-17,14,-90,23,-50,1,96,33,7,29,79,94,-122,44,-2,33,-21,33,82,34,7,20,72,94,-88,-21,34,63,57,-65,-8,-50,68,-2,-9,39,15,-110,94,33,33,-7,76,32,-40,-59,33,25,37,125,-13,20,113,27,-21,-7,53,106,84
-117,-71,33,-13,-51,-12,35,14,-58,-34,24,16,-22,-39,75,-73,13,-32,42,-66,102,-17,40,124,0,-85,38,81,46,31,90,45,-34,28,-26,-88,67,46,-52,44,-82,-10,211,47,-55,34,58,-118,-49,-66,119,10,64,13,60,10,-54,-94,32,19,-52,28,-14,18,-45
33,12,-63,48,44,85,0,13,154,-37,51,-43,-52,-53,1,1,29,21,-58,-53,36,-27,-96,-118,73,27,26,133,94,-11,-28,62,23,94,-67,13,-29,35,99,-38,4,-19,-54,-25,56,58,-57,22,115,8,34,75,4,31,-13,113,-53,-15,12,59,22,68,-55,14,-4
-21,-8,7,-20,-53,37,70,-43,-45,-78,21,-12,-99,86,60,47,-24,-5,-100,1,-118,65,44,32,4,-34,102,-92,42,71,102,-111,-61,13,-20,83,30,50,94,16,123,32,30,-27,-32,36,7,72,14,-59,-29,-65,-35,0,-60,34,-8,7,69,-43,0,-41,41,81,76
-46,70,-35,6,63,-36,80,-14,15,-19,108,-17,-78,-104,-31,-67,1,115,12,-17,39,-63,-20,55,-71,11,11,-51,-96,64,16,-114,-32,59,128,-135,89,50,26,34,-107,114,-88,-1,-11,59,47,17,-46,-70,-46,12,114,58,-43,22,-62,18,-57,-15,-118,-75,84,-145,26
18,-10,-8,63,25,72,148,21,115,-81,-7,133,93,-19,30,79,78,80,-55,76,12,-30,37,-204,-32,8,93,-55,-8,-102,43,34,82,-54,37,23,-6,91,48,-41,65,-198,13,8,89,-46,-27,17,36,43,62,8,-87,-38,-68,6,42,61,39,-32,39,110,-3,42,48
22,-16,18,51,-56,-15,66,13,41,-91,-91,18,-72,-30,-59,116,57,74,-91,69,48,-23,-121,82,16,-2,-74,-47,-105,-75,102,21,60,-43,-20,-73,-2,15,48,-95,44,-33,166,-92,123,-15,-40,72,63,-31,-93,-26,-58,28,94,1,36,-97,-2,48,-38,-32,6,106,133
-65,55,-16,80,156,-31,178,-44,77,73,181,59,22,59,-15,30,-27,85,92,-6,34,106,4,64,32,-35,80,21,61,92,8,26,23,-3,17,-20,110,80,123,-30,10,163,-5,-10,9,13,-36,-36,-10,25,-41,24,64,2,3,40,60,51,-28,174,-13,141,38,-2,87
74,4,31,28,-60,-55,-17,-22,-43,-70,58,-123,-23,41,-37,22,58,-7,11,-36,-32,20,51,-13,36,23,54,19,79,-40,-53,21,21,126,52,101,21,-25,7,-74,-9,44,-139,18,10,21,124,101,20,-134,-8,115,-9,63,-64,100,44,81,-9,-91,-102,-72,24,5,40
33,38,-114,74,136,5,-75,-88,10,17,56,-95,18,-121,-23,-13,52,31,20,1,59,66,-92,38,30,44,-89,25,32,40,-20,56,87,77,69,-70,15,-41,71,-69,-79,119,-117,-16,-87,98,-4,-36,44,20,-11,46,126,76,-87,116,-64,108,66,-25,-47,2,142,-196,-7
-2,46,26,51,11,2,51,28,-24,63,17,0,26,-149,63,56,-11,-10,-47,26,35,-153,-8,58,66,173,-46,29,10,38,-78,96,-6,7,123,-135,-11,14,5,-59,-60,30,-1,-8,218,38,-69,43,92,-51,-103,40,53,28,-34,114,14,105,-66,64,91,57,102,-17,-103
-54,56,-49,31,12,34,-13,9,4,138,-74,135,-17,-48,120,13,17,49,3,-107,70,-28,-41,-39,49,26,77,89,-15,135,-37,30,-49,-58,-46,-26,-107,-90,3,33,-35,43,-23,-19,30,6,-44,-62,37,53,-47,91,30,108,67,-63,-79,-6,-109,124,79,77,127,-23,-61
14,-116,-59,39,80,64,81,-28,-7,14,25,-115,98,-35,-111,49,66,-42,-11,158,-54,142,-80,74,-130,-104,-18,-2,36,13,107,-3,-17,110,77,-68,59,78,31,5,-3,-40,-29,43,108,-17,44,12,-39,-56,60,-28,29,102,63,107,3,4,83,-48,-4,30,-47,-17,32
60,-204,-26,-3,72,42,-92,78,33,13,23,-107,116,13,93,35,83,-15,-48,42,-24,46,-85,-117,134,-33,8,145,127,69,-65,170,-4,147,-145,-1,-41,30,17,-90,39,-20,-2,-78,38,-59,-103,-6,97,-11,-64,4,5,3,116,96,-15,-28,-71,163,71,15,-122,182,-84
-10,24,126,-125,-83,-170,57,-27,-74,105,41,28,4,-28,-71,81,-181,22,101,-10,71,8,50,197,16,77,-206,30,-37,-65,24,31,-27,58,22,-10,58,62,100,21,-77,87,46,-153,-34,-4,-29,65,50,56,-83,-17,-45,-18,-44,76,-58,-37,52,99,-65,-68,9,114,10
-119,-100,-80,38,-121,19,78,74,68,88,-13,28,123,75,26,-21,66,87,84,83,12,70,10,-10,40,-99,120,29,62,88,75,-47,-37,108,-83,-53,113,-31,-1,129,38,-8,138,-46,117,-74,39,157,161,-138,114,60,37,-11,-42,102,80,-139,18,186,21,98,-93,-6,-26
32,-8,57,-14,-54,-106,-44,182,73,72,-13,34,76,-106,51,-80,30,53,48,-1,163,-41,23,48,9,10,65,115,-28,-10,-76,155,202,-65,32,-51,-38,-13,44,21,115,44,72,18,87,16,120,-26,102,46,-106,72,21,-41,37,-25,-1,-34,-89,76,-12,17,-29,44,23
150,-9,20,-84,-29,-26,20,-1,7,3,-45,89,-23,45,103,67,-67,22,-41,32,-106,-65,-62,-74,-56,-100,-53,-118,70,16,5,12,112,-109,47,91,16,26,-49,-55,23,8,63,-2,-49,-41,20,63,43,114,-11,-33,-47,-10,10,29,79,12,60,-35,-108,13,-20,45,114
-21,-26,-129,39,53,116,-21,-112,-54,-24,-53,106,-14,7,-6,-27,84,-17,41,-73,12,62,-102,44,80,-18,-7,-55,-66,-7,-66,-68,-133,-9,25,14,93,-58,-52,2,-29,103,-55,-52,27,-7,-31,-127,-71,19,-1,-4,-13,-4,-99,12,47,18,40,38,45,18,99,-110,0
71,65,39,153,33,46,94,22,40,100,11,106,6,2,59,130,-3,-12,74,14,209,79,77,-22,16,115,79,-2,2,55,-87,102,45,66,-24,-99,66,93,94,-58,-2,66,-24,101,144,82,54,86,68,-15,80,32,-25,31,-50,149,-39,71,-21,40,61,143,189,-87,180
-2,-79,70,32,-103,20,-8,72,-39,-22,-61,-8,23,1,28,-32,27,-32,-40,51,76,39,30,-117,18,-2,74,31,48,-8,-12,100,-5,-37,-159,-32,-169,-3,-2,56,-56,-89,-44,76,105,0,6,-96,78,62,94,76,1,18,-95,98,-67,-110,78,118,122,44,52,-14,6
23,50,18,-16,-12,36,5,-21,64,6,35,32,31,120,10,25,19,-17,51,17,-7,171,43,83,31,-93,31,-66,41,9,106,-51,18,-11,5,154,127,-86,44,-29,50,-30,49,-10,0,19,75,92,45,76,-11,4,-5,35,-43,8,4,12,86,-20,-2,5,34,-2,70
6,23,-76,78,88,64,31,61,128,81,74,-13,-4,40,-6,56,-34,48,-39,70,-23,10,-3,-70,54,26,59,33,53,86,-27,24,31,64,75,-24,-10,-15,7,-14,-42,-57,-49,100,-30,-29,28,26,6,48,68,53,29,46,-40,30,-3,-40,-59,-25,-42,125,-46,-61,0
52,-120,17,-101,-135,-61,138,22,43,-3,69,7,16,-5,51,106,61,21,140,0,-163,58,-14,96,-58,-75,-105,-5,30,6,173,21,99,-102,63,83,138,82,138,-28,109,-26,107,28,-107,-57,112,62,30,-155,149,-19,47,-136,-84,-69,6,144,74,-85,-86,27,-68,22,71
12,39,32,49,-4,64,29,-9,71,-13,25,-54,130,28,-60,59,-39,92,99,6,-22,-21,-72,44,-42,74,-56,28,4,137,-30,-37,-11,30,83,87,32,-57,134,13,-3,42,31,-1,-71,-94,50,159,37,12,-29,-7,94,69,57,57,-136,153,-71,46,29,-47,32,41,27
79,-81,8,-39,-116,27,-55,4,-48,76,-13,-79,98,3,-31,-8,25,27,31,-27,103,118,-47,75,3,42,-88,-16,-192,29,-2,18,-7,12,-14,2,-31,-24,32,12,-68,13,81,49,14,6,117,60,-23,-50,53,19,-25,63,-19,25,-18,-29,40,-13,-10,-109,85,-32,28
78,-57,69,90,-9,-5,-58,99,8,83,-7,-41,67,-21,-32,105,-9,-17,-45,-10,129,117,66,96,-76,70,111,-35,57,61,-62,40,42,80,76,29,-44,2,169,-22,39,-40,62,59,-15,-55,47,66,54,56,116,17,44,84,-44,21,-78,58,85,21,33,-11,148,6,48
-45,109,114,74,130,-23,-91,1,41,10,28,-29,-77,49,9,61,14,60,3,1,-106,95,-73,82,94,119,-97,68,66,-14,-72,-78,-10,37,50,84,-39,-17,14,-33,-96,145,-31,17,-48,29,-68,103,41,111,-49,17,73,0,61,84,-53,120,106,-113,-3,33,116,-89,-73
104,27,-14,-91,0,-26,-41,86,-142,13,28,-14,23,51,-69,86,18,-81,103,36,45,165,-5,9,65,-6,-79,15,54,-38,42,212,38,-2,97,-8,101,35,-89,-117,-15,83,-9,19,-125,-70,139,70,-116,79,-123,-89,-20,-37,93,51,-36,1,96,-113,-47,-73,-64,72,18
-38,-13,-77,-9,10,-80,-11,51,-26,91,22,22,105,65,-45,-132,20,74,-46,1,82,32,120,-20,66,-17,44,-6,-15,-38,-67,-24,-11,-31,-134,-18,20,-69,-156,7,35,75,1,-32,47,2,2,-24,-2,-15,-11,-48,35,-45,10,-2,-5,-19,-25,33,29,103,-4,-32,34
30,38,27,46,192,-41,-16,-79,41,-24,46,2,-97,25,-84,-17,12,-4,-55,8,8,80,11,-37,-40,-97,49,4,169,-71,-19,117,-44,73,37,51,76,142,71,37,-12,68,44,12,-58,31,39,-43,-63,10,57,131,22,29,45,91,-29,75,165,-131,-37,-9,8,105,102
-55,60,14,107,32,-42,3,82,-11,145,18,55,-62,-55,-37,141,-71,29,88,61,174,155,84,109,10,74,-46,-33,38,67,58,86,-17,82,93,-186,42,108,78,-29,-71,114,89,57,42,-71,-20,123,122,43,82,-5,82,28,-44,158,11,5,148,11,-46,68,153,-82,4
5,-85,10,59,189,115,99,-5,114,-14,62,-12,55,59,-32,127,99,-59,20,54,30,69,-50,67,-52,5,45,-83,91,-4,61,-11,-33,72,19,-75,139,41,13,-60,109,90,46,92,10,-34,77,80,36,-2,48,-92,-108,138,77,119,174,33,110,69,-93,63,-26,139,113
178,-138,60,-24,-60,42,24,99,114,87,65,9,188,70,-20,75,-110,19,29,67,-6,24,-23,7,107,-12,-25,-8,48,13,61,150,52,-35,86,-6,-23,-36,84,-5,52,-84,86,47,102,-74,56,-10,70,6,61,68,11,-31,12,-95,37,-56,88,98,57,117,18,-22,-48
114,-4,10,-14,-178,45,60,56,-5,13,63,29,22,-105,-62,134,5,-15,139,38,91,164,1,82,24,-90,14,10,-72,106,73,-20,87,-70,140,-17,59,31,136,-33,13,10,2,18,11,-14,152,70,-1,-75,67,78,68,86,-88,-12,-55,74,2,43,-72,19,44,-107,37
3,11,68,85,-69,69,-59,85,-36,-59,48,-10,-21,52,-94,56,-19,34,5,-30,42,18,66,32,47,-57,-67,-42,117,56,106,102,65,-147,74,-67,-116,-53,27,-94,-122,-144,32,125,-25,-42,-10,54,123,67,35,-52,103,-52,-55,-6,19,-18,74,-110,-52,54,22,-59,18
39,-9,41,-44,84,-113,20,163,-95,64,79,-36,76,-72,85,-8,-11,-27,43,0,82,56,38,-9,55,-6,17,73,-1,113,-35,186,71,102,76,-107,-125,101,27,15,55,176,-138,42,-1,54,24,75,28,-85,-44,7,121,-23,-57,-12,84,59,3,104,-49,25,44,-5,-40
0,-88,31,59,3,-98,71,-80,-25,79,80,-69,174,-52,-2,-13,5,22,84,-31,38,36,14,53,-59,62,64,16,-64,-6,-92,19,-4,92,-13,112,195,58,112,-92,-12,100,30,-55,-5,-67,11,37,-33,42,-15,-49,-58,49,-91,96,33,-39,18,200,47,38,5,65,122
28,-8,100,66,45,-77,-25,-62,104,111,45,68,85,-76,-56,115,-25,40,83,11,29,13,138,54,-44,-6,120,25,-18,109,-27,-76,120,140,0,5,78,91,126,16,-8,54,-38,52,-24,59,34,46,-11,-88,120,-44,7,68,-97,22,-2,105,-25,24,-76,60,34,-147,45
-28,-35,36,-21,27,62,29,110,-10,13,6,-121,-41,20,-89,81,-27,-37,39,121,114,152,23,-27,-49,114,-29,-28,-38,-42,28,32,-73,-4,90,-61,-44,2,-18,74,-2,41,23,-101,1,-103,-28,37,45,6,-20,-11,79,133,13,88,14,-6,-18,62,-18,-4,30,5,-72
72,0,47,119,70,48,-25,109,127,13,7,-59,-87,72,5,83,-57,113,33,73,90,65,-5,-110,-109,17,49,-145,-7,-84,-55,60,-35,-36,154,23,-21,28,-51,59,14,-70,44,-2,43,-74,-96,19,118,98,52,69,-46,92,-132,105,73,-23,-6,4,74,-15,127,-32,91
49,-169,44,80,30,78,-51,34,24,89,-3,-17,32,25,-102,154,39,14,125,114,31,114,0,179,-109,103,80,-52,74,129,40,-58,106,-77,119,-142,95,44,149,33,-32,75,-12,167,-4,-110,12,33,64,-25,100,-109,113,20,-66,-12,109,108,-99,23,-40,81,220,-77,75
-89,20,-50,19,-88,-6,3,9,-33,-74,-77,-63,80,-63,39,54,37,0,132,104,95,-136,-28,107,-2,-25,28,-24,-101,-7,53,-149,80,-9,33,1,7,-36,-67,53,37,-169,126,-145,65,-40,-33,109,106,-100,58,-12,-33,29,-4,33,90,-54,-44,79,-46,-122,-56,-45,-82
-105,-58,33,176,87,107,134,13,146,107,-30,146,124,-31,-68,115,144,124,127,-39,168,-12,-96,10,-73,77,103,-21,-32,40,-33,-87,31,49,-49,-63,72,185,171,60,32,-45,160,26,119,-43,-21,44,40,-159,200,19,12,25,-53,-28,85,-36,47,111,57,81,18,-53,59
