81,-22,-97,-42,21,76,60,19,41,89,-83,98,198,-108,74,16,-57,62,124,-3,8,162,18,76,124,121,109,73,27,-10,-99,-84,77,241,-42,52,-2,21,-89,-227,36,-36,251,-20,168,119,-42,-35,26,75,-111,26,41,24,-21,21,-53,145,33,70,117,-62,141,-50,-3,-40,14,160,50,22,56,43,10,15,50,76,11,-11,29,-86,-13,24,106,-54,116,-86,20,-29,48,-43,-107,-175,219,62,21,-89,174,-28,117,-84,-69,19,38,94,-19,-38,-114,12,122,79,-125,60,-39,-18,-56,70,193,-83,-17,60,190,-246,-169,-178,55,-41
82,-37,-185,-87,-54,136,133,79,14,85,-59,87,50,100,223,166,209,106,-150,-24,-62,7,68,32,139,9,94,-34,12,-17,8,80,133,24,187,73,140,24,63,-8,-125,-14,-61,29,-9,222,-176,61,85,-10,139,-2,-83,84,40,160,-119,-134,266,101,36,118,74,-63,151,-46,-107,-31,-61,80,142,113,30,36,158,28,241,150,-162,104,70,8,76,44,-20,34,76,92,88,66,-13,-39,107,-47,84,63,73,-50,219,23,53,101,28,2,139,151,82,-1,129,-44,99,103,44,202,85,136,-49,78,43,24,53,104,25,-13,18,25
-114,106,133,-45,7,59,-76,-26,78,-106,95,94,-48,-71,84,-114,42,30,-57,214,-29,38,156,-161,-60,-11,-76,-33,16,149,64,-24,-109,-24,129,14,39,-3,-130,46,179,86,31,-133,-45,58,-5,179,-4,146,75,-60,-92,-106,-6,-15,65,62,34,199,-40,49,50,56,-47,-26,25,90,69,-88,18,10,58,15,-93,75,20,83,188,-48,113,134,-179,-63,31,128,-30,-54,151,102,-21,-62,-29,117,-67,30,182,63,30,-64,55,96,124,-35,-106,-148,142,-12,-178,129,-112,82,-25,-64,209,-123,-51,96,76,218,70,124,-231,101,88,77
34,110,201,-49,-75,66,92,-90,262,134,99,11,62,-43,-73,-108,57,54,38,-15,131,102,57,30,85,97,-102,67,138,-75,-41,55,24,118,-29,-22,104,41,65,61,86,-58,102,-89,12,-112,31,203,-25,-40,3,-68,-14,54,77,52,183,182,204,25,68,-140,48,38,-98,1,30,8,-63,91,68,-156,-59,-85,89,94,-25,114,-33,-69,8,80,63,4,116,114,27,-75,99,-84,-77,86,-214,-45,76,-32,-5,-43,-78,8,84,59,-74,161,-2,-18,77,-32,-31,-36,59,139,22,-25,-95,36,40,133,-98,182,120,43,38,-306,16,-54
-22,135,-11,-79,-34,-35,167,-89,140,120,116,-235,127,181,48,-29,71,-41,-162,-199,-160,140,45,163,33,43,-2,5,87,-42,-169,95,25,145,-3,71,50,-35,-29,154,-107,-59,120,60,132,94,25,40,4,32,-23,-199,-51,94,17,115,-111,24,-21,4,-9,-27,102,-45,250,-75,42,-20,-18,9,39,158,125,169,-9,124,-49,-10,-59,24,3,-89,117,-48,-43,10,7,70,-24,69,-18,-31,156,176,-37,1,67,-69,-67,92,-99,30,46,90,106,3,53,212,114,-21,133,98,18,79,12,80,99,34,69,68,228,-28,60,-114,103,-60
174,87,-13,100,-106,-29,123,20,-80,-17,102,-39,198,24,-83,90,4,-49,50,44,106,30,-39,-240,12,-11,70,70,-90,0,-123,68,-15,88,-9,-91,-2,114,-45,-48,127,-144,-45,37,130,-13,-44,-10,255,-184,-72,-87,-103,46,-29,-52,-14,32,-100,141,-13,19,0,-187,3,-7,89,75,186,-132,-111,28,23,106,-104,-18,-24,59,-53,-227,64,10,2,-35,105,32,-5,-96,97,-24,39,-142,-50,45,29,-201,16,132,55,54,-127,97,64,-14,100,93,55,32,97,92,-20,-19,82,-115,-4,6,-168,80,-41,88,37,-11,26,-49,46,-4
95,18,122,-24,68,0,143,-33,109,95,265,11,73,57,144,49,63,9,-32,6,142,119,22,-7,100,149,144,-156,105,59,-112,37,-11,-33,282,19,75,25,-22,133,-32,-3,275,124,81,2,-10,-75,85,45,91,95,76,156,35,-9,154,155,-15,130,-9,78,206,-31,259,-51,147,177,152,34,-40,76,75,-12,-87,6,-93,118,37,134,35,-44,105,93,-31,-53,72,10,153,133,195,157,126,141,69,135,-118,163,35,244,-86,173,-77,73,43,-89,249,99,-17,-99,137,35,120,252,40,77,192,52,71,20,284,90,-160,-37,154,163
90,-55,42,-34,-57,-147,-72,223,305,-21,78,-1,83,230,-6,-64,122,136,139,16,154,35,-137,12,-103,140,-96,71,203,-139,3,191,-110,120,121,113,78,26,19,21,-32,22,33,-67,96,234,172,31,-47,109,-77,-13,215,2,123,19,-70,57,54,104,96,47,55,27,12,-42,263,67,28,180,-25,121,195,72,-24,85,-212,74,-66,44,-32,7,79,-106,107,-53,166,-10,66,55,208,107,26,68,123,-29,-58,169,71,-4,103,172,-194,68,185,4,187,45,94,5,50,4,-13,9,95,180,-9,132,19,86,112,-16,3,95,-23,91
-6,-41,-98,112,-74,29,193,135,14,85,48,-102,-57,-19,77,137,-87,-20,-73,-160,-71,-12,67,80,-62,94,-142,29,-145,-28,-48,34,-108,3,50,-16,-123,9,1,58,-135,170,-23,-14,147,-95,142,-69,40,-67,-178,-64,34,-106,139,97,225,7,89,-133,-198,33,56,-5,71,30,-151,49,23,-146,-4,109,-24,2,-27,55,116,-74,-2,46,7,-15,146,39,-163,-235,-27,143,-131,-159,146,47,36,-34,0,50,-7,34,170,48,104,18,26,-38,-158,43,16,35,107,11,-101,-35,-57,-41,107,64,-20,-5,86,104,7,86,-85,-232,-13,-15
51,70,111,56,19,64,116,165,109,187,49,101,114,26,242,46,164,80,113,-172,-56,-13,204,178,48,-37,147,-102,151,136,94,183,26,37,135,99,-8,46,-80,-99,108,-115,59,-54,43,156,141,63,45,106,91,127,59,120,195,117,104,163,41,51,-33,-38,112,20,29,202,-98,244,116,60,-31,195,19,-187,-11,-154,31,204,89,63,-4,156,66,224,327,119,-21,17,127,41,211,103,-73,8,-33,204,-167,-41,126,179,73,-4,113,-77,-97,11,250,1,-27,-19,-66,81,4,-207,99,74,24,-134,151,307,26,45,34,-145,3,126
0,30,-34,175,240,172,201,417,17,196,99,-90,137,23,45,17,94,-55,85,-31,53,127,106,172,141,128,-11,117,76,132,-164,-14,-63,55,174,-218,51,139,1,292,-31,-50,55,-99,150,-57,37,71,-168,63,19,203,174,-26,76,-49,163,-35,155,165,130,23,-112,70,-8,92,-81,72,-59,99,-45,17,61,78,0,43,152,93,69,-30,237,80,75,-7,170,128,49,23,-29,106,23,-39,-75,-42,28,28,10,-94,-2,304,85,239,109,39,108,24,186,22,34,-16,60,-2,112,33,285,216,22,18,9,122,-16,144,64,49,1,-137
62,37,101,-29,-32,73,-18,40,33,-58,-134,-22,-60,-107,59,26,138,-51,-147,-38,-113,-17,54,31,-78,112,-44,-31,70,-15,24,-175,13,29,-93,167,22,90,3,9,-33,34,161,8,53,12,32,41,-81,116,-3,42,69,39,67,148,89,74,-15,-81,221,92,144,24,129,28,-70,22,54,169,148,91,107,130,-214,104,-83,-14,58,262,131,-54,-35,36,67,-35,60,149,-4,159,-146,-16,-3,144,-52,60,-57,-92,-27,-109,58,154,63,-78,5,-80,75,-51,27,-79,11,89,-83,62,21,227,-6,-6,121,-1,-41,9,-58,-65,129,-68
-9,-63,81,-3,205,-38,161,21,72,56,123,-8,53,42,30,56,16,73,42,-27,9,-90,7,9,148,36,152,-221,140,104,-53,-49,53,-80,-61,208,-95,-96,3,-64,59,39,116,-14,-72,79,16,167,13,278,43,96,93,19,-39,-82,-16,-174,-29,101,-62,49,-124,204,95,-46,-45,64,-69,126,117,128,107,-25,-142,-68,71,105,58,116,116,-63,30,5,142,-18,20,117,-60,3,-40,8,-143,-28,95,57,42,144,-21,202,195,141,95,-43,-33,-30,51,81,16,20,-12,7,132,180,230,99,-9,159,-109,87,-35,-46,8,-71,91,-70
112,-60,-37,-25,85,15,136,75,114,-32,-27,30,126,-42,118,99,119,-37,2,154,-194,-234,156,187,21,7,-155,105,214,-59,-141,164,104,53,206,30,7,57,-31,7,-57,-5,265,-31,139,98,92,54,-189,56,64,185,-128,65,-9,181,94,108,137,49,137,54,-47,221,25,138,2,199,-64,255,154,51,108,-130,123,191,115,233,-113,212,135,8,120,81,192,290,187,150,-43,-69,106,224,-54,-10,12,173,85,5,227,202,200,21,-93,-42,232,3,-72,190,104,152,58,-53,117,-52,103,50,52,99,-65,262,-38,-46,111,74,132,-103
-39,-15,-246,17,48,177,-40,80,-104,197,-128,92,28,-20,236,13,-59,55,30,38,-41,183,71,-10,139,-6,217,-38,-44,155,-180,70,58,-13,-23,98,2,-63,4,107,64,-259,-50,25,-33,-2,17,53,66,-21,-54,88,63,105,-79,150,132,-137,47,54,-130,69,-60,-44,124,-9,55,100,81,57,121,177,72,-46,73,-84,261,-77,-74,3,-16,-11,173,-18,134,33,-42,133,-22,3,-134,-24,10,14,-75,106,51,50,84,-35,-65,21,154,-39,84,118,-156,-137,-41,-94,183,-152,197,-11,-36,-46,-39,-11,15,-138,33,75,46,185,82,92
101,55,-17,176,-80,22,141,-51,43,185,154,119,134,171,24,66,132,197,-64,18,-51,-154,135,-41,-28,43,145,-11,-2,-8,33,156,155,99,34,117,120,76,-181,53,-85,-54,138,58,125,-7,21,83,62,-15,104,-107,140,-30,198,18,126,73,256,91,46,-35,-28,26,93,-29,-84,168,38,15,-8,-20,-23,-76,64,91,-8,346,-4,-46,108,166,77,170,158,-25,106,27,31,127,-69,150,-52,38,54,123,-7,24,195,-21,108,-151,-153,-217,172,70,-8,-47,19,179,87,257,39,-6,-76,25,48,-141,44,101,16,15,-52,-29,213,-30
-4,-139,30,0,-81,167,4,125,124,54,-155,-7,50,-76,10,85,11,-10,46,174,-107,-47,13,71,-51,17,-1,-111,120,98,27,62,-62,268,-90,214,-130,-37,84,18,22,24,275,-174,98,-35,222,49,-153,54,-66,57,0,5,0,33,-80,129,-98,-62,-96,71,33,35,-17,-39,-7,19,-82,120,216,-80,85,-43,18,96,-40,100,62,221,137,-39,48,47,-53,169,192,129,-91,58,35,104,-60,-27,-111,4,13,136,26,-3,-43,203,40,183,127,-110,128,-219,95,-13,210,-76,-159,-23,-26,125,19,42,-74,64,6,93,67,51,168,35
64,10,-3,-26,-91,39,-38,19,62,16,85,53,19,8,-134,-40,-57,117,-108,100,68,39,-5,-170,-9,-13,86,109,5,-57,71,-171,45,13,47,12,72,61,165,44,-2,106,29,-93,-81,23,-127,81,-106,130,3,-32,95,99,23,-82,63,110,-38,51,84,62,-78,81,-12,143,88,18,144,195,87,-109,-52,-66,-57,147,8,89,-67,2,-89,148,-130,107,53,-204,78,28,0,-18,-147,-31,126,67,21,110,164,40,-34,26,188,9,80,149,-44,-105,103,-87,-78,101,-20,77,-17,169,-30,3,12,123,43,57,-22,103,-140,-133,69,56
124,115,-13,77,-76,76,32,106,-59,13,-44,-131,-42,-79,227,0,128,182,84,34,26,-25,31,189,252,148,-46,61,-142,26,68,19,138,114,59,98,77,43,17,172,34,-189,-16,-52,3,18,154,26,89,76,86,96,117,95,-126,192,43,205,57,121,2,-237,118,267,-113,116,33,72,-97,2,116,50,89,7,192,125,12,6,-23,295,54,206,94,251,-59,64,178,59,78,-44,162,97,30,84,103,134,104,33,-13,47,-40,43,-164,-59,10,77,45,160,68,66,164,-11,123,-52,258,-35,140,-28,68,-47,200,-28,142,22,164,-78
-92,-40,-71,-80,68,-237,57,-128,66,75,42,176,63,-177,26,-43,-3,1,-1,-71,64,-52,130,-70,-96,-24,282,-71,-13,70,-99,43,-16,-44,40,-143,-59,-40,14,-30,5,-85,85,-14,-137,48,-19,7,171,-5,-68,40,-58,-102,-37,31,-46,-90,-12,128,-201,-65,159,91,94,-63,-28,79,118,54,-40,151,-15,-73,84,-115,30,193,6,-43,-9,25,22,36,47,75,78,-41,-33,29,-108,84,-32,-81,20,-92,-40,7,-123,4,24,-87,-72,-159,-104,133,56,5,10,3,162,9,-36,96,35,-117,-59,-26,91,-191,-154,25,39,107,-39,79
74,118,173,14,-113,30,148,-32,152,25,48,110,16,115,10,103,22,-4,-4,-37,-18,-54,25,43,42,-93,121,1,34,-33,-12,-77,60,70,88,31,197,169,28,141,-24,2,106,-26,171,144,-111,101,-192,-32,71,46,113,105,83,-44,24,41,1,54,97,37,45,-62,12,-118,-37,136,-62,-34,123,24,-23,11,22,85,-57,164,-27,-80,134,-173,-41,-62,208,132,113,97,28,-4,-49,65,87,-117,14,-26,90,-37,46,134,-71,-26,-24,-8,50,-9,135,80,-38,46,33,70,80,66,3,89,45,-77,-78,102,28,-45,139,-45,3,57
9,107,-20,-50,18,-66,-23,-20,9,125,-172,-96,242,-158,97,71,-23,25,-114,30,85,152,143,62,255,-73,-37,42,26,83,-36,-20,1,-28,-88,-185,134,112,-59,-50,44,-124,83,-71,122,29,33,121,161,156,162,92,193,15,-180,265,70,155,-3,97,43,-83,-47,-84,58,-88,105,53,322,-42,-23,214,44,-22,-1,-58,-57,32,161,109,-66,-81,-24,40,-107,-69,-98,78,-25,157,-6,45,5,61,137,-89,-108,131,4,-51,-131,-28,118,31,-14,170,191,-14,134,3,-68,-49,-68,3,-101,-21,-7,-13,29,164,168,29,95,1,62,-10
-8,-41,147,-38,51,-202,28,-101,41,-129,-39,-43,-43,20,7,-67,48,6,256,-120,47,-46,-115,-89,80,197,51,-102,-12,-49,-126,-138,52,-94,-34,241,56,-124,177,-197,3,-16,-55,93,-168,123,18,-70,-27,-12,86,105,-79,-5,-84,-106,-25,-3,-81,-15,-89,-17,-7,-71,50,-27,100,38,3,-56,-16,-73,-66,21,-141,-83,-23,-79,-130,-33,-226,22,-38,-33,84,-40,-35,-29,-18,1,127,-118,10,-37,82,-16,-42,-60,-30,-61,142,98,89,147,-70,100,-17,-8,-12,-67,-20,55,-3,82,-9,-10,19,118,137,-86,-97,-71,24,-116,-49,74
10,36,-4,49,87,100,60,22,110,52,-60,148,136,80,-81,53,-74,143,55,-26,28,-21,116,-11,21,-58,191,-47,142,-31,-66,133,109,-7,-56,34,-118,27,-14,39,-25,-134,47,-34,-20,12,53,-60,111,-53,-17,68,67,-87,72,138,-80,-205,21,135,-25,158,4,-141,-47,8,-29,-114,74,90,92,67,205,-173,24,-33,233,33,39,-52,97,26,44,3,66,218,-37,14,-52,6,56,250,-91,-80,242,-22,42,-31,-96,124,138,55,122,56,145,164,-40,-26,125,28,8,-4,97,128,-24,21,47,129,-177,82,-39,91,34,-85,101,-105
-13,68,48,-55,135,120,-120,-128,-41,-117,55,-34,68,-109,193,-22,77,-22,-53,49,98,86,158,37,-38,-127,-39,-158,55,40,14,125,-17,34,47,-107,-9,118,75,27,154,-28,144,124,-74,-10,-80,16,-2,199,172,29,-138,115,41,6,89,23,-98,156,62,124,57,165,93,-102,234,-102,-211,120,-8,16,7,130,150,69,-102,148,-55,-100,23,-121,-135,56,52,-42,67,116,22,167,70,-45,109,174,-194,26,-60,-42,75,79,-163,9,18,-1,39,53,87,24,-36,91,22,116,-38,84,7,-122,197,77,136,29,-15,59,-106,-61,270,-58
-15,61,190,4,194,65,-54,161,-31,157,15,29,-35,130,-61,-144,-154,-19,53,-33,116,-64,76,-122,240,8,64,-48,161,63,2,-27,-103,-146,-132,294,142,92,136,-113,92,17,129,-16,6,191,118,21,-53,32,119,201,84,167,-90,154,106,9,-3,93,105,80,77,153,-47,47,-9,-69,33,253,165,-207,155,45,137,63,210,-62,112,203,190,57,-59,130,-90,109,6,-52,126,-6,-74,124,90,100,43,62,-46,-57,-38,44,247,190,109,105,16,-24,83,-121,9,-32,23,-131,49,74,-44,-62,27,216,46,43,55,34,-102,-137,115,-28
85,52,37,143,151,54,8,-39,106,142,7,-38,52,-6,209,12,5,209,91,22,-104,-47,207,67,24,-224,-77,5,43,5,184,38,146,34,96,-18,94,76,-70,137,-66,-94,74,7,29,-31,237,92,68,-61,-39,-19,48,149,-53,-9,11,96,63,61,34,-2,112,101,-161,58,-85,13,121,266,61,-4,59,-142,102,-105,92,122,-70,83,20,112,-11,41,-35,226,141,52,75,5,-182,277,-34,42,16,-63,120,119,-67,6,-18,-83,20,-12,167,25,-31,-137,-27,-76,90,178,148,43,63,10,28,-55,-81,166,94,83,-37,-21,182,-78
-9,-28,156,40,25,111,273,79,146,9,114,-79,136,-51,-68,51,-156,-33,146,-49,42,-43,-113,40,38,-25,-17,42,19,48,-58,-111,193,-28,-68,28,117,-11,-3,93,47,41,168,-124,154,-44,39,74,-200,-118,-85,50,-84,32,77,-25,127,127,71,11,85,59,10,110,-72,-2,-110,60,7,-23,201,73,21,105,-55,-2,47,100,218,-3,47,-64,193,4,43,180,-35,85,18,-120,-65,-30,-107,-43,56,152,68,27,-36,-59,-12,-63,-3,137,87,-37,-69,-40,-191,-40,-2,59,132,38,-51,-47,-43,118,-164,21,149,-48,99,16,-48,-72
131,141,-89,94,99,-8,74,-19,20,-68,-63,23,22,-100,92,49,81,17,40,149,65,27,-86,36,90,-83,-5,-81,-81,47,62,111,242,26,85,-21,-61,125,79,3,173,-8,-66,166,35,-44,85,-86,26,82,90,92,-213,42,89,-6,42,142,43,130,89,-95,-2,245,64,110,180,134,-97,180,195,34,91,73,214,71,166,-28,24,42,87,19,87,96,-102,136,-127,129,90,-177,115,84,8,171,107,149,7,-36,-35,216,122,58,-43,23,78,134,8,-114,-20,66,-56,-150,73,-133,112,-13,3,381,97,40,76,73,46,53,5,23
123,-42,105,-131,7,-25,-64,134,5,-31,-31,-27,-16,101,-47,-39,-111,-32,-94,229,71,-34,-44,-123,-60,-13,-226,-108,61,-55,-14,-23,-108,112,14,14,-90,20,-69,13,-74,120,56,-70,54,-11,26,111,-197,7,-99,-98,-36,75,88,55,115,-59,-119,118,160,87,-86,33,-167,21,118,-17,-73,128,-28,65,15,-37,-111,56,1,13,-117,-144,64,-96,-77,15,40,-70,123,-49,-74,-164,79,-11,-104,148,-37,157,71,112,37,58,-132,85,-22,200,7,15,54,-161,3,130,-70,-60,-72,-28,163,22,-2,297,-109,24,12,120,85,188,94,-141
87,141,-57,94,14,-139,119,6,76,-23,12,34,94,-110,109,137,135,-21,-105,-6,97,5,87,91,-45,5,31,-9,-2,31,22,100,40,179,42,-139,-169,129,-79,119,12,157,-13,144,47,-33,165,-99,-147,106,-80,-149,33,-14,112,7,73,-2,-65,-9,77,-72,-30,122,114,-31,65,114,9,31,39,-13,-75,108,-2,67,52,83,-175,-80,-93,-152,-17,38,5,-140,101,159,-36,71,-5,-156,-34,1,-112,79,-167,105,97,39,-91,-40,-34,115,-257,-38,-25,-22,66,-69,-24,23,-14,-18,42,-45,139,-163,-13,9,-97,-38,-30,109,163,53
158,91,103,96,-74,23,212,-215,134,43,71,51,-14,116,18,94,126,169,79,71,-58,-127,78,-19,57,53,266,3,-59,64,39,19,250,-80,-156,236,94,210,-84,-9,-2,161,116,157,85,130,30,124,33,-1,13,46,-93,112,-50,-120,213,-48,62,137,-93,-91,142,-88,166,-95,48,165,17,-12,110,-44,-42,-103,273,-26,25,147,22,87,95,-64,31,106,105,-57,93,24,247,-42,-109,25,94,144,-16,91,106,-145,10,-21,183,-29,-47,-19,51,129,-76,-38,52,201,98,157,96,7,55,56,109,9,85,-59,148,-73,-189,-113,60,52
0,79,-135,4,21,-82,97,126,-6,155,80,162,95,-29,-102,-15,-147,120,-141,102,187,-57,167,-49,39,-107,135,31,-91,-102,43,-130,2,4,135,-124,68,198,119,106,69,40,52,134,4,31,-24,-18,112,-2,4,-6,146,6,105,116,12,-83,96,30,3,-22,-32,-12,32,-4,50,284,258,84,73,48,-1,-130,61,163,132,106,-10,12,-46,-27,22,46,45,-45,44,62,85,45,-115,234,-75,23,-44,51,-55,-6,58,19,185,-91,39,-4,109,25,9,-81,13,139,59,1,-183,-75,-90,-13,139,66,-65,64,-49,71,-127,94,258,-102
-22,-31,-54,77,-84,160,104,70,-2,61,-169,64,-91,68,3,88,98,264,34,102,-137,-2,-97,80,-22,57,38,181,109,-180,27,66,166,51,19,292,-3,48,-30,53,132,-58,53,59,73,48,-47,97,3,11,-14,81,-91,91,-6,137,134,-17,190,136,-65,179,27,28,-65,48,172,-148,59,4,119,199,73,145,33,136,145,164,-19,71,-192,57,53,80,-68,34,1,169,7,-69,202,49,47,204,63,197,37,141,-7,-157,95,17,32,-62,181,35,64,117,23,-48,46,169,40,116,-7,50,-53,164,131,58,-32,84,2,17,172,32
-145,28,62,60,-88,-37,7,25,-79,57,33,-42,49,84,-70,34,-6,142,-190,-5,-68,-21,125,-7,6,8,-102,90,100,38,84,15,151,-150,73,56,133,29,48,-91,105,76,91,-2,55,137,26,80,-65,43,261,97,37,143,-65,171,72,117,203,138,86,144,119,-13,-24,2,34,-119,80,-113,40,83,-61,11,64,214,80,1,79,48,27,-63,50,-136,-16,133,-37,-7,71,1,0,269,96,69,92,95,-47,22,-89,-143,50,-101,70,-3,360,122,-10,170,-115,-4,-30,117,-5,-47,-80,84,-28,-109,118,72,41,-43,-7,58,161,54
219,91,-100,53,-72,72,156,-69,-4,205,-69,-117,247,-23,66,225,78,66,-41,24,-134,-5,62,76,19,11,198,50,111,197,-106,56,125,85,-24,44,64,55,20,43,-51,-132,138,11,134,7,119,127,68,36,169,-121,82,28,16,-29,167,11,236,76,41,136,-297,-148,165,-48,1,-109,69,38,116,25,43,54,192,106,170,86,68,15,120,-41,105,77,-49,-43,-61,-62,-2,240,72,-43,172,125,62,18,-28,30,50,-72,131,129,-5,234,121,-44,18,-68,70,-111,87,121,99,65,-19,-6,96,-123,-55,85,42,-50,55,-159,243,28
136,-38,105,24,175,99,24,153,168,132,266,199,31,26,49,114,-140,49,144,171,140,156,54,3,151,-23,105,13,117,16,-88,23,166,50,92,-24,64,80,-94,41,20,-143,7,173,7,49,68,169,19,180,-129,-11,-41,103,32,102,95,210,-23,176,89,-37,228,71,35,90,112,-80,4,220,-1,-1,-57,-11,-81,155,42,104,-39,-140,194,-29,91,26,150,29,-30,134,182,101,51,19,138,197,-16,70,161,0,228,131,7,1,150,129,63,227,60,-73,0,-44,-45,160,57,70,97,8,200,152,36,25,-51,148,-112,10,190,118
-277,77,-90,140,37,67,-165,-19,-126,171,-94,74,-71,183,71,-81,-20,-5,-105,-35,-98,115,81,16,-12,-94,-43,-155,292,-72,88,-42,49,-101,28,37,-17,82,-27,-75,126,78,-17,-55,30,118,-49,-166,-6,-31,160,-137,98,-7,-84,63,113,-128,-35,144,-22,95,90,142,-58,36,-78,25,-134,51,187,55,52,88,214,21,-62,-3,36,-129,-9,106,-100,36,20,-103,86,-22,114,261,-16,-120,72,162,-42,65,-35,-148,4,-86,-16,38,57,-132,-116,55,125,18,-45,3,73,102,-4,18,-23,28,230,86,15,51,7,7,-120,30,-78,-64
-66,-5,29,-54,24,18,37,-70,163,-100,-199,45,57,161,31,-43,112,0,-182,54,15,-50,100,104,30,95,10,86,182,-134,138,-109,156,151,-42,-43,-46,209,118,98,35,-94,128,-10,95,-44,5,53,-53,45,-11,74,68,77,-36,70,-25,-10,34,62,-59,128,74,-6,42,29,-162,-129,36,225,27,10,25,-50,70,148,20,-31,196,107,106,-66,60,-71,-74,20,79,68,-62,-31,-79,72,7,74,-38,145,36,-102,101,32,53,-18,-107,-145,-112,-171,100,157,-10,-8,164,84,91,83,-86,28,-102,112,48,42,-48,-31,-202,-58,26,-51
81,-57,101,-4,-34,195,-49,-17,-20,-2,97,53,-122,-6,0,113,-34,206,75,-84,165,-170,134,-47,191,-44,80,91,-154,-67,-9,-85,63,-95,142,2,191,116,-6,92,22,-130,-64,56,107,24,-121,-70,215,-40,-8,46,251,168,139,38,129,0,39,71,-151,-127,-4,126,-48,42,117,24,116,57,0,20,124,-7,148,30,164,-145,-69,34,-30,29,28,165,115,19,-15,65,161,64,32,159,-210,-42,110,49,-22,-80,-14,97,130,-31,-8,-42,8,113,-12,111,-113,2,155,-4,308,27,64,37,132,-64,-6,-192,56,20,83,-120,94,36
155,-141,-82,-195,-115,93,195,66,103,63,-95,-53,72,108,5,109,-80,5,59,173,-156,-47,-32,-15,97,21,133,68,60,154,57,-30,164,-61,77,80,42,-117,-9,-89,-110,12,140,-8,-28,275,64,98,-5,85,18,-25,94,80,-30,-53,36,-27,119,194,124,110,-3,24,-124,73,28,131,53,69,74,-8,26,-46,-60,34,37,124,46,274,105,-26,110,-198,-14,-9,26,-136,171,77,45,24,132,15,155,-130,191,179,-112,68,184,271,87,-69,126,0,25,72,80,-101,33,81,32,23,154,173,-33,114,-193,15,120,-97,-91,106,57,-271
152,88,7,10,87,73,75,85,105,42,-36,-45,-21,2,3,37,20,131,-75,144,106,108,6,-15,148,110,-17,-157,16,-54,-51,-13,82,68,8,125,-2,63,126,-114,-41,-17,43,105,-9,122,85,119,61,152,41,64,20,165,46,291,2,158,-45,233,12,35,24,137,111,-62,160,22,-25,80,59,68,-7,-50,150,245,-79,59,-109,187,38,-74,-99,74,-103,-29,39,173,-9,-133,181,172,32,261,197,176,-36,101,186,-15,36,48,10,119,84,219,259,-93,6,23,38,-29,-98,-63,79,35,183,120,34,-176,194,-35,139,-59,199,49
45,101,70,16,143,-85,133,158,23,-113,-58,35,28,104,-31,123,190,-114,33,60,-27,-228,104,27,-231,30,38,-53,-125,87,61,125,-226,10,27,58,13,28,41,5,58,66,-59,7,-106,-59,59,-200,-134,15,-88,32,23,-99,222,75,13,-49,-2,-33,57,82,-234,-77,155,-5,-31,-70,71,-2,-86,44,-34,9,-65,-44,126,168,131,137,-101,-8,165,79,-14,-74,-124,-58,-38,15,132,65,-100,-117,118,53,-118,-12,5,-78,149,-35,19,40,-34,-45,-31,-6,69,-26,-245,-63,-1,-73,-112,-23,-201,21,58,56,-155,76,111,-17,52,58
-8,-82,78,-31,70,83,67,70,138,-20,12,-17,-31,79,81,-51,7,30,-112,17,65,113,175,118,124,80,104,34,136,-50,-72,194,-149,54,187,151,-147,80,-77,98,79,254,164,-120,83,52,27,17,-76,-3,91,111,104,60,36,-8,35,31,41,-85,184,101,-142,38,-9,14,-70,266,-123,100,-5,50,58,-117,-41,-55,133,70,-117,3,81,-37,79,-53,37,2,3,-93,26,71,143,177,114,92,-3,195,60,44,-29,153,65,158,-25,30,47,-85,2,60,127,9,-111,113,193,-7,178,-166,25,62,-44,49,24,20,-26,115,-8,-203
-20,-31,108,46,-55,30,91,66,57,33,-88,-35,-155,-58,-52,72,171,45,-44,-17,-69,85,-119,72,-14,-154,-132,-56,-36,-35,44,-101,81,-203,-208,177,2,-27,70,9,155,12,-60,-162,83,-44,-123,7,-74,104,37,188,-95,-74,-21,52,51,-88,10,118,-3,-95,-31,148,16,-23,6,137,-283,31,146,25,19,118,-8,-15,26,12,106,2,230,-33,-110,-106,125,121,49,52,-102,-97,-79,171,55,-3,164,210,-6,-158,-113,-34,29,23,-131,-129,97,-24,-72,-140,-47,127,-69,-146,42,-15,42,-95,-72,159,69,-56,-93,17,88,9,-19,-224
103,41,103,36,-98,193,69,-23,69,-9,62,-65,-39,-10,251,-13,125,-39,-89,81,-66,5,185,-2,50,13,185,-3,2,119,-6,-142,-97,-114,-17,72,56,-9,-26,-26,-39,-137,71,-145,101,49,-48,59,62,66,59,144,28,27,-209,37,11,38,-61,122,104,8,179,72,105,-88,36,-22,63,-91,115,54,192,113,47,-20,-78,72,133,203,173,-100,-106,-51,0,67,20,-40,77,181,70,27,1,-114,26,-36,31,-17,-132,216,152,178,149,-67,50,-89,95,8,-86,-3,75,127,75,194,56,185,-103,-58,75,208,-113,21,-48,-38,115,62
44,127,-81,-57,187,244,37,120,62,234,116,70,190,103,62,60,-118,124,98,-41,38,4,-29,126,170,6,17,-64,31,-21,44,56,114,95,42,91,-69,-79,-138,20,-123,214,-57,-30,-21,140,136,86,119,-1,-21,-161,68,193,225,126,33,7,232,22,212,-33,156,143,38,52,-44,92,-93,280,7,47,17,5,111,85,163,52,-118,52,52,70,0,57,29,-69,18,113,47,-129,-46,32,142,94,126,38,190,260,194,-48,87,39,108,51,9,127,11,-15,82,-142,-69,116,163,70,152,28,84,224,-162,-14,307,155,45,-13,-41,-174
-59,11,-38,77,122,-79,-101,104,59,-80,20,107,-60,137,52,-106,-137,188,-97,-7,-95,154,-84,-86,87,114,58,67,161,-127,-88,-114,-154,172,28,84,-49,216,-6,70,-81,-62,-12,-74,25,-128,-54,18,11,-53,10,-77,126,144,-95,162,89,68,38,26,246,-59,66,69,77,-121,63,82,-91,77,-91,97,147,-14,53,-8,-13,-69,4,-101,45,-16,75,-174,115,-39,-109,117,-133,-150,58,13,170,162,5,-20,40,85,3,49,63,194,53,-122,26,42,-63,212,-6,119,-123,46,54,70,135,0,61,191,-30,24,129,-126,103,-131,-127,-76
-15,23,92,-145,67,91,10,-92,133,-4,-5,138,33,133,138,55,-82,-26,14,115,74,14,43,-125,-1,48,235,-68,-113,124,-32,137,59,-119,62,-30,74,102,32,95,-44,-17,88,-8,53,94,-1,78,204,44,-217,-42,138,-4,46,68,-30,-54,-79,82,-24,37,7,26,17,-227,-42,35,128,-38,21,26,-106,-148,56,-15,-71,87,-34,57,24,-43,-25,-80,83,-105,107,-5,102,35,-26,91,210,29,104,-12,59,-50,108,28,-65,56,-27,-56,-98,-6,-24,-1,5,-133,182,-83,69,51,67,-51,9,-118,-102,-86,-57,-57,21,113,42,-23
121,-105,35,162,-2,0,32,10,-33,19,104,-140,55,159,18,-47,54,77,-83,43,57,179,-56,-5,49,-70,-4,42,5,-115,62,-52,-58,-109,-145,-20,10,369,160,-48,46,-114,84,118,63,-25,-55,-15,-1,145,-125,-2,172,63,-67,-43,321,-45,37,-15,112,109,48,104,101,-101,127,86,-103,128,-80,16,55,58,88,142,-90,87,-115,-50,-62,-20,136,-24,79,-119,-9,-35,0,-168,84,-198,-33,175,4,35,11,-5,21,46,18,129,-22,29,59,-34,-40,-128,-44,212,-17,21,-44,-22,-31,28,0,86,90,13,122,-10,-103,-66,235,-12
-29,43,2,-68,54,-24,80,-59,115,62,112,-18,173,-3,109,79,234,2,140,-218,-44,-41,87,132,58,116,-42,-151,152,-26,-97,94,-61,179,137,75,141,-33,-86,82,110,-70,-9,6,-150,-9,158,115,-47,-16,179,101,-61,107,103,162,52,188,151,114,19,-187,197,-44,27,-40,18,61,79,165,1,192,95,-36,-6,12,5,87,-48,5,-167,83,138,129,52,3,-35,83,65,-15,121,123,-27,45,-177,-11,-46,201,123,156,-25,14,-127,-89,199,-23,163,-29,-42,80,15,102,45,138,98,13,106,-4,25,180,173,-61,4,-52,-93,190
118,280,93,184,-14,153,109,106,23,188,132,132,90,202,227,124,-3,149,62,123,28,29,152,-11,330,-2,215,42,53,51,-76,-111,169,-17,145,13,118,168,-105,24,176,83,58,160,107,156,-173,93,1,-29,9,157,120,76,188,49,167,7,88,10,67,-69,142,-37,103,-73,95,114,-12,-80,5,189,82,256,-53,30,57,204,91,-43,120,4,222,219,108,-73,60,95,148,212,212,54,104,-29,196,169,33,201,47,63,87,152,66,5,136,94,149,104,147,51,115,68,-9,58,31,242,254,118,-89,124,136,176,97,194,201,-5
89,297,-56,92,140,3,156,290,4,48,-12,257,262,195,-64,27,184,54,181,-84,37,-63,-113,74,124,264,274,51,87,77,42,205,36,56,-50,144,-46,299,-55,128,125,5,103,101,175,82,215,13,-72,-100,120,107,-80,-5,28,-112,-73,-77,47,146,38,59,115,38,-39,-39,-15,-51,159,245,25,16,89,230,71,17,198,145,84,-79,87,73,-22,129,-19,278,31,41,136,93,42,-29,105,78,126,75,-5,-40,36,69,37,298,135,-115,-33,74,56,145,106,60,108,133,153,64,112,78,148,187,135,17,41,61,-40,-45,-97,60
152,-59,99,-24,88,125,-3,27,9,48,-96,-57,129,71,72,31,61,113,26,-48,-75,-11,83,-27,181,43,-3,-225,172,122,-74,-58,62,95,137,146,138,28,101,-83,75,73,20,-99,85,263,119,0,23,44,324,-27,96,215,89,56,-96,25,90,6,148,-42,127,28,122,73,155,48,-6,205,-34,287,163,-124,5,59,83,-79,-31,-37,-39,-3,123,54,-79,57,68,197,-3,138,118,121,-283,129,79,140,-2,-8,-67,6,84,243,193,67,172,45,58,23,-75,43,128,131,101,89,169,34,-1,223,-50,140,256,30,28,112,33,58
-74,10,77,-26,-8,111,19,27,-52,-19,159,-27,18,-58,141,-55,-40,141,-31,164,117,-198,176,66,43,-29,-94,36,177,94,140,-63,132,121,66,-34,117,224,19,205,20,-74,93,6,212,-142,-103,108,-104,74,51,-114,25,279,57,29,214,32,132,46,-89,89,-48,71,-90,2,26,-81,-120,122,53,26,28,83,13,95,59,-41,102,36,200,-15,133,126,147,-33,117,162,141,111,-145,10,-38,105,-85,122,88,94,80,45,72,72,0,30,42,-30,-30,99,69,62,65,88,23,71,-39,71,23,154,-111,83,-48,205,25,59,226,79
47,4,114,37,67,16,125,261,150,29,-166,-42,223,138,23,-14,108,-8,143,227,-144,-7,-132,166,48,98,52,-28,124,102,30,183,-142,110,4,23,-51,33,-116,-159,67,35,206,47,-4,76,313,-32,-151,89,93,155,-109,-26,-62,174,79,37,66,152,216,35,157,29,-122,-30,87,8,26,99,42,138,137,-9,34,10,-33,105,196,136,50,-70,33,-165,-227,170,-66,44,-109,78,137,54,130,120,12,-11,53,112,58,-8,-92,98,82,132,69,-50,107,-20,-21,-41,-137,-34,-105,63,167,25,2,77,95,78,172,119,-183,95,42,-19
164,41,-14,76,21,128,237,191,212,153,111,-44,208,205,140,128,233,264,156,146,-42,76,-68,188,145,32,219,-91,139,165,-7,213,218,111,-1,81,171,58,-87,94,60,-40,197,29,123,133,87,221,-17,262,83,71,226,107,-18,-35,156,173,127,105,-22,-36,68,116,-42,-14,65,70,-160,286,-11,133,-11,79,93,-24,-12,170,74,-44,150,92,183,-89,180,182,-1,14,48,56,148,39,104,100,188,323,309,143,56,179,15,177,85,-71,42,318,171,67,25,27,76,187,237,96,90,23,116,33,-120,-56,128,-64,54,65,0,-21
-36,91,-151,-12,20,69,19,102,88,-51,70,113,-92,37,-52,11,-137,-1,73,13,-22,65,-102,-40,16,187,22,-32,97,-33,17,-56,93,-5,-33,16,26,178,220,104,71,-137,-32,-74,46,4,-104,-28,-27,67,32,45,23,31,-89,-124,23,-56,37,129,-5,-41,-2,123,46,77,56,-43,131,182,-103,32,-102,-48,88,69,27,71,-61,3,2,13,-50,69,22,-19,124,148,62,-140,-13,-109,10,51,-58,22,165,-78,0,111,-54,27,-37,-54,-5,-15,-19,-38,45,88,-4,-27,49,22,-63,-78,110,100,88,-110,-26,-97,75,33,3,57
172,98,120,25,88,83,145,31,42,39,100,-94,133,-78,231,130,134,26,-164,99,-29,157,220,147,53,-25,-42,-34,-10,170,37,-26,122,46,126,-85,-6,141,45,-13,-47,41,38,29,254,-94,96,-86,16,153,-24,55,-127,126,3,-11,163,-19,51,88,204,-5,100,52,102,-51,45,134,-149,34,-130,33,-19,153,162,35,-17,135,-143,185,-23,-229,114,26,58,50,95,-3,-15,-162,148,267,135,-30,252,133,92,12,28,153,-186,110,-82,53,343,-47,-6,-84,-98,3,56,-10,41,-95,147,-36,43,114,46,235,167,177,158,18,244,35
45,123,-6,122,47,19,-8,64,-16,99,35,-134,15,178,116,-64,-56,89,110,-109,55,-53,98,117,20,-212,83,-128,117,-115,74,-114,-30,144,106,-107,83,86,146,113,103,-97,111,38,65,-4,78,-135,40,36,49,113,90,33,-141,-118,49,-42,-4,24,-94,140,48,236,29,35,-84,188,-56,93,48,110,32,58,152,-30,34,36,28,107,105,19,1,-11,-32,83,70,-109,214,24,-27,143,46,-18,28,-137,144,63,-216,184,84,76,-123,-2,94,-11,135,-24,-55,-109,30,28,158,164,24,35,5,9,38,94,124,64,90,-5,237,19
76,117,40,172,165,94,102,40,-114,76,36,80,98,82,83,163,-16,145,208,-9,-91,289,59,-93,-82,-181,85,34,-30,115,24,28,-55,108,154,47,21,34,-78,98,-9,-51,69,33,49,206,52,3,-52,-166,135,10,70,28,47,-88,-12,-54,-120,96,68,-39,-4,-40,26,-167,14,-43,-65,-95,14,55,184,206,-62,-25,81,51,-59,-240,140,14,19,42,46,175,-48,-55,-2,165,114,39,140,31,60,3,-108,23,32,238,-79,92,138,-58,88,14,91,-12,-56,-131,-193,212,-76,-90,72,59,124,0,35,-43,84,9,194,48,-39,65
68,-51,-73,-92,-84,107,137,117,194,99,27,-22,178,32,-20,0,-101,-12,160,-20,-191,-229,43,198,93,-71,139,194,-5,-8,33,-15,-75,-7,78,74,6,-28,-21,166,-89,35,140,-98,109,-67,103,62,1,-54,-166,108,1,65,157,-130,62,44,73,-5,27,2,-69,194,102,122,-113,52,147,184,15,99,106,-32,222,3,86,158,-8,225,47,-75,91,18,-37,164,78,165,21,-21,52,184,-14,29,-77,-62,39,-78,140,64,100,-81,-59,-1,6,-44,-70,107,28,-32,170,33,12,162,112,44,28,-40,60,101,-23,-1,98,-44,13,-5
3,57,46,165,106,-50,-20,247,-26,190,82,103,-17,-127,42,159,-50,-8,-95,-92,-75,-44,85,59,163,31,34,48,-9,172,115,-54,-121,-64,-27,97,142,156,96,60,86,-74,47,-17,81,12,33,22,-20,1,123,191,45,29,-13,1,72,130,82,-15,144,-66,93,154,-61,146,-22,103,79,47,-90,59,23,68,-43,44,-4,31,77,-91,236,63,-94,-36,-31,35,85,106,82,94,-101,-82,105,19,-118,-7,-92,-7,-23,58,183,35,-58,-59,-52,5,-30,-18,88,139,12,-51,1,30,148,110,46,-43,90,26,-35,45,-17,-27,-1,95
-9,-2,-41,-6,-36,2,46,-14,79,-126,80,68,12,144,217,74,9,101,-10,-87,27,144,-12,-42,-64,103,122,28,15,-49,-66,11,69,-23,14,118,-63,-64,39,-51,89,4,204,81,160,138,-53,-171,-46,65,104,82,-189,127,-4,37,64,-28,-204,49,147,14,77,-44,39,70,-51,14,114,-49,-34,203,69,-2,-29,-58,32,-35,-74,-46,-25,-112,-14,-76,111,-26,-46,155,-53,16,132,-47,47,185,-146,131,-190,-7,-44,99,-27,35,-52,-112,-140,-81,-29,51,-4,-98,-47,149,32,-74,97,-195,-99,81,187,65,64,43,43,-65,16,-115
117,-110,40,-112,90,90,-62,88,85,45,96,80,341,57,61,76,202,115,15,-118,67,-11,-50,57,8,1,51,-49,83,65,-36,165,122,4,64,113,-85,-98,-82,-138,-106,56,153,15,123,-218,82,177,52,154,18,220,-77,-85,57,-44,23,-71,38,58,23,-25,40,-69,-37,-160,26,-82,8,159,-104,133,21,-50,-83,90,28,6,99,-43,39,-115,12,-24,108,105,-177,-25,83,-47,159,222,-105,-3,66,181,-34,41,163,154,-8,109,42,-122,205,115,-56,12,-103,120,53,-3,-76,106,35,68,-12,166,178,54,26,97,-120,111,14,78
72,66,-138,1,-36,89,150,156,-43,63,-50,-156,79,108,163,-53,52,-13,75,95,-99,-54,55,141,-79,-17,79,98,42,68,-87,94,-70,-136,-54,-54,17,71,41,138,65,-278,-129,-63,78,-45,-44,-245,19,-59,-83,-3,67,-15,117,-83,9,-86,55,59,69,128,3,-41,8,116,27,-13,47,-15,-273,121,20,26,40,-87,38,151,-159,-95,-92,113,295,51,23,-22,43,-61,-48,35,165,-141,-35,-50,23,-141,-58,-55,-7,115,-13,49,15,-51,101,-84,6,20,60,117,43,35,197,-166,11,-68,-137,-25,113,175,-94,115,178,7,50,-117
74,207,18,44,-1,51,-27,158,45,-2,-13,106,-11,-53,54,-117,-57,181,134,47,171,13,22,156,200,-1,-59,8,106,-19,149,-22,90,204,44,-164,-2,98,-118,115,26,-12,-18,159,118,-53,97,37,-93,128,29,-69,-45,14,34,23,-82,-4,-150,-87,20,-176,196,22,-43,96,-171,81,-63,179,38,-147,122,139,160,15,61,149,50,-6,44,45,28,183,95,297,167,123,-6,134,-160,188,24,-13,98,113,22,41,130,172,-166,26,-238,-156,-7,-33,63,31,-112,6,7,21,-52,-83,2,4,307,122,3,53,160,110,-7,-12,127,-34
164,52,89,-70,-164,186,31,-37,19,68,-33,-78,94,82,170,129,26,47,37,51,-142,113,5,205,106,-14,144,45,-10,-50,53,152,-8,23,74,-30,49,-29,-10,163,-9,-148,-10,-30,4,126,-57,42,107,264,9,234,15,42,-86,-92,-161,26,-78,-78,-119,-106,-58,124,72,162,173,-97,-4,12,122,60,184,-32,210,-60,38,19,23,49,-2,-42,-53,43,-46,57,-127,16,-44,267,178,177,54,-66,90,184,202,87,140,132,-99,-76,47,11,7,8,245,24,56,-59,183,5,105,18,68,16,29,26,43,39,110,77,125,-3,27,197
72,76,-5,100,164,-68,-85,47,-9,110,58,168,116,175,78,89,-12,84,-134,-80,57,200,126,72,16,213,189,-83,254,-1,61,150,156,90,-119,18,117,-140,62,74,67,-160,91,104,57,141,74,-43,-61,116,52,60,32,14,-145,-27,-195,-69,61,149,-34,5,129,-71,-19,42,-18,-102,79,99,-101,156,166,74,132,9,112,127,9,4,-30,-40,26,67,-9,35,123,-27,114,114,18,188,51,89,106,-68,-218,-90,3,-25,13,-229,-87,-14,14,57,43,-35,-62,-35,148,83,78,30,127,-85,154,-132,221,65,140,-144,90,175,200,79
-55,-26,44,25,59,120,195,174,116,179,48,92,17,-43,163,55,11,-70,34,71,-33,-6,100,109,113,2,-83,33,93,6,120,26,-16,103,297,-87,36,52,-49,16,-71,-11,164,-177,218,89,61,12,-112,-57,53,-5,-96,93,134,204,54,122,224,121,7,36,38,95,-118,30,5,105,166,-61,103,57,94,104,-30,105,13,139,63,138,144,74,90,153,-108,33,40,183,134,102,20,18,75,59,-49,125,-21,135,128,-18,101,-11,54,70,23,-114,238,125,112,-185,-24,209,-73,191,120,319,-62,-56,-100,163,8,165,-41,59,69,34
54,-65,89,-82,-15,18,-46,37,117,9,32,101,171,-124,125,177,86,104,52,176,37,30,190,177,-27,-54,64,-36,26,13,163,59,66,30,-62,139,20,-48,-4,83,-62,66,138,21,41,213,70,25,82,226,118,329,27,50,-140,-157,-75,-122,63,117,-52,90,37,88,26,10,270,19,-102,138,-40,115,82,14,130,-31,-29,46,14,167,57,-237,-193,76,160,155,149,-33,-38,97,83,283,44,-144,83,157,28,3,128,53,-4,-70,-9,-32,125,103,230,-148,57,-16,250,76,55,13,-72,152,-123,33,36,44,-133,166,226,91,120,148
203,-8,163,8,-9,166,123,56,46,148,124,128,95,-73,-59,367,52,225,24,1,81,-64,-36,44,-50,-71,253,81,-22,-148,70,-41,97,243,79,184,187,191,154,-7,1,80,59,84,81,19,-29,-26,100,-7,47,140,-43,120,72,-50,-115,85,80,-45,133,77,132,62,-11,-16,47,57,-1,-13,181,129,4,19,67,179,74,-52,-119,-106,140,-171,-19,48,7,-109,-139,34,301,-93,165,91,-8,-21,71,153,38,105,326,20,120,106,-4,16,233,37,150,128,60,-41,111,61,-57,9,35,76,30,158,9,-5,51,72,-10,-107,77,168
139,111,75,124,-82,138,133,-41,-50,-105,112,148,-26,-38,9,81,-130,86,97,52,6,170,121,-204,143,-84,183,118,-95,-29,8,-92,21,-59,169,-95,34,238,26,48,33,-55,-49,56,-13,17,79,192,145,-8,-23,11,38,43,-26,33,137,155,76,26,4,27,211,143,67,61,103,-119,-22,39,114,48,95,-25,55,43,29,164,-93,-56,-32,142,18,-85,104,91,-125,87,110,-23,114,-58,-18,162,255,32,21,14,243,128,105,-2,161,-30,-156,128,57,48,-19,-177,-21,202,-15,130,84,235,-4,35,117,-63,56,84,-1,-168,52,216
-138,-48,128,72,-102,20,17,51,88,105,82,124,-73,69,31,-138,-196,-35,-110,43,-110,-44,61,36,64,95,74,90,21,-21,40,58,1,-188,-50,-29,77,69,-71,-31,58,-237,-10,7,169,90,-222,-52,-123,71,-90,49,4,19,93,131,34,-28,-65,65,-7,-8,156,-62,11,27,-52,33,87,-50,-134,263,79,55,36,24,-101,102,41,-81,-52,11,85,37,-18,19,100,195,-56,14,15,-183,6,74,-42,-199,-127,-182,43,32,13,-173,-50,-127,-116,66,36,-46,28,149,-45,-60,-8,33,38,39,147,26,108,-35,-61,61,81,107,-195,12
23,174,162,21,-108,44,-76,78,63,-21,-176,-108,-44,103,140,98,47,-13,63,-65,53,7,26,115,200,59,38,-18,-16,120,57,25,-50,128,-9,68,23,-81,-77,4,79,111,-41,102,129,108,167,102,-20,-53,60,94,74,-3,211,238,72,98,-64,106,161,-60,95,67,11,187,-25,119,140,-43,17,15,82,-38,211,158,-99,10,31,76,37,-23,127,106,38,79,-60,153,124,209,182,173,175,119,132,-17,-14,183,-86,-10,144,112,21,-80,-15,219,206,-5,99,-31,120,32,46,-167,252,31,110,-104,86,72,176,15,75,149,134,-5
15,-17,-13,56,221,197,38,165,-33,304,-107,142,185,0,-14,30,-95,137,57,154,94,27,147,92,159,39,143,-3,189,-12,56,57,61,-112,67,193,76,-83,85,41,18,-60,197,-37,35,206,119,-4,-96,51,68,28,158,89,32,131,89,-48,206,117,5,161,24,78,-22,-12,-7,166,60,-65,133,48,76,81,29,80,125,239,59,63,-41,-74,-4,84,51,154,22,9,168,78,-155,204,64,80,-12,-51,-36,9,148,6,-12,-29,18,-2,115,21,-12,-73,71,-26,30,204,80,172,51,46,113,36,-17,30,204,162,5,66,213,-1
44,40,-119,-129,101,28,-93,3,16,-5,-45,118,109,40,49,64,28,-100,25,-67,24,141,137,9,-154,178,218,54,-13,-86,-19,28,45,77,4,-28,15,-53,-26,71,39,2,103,-58,70,103,115,10,80,-19,-153,2,-93,-5,-4,-122,-32,-54,-104,-15,82,-132,132,92,97,-59,-43,-81,282,-45,79,-36,-2,127,-52,2,-6,25,10,42,-73,74,70,-11,69,-150,57,100,116,167,48,56,177,-42,11,-43,105,-86,26,170,-53,123,75,-215,-72,-14,87,109,-139,-40,135,38,-94,-94,112,-3,22,-11,187,0,-47,-96,219,-60,39,37
114,46,-104,20,-109,44,179,42,-91,-72,101,-21,-113,-69,-140,113,54,-86,30,92,-81,32,-131,-49,-211,-100,1,8,-99,-10,-1,-2,-13,-32,-68,-63,-56,-36,-189,-121,-18,93,57,109,124,3,-50,-61,-50,-35,33,-46,-48,-71,152,-66,92,72,16,-41,22,126,96,-43,129,-39,50,-51,11,-229,101,-55,6,193,-41,-96,-91,74,113,12,-56,-56,86,-58,-19,62,-188,-89,-108,-63,42,-102,55,-40,20,85,52,4,-68,25,-143,48,69,-107,151,-4,-23,-21,73,-6,-106,124,25,-21,-208,88,-100,1,-35,136,-23,-114,-80,-132,-36,-52
161,11,-80,-128,150,-7,-175,57,-54,46,-61,230,-40,46,78,-7,47,60,-30,35,-82,-47,35,-42,72,106,52,21,89,108,-5,133,61,-202,94,169,41,-64,-8,-39,-65,17,13,133,153,80,-19,44,-35,35,-9,18,-74,99,0,-132,84,-48,40,-35,-56,4,-81,27,125,32,93,-61,90,96,-69,-12,70,31,37,118,118,85,-164,53,-26,57,-32,107,168,107,82,133,125,6,-72,58,1,53,101,65,-34,-181,99,136,53,80,92,-102,-7,51,-128,69,37,104,187,8,107,66,-67,55,-81,-133,165,-60,-13,20,-39,-170,45,56
74,12,107,-133,6,-50,-13,23,240,-15,30,84,92,131,-38,-97,143,53,72,137,88,-19,-93,78,28,-165,-6,36,85,19,17,44,-18,-23,0,87,-17,229,24,-145,95,-51,-142,-18,10,-66,21,85,-37,32,-32,-2,47,128,103,-34,137,14,116,197,192,8,-108,169,-35,-19,117,-2,-87,177,39,19,90,12,74,7,-83,36,46,25,173,-59,17,-13,85,-40,-60,38,26,-28,75,63,-27,103,26,59,46,96,-31,135,99,123,-156,97,133,-24,33,23,-229,48,-27,-25,158,24,133,-15,-33,231,-10,108,-31,1,-40,107,48,71
140,249,39,-8,47,35,12,149,-9,162,4,215,-23,64,192,-29,84,154,-97,8,-29,125,107,9,81,214,97,27,-134,131,-49,-19,-16,52,229,-29,206,55,19,53,-120,-17,98,73,152,28,-95,90,-47,141,-18,117,-48,-74,-64,33,-68,71,-72,48,-33,-127,191,19,-13,-20,91,-70,165,-61,46,62,-91,64,1,101,0,209,21,4,56,165,38,129,11,-107,-31,156,77,150,-87,30,221,169,52,76,145,-37,217,52,61,-16,6,-145,-16,96,116,7,-97,143,76,60,-83,64,53,147,16,-61,275,0,-14,139,-129,-76,71,124
-19,95,37,19,14,31,-1,166,12,-127,-23,169,58,95,-61,135,34,-114,45,71,42,19,9,-59,14,-45,78,-73,-174,97,83,217,29,-68,-204,112,50,59,-141,94,112,15,17,26,26,266,-73,-90,-56,117,47,158,-122,26,50,154,-53,-47,-24,46,95,31,98,126,41,33,16,-22,42,1,99,88,-22,51,105,-64,38,45,-19,-106,-44,-23,-70,34,142,79,76,171,-28,8,96,-25,200,38,11,122,-36,-22,135,11,-105,-106,71,-217,-48,182,-32,-192,32,95,7,-68,78,-155,-13,-113,17,98,14,15,12,101,59,122,-86,40
48,-83,-148,96,79,130,39,33,124,49,88,-67,36,229,68,-56,-177,146,86,55,-20,116,-22,-71,187,92,55,61,2,-97,-9,-4,118,-120,48,11,-14,139,89,15,-21,-17,-195,127,68,306,-134,183,-65,139,-46,20,54,100,107,-1,217,-117,-32,104,-103,-109,106,-106,15,-67,88,-13,-52,127,-4,111,142,43,25,32,146,-88,-151,1,-9,-40,162,26,-25,-67,48,223,10,-39,33,-63,76,119,48,47,120,1,80,170,135,154,91,148,90,202,42,-34,30,-14,33,-87,111,55,92,52,111,127,-88,18,72,-12,-12,-23,61,15
17,-45,130,-81,-92,149,74,-19,-4,-36,-81,-15,-148,4,48,41,78,158,34,190,-52,-83,37,122,-57,22,-78,132,46,130,32,-16,-47,-81,146,8,138,47,-26,132,-13,-145,-54,-155,109,196,-44,-49,37,173,30,-10,181,39,-31,10,-61,-42,122,-31,56,85,35,42,141,9,36,-6,-111,164,-14,-10,-44,212,2,24,-171,45,-4,255,77,-25,133,73,34,56,70,30,-2,115,22,90,139,-27,88,56,179,6,114,224,4,191,-39,19,147,-44,154,175,165,58,-81,-94,94,-76,33,79,36,41,-42,-20,-152,189,203,124,-39,179
75,79,-27,-96,148,67,130,94,118,93,-52,188,23,-166,37,134,47,45,82,27,36,-13,-79,-32,-71,66,-6,-91,30,282,-41,156,67,67,238,38,188,-27,7,-22,4,-67,143,-21,59,34,33,-105,11,112,83,-76,-58,21,30,7,17,-33,51,190,-8,124,7,126,-93,-68,134,15,-58,4,50,50,19,31,68,86,143,42,36,38,-1,1,-19,-198,43,132,-39,69,69,69,-106,47,29,26,20,-10,17,-72,41,66,-137,18,81,-257,99,-120,23,122,49,41,-22,21,-88,87,166,-234,25,247,34,80,124,45,-57,32,-67,88
-249,-57,149,-46,-12,-1,-65,-66,158,-68,-63,81,4,-47,7,-148,68,88,67,104,14,-90,-63,123,-66,-59,83,-193,-100,4,103,-103,-37,118,-63,21,-128,-21,-37,132,-14,82,34,-50,-130,-103,4,24,-16,145,57,106,22,-118,148,-55,-110,82,-77,-67,-53,-24,3,32,-182,-49,61,-90,-82,218,38,-37,96,-92,-68,64,-65,-133,161,-47,46,95,19,-35,18,-79,47,90,-2,103,76,32,4,-44,-1,160,-50,137,-120,60,-2,75,206,43,-76,-66,127,-182,23,-1,24,70,-96,-1,51,64,58,82,-126,-11,-80,-4,23,122,-23,7
-107,45,-17,-141,-92,64,15,148,43,215,34,79,68,56,113,-53,-47,-69,173,151,1,-38,133,116,44,49,75,128,144,90,47,-26,-69,116,133,-28,8,-244,-54,80,8,-98,79,51,-81,-49,147,215,-77,100,-147,-4,-54,106,-24,88,201,49,127,249,62,62,-47,73,28,144,24,78,281,7,-57,53,11,-42,-34,-33,-8,280,49,77,-155,147,50,42,64,2,162,-195,4,194,-6,33,30,-56,36,0,-43,293,4,148,35,-98,-113,103,-74,-83,135,-103,-220,-105,-16,96,140,13,63,-22,-100,-158,-70,51,85,164,63,52,39,61
32,177,51,188,128,111,106,111,125,-15,-51,145,135,98,55,196,250,-31,185,-190,126,95,-29,246,178,209,70,-25,286,22,88,134,134,261,-29,-50,-154,217,-125,52,-41,3,202,110,115,30,314,43,-51,-37,152,40,17,-71,-93,98,-80,45,136,86,79,-9,218,61,63,145,-59,62,-6,253,-16,-20,0,-37,152,12,-43,44,138,15,-25,16,-44,85,13,272,-66,-71,148,264,126,100,-76,168,126,123,-78,-51,39,-50,231,177,-13,-31,-203,-24,130,221,1,-214,172,286,174,22,272,274,274,-67,119,-59,131,-67,-164,-79,77,-40
-5,-66,79,-36,35,104,108,156,128,46,-69,43,8,27,39,122,40,119,92,4,43,-23,-148,55,26,-5,59,-21,156,73,68,-63,37,67,44,266,20,14,52,-135,-18,18,-65,-100,44,170,-110,46,-72,94,248,38,171,19,84,1,73,-75,136,7,-34,-11,-75,35,144,-79,-95,-6,-247,56,117,-94,39,144,131,87,-37,-1,-11,12,-12,28,92,91,-97,-60,-2,108,-70,31,98,-186,132,53,-26,40,94,86,132,-20,229,216,47,92,-101,-85,218,16,-12,-133,-108,4,118,46,46,47,-37,178,-83,-53,34,15,-5,-77,-36,171
-21,103,-171,-54,70,108,21,-38,78,173,-54,-18,60,120,-20,-3,121,-32,-43,-51,-33,89,274,27,94,30,90,-58,110,-9,-65,151,-3,-128,39,133,-65,-52,102,97,94,-30,75,20,-4,34,55,1,-221,-52,-11,60,-6,61,75,-97,12,1,-19,-3,64,297,-44,-1,-11,133,11,-72,156,122,-117,34,-91,74,-171,39,53,303,-120,85,-196,-22,-78,23,199,4,46,-30,69,131,-54,69,64,6,55,135,-33,-111,47,23,49,-46,28,-99,-30,-203,-19,63,212,-87,105,224,84,141,-127,32,47,-128,261,40,-146,1,85,117,223,-4
36,-2,25,-28,-83,-3,69,0,141,-58,-49,-44,115,102,-75,99,89,8,-132,-73,-23,-73,-54,56,-28,38,92,169,145,-2,-9,27,195,-6,-38,-2,-81,310,-122,22,39,-26,154,106,113,-15,30,-6,-37,26,80,13,71,-74,-26,-73,90,50,114,141,133,215,12,28,19,95,-103,-66,-42,218,45,193,55,108,-37,128,-118,160,97,71,125,-62,18,-37,94,24,-62,59,-84,89,110,40,-66,93,73,81,87,-68,79,-76,-145,85,28,-31,-46,-4,149,133,-12,-122,119,-38,90,73,1,243,-82,-76,160,-146,43,44,-205,11,166,-190
-91,56,-27,80,123,38,88,107,-39,-9,30,-33,355,41,44,-32,-165,-107,180,6,-54,-4,31,137,-61,109,-52,-93,-3,113,-6,284,30,8,-63,-109,-209,-6,-234,142,187,114,-133,-104,-84,95,4,64,-65,-5,139,-34,-223,-21,100,29,-68,-103,70,122,-16,-81,70,98,-121,7,-12,0,-92,119,-112,86,-70,84,4,-54,147,86,-33,-4,7,-95,-25,9,-69,229,-16,-2,-188,-32,25,219,-100,-266,-87,-78,36,-35,76,85,-41,-38,187,40,7,2,-33,40,-6,-153,-84,-87,53,10,65,-12,-23,61,-75,23,-175,110,175,197,62,-203
61,198,-35,96,137,-100,135,80,113,133,-12,54,195,132,70,60,181,36,-24,-16,119,-108,120,74,-18,-55,72,-116,85,237,21,132,132,140,53,12,6,65,-103,46,78,-41,138,30,-69,106,125,-3,-22,21,159,-2,18,80,11,12,70,-24,83,324,151,183,104,73,-33,4,118,47,-33,208,16,175,59,36,120,67,49,248,44,-50,-2,-50,46,-162,169,4,119,-31,23,106,51,-121,120,66,56,192,69,60,-104,170,-177,85,90,-48,124,186,-3,24,76,20,63,153,123,241,-60,-10,-3,-11,-56,187,115,-8,-131,89,45,31
118,-39,40,27,68,26,-27,49,57,103,261,54,8,65,-61,-45,-196,42,71,99,4,40,71,-34,42,-128,194,31,190,-49,15,-9,-12,52,43,200,-9,-145,18,108,-97,74,24,-88,-21,-18,-69,79,138,-70,-23,-64,92,43,39,5,165,16,-68,43,-46,18,-118,68,122,64,22,124,-28,-62,169,-6,92,-163,1,-33,36,14,-45,68,201,-2,-2,-113,101,-83,109,76,75,84,-222,245,118,-62,-74,-7,54,31,-31,186,127,-18,-50,84,56,42,-24,46,209,1,97,22,145,236,14,20,-39,-35,-206,103,59,-57,-48,-71,-21,87
65,23,44,27,-84,-15,-40,-77,-105,-43,32,-149,9,-4,0,-156,57,3,-35,-59,13,33,38,-53,-219,-21,-19,58,-83,-158,145,84,-13,177,-111,-149,7,121,20,151,58,-217,96,-58,-42,-91,-32,-90,-61,78,-152,-89,-144,-48,-4,151,16,-73,-94,126,117,-80,24,16,-3,-122,96,-42,82,103,218,-10,192,-49,34,9,6,11,120,-40,57,95,-10,-1,10,-19,58,-138,-89,141,-165,-33,-27,22,54,86,91,-58,-135,14,-119,16,-90,89,-22,-15,5,-5,-117,127,-146,25,-88,-41,-143,-25,39,-18,-19,-44,57,13,-2,-61,41,7
5,53,18,-42,56,48,43,58,63,271,-33,42,35,23,69,-41,162,246,-138,94,86,109,188,49,-31,165,164,-61,91,70,-49,4,96,-53,108,158,11,-50,-32,33,95,-160,203,19,126,211,133,1,-36,122,103,-61,122,127,-145,-8,134,-67,147,49,-156,89,139,13,-17,-63,179,113,19,-23,160,151,45,205,86,18,-132,134,143,111,-26,-46,190,-1,92,94,24,-47,154,125,-92,196,147,110,-73,83,36,39,63,29,-1,78,48,-90,101,-60,258,58,-102,-21,321,48,154,75,11,135,9,-1,128,35,72,39,-2,10,395,-14
56,43,43,25,137,23,1,14,-98,80,176,91,215,75,122,66,107,-18,-50,-17,33,-46,50,72,21,-13,23,-155,-63,40,-60,-89,27,71,109,49,88,146,73,4,30,128,77,40,-3,-61,-54,-68,63,159,137,73,150,67,69,-15,-64,55,15,47,27,30,-22,-97,-50,-42,39,151,-54,10,43,-7,-89,-52,20,144,134,11,25,-225,175,55,-61,-1,92,-86,29,-90,44,144,-115,-135,50,-107,-87,110,-45,-19,98,3,91,45,-87,146,60,-90,74,23,29,86,-6,98,84,128,-98,9,101,-42,75,47,-23,-26,-181,75,115,150
71,193,42,-93,208,-43,-33,201,-48,110,-113,101,-51,-5,84,-79,69,-92,19,37,28,132,343,69,293,113,13,-58,-79,49,81,-187,-179,96,252,-21,46,46,118,20,58,-155,70,88,-174,101,18,140,-21,43,164,207,6,136,14,82,-131,71,4,122,-73,94,-116,-43,-108,87,125,-13,65,-20,52,45,88,87,-96,55,121,110,-17,49,10,211,20,-36,104,45,-32,95,84,118,-33,31,69,-35,193,114,-56,113,16,36,152,75,147,-66,85,-57,257,81,-241,-67,-47,47,-24,24,59,138,63,-164,137,61,119,17,65,-13,156,92
10,-22,-39,128,28,21,15,39,-114,-4,267,-35,-32,-27,-113,19,-8,-83,49,199,-133,69,41,107,-154,-149,-40,-79,200,-106,-167,32,-55,28,-128,-75,-85,67,-140,-6,162,-10,-21,-140,314,20,-73,-53,-118,152,-187,5,-40,89,-4,132,89,53,97,0,48,206,225,181,327,25,21,113,-38,-30,120,153,-58,226,-156,22,52,-7,173,-135,226,-56,11,-46,47,-41,94,129,-49,-87,37,-39,142,59,-54,-100,140,144,123,66,-155,85,-111,106,252,58,51,12,143,52,-119,-142,158,7,74,9,105,146,-11,164,16,48,97,69,14,38
96,54,133,211,234,131,1,157,128,0,48,135,67,14,14,241,198,40,86,-60,125,8,-98,137,54,51,-70,75,56,-38,-3,69,37,-8,56,-9,90,138,-141,79,-53,-173,25,6,141,41,-27,46,44,25,68,93,172,36,72,126,-12,40,12,160,215,-57,-15,-138,116,98,-53,-28,13,157,-17,67,171,-74,101,112,-136,-25,246,-13,140,89,-45,8,146,192,13,101,30,31,65,157,-60,-109,144,-23,85,-48,57,138,-7,23,-2,7,143,109,76,62,176,118,42,-99,129,54,121,59,21,88,-50,62,271,69,-81,-155,-105,43
-61,-85,-11,17,24,65,83,34,140,122,160,-111,-148,114,66,4,-2,5,36,-22,96,72,-15,27,107,58,-95,-155,134,-134,128,-158,108,-20,-6,41,120,88,139,16,18,-182,77,-39,215,79,16,-59,2,-30,-130,-6,45,174,-61,-11,-31,80,18,103,-191,-16,178,8,101,113,-28,-17,87,5,-23,166,108,18,9,-2,-188,-5,26,146,4,1,89,152,107,-95,184,225,153,-100,144,-17,36,245,-16,-4,52,22,-132,68,43,26,-136,-20,201,-52,91,-30,-64,59,165,64,-60,56,120,75,115,141,-7,235,157,-12,-37,33,80,36
-22,-118,101,-138,28,90,-24,2,58,-77,10,93,-78,146,47,22,-121,-9,24,33,-88,81,19,55,84,63,2,-134,48,43,-53,118,49,-53,163,11,-19,-53,-34,26,149,56,62,3,22,118,28,14,-244,274,29,23,-58,137,64,-23,-43,33,-98,-74,66,-16,88,113,-154,25,44,-39,-99,72,12,35,7,-70,-88,56,43,-90,-169,-22,18,-65,139,-169,-65,70,17,181,42,30,-12,229,27,8,-31,133,41,-6,75,213,-90,47,1,-60,15,-19,4,68,-44,-106,47,-106,18,6,282,-112,78,-58,-12,-123,84,40,40,228,66,-15
83,26,-68,-116,-65,142,217,50,-16,14,27,10,57,25,-88,87,-17,-78,189,184,-90,-100,66,-19,-88,57,150,95,6,106,-70,9,47,-5,23,-93,0,-65,22,80,-30,50,44,-17,220,119,87,125,-64,54,-197,30,-135,-37,103,-61,75,37,74,-148,-112,-112,203,12,115,-70,-32,69,152,-135,63,146,105,43,-117,22,67,-111,40,48,48,-113,197,-131,-30,104,-26,24,30,78,-87,39,139,87,16,91,17,-6,-3,226,135,91,34,3,-3,-7,-79,6,-24,-39,33,39,70,-5,125,-52,-138,76,-91,222,26,-40,-57,29,-154,198
18,151,-26,-47,-99,-27,97,-23,-40,132,37,-18,97,-20,-146,1,5,-50,97,-116,-5,71,176,33,24,-5,109,0,-13,-91,91,-95,-19,47,80,-41,-99,67,-50,-13,111,25,47,-73,-151,252,33,17,-103,6,86,109,-70,-26,180,-115,-43,-225,53,-5,9,108,84,-74,-62,112,11,-98,37,-103,85,28,-52,86,-82,0,-21,121,79,-15,-13,93,82,123,11,-100,22,96,35,228,-35,-48,184,-14,-38,103,55,81,183,-217,-59,-20,-33,-122,64,-157,250,60,39,-21,87,77,-337,31,8,-2,181,64,127,113,16,129,69,74,114,101
187,95,-80,62,-36,-15,87,-18,-18,21,130,106,144,65,-4,105,154,102,120,62,44,-251,-60,208,-18,-27,2,206,141,-27,41,141,158,140,212,112,28,-92,-8,-122,-17,159,140,-68,99,98,273,-48,-71,-178,-16,-65,-108,156,66,42,62,25,161,72,53,20,62,-11,-54,152,-137,6,133,-6,93,-115,-86,71,33,103,169,14,8,134,23,150,67,65,-93,119,34,70,118,19,-153,216,-18,-33,67,93,67,64,171,-39,57,-1,-221,90,160,20,-112,136,-24,-53,-38,110,114,14,31,-136,-9,1,33,92,151,178,-68,-59,-118,128
-74,1,45,102,265,146,-32,39,133,97,-100,218,38,173,-83,175,101,35,16,232,-91,-4,181,31,76,-64,94,-153,0,-1,134,51,13,53,5,190,-87,174,-17,165,-43,93,140,49,-113,53,16,154,-32,50,77,89,150,-40,62,-21,0,93,124,-24,-180,5,-185,130,-196,51,9,66,-39,145,80,108,57,-196,71,174,92,108,-5,139,127,33,-106,-6,54,64,-60,76,62,-1,-44,100,-109,-19,17,222,3,-4,-11,-103,228,-37,227,-4,-85,19,14,-61,22,-81,131,-9,-9,254,16,130,18,2,-110,37,-55,-245,-33,148,122,-41
-39,18,10,175,112,4,31,133,53,25,-73,86,-17,262,103,-38,60,10,-5,25,-42,55,11,147,20,223,-23,121,96,-85,61,82,-139,40,156,-2,30,137,130,8,-64,-36,43,120,36,169,183,-70,-9,42,-97,74,13,97,-115,69,-67,-3,89,58,144,-42,-100,101,79,54,97,62,-102,103,-61,196,130,90,150,94,-199,113,27,62,-117,-41,55,-77,99,50,-89,36,39,-47,-7,-145,-47,68,18,63,-42,-126,45,-3,182,45,-134,-124,-53,-118,-112,208,-12,136,-93,-4,93,-56,84,138,112,-96,-32,-112,166,-149,-35,261,-213,148
-58,89,103,-8,-53,59,101,-46,66,156,107,29,-46,-5,13,63,11,225,12,-134,76,-14,150,94,101,92,173,75,-203,-70,5,11,81,51,21,171,34,72,-45,72,37,88,50,-4,20,100,61,264,97,-101,52,-1,130,78,259,-58,297,6,33,9,-40,-41,85,1,-45,-62,56,-106,101,-69,228,83,134,131,-41,249,54,28,-46,171,-4,-12,135,241,148,-87,-93,190,230,-1,87,135,50,76,38,246,15,35,168,41,148,130,43,-139,40,206,182,151,-34,-45,182,122,-117,110,-18,47,82,55,167,68,-105,75,262,-6,300,148
193,69,-42,-76,14,151,134,14,-24,165,140,-5,203,-73,20,-78,98,143,-16,63,202,186,219,-29,128,-125,163,199,-47,15,72,66,38,49,31,-46,-70,255,-27,72,-1,49,81,38,194,37,108,109,69,-119,-136,-103,18,-2,6,131,307,117,70,175,34,6,89,267,-22,-6,120,11,50,63,191,145,106,29,99,83,103,230,-33,165,198,-62,94,244,30,-74,-22,31,165,76,-58,29,53,179,37,185,86,7,-51,96,-55,83,-20,68,-9,-5,-16,50,-58,24,149,159,154,155,-19,42,-46,78,201,129,4,97,-138,-66,311,-63
-16,87,3,-27,67,-44,-7,16,162,-5,176,212,-21,-152,-3,-10,-65,1,-75,0,105,-68,96,0,-121,103,-60,60,-88,52,-74,-7,-42,33,-157,71,59,-164,-61,-32,-138,149,-68,17,22,145,-49,-12,120,37,-27,31,-193,-88,-141,46,-115,-142,-94,53,86,-67,1,-12,141,-39,-91,116,40,-24,-27,37,19,156,176,69,78,-79,-13,162,44,-238,-131,32,92,69,97,24,-38,-201,-63,38,22,-97,118,29,-22,-98,93,-30,129,-52,-43,-51,-32,-2,-48,-21,-100,98,29,-163,39,-110,0,-105,51,119,-71,86,-78,-12,81,-29,-165,-80
51,163,60,52,19,-19,120,-85,11,104,13,-14,54,39,-11,-44,125,-34,31,-31,-48,127,90,-86,-141,-88,78,-163,-21,-25,32,100,19,44,69,-104,-21,101,71,196,79,111,-145,-68,12,136,22,-8,65,-156,111,-66,-81,-136,189,-65,-6,-205,18,-60,-60,-62,70,-36,31,-125,-53,150,-110,-41,97,-55,-38,78,-78,43,40,67,-175,-59,109,-45,15,26,77,66,85,30,40,56,-89,88,-163,-222,128,32,-55,-78,10,127,-22,113,90,-104,-15,-123,100,-140,88,-35,107,-26,-29,-137,-72,-43,-18,-99,-92,10,-119,44,120,98,32,-67
-17,201,157,39,138,56,25,-111,183,9,-2,186,60,44,78,61,136,99,10,156,58,191,87,-130,-55,-47,-67,-184,26,29,88,18,101,-34,5,-70,31,164,-54,33,1,-90,95,-33,-60,52,27,-44,-103,277,126,48,-16,-40,-151,-1,-141,-20,86,269,20,15,227,105,-2,-116,115,-38,-132,152,13,-21,-59,115,136,97,-39,144,39,35,16,-30,-44,24,3,170,-118,-78,84,-28,-23,-27,17,153,57,65,116,39,85,39,-130,31,56,-5,64,-90,174,-79,30,-26,-72,162,-6,48,147,198,-2,194,70,-38,173,190,-128,109,84,-3
126,32,51,20,45,63,40,-108,157,-28,175,105,34,10,107,-114,-76,132,36,-61,139,96,58,-127,86,150,129,11,-70,-164,-152,49,12,7,136,-41,28,-13,174,104,-24,-143,136,173,49,87,-41,-41,162,-106,36,117,30,122,-153,78,85,162,-180,-64,54,135,111,60,-132,-27,69,46,-31,108,102,47,6,-61,-74,251,32,-55,-77,66,89,-80,4,52,191,59,10,93,256,-123,3,175,204,203,60,163,-74,96,35,81,38,36,-147,-30,16,-106,34,84,39,-135,126,24,97,64,-54,-13,196,78,104,9,-44,72,115,177,193,-28
-21,139,41,97,78,8,17,165,-104,-13,111,-40,222,45,-6,169,89,110,187,41,36,-132,-24,211,48,-191,147,65,-4,71,41,-150,11,-43,-127,29,6,133,-155,31,-1,-35,43,6,-31,-81,-79,-6,-28,70,265,220,38,-64,12,-1,69,-133,115,117,14,28,53,44,58,-150,-60,58,-17,-55,-152,108,13,101,205,-17,-133,155,96,234,-32,-34,27,137,89,33,-69,-47,-193,26,113,129,116,-199,42,-61,99,89,-55,93,-13,20,76,-72,161,57,25,125,112,64,-96,155,27,125,-62,-96,-115,45,26,160,-52,39,118,-11,94,59
120,144,-110,-189,71,98,-98,-59,-11,0,-134,93,206,-8,54,125,10,-29,-73,58,52,69,150,-26,53,-19,0,-129,183,199,103,156,40,83,-38,-65,128,2,93,-122,141,-20,221,59,49,24,43,-214,-29,32,180,209,47,33,-38,0,-82,35,96,80,35,65,84,-41,-10,77,82,11,38,69,-129,-66,-21,57,60,-52,85,65,-105,230,-146,-218,-56,18,64,144,-6,-81,79,86,-4,393,77,106,64,42,-119,-81,67,-38,-47,60,-40,-5,149,-17,-33,58,-27,-70,34,38,10,-40,-33,-105,12,-73,75,66,135,94,10,1,162,50
-42,91,92,38,-39,196,-51,83,-205,76,-17,-24,142,119,51,55,31,-13,20,-89,95,45,411,-48,52,60,189,-161,95,3,6,-209,4,102,-3,9,-58,-87,128,-53,77,57,34,-83,-106,111,-53,126,78,127,91,45,19,51,186,141,-24,11,-16,-47,-4,-59,153,23,52,172,-193,8,-1,-22,35,88,-117,-73,-18,42,-109,-29,32,-76,98,3,-10,137,-2,-78,-30,-32,98,85,-23,226,37,-45,58,112,90,160,-13,148,151,194,105,-67,-18,-21,185,-85,62,-32,-24,145,-113,-1,181,89,164,-22,65,140,47,45,-70,-49,210,96
-108,11,85,38,119,-26,-146,15,-70,89,55,71,169,140,55,-40,-110,86,-24,27,52,-127,47,180,155,-49,42,-59,133,-18,-73,-151,4,-72,20,-57,-48,23,10,-232,-78,118,122,-99,61,19,106,-26,59,61,24,200,171,52,-112,139,-17,-201,36,70,-95,15,196,-145,-54,-43,-74,79,-27,143,49,-26,131,-235,197,-61,80,-44,62,131,135,-57,-59,8,105,100,48,-68,-119,-153,-27,183,67,-83,27,48,18,18,199,91,80,64,-90,88,30,179,-33,13,-26,120,43,-165,154,179,115,93,65,55,-21,-39,48,49,-73,84,-32,125
238,-188,29,-49,11,-35,-27,-123,85,-128,66,-114,41,0,-181,82,7,-73,92,25,-14,-64,-81,42,-132,1,53,43,134,-68,-145,21,-87,69,55,37,-107,-37,37,-44,-51,-32,74,30,93,-2,123,-7,8,-144,28,38,-120,-42,-94,-114,97,-63,-101,-259,65,165,-32,23,37,74,45,-122,55,21,-6,134,137,-72,-203,118,-152,-127,-66,73,-61,-16,245,-64,-12,-12,-147,76,31,27,89,85,-155,87,60,-37,22,-33,113,-6,106,62,65,-35,-6,-86,-35,32,-58,-30,159,9,121,85,106,45,-184,76,114,-121,32,85,50,-19,76,54
80,25,41,-92,127,-52,11,108,151,-42,162,-46,15,-225,59,126,187,-43,151,-37,167,-12,-32,286,196,-42,-198,104,130,-49,27,25,80,24,83,-147,-95,-20,-69,-6,-127,-46,-3,109,19,-79,234,35,-76,70,-193,49,-16,80,-63,-2,-96,49,6,-74,170,-193,36,-69,34,126,24,-102,126,125,-206,-25,29,115,-47,-174,-109,10,69,-10,-79,84,30,141,83,231,-12,-29,38,-86,121,-58,-78,-149,36,83,-14,6,97,58,-39,-50,-105,108,32,46,-16,106,-41,-30,55,-48,-3,17,-32,113,51,25,108,44,22,55,71,-131,-16,-36
7,143,-17,-15,333,-52,123,104,101,149,27,138,27,24,119,196,71,-219,-4,79,60,208,213,48,157,135,94,22,-6,6,-142,80,33,26,131,57,18,-11,115,-23,-61,87,176,-2,-70,297,129,99,-32,-20,-103,67,16,83,-23,68,-35,-14,82,214,182,18,-116,153,111,171,16,89,-33,-141,216,-73,-32,6,149,73,196,73,-98,4,107,44,112,-11,58,12,90,-11,188,-127,-14,57,207,55,123,59,78,32,26,90,231,3,38,71,70,-55,35,-6,151,-36,74,-34,-60,46,219,128,178,97,0,143,67,-23,14,-9,102,-113
106,201,126,-117,-44,-63,-66,107,29,-6,10,-14,-74,7,-37,41,-63,-159,-94,23,12,-9,-18,-151,72,53,70,-61,-184,160,11,10,-178,47,-77,33,-30,33,-72,-55,24,28,-130,-44,-49,-36,128,73,114,-59,-62,-71,-21,-141,-37,111,44,-55,6,25,281,-135,-10,275,56,-131,91,-167,-114,2,33,-133,-5,46,40,98,-68,-5,-46,-43,230,-21,-137,-45,-276,94,77,-36,3,20,-144,-28,49,-52,2,-136,32,48,-82,-73,47,67,39,-32,-94,25,-54,-180,-160,-84,-1,-105,7,168,101,-85,-110,1,23,19,-31,-57,54,-81,249,45
14,-8,75,158,83,161,29,124,97,-20,155,-86,23,149,135,-50,-41,58,89,63,31,-32,8,9,163,20,185,-29,95,-100,-118,-90,71,12,79,45,36,111,44,52,103,142,48,-47,62,29,-64,16,19,-70,316,-36,-27,23,209,10,151,37,15,-65,107,150,28,35,33,-68,-121,49,-232,-90,111,1,104,-46,-31,139,-14,123,-29,-29,211,-64,118,6,58,-197,42,201,24,98,128,12,-8,-43,-66,262,90,51,57,94,-43,178,116,148,6,-56,1,71,166,-40,63,166,25,223,-25,27,-1,5,-52,204,5,116,-26,-28,269,-105
-55,147,100,25,97,169,-109,140,-53,62,96,-23,-131,135,80,48,133,71,52,-74,40,106,64,128,116,-55,24,-75,8,105,98,145,-95,33,34,117,-31,-30,-265,57,87,25,-34,127,112,32,-23,-58,100,68,127,168,16,81,35,12,-95,-5,-138,-43,-41,10,108,11,5,-96,138,46,-131,-14,-76,176,147,82,0,-120,-97,39,-51,-29,-39,53,-78,30,120,207,-99,-51,-47,133,82,101,62,109,133,82,-17,39,-48,3,-83,28,49,-260,48,152,176,-25,183,38,6,-36,135,-135,-1,77,-12,-52,-73,-57,158,117,-46,26,0,-32
-78,14,-32,-1,-44,102,74,40,144,1,-40,106,-8,-93,14,74,192,26,91,42,-45,81,100,160,43,-30,-54,-65,130,34,0,67,80,111,-94,142,9,-67,-75,177,83,72,174,-15,55,66,55,47,-14,59,-86,-66,-24,88,169,53,136,-6,178,-8,14,52,-18,133,-39,257,-36,148,177,30,103,61,88,14,40,11,60,115,25,127,-70,-19,-63,154,303,77,89,80,46,53,4,80,-7,56,76,103,-48,-4,91,-17,57,-80,-71,-60,-85,-69,-13,-179,35,-37,193,67,14,28,68,-18,88,-92,6,77,44,43,42,-64,183,-117
-12,-23,113,-2,-105,238,-43,-60,59,-128,-76,-12,-38,6,53,63,81,45,137,99,-171,6,-14,-3,108,61,112,33,160,66,-34,40,9,98,-34,75,42,-42,-144,137,30,-39,70,-22,-92,71,-55,282,35,155,89,39,75,65,-58,45,26,214,-52,1,48,-125,129,47,0,92,-82,-38,-19,150,11,20,62,-193,84,57,-29,-34,46,142,50,40,29,66,88,227,24,-26,55,5,92,134,103,109,46,57,118,90,23,132,22,16,-44,-85,-60,-163,52,146,65,26,4,23,20,-148,121,-54,94,-122,-96,86,82,-168,15,3,-32,138
-18,43,147,9,-15,91,-10,8,112,21,-79,98,-41,-57,-56,-163,67,95,98,134,27,65,156,-10,25,-20,3,3,40,6,113,-7,52,70,-80,25,44,79,-163,6,130,-32,-43,11,81,62,-39,67,-85,52,56,53,76,-27,2,28,-9,197,50,18,-9,133,174,1,-22,146,-29,-67,18,78,167,45,47,46,66,126,59,35,90,14,-14,120,55,242,2,134,64,199,19,47,-25,-13,100,162,-15,166,34,-51,14,-15,117,-28,-4,-35,-69,-9,200,-42,-33,64,2,111,155,-37,30,52,-25,-50,40,147,-43,22,-194,-39,35,64
