-47,64,23,20,67,-9,-144,146,1,27,47,-30,-14,2,-18,65,-63,34,50,-19,-8,-5,-103,-50,90,46,-5,-48,25,88,23,182,7,-166,45,19,-56,75,-32,-53,-37,-15,-56,-46,85,41,-58,-17,-6,-76,161,9,-23,-15,-16,28,40,-118,129,-46,159,116,39,-38,60,34,66,-24,15,19
-9,112,49,-51,-83,116,80,55,-14,46,13,-22,134,-57,29,-96,95,-112,109,-27,67,3,89,25,13,-64,-11,-10,190,57,72,-23,-27,16,-68,19,33,49,62,9,-6,20,150,23,19,-49,104,-24,-84,102,-130,-104,43,11,-46,44,36,47,46,97,-4,34,28,14,47,50,-87,120,54,-62
187,46,3,59,74,-40,65,104,-55,-20,-33,-79,-61,24,102,59,35,70,-84,-23,34,-46,-3,29,-39,-41,-1,11,-41,-37,-73,21,77,-24,107,110,-57,-15,-47,34,-22,-55,-15,29,-12,13,115,-1,77,22,6,64,-34,35,-92,132,-4,209,49,-26,-41,-63,-4,1,31,-92,45,12,0,32
30,20,106,117,43,-6,-37,5,-94,-11,47,-149,-195,13,6,61,-14,181,-145,54,36,-20,-68,71,103,-45,33,-71,-74,9,-58,-26,-13,67,13,-26,116,108,26,30,-45,66,-170,43,-115,12,-26,50,53,-180,-45,-4,40,28,-51,-12,-3,-87,120,-45,-35,-148,177,-16,116,23,9,-14,100,38
82,97,-14,168,97,49,-6,50,18,2,4,-95,-13,30,-103,-55,40,143,143,88,41,28,28,43,34,-3,251,55,92,73,58,210,-95,-48,-53,11,96,-59,-19,-93,-8,-30,41,56,41,-86,99,183,-80,133,38,28,182,-27,-161,23,144,105,42,-16,-47,53,44,175,113,-99,94,17,5,45
7,25,69,41,-3,116,-85,-120,-15,78,68,53,0,-13,121,-16,-15,7,-33,6,-10,18,0,17,71,36,17,39,-15,-5,39,35,39,-13,-80,31,60,90,41,-54,-3,74,92,90,64,10,67,-69,-85,-15,-21,8,155,3,77,2,-34,-61,71,87,-64,-51,6,62,-84,52,41,21,210,117
44,123,-212,100,-48,-85,-57,9,1,106,-53,-87,-53,-48,12,-3,-8,-22,69,-58,55,123,-144,32,-72,137,7,-57,11,53,85,-5,-1,23,-50,164,9,-21,87,189,104,48,37,31,21,-113,-70,51,-66,-63,20,-41,-133,14,55,26,-72,83,-36,-82,-103,80,37,-16,17,110,-102,-105,46,95
59,-37,-234,-31,-58,-30,137,71,-82,-16,36,-3,68,-57,25,-12,-31,-111,134,-198,-75,-13,-4,0,5,124,94,-156,57,-29,129,-28,87,-22,52,28,-11,20,-25,61,155,65,97,7,171,48,-82,-34,97,105,-10,31,-82,31,-36,94,49,98,35,95,153,-9,21,56,-47,-53,-38,-86,-7,74
92,50,61,-26,-11,73,33,-46,9,-61,64,13,-3,-26,29,54,172,159,117,-42,31,-53,55,96,-14,109,-2,-49,80,-3,-38,-19,80,8,0,37,219,-66,102,-14,-12,-47,-9,-14,-49,5,78,71,46,83,-37,-3,80,-22,91,25,118,24,36,-36,-47,31,-114,-7,-98,76,97,127,73,26
-19,37,-120,-46,20,-135,-10,89,10,-4,-83,-68,-25,23,-36,6,68,11,121,-20,-5,-27,-28,-71,7,9,-13,-220,12,36,36,91,98,-22,81,123,74,-141,-98,-85,72,-99,27,-25,-26,89,16,93,55,60,78,-7,20,14,-5,-53,-1,37,-6,19,27,46,-7,124,8,-55,212,18,26,-47
51,-112,47,-88,-24,18,-62,22,-45,90,37,-49,-81,17,96,-35,80,53,-45,63,60,-18,-6,81,-5,6,-108,-14,-51,58,-168,-28,0,37,113,16,75,82,-52,23,-9,-28,-121,19,-100,41,33,91,17,-28,-10,0,-120,58,-39,63,27,67,-29,30,36,15,-88,13,75,-28,-4,111,-6,-84
69,17,-60,11,-11,-57,13,-131,53,-45,56,53,-27,-25,2,-117,-44,45,146,59,-5,81,70,127,-53,-19,3,51,116,-45,93,85,-63,-30,130,16,46,-16,-7,118,81,100,-163,89,108,-66,23,21,192,49,116,-41,61,65,-45,-22,53,-6,-69,170,60,-4,57,27,-22,-31,-92,85,-65,-150
-20,52,-66,-61,-133,-59,51,15,-17,-34,-78,43,17,45,91,-12,72,-129,54,-116,62,3,-93,1,38,91,-21,104,-21,-127,-32,-71,213,-9,59,23,-33,-58,68,-19,159,-48,155,213,85,36,-54,-43,32,88,-55,32,-12,197,97,26,139,126,100,34,21,-68,-93,4,20,-17,-29,36,15,77
103,77,84,15,-66,-5,64,-5,-15,86,-58,23,-21,66,58,-19,27,-129,99,-5,121,181,-8,-39,65,59,69,-7,132,67,71,166,20,-2,-19,32,-33,-17,105,36,113,55,146,37,126,19,26,59,42,143,-21,27,160,59,66,29,-1,-35,143,27,-7,-75,-90,-5,54,105,82,-64,127,48
85,27,-12,68,-120,63,214,-4,59,-68,26,-59,-27,-12,18,-50,26,181,-25,-56,28,-35,10,-17,79,-31,-24,2,121,119,119,-47,-5,35,-51,20,56,-21,-32,-114,-155,-5,-11,-4,-80,22,129,50,-26,-10,29,-115,-78,-106,-54,-5,26,-93,-54,15,110,-18,36,6,74,4,68,-15,68,-17
-67,82,-87,78,-114,-92,3,102,36,-6,11,-58,-14,-46,-28,-36,54,-71,-32,51,37,-32,-3,-94,25,-84,-24,-201,64,74,89,39,23,116,-27,50,-37,-37,62,-77,-43,-35,59,-14,11,-58,14,65,-75,1,33,65,13,16,-27,-72,85,-67,-24,20,-78,-58,59,102,84,39,90,13,2,-28
-3,56,10,-85,-5,-87,28,95,-13,-34,-110,-9,26,71,-31,-205,-110,12,-21,-23,-128,-1,-68,98,134,41,2,-11,45,-4,-97,136,18,-19,-82,-32,-58,-110,54,-52,66,33,-118,-10,69,62,67,-16,40,9,18,-38,77,43,-105,-100,39,4,73,8,-44,-32,78,-20,193,-52,69,89,20,-3
-92,68,18,40,-86,8,-50,-37,1,29,41,-64,-31,148,-23,-85,-37,-39,-32,81,73,63,-22,43,67,-21,149,-35,96,74,43,85,-94,98,-47,-77,3,-14,43,79,13,235,11,60,5,54,60,2,50,-42,-35,-71,27,166,25,81,-32,-50,-20,-14,-54,-53,44,5,172,68,-31,-153,12,20
25,66,-77,93,-14,27,8,-33,-31,-67,-102,24,56,-8,98,4,102,-103,-27,30,143,-52,122,4,-10,-22,10,11,12,-57,67,3,15,-35,122,30,79,-79,-12,-66,79,13,82,71,-64,-21,67,-60,95,153,-66,-44,43,-5,116,59,-8,-80,-144,61,21,-56,-44,-44,-30,-41,-127,-40,39,-37
72,-62,34,58,-81,32,57,162,-74,32,36,-44,68,24,-33,-57,-72,37,6,12,-71,63,-98,15,60,77,35,-16,-7,79,-126,53,141,18,35,81,77,-74,-4,-138,-51,-57,105,-77,-10,49,33,145,-17,34,102,178,-84,-127,-44,32,30,97,49,-75,13,0,114,55,187,20,147,69,32,85
59,-64,134,110,160,85,-91,6,110,38,-10,8,-58,-2,-22,66,11,23,7,5,-26,135,-125,-72,-6,183,19,39,-14,158,119,58,-38,-74,47,73,-3,42,-14,-70,-6,-85,-92,-30,87,154,49,-113,-153,-22,211,44,27,-63,17,-91,-20,-72,50,-33,43,200,1,-41,71,-41,77,38,181,103
63,78,5,60,-28,97,88,-18,122,-67,-105,37,-30,83,-92,20,-80,49,27,-7,-63,36,108,67,52,-16,-64,22,-16,100,171,62,128,-10,77,50,7,64,43,31,-22,129,-3,161,22,87,37,42,31,-84,208,-23,-27,12,14,-9,-71,55,51,-12,66,-93,46,73,-73,1,49,107,-63,113
-4,-30,-78,-33,67,-39,24,37,33,-14,-66,11,51,88,35,-106,-48,-69,9,52,-48,-74,-43,74,52,-12,-21,-158,-26,-24,-6,-36,-26,58,-34,-27,29,-57,6,68,29,-2,-12,-123,-132,-61,72,-12,37,33,-105,-14,-34,44,56,71,29,28,-73,-24,41,19,-125,33,-9,-81,51,-23,69,-71
25,84,-10,-11,-17,-8,90,79,106,-16,-44,-82,-49,113,-3,-32,53,64,145,-81,15,-16,-113,34,62,102,-33,-83,56,75,4,72,19,-47,-26,58,-50,-82,111,-108,36,43,-89,-47,47,93,-16,81,-103,-65,97,30,14,12,-19,29,93,8,111,52,21,49,5,-128,87,91,79,51,58,24
-95,84,-52,13,57,-38,0,97,152,129,-120,-83,0,26,10,77,1,50,98,-4,-39,82,-120,50,137,86,61,-8,125,-26,220,27,-64,80,-4,8,31,-7,20,-25,-5,-22,-6,46,152,-3,29,54,-6,56,33,-81,22,67,-14,-17,81,6,18,-4,26,17,16,9,134,137,175,-54,-68,14
91,57,79,40,75,19,114,-14,45,112,112,-51,44,19,51,-128,81,18,23,81,-90,60,-80,121,-35,63,-29,13,44,33,39,5,50,-50,6,25,7,127,34,76,31,-34,62,6,-44,44,128,6,-72,-47,17,92,-14,-73,10,65,-110,110,57,-10,130,7,76,-37,-1,80,-27,-7,72,12
61,88,78,-46,-20,-53,51,120,-45,15,-79,36,122,116,-26,45,-42,-116,27,-71,-63,45,34,49,47,70,134,-26,33,55,65,65,2,30,40,3,4,13,-61,-15,15,72,93,-131,210,118,65,-123,93,90,38,-74,83,16,19,-58,132,-6,38,36,66,51,-87,61,8,21,126,-31,3,33
17,-25,92,-53,62,34,79,-66,149,4,122,-10,40,115,-131,43,-23,20,50,181,22,19,54,82,-77,-61,115,140,44,66,122,106,-11,71,8,72,12,-103,-22,115,-48,38,-3,-3,19,55,168,24,2,19,50,72,30,81,-48,40,55,196,-150,-59,-54,-8,-76,93,-27,52,57,60,-71,15
35,-22,-70,-75,106,135,-7,36,103,-21,16,-45,69,28,-124,75,-64,-74,2,116,55,-31,58,27,-21,-5,-101,5,201,137,82,65,166,8,102,79,-7,-26,50,198,69,-26,33,82,-53,17,111,-83,6,2,44,142,-94,-7,-18,-30,42,164,-125,-7,-29,120,71,-6,85,55,-91,82,-5,46
-9,99,-27,-57,12,9,16,-88,-32,7,-110,15,-6,173,-32,-97,-45,175,-35,45,-16,-11,48,177,10,73,-91,-38,38,-57,89,-33,65,35,-82,115,148,8,137,117,-11,196,-159,123,71,71,209,69,23,40,-80,-60,-37,186,-122,28,65,62,6,18,-67,79,-30,4,61,-52,56,-28,130,-45
-79,22,-99,125,14,107,11,-28,61,-39,24,-47,138,-157,-81,-56,-132,-30,116,2,5,-17,-146,-12,40,28,-21,81,30,-38,112,-12,-44,-40,-53,6,-9,-20,-77,46,7,81,70,-86,-26,25,-7,-136,69,16,-103,-105,-38,92,94,135,-57,-18,-65,1,-33,10,28,-139,52,141,7,-214,8,61
117,81,-10,-102,6,-65,34,116,-16,39,34,-75,-18,23,154,-9,114,12,-4,-67,-6,-34,-14,-41,-108,-66,-40,-26,10,102,-77,72,-104,-117,-27,56,-123,-74,83,-74,45,-116,114,-119,21,-8,59,52,-65,96,38,37,-53,-47,57,56,25,125,98,-64,91,108,-37,86,-17,-99,61,2,13,-74
-16,53,22,-8,166,70,-19,-71,49,44,-20,-96,-35,-29,44,-85,43,-173,128,71,52,36,-58,19,3,-48,-31,18,44,22,148,142,75,54,14,120,-2,-32,24,160,61,-56,51,-16,-9,59,144,19,12,-5,-63,-71,-36,113,-5,64,-50,-3,53,-2,-16,-100,-48,-5,27,117,-24,-33,172,38
-16,-25,64,27,60,15,-83,-49,67,-1,-110,24,-26,83,65,33,-9,25,82,-20,94,89,-70,9,12,63,-77,-28,-4,82,60,85,45,-50,100,58,55,8,0,50,73,66,-152,71,77,114,-111,-26,73,80,117,50,85,-51,8,-126,-66,56,34,114,112,115,87,-4,-72,59,106,-58,-28,27
27,46,6,-15,-104,48,71,-33,-155,-51,186,10,-64,-33,-65,-97,136,83,97,3,-103,-80,113,79,-30,-125,190,-104,58,34,-55,139,-76,75,33,-18,177,32,-80,13,52,-7,64,-132,-75,63,-131,144,121,-30,-15,-63,67,-40,-2,0,4,-10,-10,91,39,-108,8,117,-64,-60,64,-64,-76,42
114,-37,106,40,-6,31,51,-77,122,-38,89,-49,94,25,-1,-36,-32,6,116,35,-15,102,-52,-113,-13,26,75,-32,146,125,34,59,120,-41,29,53,6,-49,-59,-23,10,85,-16,-34,-16,91,38,-25,-26,-26,133,75,0,-42,97,-23,-11,5,64,-87,110,-1,-22,3,-31,81,-6,-19,189,-9
153,-29,76,47,-39,58,186,-63,3,2,46,-7,0,85,-38,-30,-5,58,30,-11,82,73,44,-10,15,37,107,83,-5,71,46,68,71,-10,-22,30,40,-7,49,50,32,75,10,13,-4,43,-1,136,22,41,107,38,8,-123,-15,48,11,-46,94,11,162,7,-44,42,-44,166,16,-16,83,-1
69,19,49,-25,-105,30,16,-6,-38,46,29,-14,-22,-61,111,18,119,16,-71,-138,-26,18,66,31,108,100,113,29,16,-47,-16,-78,142,-32,41,-11,124,-4,-120,27,47,30,-1,42,108,-72,-4,18,71,-44,13,-89,-48,66,-21,44,6,6,149,11,-180,-156,84,-109,-1,72,-66,54,107,69
-23,41,-60,51,47,15,49,-4,35,-20,40,-45,-20,-47,-47,-105,-58,50,117,50,-31,-23,88,58,-11,-13,-89,131,150,112,44,-14,78,37,69,-11,-41,-34,-41,76,-28,-21,-9,-113,-155,30,18,36,77,-47,30,1,-100,-3,148,-13,113,-52,-32,64,-87,-41,39,21,-14,34,68,-13,-37,-69
45,-124,-62,49,37,29,106,59,-8,21,20,-170,32,-37,116,-39,154,-45,-27,-108,102,-39,-152,16,-1,53,-4,43,70,3,14,-50,142,-62,-31,49,-101,2,-35,98,39,-156,114,2,20,41,-83,-66,-3,74,-54,-87,-81,24,-35,-25,-94,-32,124,46,171,-33,-1,-38,-22,109,33,-52,0,70
-1,-25,-22,-65,54,70,24,109,40,83,-185,72,-28,-1,-104,92,55,64,-34,7,-55,-110,29,41,70,27,46,-4,-21,-83,-37,40,-71,-21,-54,39,-60,-49,-97,-109,20,-90,-51,-37,-16,-35,24,68,-192,-118,41,-55,9,25,-53,-18,-35,-10,16,-108,-117,-36,31,-91,92,-17,-72,-2,66,28
31,-46,-18,50,-149,35,-80,83,24,49,107,10,-20,-71,-25,-72,129,47,2,-113,-112,-33,-104,56,-49,73,3,-80,-168,-17,-174,2,164,43,8,123,96,38,-62,-27,-5,-98,186,29,41,40,-54,33,26,-15,90,32,-97,-139,-98,-48,-60,185,-27,-17,22,131,51,140,-1,-11,-14,52,-52,145
-51,-8,-45,-108,28,60,-40,-7,74,58,135,-13,69,-34,30,-19,87,53,18,-31,-89,-77,4,95,-64,-41,-41,55,37,103,125,-54,-63,-84,46,46,-108,86,-6,-12,15,-42,-1,-19,88,-22,85,44,15,66,122,64,-17,-11,22,41,-59,113,73,57,36,18,128,54,-184,-3,-14,144,-93,0
-18,15,20,77,-70,-19,47,152,104,38,-53,-51,55,-84,-56,63,14,-51,120,-85,115,-67,-73,-108,-2,-28,-89,53,-11,-72,36,-30,49,49,217,52,-33,-7,-46,66,26,-39,133,141,92,22,5,-92,58,-55,62,-10,-44,-60,-82,75,-99,62,93,96,53,101,12,75,-32,22,30,60,92,28
56,-27,-88,59,110,2,198,28,-39,-113,102,-74,64,4,-24,-58,56,73,134,10,-6,-67,40,113,-75,109,35,-34,110,8,34,104,80,-118,-29,-9,77,-47,-100,51,96,-19,-35,-66,-35,58,-45,21,102,169,-16,90,41,17,-10,75,26,153,39,-14,49,-12,42,69,-12,-22,147,-4,-40,-17
-37,29,13,3,-83,103,41,52,-82,109,31,35,45,-99,131,-98,139,13,70,54,-32,48,131,-19,51,-61,3,-46,132,152,-54,180,83,-58,-64,53,70,15,-13,18,20,-31,158,59,-23,-21,68,69,-15,126,-34,-54,92,102,-57,56,14,155,185,27,-15,-45,24,65,-11,-7,75,-21,5,168
153,33,56,97,-38,32,62,225,35,70,-24,-55,56,35,14,-95,-63,164,81,61,-64,-10,-39,11,150,42,49,169,-60,-22,-104,19,96,13,110,-59,49,-18,-13,-174,28,66,-43,58,74,205,77,-51,-52,-7,126,27,34,-22,-9,74,100,139,54,-41,-63,-55,-134,65,80,-34,70,59,70,181
5,-67,96,-82,-7,111,-62,105,51,172,30,-10,-41,-10,116,-36,124,-17,5,22,97,-20,-23,21,37,7,-10,39,24,74,-58,-84,26,-54,44,66,-63,94,-158,8,-24,-99,64,-56,-99,9,-47,-69,-41,78,-50,30,-6,59,112,-36,-11,110,36,-86,78,52,-23,91,-12,49,-14,-101,135,-52
-23,-34,-40,33,-23,82,-141,152,67,-38,-53,59,23,31,-52,106,95,99,-7,-11,0,-97,42,121,85,34,-4,-37,140,-32,-3,9,98,-98,60,8,110,51,-83,-31,54,-28,66,164,123,104,108,-136,-41,96,64,86,60,-27,-42,-67,91,168,54,76,0,58,39,172,86,-49,29,19,2,111
40,-35,21,-131,117,29,104,-52,-20,36,6,-68,169,-44,-63,22,-3,-5,-29,-28,-92,-59,100,63,-31,-13,-3,28,79,-83,44,1,82,-8,101,95,42,-135,13,71,62,-90,-25,-15,-67,-48,111,12,17,-84,37,4,-157,-21,38,42,194,63,14,-51,38,28,1,49,29,109,35,172,-8,-146
23,120,49,99,-39,-110,-57,22,-2,60,22,16,-100,54,177,80,82,143,-36,-13,37,46,-91,-9,59,20,21,-52,41,203,105,23,140,-38,136,3,72,12,67,-74,-44,71,-90,79,100,180,25,-35,82,32,165,96,0,23,117,-20,36,10,93,43,78,79,-1,38,-67,104,194,-28,33,53
-49,-52,88,29,-67,164,107,-8,129,74,-6,6,158,-77,-45,57,-15,73,40,54,-44,27,37,-59,127,-56,74,57,17,9,151,103,17,61,-15,46,166,-39,-109,-97,-105,35,74,38,66,143,-18,-13,-32,0,110,-63,53,33,-27,-3,-21,-53,4,-60,47,-90,-21,76,-11,37,125,-63,86,133
-70,-132,-18,-64,21,28,-37,-14,73,59,-59,95,-32,13,24,137,17,-178,103,22,138,-8,41,-62,75,-62,0,11,122,-27,102,0,24,45,18,44,-175,78,-98,85,-65,-40,149,-62,102,16,-65,-12,69,65,-105,-43,-31,12,36,-96,-42,-98,-53,81,212,91,-129,20,-40,132,-23,-202,-97,-60
58,6,75,-40,76,-14,130,28,-43,113,80,-115,36,-74,107,35,93,54,-80,-72,42,11,-35,76,3,36,38,-16,-71,-46,85,66,2,-54,43,121,77,-125,-88,66,-28,-70,-56,-18,45,101,83,-41,-45,-90,49,-74,-14,57,-87,32,-116,120,-80,-16,17,-56,26,-26,-116,-23,156,26,24,79
-1,65,76,-81,49,-78,30,84,-18,100,2,-6,27,-2,7,-109,-52,15,29,-34,-76,-48,-55,30,2,121,36,97,-8,-12,-123,-3,30,39,6,-19,-8,-3,-46,-32,-1,-67,-40,-10,-5,36,-8,7,47,29,-13,23,150,9,-93,5,-5,61,12,-63,-170,-22,-109,47,5,18,111,174,30,91
37,48,2,11,63,-7,-68,-46,-36,36,34,15,-22,75,-131,-72,-164,8,25,61,-16,103,-91,89,-90,105,98,170,-42,19,54,64,-57,32,10,18,-66,96,-15,168,-53,90,-116,-61,-25,-1,54,5,71,-68,13,-20,-14,115,-107,-11,-78,-6,-75,-82,-176,-31,-36,-9,78,73,-90,-89,1,8
8,-65,-95,-73,43,-91,61,-96,45,104,36,-58,37,-79,-21,1,-35,-20,-48,-42,-77,17,-22,9,-90,5,34,35,-68,48,56,66,-13,34,-148,-7,-1,-117,76,46,108,-33,-62,43,124,-24,-149,26,-48,51,144,79,-32,18,97,-10,37,104,-21,-134,35,40,-2,96,-141,31,53,75,-78,-7
43,18,110,22,-48,5,1,117,-22,98,15,-55,0,43,24,-63,30,96,-31,153,-57,33,-22,54,119,48,1,32,-13,23,-84,-6,102,122,9,22,147,-16,82,4,-83,26,6,62,-93,52,79,51,-17,49,-84,52,40,51,-123,44,41,166,-71,-14,-95,71,37,130,164,-14,-64,93,77,-15
2,-77,3,-17,39,137,40,64,-107,-43,-101,-14,213,-32,9,28,-33,-52,-13,-92,5,13,60,22,162,99,-15,-7,108,28,106,-3,29,14,84,-79,194,29,-96,-6,144,34,-33,1,71,141,54,-166,53,106,-16,-124,24,-35,-1,-21,30,-81,46,144,26,-86,-39,21,27,-24,107,130,41,139
31,96,0,53,112,-66,22,65,22,-9,-112,-78,-48,12,44,-52,-5,27,-24,33,104,15,30,77,-65,18,-54,116,-43,-62,-69,84,14,-63,39,-29,-17,-111,26,15,85,-27,-4,-23,-4,183,2,-88,116,189,-53,11,16,-25,94,44,22,41,-4,31,-44,77,-165,-29,39,52,147,-8,35,-111
154,33,19,-18,-69,-50,2,103,-92,12,69,55,52,45,-52,-45,-158,2,46,-33,-55,40,-39,13,23,107,92,37,-4,61,-17,31,-26,-5,73,15,147,-70,-88,-84,19,146,-88,-140,75,150,63,9,81,16,210,-22,-69,-28,90,87,26,-17,-38,-53,-15,21,-32,37,73,63,69,-17,60,29
30,145,-40,-13,117,41,3,60,-44,6,-109,38,-8,-21,63,-43,51,16,50,102,71,-4,109,52,43,-17,-64,34,46,-14,-17,19,48,-90,122,-20,118,-36,-24,58,108,-59,2,16,-109,36,24,-37,109,157,-88,-142,-12,-33,92,7,131,79,-25,-11,50,133,-80,69,78,149,22,-13,9,-48
-29,-55,-73,3,-22,83,-95,-60,71,-39,-117,89,-19,119,21,63,-18,67,-49,-16,-2,-41,-9,129,-6,-66,43,-57,-42,-73,-21,9,-44,-50,3,85,-62,-32,-7,32,-17,87,5,-30,104,-80,-7,0,34,-73,97,30,-1,33,42,-60,31,0,-10,55,61,12,136,11,-13,-49,-35,-165,-41,-26
170,113,55,-11,7,9,146,-120,48,-68,12,-49,-48,58,117,-56,-64,-58,107,-25,44,77,-19,-85,111,-9,69,43,91,77,105,75,105,60,99,56,-13,43,22,-15,30,3,-71,65,85,-55,135,82,61,22,199,96,60,-153,-63,74,129,-107,87,157,191,-20,14,74,54,137,-3,152,88,57
49,7,-174,18,-28,48,19,-142,-9,-133,-12,-40,-23,36,55,-54,-90,9,26,-14,-19,-27,49,93,139,12,-50,-44,120,51,144,144,102,39,44,16,7,2,60,93,121,136,-72,116,109,-10,-4,84,157,70,96,34,-74,53,6,-16,-26,-132,30,143,100,-60,83,100,-15,17,24,18,29,79
16,64,-133,72,-53,-51,17,-55,91,-6,-146,-4,-48,73,25,-15,-88,16,-61,-11,53,9,23,-46,51,-6,-45,85,-144,23,29,16,44,17,-2,-52,-175,-20,23,-32,-14,62,44,-20,-7,-127,-90,96,100,19,39,86,-106,-43,157,20,48,-5,95,-120,-39,14,-61,45,-68,55,10,-134,-28,-32
-21,28,-78,35,-50,-40,40,2,38,-33,-81,-17,54,133,46,-167,-10,-138,-52,28,37,-9,47,104,35,9,-48,25,-7,-1,29,42,36,-41,-56,10,-110,20,69,41,7,74,43,86,62,-133,101,-27,-29,117,34,57,15,73,-30,38,73,48,-30,138,29,101,-10,73,65,-105,48,41,-31,-64
-14,-10,11,-36,-38,-48,85,-6,63,19,-74,37,-89,43,-9,17,35,0,133,17,23,12,-24,26,44,-9,-86,6,14,29,121,103,60,44,115,41,34,48,44,91,-52,2,-68,78,2,67,100,31,121,-29,67,-37,-22,75,-15,-30,-102,51,63,48,15,-75,16,11,62,185,166,-86,-27,-6
16,-127,-1,-90,-6,47,22,-59,37,18,-40,-57,90,65,-6,17,52,10,-49,38,10,-56,76,66,100,81,-79,70,104,-130,-44,124,144,-92,-73,113,17,-27,22,108,60,96,-23,104,99,55,34,-48,-31,31,-64,119,21,54,-102,1,-167,175,12,69,-137,-43,4,-88,11,19,-92,-34,15,72
56,-155,8,-33,15,-26,11,31,31,26,81,-104,-36,-100,15,53,-28,-6,-87,-3,35,-33,-55,5,24,-86,-20,-83,-48,-77,84,109,128,27,105,-13,17,-124,-95,43,54,-50,-92,90,3,132,-60,-3,-5,-127,60,-27,-66,-88,-24,27,-161,70,-75,-5,47,-140,-25,-11,-160,16,9,56,-5,45
