-75,153,-62,90,11,40,-8,113,63,36,-74,-95,32,136,-67,-50,98,-32,-62,19,47,175,11,-96,142,40,11,56,-121,-100,-38,74,-56,-62,-46,-16,-6,-86,106,-97,-5,-87,114,35,138,79,57,-42,50,55,-69,-92,18,-104,-71,121,1,121,36,-48,138,43,116,-29,129,118,61,-45,34,-71,-120,41,35,44,10,-32,-21,-45,44,38,-10,-20,55,-52,-114,-79,-93,10,-145,-35,-35,126,-5,112,-8
9,73,68,157,-61,84,-23,2,-45,-97,85,162,-46,-13,165,-12,70,78,39,-34,33,139,101,61,210,113,-23,21,-16,-94,-50,-42,-8,97,-9,-50,26,41,10,67,108,-153,-19,-70,-54,100,61,2,59,-53,35,44,-42,89,35,-17,28,12,22,48,6,-6,80,102,9,0,-10,84,64,138,78,41,204,49,20,23,-60,35,-40,74,108,45,51,45,22,-13,-108,-94,-137,99,1,40,-13,137,-96
158,-35,69,-87,-18,44,17,232,22,-180,92,141,-104,178,36,-201,145,26,-39,96,-68,50,-39,-18,40,10,-67,159,-49,32,-71,-6,-6,-90,75,10,-122,115,136,156,58,178,69,40,139,118,-14,-28,107,14,-161,-48,125,141,-72,-22,-61,-7,83,16,3,-81,47,-39,60,71,-53,63,137,19,-142,46,-24,-100,86,17,-130,26,42,80,30,81,-40,80,-81,142,-39,-37,-114,14,15,-13,-238,-104,29
-19,152,0,-101,45,0,53,8,22,131,126,-68,-35,139,171,142,-74,7,103,71,116,-92,-33,117,46,223,118,15,-20,46,61,18,115,57,14,-53,185,74,0,36,69,-48,125,-128,45,7,-53,27,100,-61,26,-30,-10,112,67,203,-90,308,-94,125,203,59,-73,72,178,134,71,-48,-9,202,23,-14,-36,181,74,-120,19,-71,4,9,62,31,31,-50,-30,-126,-9,19,26,125,70,-60,100,27,143
-32,147,190,61,-59,86,-15,34,-55,170,-16,-11,38,97,87,51,102,-5,47,-96,-2,40,-3,-67,149,133,-55,-77,-58,-53,-8,36,49,31,-38,-122,75,27,81,43,-21,-97,64,58,-167,20,79,-98,25,-95,28,-96,49,192,-31,217,56,40,48,-8,-141,-153,36,93,129,-38,63,-84,-18,32,-23,53,35,98,27,7,-17,-69,-29,111,38,14,166,64,-37,37,10,95,-66,-71,90,89,-50,22,-6
102,31,161,-4,137,-85,12,122,-76,-9,-17,-12,70,-90,78,107,118,41,-10,-52,-138,65,46,106,-64,121,-6,-46,79,101,-88,-64,141,-31,59,-49,-91,-1,-65,-29,-30,-160,38,24,19,-15,155,39,-8,-77,85,22,-56,-66,86,169,-18,10,128,-22,12,39,-37,8,22,-121,86,60,-78,188,-10,66,117,66,65,152,-61,-66,187,-59,94,21,55,45,-19,121,46,211,23,-164,119,3,2,15,-16
-43,-48,-49,25,69,44,85,7,38,-14,94,79,-23,105,-9,7,-56,112,99,-59,24,113,112,158,53,-43,122,73,67,24,120,75,-88,11,-14,24,-55,111,64,-12,60,57,30,-8,-19,61,49,-40,29,-152,9,-36,36,155,152,-147,162,85,4,219,6,-9,-122,78,56,29,-67,-105,-84,-177,18,21,72,-112,-94,-31,16,58,-12,184,133,24,-46,222,-58,-104,236,-50,54,-1,-240,4,-204,83,-27
116,1,12,-12,58,-28,-46,38,32,169,-23,-55,-74,-85,-18,93,-24,-80,-13,-20,-22,19,-184,144,48,60,31,98,6,71,75,-82,125,-4,23,121,-24,189,-28,67,-2,3,125,-12,6,-42,16,202,-42,243,-25,8,81,-13,133,130,45,-69,137,-42,53,170,99,-81,-16,44,-11,1,48,77,105,54,12,7,69,41,6,166,166,-84,-132,75,3,-22,-13,222,-64,-60,-14,-70,-14,-19,100,-57,-7
-90,47,45,-94,31,20,-4,-84,-65,-130,-110,-153,-9,16,61,133,-103,-116,67,-50,-41,168,-85,-75,81,-96,25,92,16,37,-37,-51,-111,-117,84,50,21,166,-11,-5,-58,194,-41,30,-36,92,58,-27,68,-33,59,42,-178,9,22,-113,-89,-20,-2,35,-4,75,-113,-3,-27,-3,88,126,-7,143,-143,-64,9,-75,13,62,86,-135,-27,110,0,116,-50,30,23,-27,90,-16,-4,77,58,91,-20,93,177
24,-57,-81,-109,24,-29,-12,52,142,10,-160,1,112,-44,-77,-36,-21,96,148,159,163,86,-121,48,-84,195,-159,-114,35,113,138,147,28,161,136,68,71,37,106,96,-93,82,-33,142,-51,134,73,50,60,111,120,42,17,86,-4,-99,-16,36,-19,-87,42,82,180,27,19,48,17,183,-63,-82,-72,-54,173,-56,5,251,80,-98,22,92,-67,64,182,44,-71,118,-4,189,121,105,4,-13,55,86,-10
-24,-113,46,111,-32,31,70,-16,82,-98,61,-156,81,89,-2,10,69,-39,-6,-158,-48,7,-9,-39,16,-3,82,92,175,-17,-144,-234,-2,-92,-145,-117,-127,10,66,-114,-97,-34,-35,69,63,-35,97,108,-8,-18,-118,-278,22,-108,100,-10,48,-78,41,-176,55,-59,58,-27,1,-38,-39,-83,-67,144,-10,-27,211,3,-6,24,-4,-102,38,-5,-15,-24,-72,-43,67,-144,2,-86,-24,-108,-8,183,-101,57,-26
54,213,120,-13,123,50,59,106,54,85,33,-31,-107,113,-39,184,40,-106,64,-22,81,-47,-1,64,19,8,74,153,138,108,-23,180,-31,75,35,-167,88,100,32,115,10,22,75,-27,-37,25,-24,10,-75,118,-23,-11,42,93,9,177,24,-38,310,82,-31,40,-27,47,23,-65,78,70,-72,-63,-106,112,28,-16,-30,133,-5,91,72,-3,27,108,84,-7,-45,10,111,213,140,-158,81,158,70,-58,34
-56,102,133,51,164,-143,115,116,93,147,119,-46,-102,189,-21,22,162,-63,-45,-42,39,175,8,162,155,145,122,133,-9,-140,108,75,-34,-46,-32,-64,86,-50,-70,115,-76,-30,113,36,100,38,119,170,48,77,171,3,99,64,63,81,-22,141,39,10,-5,175,49,79,130,-76,-91,7,-21,-18,-30,-21,110,-45,111,-49,-77,-10,-35,90,-98,-2,35,-17,-41,26,-106,134,-28,-120,87,37,-70,105,-65
99,244,220,28,66,-101,80,19,97,145,174,-14,-111,13,36,-69,-78,54,130,-35,189,-35,27,32,50,174,185,142,20,-113,-100,7,61,40,12,-48,177,140,143,46,16,186,126,26,158,62,96,-75,122,-16,72,-3,-11,191,-107,45,-12,54,92,210,-1,-66,70,146,251,-93,24,-100,93,6,-132,44,56,200,-36,28,-156,-35,169,35,16,76,-107,-4,5,29,37,1,-26,183,70,264,60,-17,-192
130,91,142,63,97,-60,11,148,53,33,-22,185,-97,-13,-4,-79,-36,10,144,119,10,-4,83,-28,68,41,46,54,87,-62,179,-82,-4,-10,33,-21,77,-41,172,57,-28,-37,15,-31,61,-45,29,-66,-66,175,-5,102,-10,-36,-94,-12,-25,-71,48,25,-116,-20,184,-31,20,56,29,-27,130,-62,15,116,47,3,-5,201,-129,47,82,-30,-75,37,-84,180,62,122,-45,15,59,66,-27,84,-12,-9,-78
39,-33,110,-43,84,-167,47,-41,29,-58,-97,-157,8,110,-58,167,0,48,75,-46,1,38,72,25,-30,-14,97,1,-7,-119,36,121,-127,17,11,193,17,-131,-23,139,-42,53,157,74,4,-122,1,-87,52,117,-129,-16,-62,-112,40,-54,142,-57,211,114,197,24,20,40,-55,41,143,75,25,85,-46,131,-2,105,-29,125,-61,-20,50,61,13,87,114,-51,116,-100,150,117,38,-23,7,51,4,186,-74
-117,-83,-35,-22,-139,-14,3,61,58,165,128,-38,42,47,-1,62,-72,124,125,30,172,6,-92,60,-111,296,-36,74,-36,30,80,92,39,105,100,-83,12,103,41,101,93,42,4,166,17,7,3,-45,78,44,-32,114,-152,126,-5,78,-17,94,-50,-3,146,116,144,159,115,134,69,-3,-49,135,-69,-7,77,156,37,-70,17,59,-213,193,70,86,249,13,-75,-77,58,-38,58,258,9,134,213,115,105
-165,-38,-44,154,-171,86,110,58,-46,165,210,116,-11,-26,15,-8,-13,253,65,19,119,171,-83,-77,131,-56,31,206,-7,276,20,-13,111,-33,11,77,59,76,60,-27,115,-3,31,17,155,34,102,62,137,-42,100,6,12,165,189,40,-2,10,-41,44,-7,12,95,-16,170,-96,-45,-19,-3,95,-93,-69,82,168,-63,-25,-61,85,16,147,41,97,-32,126,-26,54,-4,5,80,132,137,49,132,-46,-53
-12,54,72,-13,54,-114,32,22,60,-112,122,4,-22,-25,24,7,56,-71,30,-44,-52,113,-81,-41,4,61,76,-164,-15,-97,-69,-125,59,-145,-32,84,-37,-61,-14,-70,-16,76,22,73,-27,-94,55,47,-37,80,201,43,-50,-142,-143,9,15,159,105,-46,-9,2,-35,2,38,16,0,97,84,84,131,83,76,-49,41,176,-85,-66,145,58,78,40,-9,-53,-81,58,-15,-50,-194,-20,-97,-4,-175,144,-4
145,84,56,-30,103,-8,89,48,4,70,96,-39,-6,101,-43,128,-75,92,100,-39,128,207,-146,-22,138,192,167,144,-4,139,-43,-41,29,0,142,156,62,176,131,-99,26,114,59,-79,130,71,49,150,197,99,147,-13,14,114,88,43,41,105,188,65,190,222,-165,55,16,46,0,-17,101,137,-20,104,27,-92,68,99,39,26,141,-29,-53,53,-41,-28,-76,95,45,23,5,48,74,-2,-53,-66,-34
-1,78,-41,-21,66,-13,-55,10,88,-40,29,145,38,-25,-6,53,-84,191,83,-110,-2,179,76,72,72,113,160,63,-31,-4,-19,42,80,-5,96,153,0,27,102,18,186,40,-56,70,29,98,92,69,136,-94,9,-3,120,11,8,-96,-36,31,118,177,200,-16,-184,67,53,-66,-43,15,83,62,60,162,-24,2,49,-14,26,29,-29,-38,101,40,-38,142,74,1,46,74,92,46,-21,17,-47,34,-14
-45,61,130,-12,-152,66,122,167,52,28,32,-72,124,-59,68,32,1,-36,141,-44,-51,67,-5,103,7,132,35,90,32,40,10,140,99,65,-69,54,151,15,229,25,-6,68,120,224,145,82,109,23,77,-129,-54,-30,113,216,-79,120,-56,1,9,49,52,25,140,128,173,-20,265,68,-32,-16,-2,103,82,101,-1,75,58,59,50,73,-6,121,103,25,48,-40,-29,56,14,101,191,-37,104,232,142
39,132,128,-152,244,-44,79,186,52,60,150,24,91,3,-142,37,-41,99,-82,45,32,51,73,95,124,-16,138,163,195,16,-38,59,14,38,92,132,12,55,102,-80,161,-80,68,80,32,21,98,163,-53,-8,132,-133,16,-28,52,44,37,-15,143,48,191,51,-159,3,62,-67,36,39,93,49,-39,66,-19,-33,169,147,-149,-68,208,-59,-13,17,9,-88,64,41,170,-51,107,-106,45,-191,-87,136,12
-39,24,5,-33,-12,90,-76,83,-142,22,-99,148,111,38,10,-20,67,120,43,7,31,-19,17,-54,-132,23,-45,-11,-71,111,-33,-29,-64,67,94,-101,-6,10,-4,-6,-84,3,5,85,-19,-194,5,-114,46,38,52,72,8,-67,2,6,37,-78,81,-22,-131,7,-45,19,110,-27,72,57,-113,26,2,24,22,149,81,-6,-251,29,63,119,-70,-13,87,-113,-52,-45,7,61,-50,-158,-90,-30,-18,-26,77
48,112,78,213,-63,55,20,13,-45,132,155,-108,-23,51,-37,104,-126,164,173,-106,159,-18,61,109,18,99,45,290,107,62,37,-56,-89,59,41,-76,92,65,105,-91,27,49,77,-17,31,-104,92,-45,149,-90,132,-76,8,96,65,11,50,-68,202,-69,69,-47,5,228,117,-132,-32,5,6,27,-129,20,210,49,-253,51,91,-36,11,61,50,75,13,73,19,15,66,113,125,222,64,156,87,147,-99
-15,-25,-37,-94,-62,99,9,-57,171,91,-133,-188,-29,-49,-2,12,19,-99,64,114,136,-16,-62,-48,20,53,52,-23,65,19,7,-50,-69,-125,9,-60,20,-48,-21,41,6,-86,-9,9,10,-40,103,2,-69,-31,3,-149,-189,0,-29,55,-88,-83,45,-44,83,35,11,-105,-40,14,-23,8,9,177,-67,-29,95,48,46,-63,45,-143,54,40,-121,-71,19,71,115,26,110,15,-52,78,49,154,-21,100,35
29,-44,70,-90,-156,79,-70,-68,-42,-73,96,111,-99,-13,-15,-13,89,22,-46,-85,-70,9,-216,105,42,19,-23,100,98,-14,21,-97,134,91,124,53,8,77,181,-60,-98,-14,-114,-29,108,160,147,57,64,-27,-44,87,-67,66,44,45,29,-2,41,-70,36,-39,190,6,180,-26,-26,110,-20,5,-66,16,-56,-144,-146,79,59,5,98,62,21,-66,-40,-19,17,82,-104,19,-46,-10,-53,81,74,124,-229
233,270,179,-91,148,-36,52,-97,31,91,137,18,-37,310,-45,3,1,-13,38,100,-10,132,-8,46,-116,77,93,163,62,29,124,-130,23,-197,98,-1,151,39,78,32,180,12,117,89,42,-50,109,70,297,19,38,54,24,-20,-5,103,41,11,102,15,32,50,18,20,99,87,-1,-5,152,-1,-7,78,131,201,23,90,-19,-85,184,156,12,-21,25,-19,81,42,-11,49,-118,70,141,132,-20,-41,11
83,261,25,89,37,17,8,185,114,-13,28,55,18,-83,52,34,30,-131,296,-34,-27,212,37,-41,50,3,-98,81,113,144,50,17,-40,-2,-10,-70,-62,129,60,-86,78,-41,-73,-6,-39,26,44,169,100,69,91,135,-66,190,-65,90,70,-110,217,88,261,193,76,-34,-15,16,38,23,101,29,74,127,65,16,225,85,-58,87,-2,74,-110,98,25,-95,2,31,-78,118,7,41,258,24,217,106,-9
-101,-75,14,44,-92,-70,32,71,60,-59,56,2,-22,-12,-29,73,-211,26,116,80,132,-51,41,36,-3,-42,-47,70,111,47,-3,38,-108,42,98,73,56,15,34,-37,-19,51,121,110,-8,139,-92,35,-42,56,35,9,-101,139,-61,-104,-51,-55,-25,140,-75,19,-45,130,140,-6,104,-83,81,65,-10,-105,45,110,135,83,-103,57,-55,-144,-54,119,45,158,53,1,169,-163,152,81,-24,121,75,169,103
207,169,136,-64,-94,88,97,62,75,40,-2,0,97,17,48,-139,-16,91,1,-71,-44,-23,-127,12,6,62,-41,238,-127,-26,16,-57,69,-70,23,62,-42,205,98,-60,105,16,156,66,79,24,68,98,90,60,-52,-65,172,139,33,35,53,-94,108,-143,29,-17,-13,113,27,-84,103,-73,21,-70,-18,135,100,-36,-53,-29,102,138,50,-79,-131,105,42,-97,11,35,7,-7,-69,61,117,-78,56,113,-75
-101,-31,-132,85,-28,60,-129,64,-24,137,59,-81,-14,-54,-46,51,-113,135,43,-40,73,6,-154,59,-37,32,-103,-16,27,146,55,-51,11,114,-14,-56,-89,114,-49,-121,62,88,30,26,-59,82,-97,107,-70,9,102,25,-4,14,21,123,49,11,45,-78,27,49,-152,126,-63,-20,-106,36,-31,33,42,54,83,-48,-4,1,78,18,-83,40,-66,70,138,-29,12,51,-39,99,-7,65,-31,169,79,111,154
104,128,21,98,111,-35,-204,7,55,-111,10,87,-14,91,44,41,16,150,33,162,-24,51,153,-3,152,11,-7,-6,38,54,54,-14,47,86,-23,65,-17,-23,90,-58,106,69,60,96,-20,17,-27,-32,61,-47,65,-34,46,143,-23,-35,-67,-7,36,33,143,-79,-72,-38,110,-70,-90,-11,68,27,-92,80,110,130,81,27,-155,-75,-105,54,188,-40,64,-73,-93,-102,54,-21,-74,20,-38,128,-65,-63,-27
-16,207,-9,127,124,-66,-69,-13,78,88,55,1,53,-55,-62,-89,-221,-20,92,-108,47,173,164,-74,34,134,111,90,-4,99,44,-17,39,-86,-59,28,1,168,1,28,218,113,60,167,3,-126,151,68,235,-31,83,-50,6,26,42,89,94,-13,14,101,59,31,2,70,-50,125,-163,32,200,-108,16,-120,101,57,41,-17,99,33,119,80,-33,180,8,56,45,105,-95,-58,-26,113,-4,225,20,-37,-87
-80,227,178,49,-13,69,114,31,-75,-58,230,-55,162,-17,31,48,-120,-10,186,-111,74,33,112,-104,69,56,148,80,123,19,-123,33,20,82,-139,21,-18,2,33,-47,0,130,19,109,-92,-12,-2,0,-37,52,35,5,2,-67,-15,33,16,188,121,149,149,-1,-10,112,95,34,15,25,99,16,44,-32,-6,106,95,32,66,10,-7,164,2,100,90,-76,15,0,93,-129,83,16,-105,106,-6,197,92
-19,181,-7,50,104,59,89,86,-14,-16,-65,-3,62,-43,26,-22,-13,68,99,-13,-14,96,94,60,106,26,15,88,-45,70,58,-31,-107,-12,-92,-55,117,23,-155,9,-38,50,139,-15,-17,11,56,156,129,-25,246,15,107,-66,202,188,-42,1,-51,-115,-42,-21,-146,32,122,21,58,51,-3,-2,14,-8,143,-31,194,-31,0,-132,77,87,-23,-14,-5,8,-8,206,-4,-16,-25,-115,-16,-61,-36,41,81
-50,-22,-83,81,-109,20,41,128,43,-76,133,-27,269,90,-16,-31,-190,117,163,-30,182,70,-110,46,31,172,6,-25,-5,53,-9,121,34,34,-11,-25,-37,146,47,-71,60,69,120,141,67,31,-120,99,-1,-133,51,-139,87,82,144,28,78,79,-10,122,86,124,-40,82,30,27,-89,-100,37,94,-10,55,18,27,135,8,-9,32,34,118,-9,-58,-6,74,0,32,-34,18,-26,208,-82,-90,-34,26,45
-108,50,63,-56,59,-15,93,80,42,66,-89,-167,58,211,-56,183,79,132,129,-4,99,3,96,75,92,-108,177,85,65,50,71,125,29,26,24,79,9,-8,-6,-20,-144,144,106,13,-5,76,40,61,16,59,14,79,-35,-82,-17,54,40,132,162,170,102,67,14,-32,-53,31,38,140,-148,-99,-21,115,-215,-53,4,67,144,-35,29,-35,-10,-61,-113,63,-52,111,176,167,5,-61,-51,85,27,35,8
16,69,128,-65,6,132,-145,70,-83,-52,-58,-92,49,68,17,-42,19,-185,60,100,-17,-69,60,39,-195,65,-29,-120,-127,-62,85,61,-93,16,2,-127,-23,53,-111,86,-56,7,-5,15,-77,-38,-4,-51,49,-81,-7,19,20,102,-133,59,190,-48,122,72,3,13,-35,23,-9,71,-41,19,-12,-33,41,115,9,-46,52,-75,-11,137,10,35,69,72,6,7,6,11,83,150,-6,56,-68,84,20,43,68
53,-5,-90,-26,7,60,-101,-30,69,12,-84,75,145,9,30,-50,58,12,118,85,-123,-71,-37,51,-69,76,19,-45,-86,-74,113,-39,-10,29,-59,-2,99,44,-121,-3,111,-112,-8,3,110,-99,-91,114,114,25,-3,-20,56,106,44,205,26,-69,16,-68,-5,51,73,23,39,102,115,-10,-185,38,101,103,43,-45,119,55,7,17,29,79,20,10,40,-100,12,66,-58,204,1,-55,-84,81,41,90,50
3,91,64,91,75,-30,-26,-84,46,1,46,-50,112,83,33,43,22,-61,161,-2,-15,-7,175,-58,-92,96,85,-35,60,-65,174,-63,-25,-99,-37,-94,91,-53,-147,14,-11,-216,64,-68,-37,-60,-8,53,57,128,-6,121,89,-54,87,110,85,-40,64,20,47,138,-4,-58,62,129,-139,-170,132,102,134,-16,104,191,86,-38,4,141,-112,120,97,105,25,-80,122,13,-30,-2,19,-41,52,10,100,16,-39
-28,220,-7,-100,118,127,-26,47,17,69,-51,154,152,-42,3,-36,-2,105,106,11,-54,30,38,-6,25,131,75,-36,-44,68,141,119,-31,22,162,63,75,197,16,124,168,179,68,70,-95,65,157,38,113,73,47,129,181,148,15,48,-21,-37,171,133,-104,60,-27,-21,10,-1,-59,7,19,-249,111,7,183,-71,-11,20,99,4,117,191,-47,46,-89,-18,-47,62,8,-24,-125,-62,-56,-58,-27,-7,-87
43,182,127,-94,-29,21,43,160,66,-61,-90,42,27,-112,10,40,22,43,132,-8,-63,-56,-75,-59,88,-76,102,92,12,85,13,-45,39,77,6,67,34,-84,34,52,-88,133,147,-17,-11,74,124,25,49,181,5,-86,217,59,104,48,-38,0,61,15,38,-46,45,19,163,-28,191,-49,40,36,17,135,-47,-25,66,-24,-277,-148,116,148,-120,88,-116,-55,-134,21,13,112,-36,-43,81,-48,-2,119,-100
43,44,-114,-86,79,43,98,28,72,90,156,-69,81,93,-33,179,58,51,129,142,233,-89,-72,-9,57,-12,120,127,194,265,-51,85,107,75,11,-164,-3,99,-18,55,-13,39,1,-3,19,-145,-164,37,2,62,-21,-107,27,55,113,-62,75,76,268,36,103,160,53,60,29,18,-6,64,46,122,-130,94,144,3,164,138,106,-31,106,90,-162,-128,-12,-126,-3,18,-4,19,-87,184,12,-38,-65,-5,157
-28,82,15,-7,89,-9,-89,6,36,99,9,54,16,101,41,-38,-16,-63,92,14,73,-50,109,75,22,-23,92,38,139,74,36,-10,89,-48,-65,-81,-69,-15,-35,25,-21,-109,-29,-65,-201,-234,40,-35,-34,-57,47,122,-14,-77,78,11,138,126,86,-88,114,24,37,61,183,44,-32,-15,7,87,22,81,-10,-1,39,-32,10,5,120,74,-95,-192,-56,39,11,-57,7,-68,-16,133,82,-53,39,123,155
27,201,40,-94,71,-56,33,43,-13,30,89,14,116,43,-39,-111,-150,76,50,56,-48,-52,131,176,-72,57,37,25,50,-49,37,55,34,-127,-26,157,67,127,-74,148,156,64,122,-62,-75,-20,46,86,119,15,-13,-13,81,114,35,114,-204,-14,209,53,120,-74,-42,56,125,13,-4,126,114,163,22,108,105,63,50,-47,-51,6,158,70,10,17,-36,3,133,103,36,-77,87,23,132,-169,-4,21,2
46,113,52,10,-1,95,40,-24,86,64,53,-17,-129,14,-21,105,-61,-18,176,-72,3,100,-17,-38,1,123,101,-6,26,170,-158,-56,135,-37,-131,-12,67,7,60,35,23,24,39,217,-84,-111,36,-32,11,43,-32,-197,-123,58,80,152,60,65,34,105,79,69,-9,47,105,29,57,-23,74,78,37,9,60,147,63,61,-28,-52,163,129,-33,-28,-20,-3,-8,-24,90,60,-146,88,54,180,61,48,5
36,73,10,-15,-49,44,-51,-55,19,-78,107,-44,19,124,-14,52,28,65,-16,-3,2,47,59,46,-86,28,34,61,-80,48,-76,-56,-80,-115,88,-7,-15,26,-25,79,-54,63,84,96,-86,-53,-105,-49,135,107,-104,-89,24,54,119,12,52,-44,198,42,3,-106,-17,49,-12,33,62,-28,-4,135,-14,11,-23,72,110,-75,-64,-56,40,80,98,13,-10,1,-121,-67,88,-4,10,31,-86,77,0,-114,-70
53,54,-31,7,94,-98,-24,42,17,132,23,-127,-30,-80,-61,31,59,130,77,73,10,-121,50,129,17,-145,180,155,150,40,-40,40,-9,21,-7,-2,17,-114,-59,136,17,46,94,-151,-66,60,78,186,100,-70,-58,-27,-86,59,69,33,-50,-99,189,75,159,31,-15,45,2,-7,97,-29,-70,-6,-117,-53,-12,155,50,-70,79,-81,186,9,10,-22,-38,-142,116,136,143,125,-3,-67,100,81,27,62,3
-19,219,59,-18,123,80,-30,-30,-28,-28,175,75,21,162,-56,19,-155,-26,-24,5,-39,256,48,-79,-120,-27,91,-121,-30,33,-27,-36,-17,-50,50,52,-33,-63,-90,92,91,161,33,47,-155,-121,8,50,154,-57,110,127,-74,102,42,54,-28,97,-85,9,75,-16,-50,35,-9,45,-56,13,203,26,56,69,-9,114,90,16,-91,24,-23,105,152,53,70,-96,-188,82,150,-18,-22,87,108,-17,21,51,58
59,27,-107,-17,-121,-109,-116,39,23,-75,-59,6,40,28,131,-106,-52,-26,147,58,119,82,39,7,-1,15,-93,4,22,6,114,-32,26,11,83,-4,-55,133,-71,66,60,-44,80,-65,-50,84,6,188,130,106,72,37,38,42,-103,37,-68,134,-85,-28,202,95,74,-35,21,195,-109,-58,81,115,17,42,-22,78,120,-34,23,116,-50,-100,19,-31,3,-119,43,104,-109,15,24,2,-66,-35,206,124,116
-62,176,111,-162,-112,96,-3,113,14,105,-52,-106,-10,-22,162,92,-72,-93,85,-17,-128,-7,37,217,109,110,10,125,3,25,52,119,152,-19,-66,-16,14,37,-55,63,75,-11,123,-3,-14,-27,88,5,-41,-50,124,40,198,79,52,189,-28,107,107,-75,11,-58,-8,192,37,-94,60,19,-51,154,-77,128,88,-10,139,-139,-40,-29,-21,62,-37,18,89,66,75,-119,-69,89,24,83,106,43,46,197,47
26,-82,89,-72,-117,1,172,30,68,-10,215,-87,-96,-3,85,108,84,83,-21,-22,-28,46,15,89,102,13,50,114,5,60,22,-53,39,91,51,58,-26,-30,-62,39,55,-43,-79,123,143,63,-10,27,12,-9,-105,37,2,74,36,21,75,41,-13,25,104,-34,50,32,-57,26,57,131,-41,245,-65,-32,-18,30,15,37,-90,-39,-15,83,117,15,36,-45,30,-69,43,60,49,-55,1,41,12,12,-11
14,21,125,-142,96,121,33,-101,-146,59,-41,-89,-66,-10,-19,186,125,26,40,-72,47,69,-99,35,117,-60,54,98,8,-1,25,45,81,-15,14,-19,170,-37,61,-8,-55,-85,55,-56,32,-58,60,-6,46,-85,133,-29,-27,-106,8,-2,36,6,93,73,-26,53,-43,-22,18,-99,114,159,-72,72,-67,190,-9,9,-51,79,124,-74,83,47,28,-47,-104,-65,66,10,56,42,-142,-69,16,-51,105,65,-66
15,117,72,-72,-33,-106,112,112,206,60,31,-187,14,15,-202,38,-72,-87,-121,31,92,-31,-35,89,103,209,37,145,127,19,50,5,93,-26,44,27,11,5,93,-13,65,-148,16,177,90,59,240,88,-40,6,-54,-165,9,-108,109,35,67,42,84,-87,218,90,152,-90,-87,48,-31,102,140,60,-141,-119,150,-32,6,-17,28,-56,102,44,-78,67,15,41,112,-11,-86,32,129,37,62,81,18,98,-71
-23,-83,-24,69,-32,-117,11,16,36,73,73,30,31,-61,-33,-26,-198,69,-41,-191,81,-112,95,60,-12,64,91,0,26,-26,-31,17,27,-55,-1,-31,3,50,-110,-106,131,-70,104,124,-34,112,26,-46,-37,39,-50,-51,14,-79,35,14,101,94,49,-136,48,-13,-55,118,-28,100,-63,-71,-61,-30,27,-70,-53,-80,-90,86,13,77,-85,73,107,53,-8,79,-18,-72,28,-65,76,111,-110,67,59,11,106
5,103,-24,75,25,-23,-51,49,15,213,22,-57,-24,23,31,19,-159,12,-61,43,41,99,-20,-60,100,-116,-52,64,-101,12,134,109,71,74,71,47,117,102,48,41,163,52,195,-17,-10,56,46,81,-98,85,-38,-3,129,192,-64,46,44,-28,94,114,-64,-19,-88,79,-155,141,46,-50,199,23,-120,31,-18,32,39,72,-17,192,-109,-37,-55,70,96,61,40,112,-12,145,163,52,-14,161,-6,-44,132
-61,184,89,36,33,51,119,156,-15,212,132,-66,15,69,-118,179,264,198,7,114,-42,64,100,-29,136,-36,190,176,51,127,-152,30,-159,-64,96,16,168,-107,-66,43,100,112,56,0,149,167,-24,1,151,193,26,27,-6,-28,6,50,44,10,282,1,54,45,42,79,95,-132,114,-7,-46,40,-30,49,113,198,84,-8,-108,-79,155,134,-25,65,43,-23,85,-70,106,156,-76,-52,154,158,15,30,-2
-53,23,-15,-70,-115,-9,81,61,130,46,34,-78,-33,33,21,55,-17,-97,75,57,3,31,99,182,1,11,89,16,66,67,-10,29,37,-16,32,-77,-118,34,-154,-4,-41,-3,101,110,-124,-32,-10,56,-15,-101,-127,37,-80,5,66,121,117,104,158,46,139,99,-79,-8,60,-54,28,12,-65,216,49,-50,35,-48,371,-73,24,-37,-30,-55,-159,17,-85,97,33,53,92,-58,-26,-69,58,208,-59,145,136
19,172,-34,47,118,-50,-64,92,19,150,-90,75,134,-80,-120,-123,84,183,69,86,-109,7,153,128,6,44,11,111,94,173,55,91,128,8,36,-9,-85,123,55,37,156,-140,-15,-178,-101,77,108,43,2,-3,-75,132,-51,-161,149,-42,-73,-66,195,40,155,164,22,-62,-34,107,-112,-60,45,-47,122,21,88,27,123,35,-6,42,114,99,109,-6,-56,-76,122,8,-92,147,118,-92,49,-77,62,-32,76
-19,132,48,94,-23,-21,38,-7,-46,-27,71,80,173,-8,53,81,-131,65,127,-144,13,-31,83,44,185,14,168,47,18,20,-122,-7,101,-61,54,-15,118,77,-149,-44,49,-60,108,7,-149,73,-22,74,140,-39,-23,18,115,98,127,10,-38,130,183,2,36,-35,-66,144,132,-78,87,-76,-71,250,74,172,64,130,47,61,-26,-20,17,61,126,-8,-16,-35,19,-3,9,-2,-55,9,187,-45,20,33,89
102,73,105,-22,106,-38,16,-94,236,15,100,48,-40,19,-87,5,105,54,-49,124,34,39,20,72,-42,122,62,109,106,7,-2,19,-79,-30,26,45,26,-86,170,89,-14,-36,-36,58,-52,-152,70,-34,-1,12,51,64,-99,83,-81,-120,-88,-90,26,9,-25,-28,94,26,213,-157,62,-39,69,-24,5,158,159,53,32,74,-142,-10,-27,46,-16,-140,-43,2,-8,-25,283,-58,-13,-1,17,7,26,127,-122
-92,65,-123,156,-64,164,-11,117,-100,-2,140,12,110,-54,-44,11,156,29,173,-19,115,157,1,-22,204,-28,33,116,86,91,-10,27,-101,-1,-111,-12,-71,-59,45,-187,-164,133,-92,30,44,48,94,49,-2,14,36,38,164,-55,-67,181,-9,98,98,27,95,-34,8,39,115,-40,-28,75,-18,29,37,-19,-21,-200,28,49,-17,-37,42,121,84,-4,3,54,-134,54,-5,69,69,-32,-48,65,12,187,129
-97,126,32,21,-36,36,-128,61,-215,129,-19,72,35,-23,72,-22,13,80,-49,11,-223,6,66,82,-114,85,-29,26,72,76,-23,-26,121,-1,40,-25,131,89,89,-105,132,-55,41,-13,118,-70,-88,-77,137,-212,65,163,-27,147,33,248,54,-64,-114,-26,-97,-81,-133,40,171,51,39,43,-35,32,-7,4,76,135,54,-94,-46,117,-39,-59,114,-39,78,-52,34,143,-108,-8,0,-108,-32,44,94,-100,95
-14,142,38,118,42,149,-34,44,-26,162,217,-50,40,106,-15,-3,-35,35,163,38,88,29,48,57,-55,122,-58,-31,-53,32,-26,48,28,-8,-17,42,103,49,4,-45,-15,81,81,-12,2,-54,34,-49,74,-59,70,6,23,57,-31,254,68,76,41,-43,40,60,70,27,126,28,138,-47,58,143,38,59,29,113,-61,89,-23,-14,87,168,-30,90,177,-21,73,114,40,87,6,11,112,117,5,159,76
-80,128,-141,66,17,-25,-114,267,-15,233,-154,123,-58,-38,97,-101,42,46,94,-6,-21,-193,17,58,-90,109,-135,147,-101,23,-33,103,73,127,98,-76,-26,116,-1,-27,97,-75,66,-41,102,-17,-14,49,-85,-76,66,-54,4,100,9,148,93,3,150,30,-89,54,-97,71,37,-22,-33,-78,-133,-82,31,99,159,-67,40,25,-104,136,46,47,-19,33,25,15,46,30,-107,202,-84,50,105,46,8,35,62
87,144,15,55,53,-28,-53,101,-34,85,215,30,22,-25,-33,71,-11,90,33,-42,42,31,49,91,-16,86,76,99,136,87,-10,-12,-69,52,111,16,-12,186,14,-60,9,206,-18,17,-22,163,37,-3,-28,-73,13,53,-94,189,-49,-22,37,8,213,144,244,65,-59,0,106,-80,-14,86,49,93,-44,4,105,-6,76,81,-143,-37,4,161,177,4,48,-9,-80,-4,103,45,31,10,74,189,-39,-4,75
-16,162,86,35,119,-86,133,-36,74,18,-93,-18,160,207,-52,137,-8,-51,63,45,-7,-13,1,33,-2,-27,35,32,-5,-4,73,92,-70,51,49,67,4,68,-79,-100,114,-59,187,-5,0,10,-90,207,106,-43,82,124,-117,18,120,162,27,18,156,130,118,133,-6,-25,-36,67,45,1,-104,-18,25,16,92,22,198,147,53,7,-36,-25,12,51,8,-63,-14,-28,79,51,27,-94,22,126,80,81,68
-104,142,32,-34,-7,55,37,94,-70,45,-46,-12,-6,-62,65,-35,10,36,85,-34,73,41,156,2,65,-79,68,97,118,31,101,98,17,175,-86,-142,98,-78,8,-58,109,-47,73,-26,60,5,71,34,17,-70,96,93,-13,28,53,74,269,-9,58,-3,113,-64,-47,152,224,6,25,46,-11,-47,-103,-50,-17,98,117,-143,-61,-38,5,69,-18,-41,63,29,43,85,-148,84,54,27,-94,136,126,252,-89
-68,49,-1,1,168,2,-191,255,-36,95,31,31,92,-58,-91,-47,-12,167,-3,95,59,-139,140,-54,-55,70,-29,-29,-46,34,169,-15,12,144,159,62,-1,88,3,78,-26,30,24,-11,-45,185,103,-28,-41,18,-10,57,76,110,-16,146,44,-62,108,18,-5,-18,11,-42,193,71,87,90,5,-125,32,-3,-76,15,-53,36,-109,-33,141,159,49,89,117,43,30,113,30,60,87,-53,43,18,10,49,-35
-63,94,2,-1,2,75,-9,143,21,159,-22,69,11,-74,-9,5,22,143,-23,-99,88,-12,80,44,29,65,80,75,166,61,112,33,-34,31,86,-36,164,-79,140,73,31,-74,21,-18,181,9,-8,45,-29,23,-27,13,24,-13,19,66,111,-136,220,-68,2,-100,45,44,113,-24,69,38,-29,-115,-27,111,80,68,-59,86,-30,77,100,62,-1,-83,136,93,124,44,-83,22,161,10,-73,39,62,3,-32
-2,-84,58,-35,-33,-61,86,24,38,-15,97,-20,94,-20,-79,-58,21,106,-18,-41,-128,113,63,25,6,-21,144,70,90,32,17,-69,-79,-137,-124,156,-152,0,21,-68,-88,149,24,52,-98,32,99,37,-27,162,-50,-53,54,-60,6,-7,-67,40,6,20,79,-74,-69,-24,-52,32,-11,21,-30,53,120,-1,35,-141,81,28,-60,54,-35,0,45,76,-64,1,-106,-25,166,-65,68,-220,-85,16,-97,-57,36
24,-14,52,88,26,170,176,15,-30,-44,136,8,-26,253,-49,-63,-12,-50,167,-49,356,192,82,38,150,-37,94,137,75,35,-69,138,-107,109,-36,-16,74,125,138,-133,21,207,17,78,63,159,-11,27,189,5,99,-110,135,102,23,-81,24,95,47,66,88,-2,53,36,124,-119,-117,89,54,122,-202,-58,44,86,38,-32,-14,-214,108,-39,-112,20,18,24,-19,-6,116,-161,140,49,64,-13,-26,118,-56
-148,-121,-79,133,130,139,-42,146,176,3,-106,41,150,-56,1,53,-140,68,86,3,84,78,267,37,170,107,100,10,49,103,62,8,82,217,149,-50,-102,-76,10,-103,-49,-11,-47,81,-70,37,104,-18,-105,36,0,136,0,-53,-2,99,-32,32,-101,-58,79,89,52,81,79,-16,-12,-63,9,-64,79,-11,22,34,100,99,-11,-64,-68,15,-138,-68,16,70,86,105,-12,-68,82,72,-21,132,99,95,36
24,-14,116,-30,148,98,-26,-10,-63,234,189,87,75,49,120,-50,91,-1,-262,-53,-33,100,145,-105,52,90,239,7,-114,-34,73,-76,25,0,52,-9,-84,-34,-2,1,36,14,-87,11,-34,-82,124,-65,-107,-18,-132,-66,-4,92,-43,-80,38,127,62,22,16,-54,-58,31,-26,-85,-5,-39,-52,-4,133,11,21,67,-8,27,24,-9,48,86,-7,-87,150,-78,-55,-161,-95,-27,-183,63,158,-137,-109,-37,-17
25,124,-50,72,111,-58,-137,163,77,-34,37,62,-5,5,-115,47,11,107,235,82,4,32,46,156,93,-67,-24,117,205,65,58,151,15,-25,96,55,57,116,-7,-38,396,-83,37,-124,-20,-64,-119,-68,155,-29,119,124,77,-13,52,126,130,28,11,11,159,115,79,61,55,-1,14,35,68,50,57,157,34,-69,-39,60,20,66,97,-71,65,78,-16,38,-33,144,80,-28,72,74,0,-96,114,58,67
193,214,118,-44,-45,27,87,53,61,-131,103,6,-12,-65,-93,-68,37,52,-28,-64,43,55,25,33,-30,-39,-113,61,138,21,40,-35,151,49,-140,-14,-71,12,137,32,1,-69,-33,45,155,24,69,80,-53,-106,28,29,56,5,16,-20,-44,-134,196,-26,66,-98,142,61,-105,-94,25,246,90,-86,-43,73,31,-53,-55,60,-40,76,15,78,-22,69,43,49,-6,68,-111,-57,39,-20,91,39,10,-48,-213
42,80,31,20,-42,145,-14,-74,-40,-43,-81,-46,-63,13,-35,92,-122,-101,19,23,-35,77,-85,-77,43,-65,86,-135,-33,47,127,-11,79,96,-131,-17,17,-158,-2,91,-149,77,-97,-11,31,55,67,-23,-77,-48,-98,149,10,-25,-65,72,-35,32,-61,33,-74,-3,143,-5,-113,77,161,48,129,-56,-17,-21,-59,-28,-107,113,89,-26,-61,82,-103,84,-102,55,0,36,84,-63,44,59,56,183,100,74,-117
11,139,150,-72,100,77,3,107,-116,71,34,-95,-32,-12,-84,212,-130,2,-125,-63,-7,84,19,-108,-34,128,-7,-45,-123,2,-85,-38,69,-62,-21,62,37,-69,-32,71,-88,139,57,83,-55,-4,-16,21,-40,17,93,-30,7,-27,-36,104,-69,17,98,-39,-19,-28,-140,11,-4,-130,124,119,-16,86,-94,23,-56,95,221,-23,-188,-75,-27,2,91,149,148,44,-118,104,137,83,8,-50,125,101,-26,-108,40
159,-1,34,-8,-65,-63,33,83,-28,-58,-141,171,-23,133,114,-40,52,195,51,-33,-98,16,-15,24,-79,151,-47,211,76,59,-5,-112,88,-19,80,47,-57,24,98,-100,175,-165,102,-45,129,-11,-41,-37,97,34,-15,58,9,-57,-33,106,-26,73,65,-187,52,-64,-80,113,205,-46,124,-48,-175,19,19,125,141,55,-7,148,-57,38,-42,-17,66,-25,-9,58,4,37,-59,30,-54,-16,44,42,32,70,57
103,-19,73,-1,118,-65,-4,-47,23,3,4,-109,83,29,112,153,12,-9,-160,36,-79,43,79,95,0,-87,205,70,142,-17,48,34,-114,4,-66,112,-4,-91,28,69,25,157,37,39,12,-65,-120,-104,-85,-85,-16,11,67,-64,-26,-100,84,-67,-16,33,155,-41,-111,130,46,-5,126,91,-33,25,10,-1,44,66,-36,88,-50,7,-88,-20,47,-12,-52,16,31,-256,61,-194,26,79,100,-62,-26,78,147
-6,93,-76,42,19,-106,-18,79,142,83,-104,-55,90,-49,-93,79,-50,94,81,-46,-34,93,-33,19,38,-30,13,33,101,35,19,57,-30,43,-26,-15,19,50,24,-16,76,-60,29,52,-28,61,25,115,-59,82,17,-11,-42,-69,155,-172,40,-128,66,6,62,98,13,-16,1,124,78,-82,86,-18,4,24,135,-8,88,98,-92,-55,4,38,-93,44,84,-71,-82,-78,125,48,88,37,-37,-12,-19,198,81
-114,185,2,42,115,125,93,76,-70,28,-59,56,-69,-2,74,37,34,-13,-12,134,67,63,41,-8,7,128,-64,71,-123,49,-1,103,-38,108,147,101,152,41,119,-76,26,95,86,-117,-23,48,41,-55,-20,-95,110,144,-95,151,53,146,-161,81,-56,128,85,0,22,-142,129,-109,22,89,29,-32,-109,-28,128,216,78,-127,-69,-45,66,-5,79,-20,79,-64,-82,72,2,15,46,31,66,-66,84,-36,25
-57,172,-21,17,11,60,10,37,63,42,143,-106,8,7,-117,2,-62,18,20,35,167,87,27,53,159,100,43,31,-14,75,52,71,-14,79,-11,44,36,12,-46,65,42,18,78,85,-21,8,54,-79,9,-22,-18,37,111,65,-34,146,13,75,105,24,0,-2,81,21,111,16,99,59,134,73,-12,-38,23,42,-119,20,-36,22,21,267,-4,-39,-61,66,-19,127,19,-67,126,-140,-18,198,3,70,112
72,-74,30,2,4,-1,-83,28,-77,35,-25,236,15,-43,75,-63,17,-10,-38,-102,-49,-66,0,42,18,6,92,-47,-7,-175,55,-147,-16,-43,-18,-111,46,-15,34,-108,-79,-130,-65,-2,-29,61,-97,21,-84,4,-101,-113,-32,79,-27,-40,77,47,25,-142,58,-82,-35,6,155,-54,34,-220,-124,33,85,85,-87,39,86,74,-92,0,-93,-32,120,-47,73,-19,-15,-77,52,62,12,-97,-91,-24,-27,54,-99
64,233,101,-53,-52,22,39,81,17,76,-149,-97,8,-72,41,61,98,-18,71,65,-124,-12,-7,100,-13,-123,78,45,63,73,-10,5,-136,141,-19,130,-29,-157,71,-90,-74,57,12,26,-18,63,43,96,57,4,118,145,24,69,-35,76,24,-43,56,-59,41,-164,49,-58,118,11,83,32,-87,-119,17,140,90,-96,-28,0,-160,100,89,-32,10,48,-65,17,-28,-59,88,55,75,44,60,-14,78,114,-18
144,91,-15,43,-35,93,30,63,-33,101,-41,-78,-52,54,48,188,-8,19,70,86,-105,145,-54,-69,-34,-19,-15,104,40,104,118,-165,-76,-22,48,-93,52,-3,-50,-49,44,-14,-70,-22,13,-14,-129,-55,68,5,-64,-26,-116,55,-2,90,-29,-41,-34,-35,43,11,95,-109,10,2,63,59,33,41,-87,37,137,13,-40,178,0,42,13,5,47,-27,-5,-24,-56,9,72,93,-69,133,135,86,49,-91,268
22,196,-55,17,-64,221,0,99,136,119,89,19,-64,-56,-38,-73,23,92,30,77,128,53,-23,84,106,62,39,120,-74,72,54,4,-5,69,-40,10,-40,-20,80,-25,-66,240,85,87,132,-7,-14,107,41,-64,66,1,54,150,34,60,-174,8,73,63,94,36,81,35,-61,-124,-122,125,138,6,-78,-10,161,-47,54,-143,-117,46,-128,70,-71,19,26,5,-56,-71,-94,28,-95,129,97,137,-42,21,-18
44,55,68,4,4,-22,27,11,-107,-15,75,24,87,84,-13,21,47,67,67,33,-109,189,64,83,-68,38,-13,42,28,7,62,102,33,41,-148,68,-50,-18,47,160,23,-17,-16,-38,93,9,-37,-80,126,-67,50,72,108,39,149,-32,80,-100,48,93,51,-26,25,158,206,-22,17,115,7,8,-67,60,84,-76,21,9,-114,-18,11,171,-42,114,84,130,-24,-13,61,33,185,30,-13,25,26,127,38
47,-9,31,15,-25,78,-8,142,-73,40,9,-39,164,60,-97,-27,-4,104,128,-111,137,110,132,2,-143,138,-39,69,129,66,110,135,-49,-4,5,-10,-19,25,-6,-40,60,55,-26,159,-2,-51,28,-35,-18,-16,27,-121,-58,104,-68,8,158,2,86,-109,306,-86,11,130,20,-28,37,164,-145,-39,-74,-55,86,36,-74,90,-2,14,-141,204,10,-70,101,-57,35,22,59,58,41,14,129,28,42,167,121
8,89,23,-9,71,-31,-119,133,15,99,79,40,80,95,57,-77,83,150,-42,-38,-8,59,112,-95,-21,105,7,5,0,11,-158,13,-27,2,57,47,-64,-94,105,98,7,83,-83,-58,-127,-13,154,-28,61,-94,7,-104,13,211,40,-34,8,-9,90,52,41,-116,-17,109,110,-121,69,-30,109,98,-127,98,138,46,-75,19,-158,-41,80,104,17,-51,136,21,-152,29,1,83,-62,-36,181,-7,-75,-64,11
15,132,109,-68,91,6,18,129,-97,55,-51,-30,17,75,-150,197,109,15,114,119,-34,-9,24,99,102,-10,81,223,-11,54,96,84,140,54,-47,214,15,-191,160,-111,-13,179,127,48,38,-59,-18,-39,-72,0,11,-22,168,-141,69,105,9,122,152,38,210,-16,81,-10,93,-17,1,97,-33,-131,11,206,-107,61,71,48,-4,19,95,185,92,47,42,-57,-88,128,-90,107,5,-20,-60,-16,-11,52,136
6,90,-81,145,21,93,-285,21,47,187,1,91,-85,-49,151,-100,76,70,192,68,66,13,-36,127,128,51,0,-6,-102,251,99,8,78,107,25,-30,-15,142,4,-12,110,29,-40,118,-109,-106,32,-15,58,41,107,93,54,207,-52,120,84,47,-82,-121,51,99,8,-8,59,98,-64,-62,3,7,20,-72,18,-31,-95,-51,15,1,12,64,113,12,49,-132,-105,-38,9,108,-5,7,-15,128,59,2,119
-144,-29,62,3,67,-117,108,85,26,28,143,-130,-25,132,16,-96,101,85,129,34,145,-14,68,33,-11,-40,28,24,38,126,14,121,-6,0,13,30,-29,35,52,105,80,156,199,-39,-7,-64,78,6,104,94,-15,4,44,134,-42,-53,-29,224,70,130,74,66,-6,108,-42,18,-83,3,-72,89,49,-38,88,278,-9,-150,0,-16,88,79,-69,72,-49,-39,74,-56,-36,7,-110,4,114,-93,10,200,39
127,-35,12,48,-137,18,114,212,-4,149,-121,-90,-12,48,-77,54,142,26,8,163,-60,42,-17,154,118,-84,-59,32,-104,-36,38,157,-65,108,-37,36,52,171,5,-16,23,74,259,66,127,183,-45,62,-26,22,66,39,4,119,-45,37,141,-13,79,89,48,120,61,-73,-60,8,283,-55,-167,-103,-45,64,0,-4,186,-41,-65,94,37,21,-114,76,-10,112,42,-36,115,-33,-144,-79,-49,158,54,12,21
