21,115,188,-152,93,-41,-100,77,86,190,-31,134,104,108,8,147,157,9,69,82,39,163,25,-2,-24,-75,-28,57,-111,24,-117,-170,11,-6,46,-31,-1,-3,-78,60,245,157,3,149,31,1,39,8,88,-107,93,15,12,-57,29,-99,-26,-99,111,128,136,125,14,73,-15,146,93,-39,82,70,118,56,-25,-151,-12,80,146,131,-6,-44,-78,-38,-148,33,45,-83,17,8,124,-63,11,-108,66,208,83,114,9,158,14,37,234,192,70,28,-62,44,47,-91,10,89,69,-48,-64,119,-71,0,61,62,-106,254,169,57,22,197,-149,-26,95,-98,114,63,15,39,101,88,134,167,-1,30,282,134,26,110,-7,20,-19,-40,142,190,220,-41
45,-53,-62,34,42,11,-25,25,12,156,-35,164,102,26,-48,171,-4,-42,194,-28,-55,82,4,-157,138,19,-70,-105,2,-83,12,-15,19,122,-32,19,127,219,-75,43,211,145,96,13,-79,-86,134,68,99,105,-93,-106,72,75,-11,49,-53,34,143,205,82,190,-1,-63,81,56,32,12,-14,-132,104,145,64,70,189,174,151,13,-38,21,188,25,-13,91,90,-81,34,-18,-15,203,49,114,226,210,72,108,131,100,39,-44,190,148,138,-74,75,124,-95,174,-89,155,-156,34,-128,103,-68,15,96,-3,-75,-4,47,-57,67,59,107,245,113,4,162,-43,147,136,46,-83,-40,-12,103,109,129,52,122,76,121,164,69,85,233,180,76,105
147,105,127,-64,34,30,95,-77,153,-167,-67,156,91,41,60,151,135,-148,105,-23,60,81,41,47,43,77,-63,-97,-81,92,-7,-24,15,50,169,194,125,190,-51,-7,38,32,61,85,30,194,8,-100,59,65,42,-126,-101,182,110,40,-5,-15,-116,25,32,-8,174,-73,31,183,88,111,-100,137,-45,121,77,28,129,38,27,37,177,35,-64,-34,-4,215,146,-2,55,87,-15,-31,106,29,24,-34,75,77,72,63,163,-27,70,62,119,41,106,238,-23,68,7,134,126,-109,11,-12,-98,128,71,-67,147,268,117,-17,177,144,179,28,39,-1,-20,-5,30,18,-8,133,21,49,20,108,-26,28,-176,24,-11,-128,-102,156,222,254,34,52
9,-28,60,199,-228,52,-43,220,47,154,6,132,0,46,160,89,224,3,75,120,129,110,-138,-36,-68,31,204,-62,70,11,49,-42,78,-82,105,-9,208,177,-189,-172,-6,56,250,227,-78,92,24,-24,42,38,101,-68,-114,302,146,-6,178,14,49,49,-63,-112,-84,-111,25,259,18,-153,-19,-110,11,23,1,37,41,65,-189,-141,125,-204,38,-184,-53,85,85,58,140,-115,66,266,6,-98,27,122,-32,134,57,198,171,-61,-99,-62,197,92,156,72,113,-44,-51,32,-1,-63,-60,-53,29,44,13,-6,12,63,-43,-23,-5,13,137,71,132,-35,298,59,155,80,79,-92,39,180,170,146,176,-14,46,-21,8,18,-214,57,77,269,131,79
6,-116,75,91,-42,30,206,6,237,143,-35,-102,47,23,100,149,-78,200,-81,-47,-2,120,2,41,156,53,112,-27,16,-37,-30,-11,0,-61,76,100,-69,-57,122,86,88,60,11,-5,112,-132,72,298,-11,-86,-119,149,64,25,83,-123,-4,-83,31,116,26,-95,107,215,82,4,-116,-27,-43,108,27,-27,31,-118,-22,-78,-110,-12,119,100,-53,104,0,55,94,-113,164,18,118,43,56,124,35,74,12,227,65,38,-85,89,-40,-27,-40,-43,51,280,23,13,-58,108,87,160,94,-44,178,-26,38,6,-9,-72,66,-8,-119,19,71,127,69,145,-17,-38,-7,166,-11,72,-33,-40,159,121,161,78,-17,30,-46,247,-107,119,173,64,174,38
72,81,-19,77,-19,25,29,45,28,68,187,385,175,40,153,89,214,106,-22,-22,75,156,105,14,-58,11,-93,-205,-130,-25,-21,98,92,-136,-37,183,119,-7,241,4,-2,-85,36,-33,24,73,103,-116,-58,142,158,26,133,54,-48,3,84,132,193,37,103,-40,247,-178,24,30,134,-177,-14,50,171,35,-27,57,187,15,32,36,-30,14,72,-102,196,135,-38,51,-148,140,-130,57,-1,48,-160,-44,111,-105,6,33,49,-9,111,114,27,3,89,129,106,61,-79,-205,-1,28,-18,102,61,87,86,54,-248,65,232,29,156,-71,-65,-40,32,92,-144,-16,80,-1,164,53,82,13,88,44,-59,-88,-16,-127,59,-155,55,64,164,157,227,-69
-42,-136,-46,-6,82,-49,-66,-64,-45,246,12,222,135,-37,18,-88,38,199,-77,-64,11,42,118,47,161,-26,74,44,16,92,-52,10,-21,-33,57,41,87,-7,-161,69,-53,102,183,40,78,-38,62,123,-48,4,-18,112,57,42,154,1,-55,-53,11,132,-160,49,-188,142,-93,67,129,53,68,81,145,15,57,-64,-173,-76,103,252,-2,-45,-49,0,-51,-87,-6,82,68,10,-11,-104,245,-41,-4,-9,154,49,-268,26,-60,105,-19,172,-41,2,0,138,-180,111,119,34,-100,-146,-132,87,162,67,58,-65,94,-97,-117,162,-78,-5,22,-58,125,254,32,-65,-26,59,-153,48,-171,149,-42,23,50,-176,-181,26,10,110,48,109,25,160,95,102
130,-69,-57,158,-1,6,-6,10,-38,72,175,206,34,-21,-31,126,-15,123,39,-110,98,64,133,-68,194,12,-8,-122,-58,50,-5,25,-3,79,13,117,252,147,-5,-139,137,-9,49,-19,91,192,48,-77,-2,65,-86,-73,-154,-67,50,-48,-51,176,149,-43,-62,193,-66,59,-126,229,246,-144,86,99,139,78,70,99,103,10,-45,63,54,-81,29,18,87,-115,-91,45,68,-60,33,-49,-54,-124,23,-46,63,49,27,149,30,-13,66,38,185,100,38,96,-85,-6,-78,-11,127,-137,128,80,45,106,35,-55,4,15,75,45,-32,45,93,134,107,8,88,86,-48,170,-45,233,59,37,61,143,113,61,-242,63,-32,-1,75,-106,95,83,78,62
-230,96,60,219,-2,213,-66,102,-65,36,-52,-105,-165,87,39,-145,105,222,89,70,-264,-69,14,-139,-20,98,-159,268,-87,52,71,7,124,62,124,-97,90,-88,-14,16,80,80,-72,-20,58,-61,-267,166,97,67,40,154,-56,-16,94,-4,-10,61,44,158,-121,133,-13,-163,-18,121,39,-27,66,174,-85,-69,-41,31,-53,39,-198,28,140,-153,-139,-11,29,-2,-260,-156,79,-114,-61,-140,-9,-4,-29,-42,65,-106,99,49,273,14,136,70,84,80,89,65,-73,127,73,-31,-70,128,18,62,130,110,-179,-25,115,-30,91,-41,113,-2,-259,-144,1,126,36,120,-152,135,65,262,-13,79,-72,10,-156,-53,134,118,-6,50,-169,-50,-3,94,-2,127
-16,3,-12,-36,93,67,42,21,140,103,-64,37,87,46,95,-107,201,10,21,127,-121,36,184,54,-93,-37,-63,105,94,101,-9,-106,-12,-34,-101,154,183,32,-20,74,-191,-8,-40,60,57,89,35,25,-226,126,142,182,190,103,104,104,-2,0,92,11,-8,-66,-93,100,89,-88,74,-72,1,-65,-32,-41,-87,-81,-51,-9,-255,96,-34,-196,48,71,76,155,-60,-144,-73,165,-146,-33,-56,-70,-54,-87,108,43,30,68,-91,192,-109,246,73,173,-52,-70,23,62,8,-78,79,261,154,-58,99,69,-32,-152,18,164,131,45,121,-145,52,148,-84,145,139,90,-40,26,-1,-69,113,118,-1,81,2,-97,-48,-124,-45,73,95,9,90,-29,199,43
-76,-67,47,-44,-80,228,-23,62,-183,-27,-136,-208,253,176,8,-64,-105,-52,-56,10,-56,51,-77,-131,-18,-25,-3,-26,-89,185,-61,-1,216,126,119,134,-45,57,63,-92,178,163,148,-151,111,83,-3,117,-72,19,-52,-70,47,-53,21,-70,138,191,-52,-30,-31,201,-144,16,5,152,42,-17,153,30,-6,1,177,17,-139,37,-52,-91,151,59,13,56,-131,115,-46,104,-54,170,-2,95,54,-79,-31,31,-194,177,-80,128,57,-128,20,-77,-65,45,88,43,-177,-119,0,68,166,31,18,154,155,124,51,86,17,17,-87,-164,91,-113,-37,53,-204,-119,89,186,244,68,-65,130,-67,-29,9,134,75,182,70,225,-92,-141,-11,-49,19,125,23,-108
-62,-21,32,160,-17,138,130,-56,205,275,182,-100,-189,-65,102,17,182,97,-57,167,112,62,12,121,28,82,48,-3,202,217,18,74,127,-68,-36,25,180,-60,-115,-8,45,48,71,94,99,65,4,25,63,46,153,-117,-171,154,71,4,-118,-69,-109,-33,-92,82,-53,301,-171,-140,25,23,-56,121,24,-8,114,157,-46,52,-2,27,18,-127,-168,-19,-95,-6,40,63,147,-35,-105,17,-91,-37,188,12,-36,139,61,-31,10,129,171,-19,-35,173,156,60,178,-4,143,68,105,82,-41,74,55,-78,-44,-23,247,-167,-117,171,-44,64,-34,62,-134,126,146,111,31,38,-67,172,-6,92,-141,67,-71,-65,99,39,-77,127,-119,281,-60,117,-68,94
-13,110,-128,265,-243,186,-75,36,141,-167,79,206,52,120,70,-76,211,63,33,20,-4,-150,-65,106,-40,58,151,200,266,-76,109,35,35,125,152,105,-8,233,245,-7,45,55,23,35,25,203,300,-47,199,-54,147,-7,-48,65,138,126,-23,1,265,99,42,-29,106,-39,0,244,133,-16,228,-78,-43,-105,166,-101,279,237,108,3,34,-62,-193,162,-3,-145,27,-25,31,-139,-66,93,248,134,56,-16,59,-51,-61,7,-47,129,30,61,62,-114,52,197,81,122,26,142,39,-11,182,127,-7,162,-187,-176,-142,111,17,80,88,-40,27,196,-28,-34,27,65,47,103,73,254,202,91,-13,-42,-67,71,117,56,50,35,-18,126,33,228,23,5
6,46,41,91,-89,-85,-112,8,83,-62,-32,-9,-32,28,93,16,-37,-35,-208,184,-18,-14,-11,45,87,-128,96,91,-18,-178,-106,-77,-79,66,-101,-60,36,33,-125,114,11,129,-79,-112,-66,107,76,-47,46,98,45,19,46,-228,154,201,4,3,-42,92,-164,-289,-215,62,178,64,46,47,-74,-51,5,-42,52,-20,-10,-100,68,-138,48,-139,127,16,-13,26,47,-288,-29,99,-149,59,86,-60,60,115,58,243,-107,-82,-103,-10,-263,-66,19,67,-67,-142,-92,-18,144,167,5,-31,105,-176,55,-45,158,-213,-96,9,-95,-189,-12,47,110,1,47,32,23,-45,108,125,4,188,74,-26,21,-174,39,6,236,179,35,41,-136,-29,-36,28,-66,-44
53,-23,39,185,62,119,29,-58,161,144,-94,30,74,34,33,-5,-106,154,198,44,-68,46,-12,-7,-12,-9,104,-38,66,210,193,-22,245,83,-25,53,185,31,87,25,149,209,104,-219,100,50,7,-111,-86,-25,-63,-4,315,-4,-89,-48,-71,68,-80,93,107,141,155,145,-3,171,-93,17,129,89,25,104,-94,-81,24,227,-112,138,-213,15,-152,277,-120,115,98,-22,41,-22,100,232,187,116,-120,162,-10,303,-150,150,47,-13,-1,-3,80,124,78,158,-116,140,-15,226,-65,46,10,-55,-35,54,98,-30,86,-35,84,-119,84,88,-41,-20,-29,61,117,177,31,86,-13,-31,90,44,111,140,156,132,142,53,-107,144,227,167,66,-26,-49,69
-6,42,189,190,250,84,43,-57,-19,106,-87,-87,-111,9,19,78,-181,297,-77,-73,138,216,3,39,-148,48,140,-10,86,31,53,146,4,59,207,35,38,-139,209,-207,22,220,98,27,16,0,-76,62,10,-81,86,102,128,-89,22,25,-34,-14,-93,-15,-28,149,219,253,124,128,5,199,159,-60,-21,172,49,-66,-145,-44,-55,110,-1,127,-111,179,-47,-61,-94,-52,213,202,-205,111,145,127,237,-127,-208,336,28,122,-64,48,-189,-191,174,148,39,-3,87,54,238,152,54,93,202,56,-32,45,50,-94,351,-99,-115,24,-1,-275,-6,9,-171,-68,78,71,91,137,-106,343,-24,-45,112,16,-23,115,153,414,75,107,-84,22,110,-103,-19,97
224,112,-49,12,-12,143,-118,-44,-65,14,45,62,-13,-10,-17,217,-39,95,-18,62,-53,-41,-96,-40,-6,124,179,60,-78,97,-18,77,8,116,-73,56,22,6,99,21,127,3,-10,117,-7,9,42,38,93,-24,-52,-72,-20,-40,35,-37,32,-120,226,190,165,46,208,-132,55,12,47,6,45,22,184,125,77,-12,152,112,-21,1,-3,113,-66,151,-119,281,105,75,23,-90,187,73,18,128,101,29,322,53,67,-72,130,-108,149,-43,53,-93,201,124,-61,95,-200,103,-46,-139,-233,9,-106,-6,64,135,-72,-35,-13,137,-51,8,91,67,159,-61,158,136,0,36,66,93,58,200,-14,45,110,51,18,-12,62,95,43,54,17,247,225,5
34,-159,15,20,-84,-177,-61,-59,175,330,-131,23,87,139,243,-28,178,-63,44,167,29,165,-19,216,-43,120,95,58,81,77,-72,-152,-159,94,127,61,-194,63,82,-94,31,1,110,-154,-81,5,65,-27,62,-44,42,163,-74,50,34,-97,34,109,61,-83,53,-70,-5,-36,-35,145,-126,46,87,-67,45,82,48,33,-39,26,4,-31,-89,113,-30,-8,-75,61,23,75,-131,54,239,-174,241,119,185,-9,67,-43,103,182,-69,54,29,-43,-63,-84,112,209,151,-83,64,1,65,-190,-96,51,-151,-18,103,189,-42,82,63,-47,17,-50,-2,-39,-8,-10,-86,30,97,-21,-2,47,-8,80,-36,103,104,-85,-141,24,-46,67,116,-57,35,39,165,-98
182,13,35,-54,-39,149,-53,176,161,62,58,75,59,127,2,-102,-116,160,108,12,-18,116,-118,119,-64,-58,-74,-69,-205,-58,127,67,99,-13,-184,17,113,-50,216,146,80,127,95,64,50,27,177,90,-119,74,33,-90,212,-83,113,-57,-65,64,105,-58,135,168,-16,15,-174,126,-87,23,94,97,-160,-69,72,-40,79,130,21,41,-18,-29,62,-16,142,-22,-44,199,75,58,76,69,-70,96,72,165,81,20,109,-7,68,-60,45,42,169,173,121,141,-64,-30,-25,11,255,75,100,66,62,57,63,107,-165,-135,33,45,-64,42,37,0,-13,74,186,56,246,136,-39,-15,-234,121,208,-76,-7,53,259,93,155,179,126,-50,37,-17,229,-110
52,28,80,136,36,48,-22,-6,101,-65,-64,62,85,-162,42,137,115,100,28,-4,47,77,38,104,115,50,14,108,122,157,52,57,-187,109,-25,-93,144,87,41,52,-113,10,-28,-154,116,155,31,-64,90,103,-12,-23,23,220,66,113,86,50,107,86,-94,-70,-4,-47,-153,67,94,-53,43,31,29,114,58,-29,-62,-38,-16,180,181,100,165,-4,112,82,12,-93,96,148,-60,52,141,80,35,56,182,-46,83,73,72,66,211,51,209,-4,187,22,15,71,54,42,-38,100,-69,-51,50,112,-23,62,57,40,5,142,118,50,143,32,4,235,133,24,-102,149,131,105,-30,73,56,149,149,177,-139,-15,-36,59,-15,20,144,123,190,95
14,99,189,127,-88,31,132,176,195,315,91,132,58,-69,84,-122,227,142,243,127,145,97,111,213,146,209,172,18,99,183,103,84,-41,84,41,154,198,5,67,-20,-40,126,70,15,237,119,136,-80,82,-97,68,27,4,9,3,-33,95,147,64,-158,-12,132,199,14,-224,154,-11,9,179,83,87,146,6,12,-35,213,82,-42,43,218,4,106,196,-33,32,137,236,224,99,115,-60,196,115,142,68,161,36,-20,225,31,157,-58,314,17,62,251,283,50,144,205,172,99,44,55,-13,102,-20,56,227,62,14,215,-22,140,65,83,61,72,-33,173,23,41,82,91,124,104,197,171,136,5,6,212,-102,115,94,143,105,-24,146,114
56,114,153,79,313,-137,179,-121,225,40,-14,106,167,48,-104,151,-18,-8,10,-32,-119,-44,28,86,-49,199,10,-31,-133,61,47,6,-142,84,174,-68,-88,-8,103,-134,61,158,122,34,17,55,-53,80,89,-14,45,-7,-41,78,102,88,-82,-196,-8,95,17,-118,228,99,34,-27,75,137,124,-140,101,205,156,36,-18,-71,58,85,107,125,24,136,-66,32,-106,47,26,150,79,-92,64,166,-86,174,-242,166,107,-8,68,72,144,-183,-116,-100,-112,102,48,63,-5,221,-71,-37,48,-122,-12,173,3,-54,61,168,-51,-46,105,-28,56,51,-92,112,-143,-50,-9,11,-70,70,-98,14,165,19,131,-28,-52,-46,27,64,30,-27,197,-12,243,-74
160,89,61,62,256,-54,-108,151,43,-110,-101,108,-189,-143,-4,1,-75,107,77,41,99,28,81,-51,-11,-114,73,18,146,36,-11,115,-162,112,-53,29,78,5,28,98,125,169,50,9,184,168,15,-203,87,13,50,32,-66,-158,-153,69,-121,-37,1,100,-66,48,8,10,35,-12,20,-32,86,86,269,133,68,184,34,91,35,17,-41,5,229,82,55,120,110,-74,99,-88,-176,-1,93,93,46,-113,198,85,89,-87,-48,88,17,-61,156,312,99,104,31,-38,4,39,-92,-85,16,-123,-226,2,36,172,224,-3,-15,45,47,67,71,-77,84,179,-82,174,89,63,131,27,-7,60,-48,34,185,57,-165,-43,67,338,69,116,66,-21,-49,163
39,37,328,-9,18,-14,-120,190,-33,87,19,8,4,92,-171,73,-29,140,21,-163,-191,-47,-125,-43,265,12,18,-13,59,-193,-58,1,-102,46,-15,-60,213,86,40,-5,-3,122,-12,63,19,-53,115,139,2,10,-22,-55,121,24,-50,-249,9,88,-175,-59,44,91,-72,157,-37,220,-26,63,96,74,-16,-87,21,-97,-186,94,-65,75,183,-63,-97,148,30,-44,-77,-114,101,59,-37,113,152,161,71,170,-26,98,166,122,172,-25,-44,38,169,60,-29,200,59,-26,-17,-14,168,-99,15,72,167,-15,53,77,63,-64,-117,-34,-92,-6,-127,59,151,-71,83,3,73,131,195,41,128,120,88,-7,-5,7,117,306,150,50,-90,-141,56,55,176,-55
171,-70,82,99,9,37,141,-41,142,262,146,48,-26,-25,2,-154,107,102,77,76,30,289,168,26,137,102,60,-22,105,149,65,93,-153,-3,59,8,-93,106,74,-122,149,44,77,-100,17,54,152,197,68,-15,74,-8,-92,34,-38,-90,129,43,45,-65,-8,-60,-80,53,-307,0,-126,-127,81,135,3,37,-4,-54,-63,-79,-106,-55,47,86,-51,-41,-89,254,142,18,-115,33,135,-14,233,126,-73,30,-70,247,104,-31,30,84,131,38,-35,35,-73,45,129,35,-8,175,41,-107,7,134,-12,-168,117,111,163,91,51,46,3,95,165,-140,247,158,-60,238,221,-58,113,101,192,94,13,71,73,-28,-115,63,-48,79,-136,180,185,60,37,176
295,242,21,3,-124,67,97,114,37,117,25,-33,-20,144,-103,95,-62,-63,-125,137,161,105,-146,126,194,-48,130,55,86,-81,-39,-137,27,33,24,-8,-35,41,-153,48,110,92,-125,195,36,-30,79,-14,65,39,-31,67,118,-235,1,-58,197,142,165,25,52,-143,-55,139,98,167,-29,9,-32,-6,50,-34,-73,59,-124,-94,-224,7,-95,-51,-76,74,44,84,-106,-44,-59,17,57,82,204,47,-145,-92,167,264,89,27,-35,-212,-82,-24,-166,129,30,114,8,48,-56,-80,107,67,-17,-114,31,-42,38,-63,22,-42,-143,-166,62,213,-9,-65,40,-4,-2,-44,120,100,-71,184,-114,90,115,-47,186,4,77,139,107,189,-120,106,-42,7,-50,-88
150,55,33,-102,86,116,97,-24,-71,-49,-14,-6,62,44,-171,-35,-42,-28,62,-170,-52,48,81,112,52,-45,36,-84,93,68,-191,93,110,64,89,257,-109,70,-47,102,154,104,-24,157,135,-72,24,-67,28,-137,78,-7,98,105,28,-30,1,169,49,88,22,8,40,196,140,61,128,49,131,-57,69,82,55,-132,-26,-23,-97,74,50,69,-7,153,-286,65,-93,-68,62,-49,-2,-3,133,182,21,-32,69,169,-39,-113,-60,90,2,0,49,-85,35,49,23,11,49,-6,-36,-198,7,155,-21,-58,61,-89,35,-43,-21,203,10,-85,-36,-12,41,-92,81,51,66,26,-84,101,-44,-66,9,111,47,-56,-49,47,-90,186,3,8,241,76,255,-39
21,47,190,-37,-22,25,72,162,111,98,-2,4,78,216,70,170,151,19,109,1,20,73,-79,86,-87,49,-16,-82,42,-64,45,-26,73,-12,-16,-45,-37,34,58,19,34,158,74,167,217,141,17,42,-18,8,42,69,-137,-37,83,-211,88,-76,-23,43,-82,163,95,156,-69,35,76,-17,106,141,-105,103,18,83,50,198,-2,25,130,-18,60,147,80,15,88,-4,173,125,12,51,-131,-30,28,-130,39,171,-59,187,-24,82,184,98,98,71,-176,217,159,-159,97,18,106,89,100,-18,178,14,-88,112,61,297,119,-57,69,-91,-63,-46,6,43,97,40,-85,-43,109,143,127,144,76,25,267,-2,-86,76,-298,15,-142,-38,110,168,111,-139
45,93,225,-4,-83,164,150,-81,35,-215,-52,12,-55,111,-58,84,53,-42,-64,-127,-113,-236,2,56,46,-79,33,-8,36,151,-150,62,-33,138,-94,69,61,107,-200,111,150,218,-70,66,100,-62,-169,34,-129,-39,125,-139,56,178,61,169,-28,166,23,58,-43,-98,124,179,-9,48,109,109,226,-104,139,53,-16,104,5,36,-46,162,-67,-37,-111,192,7,14,270,11,-192,36,2,21,-36,147,32,40,37,89,-101,84,1,-12,82,56,-82,-129,46,188,-56,102,-75,18,22,-248,-167,-17,81,48,106,1,66,-4,212,-149,-43,88,101,113,-68,-22,-75,17,86,-7,-70,110,-84,45,-1,-9,-68,-156,-123,18,68,21,209,29,145,-105,14,-4
176,9,50,78,-11,-266,19,101,305,-35,220,188,43,-105,38,13,142,9,113,271,-57,398,47,206,40,294,110,-51,126,128,53,138,35,100,-1,-119,31,31,80,3,-98,87,48,-122,168,241,227,81,51,96,80,130,126,120,30,246,55,129,-35,-120,-52,-1,28,146,32,158,-122,-105,69,34,-135,22,-87,-79,8,5,-79,128,45,70,113,-219,112,-105,-69,-85,255,71,199,388,142,54,-62,166,62,18,-91,20,87,-14,3,-97,360,-69,154,226,147,-215,145,64,18,-55,92,12,23,-34,281,224,0,91,-16,29,121,-50,265,-56,73,110,195,142,55,-18,195,31,-3,86,19,-103,-20,192,85,190,71,10,-183,44,69,192,-180,206
87,12,9,-58,-204,48,-48,-71,-100,292,6,-58,-9,-120,122,134,140,121,162,39,-67,-14,-19,13,-118,230,315,57,-18,138,110,268,89,13,-47,-188,-29,34,104,-260,-15,157,-79,-70,155,-76,-46,26,-31,97,1,47,206,75,-155,-152,254,77,106,-159,106,137,-2,-214,-32,85,76,50,46,-8,-117,177,-24,-23,187,44,-242,-99,44,-104,131,123,-225,395,100,21,191,-4,102,245,1,130,34,297,-57,28,14,104,-66,123,147,47,189,45,165,159,62,-65,82,-37,131,46,-23,32,145,-108,85,153,-80,28,72,40,-7,-115,-9,-44,65,96,52,102,232,-42,53,191,114,142,33,122,45,-29,-22,195,-43,-75,-11,-60,19,103,185,-13
-112,117,61,-110,76,42,71,11,68,183,141,-4,-43,44,-31,-69,46,-106,58,32,88,342,54,31,186,78,-67,-75,76,-87,-141,189,168,23,-1,73,142,23,142,260,171,238,18,-2,136,-39,47,-59,-129,102,38,7,113,44,26,-5,114,195,-211,66,-48,292,150,-74,-114,138,-195,-126,-88,198,145,200,-35,190,119,113,-9,-19,57,170,107,-20,78,109,20,35,47,6,-69,79,5,-139,55,75,-64,17,7,-12,98,142,94,42,127,122,28,116,91,-37,-60,-54,89,105,-110,-2,-106,40,0,84,-36,-69,55,173,12,-4,32,-66,21,104,156,264,76,126,-74,26,22,-31,13,57,81,124,-135,98,-95,155,-6,216,104,189,48,52
-41,77,-45,24,138,166,24,130,-10,-47,-109,80,131,-13,-41,226,49,-14,-110,-140,14,245,49,301,63,-56,91,119,-77,-7,-102,-75,174,168,175,127,-15,-37,47,-11,303,213,-6,101,18,-76,59,91,-4,-85,-58,133,33,93,-13,203,-58,102,18,-25,42,94,34,128,205,36,-98,75,128,230,27,34,-20,106,60,9,27,101,47,111,-84,257,-109,116,140,-180,-74,9,89,75,27,142,160,136,48,216,101,76,-87,-19,16,-62,-74,8,215,38,20,-18,6,-95,-29,-154,76,22,-56,12,185,-58,-66,107,174,-205,181,-89,-160,11,-93,45,35,13,4,51,82,104,38,91,-255,25,98,-71,97,24,42,151,45,194,243,-24,46,62
1,-124,-82,48,22,93,50,64,-126,64,-114,-103,15,-62,49,-213,82,49,-62,-50,-98,-54,-44,103,-67,25,-36,36,-35,4,-2,-218,201,37,164,211,54,-18,0,-12,-29,-19,274,-125,-12,126,49,194,-38,-218,77,127,-80,21,16,-14,211,173,-163,-86,-102,174,-100,-32,-46,75,166,153,119,19,-13,-127,-40,39,81,85,-10,-125,74,-52,-95,-13,77,-59,122,83,53,128,40,25,-167,-118,125,99,5,-14,-134,98,194,-211,-132,-114,45,-7,121,-54,-86,-13,70,92,155,35,-50,66,-2,108,41,-99,32,-132,-4,1,4,-86,52,28,-52,-23,-31,-87,42,-128,-139,-77,-62,-8,-40,96,-10,-42,25,9,-9,31,-117,-58,-56,206,85,71
-5,14,138,256,154,-44,64,47,38,96,29,71,-243,-136,-57,-14,-94,139,117,32,-106,72,244,253,52,84,131,74,-63,-20,120,173,-172,3,-61,5,79,-71,121,-166,108,209,40,-29,-7,0,-63,34,-121,218,88,182,215,-120,-21,166,-62,66,95,144,142,166,96,43,39,89,10,30,261,-114,-154,21,-37,83,172,16,-51,-8,-6,113,-14,-18,25,-9,106,-133,-132,118,61,-29,102,132,23,155,98,77,-4,104,-80,76,108,-100,174,74,90,40,76,105,35,52,29,31,25,-113,-124,44,29,38,172,182,250,-114,8,-110,-34,12,261,132,13,138,31,213,101,78,102,-114,-171,46,-53,49,-11,69,161,163,73,-7,240,-98,11,264
-49,80,88,226,52,-26,-68,161,121,112,31,106,10,56,41,-85,273,61,47,230,97,11,6,344,110,120,6,21,216,-61,-168,47,51,61,86,-102,2,-48,-26,97,-61,-20,-59,-68,96,-45,-39,-119,142,116,57,24,101,116,4,42,-53,22,103,190,38,-131,-10,-64,159,141,-16,46,23,-61,-123,43,-71,103,107,-182,-47,46,97,-102,-99,79,47,22,153,-1,-18,-4,36,228,175,-30,10,87,66,41,210,-129,222,121,-40,75,201,-12,112,37,78,101,194,-36,124,96,128,-123,180,-148,-4,96,68,22,-22,14,-125,86,125,-39,-92,176,-163,86,72,107,93,144,55,41,-62,-105,-8,-3,-100,40,125,168,-248,196,65,-55,-89,141
-36,121,-210,214,2,-35,-40,-77,96,30,56,163,-240,-98,76,19,70,155,-74,16,138,-64,-83,-141,87,118,207,-2,52,-63,195,161,53,-27,117,92,81,162,162,28,2,37,118,-33,-25,165,79,-127,-126,104,-161,-77,47,21,-55,-15,-11,290,48,57,33,16,45,-44,183,141,67,-188,-159,-16,197,126,-9,-82,20,-22,54,-13,-14,-51,-86,-39,-100,55,-12,51,25,-50,-23,131,230,-161,31,42,-116,-154,-142,35,46,-50,-29,-50,18,122,39,-30,-48,50,41,-59,130,323,-275,-84,-61,0,81,99,46,-225,-85,101,-67,-100,-77,-76,84,56,27,-26,113,194,-61,128,-68,-41,141,9,-138,-2,49,-142,50,33,-8,68,-92,260,6,162
59,-85,-102,-68,121,82,84,-12,12,89,-99,-21,-46,-34,-141,-111,116,5,-173,-109,-18,8,98,-56,-124,48,-14,190,186,40,63,-45,-14,3,303,90,-164,80,216,77,-28,-51,-19,-20,168,35,5,129,75,-69,-3,74,-36,-62,72,30,2,22,-43,-156,-161,141,15,202,221,-200,-8,-77,104,-99,65,-113,35,-267,19,21,-48,32,55,-18,-101,-101,25,13,-16,38,-85,71,-83,102,33,-38,45,-41,76,22,104,-70,-148,62,-69,-82,3,67,93,99,-14,-65,-27,71,-73,19,-103,238,20,1,29,-131,-160,-102,17,25,56,-77,96,-29,-110,-116,20,-14,51,144,124,90,-29,62,-172,100,-133,40,179,110,-211,47,-16,52,-29,140,-44,21
13,121,297,-16,118,82,15,-72,62,96,-67,-25,-28,-19,98,117,113,-175,102,-27,-98,37,113,172,39,30,-67,-5,40,48,31,118,-28,9,-194,81,52,-9,-21,75,11,64,-130,55,54,-165,-7,-60,19,57,-101,127,-3,29,-11,17,89,10,64,201,-17,157,211,135,125,107,-59,-118,171,134,135,31,-18,199,-16,-106,20,79,-29,50,-61,61,-74,128,68,-31,95,193,156,-120,43,94,2,133,5,145,202,76,107,13,60,102,111,-11,-17,-7,13,157,-49,24,-4,112,-27,1,71,22,-35,145,110,61,125,96,53,30,54,45,110,11,-120,32,12,28,165,-37,10,-59,-47,2,24,-12,-144,120,-168,14,200,75,202,-66,134,102
9,35,112,-21,100,72,76,153,264,37,-36,166,-27,-26,185,100,-25,-26,-13,3,71,52,59,-114,34,9,164,-9,128,99,36,2,-28,-195,-50,144,-24,27,83,113,-74,48,102,-82,109,90,195,123,19,-51,-50,-32,65,38,-131,80,82,57,-44,-17,-11,-5,-18,-86,3,93,61,-12,63,47,82,38,-23,-53,-55,108,180,139,-55,156,-40,-72,-68,184,55,-59,81,86,43,59,54,20,75,69,-35,275,58,52,38,-41,165,65,187,-77,28,89,198,48,155,102,91,209,-33,-45,-56,71,159,115,87,66,50,82,-157,73,54,-61,-8,194,46,116,166,-4,-61,-189,-34,-21,220,153,55,21,24,72,-5,-65,14,-141,151,167,9,155
-7,54,8,4,-73,43,147,106,94,-13,-29,-9,222,2,49,-48,43,-117,-71,-157,91,194,29,60,26,77,-17,-35,-36,-6,-2,53,-42,146,27,-61,-56,-33,193,28,107,129,32,-14,-59,34,-12,119,4,-49,90,27,52,-62,158,74,20,112,-67,-86,7,70,94,-109,69,-12,-117,49,-38,-61,-82,42,84,-92,187,-48,151,159,-27,192,-36,0,225,-224,-5,12,65,163,-117,147,86,95,13,58,99,104,0,61,168,11,-78,-70,47,-142,-99,35,58,-171,-99,183,-34,47,-5,37,-21,-43,14,123,-3,45,-29,-45,35,-80,299,129,8,-1,18,63,107,2,-22,67,-36,47,103,-76,34,18,-135,255,-9,-75,-12,-56,65,23,86,-58
-51,-79,115,-52,-31,-80,-208,15,124,-168,-91,-37,-111,130,-26,75,-37,-92,134,14,-202,-78,165,14,102,-91,-58,19,-194,-96,87,51,161,-40,1,139,97,-195,6,132,42,24,-33,46,102,-75,73,77,42,11,158,116,-96,68,127,116,115,70,35,142,146,37,-25,-140,-11,205,76,54,9,164,-55,-151,248,-16,239,-3,121,-229,185,123,63,142,-65,93,87,-230,-6,-56,55,-119,-110,187,137,133,193,-63,-85,158,29,-62,-10,177,171,-37,70,94,21,103,16,43,179,-71,141,-254,3,-57,47,-32,-83,39,68,-185,126,-12,-6,40,63,84,25,79,82,-8,0,-11,38,-151,-20,-179,-10,83,73,-49,304,44,-152,-88,19,-119,41,33
46,121,96,15,48,-28,-6,89,-139,157,60,27,-148,-174,-79,77,-33,142,-37,-155,8,-35,2,169,-21,135,118,-51,-23,-235,-166,-11,60,-130,83,113,-8,-43,55,-134,-94,-111,13,51,196,-151,90,62,-38,11,-65,195,121,-133,-78,-90,45,-44,83,90,38,90,131,57,217,-15,82,146,147,-56,110,51,-49,5,145,-93,-15,55,13,116,29,45,-16,-59,251,-93,33,-53,-12,122,-51,95,112,164,2,28,70,-127,-26,-128,13,-163,107,-56,51,215,256,45,17,-235,-12,-75,-132,-40,18,-66,31,64,91,-82,29,45,-83,-236,-11,100,162,-104,-17,-95,-85,17,4,-38,-30,39,-43,110,13,-99,-59,78,109,173,-6,90,175,-62,-4,-45
316,3,274,-28,174,-166,36,-17,70,28,44,11,-37,37,-12,237,-88,-39,63,115,-84,144,15,124,-157,25,18,-46,44,-26,-7,18,-120,-134,-26,-206,305,-18,7,23,94,277,-147,76,68,14,54,126,77,47,121,84,85,19,59,10,-14,99,5,103,65,64,71,40,-25,73,1,7,19,25,237,279,57,116,-80,57,-19,126,165,-81,212,123,-122,174,-98,-16,107,56,-16,-58,-10,207,69,137,205,68,204,-6,-31,163,171,91,284,219,262,190,-65,39,48,-17,75,-66,218,121,102,51,-16,43,-15,93,4,107,72,17,74,-135,77,32,269,15,-11,185,131,-30,-4,-70,104,115,-13,117,-85,126,55,223,33,20,165,239,113,20
93,175,-71,2,-49,60,162,67,5,19,159,263,34,152,108,163,176,-11,126,-49,-58,18,-50,32,95,87,30,75,101,52,51,-126,51,17,188,135,146,-64,-37,29,-80,43,-130,143,63,-108,130,44,121,167,83,-15,-52,175,115,0,148,162,71,62,156,2,114,-30,-10,88,57,-27,-214,174,114,286,146,200,229,-32,-70,-30,33,-162,-102,86,90,32,-22,-25,153,-77,-24,-22,-111,-36,43,-124,-52,-87,101,-13,102,253,80,180,170,88,25,217,2,103,-93,-90,-45,52,-30,-4,-81,113,-56,16,-102,142,6,91,147,110,47,2,14,78,-56,-66,29,99,77,151,55,-165,-87,78,118,-136,-197,-61,65,-93,-5,0,196,-7,183,17
-58,-265,-122,65,-134,38,-56,0,-49,127,84,32,-91,-18,-8,76,118,-101,33,-44,116,131,90,-116,279,24,-141,55,61,-90,204,0,-11,-238,-55,-132,5,113,-24,81,-70,-144,57,-145,16,58,-121,33,-44,68,35,40,71,-9,-69,-7,138,103,15,342,-76,71,-52,-50,-101,89,19,-100,57,131,176,111,6,98,-3,67,46,-106,-154,-49,146,72,106,106,91,119,-42,102,39,86,11,-35,-56,-28,25,-13,-72,79,39,-210,50,-2,85,66,127,-13,-42,117,-76,0,188,85,-148,105,-47,-54,-3,138,-74,-155,-106,19,85,147,-114,28,104,-18,-141,169,40,159,106,78,92,93,41,99,103,147,-81,25,-21,97,-56,22,31,204,-10,58
115,-65,68,42,354,-65,36,-73,-39,-32,-16,65,37,66,-184,6,-87,-75,-15,5,-55,66,130,26,155,14,213,5,-101,156,94,-43,-75,34,61,52,214,20,62,-207,-126,65,163,14,-104,-87,-123,-160,-91,38,-81,-25,181,-1,-97,136,9,17,9,88,82,192,60,205,125,36,-29,243,221,-39,144,188,-59,113,-187,89,84,222,122,210,44,198,-57,5,80,-34,5,36,40,158,108,-20,60,18,19,46,-186,74,-44,-89,-55,-34,98,-93,173,66,-104,115,101,42,-103,27,177,94,-32,52,-33,-26,288,-1,38,-130,15,3,-84,-56,-72,149,32,56,17,214,-13,169,34,-74,-50,-56,-40,56,-28,78,-29,145,96,21,84,-48,166,208
-39,-41,-124,-129,-44,160,-131,158,132,102,18,7,-85,17,-18,55,67,-52,207,90,70,88,100,228,12,176,8,137,-16,181,-56,57,-28,72,17,327,124,-21,69,78,-80,-100,-66,138,52,-79,32,47,21,-102,92,-143,-77,-5,22,21,13,212,-41,-31,70,-8,-17,-172,-83,15,-27,77,88,379,-86,-148,-22,39,115,108,177,22,-131,219,-234,140,218,31,78,89,80,154,67,-133,30,65,178,17,38,-12,242,110,225,95,160,21,130,-86,261,76,160,171,74,-80,144,-75,-24,-41,48,46,21,-59,-24,92,41,93,55,176,-39,-65,-120,-61,-135,71,103,-89,67,5,188,168,-18,17,-1,53,-105,-20,-7,149,69,-57,31,-159,90,240
55,-50,199,181,1,-91,10,48,171,-176,-41,108,-90,36,21,152,-20,-128,156,-94,-5,28,-50,298,-48,205,29,-282,-37,-74,-73,220,231,-32,-69,-125,60,-150,-27,135,133,209,-45,150,97,28,-46,-114,-33,-49,147,7,-80,32,45,41,-153,90,26,9,23,111,255,113,110,125,134,14,86,7,156,-15,94,88,93,-9,75,148,56,63,32,-8,-86,-56,233,52,245,-104,-42,134,-26,-24,-17,129,55,23,-13,-16,203,182,131,8,229,23,77,117,52,53,27,-42,85,-20,26,-75,32,26,57,181,25,-46,146,-3,-65,48,113,-80,168,48,30,-77,-30,-83,55,-22,-18,21,119,-122,-53,36,-128,22,166,137,132,4,199,149,-67,207
-128,8,-22,23,-22,196,146,-143,19,234,118,86,144,-113,87,157,-48,144,3,-6,129,46,164,-107,71,76,-170,-49,-21,197,2,70,63,124,23,83,-69,-61,197,34,-24,-65,147,-10,-97,94,21,40,121,-60,193,1,29,26,199,89,-83,-87,17,75,110,7,241,85,-123,107,139,-99,-35,143,175,306,75,9,128,15,84,25,-122,154,40,149,90,21,133,140,55,95,-166,-22,12,9,-32,28,-23,61,-130,24,113,67,147,32,66,-72,-45,-13,-27,-27,64,127,108,-115,-104,128,-11,43,-12,16,43,-105,36,239,-60,0,94,99,-81,1,-175,-82,9,-3,-109,122,54,-90,-16,43,105,-42,82,-16,0,-5,33,-3,225,-48,-5,-36
96,146,151,66,-115,-12,104,-52,8,-105,-42,140,61,92,103,116,-26,-189,110,27,6,43,-85,-16,89,174,-269,23,-13,-23,-32,55,48,12,90,91,89,204,-57,19,162,169,49,119,-38,64,183,-3,-4,82,-101,-85,62,-5,10,77,-62,-110,-45,7,8,-18,80,37,-53,55,-76,51,19,1,67,120,188,151,111,158,-59,-1,-34,30,191,80,134,56,-8,-3,-9,18,152,-12,25,50,106,89,101,79,9,116,12,-142,57,37,81,14,-172,47,-76,43,43,-20,52,16,41,62,-155,15,-14,33,-127,47,37,46,181,-153,-91,207,62,-67,111,-30,-51,-25,-78,135,-281,51,6,111,50,-151,-49,-38,36,-224,-116,0,103,134,68,-110
20,119,202,101,-91,-72,-21,135,203,-86,23,210,-120,46,11,156,17,211,49,-7,165,61,-16,241,66,-21,-66,-19,58,-27,147,59,72,112,-185,60,6,151,68,-87,-121,-14,16,170,-60,135,1,91,108,7,170,-93,-95,22,51,187,-143,216,209,35,37,-151,125,6,-22,112,-81,41,182,222,142,-3,34,11,97,99,-21,-78,-67,38,14,79,147,33,39,38,155,198,119,-102,121,125,97,94,236,134,34,96,130,-15,71,49,98,120,59,49,221,94,130,-61,34,27,-52,-161,-26,114,172,133,-54,-66,197,29,-229,-16,141,-54,-6,-197,-72,-24,-64,22,71,107,71,39,171,-80,27,36,-77,68,217,119,155,-231,-205,35,68,111
-4,-235,-131,49,-101,-39,6,-23,107,-3,49,45,111,-26,-81,47,-81,-15,-72,22,-25,142,72,-129,165,92,18,-16,16,55,65,-25,-123,-31,142,98,58,213,211,32,139,-114,103,106,28,10,226,89,-54,-3,17,-102,110,171,0,-24,52,-82,23,-87,20,13,17,-37,-36,-158,101,95,73,-25,-107,1,174,91,81,17,174,-21,122,34,67,119,118,176,77,161,121,28,-25,110,39,128,128,-93,195,74,37,81,73,-73,96,33,-9,36,132,12,-152,-39,35,139,-69,-110,140,36,37,-21,-28,-131,109,65,-115,-29,-148,172,-7,-27,-82,72,-39,62,-104,134,0,58,61,103,94,70,57,269,-5,26,-189,138,-50,-48,60,247,-18,118
95,84,226,115,172,82,194,11,148,267,15,-29,-193,-4,-174,111,74,76,154,-22,98,110,64,86,81,238,73,-169,-181,-50,55,340,108,22,-175,10,-85,34,73,-69,-144,91,225,16,-118,-34,-187,-73,144,-2,-23,-144,68,-64,26,-91,74,152,108,-101,108,85,277,96,53,73,-91,139,84,66,82,114,-175,95,209,26,-6,-31,-18,288,-207,45,-85,23,169,23,104,-27,169,254,36,-21,-70,267,-111,110,64,-36,158,22,90,-72,241,45,86,89,133,113,156,-24,11,-2,-210,-125,-26,57,51,94,29,-22,85,188,-179,-34,2,-152,107,-173,-39,84,249,-9,-3,204,-36,-26,5,94,98,-162,-44,49,157,154,152,93,-138,-64,227,92
30,7,218,-55,90,37,-40,60,118,21,-8,-8,-32,103,-67,57,-42,33,157,64,-82,30,113,230,118,150,70,17,-76,47,-62,100,4,50,-21,136,285,-7,-44,67,43,155,91,98,127,-155,64,83,55,140,45,65,-72,74,78,158,9,-13,145,130,135,75,77,-227,-126,17,131,176,15,116,43,69,-20,121,-24,-5,57,101,152,-3,123,60,78,41,21,88,246,53,-135,42,-182,60,254,368,-112,46,100,17,31,54,268,198,198,98,226,131,160,180,-40,113,154,-24,149,8,94,208,40,-18,99,41,209,91,45,122,35,49,233,277,74,-28,82,85,160,120,-21,173,-5,-39,-70,-102,-114,89,14,132,2,177,96,-82,89,28
71,154,80,-10,26,-46,132,34,34,178,224,8,62,-35,-237,104,-19,5,12,0,0,212,123,85,-1,255,-175,7,103,-4,118,73,115,-39,-33,-104,73,104,150,-189,-3,51,15,75,-121,151,49,52,-50,47,-32,-7,-184,192,125,-33,138,52,87,-160,161,100,131,126,-67,-74,105,-12,127,-27,54,115,-147,160,54,57,175,-41,-75,6,83,67,-167,-115,-93,-105,-79,7,27,150,109,-45,-91,-8,47,-51,20,-50,214,83,-5,-99,102,72,-95,-221,108,-61,-99,183,-114,105,-91,26,-132,-158,68,-68,253,96,-76,-10,171,-75,-110,-79,185,-65,-154,178,-25,68,-31,-145,-52,64,-68,-69,60,8,117,316,217,-186,-66,19,93,-14,6,-13
112,197,-56,234,169,134,71,124,69,-8,161,46,86,178,-52,124,80,-80,-9,-69,-37,71,57,48,-161,60,-48,-74,55,7,-104,182,23,81,-122,41,169,-104,49,6,86,107,56,27,63,50,84,-32,-76,245,76,28,251,49,-64,8,128,43,87,-2,2,-52,207,70,252,47,-51,-152,95,-9,85,207,-58,71,34,14,0,130,106,28,-18,31,-123,276,26,-112,-105,-47,-76,0,60,164,24,37,-97,213,239,2,45,-47,9,149,222,79,197,-126,122,63,40,-206,138,127,320,-64,80,52,4,82,71,228,-169,-41,137,-142,12,177,-56,195,119,40,17,180,-42,213,11,-31,18,116,69,-205,42,114,-23,0,-71,121,366,-52,161,18
-62,103,77,137,60,226,94,173,-36,-3,-70,132,44,100,225,-53,38,31,52,82,240,-83,-98,76,40,-94,-102,-32,-141,-45,-131,176,51,186,126,190,204,41,-120,146,207,167,-68,-81,-59,55,-90,-79,105,-19,-112,-73,120,-56,80,154,-41,41,54,-227,-136,34,8,-201,59,-4,4,155,75,53,19,146,-68,211,-24,38,-37,95,93,-99,-117,102,247,14,-34,58,-14,108,90,-89,-58,-144,-48,16,181,80,23,-104,200,23,75,139,40,-185,-38,-11,-163,90,158,-12,103,104,-106,50,11,82,-57,35,23,101,27,-43,-130,66,204,-92,45,189,-10,21,86,25,-49,142,-176,41,-37,-41,2,-152,49,126,135,48,96,-7,87,140,-55,286
-164,240,128,-6,-164,128,-13,-49,93,34,-21,-155,32,-67,11,132,158,-126,86,8,46,169,82,116,-86,252,104,-112,52,17,-8,91,-15,-19,-11,193,82,54,23,-124,159,154,213,35,-120,41,33,-46,-91,37,-89,-7,-31,16,67,71,9,-31,-21,52,4,192,182,54,11,220,89,-248,49,-51,112,80,46,169,94,110,-14,-25,88,159,0,-33,-175,-109,-9,-124,179,-54,55,99,-100,-86,55,77,1,32,-130,265,-44,-192,29,6,58,1,175,194,128,-112,-16,-41,-44,-54,62,48,-162,23,-165,-111,124,7,91,195,139,18,-141,121,61,134,177,109,33,-31,19,188,28,48,-70,122,1,16,-69,-22,61,-114,-140,122,131,95,71,29
-35,198,92,-32,31,68,62,91,-143,-126,-60,-30,-67,27,-174,97,45,36,13,-142,-71,-83,-40,-98,-63,0,-76,-152,164,-98,33,68,112,58,-28,-11,82,46,13,-170,-9,19,-23,46,25,-55,-54,30,-89,222,21,-141,98,213,-23,35,-57,-82,-191,70,103,-3,-35,59,86,-64,-30,45,-34,5,-16,-37,105,21,-83,-110,-102,96,191,8,-33,201,10,-29,-154,24,-38,179,-36,229,59,136,74,-92,179,-16,83,-129,65,96,-130,-181,-51,47,40,168,23,13,-20,-101,-84,-137,-20,-61,116,17,16,30,210,21,-77,-165,-22,-126,17,-13,-81,-47,61,86,6,31,200,-59,27,-28,107,8,-42,41,17,-53,256,43,-79,58,49,-81,4,-30
-15,-43,0,-32,-139,-83,-28,-42,-126,83,72,67,-97,-116,-120,-85,-293,-102,-9,-51,26,193,-37,19,-63,145,175,-29,70,54,77,-39,-108,-17,-92,84,-195,39,130,-132,162,166,-4,24,-75,49,73,116,-273,-73,-121,13,189,-263,7,63,-13,-19,91,-30,-14,25,85,154,-23,97,17,-93,128,231,88,-27,40,256,110,-62,69,58,-17,101,-105,115,43,187,153,-30,-73,40,17,101,217,109,109,65,243,101,-86,85,-96,-104,-16,-125,27,-165,-42,-132,144,38,79,-83,-6,-256,29,-159,-157,-42,-41,123,-82,-74,6,47,-86,81,124,-56,152,21,-25,56,94,-77,-18,62,-98,-13,119,-61,42,89,17,254,-149,31,110,18,153,70,10,13
-21,78,-195,79,28,115,188,-122,-57,92,146,286,114,-43,210,-42,-18,-16,-19,110,33,60,-91,-126,222,-33,179,134,-187,128,-102,199,291,147,13,138,111,-69,-117,35,94,-12,-36,57,104,6,70,96,-12,-44,134,-33,-61,92,47,50,-100,-25,-99,182,-39,-16,105,10,-171,174,74,-156,7,72,60,112,126,33,153,91,166,63,8,4,-47,-39,18,-20,-35,12,118,102,76,59,103,25,-130,7,105,-4,-32,-131,51,104,105,141,119,30,231,206,-14,14,52,127,-15,10,-12,231,215,199,-72,93,93,7,-45,57,-14,-153,77,-4,97,-83,-10,-15,97,197,-201,-9,160,-58,155,-23,11,135,-191,-39,-26,-104,276,152,82,-25,110,124
-8,-29,105,154,-80,153,-24,301,35,96,78,31,-43,-61,-14,73,-121,85,85,-92,15,-77,33,144,34,35,122,152,-151,9,3,187,122,121,54,26,148,-22,109,14,108,214,-8,68,-41,-55,184,204,33,131,18,-90,232,-192,201,221,-66,-4,-4,128,48,35,58,-123,42,27,-142,-76,44,-2,-164,-31,101,55,82,225,61,-138,170,-23,111,131,135,-122,114,-185,-81,51,-33,20,97,200,-43,256,-134,129,33,22,11,81,300,213,144,-9,159,91,-161,163,4,-18,-186,301,258,13,111,144,-88,-105,-110,7,79,-32,79,-61,-73,-11,-78,79,-69,87,9,276,44,-20,129,-121,-10,-116,-48,38,80,-32,-46,-20,60,-60,53,64,143,140
-16,122,-112,-192,-38,-181,-232,191,-104,94,160,369,-40,45,-40,-33,-25,75,-15,95,147,-125,-90,41,67,40,103,-9,-110,57,32,65,82,-42,81,-20,71,121,103,143,137,-60,-77,12,53,-69,130,-83,85,109,113,-123,233,-155,27,69,-125,283,155,110,-14,-160,81,-95,37,8,-43,-100,-48,81,186,179,52,47,-28,10,-39,3,129,-28,-27,56,232,75,42,49,126,34,201,71,216,55,89,79,68,155,15,-105,22,32,-220,205,75,-60,-87,40,16,229,37,-106,149,-29,39,-8,-109,-36,267,-40,-237,0,-117,17,-214,33,117,-109,145,35,-1,-86,132,128,97,198,177,89,140,41,85,79,171,86,59,85,-170,-72,134,126,-43,-73
137,-30,-48,-51,58,90,-54,-56,143,303,84,53,-9,65,174,127,-246,-41,109,82,-7,96,28,-184,115,204,98,-37,-87,142,35,204,-49,-6,28,-172,-58,98,-56,54,205,140,55,74,-191,35,86,9,204,-42,137,-147,-34,50,59,-78,17,-11,96,-64,-15,76,35,-140,-135,-87,177,84,40,118,249,134,125,268,86,45,-9,-118,64,10,99,35,-120,127,-100,22,137,-159,30,214,-72,17,10,56,164,219,106,102,26,13,93,69,224,174,245,211,-91,-10,8,120,-137,-132,-1,-32,52,-69,32,98,30,-99,-170,68,47,83,158,-158,71,116,132,135,277,44,-96,91,-139,-28,75,-68,96,-67,126,67,135,136,75,-149,149,97,155,80
130,136,-107,-28,92,93,44,26,35,203,233,144,70,63,-119,-19,168,52,-75,30,284,82,214,300,17,19,97,11,144,167,0,107,167,-47,25,69,234,103,-69,2,141,23,290,195,155,156,-4,6,27,52,95,39,299,35,-9,21,93,207,-40,-62,2,72,4,118,128,298,84,-121,-79,-160,195,142,22,-125,127,188,-85,40,58,148,96,23,100,118,19,78,107,104,174,262,127,37,105,-18,55,235,-37,268,113,-245,-103,-82,203,176,145,63,37,148,-117,-7,214,229,159,8,-59,-69,44,-41,-34,61,-61,81,3,-78,256,91,20,72,201,5,109,143,-39,189,-32,107,13,77,127,108,75,187,127,104,2,-4,139,284,85,-10
88,-56,-71,-188,94,81,-11,37,-138,109,9,107,-82,118,-60,12,-13,16,177,-118,54,37,6,264,-39,-219,75,62,25,98,-10,-57,71,-134,-75,136,200,-61,-110,29,71,32,-97,137,60,-30,-97,154,-42,-103,93,66,180,-156,-38,182,23,-72,114,-141,29,152,15,230,111,-33,27,166,148,115,213,-35,-13,14,-76,73,169,24,-29,66,126,73,125,-167,-46,-58,70,79,20,106,10,12,113,-36,-27,-36,-55,72,-74,-107,109,205,163,50,-6,47,-6,123,-21,42,100,240,176,71,43,167,-28,76,68,92,43,-4,16,37,27,-92,-71,8,-21,27,81,119,93,103,-38,-58,41,-60,51,-31,-49,140,50,138,198,-145,91,36,220,133
4,71,8,-170,5,-212,171,169,194,136,66,125,-61,-7,-167,-34,-86,2,205,12,43,118,1,21,89,-32,32,36,-217,272,111,-35,30,147,-37,29,-30,191,0,-149,0,39,94,-49,99,91,-47,-33,-64,-18,144,75,188,129,10,92,-134,213,16,-107,108,90,191,205,-106,81,87,-75,284,31,-59,-105,-66,20,-2,63,118,-27,38,92,25,10,-7,-62,11,-29,69,5,222,-59,245,97,70,163,117,73,-102,131,-43,30,154,183,116,-38,188,158,73,60,122,-9,-82,-179,1,-44,-136,-32,29,-19,87,-69,90,11,39,102,38,-119,-32,-48,-87,-49,45,159,35,48,77,25,112,-48,6,60,80,-43,-74,159,139,66,20,18,157,238
143,109,87,64,8,-198,120,-5,0,-184,109,-6,86,220,-63,42,-109,11,142,173,41,68,10,100,176,20,94,-50,1,116,6,-11,11,27,25,66,178,127,-30,63,57,13,60,78,305,22,70,-30,181,96,-9,106,-42,2,49,-111,241,153,-10,217,108,-123,-93,-8,-35,91,81,-71,-25,48,61,-72,-94,98,97,176,54,-16,30,38,-77,-62,-21,-51,-185,-115,117,145,38,159,13,-33,49,-110,-19,-39,-178,-77,-56,56,77,-126,156,-219,74,87,-37,152,-75,181,84,-45,-22,27,28,129,80,-34,67,30,21,76,220,2,-51,30,-15,-82,114,136,212,108,-52,159,-75,-77,100,51,247,18,7,-18,115,39,85,139,-31,-241,31,66
23,-103,-12,138,-18,-89,11,-16,-43,88,-34,140,-237,-58,114,-90,137,12,78,143,169,127,-38,78,33,-54,201,-52,78,-18,33,91,-52,-63,-32,-74,-31,38,-12,-75,154,61,47,-122,-32,-114,-67,18,28,64,-41,65,14,2,-149,-18,-22,30,158,7,-10,29,9,-30,-126,89,-95,-30,54,9,113,-7,10,-14,62,14,-1,18,9,132,-10,12,-121,129,188,-100,104,-286,66,42,330,145,230,-23,130,-7,135,143,74,50,80,198,105,-113,3,-6,-7,189,-70,139,-66,-23,-56,-74,-90,-2,37,71,-6,-90,50,159,-117,44,96,-39,222,68,-1,97,118,34,102,-15,42,120,97,131,-33,111,-175,4,156,112,-72,28,124,118,54,109
64,40,-75,128,101,463,93,-65,42,157,-83,-160,0,-4,-60,-60,100,68,-93,-41,131,30,131,101,-50,49,0,154,124,94,112,27,119,147,57,147,-75,-15,150,-67,-74,-61,61,-158,135,4,-64,69,104,110,70,33,-52,108,93,-26,112,2,198,87,-85,-38,48,-86,105,70,-70,-26,65,60,-56,-99,-16,-138,-8,79,-72,26,77,28,-123,74,119,27,-7,107,36,117,-3,165,113,-2,-37,41,29,53,37,-16,160,-46,51,19,-46,-81,215,-24,270,-12,-87,-51,72,94,-12,5,127,41,-85,-175,56,-1,72,72,33,-31,104,-17,73,105,64,134,56,50,101,61,49,42,-173,192,69,220,68,14,-10,80,44,-4,25,117,21,-143
85,27,-166,-137,87,168,43,-103,2,5,-25,119,131,82,-63,90,-102,-91,354,-88,-61,-71,-86,76,-60,26,74,24,57,216,-43,36,62,32,71,-113,78,95,-52,-15,-91,9,-168,-28,126,-74,104,117,113,-160,-20,-45,-144,83,33,25,55,-123,-127,-129,-3,-59,131,-96,17,-76,47,124,102,-95,-203,26,146,-52,227,123,42,-33,-67,86,-26,80,-50,-14,133,-44,86,95,-6,137,-39,69,51,133,-41,41,-6,127,71,180,101,55,227,-74,122,71,-20,-9,-140,183,187,96,3,-17,-93,-57,10,6,87,85,-42,-69,-47,26,267,60,-26,-57,-86,63,105,-18,-67,-33,129,-20,57,66,63,-48,-64,98,-13,109,74,27,102,-16,158,140
19,192,16,-127,-89,63,58,-139,-6,-100,50,8,49,50,88,-77,-132,-76,-135,7,-64,145,4,-24,-35,-108,-77,34,60,-61,-233,38,48,144,-107,-75,-40,121,-10,55,125,113,-68,45,-25,-112,110,184,-188,13,11,0,177,-185,69,-34,70,-184,-59,-132,-107,-84,133,208,-80,24,97,-238,124,-178,-106,22,-32,-25,-26,-78,-105,73,-49,-58,132,-59,37,-44,21,-133,-122,28,-320,47,-31,25,82,187,35,54,-26,-49,-61,-70,92,-45,-50,50,14,64,-36,-204,-39,249,139,-82,139,11,279,-62,25,264,-145,16,-50,-107,-150,-89,-83,38,-7,59,-21,-29,-116,-88,-227,84,-76,-33,-38,67,-41,23,45,31,-66,61,-140,-25,84,-15,-106,-138
-115,-201,64,-44,36,-58,12,-10,55,-67,115,150,71,84,52,31,60,-203,56,127,4,-176,33,63,118,94,203,122,13,123,4,94,65,140,-224,262,40,16,4,53,-118,-66,-1,171,63,-15,-28,58,116,79,-60,-106,147,-107,126,97,-19,-49,-63,22,191,-74,88,98,-124,2,-29,-45,-112,-6,-5,-28,-32,50,101,-26,-108,-85,-31,-52,-198,187,122,37,-43,187,204,191,253,-46,-18,-57,41,142,-91,24,71,-8,106,110,4,-86,98,54,22,127,69,195,23,170,28,38,162,61,-21,133,29,-41,-142,132,-172,-21,-131,236,199,212,-205,-73,139,42,122,77,7,112,20,-40,72,-34,10,-7,27,43,-81,56,125,16,-119,-118,144,12
10,135,166,-30,209,178,-15,149,72,246,43,81,11,84,-56,30,109,104,76,-31,-61,41,60,119,81,173,96,63,79,-40,47,7,-89,174,65,-79,56,120,35,25,51,228,82,24,-47,45,50,-76,201,4,131,48,30,69,173,-72,104,13,141,46,40,389,-148,-38,95,111,-49,55,109,48,221,43,-29,-7,-28,89,-16,105,-39,-25,14,-85,79,90,-219,42,87,80,67,315,-114,-36,-50,-1,-4,136,51,77,255,-1,0,95,153,101,-75,159,-55,-40,-66,34,50,171,-160,63,-29,-7,17,161,-94,-113,55,-6,22,-72,201,38,194,-72,355,146,127,145,142,161,-31,126,110,-45,-68,55,204,214,229,-24,142,-261,-66,46,64,20
-113,165,39,44,-70,39,-39,230,-12,386,160,33,-138,-126,-119,-37,82,-24,-76,3,56,57,-17,90,33,-60,31,15,21,91,144,101,126,81,30,-14,317,14,160,-11,119,148,53,113,-63,101,56,-214,-163,87,-61,9,190,154,98,69,67,134,109,26,142,239,-150,179,119,88,-9,-19,172,85,27,44,105,182,191,178,143,-72,160,18,-69,201,-76,75,65,-105,-39,17,191,-95,47,83,109,171,171,171,-44,112,8,65,-89,-24,144,109,-137,-57,146,245,23,90,50,-29,-18,64,-44,-74,98,-109,-37,-31,24,-45,51,31,30,29,-104,75,142,99,-57,303,4,55,178,87,137,-4,161,9,141,20,-68,127,-13,104,60,199,228,4
-3,-21,-135,19,96,10,-2,45,-156,76,6,78,-39,-85,63,-17,63,-4,115,-50,187,64,39,-91,106,51,105,96,-71,23,-105,-1,12,-29,64,109,5,34,-63,46,256,-36,1,94,173,72,-86,98,4,-40,-173,-80,-10,-139,-6,72,-92,220,4,-10,12,209,95,-33,96,-52,-61,-61,-103,214,42,-41,152,1,155,6,-182,11,47,29,-58,3,66,-53,81,-65,168,-70,134,-41,62,-160,129,103,68,-85,-36,-74,-97,31,-138,57,61,131,38,313,52,-45,69,-96,-117,40,9,135,-112,112,6,16,-113,57,173,-6,89,-77,87,39,-88,-102,37,-110,-107,85,60,116,7,87,35,25,152,74,-230,-133,-271,105,-152,113,20,117,-52,45
15,174,160,163,64,-59,19,62,-102,44,24,210,69,-69,17,31,50,66,-8,81,146,61,81,186,0,174,-11,-94,-55,85,55,146,43,65,207,63,50,101,47,-176,197,139,120,2,65,253,184,-173,151,95,-123,-55,47,27,52,38,-71,-61,-5,-20,-25,133,120,121,22,54,113,0,219,-31,22,179,32,38,-37,-16,-28,153,102,166,15,-47,16,8,-60,181,105,148,189,90,48,92,-18,-83,62,138,-39,-45,139,4,-28,-110,152,188,-3,227,-109,-72,112,94,-63,-138,-19,88,-135,66,49,-32,125,205,-37,21,27,-198,33,33,55,5,17,180,3,201,8,165,-33,134,187,-75,76,44,26,150,54,-131,-84,142,118,37,-121,-63
161,-145,7,201,99,77,117,-57,43,199,84,-26,19,97,159,-181,-39,80,84,143,77,245,125,-113,-80,117,-130,101,100,91,101,131,232,231,127,-35,-77,-53,93,36,86,25,-29,-42,-89,33,35,237,6,112,22,-78,91,-62,145,-80,-150,-49,2,123,184,-106,107,5,27,14,-95,6,10,4,-187,211,-152,-140,-28,57,-22,-151,102,-35,-164,135,-94,-86,-21,-38,-24,123,110,-73,111,-135,-97,-32,40,130,173,-133,42,82,-78,111,-57,-45,183,5,-18,-31,65,244,94,83,263,68,75,-78,73,3,-24,21,-178,-49,52,-35,62,-92,62,91,-167,107,70,-92,-11,137,-45,-54,-18,120,-15,76,162,150,3,156,-105,-85,48,135,2,64
224,-80,291,97,282,-206,-69,-123,185,-12,-79,128,5,112,160,34,2,72,61,81,-13,127,-62,243,-89,-49,-82,-202,108,-23,76,152,3,1,-28,35,93,-90,-54,-108,69,261,-44,-1,83,-97,76,5,63,63,237,-57,37,-134,170,-14,-70,62,54,27,-2,-79,-2,-44,-21,76,-90,-4,-124,109,134,138,168,-1,-127,-32,14,57,148,47,79,-72,46,-17,-153,41,23,343,16,-36,140,122,55,-12,95,50,63,-88,-31,92,96,27,123,19,253,110,153,13,63,-39,-13,41,-11,-33,73,121,-138,225,68,141,29,64,73,-118,104,73,139,46,99,-41,32,-262,92,151,23,-41,-27,125,-104,94,-71,3,184,123,-40,20,-20,71,82,16
-40,51,37,67,-80,-62,-152,144,67,-15,126,-56,-23,34,-73,13,28,-33,131,150,-196,46,48,-76,-77,20,203,-102,100,-55,35,45,79,131,-28,141,161,75,203,174,4,-96,102,-32,-137,-46,80,-40,-97,117,20,-53,68,47,74,-69,-22,154,55,251,163,-25,-147,85,47,-1,-109,26,-182,-126,97,182,14,21,-33,186,108,-8,-5,177,-28,73,-88,31,66,-157,-64,-48,59,-16,155,-3,-57,-3,16,-129,-104,30,143,-19,46,18,-70,40,157,-20,16,61,-61,175,69,221,40,192,-154,-51,86,124,88,-4,-88,1,108,47,-33,-35,105,22,-48,212,78,164,32,115,92,79,-31,149,-234,43,-49,87,37,137,106,61,-60,-13,178,39
-64,67,-1,141,23,-12,-88,-50,157,59,27,158,8,48,136,7,200,-187,42,2,203,31,28,181,10,39,99,64,-29,34,-126,26,-141,155,-118,5,38,-13,-82,168,180,-5,124,-18,-92,127,-59,64,-42,85,98,11,28,4,-14,161,-21,161,-7,64,6,4,119,46,-106,167,-75,-94,125,51,5,14,22,140,59,-153,20,155,57,97,-32,101,156,0,237,-37,-76,210,-9,-71,-82,108,107,103,2,23,112,184,-201,137,-15,24,86,44,188,4,55,-53,102,117,123,-61,106,-2,-59,212,17,52,-11,-106,3,64,-158,26,124,185,-66,39,-15,48,150,165,-15,29,61,28,92,-40,110,17,37,61,22,267,78,110,46,101,187,166
-60,152,211,-33,99,-63,-140,-99,186,287,12,172,152,-3,128,-182,56,-31,230,76,34,145,202,-32,48,116,-199,44,173,74,47,225,-176,148,143,84,203,73,260,283,176,102,-53,-20,2,-33,239,17,-58,78,6,49,125,106,184,14,249,144,40,6,93,-61,186,-90,45,142,-76,-141,172,103,308,356,134,101,-17,139,-11,94,251,134,110,-28,-84,272,-142,-20,-76,274,-35,18,32,71,-126,37,-53,-110,202,-54,113,32,-66,157,184,12,-140,-9,36,73,140,184,202,303,99,27,-47,1,-9,171,106,81,-27,119,81,20,78,66,176,151,-125,243,-51,229,66,241,-48,46,307,35,172,-4,162,-48,-159,105,-12,-70,167,135,250,105
6,22,-101,-94,-128,177,-70,160,-103,-56,70,-43,57,-8,-268,47,-15,8,-157,40,-102,-224,-67,-125,1,-248,57,-117,-41,-36,-153,-62,224,108,-261,-40,34,13,-21,-51,-26,109,71,-84,-22,6,-55,18,-37,70,225,11,46,43,-39,16,52,-3,84,85,75,-129,-124,-23,-19,165,14,-112,-48,-39,-36,-77,-153,-105,47,-59,-14,198,-61,-92,-140,49,91,-147,81,-79,-69,40,-343,103,-76,138,-135,98,137,-23,23,-44,-128,-99,95,44,9,-36,25,-27,-23,-124,-27,36,184,-240,-100,99,41,36,90,75,12,-88,-38,-51,-246,-15,11,43,57,53,56,8,154,-84,34,-81,145,79,98,-29,116,45,50,26,169,131,-47,41,-174,-21,-11,-188
41,-28,55,133,136,46,-109,13,76,123,-39,120,249,124,16,-15,-6,65,121,44,-44,27,128,212,26,16,-159,-4,93,108,170,31,122,108,2,-129,238,-33,-30,7,110,116,22,-31,173,100,-99,-16,5,182,80,-54,-25,306,156,37,-52,73,115,58,-64,71,-132,-67,-40,-43,128,113,114,13,-154,19,103,139,76,160,-128,42,102,-157,15,91,-174,35,-68,51,-51,155,63,-40,33,21,3,10,-91,44,-55,-122,-45,186,-18,57,49,1,131,-148,-193,16,49,127,69,152,-22,122,44,-7,-28,61,120,17,115,-67,216,-142,-120,108,-101,101,6,221,67,154,45,-83,42,144,-73,59,46,49,159,-67,69,-45,22,172,58,122,41,12
79,52,10,-12,-66,282,59,-70,7,244,78,-105,62,106,-101,47,53,13,-46,-90,-54,-106,34,6,2,-20,37,-4,-137,198,88,25,206,14,-76,-74,86,85,-46,-29,-59,13,96,-144,95,100,-134,69,141,-42,21,-87,-5,121,-73,-26,-5,53,-20,-22,-7,101,54,96,-63,90,81,44,76,39,130,-91,-44,7,56,206,57,165,-105,253,-209,49,64,-189,123,-86,93,-4,38,175,146,-18,-153,-33,60,-160,-100,34,137,19,196,77,144,-54,-102,171,-47,-49,84,152,-8,6,-221,102,-59,-18,-83,-41,62,-78,-19,147,72,11,12,96,39,113,35,138,66,10,47,77,15,255,-52,85,150,-86,-196,55,73,-71,-123,43,91,31,103,-132
-53,68,11,188,-91,104,27,139,-53,-102,-25,235,-23,-1,-149,307,47,-41,-51,112,-15,-23,-170,11,19,-59,-28,53,59,-135,148,-58,198,-9,15,-7,-33,-146,70,-46,53,161,-30,-101,40,89,38,94,104,-14,76,12,149,3,-88,98,-109,-3,115,-3,45,-111,66,-118,36,10,-136,120,121,116,-116,84,104,-39,48,67,-62,107,125,-46,-52,181,37,-44,-77,-164,8,-8,-108,-60,170,-23,55,-61,178,77,-108,16,21,-47,58,98,-31,-95,-51,-181,-277,219,52,88,-91,12,27,-41,73,115,56,-40,39,19,-108,16,-36,-17,-41,216,30,-57,-33,163,54,-111,131,97,85,36,84,24,-76,110,125,146,121,1,-183,-90,-60,277,-242,53
38,45,146,154,124,185,-26,36,119,215,-21,61,-130,-113,116,-1,46,-65,192,-47,128,-134,164,127,-98,283,-160,-115,-128,15,133,156,-69,-70,-155,-107,-28,-98,58,136,144,56,-19,-88,-74,16,-130,-98,-83,67,157,13,220,-4,-32,-122,41,38,50,123,94,152,52,-156,51,19,127,57,43,-66,40,130,19,132,133,-64,-129,-15,-2,76,41,92,21,147,123,43,-28,43,163,-5,-121,33,-22,224,108,178,1,157,244,-87,9,-46,118,49,150,73,-79,189,-86,-197,81,198,-32,-59,69,-30,84,-99,-56,-142,89,121,96,-14,-51,-87,195,158,-11,83,-24,-132,115,-74,-20,13,104,49,52,-39,129,-7,79,64,75,-113,231,99,150,112
181,178,183,166,161,123,-27,-42,176,71,-51,124,91,126,58,210,119,119,161,85,40,171,-38,127,-42,81,-63,-86,120,122,3,-23,28,-96,141,151,142,219,0,-94,46,8,171,-92,-208,40,125,35,92,24,132,92,184,237,137,-12,-45,195,173,-62,-126,-38,203,-36,-166,49,-9,79,130,63,138,281,-2,-27,22,135,-91,61,7,-13,48,-129,-108,79,50,-97,82,-53,92,115,230,-92,128,327,-44,243,94,28,264,-9,112,164,279,56,109,-14,66,45,205,-52,297,245,-55,-42,-131,44,45,130,63,42,107,-136,-33,87,-106,50,-63,46,67,102,72,141,88,138,26,30,-85,247,23,82,46,-20,-67,104,29,117,108,179,175,14
49,43,80,128,-45,62,-9,-205,80,-19,25,-62,93,217,-12,-63,93,-30,134,266,47,114,56,198,-17,69,-33,83,86,-3,-111,94,-144,-44,-58,-125,111,-31,94,109,-51,85,-118,50,-17,-104,-108,82,52,0,-125,192,-8,-34,-11,-3,8,208,39,60,14,58,67,104,-78,58,-57,-77,-3,-17,88,-42,-38,43,14,-23,-200,-2,-256,-76,42,-25,-90,43,-41,-33,140,128,26,12,36,-75,-50,13,11,-83,-23,95,7,-10,90,-4,-6,155,-14,99,148,44,92,-114,118,16,-7,-53,75,17,21,78,25,-109,179,15,-42,44,1,18,87,119,218,-38,-72,-4,37,211,-53,-75,143,-264,-158,-105,-31,164,106,35,-55,11,-10,16,88,118
109,234,176,-59,15,26,-221,167,-5,-26,-1,119,57,-27,1,142,221,52,-74,74,-72,66,-120,96,-68,156,179,-22,-15,19,-231,213,-18,-25,30,88,20,36,11,64,269,38,-9,-28,-9,-36,249,-82,146,49,-203,-52,-86,-2,-9,-13,83,-31,40,-66,59,98,210,-140,147,82,-121,-140,-76,0,202,60,125,72,39,-95,76,178,234,121,-205,-17,-33,70,12,42,149,-52,206,40,-68,-188,-34,136,10,69,122,115,244,-129,-113,-78,61,-58,-4,25,77,-90,5,-152,53,-78,-13,-11,-203,-49,204,129,-180,181,-74,-8,-16,352,230,-156,100,50,-19,87,39,-24,191,139,-107,47,164,-38,14,-42,100,151,-116,47,-93,6,6,92,90,37
-117,39,-139,-68,-39,59,164,-5,79,65,9,-6,65,-20,71,-48,-43,80,-15,5,22,132,147,8,32,-5,138,33,13,5,-39,40,-47,60,-8,166,59,8,229,0,9,122,-92,-29,301,-117,-50,101,-21,123,-42,27,46,114,-70,8,143,106,86,-64,68,32,88,-138,40,-50,65,-28,200,-90,-50,-38,45,116,67,102,40,74,-62,-104,37,186,-37,135,-56,164,-51,133,-6,66,5,220,-11,-100,-92,-186,28,118,-179,69,198,-22,-131,30,9,-7,124,32,-69,-25,-55,60,31,135,70,-76,7,-28,123,93,215,66,158,-112,40,-105,10,115,-26,102,100,132,-82,88,50,150,15,-1,-1,73,-21,41,57,-16,64,148,190,62,63,92
52,101,182,-22,125,-49,21,-27,113,219,107,-3,49,-113,-78,-31,59,64,67,109,52,-101,60,181,63,117,-157,-49,59,112,-49,-65,-37,-1,36,37,42,0,113,-9,-124,-3,-181,-65,290,-81,-10,-6,-34,43,18,176,21,-50,26,-195,90,57,218,171,14,60,-23,37,122,-38,3,-33,142,124,100,233,-105,50,68,-48,-117,41,122,-35,192,173,-22,195,0,-29,-190,196,47,6,-18,207,-30,40,210,-38,25,-223,85,105,172,-3,-10,24,-17,105,103,253,21,-86,46,176,-19,83,143,-199,17,-72,176,177,160,22,131,-152,60,27,145,-43,-54,147,-275,66,83,-79,57,-68,32,151,190,96,-17,-35,-97,28,47,81,90,91,75,-86
44,131,-2,121,199,-78,-46,-7,12,-136,59,97,-128,-54,23,0,-143,111,-45,52,80,-51,-161,127,-113,11,1,-63,-29,14,-248,-38,-109,-45,170,51,95,-27,35,209,186,53,93,75,214,-53,62,-156,44,-31,174,110,47,-134,54,46,-84,-23,73,-97,-92,-85,202,-86,25,49,-34,-29,57,-186,-3,-61,81,-15,-4,24,19,-92,157,-170,149,-64,80,128,-34,92,107,-32,-69,-116,134,136,70,19,66,188,94,56,43,51,-100,-19,164,108,-56,-60,18,76,23,-77,111,41,90,59,13,61,98,-87,26,19,-26,7,84,-129,79,27,-54,-68,99,-242,-126,82,-36,1,-57,-16,55,205,35,53,78,-34,39,-28,-176,0,160,121,-3,-23
35,-65,-6,8,-51,258,71,-54,-139,-26,34,-38,62,126,142,-227,118,-10,216,-28,58,182,-19,112,-86,107,5,59,67,45,-45,240,69,63,-74,113,135,-41,75,-165,-111,251,124,-27,2,62,1,76,-47,-51,18,69,-103,104,14,82,-78,137,-45,115,-266,95,112,-128,-31,285,48,-38,18,-14,32,103,32,-54,158,47,-26,-96,-93,132,-54,-82,-93,-58,86,12,116,-55,-183,288,230,3,119,87,-168,-50,-21,61,88,112,164,-69,192,83,181,170,32,85,174,63,22,57,58,21,141,43,-93,44,-21,-4,106,180,137,-257,23,139,-6,40,233,104,117,37,39,119,88,-42,-69,-44,-66,12,-12,95,-40,-26,29,64,138,165,138,58
-29,153,173,7,19,-33,-49,126,239,275,-35,-2,-50,-97,81,166,-77,67,34,44,54,59,-55,222,6,148,68,12,38,68,155,-38,-2,63,132,-114,119,-25,-36,77,-7,166,-84,-6,29,-111,26,-53,69,160,209,-13,-105,-127,143,111,-147,9,-7,28,44,169,70,55,115,39,-217,160,162,3,61,148,86,267,-91,14,72,23,-12,93,-86,92,-110,80,-34,-11,23,128,19,-185,182,55,168,20,13,110,43,49,159,74,-6,17,-14,-30,83,167,102,17,50,101,-98,47,-146,30,9,-19,72,-39,193,-91,-111,17,85,147,84,-192,-172,57,-45,204,23,155,-123,161,145,-39,69,225,42,148,-82,127,43,311,-81,73,7,91,11,131
-3,0,108,230,30,50,-37,94,-107,130,-76,122,-17,-54,31,96,-77,-45,-1,-10,89,-63,54,8,-12,35,-34,-78,149,94,5,74,111,58,34,126,100,89,8,-127,-29,37,-9,-22,-32,-31,183,-48,57,56,-113,-94,18,-20,-49,-96,-93,51,164,70,53,42,-15,136,118,-84,196,-45,62,131,259,82,-98,95,-53,-69,121,130,-8,30,-237,66,89,-66,131,98,28,116,-77,117,23,-65,47,-12,33,6,24,-6,49,-58,43,83,71,-128,145,108,-14,148,23,-33,-67,127,-17,100,17,66,143,-52,15,-21,-66,-6,-103,-48,19,28,-11,65,-113,32,2,48,140,28,-56,78,-83,-29,32,-30,91,68,148,11,139,12,178,-5,-162,107
-55,141,115,-2,86,-3,-70,48,72,77,-109,179,157,-25,-55,121,17,-73,115,121,-112,15,64,-4,86,-10,131,45,70,261,29,33,-55,133,226,89,69,123,169,-7,150,112,-47,-17,-66,-57,305,-32,111,-39,134,-21,6,80,171,174,84,-30,46,-38,115,-23,111,-48,59,-41,-13,26,93,22,23,176,138,122,-33,82,37,123,161,51,-109,1,119,294,-100,28,-36,168,9,19,47,102,-125,219,-7,126,87,93,-29,-18,136,140,17,-140,12,-51,-187,138,-169,141,-75,187,25,6,70,50,42,-76,-83,133,15,26,141,135,336,151,-90,48,-19,119,73,356,13,155,138,99,71,53,-18,5,247,48,53,102,-8,39,76,106,1,91
153,77,158,-29,82,48,77,149,29,137,36,24,16,8,-99,172,104,-78,111,42,-56,-45,92,165,134,17,151,-83,47,128,138,-87,37,-145,29,-36,-54,13,-104,17,-28,-40,-2,45,177,-27,91,282,-111,-87,195,-10,2,4,107,77,-100,71,202,-16,-100,-80,-16,-75,86,-220,99,103,-181,178,36,-78,2,8,-40,-83,-54,-48,143,22,-57,81,-47,49,-89,63,122,26,-51,-70,161,-12,-53,209,102,200,88,-163,-63,18,166,312,79,-45,153,111,-82,-31,-77,-171,51,266,57,1,261,-65,42,-40,55,63,83,-41,93,-37,97,-94,-127,141,-242,95,-59,137,9,-17,147,2,116,125,50,53,79,115,47,26,-32,-59,-9,3,-129,134
101,124,104,131,169,16,22,14,27,-105,58,128,-50,-39,2,110,-14,88,-10,-96,88,191,19,131,65,101,94,-204,-125,108,-5,203,130,-29,48,172,65,58,134,-131,-14,29,140,29,-114,29,15,-6,89,22,-95,34,131,-147,73,44,-15,-42,6,-142,147,200,74,164,-35,-85,106,170,7,145,86,38,111,85,108,3,167,296,249,56,17,98,101,-199,27,-102,299,96,105,6,82,31,278,154,102,46,-49,103,61,-4,70,-85,391,59,20,288,46,11,19,33,-25,-99,-15,138,-114,167,241,67,49,-20,94,22,99,-51,-39,14,149,151,-15,-40,-10,18,156,234,33,64,13,-197,75,-76,-133,127,104,-24,47,-43,193,38,217,132
52,3,8,82,-56,-114,91,13,58,-37,54,-7,11,-112,-31,-5,-18,78,115,43,63,223,46,-3,133,-82,79,-85,-67,9,136,274,-68,137,-60,-133,235,24,104,-53,125,101,14,45,18,71,-7,161,-178,167,-18,-35,101,184,-14,22,13,111,-190,-47,-57,-77,234,78,-129,1,-95,-137,33,-16,11,45,49,38,104,108,-96,13,39,111,110,51,17,-93,104,77,51,45,16,-54,136,262,57,227,-14,167,14,51,-105,109,4,-64,-100,16,-71,4,44,126,28,242,157,-50,76,89,-52,132,101,52,141,-216,141,13,-137,68,-51,-42,33,231,-71,78,-39,80,-171,278,121,55,352,16,107,75,-4,136,-77,229,69,63,191,-86,115,145
103,-98,220,27,-95,113,-43,11,-110,7,44,-41,-90,-91,52,-34,45,-51,203,41,54,-50,59,301,-26,199,-12,52,30,62,-39,53,-146,-121,61,-19,25,63,-186,-133,35,99,29,165,-62,158,-78,-27,-26,-54,-4,83,36,-83,-45,122,31,-16,60,62,-8,71,0,-31,46,-125,-106,242,16,64,18,14,-24,73,-61,20,-73,77,0,-12,-92,-22,227,31,-56,135,27,-28,134,-3,-41,-17,75,81,80,35,10,-64,-16,-76,-11,110,82,-146,-70,154,-7,116,18,-95,144,282,1,127,4,-93,-158,130,-71,-101,25,133,185,61,119,115,17,-141,-181,-60,72,33,134,45,-146,74,-59,7,-40,-73,-40,17,-8,-25,13,-10,-76,17,92,-34
136,90,50,61,236,56,-155,159,221,102,-93,39,17,113,46,154,69,-38,161,30,-58,-76,-73,78,-6,-58,69,-24,-76,136,-204,7,3,53,15,-65,179,-62,-124,251,-2,-53,88,-43,-60,-69,66,134,132,-46,-13,248,12,-133,64,191,-25,63,-34,1,42,65,69,-56,123,35,-178,130,46,-102,-79,50,22,-99,46,19,-36,34,-45,174,-1,75,95,-198,72,-112,112,-69,19,-69,-59,1,108,442,-13,46,155,149,48,31,-34,231,103,-34,24,96,-96,20,44,104,257,-3,159,90,-21,169,92,77,69,-57,-25,-94,-24,-7,101,-25,-103,183,-79,-71,81,97,17,110,38,-41,38,46,145,-70,-58,101,45,333,-200,-180,-32,91,187,72
-59,189,310,-42,58,120,129,50,156,103,148,140,84,27,96,-76,119,5,-147,-93,90,-33,127,55,85,40,-251,-4,16,-38,-156,374,130,56,-27,16,111,-61,49,150,147,80,29,127,-65,45,-39,77,15,43,181,13,99,22,217,-94,16,63,184,-18,118,-39,265,126,-63,194,4,-35,67,51,118,129,116,23,77,-40,57,168,196,187,-23,84,-25,-14,-52,61,-58,110,57,-85,93,-4,-77,-56,6,65,98,77,132,-25,-25,32,84,53,-16,159,174,79,93,-110,114,16,238,99,106,42,35,60,-7,41,67,128,-1,14,108,-7,32,-63,29,48,-116,-54,14,148,-49,88,-51,87,-64,-23,134,97,-31,-112,-90,115,-5,-34,123,-227
11,95,111,-181,119,30,101,-68,158,-50,87,28,-160,52,-2,90,-64,-262,-69,-13,27,-45,21,-92,-241,111,-93,44,-4,2,-10,50,97,-126,-42,-2,-86,11,96,39,-83,-62,33,151,-41,56,-11,86,36,63,103,-33,71,85,18,-30,-35,-67,-129,87,33,-44,71,61,208,45,-96,-24,-89,23,151,279,73,-23,28,-89,108,198,89,-77,190,-3,-58,241,-37,-52,89,57,83,79,-73,60,171,29,195,-45,-21,0,-49,-213,138,-50,65,47,31,-135,88,76,-107,158,-47,-59,28,-47,-12,-45,83,-81,23,125,-144,73,102,144,179,-57,98,-11,-8,-29,-50,-37,64,-114,-44,41,33,23,-15,77,47,148,-89,187,15,-173,22,66,139,-94
-100,-76,-25,90,-7,-148,65,-58,5,-63,25,8,99,42,-104,-51,-16,106,135,-60,-113,31,15,40,-23,174,-137,-38,45,98,-98,-42,-175,43,192,15,-41,-26,85,-46,-63,108,-15,74,-106,-54,78,-153,-64,-110,19,111,-87,107,18,-91,15,-3,-2,15,12,-58,117,-3,96,103,101,-123,132,-142,170,63,-67,9,21,-1,-55,132,-41,-52,16,-99,-59,21,-100,129,-86,17,33,-142,25,-35,23,168,-80,141,9,174,83,114,66,-16,193,-53,149,-68,15,111,-109,-21,128,12,90,34,92,17,-10,82,-153,194,174,121,-25,115,-29,140,-35,-73,-5,-118,-107,-41,-161,7,15,-64,0,42,145,-71,-104,-75,-190,-37,82,45,224,82,120,51
87,54,-65,93,45,-62,22,172,178,183,78,86,0,23,9,-247,-112,67,162,56,206,132,-66,66,-11,127,107,88,-34,295,101,90,90,252,-113,148,201,-26,117,-134,112,84,194,-62,199,-103,68,-34,-38,49,-53,72,44,-103,-20,134,20,141,32,121,-4,82,-7,-27,98,133,-112,130,149,133,78,-50,69,56,-81,177,63,71,46,112,-10,253,19,32,18,-43,147,153,150,-14,132,215,25,71,-10,148,-34,69,8,-39,49,-50,-61,-21,174,15,221,257,-11,142,77,120,127,83,-23,85,69,216,155,118,9,-36,20,53,57,-56,59,120,75,237,38,39,-4,-7,124,-4,32,94,219,219,82,188,82,247,226,111,5,157,224,282
96,-31,-42,-70,-13,-29,-121,-19,192,-2,-13,168,45,239,31,1,86,-228,197,142,-64,-49,41,120,180,123,91,104,-50,-112,-49,-67,-55,158,21,71,211,-24,43,200,66,89,-105,-39,-41,163,67,-142,44,231,18,68,138,-12,98,210,-63,14,41,186,164,2,138,-132,43,136,-89,-70,-124,8,-36,-22,106,10,127,92,67,143,143,27,-15,129,24,45,-50,19,3,15,18,-4,58,-78,-115,167,80,30,-64,79,-27,80,-59,297,165,54,1,77,-77,24,68,-48,94,90,99,71,-32,34,-200,37,-81,114,-35,-12,35,273,64,129,-42,69,225,11,-9,200,-49,165,111,-180,234,-135,-56,118,7,69,33,-18,-105,-8,-112,243,17,177
96,66,283,165,38,-112,-132,118,212,140,32,2,42,-26,-11,147,58,0,201,132,-205,100,160,139,133,60,149,30,98,133,143,20,-267,-13,-34,15,381,-114,187,133,-131,13,-138,93,151,216,219,35,219,-32,54,-94,146,5,81,52,-34,99,65,-135,162,68,-21,87,83,65,70,-40,42,-58,-75,-22,47,47,28,72,-169,-35,135,17,-108,153,-59,-42,65,-113,173,-18,-145,-97,5,-33,83,106,170,84,134,42,138,98,159,32,380,251,193,94,161,-10,180,153,-24,-193,257,67,112,125,75,-92,158,-31,-29,149,116,60,-83,60,-97,208,137,-3,-104,129,55,87,225,-116,-20,94,8,-100,107,81,-20,184,-6,22,91,-14,97,189
127,-9,-33,19,8,-43,-74,210,28,145,40,178,155,-55,31,174,135,104,36,261,138,9,90,299,-26,65,-58,2,56,-30,-37,-2,170,18,171,-246,161,11,62,54,15,65,-86,-32,213,-5,116,162,80,65,104,138,200,99,100,-85,171,-10,42,74,207,41,83,51,-63,46,-130,112,-105,169,197,87,19,95,68,43,14,78,7,44,-170,114,105,-120,8,75,82,243,182,31,-36,64,-37,177,-116,89,94,-15,1,18,59,9,118,-100,65,185,100,121,-120,-18,296,27,164,59,123,179,124,116,-44,-16,53,66,27,105,223,-193,32,128,-31,163,122,201,72,130,50,130,97,65,196,243,106,116,89,170,-115,2,208,-40,-3,26
149,-92,-47,-12,242,78,119,-42,81,165,23,97,-30,28,69,101,16,70,102,69,-80,194,-24,92,-29,207,144,8,11,151,296,-3,53,-9,26,30,38,80,-54,114,42,230,168,95,79,337,-48,-68,-53,-49,145,110,31,-28,72,60,-187,82,174,302,-55,105,120,-94,79,52,-9,51,-71,151,214,104,-36,81,33,-50,-135,-96,10,130,-17,-46,-56,240,43,121,21,-3,-111,68,131,-112,51,33,-89,256,-85,46,-16,73,112,98,166,195,144,7,-241,139,73,144,100,201,-18,25,41,67,30,201,9,22,-67,73,286,18,-7,-11,-161,101,155,84,257,-26,60,24,-75,-3,70,91,11,28,-85,119,-90,-71,87,92,113,236,12,-81
81,140,174,-16,111,10,-90,90,-107,30,-61,9,29,35,130,-31,81,24,82,-61,-135,3,33,31,-62,177,-119,115,-58,146,-67,6,132,232,38,213,208,-94,22,83,5,-56,-3,12,7,56,98,20,14,138,59,142,10,30,52,45,-120,128,22,154,209,-16,105,6,170,218,-33,-23,-66,-111,140,58,71,90,129,-33,-83,81,-18,97,-1,279,-4,16,2,20,-24,40,-78,-163,119,38,63,-126,3,-44,229,67,189,180,-133,-50,85,161,-57,24,8,121,-136,-7,4,10,105,92,-106,-49,162,41,-88,-4,44,-103,299,-82,-18,44,-55,115,-24,-140,-235,-41,43,67,-65,-15,-83,253,9,-21,-3,-83,83,6,-76,-54,150,-8,113,-46
-55,85,120,39,124,-7,64,178,-41,65,99,109,17,-20,148,23,-33,-62,169,-81,163,-54,104,189,-8,161,77,50,-191,48,41,188,-117,-17,-4,126,-28,-26,25,-95,-26,-6,-11,57,123,56,119,-19,44,103,-100,-33,79,116,31,-6,-60,93,-106,57,-55,-58,-27,-227,100,93,-22,-9,42,138,-89,-113,-77,58,4,29,16,14,30,49,-49,-43,-63,193,28,56,-59,159,285,-11,184,63,-59,186,-21,15,371,3,120,30,-37,5,90,1,219,29,117,182,54,-61,112,-5,74,-80,-13,-21,96,44,15,74,74,14,-36,14,35,-46,40,84,-50,-71,158,33,60,-81,159,14,91,38,10,190,102,-30,99,99,-29,-55,206,-158,91,207
99,158,60,37,53,-60,-6,134,127,121,83,-49,-113,23,16,-16,-125,97,-133,-45,-32,35,4,62,148,67,-125,46,-113,29,-7,113,-162,119,-39,133,173,-35,47,-21,25,74,15,37,-38,-33,68,-112,17,183,139,-19,98,-117,-38,147,-36,157,-76,16,67,-40,-278,84,20,35,48,111,60,13,-17,-82,123,157,-122,-98,-188,-21,19,-68,9,78,148,57,-138,109,-49,96,33,-160,276,84,237,56,211,41,247,-83,-81,90,-7,-27,25,205,275,138,-15,29,227,-142,29,-138,-11,6,-37,-12,42,-79,54,-134,-158,14,89,-74,-121,-19,-91,36,88,-42,60,93,61,109,-52,15,-27,1,62,-108,-27,14,138,103,24,-90,77,28,153,56
99,193,61,108,244,158,34,-30,3,-10,-123,-20,-121,-102,89,-145,-182,149,133,-50,103,-20,-39,-103,-143,-61,179,201,147,153,-29,29,58,221,104,60,27,75,182,62,148,92,-12,-28,-49,91,-81,26,125,-131,21,129,161,-160,-107,29,-94,-50,94,-49,118,-28,290,120,110,-3,-252,40,13,-67,5,35,6,-104,-125,-3,-184,131,115,175,-7,265,41,-42,-69,-36,-22,-67,-33,59,256,0,-94,-11,-26,127,22,96,-123,53,-63,36,5,25,-104,23,-91,76,4,224,-74,133,162,57,70,93,84,-22,203,49,-52,158,57,-45,168,-38,-53,22,127,96,-3,-13,35,-12,-76,-49,-109,205,96,131,158,111,-68,44,7,-25,-111,145,-27,15
168,-6,-16,180,144,80,-89,-16,21,-18,-86,-122,67,-112,-42,-100,-121,170,-69,-32,-86,282,47,86,109,-25,4,-50,-141,-111,-39,-106,-172,-51,60,-158,-29,86,55,-24,4,107,203,-178,-204,-48,87,129,5,18,-167,127,4,-67,-15,-2,-194,10,204,90,-39,54,223,-27,48,76,35,17,181,-281,13,-139,-27,-64,-44,-5,125,-1,197,134,45,-23,-85,-153,225,-182,-40,40,-57,31,260,185,95,276,45,93,143,83,2,-97,284,104,166,3,-42,-30,229,43,177,48,-34,41,53,60,33,105,55,77,131,2,153,-65,-85,33,0,-105,-12,90,-9,-130,-128,148,0,-53,28,-58,-75,-63,24,101,-6,108,83,126,-63,130,151,213,197,12
97,185,78,161,-34,236,43,64,-48,20,-87,45,-38,-105,58,92,99,294,109,-76,-52,105,18,44,27,72,45,-146,34,55,21,149,59,4,59,47,176,86,-96,-47,-56,107,59,-40,94,52,-139,-81,85,154,4,-30,289,45,-36,12,115,19,3,-91,-69,86,62,-13,52,107,96,76,75,-46,24,38,-91,-168,9,169,-9,238,102,129,110,-38,130,-23,119,118,25,-15,-75,226,122,98,-13,92,-117,97,18,144,279,-105,176,7,197,-29,9,-81,-151,-2,62,12,252,237,-223,93,-47,-61,38,4,324,18,-5,114,-141,-58,-74,25,92,42,40,150,92,225,-16,156,-133,-11,0,233,34,-66,-38,200,153,-15,101,27,116,298,60,241
-103,57,124,6,247,54,-43,36,48,74,-88,6,32,-135,3,39,41,95,-121,75,56,-178,97,56,52,-53,162,56,-225,19,9,114,-47,151,-32,-73,22,131,75,73,109,112,-72,1,7,-6,53,-77,146,-122,56,-118,167,-48,80,-19,-112,-27,224,-44,107,55,103,-39,73,29,68,-69,46,-70,303,33,63,12,-45,-43,73,111,88,-23,69,-56,-13,-64,-27,76,82,73,-57,15,224,9,-103,111,-59,-6,86,109,124,-44,201,66,79,-72,5,-24,-47,-7,-96,115,-86,290,-8,-89,81,42,128,56,41,125,-64,82,-28,-75,94,41,2,240,-49,152,43,192,145,-22,56,200,-102,0,79,120,138,-5,57,75,145,49,-22,106,107,194
-117,-75,-66,161,22,27,-80,83,-70,-397,37,110,-30,190,172,-44,152,-14,110,-13,114,-248,18,33,-63,-101,132,6,7,140,-30,306,70,92,56,124,54,33,41,29,-64,-147,7,136,1,-29,-36,23,87,-182,-57,107,-150,29,-18,36,-99,3,-74,77,-42,-11,-36,-28,113,-38,-3,-143,15,6,41,-107,119,-111,299,-96,-85,163,101,-2,-7,-200,84,-44,31,57,84,66,147,-47,-11,-96,186,55,71,-32,-145,47,35,14,61,-5,109,-167,94,-27,-167,76,-105,55,62,104,127,176,141,218,30,177,-45,103,127,-94,-96,-41,82,185,-125,-71,30,61,-36,129,-33,2,52,-144,-9,-10,-21,67,46,-125,-43,145,51,-113,-97,33,47,308
-63,107,40,35,86,-119,23,-18,-62,78,38,-22,-259,-8,119,-229,100,225,51,153,-137,-29,117,144,92,54,-95,156,6,65,-25,79,3,61,37,-81,36,25,-16,73,-91,77,-46,-210,115,176,62,177,8,142,93,306,27,-181,132,87,-71,315,103,191,-211,62,100,26,38,-64,48,7,126,123,119,83,-169,2,-95,76,-37,-52,97,116,19,-168,52,-108,63,-57,-30,237,-3,-86,13,-61,193,8,209,119,-64,-113,-50,-156,133,70,161,115,-21,-143,171,16,163,57,115,14,7,82,5,155,-53,196,155,-36,61,35,125,-66,51,-96,47,22,-37,-21,-130,128,103,255,80,-64,-17,160,-163,11,91,192,-202,-55,-171,-50,7,19,81,-50
46,43,90,3,4,207,-4,-9,-6,235,-90,-137,20,72,29,110,-22,-128,39,41,-26,195,-16,79,-35,-40,18,52,-20,-5,-93,-128,-26,-57,-16,183,-60,-181,49,36,79,173,66,-84,-114,-29,109,36,79,-19,76,-102,11,159,-1,66,158,6,87,-49,96,93,15,-241,-30,118,56,-64,-19,28,19,18,-71,9,-46,-9,-2,-54,95,-62,-88,19,-189,40,77,-98,-56,68,-33,90,-37,14,-19,97,-55,81,-59,2,54,108,78,1,143,9,222,49,36,-63,63,146,11,-84,-132,104,-56,139,-49,-5,-59,50,117,31,74,-106,-63,47,-35,55,55,-9,277,-8,211,-91,94,-43,2,-216,124,169,34,17,120,-90,15,34,178,70,55,2
74,-120,234,33,43,-9,-65,-52,131,-88,101,-56,111,120,15,261,-117,-39,106,-47,-80,-134,18,70,11,122,58,-5,106,132,-197,142,-25,207,-9,16,-2,18,-21,52,-36,-35,0,211,22,251,92,-52,88,-241,-93,53,-275,-99,33,-8,-70,-16,29,25,130,-85,-2,72,-14,-208,173,128,-11,-117,51,59,41,213,79,66,106,70,-20,39,9,-34,-27,-99,-200,88,-19,113,133,64,-213,-74,43,-54,104,88,-46,76,-46,32,106,-14,-84,-55,77,53,61,-147,-24,-74,29,-18,68,-29,-31,105,1,45,171,-165,65,119,39,41,153,156,-66,-83,31,18,9,-55,-204,198,-108,61,-6,30,-16,-107,-45,60,-56,127,173,-214,-42,-273,94,-12
49,201,-121,72,-121,168,49,98,-136,102,60,219,-172,-124,-97,-91,151,128,30,1,90,-181,-1,11,-115,157,223,208,279,-117,73,7,-1,-21,-83,79,170,202,110,37,0,-16,-124,-49,130,97,53,60,-82,102,36,30,161,107,25,90,-101,-2,188,238,-122,-7,128,-96,22,118,-69,-107,93,-8,140,156,-15,-27,-34,109,-37,102,23,-224,-63,119,82,-75,68,76,244,-24,26,219,167,-88,-48,107,44,89,37,-61,0,-58,-100,243,128,42,13,233,42,187,74,-56,30,111,131,-28,156,157,69,-2,4,-89,-74,116,-103,5,150,29,143,127,23,6,88,68,114,94,114,81,316,-17,-64,86,102,112,-89,-58,38,38,-14,233,-205,81
68,-2,24,-193,26,-66,175,169,11,80,16,23,168,5,99,-9,144,114,42,139,-113,263,-51,-177,-81,47,-170,-114,42,127,2,-34,221,-29,3,71,277,41,-140,87,35,160,98,-61,137,-142,10,7,-76,-75,156,94,186,228,69,104,-41,-129,73,209,169,116,-7,-16,-175,86,108,103,17,-180,39,131,-103,14,6,52,214,59,-86,-44,65,-38,-49,-49,36,145,102,28,-27,220,-112,-31,-101,18,-95,-5,108,-30,52,13,178,162,74,8,234,59,13,-11,-126,36,15,31,98,175,63,73,-82,173,217,188,72,-59,68,258,43,-115,-96,226,240,-72,45,-41,-68,-169,0,136,-98,162,-14,331,-16,156,107,-27,55,385,275,154,-122,137
111,-182,164,47,57,-29,-58,67,73,-114,45,116,44,141,-102,116,83,122,138,-86,36,150,102,-150,-55,48,4,-33,-46,229,56,185,41,-3,-3,181,108,156,148,62,-9,-205,127,94,188,54,-53,11,66,-42,142,-40,-59,47,80,35,-32,252,233,37,87,32,43,76,-187,-117,-105,31,-105,142,309,9,93,-147,-34,8,130,7,-74,128,42,68,172,-3,-10,145,108,102,208,-18,231,-59,109,118,-77,-93,-216,90,-18,5,82,61,27,-1,167,156,63,20,-15,-73,-8,68,-82,17,32,84,223,74,-39,-25,52,-47,283,213,185,68,-56,-129,86,-84,151,47,183,264,-95,89,1,65,23,2,16,-16,64,43,98,-40,47,0,127,67
-24,-63,-195,115,42,21,-11,193,-137,187,250,50,-56,69,-53,40,-12,166,-42,55,-51,118,41,-27,-83,-43,104,-42,5,5,-58,59,138,12,29,-72,121,-77,58,18,-25,53,110,-26,-68,-69,142,204,69,-6,83,-4,-131,6,147,202,-61,133,-109,-42,-40,106,78,72,-166,57,-133,-102,-42,-68,144,190,26,63,9,3,-72,-63,-10,9,19,-116,46,-67,-77,-180,28,-1,50,78,-65,-41,15,-70,76,-21,73,-66,111,138,-57,33,201,138,101,-57,131,0,-2,90,78,17,141,155,-97,90,-115,155,47,-46,-176,-66,-144,30,133,73,143,3,76,107,57,141,13,174,58,-22,-143,73,-2,-18,-97,133,105,122,-80,-17,-55,59,50,123
-10,-102,57,124,9,117,63,14,-38,116,-88,3,-157,-115,-3,163,72,56,215,-138,103,15,65,255,4,195,185,-15,67,121,35,270,60,127,-40,223,-4,6,78,-66,74,166,17,3,-54,111,82,19,55,-19,55,-18,-24,118,84,202,-186,92,30,143,54,106,125,-2,2,-42,-73,52,15,217,211,46,196,200,80,-11,20,187,88,85,-61,135,28,80,90,14,57,160,30,26,17,91,183,111,117,90,47,73,42,157,103,5,137,62,198,113,61,257,-28,-43,-71,-3,48,173,-120,193,129,119,72,-48,121,179,125,123,145,148,161,128,190,18,1,-32,98,104,-9,37,-234,-37,-78,-53,-144,35,133,48,122,147,249,131,0,221
175,-34,-12,64,97,-19,-1,64,146,150,-189,161,222,-37,7,-106,-20,323,272,-45,75,222,-59,152,161,-55,13,-25,227,120,87,-15,110,75,149,138,290,-45,-8,-34,168,196,23,118,207,161,111,12,-45,-51,-38,52,31,-57,9,-1,16,-201,187,105,24,253,0,200,73,191,153,105,113,79,47,56,146,-28,-142,183,38,70,138,47,-33,87,-183,102,-45,53,65,118,180,76,124,227,-39,47,5,202,-214,-52,-70,22,185,-89,96,-98,22,18,71,147,48,170,66,143,-9,189,-54,160,-25,100,213,173,102,-3,141,192,-55,-113,-68,197,245,169,14,204,-79,34,-175,103,30,77,188,170,123,63,63,68,187,199,242,194,160,111
-63,171,277,151,-216,-14,10,127,-73,112,127,8,-24,2,146,-35,263,23,-81,72,22,-216,-90,183,18,56,215,-129,38,-241,-185,168,169,-16,-144,-58,20,172,-44,-22,48,70,-33,-81,109,111,109,36,-23,80,165,1,206,-112,-99,-36,22,70,212,110,79,4,25,-9,159,135,23,-90,90,61,-26,-6,-103,165,116,-46,6,107,66,103,-22,-3,-207,-3,191,-72,-112,20,-74,122,-67,85,114,111,89,96,-11,-77,-65,-114,35,24,65,172,114,70,38,-104,-26,-71,-11,-83,20,-76,38,-1,39,32,90,83,-17,35,-91,-47,17,155,17,55,-15,22,-61,-10,-56,108,23,13,136,64,-36,-15,40,241,-43,7,-323,334,34,-8,-217,-96
101,-39,35,62,36,138,53,33,87,151,158,204,-114,-199,175,186,-58,104,-62,-7,49,75,1,14,-109,-60,-64,69,49,-74,80,211,127,37,-145,-295,-41,-150,14,141,-15,164,-14,-22,-62,-18,60,-147,80,62,-112,-89,80,-56,-68,88,-38,-69,168,120,186,173,-81,-67,108,76,32,43,-76,12,-124,141,-172,-39,101,-99,58,74,11,-115,-54,-54,31,-37,197,5,91,55,-72,-14,-64,14,45,87,22,164,69,-27,16,83,84,-97,145,64,121,-1,-80,122,-80,278,49,51,49,153,103,181,163,174,-79,65,121,-51,17,94,142,-18,42,76,-35,-250,96,53,180,9,-31,3,28,9,-25,207,20,95,27,9,-4,-28,153,92,33,-154
135,354,-67,-107,-160,187,123,214,-47,8,153,51,347,134,-121,92,89,-176,130,209,56,-21,-130,90,10,141,-132,91,16,50,-107,-93,-20,116,195,7,224,-29,42,-30,73,145,191,55,55,0,147,268,125,180,-114,82,6,303,88,18,77,-49,39,-15,-40,14,95,-160,-122,57,109,-70,134,-125,-37,-36,22,118,133,44,77,-38,42,17,-67,3,88,-36,5,46,-68,-7,10,339,113,90,0,246,115,-45,211,26,115,-1,214,52,2,-87,124,36,48,37,51,117,94,5,53,16,139,-19,-166,-135,22,134,62,-26,-25,116,-54,160,-12,65,33,182,67,190,47,19,70,103,-65,195,136,111,38,117,41,-106,-196,163,126,214,167,118
-93,-28,115,-83,-54,-124,-64,176,-65,-187,-65,62,162,-108,230,102,-79,18,2,-114,15,33,-46,83,121,-36,149,-95,0,-84,-14,85,178,102,126,194,24,-70,-99,180,177,100,21,105,32,-59,140,143,152,-7,-54,-90,-101,4,134,41,-247,-133,16,196,102,131,56,-147,-18,-85,19,7,-65,-58,50,-82,86,-2,-9,-194,193,18,111,106,-152,154,71,-17,202,30,-39,95,-8,-59,22,106,9,-140,-14,36,42,-52,68,239,179,77,43,-6,-84,111,-27,178,146,159,-123,89,-32,215,-11,49,22,103,25,150,-74,-17,-13,74,89,74,-133,65,51,74,-114,-132,-3,-198,79,85,-136,15,-60,75,-211,-72,126,-18,63,263,95,-5,-113,121
258,-84,201,-28,232,-35,90,69,139,234,233,125,-72,22,-31,-19,105,-61,-30,32,134,99,112,-69,120,74,79,120,-107,52,22,10,-111,50,-102,-22,142,-31,109,170,114,22,120,76,128,-33,47,40,109,144,-9,54,80,44,-157,18,83,-10,89,182,99,265,44,-59,45,157,-62,-273,-190,-107,130,9,5,22,76,-81,25,107,17,-14,-38,-150,-15,74,116,-6,92,127,91,34,69,21,-39,91,69,22,138,-90,-24,-18,23,194,146,149,194,154,-193,9,-69,118,43,184,-36,45,-24,-54,106,179,128,33,140,-2,-20,344,144,67,49,114,0,63,186,189,149,22,158,-19,127,74,154,308,-59,-5,-58,153,-175,142,33,0,-24,188
89,147,-96,-15,23,-80,43,-43,101,170,21,96,-53,6,154,-159,117,179,64,100,126,-96,-199,-18,14,95,6,243,-20,147,120,127,139,169,27,190,192,-105,-20,13,-50,38,193,89,182,-64,99,198,99,134,-65,-55,65,44,77,-32,31,-41,-67,7,23,-96,137,58,-96,156,75,65,-33,156,-124,14,-113,-43,-65,224,-82,162,188,-22,-214,83,13,53,23,-21,158,140,187,-21,69,49,17,25,-30,-50,72,75,29,-98,-70,35,111,9,42,-32,244,109,241,192,91,126,31,93,28,7,-99,-14,-23,143,-93,160,-116,70,-11,35,-36,94,-7,36,123,211,21,-38,58,114,-10,62,158,124,34,136,-111,2,-46,258,-34,-62,291,199
321,100,8,5,150,198,144,-70,-108,-130,106,69,106,48,-10,-54,135,-26,171,-50,-45,-83,73,-74,-107,123,-118,39,125,44,32,83,2,137,-22,49,119,108,54,-76,-73,-60,93,129,-97,208,-58,170,-152,-100,-8,83,-25,205,-80,-109,2,-36,63,-159,45,14,64,140,17,-99,16,9,59,21,-54,64,-74,-42,89,7,9,-33,-128,21,-107,-25,-65,81,83,1,-8,102,133,129,-6,-58,-38,25,-63,-99,-95,-157,-30,28,-17,-3,-105,-88,-153,47,-33,-109,134,-8,81,56,-17,24,-20,53,190,99,83,-6,174,12,11,-82,-15,-136,-93,34,70,76,-62,-173,-70,159,-94,138,-17,40,-17,-27,63,47,-26,-23,100,-69,-40,17,11,3
-12,7,4,-106,-141,81,13,-44,27,53,10,30,-106,100,22,-47,42,147,83,46,22,-17,89,-149,-17,9,-3,-96,142,-25,14,65,16,-116,3,-48,-27,29,70,75,-38,-24,79,112,-2,7,-5,-87,-34,-35,151,-110,247,96,-107,-202,30,-126,-69,219,152,77,62,-19,47,171,49,-363,9,24,170,41,-62,-24,-152,66,41,-8,-5,16,-123,-43,65,39,-46,28,106,-60,-38,156,-74,-34,-60,-290,198,102,-159,-49,-16,17,-180,65,189,60,42,124,126,-38,21,-116,35,-77,95,-38,27,10,-150,-3,-3,-74,-57,102,-143,6,-161,-23,65,-132,-12,180,-9,97,-44,83,38,12,37,64,29,14,73,61,-89,-72,88,-9,62,-42,-27,-6
-66,135,69,-8,85,11,235,115,-65,138,318,366,54,-177,39,91,91,-47,71,-114,25,45,85,155,149,8,45,5,-20,227,84,25,-45,-5,26,13,197,168,8,-19,22,17,-69,83,-65,34,23,-37,-80,74,24,-44,165,166,249,97,-18,100,171,72,44,16,26,184,-24,-153,-39,3,70,-20,-31,155,149,85,34,-7,33,81,133,50,-27,81,48,-1,226,-69,-83,-23,75,-133,169,20,-25,109,111,242,-31,46,154,181,-71,132,18,3,-63,52,-42,89,-62,69,-81,-38,-33,81,76,-18,204,-86,-28,98,-67,35,88,-153,235,170,34,77,67,18,-91,162,-18,130,98,4,48,152,28,-97,-39,188,-64,-105,30,65,275,95,153,-22
166,-9,-133,138,-3,260,-175,179,-103,47,71,139,156,196,89,87,7,-37,131,245,56,5,-29,75,-28,37,280,185,58,146,30,13,107,123,96,196,130,-117,59,-53,-103,-163,-13,100,183,123,213,97,211,81,0,72,8,10,83,34,2,-49,258,112,107,-54,-15,-240,-6,207,7,-110,124,32,-85,-1,45,86,176,5,39,4,74,-94,-201,328,22,23,61,5,55,-46,27,-14,72,-5,128,-72,57,89,133,-102,122,91,-34,101,132,-22,171,-85,7,136,144,119,122,25,341,74,28,-4,-163,-14,6,117,-159,92,103,32,38,44,2,11,18,99,179,60,-12,16,83,-125,-9,46,224,186,11,103,11,73,139,-60,115,62,84,40
42,57,303,-72,-125,80,118,17,400,309,64,-2,93,197,93,44,25,178,104,256,-43,244,42,-11,7,104,-69,26,150,218,-22,33,67,-5,-129,64,44,78,-59,59,12,209,62,126,120,-26,199,-12,-10,-125,-17,152,145,-140,200,58,164,82,169,76,163,160,101,186,21,338,-20,-114,46,42,200,166,60,2,-21,-31,-22,0,-67,64,6,-2,40,78,-6,-23,115,196,-115,116,-130,203,45,-87,-45,188,62,146,155,-14,85,55,291,181,1,226,64,-37,147,54,99,167,91,-7,-121,38,47,216,133,190,-11,66,-98,5,143,16,65,-41,156,144,-29,100,0,-46,-166,-81,63,-65,61,6,94,284,22,62,251,-1,153,-3,11,18
-31,34,143,64,85,-60,97,113,-81,37,-26,33,-24,22,111,85,65,18,-158,-148,-35,-275,5,117,67,-98,-1,30,-146,-49,-108,33,-16,-19,-133,7,-63,-1,-57,40,161,-87,-99,-20,81,85,-101,167,-2,186,67,136,88,14,147,-10,-57,193,337,6,-7,20,109,102,-20,107,-19,-66,230,33,77,-154,-40,7,4,-104,81,69,-18,80,-112,116,-118,-146,139,154,-235,-56,165,-127,41,-65,12,-75,-4,-5,175,152,-85,67,37,92,-22,2,-50,96,-20,35,-99,-32,127,-5,1,-115,4,40,58,44,11,86,80,-159,-79,25,-24,-18,-83,23,-219,-25,-93,-37,102,-69,-15,-26,-48,162,-27,40,-199,-154,-131,78,133,9,1,-153,18,117
61,44,259,221,-104,-9,-39,2,195,35,162,-134,40,135,105,19,-26,79,85,35,-15,3,89,345,178,135,84,82,118,-58,18,124,-128,8,-15,28,345,180,20,-118,52,236,115,60,-70,87,91,-174,-100,61,201,45,80,94,-111,44,48,100,206,11,177,134,123,168,-67,172,53,188,196,42,196,51,44,30,-78,-107,-44,76,37,48,157,193,-198,88,190,71,-2,63,70,-135,195,266,126,107,-79,153,-5,147,-33,-131,68,134,162,65,29,-7,20,-41,125,141,160,52,96,-1,-110,25,-20,170,272,40,85,117,43,-75,32,214,169,146,222,-26,-42,205,23,223,55,134,155,-18,11,113,-51,129,102,-96,-110,-73,188,-71,192,83
-32,11,102,-37,25,-94,182,-84,-39,28,119,62,99,-46,96,-30,14,28,221,42,33,2,19,57,-130,28,-2,-19,-29,85,-78,44,-40,81,-140,216,-27,-114,51,-90,60,153,-93,-4,96,124,-86,-46,151,-82,22,43,31,-30,59,-47,94,-5,-27,192,205,-45,12,-31,127,92,64,-3,-63,64,52,174,120,75,44,31,-31,-13,-30,-18,23,40,-105,135,-204,139,233,200,20,-49,38,80,-51,18,92,72,-100,-56,36,78,165,-81,134,-135,112,172,158,36,40,187,-128,-82,79,61,85,18,192,109,-4,97,-16,158,18,-70,201,46,-71,-50,33,8,64,71,4,54,136,-131,116,76,-17,-108,-38,36,-95,-8,-26,43,29,92,231,9
-77,-74,121,101,146,-76,-59,-112,-45,201,-83,103,-9,23,5,-134,8,-95,-12,46,-98,-5,80,-72,-10,-1,-25,-32,155,-5,18,59,75,116,153,43,9,13,108,129,-53,81,-69,3,73,-296,157,264,48,27,96,155,106,52,-85,-63,245,59,-13,92,24,30,-64,-38,56,-30,-27,48,142,159,209,244,10,310,3,-63,-73,121,-52,-112,-16,96,47,273,47,-34,-10,221,-120,37,65,261,227,182,64,-127,18,-19,54,77,221,162,84,-48,168,110,21,153,115,-49,17,33,43,66,160,142,65,76,-58,-110,124,-87,-51,-229,-7,-91,116,144,-114,76,9,21,63,46,0,30,-125,-32,36,-98,-100,84,-107,105,63,89,229,99,-17,-73
92,216,-8,95,-87,3,-113,-39,98,199,-21,-72,-52,70,41,-101,164,-107,-175,210,93,-38,58,164,33,125,208,13,-122,-28,-10,65,115,90,10,38,163,1,-60,30,120,78,54,135,-22,-213,39,189,161,104,228,-93,-130,-52,241,124,139,10,59,54,-69,-76,16,-115,-109,217,9,67,-144,-10,73,-40,134,-12,128,-20,-70,-7,179,-53,26,166,-9,59,42,-169,212,73,14,43,-21,106,69,11,154,-54,83,-24,78,-138,2,-10,121,35,78,138,-133,57,-145,89,-133,24,-32,5,1,-44,9,-74,-45,6,-128,-130,50,-18,36,118,134,20,139,78,-26,-23,66,-31,-31,63,-113,-41,39,-93,-15,-75,209,97,-61,145,-159,89,82,57
178,341,90,-83,36,69,142,130,278,-23,-40,39,31,101,6,78,-6,-81,-7,130,-8,132,-69,-58,85,153,0,-9,-113,193,0,34,25,77,148,283,217,-35,8,-32,-48,95,105,101,145,-105,227,105,173,-73,92,15,99,-87,-8,178,2,126,14,38,92,-28,55,-26,159,200,111,68,146,-131,-82,28,84,47,152,229,89,66,7,211,-101,141,67,-52,-93,-166,213,41,-132,173,113,142,224,37,-9,84,75,63,81,39,93,-43,118,-164,26,44,120,100,97,84,22,-49,93,-29,82,-21,-71,-220,115,83,55,4,53,-194,-137,109,-51,86,58,-67,7,-24,-34,32,97,-54,23,162,96,49,6,111,60,136,-101,27,203,38,14,197
-17,52,288,70,-22,-12,-15,35,217,105,-20,-32,3,143,100,43,-73,52,220,27,43,118,-31,277,-76,-7,-199,-84,30,8,-98,-21,34,-36,-121,57,-48,-59,24,-13,181,214,91,-90,267,81,61,-1,203,81,93,74,198,-14,15,3,-118,42,-53,-161,139,15,39,-22,-6,193,98,-66,74,13,7,-128,211,-161,3,155,40,-12,6,-68,163,33,-27,-16,-225,58,112,163,108,-22,181,231,-46,-13,137,-121,70,60,-55,19,143,21,132,192,-54,196,182,90,64,-76,61,160,-37,0,-117,-47,43,-19,106,46,98,73,199,71,138,3,40,-42,-54,-93,110,103,146,52,-116,163,180,-75,31,13,96,-41,262,260,-3,36,139,46,124,10
-23,-5,97,-8,39,2,58,96,44,222,23,68,-120,-24,-11,-91,48,-18,71,98,45,-26,180,132,182,27,115,20,-30,209,56,130,75,-187,-56,132,115,68,63,38,12,45,-30,-64,198,75,-50,-48,48,58,145,66,175,-50,37,38,66,221,-102,-10,61,190,-81,22,-14,172,222,34,72,70,99,13,154,62,181,350,-13,-8,152,-120,104,-8,-76,192,94,184,253,-38,-37,25,78,8,158,203,305,221,-39,62,49,25,28,220,383,50,200,234,-119,146,-30,63,286,133,-74,18,44,-60,184,0,89,-131,-34,153,-60,45,126,-83,59,205,-142,36,366,358,-41,146,12,-58,65,-130,86,-129,119,167,137,202,78,-3,150,216,71,282
-54,55,67,217,1,5,-152,117,-39,192,-99,15,-85,-47,-5,-126,-85,24,52,-103,118,131,3,53,-156,-41,122,30,-24,80,92,98,78,131,-125,43,34,-119,46,63,262,58,247,-80,-251,71,-43,-154,-63,100,23,16,138,101,67,181,-184,33,59,-4,-10,-12,-57,76,108,139,145,3,87,-172,-33,59,-48,130,-5,36,-80,60,55,-106,8,33,-17,-17,35,-87,76,-77,-17,-73,24,9,-55,184,66,188,30,17,-43,-37,-211,-16,112,166,31,-150,-86,90,117,174,107,130,135,125,-176,25,111,147,-37,-11,-40,-107,20,135,-61,-124,4,209,-46,-25,52,266,64,-65,-12,7,64,-114,113,-86,35,78,157,85,139,20,142,125,186,36
65,-79,88,122,42,-55,-66,191,-1,14,72,112,70,-78,76,54,-8,17,-63,10,162,-123,66,263,4,-5,151,-66,81,-97,-191,66,-8,135,-118,-69,181,-67,-111,-62,27,252,75,244,-42,-74,120,-116,-48,45,132,148,274,8,33,94,46,14,105,-1,215,243,-30,56,-2,222,84,-72,-47,6,62,-70,3,-54,22,-171,133,12,-50,82,-3,11,-40,-39,210,80,-53,57,-39,32,107,160,29,28,101,91,-34,154,-71,73,-17,0,109,156,74,2,-74,125,-35,-150,-115,4,-68,-58,22,164,-57,130,131,127,-75,-128,-72,52,-40,-11,43,93,134,-85,-45,14,125,-76,43,-3,-100,-134,34,37,-68,94,223,73,39,61,60,-38,-78,294
-2,87,19,221,78,-40,27,6,224,110,207,90,-100,-49,7,-23,-13,10,38,182,66,297,154,-42,122,-28,188,121,-7,104,119,141,-41,-165,57,27,59,-3,90,-9,43,107,185,-5,-24,51,123,-20,46,192,-121,111,187,43,25,17,89,-31,15,85,37,186,73,200,-113,123,-167,-14,74,-54,-168,184,-39,-42,120,61,58,72,63,67,15,-68,109,58,107,-56,146,-74,148,38,-32,109,-18,76,5,95,-23,128,-117,-77,8,41,161,113,63,174,119,86,182,88,82,67,159,162,-163,119,-53,80,81,68,74,73,213,87,-49,-127,114,218,96,-39,188,331,50,116,103,-79,7,-85,38,159,136,136,18,180,-31,232,106,32,207,-78
