-16,69,37,-31,5,80,-14,123,75,33,-44,-69,49,-20,69,13,-6,55,60,113,98,4,49,45,67,64,-6,26,15,13,40,18,124,59,-71
101,-15,16,61,39,16,21,-40,28,61,-106,7,-4,-49,14,-8,-76,-1,-34,-39,17,46,-83,-49,40,-25,-76,25,-3,-9,8,-90,-8,-21,55
20,-68,-50,-60,-34,81,-99,-34,-112,27,-15,-147,-50,34,70,26,29,16,-19,-89,-29,2,96,-24,-33,-52,71,-31,-1,-28,100,48,-87,22,13
-68,25,-48,-100,-72,49,-39,-18,3,-86,-26,12,-3,72,-45,-13,-16,42,-30,19,0,-72,-93,99,-38,53,37,45,-72,36,13,82,25,8,-57
99,54,0,7,-62,-53,28,-61,34,-5,61,65,-63,21,49,15,-24,-17,11,14,70,95,-55,107,18,45,4,-26,22,-117,23,-37,-62,-41,-38
33,84,51,75,70,-69,24,53,139,11,20,108,146,11,61,-26,-3,68,41,64,69,-56,19,37,52,114,-23,39,129,42,68,36,35,57,32
-8,42,59,-3,-54,33,30,113,50,73,-54,-56,-32,-48,44,-8,-9,-60,-19,13,23,-12,7,-16,-40,107,-31,-18,-138,117,-1,57,9,-5,-88
-56,7,-21,54,-4,-41,62,-8,-8,-5,32,30,-77,21,27,53,18,-16,67,-6,-39,-16,29,54,-7,1,3,-48,-12,-47,-40,-19,28,37,-49
11,5,-28,77,80,-23,33,35,20,74,-58,18,117,-94,24,-30,39,86,-33,-47,16,4,52,-11,51,82,-5,-17,41,4,73,5,-30,-5,47
-77,-40,-34,-17,-39,12,11,-22,-73,-65,17,-38,-2,-25,-60,19,-10,52,2,14,5,-2,11,59,-60,-27,-8,98,-31,-30,-8,4,23,60,-38
0,98,-3,37,11,19,60,68,-27,10,78,-15,-35,25,-19,51,-26,35,105,90,55,22,-21,63,27,41,-50,28,-84,58,-17,39,55,-13,-15
13,37,42,5,-64,-60,34,22,127,-20,40,26,25,-4,25,62,0,-17,26,78,78,0,42,30,27,67,3,9,30,-33,-37,-38,62,26,-32
4,-56,6,-54,-63,-31,4,-78,-13,-13,-29,61,61,23,32,26,-41,-1,-40,-120,-18,-38,-97,74,-17,48,-2,13,86,-9,14,-26,-15,30,-58
81,-65,55,32,23,41,-52,-41,4,27,-43,40,-53,52,55,-25,146,0,71,-144,22,-12,89,-35,60,68,36,-55,101,-47,-42,-78,-9,18,31
40,33,-9,16,22,15,-7,2,-6,47,-20,58,2,-19,-19,2,-30,3,57,-31,46,81,-47,37,20,124,35,-18,-15,1,30,32,0,47,-63
96,-87,7,-16,-18,23,-34,-77,-46,3,-43,31,56,75,-69,8,53,88,19,5,34,70,-2,103,29,22,75,88,34,-6,52,-29,-45,92,23
-46,57,-52,45,34,-31,64,55,59,8,-28,17,56,-28,45,110,-40,54,50,116,-42,-43,-38,61,-10,4,-7,39,-16,-42,19,-23,59,-44,37
57,-92,-3,29,-41,-42,-8,-91,-24,-45,34,43,-75,78,-89,-3,-27,26,38,44,19,59,-52,39,-20,-17,-76,9,25,-45,-91,-56,-26,18,-44
-45,33,58,-55,39,11,23,73,-25,53,-12,-49,20,10,51,62,75,12,-14,-36,16,-87,33,9,-3,47,79,7,-59,25,84,30,47,57,72
-21,38,-52,75,-53,17,61,82,-53,79,-37,69,33,3,-26,-17,-11,-13,16,-12,19,-32,-15,-4,1,-59,-51,30,-17,35,-49,-75,67,2,10
-11,-68,-44,-3,-21,126,-6,-37,-66,-26,-30,5,-62,-16,-36,29,-47,-93,-35,-61,-7,10,-20,-1,-19,13,-12,-78,1,-32,-29,0,-114,-115,-61
-76,0,23,-11,-12,-7,31,-14,11,49,8,-3,46,-39,10,32,-19,19,-47,-60,-62,75,-72,98,-1,5,83,34,-40,16,36,54,67,46,-81
-21,97,44,100,82,72,82,80,41,117,-79,64,70,-6,156,37,-55,40,49,-24,-43,-3,-54,105,84,178,79,33,45,-63,125,86,66,106,-6
-39,23,32,48,9,20,74,94,2,7,14,15,68,47,-25,73,29,31,53,45,-12,-39,17,65,88,104,88,8,20,74,58,72,-4,164,-43
-135,15,38,82,30,-40,205,103,-9,105,6,42,75,-135,-68,14,19,56,-16,-28,-74,-12,14,-8,81,46,-21,9,-116,102,-46,-27,22,52,-46
-12,-27,-47,9,-41,-71,46,-59,-53,-50,59,26,79,11,-34,69,-22,68,19,16,-33,12,-31,119,-65,9,50,71,60,-60,19,53,-41,89,-28
-8,-31,38,-28,-44,-115,-72,-115,-22,16,94,44,33,92,-34,-45,51,75,-78,-15,-10,118,21,170,7,75,76,45,-28,26,55,79,93,73,-11
-83,53,-62,-8,-13,-62,7,-64,2,-7,28,69,-27,2,10,-63,15,107,-25,-96,-25,44,-73,67,47,109,52,-5,59,-48,-34,90,73,16,-57
60,34,17,60,-48,17,65,55,-5,14,28,32,4,23,27,80,-30,-12,135,36,-6,9,-11,0,-17,44,22,-12,22,-29,-63,-11,-12,-8,25
134,-42,-4,0,-27,26,-33,-83,-99,49,-108,-69,-39,18,28,-84,62,54,-13,-111,92,-3,74,-22,27,-86,-3,-52,30,36,35,-52,-94,10,10
-7,-49,0,-69,-21,-70,-71,-44,9,-89,69,31,-7,63,6,-13,38,10,-21,34,22,-31,-20,-4,-70,19,-15,41,74,-75,-25,0,6,4,22
37,-7,18,27,-2,44,17,14,-101,49,-30,-13,-52,56,76,47,2,-71,-41,-76,2,29,-15,13,1,78,129,-101,31,-20,60,120,-86,51,-69
-46,4,-15,-29,21,74,27,6,-32,32,-69,-46,-13,6,63,63,-20,29,-35,-64,-70,-33,-52,-2,-11,-26,63,72,-16,-41,3,39,46,56,-33
36,-39,38,-6,52,-63,23,25,16,51,11,-28,113,-61,25,11,38,-4,-45,-20,69,49,-12,-47,-31,39,-13,16,55,87,45,-1,-34,9,26
-52,-4,77,-13,30,-9,52,2,65,-29,-20,143,24,51,-37,0,-28,-21,-49,83,-2,-79,-55,43,28,140,-1,35,-28,18,-46,27,71,68,-35
