-97,54,103,41,-8,37,167,113,44,96,41,120,182,34,4,8,-53,124,-60,8,-38,-32,106,-16,-51,-24,71,98,-9,146,157,203,81,38,71,70,20,116,103,76,57,140,66,82,68,62,69,18,4,65,118,98,82,15,135,68,123,-104,31,1,10,51,14,-112,21,-36,-21
18,-78,86,-80,-112,89,32,49,12,-43,-66,-46,134,-6,-84,-6,-148,69,-91,-29,4,-48,13,42,-2,118,159,30,90,25,63,19,22,45,119,-33,-95,-19,143,16,51,-5,-110,25,163,-102,63,100,-97,-31,52,80,138,100,-29,47,-70,-189,-44,-21,-59,-78,-36,47,52,50,1
63,102,69,-11,-35,120,38,177,-99,65,-81,114,102,160,165,-79,122,95,61,81,-2,-13,91,72,80,120,19,141,136,147,-43,-54,33,2,26,122,142,105,43,157,77,158,129,117,0,46,162,-95,51,-21,-127,-47,-52,88,-51,-37,-37,134,38,-19,94,247,41,-47,-8,10,50
-30,-8,90,-34,23,0,72,-40,71,-163,-1,21,51,13,33,45,92,127,143,27,-10,-42,-69,61,59,33,-15,-53,-116,4,72,15,-118,-61,68,45,-70,-62,-37,53,-2,-4,55,39,19,-72,30,-92,-81,-56,59,-30,-123,-30,63,131,-44,-24,-17,-39,-105,42,9,-44,-128,-65,-24
18,-38,89,6,-47,100,136,75,54,46,98,138,70,115,24,45,35,134,-56,-5,28,47,-25,58,17,197,86,117,10,-57,111,6,34,119,84,64,68,31,104,91,134,27,65,30,192,43,10,47,121,-142,-19,27,77,46,-18,3,-8,31,-38,76,97,152,132,132,99,53,118
-23,-138,13,53,2,-16,165,-48,126,-16,-37,-15,32,-25,111,73,-130,5,-101,44,36,-127,61,81,67,39,95,99,34,41,-24,-52,59,40,109,-40,-68,57,124,76,119,-12,63,11,145,-18,87,85,-60,57,13,79,41,-5,-79,-69,-114,-46,-110,45,128,52,2,159,-20,69,103
16,-41,-56,10,-74,-39,114,-61,-15,0,23,-38,121,66,32,39,62,-69,34,-30,-14,24,113,195,-51,54,153,57,46,-25,83,27,35,-53,184,-64,78,-126,-73,-66,180,124,-1,11,91,-52,1,70,3,-39,-216,-10,46,98,-32,-47,57,-38,4,80,114,19,-58,102,6,60,1
32,13,98,-130,-41,-58,-53,2,64,18,7,-84,64,109,0,-30,-45,-10,-75,-36,-27,-11,-34,-125,1,129,-8,-9,-53,-87,28,51,7,-142,2,-22,-25,33,59,84,44,-76,-9,119,79,-54,33,89,29,-22,9,-169,-3,-66,53,39,-69,-160,-89,-59,-81,56,51,54,-20,-35,21
-70,-31,-19,1,78,-17,112,-112,37,-47,-24,30,24,-142,24,14,109,-52,-13,-10,-26,-13,160,-54,-66,-60,-101,-76,25,-38,-104,48,-147,-26,18,-22,-34,-33,50,-48,74,64,37,19,71,15,65,-21,-31,-18,29,98,-12,-69,173,59,12,17,-2,86,-97,-15,-18,-102,-18,99,42
12,-49,77,138,29,111,144,44,-101,86,19,87,223,0,119,67,109,116,50,166,-36,24,160,80,123,85,119,-27,45,32,39,98,-18,-10,-71,46,43,-22,105,104,142,-4,53,73,110,134,174,142,65,-43,71,75,100,1,96,-68,100,42,-91,38,-4,60,-5,53,24,127,8
-37,44,148,114,-172,76,83,92,-119,-80,5,0,25,105,-72,-34,114,-33,-23,-15,-19,36,-27,60,-43,35,37,144,93,-93,126,134,69,-34,17,52,196,-62,-105,122,56,-10,113,76,11,3,8,64,104,-78,-69,-40,50,142,-61,-88,-22,35,10,45,35,22,1,203,-22,94,-80
-65,51,-77,-42,30,-68,-128,-87,-21,-42,-36,-50,105,-68,45,9,-99,-6,192,-96,-139,-16,70,21,-47,-18,9,-14,-60,98,-39,-48,30,-21,38,-90,-28,-9,-21,40,63,10,-2,67,-18,-81,-35,-6,82,-3,-69,-79,-122,-94,63,-27,-60,-95,165,94,-2,-29,27,-108,-87,12,56
9,-56,49,29,73,97,134,9,75,36,27,98,123,8,75,23,23,231,1,139,-3,-73,2,21,94,118,146,-30,98,-8,66,-6,16,-30,151,123,-91,14,94,125,191,61,93,27,111,-18,0,108,-28,81,-125,5,2,-53,126,57,-70,-54,42,-12,60,45,55,13,8,9,38
28,155,-104,108,-34,66,-140,-13,63,-11,-56,66,-2,61,-31,37,66,66,166,-31,-9,-9,-14,40,-55,-61,-148,57,58,21,31,-63,36,132,-89,-7,105,-51,47,61,25,104,113,13,-44,-9,-44,3,144,44,79,34,12,-65,31,-99,-66,63,53,106,177,67,62,-7,66,34,59
45,81,-94,-109,144,100,21,34,136,-38,-13,45,23,12,116,-17,-54,30,-40,64,-25,8,-30,-39,-84,-40,94,20,62,69,20,-161,1,75,-14,19,130,67,-8,37,110,-10,14,111,126,-48,29,1,107,-54,58,48,-71,-88,9,104,66,73,14,144,21,150,73,-28,-84,32,-5
-5,20,-33,13,58,5,13,-8,-2,26,98,73,113,68,81,122,91,136,0,114,5,-22,10,183,21,2,36,-29,-93,38,78,56,24,74,73,36,39,-73,120,84,78,67,42,36,117,17,4,-21,6,35,-14,26,-78,-26,106,56,-70,-63,30,56,-8,-49,6,-19,46,7,-45
21,-52,-29,49,-47,32,77,51,110,25,31,55,61,-34,116,107,-45,146,136,9,-15,-13,108,135,-58,62,102,-68,-12,-16,119,5,-31,24,140,84,-157,-45,12,-44,174,7,33,5,34,112,50,10,-21,154,-50,-44,10,-13,25,18,-18,-11,166,71,-36,-42,81,71,76,8,-32
-80,75,-17,-15,103,-169,-75,-47,75,45,-7,-37,-30,63,15,93,-69,-75,-27,-80,-61,30,-46,-91,-2,-23,30,15,-69,6,-56,-116,83,65,-38,-41,63,18,120,-48,-70,-34,66,-31,25,-63,-29,142,21,91,127,93,25,-67,-66,-12,-3,-20,36,51,-74,11,22,22,60,-63,-69
-47,-32,-177,-57,-9,166,-75,67,25,150,68,97,-27,-104,91,-124,85,-8,45,50,8,164,49,2,-2,-65,-18,-30,119,56,112,11,-32,-86,57,65,123,-103,-41,111,78,26,9,64,53,80,0,-39,42,-92,-27,-39,-5,-8,27,73,83,4,44,83,143,71,130,-14,-37,55,-79
-46,83,72,79,-12,183,48,54,44,-49,26,106,81,205,-50,149,-43,49,-73,71,27,-71,-19,-18,-76,21,86,44,195,58,130,20,31,40,180,121,76,90,68,66,153,58,18,148,-8,-127,-12,-25,117,72,37,1,33,125,65,-52,-80,-3,44,64,133,37,90,23,83,37,-17
-81,52,-13,26,-18,123,-78,35,-55,-86,37,7,35,25,18,131,88,10,28,105,-100,-52,43,-97,48,-44,93,-89,129,-32,-53,15,-102,-58,27,34,13,7,-94,55,-9,-20,59,86,43,-76,-17,-38,47,-25,5,-177,53,-85,-6,115,-31,-9,6,42,52,-5,75,-23,-179,57,37
-13,33,5,173,4,-136,74,24,-33,-8,16,122,-21,21,36,27,-95,45,-130,14,-38,21,-10,29,-61,-103,0,-27,13,90,-86,-161,15,33,46,-41,-35,151,155,-111,0,-34,11,-64,-113,-18,-43,10,22,226,-14,116,-2,48,-76,-175,27,169,72,-22,-96,-40,126,40,124,-4,-37
-1,18,112,-104,-57,-39,15,43,45,39,21,-82,28,-12,5,12,-46,14,-30,-6,15,-59,80,73,-140,-11,96,-53,-144,-29,154,44,64,23,45,-110,-4,16,-6,-71,76,-91,-49,22,80,63,15,58,56,-138,117,-55,15,-70,-110,106,-74,-115,-57,94,-71,-78,17,142,35,75,55
41,54,62,31,-167,39,-15,157,-50,-53,-63,-21,16,125,-42,74,99,22,47,93,-52,110,164,88,-82,-43,29,14,130,85,67,13,-27,-20,-30,-132,61,-20,46,54,-14,29,144,51,0,2,23,125,82,-101,7,16,61,28,-71,-36,67,-37,19,71,-12,-48,-114,80,-56,73,-3
-11,20,-57,-54,50,124,29,26,36,70,195,-27,50,94,77,86,26,88,9,8,20,-5,-72,16,50,53,-36,122,-4,75,34,77,-86,88,34,72,-45,101,98,89,27,-1,118,-81,36,-1,-24,89,-68,35,-24,-16,-100,76,108,70,-2,-27,-24,164,90,21,39,-15,19,17,-5
62,43,14,-12,-19,-9,76,-44,34,70,108,-11,73,33,120,74,77,109,35,8,-96,-22,36,82,-18,1,109,-35,-36,102,-37,-43,-88,40,-16,-41,-34,48,61,-132,77,8,-6,7,97,4,-35,37,32,-77,41,48,-24,-101,-36,100,82,63,-9,44,-81,23,20,70,3,6,73
32,-36,136,28,6,-15,9,-31,-129,-85,43,-45,97,65,72,-5,-80,-8,-24,-5,-112,-146,38,-86,14,-44,128,122,-28,28,20,76,-16,51,-36,-122,120,2,177,66,-132,88,-62,-10,128,-52,-4,-54,35,-28,25,12,33,21,30,21,1,-38,-122,-101,26,46,-37,13,-101,-27,90
-83,-148,-24,78,13,80,74,75,81,24,-111,73,-7,62,211,18,139,141,83,46,76,140,-36,86,112,133,117,-7,66,33,7,-49,39,-103,45,58,-23,-119,121,70,77,-74,140,179,114,123,36,29,32,5,116,119,84,-12,-24,-13,16,109,22,-26,-44,8,93,104,78,13,16
-16,-181,7,96,59,122,89,70,100,-11,8,45,-7,1,75,49,51,81,-52,104,35,59,-28,8,-23,61,105,-77,137,-108,200,14,1,78,120,159,37,-11,-9,-40,-31,-107,17,15,34,27,-64,98,70,108,21,98,126,-14,-223,60,28,93,-53,-39,-11,-54,72,118,58,-1,1
-22,-9,-40,47,122,239,11,12,-133,80,-4,68,205,90,0,13,205,86,79,33,-58,35,133,62,-35,22,84,54,144,65,95,27,-38,112,31,43,38,78,19,111,109,44,109,6,68,40,-37,40,112,-58,-84,-4,68,-29,-12,129,-15,32,23,166,73,-20,-76,-5,66,112,-76
-23,-7,9,167,53,-12,188,11,-29,-27,70,202,75,9,-11,18,23,64,-63,-7,-71,-17,145,41,13,-92,-14,-16,-18,-9,82,-148,101,136,3,-21,58,23,100,147,-12,55,153,-86,-17,125,3,24,123,77,-2,87,20,-65,-46,-13,-66,48,74,67,109,1,-54,-60,76,-7,-24
-10,53,69,110,-71,-74,-134,-15,30,17,-103,10,6,257,69,112,-45,40,125,0,-38,48,-69,41,25,-2,88,108,14,90,-75,-12,43,-12,-63,-87,47,-3,122,85,-21,76,50,35,92,54,32,123,-5,17,135,-33,116,21,3,-17,112,53,91,21,-20,74,65,-66,-18,-9,-13
56,-91,23,-6,81,136,163,55,58,-50,65,18,-25,66,17,90,88,89,73,-25,113,-31,-15,78,107,148,-33,52,48,-193,73,63,-2,-85,73,51,-62,-142,-51,6,-7,29,45,202,61,-37,23,-5,94,-52,-18,6,15,-19,8,118,-99,20,-35,-14,125,72,37,8,-131,71,114
-23,-46,-92,-137,99,-16,61,5,-1,25,19,-88,138,39,-32,209,73,-4,23,27,70,-15,52,76,43,13,60,-72,-104,-48,51,84,37,-78,-3,-82,-136,9,-25,-122,118,-40,-8,42,36,-60,12,10,-4,-88,43,69,-46,91,50,-40,13,-52,-48,104,14,8,-117,118,18,96,9
35,37,-80,20,29,61,-119,82,153,-9,-30,-45,-59,109,27,-29,26,104,122,7,35,6,40,47,-17,-18,-3,119,225,138,11,-145,-47,71,146,-30,-56,0,52,-14,-41,23,-36,-70,-39,11,24,-21,-47,124,-76,93,19,64,-99,-20,-16,-22,162,50,59,-9,-51,-89,41,-101,18
-64,-34,114,-95,-108,74,34,77,-10,42,14,-5,110,119,69,-85,61,50,-45,58,7,44,-38,22,-133,144,6,175,-18,48,42,2,27,33,25,59,156,-31,-14,61,-3,23,-4,13,-24,-3,32,-126,22,38,-57,-138,-96,81,22,81,27,-6,-11,41,-86,-23,1,60,28,22,-46
-25,-20,-3,152,86,163,116,-40,-58,168,158,71,72,48,185,-47,50,59,7,-27,3,101,0,-15,19,2,32,157,5,28,-82,-52,-91,81,-96,31,71,25,165,-53,-55,-90,73,-65,88,52,-73,9,38,44,3,94,-65,-7,59,33,13,207,-45,24,-14,-62,-9,108,37,40,18
59,107,17,0,-99,-36,-72,-79,-81,-77,-30,-134,165,55,123,57,148,21,80,-40,-131,-71,65,-9,-53,80,32,-10,20,58,-106,-5,55,12,-53,-1,82,-121,-38,67,61,-21,8,83,-41,-65,31,21,71,-8,-12,-63,48,-188,94,-37,-40,40,56,-42,-56,-28,-37,-149,-22,55,148
97,159,74,162,26,94,111,26,-54,52,39,-4,40,27,-39,183,95,90,37,54,-77,-33,147,122,59,-61,20,-52,27,6,52,163,-94,50,-49,92,-66,167,13,-72,61,81,172,-51,49,51,-60,146,64,63,14,77,59,56,17,-4,130,116,-109,73,-11,-4,-28,97,87,130,85
-13,25,9,22,-32,95,14,14,40,124,74,54,30,2,44,14,-10,112,110,2,72,19,-8,99,50,44,3,106,-40,50,111,-17,12,-9,19,52,63,-22,-21,18,110,67,76,145,-4,-53,1,78,90,-17,-102,-17,-56,38,67,-2,-8,2,-88,41,147,76,123,137,45,60,32
-83,-3,36,73,-1,55,154,-20,-66,54,20,-3,-15,1,128,167,5,-24,57,12,75,7,36,150,-161,43,48,28,-37,-83,3,94,0,31,44,-2,134,-75,-81,-95,15,114,108,58,36,-3,-27,-7,18,-81,-25,65,9,74,28,30,100,181,-2,18,59,-10,-84,9,4,35,-44
2,-13,34,113,78,-3,-51,-29,70,-43,-8,80,120,185,74,141,37,112,124,-9,-39,63,-9,75,41,14,62,23,102,36,2,-146,-32,134,30,12,71,81,103,-12,54,24,73,-21,131,14,-112,32,97,83,60,99,93,25,57,65,45,53,92,33,-95,-23,17,-12,16,-33,-12
-45,-78,-54,109,120,99,76,-21,-72,-50,-45,17,165,-23,-44,15,118,52,-82,121,-60,-33,-3,-20,207,40,-51,-59,37,-139,-77,-17,-34,-72,-23,45,-67,54,25,62,46,-141,-43,-80,-31,53,23,-36,-44,87,63,49,21,-53,-45,-68,-52,26,-5,-1,-20,42,-16,8,-3,15,20
-31,-31,25,40,30,86,148,-47,128,87,15,113,65,29,118,-7,91,77,-22,48,94,64,-18,-56,-31,52,-73,34,115,-18,-26,-25,-46,-5,-48,73,-104,63,126,121,51,-81,30,84,5,63,19,59,96,5,120,60,-42,-8,50,-8,-29,78,3,60,-14,40,32,-126,-63,9,24
4,-16,63,40,-31,-2,141,12,74,-43,-35,5,-48,-48,78,72,16,-83,39,-53,51,4,11,72,99,87,16,-77,53,-157,-44,50,87,-49,20,131,21,-72,-61,57,88,-39,132,100,161,52,49,163,15,-70,142,12,124,-26,-25,21,-35,26,-46,2,66,49,22,-20,-137,85,39
-88,18,-119,8,59,24,25,82,44,-2,-54,-13,-31,18,-20,-14,60,-27,-112,90,-61,12,-59,-14,59,-44,-52,52,74,44,-46,-37,19,-41,143,86,111,54,32,-39,-53,34,114,25,-64,-159,-27,42,-21,96,-41,67,100,-24,-118,60,-50,19,49,32,79,-43,4,-3,-104,81,36
-10,89,-83,-48,34,71,-34,-57,99,65,-50,1,104,36,131,50,47,70,175,-34,31,14,89,53,-11,48,-92,-17,22,36,94,81,-17,21,1,30,-65,52,65,72,136,25,35,-58,-6,65,120,-9,-32,-37,60,83,-56,-43,45,-119,5,31,-32,131,87,108,96,-68,60,42,94
12,-11,48,-39,-27,22,134,17,18,88,-79,48,118,23,105,123,-13,78,34,123,-40,-55,182,62,-39,93,134,112,-73,-11,47,71,-55,8,25,-77,-28,-65,40,19,72,117,-48,-10,52,120,160,-13,2,0,64,42,-6,57,-29,-199,84,31,-58,131,31,110,25,23,54,46,66
118,30,75,-7,116,-77,-3,-20,125,-80,38,-107,-13,40,35,44,94,-19,-39,28,84,135,-86,82,16,43,-91,-20,68,5,29,-18,-3,90,34,76,20,-34,-36,10,-87,-51,6,39,31,-121,-104,98,-67,16,-5,50,-5,-53,-49,53,-59,-142,-42,-25,-43,-56,3,-21,-21,-103,-151
77,44,-57,20,-31,-17,-58,-55,15,-21,-53,-2,-48,79,-5,-77,5,-146,49,13,-39,-33,-80,-15,115,81,-26,67,69,31,-71,-98,42,-78,29,60,-1,-122,27,-24,-65,-2,-110,-11,-129,-39,129,81,90,53,-77,58,-70,80,-130,-115,4,97,67,-26,-105,-4,41,40,17,46,30
-121,-112,-8,24,-81,67,169,141,1,-5,-2,101,158,78,-15,10,-46,220,77,4,-94,-4,-21,18,-94,124,32,-57,-30,-9,128,100,126,32,75,21,92,-39,77,-8,66,24,65,52,39,32,-15,46,57,-16,-34,8,-2,67,39,6,10,38,5,-1,-5,95,-14,67,43,-72,68
62,35,27,6,-6,72,17,74,-16,-29,10,-47,-10,-55,-1,35,-5,58,-107,52,55,-5,-59,181,4,14,94,45,53,40,99,55,65,162,66,121,190,-15,-87,20,75,68,5,81,40,-102,-37,42,32,54,-6,43,-24,136,-58,-100,-47,7,-114,63,89,-11,119,129,116,75,1
-148,-57,-122,-59,83,62,-18,-30,36,13,11,-5,111,-58,34,0,18,72,69,134,4,73,37,41,108,-1,-10,-27,-56,110,71,57,86,-43,106,34,-81,-9,38,37,56,31,56,-53,1,-57,-21,114,-100,69,77,37,-32,32,53,21,-9,-89,22,127,50,41,-107,-22,-25,47,49
74,4,-3,29,39,55,-10,112,18,23,-85,14,51,-20,-17,17,-4,77,-98,135,62,-5,-34,3,-110,-9,-59,-102,104,28,-45,-40,55,52,72,29,50,51,-73,-28,46,-81,108,-44,-39,33,-118,74,25,74,-10,-81,-29,-17,-24,64,-145,-19,185,55,37,-62,-33,-27,-81,122,-56
-3,-36,10,60,-20,-13,-19,-122,-37,-42,12,32,35,4,-66,-86,7,-27,-13,77,64,41,24,33,-117,-42,-129,32,-6,-13,4,-84,46,1,-30,-4,-81,-99,-65,-3,-13,-50,-85,-38,-37,51,-67,-78,-11,22,-3,-13,-58,-107,2,-68,7,0,51,29,-43,-15,-52,-28,154,50,-97
46,-126,70,6,18,100,156,59,79,-129,11,29,155,-62,-4,61,-2,124,-74,103,-94,1,33,120,7,29,73,-125,54,115,130,-26,-11,103,143,54,33,16,41,-17,51,23,-9,-85,41,-19,-49,153,-29,26,-24,126,7,44,16,78,29,-71,36,2,-132,-86,-64,-21,-57,-16,50
37,-100,93,126,21,-12,143,60,58,117,66,86,-89,38,10,-32,-28,-106,-46,71,159,58,-50,112,-85,16,-49,83,7,-86,242,149,59,-153,82,102,13,-8,-146,-16,11,-21,2,66,-5,115,17,43,76,50,-64,-98,25,132,-36,52,83,15,-72,-8,18,74,81,75,-7,16,-110
103,83,44,105,-38,-18,145,11,69,213,-59,49,48,63,47,85,57,41,36,-84,-8,-49,156,124,78,6,133,161,95,144,-5,49,-50,35,27,26,-48,119,-11,110,118,157,97,135,36,41,128,-9,90,-4,-69,46,80,76,-16,-16,84,56,-26,4,81,40,60,-25,-21,17,18
4,-40,-48,18,-1,-22,59,20,100,7,61,-98,17,-31,95,18,165,22,12,30,95,15,-118,70,39,56,-30,-30,102,-169,50,133,-95,-15,50,182,-21,42,-128,-150,81,-43,28,-13,-2,-56,-58,43,-86,91,-57,14,33,7,-103,-8,-18,-11,-50,-46,25,9,3,30,-38,-62,24
24,-36,24,33,47,-11,-146,19,148,-37,-102,56,-33,43,35,70,-36,51,153,60,1,-30,9,103,-9,83,28,-60,-31,108,115,31,-11,-10,106,12,-50,-46,125,-50,10,46,-155,-26,79,60,58,-62,-9,-55,96,-8,11,-14,-30,25,13,-28,3,-95,-103,27,59,-15,88,-99,170
-127,-25,-27,-46,52,70,17,-168,148,66,-5,-31,81,75,114,-7,32,19,63,-40,-8,45,-91,-125,71,48,-61,52,35,-140,-127,-6,53,-6,-83,70,-12,12,28,-120,0,-15,9,32,8,-69,-3,176,39,-12,42,127,6,12,-40,-31,115,150,29,3,20,141,19,21,47,43,65
3,-6,31,89,-19,17,147,-10,-22,-4,149,77,50,26,11,123,156,175,-151,117,-64,-75,158,89,-69,-120,26,15,-54,28,129,142,-39,-34,-32,-58,26,27,25,92,93,49,146,43,129,158,-8,52,-9,-4,-19,99,99,-92,210,21,119,-32,-103,74,65,-19,-55,16,56,131,19
10,108,-55,-24,-20,104,2,139,65,137,-68,136,153,-24,61,46,-9,156,38,166,50,-51,112,16,-114,109,88,50,184,227,109,24,112,114,149,135,67,-31,-63,110,104,60,39,116,-39,-6,81,29,18,25,-48,58,-30,5,47,39,3,-3,47,70,86,37,164,-46,64,65,-23
87,20,95,34,-124,13,106,144,69,-107,7,-32,-16,91,75,64,-6,147,-3,53,-74,-164,34,164,-50,-31,132,9,18,34,167,20,21,21,130,42,146,-60,33,89,121,-16,105,45,123,73,61,-2,96,-53,-1,33,-42,21,-2,32,-133,33,-23,9,-83,-27,-35,105,-3,10,112
-56,4,-10,38,45,14,85,117,56,123,-92,95,164,203,63,33,1,112,-56,78,26,-18,7,43,-37,102,28,68,81,79,68,-16,214,33,179,96,162,143,107,-69,145,19,87,26,-52,-4,34,150,138,33,-82,48,62,145,-88,-19,-73,104,104,8,-6,79,5,76,54,62,85
-13,-30,24,116,17,-5,121,24,-62,-9,-109,-55,125,101,45,88,195,19,104,111,0,43,117,22,-42,16,55,88,55,24,-27,54,-144,-124,66,-84,-25,24,-91,52,35,-47,117,-10,-73,8,48,32,9,-23,-12,-25,61,54,-8,-6,99,140,-9,53,-42,25,-155,-37,-187,36,62
16,-35,8,-26,57,38,121,-129,42,-95,-12,-19,143,45,105,73,181,147,116,-16,-105,-64,34,40,-30,23,-1,-16,-11,-128,-54,91,45,140,10,95,97,-111,39,7,42,-57,-11,-41,180,32,-68,89,-29,-20,27,140,-25,34,-70,-50,-48,109,92,25,12,68,-125,-13,-77,54,-51
