0,-45,-1,-1,-28,-45,8,20,40,-20,-25,-19,3
-14,72,19,-5,23,32,3,49,-28,-2,-27,-32,-6
83,75,-36,91,-7,21,-39,-22,-10,29,60,0,45
45,-72,25,21,-58,-34,30,-7,15,22,39,23,51
19,-7,-51,-8,-5,33,19,22,-27,-4,-13,45,38
-15,9,13,-22,-44,35,4,-10,1,1,-46,-47,-46
-21,-23,49,-13,-36,14,87,-31,0,12,9,-21,-4
48,-9,55,8,2,59,0,10,4,-30,-25,-27,-32
62,-36,-32,23,-26,-46,-35,17,82,-6,12,-3,14
1,-30,-12,-39,-34,51,29,-25,3,11,-27,20,-13
-7,15,-65,2,43,-29,-29,42,55,-47,19,-14,21
-23,44,-23,-27,-9,62,21,26,-45,22,-37,18,8
39,1,41,35,-27,-26,16,-25,11,57,80,-11,51
