66,87,49,-55,20,64,-42,62,154,133,-117,-62,-11,103,-29,97,39,121,-32,27,70,106,-62,54,26,211,67,199,175,-211,135,-33,70,33,-109,85,65,133,-20,34,154,-12,-69,26,-3,-10,12,-124,137,13,-23,-16,224,64,22,-47,8,132,31,-35,112,-102,171,104,183,-102,-10,23,-28,18,-60,103,-61,181,185,165,121,98,-122,16,-65,-28,-135,-33,-41,-13,111,160,7,159,98,-8,18,22,-30,-31,2,11,12,-29,-107,25,33,-14,-73,-6,106,-71,170,131,166,-89,197,142,-32,28,128,-70,28,107
92,131,128,122,-2,-84,-54,154,162,16,7,-22,-84,256,57,-4,-102,-289,-47,-95,134,-73,-85,54,0,-50,24,39,35,-49,14,104,23,-208,45,-2,79,-17,39,150,46,74,21,135,150,76,17,-39,-57,87,43,307,-116,79,-178,-65,25,39,118,7,115,186,99,28,96,32,-65,-110,12,37,168,-57,158,40,-74,89,89,16,106,5,-88,2,97,-17,-30,-19,105,114,-15,93,8,-79,93,-72,-130,95,-16,38,78,61,182,138,36,2,-187,-41,164,65,-59,-10,-52,77,-141,5,-8,132,-56,16,146,56
33,24,-14,-81,88,-59,233,30,-19,112,-107,14,-51,148,82,21,38,-101,-62,-33,48,13,62,55,104,-16,-21,-76,209,-17,102,37,-20,60,16,12,70,50,-135,-22,-72,-164,-37,115,139,-76,-27,-40,102,99,68,157,128,-4,-115,73,165,-47,122,131,80,-12,-118,27,32,-25,-29,-65,40,11,27,14,75,19,-23,183,58,-7,-36,208,11,16,40,171,-53,-7,67,11,3,-171,74,-85,-24,102,24,77,-48,159,68,-34,145,71,21,36,97,136,114,66,-124,165,19,63,-112,-43,-19,80,-46,46,108,-104
27,88,25,52,31,79,58,-86,-17,78,-67,-73,107,-73,-26,-25,87,-124,-2,106,-87,-96,154,38,162,-20,-108,98,50,-18,52,116,-36,-34,-137,65,22,-148,50,55,81,-6,86,3,185,-6,51,52,198,-44,-2,-160,-52,-242,-80,-127,108,6,98,-10,-25,-45,-103,-93,-48,83,-109,66,75,-263,35,-107,-58,-94,-133,-131,76,98,56,-32,25,65,182,-153,104,117,-87,-194,66,-6,26,30,-121,84,-84,-220,7,-92,-110,229,-100,213,298,-44,73,-171,118,-94,-133,59,-23,235,-106,-48,-29,150,-11,120,-83,-97
-21,17,-78,-3,140,-39,122,-19,-20,188,85,-42,97,162,132,52,-43,76,-108,68,155,44,-54,182,15,31,-89,-37,98,-131,-52,43,-22,-103,154,127,203,-58,-234,301,-83,88,-55,-40,103,-77,190,-145,29,26,159,172,32,17,-24,-63,-11,-1,-56,1,0,-146,114,26,79,-65,203,103,-58,26,263,-162,-111,105,13,113,13,163,-22,14,100,253,82,-32,-157,-127,152,-87,74,-86,197,-152,-40,-56,96,-22,34,119,17,87,-27,87,-197,65,120,120,-234,399,-252,48,-178,112,139,3,-138,-205,60,-29,31,-130
161,123,42,124,0,-3,-129,115,-10,-71,101,66,-13,55,92,15,36,216,-18,-82,147,103,-132,121,214,103,-32,198,-166,-54,119,68,-69,6,-51,42,1,-108,92,104,-7,105,75,115,14,43,107,80,-38,-26,0,-83,-112,-27,66,14,-123,130,35,-127,27,-76,12,-73,118,24,119,-189,-102,142,115,15,12,-97,186,76,17,70,188,-117,209,110,71,-38,7,100,149,36,83,42,102,42,-28,108,-39,22,8,32,111,70,-24,-65,95,-10,-67,38,-48,81,-24,-23,-3,7,13,100,-104,62,-66,39,-63,43
-23,93,39,-61,28,53,8,-221,-2,55,72,14,55,30,109,-88,-41,11,2,12,-33,-58,-22,164,2,0,-90,59,97,-15,107,201,-106,20,-61,-29,-42,26,-13,20,-78,8,-46,29,-84,58,92,57,109,-54,45,84,66,38,-19,-8,31,140,44,60,54,-97,-67,165,67,-124,140,-127,-55,-164,79,-122,-53,-34,43,-45,198,64,20,-119,8,17,61,-16,-11,238,88,-48,34,72,71,-125,-99,-104,-142,-21,-27,39,-68,74,-91,-12,-92,96,-84,48,-27,-35,-142,-102,-45,149,-7,-23,-13,-23,-24,-22,-32,42
55,71,170,199,80,116,-315,72,-42,132,25,132,-56,190,30,68,-59,-60,-6,-110,89,30,77,100,143,-27,-61,-51,237,131,107,203,96,69,-160,190,105,95,-143,-167,-106,98,-31,-26,52,38,-12,107,121,28,108,61,75,-2,-157,141,-78,11,2,-7,-119,-80,128,51,80,57,-9,45,23,-16,70,1,36,279,-149,84,-18,69,-163,-39,-128,113,-112,-142,29,-64,51,-132,-6,18,-60,-60,194,91,-116,-7,-80,-18,98,179,11,113,65,-6,-44,85,125,180,79,-76,-17,63,36,-33,-42,91,-13,40,-29,166
33,105,22,47,36,37,-9,-153,-8,14,43,10,-48,20,106,123,-45,248,-10,85,132,197,-83,36,114,134,163,44,173,82,-13,17,-51,43,2,167,81,-41,-12,182,91,-40,83,-33,7,-105,57,-75,99,11,54,-95,132,-72,50,94,-47,61,39,-36,68,-102,-51,-98,49,-96,-60,89,135,67,120,111,-49,-76,141,81,64,-96,52,-85,-177,21,117,-79,-5,-23,-166,117,13,-41,97,-92,-41,35,47,99,-14,69,74,-42,193,-80,15,12,21,51,15,69,38,-68,148,12,-94,172,72,-36,-36,14,180,123
-47,3,-93,-64,-130,-80,-42,1,144,-38,5,-131,-101,-235,96,-15,-28,42,56,-79,74,-62,45,11,21,39,-8,21,-10,38,14,-59,-46,53,-23,142,138,-89,-53,22,-39,-31,22,-15,-138,66,-35,84,132,25,-4,119,-175,-28,42,127,-95,129,-123,10,-48,53,-32,81,48,50,-21,84,90,42,91,-124,44,82,-132,187,-15,169,1,-27,-49,173,232,-141,169,35,-64,66,-93,56,-34,69,9,18,32,119,37,105,-41,-144,-21,75,97,128,-70,89,41,45,103,56,-116,45,31,15,-115,-18,-129,50,36,-30
-171,65,-153,-126,106,-1,-103,93,44,62,-3,51,94,44,25,195,19,52,-6,136,-158,-10,154,163,-119,-46,-51,-10,37,76,15,74,5,-139,-53,43,125,-78,-241,75,-7,109,-234,-49,-58,9,73,13,-11,-36,-133,79,45,25,41,-80,-37,71,-74,-185,17,-51,103,-26,-189,53,59,152,0,-29,-193,63,-67,126,-28,-66,-40,77,130,25,-68,-238,84,57,-118,121,-121,51,105,123,-70,45,-6,233,-23,-51,22,-95,36,-117,117,131,86,183,157,33,-47,-39,168,-112,-52,15,217,-83,-84,-17,29,-152,81,-31
47,183,29,255,-70,174,-3,-20,-2,85,97,27,-52,44,-102,43,160,-83,-59,-56,-87,20,-47,177,-199,-132,60,71,20,83,45,161,5,32,110,64,77,37,-83,-147,74,-65,-65,135,-53,22,-69,-60,62,84,9,68,18,69,25,-38,67,144,23,34,72,-86,202,-153,-216,85,-93,124,58,-63,-2,17,153,184,-61,-69,-57,119,-203,97,36,172,-49,127,146,2,-33,82,10,166,-7,130,-172,-3,-22,235,-53,-9,58,-30,110,-30,-43,-12,-15,-244,-46,10,-3,48,94,-27,26,71,-70,-69,-22,91,-107,43
-52,63,-33,-102,219,85,287,60,23,-88,-46,-74,39,62,-100,-87,18,188,163,-95,2,-52,256,-181,52,97,175,-48,189,-27,93,78,97,297,5,138,16,47,125,-21,4,215,-105,81,-121,36,-61,-18,154,33,-20,-48,156,-16,100,68,12,-74,152,257,-121,224,27,174,67,51,3,54,-83,-19,-196,91,-108,-88,20,-22,-32,56,99,140,17,-30,156,168,35,121,-52,209,-106,57,61,-11,40,85,-1,56,-3,61,87,-70,224,-43,250,193,-43,2,42,-64,112,113,129,152,131,-30,220,101,9,-24,137,-64
298,-14,107,-1,72,249,80,65,107,53,52,-68,108,112,14,85,-5,53,-26,-137,126,31,23,-67,49,238,93,77,-53,-82,73,202,100,38,36,249,78,97,87,11,88,22,51,19,48,223,59,23,159,-70,-30,14,45,88,-1,46,-39,230,-5,216,52,182,-19,-52,231,-101,114,73,140,107,118,133,-123,110,35,164,145,175,-13,-83,120,85,131,97,207,85,4,165,-92,122,112,-69,103,22,-8,79,84,-115,98,155,-15,-31,306,141,-41,16,151,18,135,-62,-4,91,-85,-7,-26,160,141,60,58,73
-1,41,-16,-105,6,1,113,-87,130,-124,17,-18,230,55,25,58,104,59,82,62,-33,126,58,67,-10,-65,-143,71,-59,-8,-23,24,14,50,61,64,41,-153,-31,-93,-30,21,-54,38,21,96,-56,-113,106,-148,160,-30,-32,2,128,28,116,47,71,30,106,-44,56,44,-46,-26,55,83,25,161,79,-45,36,17,41,106,113,131,0,115,136,166,25,155,57,48,-85,38,66,-65,46,-68,69,156,2,199,103,54,133,-167,158,68,-160,-30,-46,99,98,63,82,-73,-5,55,57,115,-78,87,90,-34,-162,-77
68,102,-114,55,108,21,9,37,-48,-163,-62,-71,-242,146,-109,83,63,-8,168,99,-27,-73,-9,-106,48,99,108,104,231,-80,41,125,43,-25,11,-28,111,-9,-191,80,-119,24,-27,-2,-180,144,-45,141,159,48,-108,-81,-205,-84,-65,119,153,-31,104,-65,110,-114,30,99,-99,97,121,13,62,-119,-75,-52,96,-8,-231,-39,-49,-11,242,55,73,-6,83,-19,122,124,-23,40,46,55,-110,185,119,196,-80,-37,152,3,34,-69,56,-66,73,33,34,-151,76,-93,88,159,-75,62,-20,-60,-252,81,-80,101,51,-58
4,-53,105,12,205,267,152,171,-2,203,35,86,170,66,-94,92,-71,152,116,1,24,155,4,16,-28,141,-7,45,255,98,-49,65,63,58,-107,-35,240,102,56,2,49,-76,-63,93,103,226,-17,-153,152,-80,22,51,145,38,76,217,77,74,121,206,-62,-52,49,230,134,-140,76,72,-47,-110,72,-93,-6,216,75,101,115,260,-73,30,50,123,39,77,62,-63,202,31,59,182,78,57,-251,-57,151,74,90,216,176,-2,128,165,32,-101,168,47,-100,109,-11,-92,-36,16,25,70,60,-217,-64,37,52,113
144,-14,-23,5,63,17,42,155,-62,68,146,116,86,98,-54,2,-8,54,-104,-93,69,20,94,-17,55,76,-14,-114,46,106,28,-13,64,-4,43,59,-22,-10,62,-6,-116,4,-69,28,87,52,109,-1,113,45,66,54,202,-83,-56,122,114,-29,247,204,25,-43,158,214,45,-32,113,73,68,-57,131,-33,93,30,85,85,-127,92,-41,155,-57,16,-79,-57,-1,-10,138,114,-171,128,49,-113,-185,-66,44,-6,73,5,54,72,144,116,269,39,-95,34,208,133,-46,-75,29,41,30,117,65,38,162,201,-2,57
110,182,-6,-5,-51,98,63,-65,126,-86,48,206,-2,173,85,-56,3,115,73,7,31,-99,6,29,29,-155,-5,58,-69,134,133,-73,-205,67,-25,-22,-76,93,-96,88,-2,20,88,9,-90,-48,1,-42,-14,35,179,38,90,129,-113,-27,-52,52,138,-18,-7,16,-46,68,-78,29,17,41,-49,183,54,41,70,93,-41,77,-30,159,-37,-3,259,83,-47,142,27,61,-52,113,-1,-63,-28,-4,32,22,8,69,-23,39,160,-181,-88,-23,183,-84,107,83,-34,115,14,17,126,54,49,54,-68,116,-149,-12,21,86
-66,125,85,-180,126,189,100,111,60,-6,57,-43,88,167,-53,216,-123,-22,65,-5,23,29,178,-46,37,-13,123,63,70,76,-33,61,161,-38,-2,-21,134,98,-135,-56,169,-10,129,162,115,-4,54,143,27,8,-66,77,74,-26,53,120,118,111,95,30,107,-45,103,-26,219,141,88,132,142,43,-38,192,-196,-22,-87,216,37,5,33,-33,-43,-1,224,169,100,-54,45,154,22,32,40,68,-82,-58,96,65,-62,173,-92,97,149,114,60,-2,283,81,106,26,-4,11,75,-103,32,93,87,-18,25,-48,49,-15
-83,-33,-22,-7,64,-20,-91,114,-13,8,188,-8,166,63,4,92,-41,-19,12,-107,21,14,-83,72,-43,-45,80,79,-71,-55,59,55,-111,26,76,149,43,6,-135,27,101,55,79,-18,227,41,8,-77,-148,72,61,-109,143,90,46,215,-33,214,-68,37,-6,-19,142,-135,235,-78,36,-104,53,107,90,-28,-25,-20,30,101,141,-117,156,56,134,-56,-123,-17,10,-12,54,178,92,-40,165,-79,43,-30,53,83,29,-4,106,-134,-118,7,-19,-36,-92,87,-152,-29,9,14,0,-78,-110,-28,56,-9,122,55,90,-29
156,-14,42,-6,-131,22,-19,7,21,93,86,-36,-16,105,77,-47,156,202,55,-57,12,48,-6,44,150,109,68,86,-122,91,135,91,90,46,126,12,-126,88,55,122,-3,165,113,-23,-79,155,-25,44,-9,-76,65,-65,-57,235,-48,279,36,108,-209,-114,1,54,19,152,212,-116,129,30,61,-95,129,53,32,-15,-28,213,140,141,-86,24,113,173,195,167,-34,66,156,23,40,125,18,206,-2,86,-8,182,162,28,-109,-17,-28,157,104,86,87,100,232,-182,3,8,-44,103,21,152,24,69,50,53,19,122
42,97,84,137,188,185,34,205,90,-16,-182,-16,-46,99,67,-76,54,-64,-8,92,66,119,124,-67,225,138,185,-41,23,-44,-57,-38,55,-100,-33,48,196,137,62,-58,34,-83,-121,63,64,-62,89,90,132,-2,123,229,-45,-146,-66,-24,36,-65,140,212,38,-163,-65,8,80,65,130,23,80,47,125,142,156,49,41,147,-10,90,1,52,-29,46,28,257,104,235,126,-91,-6,-138,-7,-101,167,11,184,-125,-10,8,129,150,234,35,149,69,67,-97,120,192,51,-31,-16,-79,-21,23,-65,11,114,194,24,-3
-54,-73,58,-95,177,40,87,99,136,18,-121,22,53,-76,-15,-78,125,139,329,-24,56,-110,18,-171,24,112,59,143,-96,42,95,51,-25,74,44,0,-17,111,76,79,98,168,85,-26,8,122,-67,12,44,17,122,29,28,91,56,100,-32,72,36,219,-63,16,-48,191,140,-124,11,54,64,-21,9,-44,-78,-256,-26,-117,114,67,96,148,113,73,-21,124,26,-77,204,21,-15,22,89,45,-107,85,51,17,70,-110,0,80,-122,152,111,8,27,27,60,74,51,-44,119,60,116,-10,44,48,58,95,126,47
151,94,202,-88,206,135,-71,103,237,17,5,-100,68,144,60,-73,18,172,58,5,146,90,58,33,8,86,56,218,-12,81,96,78,59,58,-71,-66,138,35,-17,-27,63,35,-3,29,57,39,132,-44,102,-191,65,33,-37,-24,-112,221,136,265,-115,4,-29,53,140,166,73,-12,176,57,173,6,10,-100,-174,11,-49,232,76,44,87,74,17,-123,24,68,-2,89,4,85,-1,97,118,208,106,244,-87,71,161,-30,-25,-121,76,2,51,4,7,57,12,-48,-61,-107,68,106,-33,-55,61,98,17,91,84,40
41,87,-30,-108,85,151,-46,-138,-104,72,185,101,87,83,39,-160,171,15,-253,-64,-31,49,202,193,123,-36,-58,52,-154,44,120,46,18,-16,-52,-10,-60,21,42,-7,5,-35,42,69,1,-41,-94,-22,14,17,194,-38,-31,-45,7,-61,23,108,-58,-17,15,85,74,-115,4,49,-4,33,18,-9,160,39,-98,-23,136,85,69,40,-194,-166,124,-9,112,12,-157,134,94,67,34,-15,25,-21,-184,11,-5,-22,50,2,46,89,-20,72,183,-63,92,115,55,46,-125,84,59,14,-66,-7,133,21,-21,15,18,60
-5,-75,90,-170,56,140,-35,-11,142,-69,-152,-92,-45,-84,-26,66,30,-121,-49,60,44,40,78,31,-232,202,39,-70,-55,78,-125,-33,53,-40,-7,33,45,31,62,111,90,122,56,7,-42,161,1,111,34,-12,-198,173,-94,91,-89,-145,-66,8,-63,172,-10,37,-22,-12,-52,-44,-123,37,100,-130,-37,-135,-65,-4,-105,35,48,167,214,-17,-39,-208,258,88,94,50,-72,-6,19,68,105,149,-23,-82,34,-165,-43,-70,-53,159,41,135,113,113,-75,-59,192,-84,-71,-63,85,222,5,-28,-24,82,50,-17,71,-166
90,147,303,112,126,105,-78,128,43,120,34,117,0,-60,10,119,200,270,116,-9,-9,265,-136,-46,66,105,325,85,81,3,109,21,77,22,-47,-80,36,119,83,113,84,-43,-6,88,-149,-92,-83,-52,-77,115,45,133,116,158,-42,104,139,-52,-79,-12,-117,81,98,32,120,81,53,77,-39,98,217,41,118,268,156,31,46,151,104,-14,35,142,183,41,-63,-38,209,65,133,95,102,163,-71,-90,5,-18,79,30,147,-26,23,8,-112,62,-171,75,41,-68,168,81,18,16,52,83,44,51,-66,81,253,200
149,-31,125,-41,-17,18,-13,54,28,193,-76,6,37,83,90,65,148,72,94,11,-49,17,109,150,-179,159,22,-14,114,-66,63,25,50,-62,189,167,36,96,-20,-45,0,74,-18,-93,154,28,-16,-113,4,-60,56,55,139,118,15,-2,101,133,112,-26,49,-62,12,-45,45,-65,115,16,-58,125,87,105,69,-20,-33,27,138,36,-11,57,-53,-47,-53,68,-19,-192,68,-51,-99,-47,98,-112,-15,83,-48,-9,-2,81,165,15,24,135,27,112,119,71,42,118,14,16,-69,-153,-1,180,82,-46,-129,-23,155,124
225,19,-186,35,94,93,167,-69,-223,10,70,52,-23,147,87,-6,82,64,-24,-131,183,1,13,85,-118,-21,65,69,28,186,-75,80,75,118,-88,-104,-73,158,74,28,24,141,-163,-11,2,-93,-39,13,17,140,189,12,-42,16,35,13,36,189,155,-56,45,103,106,97,-165,0,81,86,20,-91,28,58,-156,-185,113,98,12,-20,-32,17,86,-68,-23,138,-48,25,-83,-61,-76,-35,13,45,-39,201,80,13,-23,-76,79,96,-20,-56,84,16,24,-103,-39,28,-77,87,1,107,87,79,59,150,-131,44,148,26
-146,2,189,-64,92,-85,77,2,11,27,-126,-82,-3,-156,116,-39,126,139,82,-16,-105,122,106,-83,195,174,89,245,139,-58,86,19,55,-14,-2,-12,116,-12,105,119,157,151,64,-68,144,-23,131,-101,179,-21,192,-34,136,78,-92,86,-127,-94,134,74,-47,-105,-57,91,198,-59,-11,12,-8,-54,286,-26,190,76,50,22,108,134,-69,-121,26,235,184,136,47,-43,7,-27,6,-42,97,21,62,-113,88,89,239,117,-64,-39,-112,94,203,-54,-112,198,64,334,19,-126,-36,85,48,-35,-7,118,59,244,64,118
134,250,69,108,35,187,34,175,22,5,82,157,-20,199,130,34,74,173,-33,66,42,-39,162,107,-85,26,37,19,-105,120,129,-50,-50,-14,7,-59,165,19,-161,60,5,39,26,-121,76,41,189,101,-35,-53,206,151,11,86,40,76,-69,-50,26,58,199,32,46,-152,-59,62,171,169,-17,98,-10,-1,-111,173,8,9,-132,-85,-124,-13,-23,10,-9,145,-49,195,155,-18,-58,-41,-38,33,23,126,-24,-6,88,-64,42,-21,179,20,59,-104,96,43,-4,48,-24,202,49,-49,74,154,-44,-47,-114,134,72,-52
119,-24,98,-71,38,60,132,-78,-106,-186,-6,113,-84,10,49,6,29,-51,-85,85,-190,189,148,54,17,-82,49,-140,-61,-60,121,-4,107,69,43,-52,94,21,196,-90,32,-42,29,56,-76,94,50,-87,132,-41,208,70,173,109,47,-28,-20,-19,7,162,58,165,207,271,-185,94,20,60,25,-43,62,-76,57,130,87,110,-160,40,-134,148,47,130,-54,157,-12,-22,-30,19,-145,85,-3,42,-213,27,86,7,79,-80,-40,62,168,-94,37,23,-166,41,188,-25,-45,-82,205,61,-133,164,111,-42,23,-38,-126,21
201,109,108,22,-5,70,124,109,-55,114,90,-99,28,48,-1,-95,-40,-9,74,32,135,-66,94,260,67,-68,114,115,88,127,73,155,-24,36,58,46,131,-27,-59,25,124,51,-98,95,51,-45,21,97,-86,66,261,141,35,10,24,186,-5,93,127,-101,-75,-125,74,204,98,-141,230,-101,83,-36,96,34,102,-133,103,157,15,95,112,90,-78,-29,24,-31,81,234,7,161,-40,-72,110,57,66,-5,3,81,46,142,50,63,63,135,9,61,36,-134,49,136,-114,-151,-77,-43,49,-74,-39,-33,-118,188,-8,-1
132,124,163,-31,202,78,72,18,163,69,-74,-165,-26,183,86,66,35,4,-22,36,69,209,52,8,-108,-87,158,25,206,118,54,135,169,-55,24,137,262,175,-192,-18,117,39,52,84,118,121,33,36,69,-8,137,99,29,-56,-107,76,100,107,41,56,-77,40,-45,35,78,154,-11,42,16,79,78,7,-57,160,-174,96,203,-19,185,-101,-72,14,77,-39,-137,62,-4,65,165,-38,57,31,117,151,18,104,73,15,98,45,37,78,-41,94,38,50,161,136,243,41,-117,78,-23,-35,62,103,-32,30,222,105
60,248,86,95,114,36,27,98,-8,-119,-19,-65,-77,95,-7,48,125,-97,-127,-143,4,164,231,171,-15,-134,-74,116,-87,196,-56,117,28,7,-78,-10,-28,-10,98,3,-1,-43,164,213,-38,16,-121,-7,130,88,-5,-69,8,33,223,21,234,63,112,-107,89,89,151,48,11,126,54,242,-10,38,147,-23,7,-7,45,161,150,66,-135,169,74,244,155,8,-26,29,181,17,-54,14,31,-27,-99,91,43,267,95,-34,118,-7,142,138,30,0,-61,264,370,54,45,150,-19,11,127,252,-106,112,4,114,-61,54
-28,94,53,230,79,-115,-3,106,126,143,25,-6,-38,33,113,45,7,-155,-22,61,31,55,65,120,5,144,-91,-34,52,8,136,171,-143,-2,87,-34,72,-80,105,-21,-43,115,72,122,-13,48,91,67,-39,25,-16,299,58,114,72,163,-90,42,85,-20,-188,26,31,-19,-76,105,-18,-139,153,-75,3,-21,216,16,-165,72,126,132,-75,-91,36,35,2,-29,-176,40,-94,84,1,72,-6,33,87,-14,80,-66,-28,-185,-131,-27,144,18,-12,100,-84,-20,-76,3,-109,-179,-189,89,-84,-24,-9,5,-3,68,196,-30
9,30,-32,-145,210,156,98,12,-108,-80,62,78,-15,7,-41,19,120,187,88,-14,40,37,-50,-139,-148,29,1,62,118,-96,141,2,16,-148,-91,-27,69,60,-13,-53,75,60,72,31,-164,88,170,54,90,-89,-13,-20,16,-138,-83,-107,-81,15,-135,220,151,27,65,6,-44,-124,-3,80,68,22,35,-63,-82,88,-26,32,-96,-89,92,38,39,-152,13,78,159,76,164,-11,-209,144,49,130,-161,129,61,-9,104,51,-84,152,29,41,-89,-117,56,-7,-29,-11,-72,54,132,15,50,84,-6,-139,-98,84,-219,-86
7,9,269,5,-36,-124,108,150,-53,-6,56,-35,74,156,210,87,-94,166,0,-54,29,105,-54,-13,133,116,-55,-37,-43,0,28,116,-161,-144,45,45,-39,-12,132,-17,114,12,130,45,82,105,162,-75,42,-145,-3,-51,-23,-101,16,131,30,103,39,52,-33,-37,72,-57,246,37,13,-178,-52,-125,41,47,113,6,-71,167,40,171,-141,-100,-96,66,41,18,85,122,199,38,71,267,77,32,0,-48,174,-10,22,123,-300,16,147,-20,140,60,-14,133,1,126,81,-58,-27,-134,97,229,30,-41,14,38,-94,207
-19,101,57,40,14,-1,95,63,225,107,14,73,34,-4,128,14,-1,65,61,-4,173,219,17,-60,-96,-25,95,-36,27,59,-52,-2,-190,-46,179,-6,124,-42,111,229,78,-43,275,5,81,37,-59,59,7,6,-10,102,104,51,136,20,29,101,-89,47,-72,-37,29,-54,-30,-153,35,155,79,47,-127,78,-127,0,-153,114,54,143,-30,82,-14,186,209,-25,-52,-33,55,-60,134,169,157,269,-132,-74,110,51,-103,-16,96,45,139,90,-14,41,121,61,-32,-101,-88,-158,-180,22,53,257,-72,-51,123,45,-35,18
-24,108,-3,-50,69,130,183,67,-117,117,-114,129,-3,-52,50,51,137,-64,32,-147,139,135,1,-53,-52,-144,137,-53,54,135,-86,-7,-105,-32,-136,115,41,70,-90,32,182,161,-78,-89,78,-23,186,-32,85,65,-217,-123,71,-115,-43,2,37,3,25,74,139,-29,117,4,71,-68,240,208,-3,-7,23,93,-308,65,30,-132,-72,158,-96,180,-90,-28,59,68,-26,-81,65,-68,-95,19,55,-9,-90,100,-12,25,33,30,109,105,-42,125,106,-2,134,52,170,112,67,21,0,181,233,-22,160,77,49,-60,-30,-68
-8,-9,-5,110,55,227,-245,-100,9,102,96,-74,82,63,32,-62,87,-82,24,-107,-95,-127,15,78,97,-107,46,-9,-44,49,13,94,-106,-49,-2,134,-56,-4,-123,-84,-83,66,50,91,-3,76,-155,-19,104,-4,166,182,-68,-79,112,197,92,-90,-72,-82,-12,160,217,4,119,57,-78,-15,248,-60,-24,46,111,38,-107,57,9,-126,-123,33,64,59,-30,7,83,80,114,182,-107,55,4,27,75,-11,-105,33,64,-50,50,135,88,155,5,-9,-102,42,84,138,-93,34,51,-81,-110,-109,48,-14,85,134,-85,68
45,286,73,25,113,-29,242,201,-26,-121,-97,-37,-199,194,-127,83,42,-180,-53,103,-176,85,151,-20,19,43,28,9,99,193,147,94,-36,-12,92,99,110,105,38,2,121,-55,194,84,83,106,88,54,96,150,-5,-78,23,151,-42,112,6,57,144,171,90,41,68,-39,38,80,8,-52,138,-75,-6,-23,-17,159,-130,19,171,64,-102,131,-125,61,-156,10,-94,83,-34,-74,124,5,-9,-121,-36,147,32,77,71,-103,113,-25,87,-71,262,-21,-88,-45,196,-37,284,106,19,-35,-153,140,-18,-26,54,-22,119,12
42,-50,319,-32,186,31,36,163,41,-27,124,90,199,248,70,96,79,-10,-131,-9,116,-71,-10,83,60,-90,4,40,-141,-25,105,41,16,-47,22,-18,42,150,126,7,182,7,104,193,119,-21,81,-75,-7,-17,103,-27,153,13,6,-17,171,115,18,55,-12,126,163,185,8,37,128,-37,-46,22,-93,-176,-16,-80,66,67,151,125,113,172,161,53,-90,36,-139,-85,101,58,106,12,233,-90,9,-75,62,-140,-46,50,112,204,84,38,8,126,-32,268,94,34,42,37,181,13,18,28,214,159,57,-182,-31,89
26,52,108,-30,-22,85,25,62,-39,-82,-69,23,-116,82,-36,45,5,-20,10,49,6,-102,24,52,-36,97,-105,156,152,108,114,22,32,0,-131,47,156,12,43,68,-40,78,7,-67,-115,-29,19,136,30,12,14,40,-16,12,19,174,-92,-61,44,-68,58,-10,-33,57,102,95,149,-11,37,114,23,206,-23,150,-73,24,6,96,-46,-30,57,100,141,166,4,72,-69,-39,-118,-128,25,-67,78,83,-155,142,79,135,9,-1,37,-165,130,22,-50,144,95,125,-103,19,-87,40,-8,-132,-104,6,21,-8,45,-45
64,172,26,53,302,31,2,323,150,-90,-210,47,-28,103,179,101,83,-12,133,10,23,168,313,-68,-12,175,103,71,85,-11,37,30,73,70,5,23,83,235,236,123,58,151,11,-19,-16,9,76,-42,-31,217,54,-29,137,82,-16,-41,140,76,-16,72,-4,-13,-97,-141,-5,43,157,43,3,91,1,13,23,-99,57,-58,-73,90,2,130,-65,-131,54,107,58,78,0,-32,1,46,24,-23,138,83,24,11,-43,70,140,-97,27,52,201,-3,29,-55,274,-68,112,22,-81,74,114,174,71,52,40,65,206,-69
137,56,211,7,73,76,44,189,169,120,-124,-137,50,77,83,73,17,65,132,48,111,-40,83,154,-92,138,50,27,52,11,56,143,-30,49,74,-29,125,174,2,50,243,-30,-1,-65,177,-29,90,49,-61,56,166,195,105,4,-124,192,65,146,82,46,86,0,-96,87,28,50,23,28,3,-162,76,-72,127,140,-65,83,14,218,29,102,-51,76,72,292,163,173,157,250,125,70,12,10,100,-46,188,16,104,8,-85,14,121,71,178,72,-76,-73,67,246,46,116,38,129,137,30,21,-39,-88,178,104,7
-129,-19,94,-177,28,-21,32,87,12,141,-73,119,20,-79,-137,58,-90,11,39,-29,-45,-173,-48,-4,14,74,3,-115,87,-7,63,16,-78,-17,-68,-19,43,-13,-82,43,28,-163,36,1,37,-113,45,43,-53,31,-90,175,-18,113,26,98,19,-241,-22,-8,42,-3,-121,144,134,-81,40,-90,-110,205,47,176,-60,269,108,36,92,177,144,93,60,-96,-25,-27,161,-9,-18,67,116,-49,14,-133,28,94,68,113,-16,140,213,42,-43,123,-43,83,65,207,-90,163,101,-66,-45,125,60,-170,-161,-64,-112,31,39,-73
-87,-48,-15,-38,149,58,8,213,160,126,102,38,57,87,-19,-50,-148,144,68,-10,185,19,8,45,-13,86,8,27,288,-50,192,139,-51,44,-21,138,21,110,7,65,-42,52,-67,2,267,-39,-36,-65,96,21,-40,38,138,-13,-197,104,64,97,69,45,133,-10,-30,76,187,-12,-2,-72,81,-17,54,-35,-71,-52,52,0,-111,-14,152,127,-5,-76,15,-20,21,-58,128,41,24,29,83,39,82,-39,-190,-70,-62,99,103,97,-29,46,17,173,4,78,35,-55,39,67,-8,41,123,-118,-50,27,99,120,78,-65
0,42,104,-91,69,125,72,154,24,3,-45,-34,-177,1,120,-28,-14,-34,186,-55,77,258,28,96,131,62,-92,104,-86,131,193,164,-144,104,24,77,42,1,326,210,20,270,195,70,-76,100,93,-65,21,-49,136,5,107,112,47,4,-111,137,-97,139,20,11,-3,156,176,-25,-46,-87,14,-19,-8,-16,-1,7,-117,64,70,315,-1,106,-61,221,68,147,-109,102,242,111,118,152,122,46,-85,-117,86,78,110,9,-20,94,206,87,21,14,-71,67,208,107,79,-23,-131,124,84,84,27,11,44,106,-44,23
115,-76,254,120,59,161,78,-74,-9,-35,49,-35,156,201,-48,18,123,142,70,-82,24,98,19,179,-103,5,-73,39,8,84,65,139,131,138,-61,31,67,12,31,112,121,26,102,-10,36,19,-81,-152,18,-25,-34,-4,194,-26,174,-56,-136,133,195,9,89,150,45,-80,-93,-146,-47,53,-82,17,-189,-91,-41,63,27,-77,255,-94,-18,-17,128,106,-40,24,-124,43,-37,86,6,-75,177,-93,10,-18,-90,41,-70,40,101,61,43,-34,4,60,44,205,17,1,125,55,32,-145,6,117,2,-75,83,-10,15,28
123,-16,170,9,98,134,-16,17,-39,52,120,38,42,-1,135,72,-46,-11,-86,-73,31,172,-15,29,152,25,124,50,-30,27,73,98,97,-55,-45,108,31,5,194,-68,130,-48,164,74,9,98,144,-163,-27,-250,156,-5,88,28,-38,101,-118,120,-69,137,-9,-25,-51,112,124,-17,17,12,-47,122,129,45,106,-73,51,162,12,157,-5,-81,93,57,239,101,27,32,-41,18,47,93,231,110,-169,-37,114,101,-7,43,-54,37,80,10,101,218,38,31,124,58,76,-210,11,232,-130,-14,151,120,4,-54,75,80
-61,35,-68,-96,20,-57,-73,-234,-47,7,-17,3,-38,75,-189,57,116,-60,-65,1,-70,23,-62,97,-59,-67,-38,-34,26,-87,28,-117,-124,-60,78,199,-47,-122,-142,51,1,71,102,134,-86,-88,-129,-123,-8,105,-235,79,-43,49,-35,104,118,-40,-36,-55,43,-30,156,-62,19,43,152,30,-67,100,-19,-38,-39,-158,88,81,22,-104,163,193,-2,-174,-71,-113,-167,13,67,-34,-190,18,97,57,-175,56,-61,106,75,139,-34,1,-27,-6,-233,123,54,36,-169,-196,26,140,183,-35,-11,61,-66,-59,-128,-48,62,-122
2,-33,49,-246,80,-13,63,-115,-10,-48,110,115,161,-25,94,-108,112,82,85,-72,-59,118,192,146,19,69,123,-97,2,-12,27,26,-77,229,-63,32,-94,27,143,-10,93,-76,-2,8,135,154,-141,5,3,78,68,55,227,100,97,-56,54,108,139,219,53,120,16,102,160,-179,6,-58,-69,-5,58,-78,42,-192,170,13,-46,104,-98,107,127,-1,-109,65,40,-66,145,38,49,-25,-58,-124,-129,-177,76,-41,-77,31,193,-107,-67,9,170,-25,-6,43,9,45,-1,-65,-14,95,-76,268,230,-44,-109,23,77,-125
58,-101,10,-115,2,52,-52,-182,-10,56,-33,17,-57,168,23,88,-68,53,-146,10,90,29,-21,153,28,9,83,90,148,83,21,-48,83,-81,9,-40,68,9,-28,49,19,-130,20,75,122,-16,96,146,227,-14,112,3,109,-101,-13,185,-68,77,-47,-2,50,19,71,206,36,-22,23,173,-125,-24,-149,132,53,63,130,111,-17,-11,60,8,109,-98,63,23,-4,65,-17,-31,-269,-58,164,125,-43,97,66,-79,32,10,103,24,155,-99,104,-31,188,103,19,65,121,-117,-4,-82,-92,-47,-123,29,-34,-69,46,-29
25,105,101,-163,223,-28,97,-27,29,-14,-43,39,13,85,168,123,87,-39,-203,-19,-8,72,149,162,-27,55,18,-129,-10,119,235,-1,57,-45,130,99,23,39,98,101,-134,22,178,124,195,268,97,83,12,35,-115,-13,149,139,-94,158,80,125,-91,48,-28,152,-177,-23,61,80,62,-19,-66,-14,72,-47,-34,45,99,-66,63,80,-16,70,107,7,219,71,-71,51,-52,-26,-65,-23,5,106,-54,29,-61,36,-16,104,72,93,71,-22,142,60,50,183,-5,62,-10,49,-245,8,-149,94,-132,-39,-104,96,73,-88
7,242,-49,-86,105,273,-68,-93,53,26,-118,-97,134,-27,-197,-48,-43,-24,15,43,62,129,214,137,-46,-121,-113,191,-95,72,100,78,-104,0,-20,-53,102,181,-40,13,66,-85,-32,180,8,54,113,-45,83,60,-49,41,-28,-22,29,63,196,167,34,69,60,-51,56,-123,47,165,39,84,119,-121,-20,-13,-83,83,98,275,-5,-6,-81,-48,-117,-22,-65,150,211,90,-76,171,-84,133,69,158,-53,-23,-10,128,228,69,-190,59,69,-26,-32,-21,163,34,57,63,83,74,133,3,134,-22,5,179,91,-21,-50,-26
8,-121,152,-97,172,-28,11,28,-150,204,-63,-101,12,-139,-62,-78,-53,-163,57,68,64,106,45,224,33,-180,-18,61,-108,-19,12,83,33,-119,-67,-1,51,146,-221,28,29,37,94,175,51,6,37,-46,-216,-182,98,80,134,160,-125,32,1,78,-40,15,196,115,-26,12,19,13,33,-96,-138,125,-3,51,13,-17,34,50,90,-26,-71,86,131,11,93,74,13,-60,151,-127,-4,-137,83,0,19,-78,-140,24,-112,262,46,68,-164,53,-149,-130,160,30,-61,37,-159,-17,-43,4,-36,-155,59,13,-42,62,-45,-50
141,60,134,85,-75,51,127,175,-27,118,100,165,-74,118,13,27,53,34,-114,51,-86,155,33,204,-42,199,49,-170,53,104,71,164,76,87,130,73,-78,-37,208,-60,57,29,38,-63,98,49,30,-23,15,17,-55,-95,252,127,27,94,-3,159,129,105,-31,66,-41,5,9,142,-43,61,-86,42,141,27,109,45,95,-7,31,147,-133,-24,180,87,54,127,-131,-68,3,-215,68,80,110,-4,-192,182,16,14,-7,-28,152,49,184,-32,249,15,-33,-18,233,28,35,-44,6,227,-145,177,88,-23,29,25,127,33
-161,16,-105,34,-176,-52,-14,21,-100,-202,140,-61,20,55,-8,81,76,-69,-111,0,-83,-79,200,5,-90,-29,-78,-178,34,-9,-7,107,121,54,-82,-85,32,-92,76,30,-132,-12,-111,-119,30,19,-46,-10,139,40,-88,-10,80,-49,164,-92,-81,120,154,24,-186,-24,6,-33,64,39,55,-21,137,-222,-84,-7,94,-59,-84,-124,35,60,72,14,20,-106,8,-52,-174,126,-117,-23,-19,-42,-181,-73,38,-75,-27,-78,-119,-33,-88,144,36,27,71,-2,36,-165,-51,-130,55,115,7,-183,-36,-20,37,0,-9,16,52,-59
31,20,-28,-43,149,-275,-24,86,1,-19,73,184,-74,-2,-7,-63,32,19,-53,-19,103,85,21,-47,91,185,16,-40,93,-41,121,12,90,16,2,-4,82,28,-90,-124,-100,98,-16,73,-5,-6,10,-22,-46,92,42,160,9,66,-189,88,-31,93,109,-20,82,129,-63,-3,-28,49,-74,-35,65,45,-8,-43,84,-101,101,-38,-63,19,221,72,-36,55,8,-35,-60,-124,17,48,-39,-50,-57,-111,-117,18,8,-37,-91,-98,50,-102,57,-83,98,9,-221,-47,-147,68,-121,-99,67,72,-112,3,113,52,-144,-22,112,-42
44,110,187,-107,10,-114,101,64,-101,-52,37,27,-46,28,61,27,-125,81,-99,93,57,218,-62,101,-62,-171,82,-73,105,81,4,103,120,-21,-87,74,67,22,-2,93,66,-17,139,-131,-21,60,-105,89,77,-17,-42,-201,215,-4,217,-98,-25,204,85,72,54,-42,72,5,10,20,-80,103,-99,-6,67,141,-33,74,22,-63,96,40,-102,-68,-45,-32,89,-178,-226,-117,116,-207,64,-59,91,63,-129,61,-50,115,-8,-101,57,76,-75,-16,67,-5,-21,306,163,-199,135,66,-25,-76,4,53,-79,68,20,-55,21,148
3,19,95,-145,40,223,164,-12,3,57,108,39,134,-38,11,-6,-48,121,-39,7,-95,-19,101,135,-75,-72,-44,-62,75,-13,208,-76,23,53,-5,54,200,11,53,97,159,-5,-33,37,52,187,47,-24,-14,-78,2,77,237,146,-26,52,123,93,-30,49,47,100,4,97,4,30,-93,126,97,-133,26,38,-229,172,-60,-46,4,178,2,23,-2,-29,269,132,-78,30,-45,217,121,112,12,107,-201,73,-98,-65,139,90,-22,25,173,120,103,39,109,74,224,-166,-55,117,172,271,82,50,136,99,18,-166,151,-5
52,-36,4,-24,18,-41,-51,-17,214,91,-54,34,-79,-11,-101,-63,107,-109,5,32,-111,112,129,57,3,-134,-102,43,53,76,146,53,-7,92,90,-49,47,55,68,-69,42,39,8,127,-89,244,-24,-78,-34,-83,137,23,-38,186,92,78,172,29,16,43,-84,105,46,38,73,2,-23,-24,86,-82,-35,53,29,9,92,38,105,-64,-69,48,56,101,50,87,-31,58,-72,88,-46,81,-6,-58,-23,-65,-117,56,82,-29,48,105,-5,-7,-36,-60,-54,26,179,-78,84,18,-107,-110,-3,185,-41,64,-175,-100,-135,73
-85,-45,32,-53,211,167,-70,54,-53,-135,-50,-40,83,-4,80,26,143,92,-105,-16,-144,233,91,73,173,164,34,-1,15,-47,-13,74,46,-28,-43,222,175,73,55,-191,-15,78,6,73,14,57,195,-58,143,-89,29,-118,105,54,12,24,102,10,-92,-47,59,-71,143,43,87,16,35,-119,53,110,73,116,24,11,160,141,-87,69,-29,75,5,145,-19,203,10,7,-46,-59,92,68,39,-55,-53,85,93,-2,103,68,31,-25,22,8,97,12,-68,49,194,91,-19,-68,138,73,85,7,269,88,-60,-78,130,-14
-65,61,31,-71,50,15,-28,54,88,-23,240,76,136,46,107,138,-74,384,126,-99,100,156,35,-60,-73,-16,-152,96,79,-37,36,70,-96,98,14,124,72,40,71,67,-37,125,-16,53,-56,117,-83,-13,-97,-1,33,-64,155,123,-43,47,-52,193,41,-75,20,-47,-69,-61,120,-134,-1,-51,2,41,50,-55,-50,52,69,82,75,70,173,-216,124,-5,227,68,3,73,172,148,12,115,151,106,47,-123,44,126,16,242,-2,-71,20,92,-73,31,47,250,-23,19,-3,2,-49,-9,242,154,-42,99,-11,189,-118,58
16,112,-135,26,118,4,157,-111,-7,93,-81,117,72,-40,-40,-99,40,21,-42,100,16,-34,-36,84,159,13,28,89,94,-50,-181,87,-52,-71,-2,-97,146,-2,-156,16,-16,-33,51,-60,24,-91,-61,15,161,148,155,-10,-54,-7,103,125,-42,-80,253,-72,82,-46,-107,-83,-6,-27,33,89,70,-136,59,57,63,-99,173,70,-88,-25,-87,18,246,52,89,86,-21,-25,-46,-42,-15,-182,79,23,-85,26,-72,75,251,-10,189,-112,-37,-106,111,-94,-115,30,-175,40,-67,-164,-6,-13,-112,-146,-110,161,-96,90,-145,90
-43,23,-21,-57,-34,35,63,38,126,-21,119,191,33,136,42,80,-10,100,44,-9,-17,-77,26,88,118,10,50,176,59,2,21,-56,-13,106,31,-82,-42,18,142,-18,-14,-2,148,-139,23,129,-97,8,58,33,135,-105,87,-25,217,143,-24,-17,120,102,-67,-40,96,7,-8,-40,-55,23,-143,-2,-139,4,154,53,65,87,-20,31,-60,155,161,139,-41,191,-72,-117,41,126,72,-74,3,-56,-13,-50,137,137,-33,76,149,-44,-47,8,81,-227,-6,90,144,-11,22,23,33,9,-104,89,-61,-2,-130,-39,150,180
-120,18,-133,-31,-89,-163,-28,-104,12,-33,52,-55,-102,30,20,-30,74,98,66,50,-38,4,-33,-122,80,-17,-144,79,68,-75,115,-52,-33,183,3,-157,54,181,-87,-143,-126,2,-96,9,-97,50,121,-74,110,-69,133,-141,-69,-100,33,-10,65,-45,148,-46,101,-181,51,124,49,21,39,45,-130,-194,-13,-60,101,-1,76,35,-168,-66,16,43,11,198,-72,57,-20,-90,69,-171,38,83,-40,125,25,117,73,41,61,150,9,15,-316,-11,-6,-196,180,52,18,292,-15,85,63,9,93,105,39,-56,-183,-64,-125,17
-11,123,112,120,-58,-64,186,164,122,-10,40,-14,47,169,127,63,0,-11,94,99,-17,-51,-46,-23,69,55,63,-9,19,-57,166,120,-70,104,-16,-64,191,71,-64,-66,113,59,23,55,127,19,48,35,41,-82,122,42,122,41,-20,-30,112,67,-17,81,-54,-119,-28,-41,30,-15,135,-68,26,-34,87,14,-25,122,-14,67,124,66,-69,86,-155,12,-92,72,-115,153,66,37,194,69,-104,79,122,92,-38,-82,-88,-19,63,-8,68,38,68,-102,112,-103,61,24,-22,2,61,25,-46,23,9,-80,-26,72,35,55
113,29,-42,109,157,35,33,128,-42,-23,174,89,100,110,62,41,-32,7,110,-61,-71,78,10,-37,75,33,4,44,29,98,140,212,-38,-18,-47,-15,24,149,6,146,-64,-49,-27,243,-15,8,17,48,61,34,-87,127,-26,-32,-112,-99,78,71,45,198,244,-11,139,179,31,-38,-35,83,109,-43,28,-70,-101,4,92,30,-31,200,9,110,65,49,-42,0,102,76,245,-26,-97,93,-34,157,0,-53,37,-124,-72,-74,89,113,96,132,93,82,3,70,34,-43,86,50,-30,-118,104,61,-45,-159,-91,121,-118,-24
32,68,100,-52,-2,142,26,124,125,2,44,-83,30,87,-94,-34,-126,36,176,-30,107,-23,-90,-246,38,-75,88,215,-89,12,-16,-93,49,17,-62,11,-27,115,6,54,96,204,-41,24,98,26,-56,171,112,39,48,9,-10,102,-16,-25,-24,-63,6,-7,39,-55,-158,-102,75,-20,84,69,4,38,-136,70,-160,76,-29,-160,69,-78,83,7,31,-102,75,61,-41,28,110,174,84,1,117,98,-27,-32,-131,100,58,-73,118,101,-2,163,-100,-64,-31,-17,46,-116,-39,-53,-28,-182,56,-146,-108,202,30,161,-134,109
11,-155,-76,-58,43,79,103,85,-146,119,149,45,145,42,-14,29,-68,-16,129,-123,-23,-76,20,-16,-95,68,-153,-87,1,-46,-89,98,26,142,20,-26,45,-91,100,102,-24,4,-10,-57,86,24,160,78,61,40,-104,-15,-24,-28,11,-104,-87,-122,100,225,-1,-126,-20,-141,-2,-190,78,145,0,-31,52,-158,-77,68,78,-55,-146,2,-22,112,-1,130,-8,82,79,-162,14,-24,44,11,6,-51,48,-3,120,0,117,102,107,31,79,158,138,-128,199,50,88,227,-64,-4,-46,69,70,-40,-5,-204,45,12,-93,-64
76,173,28,183,29,51,97,167,28,-146,-70,-14,46,-17,54,42,280,142,74,181,76,86,16,-37,133,6,165,151,20,-7,25,-36,116,-34,179,92,181,63,-86,37,86,174,-19,-51,-112,157,39,36,21,217,36,109,108,100,70,49,-31,22,-50,-94,-50,152,21,-70,-123,157,233,53,51,-130,69,-44,-38,111,-52,28,47,47,27,-49,44,180,-4,92,-15,71,18,-20,89,-21,167,-9,2,131,-25,161,20,-50,157,-95,-23,-6,-135,127,-91,130,-54,-3,240,-35,-68,38,72,105,35,71,-1,-44,198,31
38,177,71,-40,102,-71,65,142,70,115,-72,-60,106,-12,152,58,-106,138,-82,124,68,45,46,161,-46,-57,31,4,186,-92,95,90,35,5,40,120,-1,146,-56,56,17,-94,0,-50,172,-166,80,-144,-61,127,106,37,285,33,-126,-191,71,-2,-79,-50,-50,2,-94,-100,-2,-3,-49,-48,-103,-4,207,49,80,100,54,-56,59,104,95,-143,135,-204,75,-52,65,-128,60,58,138,-129,-18,48,54,-50,-98,-59,-7,126,46,79,-158,157,-21,-18,31,-47,6,-111,127,108,-18,109,119,-137,-75,53,-79,41,111,-54
-105,-71,117,-153,-61,79,81,-120,95,14,138,29,88,99,48,-197,208,199,156,-152,41,-79,174,-39,16,-54,-11,11,-23,135,111,190,-28,130,124,-59,-102,171,41,54,67,-15,61,78,53,129,119,109,101,-19,105,26,114,151,-72,127,118,132,35,191,33,57,21,307,145,-41,146,81,-28,-54,-26,-46,-69,155,-12,-1,-25,51,67,45,67,79,69,230,136,330,62,93,-61,172,-37,126,61,136,-72,30,6,43,90,53,0,12,66,115,-15,144,-92,12,89,-3,-115,141,85,47,-10,190,-92,112,-154,-156
91,13,48,73,156,162,-115,32,1,-19,177,8,-45,187,177,71,50,147,14,-2,207,52,293,-59,80,14,-67,123,10,133,67,-33,9,118,88,107,107,-20,-86,34,-18,83,-54,89,-42,45,15,148,-27,-71,7,16,102,46,55,54,63,81,84,-199,120,42,48,203,71,-27,192,109,87,75,-113,-25,-36,84,-183,68,62,27,104,33,126,129,66,64,27,27,92,-3,-161,-3,-47,53,193,-56,44,5,111,170,63,69,77,-35,-69,97,205,168,-132,42,49,-34,-93,2,99,229,-106,-71,79,-65,-54,-70
115,169,-10,5,26,60,13,-25,-86,-32,-174,-170,3,41,39,32,133,7,-6,81,12,227,-30,-95,1,-108,135,44,34,-105,-62,-15,71,-139,172,53,-54,121,-129,-95,-4,140,-56,-40,41,35,184,60,218,103,-10,69,-117,-57,-113,-40,99,72,-20,161,-140,-81,20,-95,-49,232,225,19,13,-59,51,-83,53,145,-6,114,-59,-9,25,-40,-37,-39,-135,50,21,92,22,-25,-127,46,-26,27,-129,136,221,47,123,-142,11,143,-40,-47,-28,64,6,-127,-75,116,63,122,-113,-116,87,25,-23,7,-16,141,173,90
-27,59,140,-134,292,-7,-16,-84,14,-19,-146,-2,14,-170,-122,-115,6,92,-21,-95,131,149,62,-74,-60,141,-78,-31,77,191,162,121,191,17,-67,70,12,-43,164,59,-28,-26,134,192,-6,138,-20,71,92,70,-126,61,-1,127,-91,158,285,158,78,63,79,174,9,94,133,104,109,142,10,13,81,-32,29,-73,190,35,-98,153,185,72,80,3,171,30,-7,-116,-53,108,-132,45,0,-68,-22,125,-59,-21,99,165,209,-100,126,-50,64,68,-119,87,26,20,79,13,-55,254,7,4,-97,310,-203,31,110,-138
135,-12,100,-83,-144,147,-60,-122,-31,-60,21,68,-90,-8,54,-133,108,128,59,-88,49,89,-34,129,62,-93,45,201,-89,30,120,-23,-137,38,-104,53,33,126,22,3,40,97,121,-118,43,64,-65,-92,-4,-51,7,-59,26,53,43,53,-125,260,68,37,131,-107,54,-68,110,-39,160,-63,-44,92,-94,160,-111,-61,-185,45,79,-71,11,84,-134,91,-87,185,-4,-16,88,-21,-40,-38,99,106,-96,4,-76,93,-31,137,35,127,-126,8,64,-56,200,99,115,-65,-116,56,117,-10,-15,19,186,112,-35,-8,93,-29
59,134,5,-145,-87,-144,-91,-114,-47,78,101,71,-20,238,-63,-109,137,11,12,73,-93,47,61,92,78,94,46,65,132,39,135,178,-14,-32,44,94,-13,-203,-172,-92,6,3,208,-3,76,-109,110,75,173,8,86,96,-40,-60,-94,-31,50,33,20,91,34,-203,52,-28,158,71,146,38,0,123,-2,120,20,70,-60,46,22,-46,22,-49,-46,19,-22,9,-40,135,58,26,54,-25,66,121,63,186,15,-27,138,-35,-96,20,91,110,24,111,36,22,108,52,-41,-38,-75,42,22,45,35,112,-93,36,-31,-18
18,-67,245,-39,60,-22,149,-64,89,-111,-35,-64,-68,82,185,26,-18,17,5,-39,148,62,14,187,223,12,-90,146,-47,-30,-48,95,16,-64,-25,188,28,15,63,6,180,-87,42,36,-30,-23,152,-21,85,12,154,-85,44,-162,31,109,32,87,-32,-137,96,134,177,92,69,73,48,-123,-133,-22,108,-96,10,-71,109,86,36,87,-110,-11,-10,231,72,62,128,105,67,-48,-67,-47,187,-26,-79,-43,-60,78,-57,127,-14,-37,103,-149,41,98,-80,144,113,50,181,12,24,33,-1,-39,73,-41,-29,-125,-80,-66
45,131,145,46,93,154,11,114,114,-87,-51,160,-67,156,73,243,23,212,89,12,33,-7,-221,93,114,112,104,78,59,-68,186,-32,-52,-79,131,-68,99,74,67,74,103,-1,214,-27,85,101,111,40,36,-15,-10,69,34,-23,80,144,-26,-83,-50,1,72,12,119,19,99,143,87,-19,1,-26,60,-25,9,138,11,108,8,47,-29,41,74,115,-31,50,57,-20,-29,30,76,-40,-20,15,51,20,-14,-84,143,-3,180,144,-29,-40,24,-101,-1,169,116,61,-1,44,8,-18,-105,108,-81,-82,-174,47,12,30
32,-99,154,-33,-131,83,-12,67,134,77,-51,78,-90,-1,41,1,57,20,30,-181,106,123,-86,94,-49,-29,68,-58,-153,166,72,24,-37,53,171,15,55,-2,108,104,142,-73,25,-39,73,91,71,24,-50,28,71,50,86,137,-2,117,-31,171,-115,4,-108,60,47,18,8,-74,8,-127,38,193,104,-28,-86,126,44,117,140,18,-26,-74,90,155,91,147,-100,-57,-20,147,130,-33,53,-6,81,99,17,127,-25,-51,178,-6,113,-116,-87,-53,-61,154,108,58,58,-36,-109,70,-23,148,-33,112,-20,24,253,16
31,195,75,-286,104,91,225,205,123,1,-57,-21,91,142,-58,147,-51,18,-156,51,31,-10,297,74,63,97,-28,93,60,67,242,179,8,-152,66,128,254,127,123,20,196,-54,98,73,72,32,-78,-9,29,132,-35,39,168,31,69,39,139,135,-35,47,231,167,-56,-62,51,51,108,100,185,67,-81,257,42,-113,-61,33,79,188,111,54,70,20,105,171,134,-16,129,53,-54,-45,118,-95,71,15,-10,81,50,168,13,44,65,59,131,56,135,206,139,81,8,34,99,-9,46,-75,7,115,-76,-38,29,9
-64,-56,-24,-30,25,-43,-96,-35,74,-141,10,196,243,-68,2,186,45,-58,2,-5,-184,-33,-132,-42,-37,38,-153,-13,-36,-75,-60,40,-30,-70,-121,-86,107,23,16,-108,-82,-17,155,26,23,-77,-50,-90,87,-24,-95,114,-34,111,-110,-174,-53,-99,-153,103,25,-87,31,-211,-122,-23,-121,1,150,109,-19,-11,-98,57,-10,75,94,-40,-45,-14,189,41,-42,17,115,-84,-135,-24,172,-58,41,99,-29,-113,-54,-78,16,-46,-61,-29,-131,-55,-93,-109,-107,67,120,34,-81,-128,26,26,-72,-56,-67,-63,95,47,-67,2
98,245,-7,54,6,-4,221,157,-6,113,-68,96,17,138,-72,36,37,-24,72,10,212,-204,95,-121,77,-84,-38,-45,17,5,145,72,42,89,13,-123,30,113,-36,49,12,214,61,-128,48,13,71,21,-111,97,76,57,-101,16,-101,71,-88,36,59,155,87,49,-94,-93,121,5,110,54,56,-93,164,-25,50,83,-15,-93,-54,73,61,110,63,103,-105,-48,56,99,93,-36,-65,-19,-5,32,119,117,-63,78,20,-64,44,125,-91,213,79,-276,58,-47,-85,90,-23,176,29,-23,-44,-127,17,6,-71,292,-26,1
-74,48,-27,-79,72,-22,132,-151,-26,-40,35,5,223,-69,62,-84,68,211,-5,-14,101,98,-57,-80,-31,45,-26,-44,96,24,-66,-78,-22,-20,-105,-9,153,-9,-116,-88,34,-7,10,66,128,142,15,86,166,41,-53,145,16,-124,60,72,74,129,79,-39,59,19,56,81,153,19,-17,151,14,-112,49,72,-184,93,-50,27,9,13,115,-66,-23,133,260,-59,-36,51,51,46,160,31,-7,140,-41,114,144,-38,160,50,39,99,66,158,49,-130,3,129,76,145,-58,93,-62,37,152,66,26,-22,28,93,-28,-138
25,73,174,-107,-83,13,67,-3,137,30,-28,-156,-1,92,17,113,-3,115,21,112,-82,-60,88,275,-69,-6,132,158,63,-4,247,178,13,16,-89,-56,46,156,80,125,294,44,220,-19,180,27,-35,-18,2,66,67,70,144,75,-20,26,41,247,-83,-102,-45,63,85,-13,141,70,43,105,-39,-95,129,103,27,-41,2,-62,21,-61,40,42,-69,-112,55,37,-8,8,62,109,55,76,-40,103,59,31,-130,-195,-44,-150,-9,141,-104,69,188,34,52,-28,274,1,-27,122,119,-82,-37,-76,43,-54,-91,27,149,161
166,138,94,87,118,86,153,95,173,69,-72,16,100,220,212,112,-110,17,-16,16,116,163,43,31,-86,65,104,53,25,29,6,-29,-54,8,12,40,231,11,-45,177,34,-114,-53,-3,55,125,86,-175,22,117,-119,273,-28,86,161,188,86,133,7,47,-19,148,161,22,77,-18,145,130,-25,38,122,-113,-18,61,31,96,52,133,89,134,59,13,57,0,-5,53,-5,154,37,67,9,-14,23,-43,80,60,90,91,-110,-74,195,77,56,106,-16,137,81,-47,11,157,-45,16,-53,79,-55,-153,97,-1,227,-48
-79,41,-53,54,13,-74,179,-1,97,-140,110,-6,-62,-31,104,-15,48,106,-89,156,91,113,38,-13,59,21,32,-54,91,15,-116,128,32,72,16,-127,58,92,-69,-77,-83,-299,134,5,12,-42,147,99,-14,62,-59,-46,88,-158,142,148,126,-93,-49,-127,149,89,-11,64,-9,-107,9,5,-10,-75,-99,10,-70,5,149,21,-11,-178,-1,38,191,101,-11,-74,-12,86,-20,-31,125,-88,-24,83,-75,0,58,-59,-81,71,110,74,47,-51,-108,82,-8,44,13,26,-25,-48,-118,-24,59,213,22,-116,-115,61,-74,-137
79,120,-184,-22,202,-125,127,172,62,-173,183,12,-44,174,-7,-7,13,115,-42,103,-96,121,81,144,-66,39,28,40,88,104,263,139,-184,79,58,-4,-93,58,76,44,-109,41,155,27,-20,-3,31,42,-25,257,122,-82,50,115,-105,168,137,172,34,60,-25,110,91,-37,-10,47,-44,-42,40,-115,9,-76,59,-115,15,97,-169,-50,12,-16,179,108,-19,109,-91,-29,17,46,119,210,217,134,-32,84,-14,16,-35,-40,13,-106,-33,-66,120,88,-190,59,92,-90,-174,-54,-15,137,-45,103,130,86,-27,-37,20,-28
60,20,-23,-7,82,-76,47,281,85,65,-51,-12,63,36,-113,-120,80,312,0,-29,136,61,46,89,192,67,84,172,64,-116,11,80,22,-86,116,94,-55,42,50,-18,144,-53,236,-92,108,-62,-44,-107,104,49,100,18,50,76,-25,146,-10,148,37,5,-12,109,-44,-9,110,4,-51,59,-88,24,94,121,-13,-159,62,135,133,-37,-26,-76,86,118,-48,63,90,-25,234,62,107,187,90,-78,-173,101,136,157,120,6,86,-11,36,11,44,25,-38,61,70,-59,104,76,104,41,56,147,40,45,126,13,112,126
-5,128,172,12,29,40,233,-89,-4,-120,101,-36,2,241,72,68,174,28,-52,54,-175,-147,2,107,-18,31,98,-176,56,75,57,124,-27,191,-96,18,149,4,14,-45,198,17,69,-107,42,35,-156,-138,-20,59,154,97,-53,52,78,42,-28,51,7,67,99,69,92,33,-32,51,85,80,-98,-134,176,63,52,97,-174,-101,156,-82,30,-1,27,149,-133,71,44,137,90,-64,133,12,-87,77,26,290,133,53,91,-55,124,64,72,176,39,-128,59,-11,24,211,51,106,175,26,-118,-18,93,-47,-98,119,47,-55
71,68,0,-54,-35,152,29,57,164,2,3,202,-35,-128,-87,103,119,56,89,-43,90,-3,23,-29,-5,-4,48,-34,22,-24,64,-155,-136,-17,-201,109,-31,116,117,18,13,44,53,-150,-238,23,-97,-31,-79,-19,-13,-151,100,108,6,45,-53,141,-2,64,-16,2,-34,-96,-94,-136,17,8,12,172,-30,95,-38,-17,-115,109,91,-42,-94,90,-87,64,8,74,-17,40,-47,48,-48,-37,126,-11,98,21,26,40,-128,-47,172,102,10,-77,26,-12,52,30,209,-54,104,14,104,-35,114,98,10,38,41,3,74,148
76,55,5,100,120,81,36,186,16,-71,134,134,-157,-25,148,-9,-68,19,116,108,82,117,-64,125,83,93,-7,99,-107,-75,121,13,0,80,43,-101,23,133,354,296,77,43,62,-2,-52,56,171,-9,-121,99,172,12,190,110,163,-74,37,212,30,38,59,-42,161,56,103,38,121,113,24,1,69,83,25,-116,53,117,20,104,4,45,25,76,-63,28,-37,-137,122,-104,5,12,130,-26,-110,-31,152,-145,-45,-70,321,81,64,125,98,-68,159,25,199,105,-51,-36,-51,71,69,91,89,62,-52,-106,46,-135
48,72,33,-71,116,77,52,-88,73,13,-90,-21,-37,65,25,-20,-7,84,-1,70,30,69,-14,33,-37,29,96,-84,-60,-3,-106,-35,-63,-108,-7,-53,-68,140,52,56,74,-92,162,-59,-139,-12,-17,45,15,37,-40,64,15,90,-53,-14,-98,29,38,140,-164,4,-91,-32,48,-94,-78,76,58,-160,71,-37,100,58,-24,50,97,38,9,-181,148,-203,7,-18,69,93,-6,152,9,76,30,116,-15,18,-36,18,60,-154,-31,102,51,-20,14,-46,-119,9,-162,-73,65,-2,77,22,-105,21,-58,156,-54,205,-89,-10
37,-67,123,58,53,52,-17,195,13,-40,112,-4,108,-3,39,105,-16,77,21,-92,59,-30,-60,-38,-66,-4,60,-22,-23,165,29,145,74,57,-16,111,61,-87,21,-149,22,148,72,-38,61,62,-128,59,78,6,86,-92,70,-218,128,-49,-51,-120,-32,64,-51,-100,46,-55,135,8,-63,-70,52,-79,8,35,-53,154,-120,-35,163,53,-6,-26,59,-5,37,-9,36,36,142,166,76,40,5,185,100,70,18,-97,75,113,-122,110,52,208,-57,-142,105,-38,93,-107,175,7,33,20,53,128,-2,56,-75,-45,-103,220
155,58,109,-68,-20,57,127,43,-52,74,-136,24,85,236,-120,112,-10,68,89,-111,84,-102,-18,-29,221,-8,17,56,-40,-122,72,-29,-67,116,22,-18,106,51,-41,-74,99,-16,136,115,78,-17,-63,-13,-1,100,-37,119,-28,122,133,92,116,19,-24,69,32,254,109,53,170,3,58,56,-57,85,-67,111,-53,78,-3,134,191,-87,59,72,-39,161,-149,-28,-94,15,56,-17,108,63,111,132,35,34,12,16,64,9,52,43,14,26,55,1,218,153,84,44,-5,142,182,-64,-30,55,-57,-63,163,83,29,-34
37,4,129,125,27,-100,-84,161,-39,116,-79,78,-24,81,147,-27,-32,-36,74,-58,95,-166,37,148,81,80,166,11,-14,-96,76,103,42,144,9,23,-76,-28,37,-111,76,188,-29,-35,88,-28,-20,16,-190,95,94,52,219,-88,245,141,15,-33,17,-89,15,332,198,120,113,-65,-54,-121,-119,79,51,150,159,51,-51,-144,151,-127,54,-28,-40,-23,2,-96,19,-27,131,-49,34,-82,-76,14,246,-32,-38,45,27,-69,110,213,65,221,-34,126,-187,97,17,-34,-50,-48,170,-2,-39,-62,115,-46,10,51,41,68
-23,-129,52,-97,98,156,197,-19,-43,115,139,122,63,-28,30,21,-38,-234,9,-90,-36,-116,-120,16,-79,67,-84,-18,-81,-22,55,121,80,-14,-54,-89,100,68,121,-51,78,-16,116,57,151,89,19,-63,-7,-144,156,24,31,2,-71,108,0,-5,-61,142,163,2,83,-14,73,-30,8,211,-44,3,62,71,-150,-20,-10,-41,4,23,-223,158,143,193,71,16,48,-60,143,25,23,-28,123,64,-139,-42,77,-156,-58,20,86,166,130,116,53,-45,128,-34,139,289,-58,3,-83,49,17,58,24,-71,-82,46,-74,8
97,27,235,-158,56,155,114,77,76,108,-139,-73,88,22,-98,-64,-55,-53,49,-211,-93,-23,-53,48,-142,119,-6,-15,98,17,62,91,25,-44,-146,45,104,-180,130,-76,89,-22,47,85,116,57,-39,102,49,-36,-187,112,-23,68,-158,-14,12,12,-115,46,42,139,62,106,52,-106,34,4,62,161,54,92,-230,98,-51,-82,-84,190,41,22,-51,-49,-21,46,19,86,85,178,-30,39,40,124,-22,115,-73,-9,-21,-48,42,-103,190,127,78,52,54,-16,12,-48,17,-57,-11,166,-15,-177,87,15,-232,73,216,-47
227,-149,37,155,34,171,35,135,-42,30,3,61,27,62,39,-33,122,-7,114,-116,94,-68,-141,-90,-30,35,23,174,-42,5,-4,-61,-124,-49,-79,-75,-14,116,64,135,135,-37,-120,144,58,5,-2,-79,-80,26,-206,38,23,-56,-140,-121,104,28,19,-104,183,9,-3,188,96,-106,-38,38,-70,-12,-63,-33,-86,-119,-46,15,13,36,158,192,22,-11,-43,-13,72,18,97,65,-1,43,12,46,1,-218,10,-147,-45,77,81,60,88,102,-53,24,51,-31,-32,8,-82,129,-62,39,121,115,-48,-194,-56,133,-114,-229
-27,45,276,-62,71,-82,95,48,161,158,-97,114,86,117,38,143,173,64,105,-128,168,156,21,66,-52,8,176,-54,114,137,83,116,115,108,12,134,283,-93,-103,141,78,176,166,-20,142,84,-67,68,-109,96,134,183,144,58,140,112,136,63,-52,119,93,129,46,-89,135,-45,202,134,-96,217,-23,142,-102,201,-34,-107,49,33,133,106,22,85,214,57,-40,-126,148,36,48,-12,239,60,27,121,-108,102,-22,113,292,68,37,146,-134,84,-11,243,66,123,-37,-75,-175,121,85,180,41,112,-26,-9,114,-57
-47,56,19,-126,50,86,-31,-114,4,23,19,-68,16,-111,-113,-170,-27,47,139,41,-181,-6,4,47,-21,26,-18,20,40,-149,73,0,87,57,159,-66,-64,-98,149,60,70,10,167,-131,-11,70,-108,15,21,34,170,-101,139,219,17,45,64,194,1,161,-125,164,64,-36,-78,81,-149,67,46,2,5,79,25,90,-156,-113,110,20,-217,-197,-91,118,145,35,-130,93,114,55,118,70,-72,54,-3,27,57,78,133,-136,47,-34,38,-23,157,-133,60,-145,73,-176,23,54,12,41,-35,18,35,148,142,24,55,-24
50,139,-5,-66,53,-14,136,-12,-70,77,-189,-85,32,145,43,55,-47,34,19,-79,126,-39,169,163,166,-148,7,158,149,-131,72,-70,-45,5,-130,34,-161,-57,13,-16,168,-21,-125,-117,112,-91,48,-105,92,-17,-86,67,50,-83,32,-82,21,169,133,-190,129,-15,100,178,110,-69,136,-53,-24,-71,117,59,-44,-117,154,-34,-31,-28,-38,146,13,-40,-111,-114,-10,49,62,70,-168,60,4,-114,-36,71,-10,56,-47,-203,64,102,3,118,81,71,-46,90,2,125,54,162,118,-78,59,-45,-36,88,32,125,47,-36
-111,17,-75,45,-16,-103,-16,113,32,87,205,92,77,67,95,80,82,251,33,-23,-61,1,-35,3,-6,-11,-14,76,66,-16,-22,142,66,96,22,-172,-156,69,-15,85,-73,-216,-92,71,-73,23,130,139,11,40,-110,39,106,111,143,85,47,4,36,-68,-78,-30,-24,47,19,-27,4,37,-96,23,-119,24,54,-6,207,-82,-42,-109,127,-73,245,163,105,109,53,167,87,-9,104,80,-12,-34,20,62,61,60,-71,10,60,94,109,81,-11,118,-69,159,99,-90,86,77,-53,-54,90,-23,25,87,16,-38,-15,49
-143,-11,-47,-164,4,-134,58,-4,30,129,64,14,66,-176,47,24,22,-18,62,-138,23,110,245,43,115,-24,-189,-82,0,-2,51,305,44,-45,39,-17,-129,36,123,93,-133,23,140,-34,52,24,89,43,-63,-154,22,-107,183,83,61,172,34,62,149,57,-41,32,22,148,16,27,76,80,-63,104,98,149,55,-52,48,107,-26,19,-7,-28,-41,109,248,6,-35,142,86,-22,-7,88,-21,-23,120,219,-29,156,-98,-185,91,107,-43,68,34,163,-104,158,112,164,-48,-178,-167,106,129,8,-5,231,-39,123,-93,79
26,99,-7,106,-59,-58,9,87,27,-19,-63,-30,56,-81,-64,80,2,51,-88,-9,95,108,51,-216,30,4,-45,-29,160,-2,62,99,53,119,-23,12,89,162,45,96,-6,-30,-16,40,-97,59,63,-15,31,184,-122,-99,106,34,55,-1,27,-20,-83,197,74,36,-80,92,-3,-136,104,28,130,-28,31,-7,-156,85,75,135,99,99,77,21,123,9,-20,71,28,-65,15,-210,-16,-59,94,-166,125,137,75,-57,33,27,15,127,-312,80,-23,-117,-29,281,86,-53,6,-15,1,83,73,15,-13,140,9,-84,-43,-60
-58,-3,-110,-23,144,-111,82,-15,50,-32,-58,-59,-64,24,50,-27,14,166,169,-66,-6,21,-10,-59,-37,-31,-82,88,71,66,-9,132,-60,13,0,-153,-19,12,74,275,-133,-3,-31,-2,-73,14,-68,-61,-31,3,99,-26,-27,88,-51,95,-58,3,3,167,46,16,12,107,-66,88,-110,108,15,-77,130,-162,165,-43,-75,29,-60,0,21,-86,102,102,21,100,57,224,119,-31,-110,-9,-65,81,27,-45,-22,135,198,-79,-212,-172,23,-94,22,47,-101,98,-102,-35,100,69,-65,76,8,-15,-173,45,-43,223,86,-55
52,32,-49,95,88,97,58,-63,-5,92,84,-27,226,65,48,39,-10,115,111,-40,58,100,147,-21,-74,82,59,165,-97,111,180,67,7,101,45,-51,-7,77,159,101,108,-21,67,107,135,142,34,152,-27,146,121,-48,107,34,127,130,80,29,-21,28,2,96,-5,-89,48,139,-90,126,6,17,-2,43,-155,-33,86,-24,13,-110,-123,-193,85,24,125,37,59,-75,-56,-10,39,0,82,157,6,-43,87,63,147,33,49,59,42,135,41,-47,66,126,185,6,-117,-43,-20,-6,-8,88,124,-64,67,78,74,-68
19,68,90,-64,247,149,116,144,1,50,2,193,-4,89,-1,-69,206,198,-46,76,57,87,203,33,-117,176,115,-66,43,202,-52,-24,2,-57,-74,201,67,97,159,-38,72,37,215,93,92,92,-59,-105,141,77,-258,-43,118,170,-115,-149,-125,64,33,147,-79,13,-39,-50,-49,-54,0,-10,89,-31,8,-28,42,1,-48,-57,125,72,49,-58,107,-118,132,38,160,-4,10,-76,93,46,-120,157,41,133,-31,-88,148,51,-5,100,-43,45,256,-65,155,71,44,-43,67,-15,31,215,55,77,26,51,-6,81,128,-25
-21,74,-101,15,87,-179,-2,-52,109,-50,-14,39,60,74,26,6,97,67,-108,-61,-41,13,80,-55,18,134,-49,-41,160,-66,-101,40,32,172,-20,-38,115,-204,-16,-45,-155,2,-22,58,-128,47,-115,-91,80,-23,-113,171,-111,8,20,69,94,-134,175,238,-56,112,32,-50,-104,184,-65,65,95,-48,92,25,171,68,-44,115,-181,199,1,56,148,-8,123,157,-17,166,9,26,59,110,-226,93,295,36,47,-14,187,45,-181,-129,85,-83,153,-23,-81,-77,-95,-24,110,49,123,249,-44,94,-140,121,-19,74,23,-9
83,248,134,63,96,117,-145,9,81,87,20,-109,108,240,115,97,75,28,-59,-36,113,85,82,78,60,146,127,35,147,-46,5,143,147,-177,122,55,59,-169,-24,-57,-69,-86,35,-56,75,64,134,179,-4,42,-27,72,-132,-198,-166,182,141,49,35,-62,-98,-93,-109,-87,67,95,68,-60,36,54,128,-10,86,107,-42,119,16,134,25,-16,-213,47,224,7,-126,136,91,-21,-4,41,124,79,87,158,114,252,-37,19,40,-38,65,79,71,244,135,-34,137,163,44,43,-160,141,19,1,70,52,45,136,389,13
0,124,173,41,145,-38,72,194,23,57,-75,-21,-94,198,112,26,83,65,52,33,80,-9,204,152,32,24,106,225,128,-159,46,163,17,30,29,-217,122,91,112,10,89,39,21,56,-3,101,144,200,-102,39,74,-6,244,7,63,72,-56,-6,191,136,-92,-95,183,195,-118,-21,-39,-172,-79,-81,19,-30,-12,138,-158,-89,139,124,-64,67,64,16,-20,7,-87,209,150,-114,215,-71,-19,29,118,-31,-50,-36,-94,44,-1,190,-125,94,189,44,-109,125,77,-209,-16,-93,-51,92,-7,121,98,-26,90,121,93,49
97,-26,111,-22,60,50,176,68,116,28,49,-78,128,-106,-186,94,-89,139,225,47,9,58,81,-121,84,198,17,207,47,-70,241,152,35,102,-67,18,35,103,190,7,103,29,28,92,-37,237,-110,-103,-1,-40,-33,-2,147,207,-20,143,90,90,59,31,-56,48,-201,69,82,-71,-112,-188,-89,55,30,-13,12,-47,65,83,273,-31,166,73,-39,124,9,4,2,-39,-28,58,176,70,75,153,-51,-53,0,110,13,13,79,37,-12,22,-36,-59,-16,20,158,-59,127,44,30,13,-18,-65,-94,73,87,170,115,-90
78,-130,83,-108,-7,-210,77,155,-26,27,-20,103,-98,33,15,54,205,0,-11,-30,73,-61,-3,-13,53,160,20,35,-16,108,97,110,1,56,-72,-6,-100,54,46,90,59,50,129,59,-112,-35,106,-22,-25,-65,48,-17,-32,211,-122,-91,-39,-91,-112,361,-82,35,114,-8,52,-122,10,12,1,46,72,26,232,-9,36,200,115,59,-38,-5,83,-31,-34,178,198,-45,57,-39,-117,109,-65,37,156,54,9,-158,117,-35,12,23,-36,19,137,-158,-78,45,118,67,-91,27,80,101,-14,-16,24,7,-145,3,14,28
-178,31,110,-13,-186,51,5,-145,306,158,-83,54,-71,-108,-127,50,17,-80,41,32,53,2,-90,74,150,76,167,-58,-1,-37,-77,98,-152,32,38,-39,25,47,-8,0,244,-36,348,-22,114,-44,-20,62,-51,-121,-2,55,29,-70,47,215,41,-95,-157,33,67,-7,-72,-28,214,62,-121,-106,88,95,-151,82,-81,57,-84,94,226,-23,-79,-115,-77,-57,-5,-104,94,-20,-77,57,63,12,28,2,51,-106,-197,-48,18,-91,81,5,21,-256,-179,-135,-128,-4,19,-18,-97,-43,-25,91,-105,-54,17,48,71,41,-82,-46
1,-30,-43,55,160,166,-123,47,35,-74,142,163,128,78,96,-68,-67,140,-91,-72,-8,-107,-68,14,83,-18,-12,82,-100,-49,-115,-20,5,-115,2,21,17,48,-95,34,-49,-70,14,15,-17,-37,-101,-114,92,86,67,106,-57,-5,103,-6,-89,-85,79,-70,107,26,43,95,48,-17,5,48,38,124,17,-46,-35,-4,61,243,7,-16,-50,5,165,72,-34,126,61,-31,120,54,82,9,-82,-117,14,-131,166,127,159,98,149,-43,76,32,77,131,-56,321,-70,256,110,32,19,-16,16,-18,-79,-88,97,82,-86,208
59,-128,-22,-133,184,290,61,93,30,-5,-3,-45,-63,155,11,5,-25,92,252,14,-50,-33,47,-52,72,47,127,-77,-38,73,161,152,123,101,158,-93,110,266,52,111,63,41,-19,119,-38,131,39,170,-155,-3,-135,74,128,80,-24,-38,16,95,-182,26,6,170,92,82,-102,-9,-86,-30,81,-72,-57,86,-42,71,-157,-60,-61,12,130,-21,-5,-141,68,46,32,165,27,-35,177,161,-108,133,159,126,-55,-79,-105,-125,68,113,34,-64,185,225,270,48,83,12,31,100,-43,87,-140,-1,15,-86,28,80,150,-14
