-126,91,228,85,-77,69,181,25,169,140,97,242,45,-30,74,51,-65,-125,361,91,151,6,-111,110,59,-66,60,-34,-24,34,-71,50,16,44,21,101,237,143,148,101,345,22,-55,-131,217,31,107,49,116,-18,107,235,152,-19,62,15,204,219,-70,-6,110,-15,68,56,49,49,78,251,42,-3,-36,-90,-92,100,137,169,64,41,-35,115,119,18,-35,175,-9,67,97,-94,169,230,51,171,216,109,220,-88,73,38,-23,-6,-37,51,95,-113,266,164,289,-4,-46,56,34,-4,29,-118,28,5,8,109,26,90,169,104,79,95,120,-14,1,29,133,94,205,69,339,58,207,-21,184,-25,80,19,79,-15,128,58,55,31,12,242,-105,181,-39,-74,74,268,69
270,118,145,-18,162,-21,33,28,122,-38,103,-18,-28,60,159,27,114,-12,72,-4,-22,18,119,-45,131,23,97,232,177,-2,118,-18,85,-13,-25,130,-85,18,36,38,232,-40,-11,-91,84,-27,76,43,91,108,-77,236,193,-120,-113,192,28,-65,82,-17,160,138,168,246,52,6,161,40,118,-96,161,22,-31,178,122,2,-28,1,26,-82,53,21,-78,44,134,-97,147,-11,141,91,192,-102,-135,65,124,-57,-120,38,64,56,-256,89,145,159,75,132,34,143,40,42,260,274,-145,147,29,57,8,79,82,163,-54,-24,156,222,-45,-40,40,58,222,-9,73,-15,83,232,180,-118,111,104,239,70,19,82,24,58,183,76,-83,31,158,191,64,47,235,199,8
61,-32,29,-86,-31,97,141,136,66,-25,95,53,64,-74,-40,-51,-154,263,-124,-68,70,-123,-56,-15,78,-15,-101,-94,121,209,50,-145,28,77,42,-13,42,-137,-12,11,220,70,154,190,-39,58,291,-80,129,-23,104,45,105,4,204,38,-60,79,-17,181,255,-40,21,-21,72,-126,-125,114,120,156,-65,168,-14,117,121,40,-62,-60,60,-67,79,68,-228,128,-86,88,-67,107,249,106,198,-36,103,-103,-187,24,82,91,93,13,-105,-131,140,96,-20,54,204,32,-118,219,9,-126,-154,150,88,292,48,4,49,-240,-46,93,-84,180,-35,1,-105,-40,-87,118,-67,-58,-71,13,115,10,51,164,-75,36,-37,58,-15,71,11,-41,13,19,105,60,29,188,-51,23,-68
-110,171,-11,-63,-4,-175,26,31,-6,-102,44,64,-53,-61,87,95,62,-96,105,-17,-128,163,-167,-65,2,112,-32,108,-103,202,-15,23,-112,178,-19,29,3,-9,106,80,-10,64,-101,-69,31,285,-116,-69,179,-184,50,-61,100,-189,112,89,14,73,1,9,27,84,71,-152,266,-5,-120,93,102,-56,-102,-95,219,-191,44,-61,163,33,93,60,68,0,-49,-78,90,-112,3,-24,-302,123,63,129,49,118,14,16,57,-94,200,-94,19,23,2,70,206,120,36,-29,126,-9,2,182,175,162,-37,1,9,205,-56,-36,91,-78,5,131,-173,63,-119,15,88,25,-78,-91,115,136,17,-18,9,139,-78,-100,35,40,13,-41,-229,158,-113,-22,87,170,106,71,99,-10,142
6,129,101,136,118,21,54,69,-53,94,186,4,42,142,2,161,4,73,105,-180,52,64,172,56,-27,113,-132,31,-57,128,-40,44,111,-86,85,-9,121,-53,54,107,21,41,109,190,295,81,117,4,0,129,188,-79,124,-121,-126,49,95,107,41,77,-111,84,-14,24,-30,316,56,64,38,-49,177,113,26,15,107,103,32,15,-4,27,-83,112,71,-25,-46,60,-5,-15,77,132,-141,27,-19,203,100,40,-44,181,61,-7,154,126,19,42,118,69,135,32,-22,-204,124,151,40,-51,38,-3,144,35,-27,123,135,62,-76,57,162,45,-56,-39,9,-55,-92,-65,24,-41,48,-48,107,160,-17,98,-39,77,-107,-78,-101,39,187,-6,137,52,45,-24,-65,115,-23
23,-23,264,22,21,100,162,118,89,-72,77,67,4,22,167,24,266,-152,205,-114,49,93,45,-158,140,-149,-81,90,130,-55,125,112,-46,-108,57,-102,48,55,-103,119,224,102,-41,65,-25,-59,-46,156,-9,-60,111,-228,41,125,-94,61,252,39,-11,77,-109,71,112,-49,89,-1,162,219,189,33,37,111,62,-89,-100,-46,-32,177,-38,209,-132,-58,31,87,-140,11,-39,128,25,41,-6,5,81,-51,19,170,71,105,-13,79,-51,71,-12,20,2,-40,207,-92,-40,21,-30,57,-149,75,-150,-84,-97,214,76,322,245,-145,-82,-13,-39,-44,90,-125,85,10,94,-60,32,-168,139,-134,-203,-194,61,46,-29,86,-42,88,-25,-8,105,120,98,58,46,-4,84,137,10
-89,98,-67,-21,104,-84,-83,186,114,4,15,32,90,72,76,40,130,168,-47,145,359,86,-35,-76,52,-27,-37,-63,-79,-179,48,-84,66,188,-137,4,13,-56,52,210,-11,-47,-28,55,82,62,33,19,51,12,107,138,146,-183,-178,125,-45,-58,49,183,91,34,137,25,191,212,49,-28,181,54,-58,-52,118,23,142,16,-1,-109,228,-163,-24,154,268,20,61,99,178,53,208,70,213,-48,-120,-131,-67,101,-125,162,19,119,-21,13,347,76,-106,386,130,-97,-8,173,212,71,-94,67,-49,0,-37,-24,45,21,231,71,-67,234,53,-5,68,-39,298,37,265,238,199,314,155,109,-20,56,81,27,-3,-3,35,88,-17,103,34,-17,86,11,-60,-43,122,-4,-34
48,63,165,208,108,64,100,163,-29,84,-177,84,258,72,-7,118,63,3,-137,-303,58,-141,123,7,-71,166,8,244,-96,99,162,67,180,120,14,238,88,-207,-16,40,63,95,43,27,153,3,21,73,-13,165,4,39,220,-29,90,131,-123,143,-142,178,23,42,35,-109,226,-39,66,-96,294,167,59,243,-134,43,97,-59,-53,52,8,-79,155,-134,104,116,17,14,-95,-15,181,83,-39,41,104,66,-56,-35,-30,79,44,-41,22,83,-22,-64,3,68,36,-103,-147,239,-14,-136,51,14,-16,-65,271,77,177,-41,-2,22,95,237,-23,93,34,239,31,-65,34,87,-3,125,108,52,-4,85,37,189,50,3,9,283,87,-5,-73,19,107,181,65,151,62,-163,88
-76,141,-109,98,154,-217,93,216,39,148,35,101,131,156,61,212,48,95,148,145,85,117,92,-232,96,272,196,43,-4,-140,21,-36,-123,181,-105,212,-55,-84,171,-14,225,25,18,21,60,199,-128,107,9,172,34,-177,121,318,-29,87,137,86,115,128,173,31,78,-29,82,292,-107,-86,179,387,71,88,160,103,1,-25,123,-4,111,-195,84,142,170,-104,-143,73,192,97,-14,180,41,64,-190,74,119,180,127,-37,-34,168,156,133,88,43,121,5,289,120,255,144,-20,19,43,400,35,55,115,125,74,39,100,-53,39,132,-34,188,108,190,109,157,-12,7,58,52,84,66,110,150,-4,-63,249,36,99,4,37,-77,50,187,104,263,81,21,139,19,48
-3,-24,118,-2,-95,-45,13,56,-127,0,95,46,-179,78,-56,-107,-159,-151,66,150,105,178,-99,-94,236,-58,29,157,70,-51,87,106,-50,195,116,104,95,-99,100,60,76,-165,-146,-129,70,59,113,43,-66,49,55,228,8,102,-6,-36,19,29,-171,-46,91,-154,39,-78,-39,-39,60,-83,-85,256,53,149,101,13,154,87,120,-64,187,-38,105,-54,81,215,-123,-96,158,51,59,-50,70,26,10,-83,-12,75,203,-13,58,134,87,43,107,-116,-110,76,22,-11,33,66,36,-111,-128,88,6,-8,41,18,45,105,-43,127,-85,-185,83,85,-24,10,84,3,187,6,-12,79,33,151,30,145,22,-99,27,-112,-43,-150,136,4,15,-9,-93,85,6,50,112,-8,156
-21,26,88,22,85,27,204,-78,-6,100,178,-227,-203,41,-52,45,113,16,144,-63,159,145,141,43,-64,331,60,91,51,-127,81,180,-245,3,4,171,-72,-71,153,20,187,-57,130,57,-23,-45,-50,10,86,36,10,-32,213,84,-112,-108,163,172,131,3,9,-72,-119,-4,183,91,89,103,-154,99,12,30,91,95,-43,104,217,-56,47,159,86,34,74,161,108,100,83,10,-170,-137,-97,83,6,28,49,1,21,-32,-237,75,351,195,-130,135,94,79,56,86,53,-124,32,108,40,3,95,151,70,60,-223,289,150,-38,121,-2,-69,64,39,-1,-1,-136,78,-121,62,52,-90,346,102,-103,-132,74,137,67,85,-60,145,20,40,64,-5,-97,221,-100,-57,11,-16
138,-7,159,-145,77,84,6,-56,125,213,53,-92,-73,-4,17,-106,35,-53,75,-7,-12,417,79,209,183,-42,-8,178,-38,-83,236,58,-46,86,49,-50,60,116,-113,-88,191,65,8,100,147,14,71,-5,10,312,288,28,155,-68,-28,80,162,-75,273,60,86,-132,295,190,-168,103,-113,60,323,43,104,-9,-23,76,9,-87,43,98,8,117,30,104,180,74,81,56,128,207,150,56,-11,-51,41,39,150,4,-16,-162,184,83,107,269,179,22,18,100,64,48,46,196,121,338,-45,144,115,133,-8,-33,106,139,265,-2,13,95,29,-31,41,33,138,12,108,-58,80,30,74,125,131,-14,282,101,-117,153,120,107,187,97,-5,95,-80,45,-156,114,201,240,91
-50,62,201,-117,96,46,-57,71,-23,-133,171,-11,154,-37,207,-55,-44,97,31,160,182,-41,32,-133,18,204,28,52,177,134,-24,-49,120,225,-35,96,-44,-130,34,-43,183,108,11,202,58,32,19,-57,-9,-28,101,-63,285,150,-119,-91,-60,-32,69,74,122,91,66,71,250,75,206,33,221,191,91,25,70,-98,-175,223,101,-117,-33,-124,78,-52,106,230,-30,43,-88,247,35,56,149,110,58,-221,190,-97,106,140,66,-127,88,-1,140,199,-95,-66,162,82,-75,-47,67,-57,15,221,-89,83,79,102,40,120,24,-84,147,111,10,240,181,142,-18,210,149,-112,-35,97,292,89,-139,119,-132,172,116,58,-22,40,137,186,47,96,149,161,-69,135,172,99,-91
-49,54,42,107,15,57,183,96,46,-31,68,6,16,-45,110,233,43,117,-103,-65,157,8,-42,-46,-18,42,69,190,-138,126,124,133,67,124,56,183,119,71,-43,-20,-181,-29,111,95,59,-51,-27,-164,-40,-56,28,65,-17,-97,55,-50,87,72,34,76,14,-123,37,-102,-139,8,-6,16,33,46,21,231,120,-64,152,-94,-96,-92,205,-99,-17,39,40,26,128,-19,163,-80,48,134,146,55,-18,168,-51,16,125,142,21,-31,206,-11,218,-42,56,128,-43,-1,-73,52,-27,-69,83,85,-146,-26,-133,46,10,-87,109,223,46,82,36,1,-57,-40,9,-31,61,17,2,10,-63,59,-78,14,-162,45,201,-122,17,33,51,20,-108,113,40,-57,-54,101,-68,179,-32
128,186,-17,88,17,-57,18,153,212,72,39,60,203,-44,77,-16,178,247,206,248,-7,121,187,25,119,154,115,31,131,118,38,75,184,-120,-14,271,149,18,169,102,88,62,128,-105,129,125,-55,173,229,69,81,124,383,135,114,244,99,83,72,154,134,10,150,-11,169,73,118,40,207,100,25,134,87,165,123,153,120,207,-51,60,-6,162,-42,146,19,30,-27,190,112,95,133,165,-55,116,88,38,-96,148,27,39,-64,-6,207,99,147,159,234,43,55,37,130,126,157,117,148,166,194,128,120,83,209,89,-55,163,-153,147,42,135,105,126,79,-80,92,27,120,-317,189,126,221,33,11,211,43,-21,-21,307,114,321,198,233,208,-42,151,57,52
32,85,-6,106,-15,218,131,220,259,132,35,132,87,91,-169,20,84,-45,-23,-116,-73,63,-10,-65,42,-188,-12,170,270,88,-69,-3,-11,-55,-141,140,-6,22,-78,128,22,37,30,-105,74,37,-79,-178,-21,57,130,-103,95,-50,130,124,-6,-78,38,179,-132,29,-105,124,-146,-22,-98,25,-49,-97,-47,83,-37,148,101,14,154,-55,-17,-134,53,113,94,-117,-1,-112,-163,93,117,55,-47,66,84,-6,-193,184,-133,-103,-10,-1,-93,-65,181,88,209,76,71,-109,-29,-165,184,261,76,74,-36,110,94,62,325,48,32,61,150,-41,48,56,-69,-96,4,-11,-158,-154,-50,-203,-74,-76,232,128,17,95,62,-71,226,-23,25,90,119,-131,147,19,52,96,82,-144,21
-51,209,181,25,155,-17,0,-72,46,61,176,0,93,134,88,-89,-26,-162,86,120,57,280,21,44,-123,43,-160,-76,152,-12,156,190,56,104,250,-90,35,188,156,112,69,183,-156,-136,126,-18,58,-172,215,141,173,175,102,-191,6,58,-41,12,-19,56,20,121,-44,123,46,7,135,194,-35,-199,97,81,17,-79,102,160,204,99,90,-1,73,99,-73,27,97,4,85,134,136,150,44,-41,65,7,283,151,-54,-6,107,-21,-30,94,25,89,23,182,215,9,-109,-93,202,112,114,-52,-42,100,-33,-9,192,31,133,85,26,14,-31,62,68,13,123,34,253,145,137,109,75,106,147,-40,290,221,98,2,48,107,-133,150,113,153,192,-52,-3,-45,243,111,36
140,-25,-26,-45,34,-50,8,31,-37,73,181,-28,-54,0,15,-10,49,79,185,-59,29,162,34,59,144,119,24,47,-128,-59,61,220,-99,85,-99,97,-163,-120,44,-43,231,114,110,-33,154,22,53,264,115,25,83,-73,22,-109,-25,131,128,-147,-69,100,184,26,14,74,-52,-58,165,-8,94,-30,60,-70,-1,54,182,56,-4,-69,141,-33,29,142,42,47,109,42,260,137,132,-123,186,47,-57,-24,168,115,-88,368,-24,216,38,-27,18,211,193,171,-80,250,29,77,49,111,191,104,-87,35,57,62,86,79,220,66,39,61,-7,178,12,-96,258,-90,79,121,64,55,79,-68,103,187,198,-184,128,46,63,30,178,-127,63,63,130,20,-100,99,103,229,-210
61,-42,36,200,20,102,166,78,110,-15,173,27,124,128,-20,28,-28,272,20,32,28,116,109,90,-161,55,98,3,91,-57,105,183,-138,57,25,107,225,93,-51,-246,48,9,62,-18,-12,-92,-68,-6,13,-27,198,66,-31,-129,64,-3,-15,-66,-12,166,-94,123,144,31,72,133,97,125,-31,143,148,133,23,-33,11,-45,70,-54,44,119,30,0,87,-17,51,191,2,101,-24,103,124,84,89,231,25,-92,-64,115,12,-124,66,165,-77,-112,177,77,77,173,-31,3,149,99,131,-31,102,104,68,-40,153,-64,203,-52,83,71,213,70,-108,-129,-31,-173,78,-127,-85,156,80,-59,143,-27,-5,16,56,-42,220,-67,-8,175,146,59,178,-70,183,177,113,87,106
-195,342,69,60,268,11,40,191,2,47,101,95,-114,162,-77,109,258,67,86,220,-20,316,75,-7,64,168,10,11,17,73,37,117,126,193,-134,144,-34,95,244,103,175,48,-142,62,51,-24,7,94,189,168,-67,-13,61,49,168,5,147,205,-38,-6,59,104,-62,-31,30,133,-109,91,-42,-56,-35,67,110,-35,6,202,333,191,-154,18,97,73,83,-30,29,80,88,124,53,81,199,157,-44,-26,68,268,-81,-135,-1,44,84,69,69,140,63,5,236,-57,128,139,124,347,-61,-34,181,83,107,8,45,224,55,-88,-28,30,140,96,-17,-16,139,124,-132,3,-14,75,103,31,175,55,74,214,180,216,-77,115,-58,75,3,180,198,223,184,152,52,100,23
-93,190,41,116,96,1,81,74,-33,128,-106,-22,160,175,233,70,178,184,-170,-69,203,-165,13,73,37,70,83,-30,-7,87,220,-71,246,-36,-2,-127,130,88,280,86,196,5,80,191,238,10,164,26,35,201,-19,24,368,-8,-67,-3,244,73,150,229,-72,186,242,-99,331,273,164,224,49,114,-68,-101,-156,-42,52,129,71,47,-58,-9,37,191,24,189,118,69,-45,57,52,-38,48,78,35,-120,80,84,96,205,-157,95,-42,49,198,43,-179,-129,138,-60,-131,174,242,35,-98,0,-58,-179,234,75,-78,66,136,109,-64,217,74,-33,-8,120,48,97,211,10,167,-54,115,-182,217,90,-20,27,34,170,-169,166,201,104,146,2,-40,229,-51,151,-33,-18,294
-58,209,302,140,173,75,64,-13,22,134,281,70,147,-94,-112,-144,136,59,120,125,106,117,44,25,195,-67,94,22,156,-57,98,-75,77,-41,323,213,1,-42,12,99,188,59,-53,106,19,1,247,39,127,140,65,203,113,-24,-28,116,100,201,122,30,96,-34,208,168,-43,112,188,76,82,54,79,-10,136,107,37,75,78,31,88,25,-53,71,3,296,85,0,245,294,82,122,110,19,-48,115,51,85,28,180,-32,372,77,-98,135,-70,58,226,152,197,21,11,-36,-14,44,-1,14,163,-72,64,107,141,74,109,112,46,-209,125,25,-101,-27,-4,179,53,356,-111,111,53,158,-56,47,176,142,266,189,-227,131,-14,9,109,253,51,50,148,245,230,71
58,-39,14,60,-38,66,107,32,71,21,-64,-2,262,148,-47,86,37,86,48,54,130,-10,-21,118,90,50,-50,-39,189,-64,243,94,-184,-100,-34,-100,7,259,44,112,252,-31,-114,65,-54,90,-177,10,100,30,59,70,137,-10,28,99,200,-73,96,99,23,-9,110,11,112,126,7,157,9,184,-13,14,-32,86,66,-44,12,-103,-72,-33,61,133,2,-102,146,103,47,232,-124,-1,-81,25,4,-15,40,50,16,1,35,11,17,50,88,-50,66,86,52,-53,-6,-39,121,37,76,35,116,-132,79,126,-8,156,156,-82,86,-24,-113,-136,-9,-104,123,60,30,13,33,-76,-172,-101,112,11,47,106,-90,125,31,-121,-32,115,168,-6,52,144,109,56,132,63,158
-115,63,152,81,25,7,-41,226,66,-181,-22,-87,228,310,81,117,36,96,12,-26,194,-48,20,-63,153,83,-28,41,26,25,231,-55,4,58,222,131,140,2,-20,140,43,67,-69,231,131,-7,155,4,-36,28,-68,143,142,22,90,-51,247,131,137,67,238,162,49,-15,181,154,46,217,100,-73,-10,114,125,70,232,33,-126,68,143,105,-30,174,49,222,-32,10,120,42,395,0,112,-141,-24,46,198,-12,77,128,104,161,14,-21,47,-135,82,-78,143,67,91,-76,210,71,90,52,-28,178,69,73,211,33,126,113,95,176,-70,23,71,113,221,-26,215,-53,-27,205,159,13,91,-2,253,50,72,0,258,-55,157,-58,52,60,152,-45,-49,-17,114,235,-54
-131,-126,183,49,-108,13,200,35,18,57,61,194,257,-25,-110,115,-104,-2,152,-18,304,148,-3,-96,281,242,37,161,121,165,246,22,-16,119,24,132,-47,-219,220,191,299,231,-142,-53,131,127,44,148,162,133,118,166,250,240,63,63,171,12,-10,32,436,61,238,-91,345,197,94,14,191,251,-125,116,43,-13,-75,160,82,0,9,-45,185,-3,-36,107,-26,187,-43,189,131,51,14,65,149,55,82,45,18,-8,92,-4,120,-41,-112,14,20,124,279,-68,-51,232,145,-110,25,12,215,47,224,9,105,236,148,90,131,148,15,67,234,223,15,171,106,-3,98,-7,103,121,-112,202,26,-28,-51,144,-175,31,278,-7,-33,203,60,149,-95,8,24,54,-197
-22,-26,-50,78,-21,-151,-75,85,-21,-2,57,9,-3,76,198,30,16,173,80,-134,-16,-63,119,169,109,111,96,-36,-85,-76,87,165,-179,104,-63,3,37,28,38,-7,119,81,82,7,103,12,-17,94,49,-35,-75,44,206,16,32,55,121,136,43,48,-19,143,263,-87,207,-54,1,46,260,282,51,242,-22,47,-34,-37,0,207,-41,-18,-60,-53,-201,164,-28,58,57,33,-86,106,-50,136,165,139,103,126,40,92,92,52,-37,112,139,-65,106,70,232,106,102,-8,-68,291,89,47,102,-83,282,-183,138,88,141,-135,2,143,-95,117,74,81,111,41,-114,59,40,-76,12,-170,-47,145,7,45,-21,85,-17,-4,-123,-34,-23,-52,69,177,22,75,123,96,-18
51,86,50,-105,61,245,6,-198,136,139,112,-3,-156,-62,115,-151,184,-157,227,-128,116,158,111,147,136,203,30,155,148,0,213,86,65,6,-16,-92,62,140,-3,97,143,-12,88,114,73,-81,11,56,180,41,34,34,50,-17,49,216,-25,53,84,-68,8,30,125,22,81,216,123,25,-17,-139,82,-34,109,50,176,-8,-6,49,-31,80,211,-41,-203,-169,119,91,-54,60,-176,57,76,142,-32,52,70,16,-309,67,-66,10,-151,91,120,53,-16,159,86,65,-38,126,-31,-22,124,67,97,-88,100,170,2,97,304,43,55,3,-49,-6,26,76,75,13,283,123,138,-65,60,35,205,-79,56,5,-34,55,49,129,-96,81,69,118,-8,177,198,19,51,63,65
37,125,123,27,125,-53,80,3,-21,-26,5,121,-64,-56,-76,86,56,-144,121,27,17,52,-58,-166,172,165,81,311,24,-76,135,-88,11,194,-100,-24,101,-11,157,296,77,72,-96,58,7,-243,-58,-129,-25,-54,-37,-36,68,-74,-20,153,52,125,-68,-97,148,56,83,60,163,184,112,80,88,59,224,-63,137,-125,20,-28,160,-131,114,-24,135,90,-70,154,1,129,91,228,-59,99,223,151,-136,-10,4,137,54,-11,-18,43,-71,-39,223,-4,-191,105,26,91,-119,12,65,204,95,0,-100,-10,119,48,29,190,64,120,150,115,98,35,147,-61,249,-201,94,76,3,34,176,83,137,-39,41,248,-133,-145,140,-6,61,-55,175,67,60,215,-54,96,-90,202,-62
-48,124,260,52,108,88,-6,176,323,85,106,4,219,157,53,198,-24,189,167,117,27,59,199,-28,238,136,194,-333,111,-118,160,140,73,71,92,-156,316,112,24,67,28,27,-44,-145,218,10,-58,223,-11,75,110,101,216,161,197,-231,143,43,161,66,53,77,49,-25,48,188,-18,327,47,3,-125,21,99,-170,-34,150,15,49,-2,5,-11,166,0,107,150,22,127,115,0,52,128,12,221,-19,272,189,0,51,22,123,-56,49,131,-154,264,-85,103,48,49,-56,183,173,-51,-92,-9,-114,25,77,204,176,231,32,119,-12,207,176,158,159,321,68,376,-103,145,11,92,-39,137,10,186,-6,-70,58,-59,-106,107,198,98,164,189,-68,86,-40,120,36,19
263,46,157,269,88,-48,205,-186,-62,122,-81,113,-58,-53,7,-215,101,66,67,39,4,20,-7,-75,-37,-85,-31,165,67,237,103,-116,-49,-129,-69,271,-60,94,24,-10,70,65,68,133,-189,1,-77,-88,40,-80,-3,35,-2,9,-24,32,-13,283,-91,31,-135,59,103,52,139,42,128,29,33,104,171,23,-131,129,-50,128,-120,219,169,53,-70,-191,-14,70,16,65,125,-20,-32,66,5,55,66,199,-151,-8,161,-49,-8,17,-33,165,2,-33,-57,79,154,29,10,114,140,124,-187,-172,131,-66,-62,-54,1,21,-12,11,10,86,-22,-28,-40,-144,74,-196,56,98,52,80,160,87,-43,22,-146,55,85,99,-34,140,236,-26,-86,115,17,62,-254,11,-65,58,-139
100,-71,60,139,18,103,170,-17,50,225,23,-55,222,-179,-7,-34,-1,15,159,-183,32,-42,-40,-54,132,55,30,-61,109,-133,43,187,14,-125,43,135,2,15,63,147,114,172,-88,-16,108,251,23,111,229,-68,118,18,18,102,116,140,70,-100,-24,28,82,46,-3,185,36,-91,-70,229,-4,66,-6,192,-60,-159,132,47,77,0,103,136,60,230,30,-143,-55,21,68,50,25,-120,94,192,-37,-70,-3,141,-164,-11,197,35,19,72,133,115,19,137,-30,-44,11,76,-124,29,208,43,-14,-100,-21,-51,124,148,-70,-161,44,14,108,21,64,76,50,35,58,179,-139,-35,-125,-8,290,81,287,129,20,34,74,197,-1,59,236,200,65,-11,-28,-211,-18,106,35
59,130,30,22,-75,-168,107,22,132,171,46,-2,21,17,76,128,127,35,216,-93,15,181,175,-99,71,198,78,167,19,-29,43,132,36,-73,66,211,-106,68,302,-43,218,65,87,-111,113,241,62,8,-136,223,-14,-19,116,181,211,145,157,75,119,-60,40,91,7,-60,-189,120,11,-15,51,152,60,138,16,126,143,67,207,-18,9,115,334,41,161,2,14,81,0,-12,-97,0,-92,226,-211,95,-55,100,139,-63,-86,196,-56,50,-51,101,-23,92,76,122,82,78,135,69,67,146,88,29,68,117,70,172,212,-106,18,84,-208,-203,2,104,-2,187,42,-2,-108,-11,-22,-216,273,201,-19,-158,171,-14,-49,287,-35,-70,125,48,-78,167,-28,154,31,130,-141
73,-20,-48,151,98,-54,103,59,66,64,98,-75,167,197,125,77,62,142,15,225,48,-71,196,-134,14,-24,-130,-75,30,-18,129,74,-11,-39,-33,-47,176,234,134,55,53,123,-203,108,59,118,154,-47,-39,223,111,10,147,156,50,-117,99,167,158,150,133,214,194,31,69,236,198,16,121,100,-39,29,-147,76,29,307,67,170,-78,-2,-63,337,101,-32,20,171,156,158,43,132,15,26,10,-32,94,266,-150,7,11,54,-58,100,152,-115,-38,-127,231,76,137,-10,217,254,140,195,-18,83,168,-58,75,97,21,-7,8,65,-100,128,201,181,-57,119,-44,31,-171,-65,94,55,257,-1,161,61,156,218,-46,-61,277,43,64,138,16,79,-103,74,43,218,82
-157,-32,-162,-58,196,-36,5,-180,55,-7,-80,-11,104,-221,-51,-12,234,36,-96,-6,108,77,166,-11,-26,-39,112,-285,-43,-72,183,168,-212,65,-137,-70,103,-17,65,25,282,-10,13,-137,-2,108,-169,143,77,-94,-41,157,-71,87,42,113,19,63,81,-29,130,83,146,82,22,-26,33,76,8,-16,-97,48,69,-89,132,-53,134,66,217,-104,-11,106,-70,-40,70,128,-14,193,-111,15,-188,16,-33,86,84,155,22,90,-76,53,106,-112,-9,23,105,234,-50,-7,103,-42,-70,183,171,154,-35,68,-124,197,-109,119,71,52,23,-127,-37,216,76,-101,109,-99,-60,-216,95,-170,-162,81,126,-44,18,-92,-9,-71,27,-86,94,240,236,-30,81,51,31,-2,21,-25,156
31,59,34,136,150,-60,126,-34,150,87,-4,245,211,-81,41,-135,37,47,146,66,93,-5,-217,-50,141,-174,21,105,61,122,-20,-108,35,-96,142,33,76,81,-232,83,97,164,-42,174,68,105,92,-9,90,-19,175,34,93,157,23,83,-46,-34,-74,247,-64,-1,72,-114,-124,52,110,52,237,160,57,22,54,47,-19,50,49,11,1,-114,-42,-17,168,93,76,-90,220,44,-29,148,117,59,140,26,88,-44,-52,15,264,-27,39,45,30,5,42,83,93,-45,29,12,137,-27,-4,59,-144,-119,106,69,88,64,68,-19,150,9,60,-15,36,3,-53,20,73,0,308,55,60,-290,39,131,10,124,19,70,44,-63,122,-15,-7,99,71,85,-85,-41,9,-45,-99
-88,29,-68,22,-73,96,131,107,-1,-19,-56,11,193,-25,-100,113,232,93,-65,-55,77,11,43,-23,5,-52,95,-182,105,-109,34,4,-95,25,4,73,24,-27,-41,-51,56,203,90,-72,-67,-21,15,151,-168,99,-164,-78,70,20,27,-4,164,-28,152,150,121,35,-36,-84,90,182,25,161,197,121,120,-72,-46,63,-1,-29,15,-47,-8,27,-66,40,-4,37,66,-27,-43,150,-25,73,100,41,122,-46,37,24,-8,148,79,136,-7,-84,246,109,1,52,-75,139,50,45,-109,179,201,86,44,34,60,4,-13,34,100,133,240,74,-103,-79,117,55,77,92,64,-5,1,-57,88,-10,-15,80,6,-14,-174,123,115,63,72,-23,57,134,-72,38,22,155,42,121,-2
-117,222,42,78,181,59,231,133,-24,300,69,-88,224,28,-63,28,62,192,-220,-181,254,-81,203,13,77,-124,-54,-75,135,-80,-26,61,-166,-29,-51,174,-41,-15,-16,87,-36,8,-9,25,97,-10,216,-20,-118,12,110,151,148,36,81,-98,-140,-109,61,174,51,228,-169,106,89,108,-18,150,54,-79,62,74,30,-18,135,64,-51,-43,35,89,71,91,173,144,4,120,-2,122,185,87,69,132,133,-2,107,48,119,307,193,188,113,-109,90,177,-70,121,152,-2,-118,74,-134,41,32,22,152,84,248,-166,56,-70,18,66,136,351,-18,95,97,-33,97,7,14,3,-138,31,143,34,1,-12,172,14,-8,-88,52,-56,156,175,62,36,51,-50,257,88,52,171,38
-180,101,191,152,330,-29,151,109,184,139,43,71,180,60,33,230,52,93,-65,-12,127,153,140,-17,11,132,83,126,139,93,98,161,68,117,-161,-32,122,-56,121,32,-9,181,242,110,-10,192,-47,-28,-53,2,-9,131,185,97,69,-55,28,154,195,-20,71,84,16,111,44,101,57,224,161,190,149,149,-15,167,-119,169,236,163,-32,-108,70,101,162,79,36,-98,133,-47,-41,126,32,-94,294,80,113,-33,42,92,44,95,-39,312,249,126,224,75,221,87,-72,-40,143,185,111,53,199,-73,198,-33,17,72,17,-76,138,59,6,-3,121,119,19,-44,118,137,19,-79,133,130,-34,89,162,90,167,49,-27,-7,-28,23,-21,156,-107,268,39,63,184,-7,-97
-52,37,54,90,208,-33,-84,31,238,-35,89,12,21,67,221,-140,-21,-32,168,-10,-82,99,-16,-20,66,-87,74,32,43,-5,-64,109,30,96,149,-41,131,140,6,48,228,98,-3,95,3,157,179,87,20,-73,-70,90,-102,-42,110,-62,-47,83,57,76,-117,220,21,96,-145,39,-39,159,-89,-51,281,58,-90,57,200,74,116,25,167,101,1,-74,41,-26,-135,-66,111,91,-15,-23,-94,93,227,6,241,-81,223,56,-25,241,-217,79,33,143,97,29,99,125,64,79,176,196,51,-9,-130,-144,-1,111,-121,-18,-37,74,153,-5,45,-32,-28,-94,77,-6,266,69,151,86,114,-2,80,-72,156,7,82,-112,150,26,-71,122,57,-36,36,74,-8,151,169,137,0
16,-9,-24,93,46,62,103,371,-70,83,-81,19,153,101,23,59,108,169,83,-65,209,-22,108,158,213,110,90,-40,-10,119,89,215,-107,-46,96,178,119,34,46,75,102,228,-110,-54,90,115,69,54,24,100,54,76,18,-23,144,294,33,55,-24,91,86,27,9,126,40,24,17,-14,92,-138,-119,195,14,91,274,20,67,-132,29,222,-62,74,90,21,118,97,-11,455,27,81,-30,147,-48,0,173,-56,-85,114,117,161,160,20,53,104,105,54,84,122,-88,84,-32,89,80,22,-87,46,90,55,0,-11,241,-33,35,115,-89,77,-23,-116,233,-122,54,-69,-10,135,10,-62,274,37,87,-52,135,-142,158,77,85,28,165,6,76,28,160,135,-1,34,-63
-117,125,148,33,-33,130,142,50,141,168,-115,49,120,109,-116,75,60,20,-33,-61,32,34,-87,-159,-13,14,-46,97,66,-12,8,-63,165,1,38,167,276,15,20,14,-7,67,-48,176,109,-147,111,-82,-24,86,37,15,-71,-62,-2,143,10,100,169,59,87,19,35,91,-95,297,23,53,85,-49,-5,149,22,124,60,-1,-70,-91,45,48,52,47,40,-62,212,73,149,63,100,59,66,156,115,-38,-16,-13,-110,117,108,124,-45,77,65,39,67,-22,220,79,-380,8,-24,-25,106,1,20,70,106,155,73,-48,84,24,110,236,0,216,125,-33,19,146,97,112,156,-72,92,-59,51,-234,68,155,36,20,104,149,-158,-108,-117,137,-53,8,-73,174,0,-21,-18
-11,130,70,76,196,-65,278,200,171,30,0,-54,69,100,358,66,169,89,-59,55,139,59,239,31,-89,110,12,151,86,15,102,151,-106,68,-121,235,222,49,82,-99,90,17,167,102,79,54,82,116,15,90,31,102,309,136,230,-27,60,169,250,75,93,247,210,-135,104,-101,85,215,144,258,97,-1,-3,120,40,112,78,196,1,170,130,108,56,214,178,95,149,-4,81,25,70,105,171,13,138,56,-61,-24,69,174,-218,-54,81,144,65,0,173,173,40,229,191,42,-215,-70,-7,-35,99,28,80,183,218,139,44,191,-56,-167,94,77,12,-78,265,46,58,71,52,40,278,23,229,137,-50,57,-10,33,166,0,65,-47,-147,312,-21,81,101,30,-26
141,81,1,82,162,-57,-63,-53,-214,86,-92,28,40,41,-104,14,-126,-11,-6,-75,104,51,-28,93,61,14,222,130,135,37,174,-71,65,-2,-46,-2,47,5,246,2,104,130,-136,171,-9,47,1,-53,5,24,133,-27,209,16,111,83,37,-90,-17,49,185,64,113,30,-129,118,48,63,136,113,25,67,64,31,-25,15,-72,-224,-85,-40,-3,-49,73,133,178,-26,-151,247,89,114,-20,135,-33,20,128,113,76,76,147,119,-81,-55,-92,-142,43,47,25,67,-33,113,152,-31,103,67,63,-38,232,215,135,49,24,-3,154,-43,32,188,140,108,70,140,4,14,-10,1,163,-19,28,120,-119,18,-140,33,-26,83,152,154,61,39,210,-81,143,95,85,-61,-59
97,142,145,-70,30,96,115,-7,91,-23,-16,30,-206,94,-52,16,66,30,100,121,95,-29,10,-206,-96,245,-6,110,-60,120,7,-31,-31,72,42,21,144,197,34,222,312,100,-1,114,228,37,-43,100,114,-25,26,73,188,-88,113,-17,298,-38,207,35,24,70,123,118,-26,73,-66,73,-28,19,163,67,120,-53,101,321,-20,-61,106,15,137,61,-9,45,117,80,44,-216,86,118,59,116,-50,-48,169,118,59,26,28,-10,18,6,74,240,-80,94,279,-176,29,-159,56,60,-131,219,71,-65,-89,95,116,164,195,76,36,195,7,162,-14,215,-34,76,105,-173,174,73,84,40,119,29,121,-31,-58,111,-16,89,89,38,40,252,76,257,-38,50,75,24,77
29,-148,60,-191,148,131,64,117,282,57,263,-26,-96,28,159,-49,31,-268,286,60,73,72,68,-240,2,-57,171,157,73,79,-171,-4,-116,23,-26,151,109,-64,64,-202,136,-26,32,-19,114,60,155,37,-90,241,29,94,-46,92,33,-11,11,255,4,-95,113,102,-186,25,-54,-84,-7,-34,238,-32,41,175,-11,53,-1,94,61,101,52,-13,-233,21,27,-9,-277,-59,-39,177,115,63,30,-64,40,-57,153,-43,-34,-124,-89,-92,171,-149,-66,80,37,-51,23,44,-106,-132,103,-57,54,80,-62,-3,-265,-37,27,-40,-16,7,-114,-91,-39,-256,-24,-38,58,-222,1,-135,159,62,77,-98,97,-161,-34,-75,35,8,-22,177,34,-185,20,47,-1,-71,-33,-75,7,69,-29
-150,43,91,110,-93,60,-58,22,-123,31,-131,-37,73,21,-145,62,-73,140,106,-165,-79,-29,115,-28,138,40,-51,-23,-125,-119,75,85,26,43,136,-54,-137,32,102,-97,98,162,-26,-111,111,-83,93,-88,57,200,-2,140,-29,57,-108,-10,-85,-68,-73,176,78,-55,140,95,30,-64,123,24,-69,-81,50,-74,54,27,54,-131,-86,-146,-26,-6,47,-13,56,55,102,272,-154,8,95,202,63,118,-27,171,166,-142,-31,162,25,-73,-95,-36,-13,-4,-36,-1,-167,74,-76,21,-14,66,-115,114,-39,147,7,2,-37,-50,102,37,88,101,207,6,53,-25,-97,203,-158,-123,-20,-15,122,154,94,75,-11,27,-143,80,113,92,-58,-99,173,-8,-4,-47,-22,-88,-111,103,-52
-195,161,-129,72,48,13,-146,297,-108,-114,-72,104,28,87,51,151,-154,78,-58,-35,22,106,43,61,23,-244,34,153,68,164,6,-46,23,233,-10,1,-54,121,190,-37,-42,-3,169,49,184,19,171,-7,9,-8,-35,-79,31,-117,-79,-41,57,54,139,-38,99,69,143,-48,-62,46,85,-92,144,-1,-2,212,-74,34,98,184,-21,100,-263,-61,43,-248,-87,-11,-77,-43,83,63,0,148,8,118,-55,-71,362,18,-19,40,142,-170,14,-74,196,-116,-16,170,140,-46,68,-7,-3,51,-14,30,117,136,-112,140,7,-99,-3,-55,37,-36,134,78,48,-118,119,270,35,140,-160,-14,180,142,-102,182,14,84,1,-58,-44,-139,-59,-18,-57,-26,33,32,-42,101,-53,-34,118
-14,35,-99,105,14,65,24,-23,113,-37,-99,-65,-19,-143,107,50,71,116,181,56,-49,-119,-207,-176,-167,147,-43,-16,-21,106,-44,100,-10,-205,27,106,12,-18,68,92,-126,143,-167,157,-23,256,93,111,-111,99,-114,191,82,-17,76,-10,0,122,7,23,-103,-43,-13,-141,211,-69,-184,-98,50,-22,70,-24,53,-11,210,91,-66,107,1,18,47,-132,53,53,-363,99,5,-87,50,73,49,-12,164,-90,113,-57,42,-18,39,-76,15,0,-84,-76,-23,-9,178,-134,-59,41,-180,-99,-98,91,9,-90,-1,57,50,-45,-32,92,139,160,108,-50,50,47,-195,97,127,-5,79,152,-103,-72,108,-91,35,-32,177,28,220,249,103,-35,92,-2,-22,23,-85,-99,-20,35,-64
-120,5,-1,17,82,-9,-16,157,120,25,106,-11,-20,-112,55,70,387,-32,72,7,138,149,64,-49,99,-52,175,0,134,231,77,-94,-114,81,24,38,4,-23,76,-104,230,77,23,-51,74,59,23,165,-31,11,51,-47,95,11,77,-110,98,97,15,10,39,21,-46,-126,54,-68,85,172,-33,116,177,-53,-18,67,-150,55,5,-3,243,-80,-61,-2,43,188,0,28,51,257,-22,0,237,-39,97,111,80,-17,76,-10,86,35,41,-29,-47,95,33,-135,-122,68,26,-57,88,-82,86,73,13,93,-89,22,-3,-19,69,90,-51,-217,137,-132,53,-95,-23,87,110,20,92,-53,154,116,48,81,-216,7,-123,72,47,59,269,-10,164,103,120,35,-76,110,-9,30,-2
52,-39,-77,150,153,94,73,201,310,82,39,78,104,199,-64,127,-49,125,64,359,124,-10,18,-69,129,-22,151,-15,113,-66,39,9,-133,122,100,165,28,71,196,9,167,16,-106,11,-22,63,114,119,-19,198,36,204,113,117,0,-48,-4,143,19,76,177,68,153,19,146,26,-116,-76,133,267,-8,249,33,80,242,214,198,84,149,2,-155,68,119,115,-246,-23,122,169,158,139,194,33,98,73,8,58,228,-5,91,46,78,29,40,-108,-30,37,101,52,-20,76,161,34,20,48,99,256,-50,37,130,-66,135,-116,-62,79,133,90,16,12,60,7,146,78,142,114,178,-86,370,-11,130,73,10,209,249,29,202,78,120,208,0,201,-78,39,101,331,169
-15,23,134,-59,88,-74,-6,36,-46,9,98,123,23,191,-113,26,-66,-52,42,83,26,146,-37,-73,5,136,53,82,-8,33,-29,-43,143,46,-5,155,93,-173,5,-95,-58,-8,0,-38,-27,-2,-10,86,69,22,105,-115,-34,-12,-48,-12,48,182,69,47,156,19,71,119,96,128,-8,49,182,-120,-34,-24,10,-38,-75,62,112,18,39,-122,169,67,-53,-66,36,-112,83,105,-30,48,71,-13,-22,2,181,44,-18,6,-186,191,-18,-9,-85,106,224,192,246,106,-28,134,-2,99,107,16,127,153,76,58,39,156,55,-99,114,37,8,285,31,10,17,-51,2,75,31,99,-16,121,-47,64,124,103,51,24,47,-197,53,-13,-187,174,51,98,29,138,346,130,-78
-145,37,-14,120,52,80,230,214,19,48,12,130,213,87,36,86,-121,2,80,50,11,55,-89,-125,114,-110,10,4,23,-23,45,148,-175,98,-13,80,-127,107,-77,-35,112,14,69,-130,1,-126,-57,6,-112,89,81,-31,150,299,29,-147,20,137,63,203,124,33,99,-41,-109,-168,10,-24,-46,198,-23,-64,-195,72,-56,11,78,101,100,-77,163,-8,41,-165,109,109,102,82,-36,3,39,76,155,-77,84,-1,47,-92,0,61,94,-59,104,64,-31,-159,93,66,160,-38,-170,-101,202,149,-15,-70,-30,90,47,56,6,-24,6,12,62,-118,-231,172,28,105,36,-44,-17,-24,-135,53,58,-104,2,-203,-118,108,-78,80,118,-83,201,53,-17,212,-30,61,40,57,54
11,116,10,48,146,127,-99,23,-29,58,36,169,-5,-17,-9,78,82,-57,32,-34,46,131,-42,1,-67,59,-250,71,-42,10,-19,-86,-25,-75,94,-53,155,-93,148,91,-22,118,6,22,121,52,59,-86,-228,21,107,-37,96,-51,-184,275,167,172,11,-22,-198,-18,10,-65,120,0,226,139,100,-23,145,79,-76,173,0,33,37,61,41,40,-127,-34,137,125,-185,115,-153,168,72,18,83,-65,135,-16,-58,-2,-24,154,9,115,0,82,140,41,70,3,233,115,-143,-62,143,23,192,73,-148,-15,-128,-61,156,129,-1,103,-128,-44,-81,19,111,-22,136,-83,-3,-26,20,-21,218,55,-227,150,-44,95,-111,-113,-65,9,-103,-57,47,72,-42,87,68,92,-106,-162,-72
112,53,-7,23,157,-172,109,-6,-24,83,103,6,-49,-60,-1,32,53,-83,60,-17,-109,140,-134,-53,26,64,155,54,112,-75,107,-14,-231,126,-186,176,-116,-19,127,139,205,46,69,110,94,-85,-180,-13,112,-176,-102,-3,-52,-10,144,-105,13,28,3,-235,-11,-54,-100,-41,-10,39,16,110,81,113,29,100,-119,-170,-34,147,37,-151,-66,6,-57,-46,104,-123,-60,-115,-53,22,-52,106,-16,241,-48,62,28,-40,99,52,50,29,107,-16,-185,190,101,95,52,165,21,-69,-20,90,-7,52,-108,-40,-14,87,-75,16,-47,-152,260,-84,133,-31,-276,159,49,65,33,-8,-101,138,60,48,48,81,-13,-18,-123,-36,-103,49,6,143,74,-24,-11,-125,66,47,80,-71,-133
-78,-10,160,4,-43,-82,68,-189,-24,121,143,198,-64,6,-86,-167,31,-84,206,46,-110,308,-149,20,79,-77,100,179,-26,278,136,-39,8,-28,94,129,-97,130,61,-46,313,303,-76,36,30,-10,-79,-59,104,-53,-22,4,-57,16,35,77,67,281,-104,-168,69,-157,28,44,128,-42,137,24,130,-89,-49,-115,-8,-58,-4,28,-70,-69,48,-51,34,-8,-104,49,113,-140,45,-63,-27,46,-23,-72,140,204,188,-44,-59,-71,68,-20,111,-3,-46,-29,210,175,145,193,-32,-57,133,59,304,16,91,-7,97,270,78,126,144,9,87,-35,99,14,-25,51,115,-29,79,115,107,107,18,10,33,-6,-8,94,-26,116,115,-19,83,-99,-164,251,-13,-11,-119,-29,-98,106,69
-28,-30,84,-81,11,-16,-78,68,124,-34,1,-47,-69,206,2,-22,15,-3,93,54,57,56,-52,-51,65,-101,20,156,84,-138,-25,-26,2,2,134,-20,61,165,-61,128,39,-50,-185,4,24,117,41,81,-13,25,111,0,-159,-100,-38,-27,329,-55,263,97,-77,-239,-19,35,-79,24,80,-47,87,-1,-75,65,257,-4,-7,-46,30,-19,200,64,-1,92,174,-91,2,-82,111,96,65,-17,63,-146,93,-73,-4,79,-95,1,53,149,120,164,-33,-65,64,119,-27,-21,49,-137,186,58,54,-4,148,68,-59,-60,-36,161,-3,-136,185,-171,193,56,167,-96,-28,2,59,107,202,-44,-29,111,-91,-37,169,-43,-37,-74,74,17,58,-50,-102,253,101,74,-59,-103,-17,50,-9
138,192,77,98,-75,179,-142,-26,196,-7,-158,58,-2,114,239,-98,120,81,185,35,3,152,-49,86,68,-137,39,43,109,34,7,-63,99,-19,181,65,-127,80,-106,-37,141,-61,167,-23,16,233,115,117,3,82,149,24,38,-3,33,-8,-11,63,188,140,-60,-74,59,20,42,-51,42,35,121,-69,-196,-89,-12,197,0,-13,13,232,-107,233,46,24,-81,137,-64,-134,20,8,34,210,142,-144,141,40,-24,200,-151,-109,92,-16,-79,55,71,-258,256,147,130,-65,144,82,301,386,-1,55,88,-57,30,255,-72,-99,44,-24,-19,-24,-4,19,33,85,-83,154,63,84,-40,87,174,-15,121,94,141,-59,-63,55,215,8,90,140,29,69,35,124,25,23,148,168,246
3,117,190,56,77,8,181,51,-14,132,151,135,-4,60,-7,1,217,42,23,-71,156,-17,68,74,107,108,-19,283,-70,95,197,-43,58,41,-5,-57,75,80,88,394,159,22,-127,102,56,116,-9,27,121,-161,-20,-103,73,-192,0,-79,-19,199,53,61,48,104,-35,-42,59,170,121,117,100,84,96,63,49,-94,-27,27,61,14,-14,23,226,132,-77,179,-6,23,135,119,145,68,117,32,23,33,32,140,136,-11,71,16,32,61,39,25,34,241,221,-28,98,27,9,92,-8,34,34,197,42,-18,-11,68,-17,12,209,112,50,23,102,145,235,14,15,161,148,15,234,259,-29,-15,1,130,15,28,-29,164,87,-97,187,-15,288,183,170,216,62,-111,-17
-22,80,-34,-123,74,-123,52,143,98,166,133,126,-37,176,-42,-31,-10,-65,41,121,-173,95,61,-66,137,38,29,-38,78,113,29,207,67,119,-168,-54,2,12,58,-17,190,162,-36,-71,-63,-124,-223,84,94,-109,184,-104,4,167,190,101,6,-138,-8,-101,211,207,103,-85,3,-30,101,89,-91,168,54,-82,-86,-115,75,91,219,88,235,-13,318,48,-4,67,101,9,212,33,-178,-128,-30,94,27,49,164,113,4,-49,-38,94,-92,-102,43,91,47,110,107,84,96,-27,-24,-102,202,-13,29,39,125,201,75,79,51,-60,68,-44,-17,195,89,-55,117,108,-79,73,10,-8,-211,84,91,-15,46,-58,128,-80,-98,-129,19,167,54,-104,117,96,70,-38,26,-72,14
-227,57,186,154,-100,4,161,70,189,164,208,50,13,12,166,104,206,-189,58,-120,59,207,54,-127,4,-27,-96,-109,-58,-66,122,122,-47,84,106,-3,-13,36,65,-24,278,181,45,-114,331,107,163,-13,183,-15,39,81,167,60,-21,80,69,190,128,-77,159,120,147,-69,30,54,125,113,207,75,70,27,-169,-121,-9,116,172,227,127,-3,-69,126,44,55,91,-129,139,74,-97,110,157,120,204,48,107,116,-64,-50,11,62,-81,117,71,21,85,27,255,130,-84,180,175,-17,57,16,-78,186,55,-36,172,51,34,-35,22,150,101,180,-40,44,74,-69,89,34,237,-119,115,157,39,38,-8,78,-31,221,-19,-57,-36,35,-29,163,93,131,63,25,43,77,116
-35,-23,50,197,224,-15,121,209,-32,79,57,-80,-117,193,-41,158,-131,126,-1,35,164,31,88,176,-29,218,67,-59,-81,-73,-113,131,-15,221,88,-143,57,90,-26,3,-23,-1,-44,-127,-77,64,-56,49,59,207,66,37,267,196,89,-32,-15,131,-53,214,151,52,-121,-157,-22,176,-127,122,-107,261,57,45,145,39,104,3,283,43,-98,-90,-44,125,267,175,66,22,63,32,-185,159,-27,-50,91,54,-119,6,280,146,202,85,266,56,204,-93,118,-43,14,165,-75,125,70,-43,-70,37,140,37,127,-4,57,-50,149,89,-77,28,76,3,84,71,166,-107,-88,-122,86,-39,91,44,271,85,-16,74,76,-2,95,51,94,201,214,134,133,85,300,-139,-110,81,215
-17,-73,50,-218,6,-19,41,-84,143,-46,12,100,-6,83,61,99,-163,-189,153,134,-177,19,23,-108,-8,17,-97,-15,156,-27,-4,54,60,-1,67,3,-45,80,-40,-99,14,94,130,27,15,14,-3,-53,-46,129,-78,-12,-16,188,-141,218,188,-73,38,-172,-34,-144,95,33,-230,-101,92,71,29,-42,-35,93,68,126,190,-116,52,100,106,68,-54,74,-80,-65,48,-28,95,-130,112,-119,-82,32,-96,56,-169,9,-29,-128,-219,137,-84,-11,12,226,166,-177,-129,59,117,-68,-55,5,83,191,-27,70,-151,54,67,85,225,91,-63,33,-78,-21,19,52,-90,124,45,-193,15,-64,-41,-151,-39,42,93,-39,62,-15,136,-111,-82,-212,103,-34,65,100,-66,185,20,64,224
93,-140,-9,-53,-6,-34,108,93,95,129,247,25,-3,-24,116,26,-19,50,20,8,149,190,137,25,65,267,220,144,-120,64,140,178,4,44,-20,90,107,-150,213,-60,239,94,-59,81,175,235,76,116,-104,0,110,-57,-14,-31,-31,62,31,120,198,-75,36,-54,85,-91,24,8,36,-18,245,123,36,40,119,-118,66,153,78,-64,175,177,-145,65,200,158,-47,80,-99,185,-6,-78,1,7,130,82,142,-102,98,76,103,35,-20,4,23,31,-23,69,120,136,-26,8,239,65,235,177,-104,43,135,163,-87,100,139,35,-2,-93,-59,-24,133,-24,43,-100,123,80,-4,-60,-166,12,-88,8,-58,-22,122,62,85,192,117,-70,-80,120,-53,135,-144,106,240,141,-74
34,-65,90,-158,-111,-6,193,-58,151,195,-25,-120,-110,-63,43,68,230,-78,-87,-49,38,98,113,29,4,4,-68,156,0,75,21,114,29,-116,-112,26,171,123,-116,151,4,13,-103,-69,121,-198,22,-14,-40,267,105,-37,-143,-130,2,9,163,219,83,-8,29,-122,-14,124,-67,58,16,63,190,-27,-2,-40,-228,-77,64,-214,-57,50,8,-44,39,78,155,-131,119,-4,146,-73,72,177,155,61,3,-94,86,-84,-401,-33,-43,-120,-5,252,52,-15,-58,163,-46,-64,-73,12,104,160,17,-166,71,-93,121,-131,-8,-2,161,21,129,38,29,63,1,42,54,-212,6,129,125,55,-10,-8,74,-35,137,157,-69,17,-88,29,34,14,-151,122,-252,114,61,87,-205,81,105
-87,152,40,56,156,-33,87,110,13,191,317,104,-126,-52,305,39,64,155,-117,19,45,-57,-84,18,-259,168,72,-147,-30,-96,-47,121,18,110,-74,27,-27,-50,79,74,140,-15,-21,37,160,-155,128,-48,87,-74,140,-30,55,-8,212,-87,-29,-24,21,70,62,221,-60,43,123,-153,57,226,-145,-87,87,-2,-168,-210,18,84,299,-23,89,-41,6,-102,47,-76,-62,113,-114,69,122,190,-45,129,-36,-101,66,34,177,100,-90,-177,-28,-25,8,160,-4,98,170,132,39,1,51,64,136,66,-57,5,-51,81,111,-67,-75,34,-5,81,73,128,92,125,-17,63,-73,-37,-91,68,104,287,0,57,-111,116,96,-82,-11,129,84,232,232,-84,189,127,182,146,229,-52,92
13,-18,17,-43,102,-129,162,190,34,153,166,22,-46,83,-64,98,87,29,266,120,163,207,68,65,-54,321,206,-20,103,-33,-29,191,-69,136,-118,52,52,-75,54,-5,73,92,-33,58,117,-15,21,206,76,104,73,79,67,34,97,221,166,-18,174,9,294,-92,2,19,187,140,148,-92,202,62,72,47,-28,-76,-28,111,259,117,16,4,166,-55,88,27,-119,-28,-64,215,-44,184,-46,168,-101,221,212,44,-27,-37,-31,60,85,113,48,91,197,57,54,207,140,-78,-140,67,465,319,32,231,25,247,-63,119,136,-2,38,-19,-83,58,159,12,102,-102,124,51,45,172,87,153,179,114,17,91,64,61,121,-58,74,156,84,21,95,149,261,140,187,48,35
-10,92,198,90,-32,9,267,-3,160,101,115,-67,-44,72,24,239,33,33,-103,-175,23,105,-22,-45,-40,20,141,112,-7,-213,-56,102,-45,31,65,55,154,58,27,-115,13,-17,1,-162,109,-106,-74,-21,126,58,-202,88,-79,-195,-60,-78,157,321,64,-55,9,86,-22,120,47,125,-14,130,1,-13,-33,-41,5,-120,235,58,-106,59,118,-162,33,-175,-69,71,52,242,309,-147,65,68,22,-4,93,249,36,-2,-21,3,121,25,259,99,32,124,130,4,-43,15,-143,73,-98,-13,30,-93,285,33,-114,48,144,-44,323,15,-54,18,-41,-43,36,57,226,-200,111,-32,23,182,115,29,210,-202,171,145,56,46,52,47,28,-40,-89,-53,-80,-137,-76,73,-44,-193,166
-5,290,93,104,196,9,312,-74,230,176,149,121,95,79,80,55,151,214,107,-63,-33,83,-28,-64,62,-84,-20,73,92,-36,219,-23,-75,-25,171,100,89,219,-57,123,267,164,-111,-127,117,-25,-2,-110,106,1,108,43,309,161,63,-50,68,59,2,353,-50,169,129,-104,76,32,41,215,48,207,67,171,73,-53,77,1,-95,23,85,63,241,75,120,159,67,109,-76,9,224,-37,134,338,126,133,-25,66,152,79,216,33,83,-94,213,86,85,154,307,-95,-41,53,32,156,96,166,76,81,7,-48,398,71,113,161,21,-8,-22,91,-131,126,70,174,-93,-198,-76,-14,146,-95,213,-66,80,28,129,205,82,218,-57,157,204,124,-77,2,28,50,15,26,138
-60,-13,32,22,36,-49,51,-109,-30,-68,101,-138,-123,-163,13,-153,37,-7,7,44,28,41,-86,98,-174,-30,-102,-74,-55,-218,67,-3,-98,83,-19,-123,-8,85,-85,-12,174,12,-40,35,64,-142,52,5,-62,-93,-24,129,-23,62,-14,120,-115,85,-92,-96,-1,-62,11,119,63,-85,-11,44,-39,96,71,-202,-118,-86,-68,-18,12,15,-25,-108,72,61,110,9,194,-11,84,-65,-152,-88,2,-42,23,-79,-106,-17,-76,2,74,33,92,192,75,-21,-76,58,-23,39,-50,37,-105,46,-146,-22,-88,11,-10,-134,-46,104,-42,-57,-180,33,64,9,19,74,159,-70,13,94,121,-57,-1,207,-77,-133,-72,191,96,34,80,-25,-28,148,56,9,-163,-36,-177,-42,-7,-55,-117
-1,102,165,181,241,-147,75,-49,-90,-138,129,-119,-17,2,134,114,149,-55,215,5,49,104,157,87,-165,157,224,228,49,-10,3,-75,-48,-121,109,55,-36,-31,266,-29,4,40,-94,-142,82,121,23,-45,-58,185,-90,167,57,-48,-77,-68,-129,33,-14,-51,-7,125,14,-13,267,-21,37,96,5,115,219,128,100,49,-66,-1,-54,22,-107,55,37,75,-21,-66,-57,38,-43,7,88,107,91,187,-10,53,176,-197,-62,36,-8,-44,-69,-61,51,-79,106,110,28,137,50,-41,-21,-3,55,44,-115,26,-47,-12,-117,117,-21,25,63,-112,23,-80,-39,127,92,77,-52,15,-83,1,103,177,105,142,53,146,68,190,46,310,123,-148,-147,71,-36,12,-78,-77,15,91,-61
-11,118,45,-161,19,-95,34,160,-25,138,-137,-18,250,114,-29,4,63,84,52,-9,92,-58,13,-22,77,-91,48,-34,-55,4,148,-113,135,-11,-24,238,211,-50,-58,113,113,-110,-61,30,-37,4,42,-130,29,-60,108,-50,60,38,11,-8,221,56,83,141,-120,-76,87,-131,158,-11,-29,-151,390,-38,-74,-119,-5,14,-46,-66,-162,136,55,13,8,-119,-90,107,-47,132,-45,111,-6,89,-27,173,214,-162,-74,68,-132,-176,-247,50,-95,67,139,-48,-31,93,90,-122,-10,-25,32,-112,-93,17,169,-61,80,-157,20,254,208,-86,128,111,172,-26,227,-125,59,24,138,-88,165,11,39,22,-76,-24,-114,-71,66,116,88,-77,197,-68,-194,-36,-112,24,-16,-145,-37,111,-67
28,1,20,-96,-47,-79,29,178,-85,64,-28,-7,-70,10,7,-14,-15,-119,290,92,24,-50,38,-104,162,76,-232,1,74,-7,161,-56,-69,52,50,-199,-24,101,-123,206,33,53,-209,6,58,48,-109,55,-24,-17,56,-90,-50,38,-4,-115,176,-97,-112,71,-110,71,21,-177,110,92,-117,13,184,30,98,-34,97,-120,-49,74,-11,7,-28,-27,144,173,75,139,-56,-12,-84,-73,-71,-34,51,-162,-103,78,-67,151,47,-196,92,196,99,31,102,-78,97,13,-99,-194,109,-241,-147,42,-76,104,70,-57,111,-7,49,105,236,-52,65,76,18,54,64,49,155,1,45,87,-63,-26,52,-248,190,145,110,9,111,88,-48,115,-7,-34,134,80,-58,104,-265,-148,96,225,50
-43,98,-77,153,47,263,154,282,74,6,30,-73,206,37,160,224,257,-157,-139,-176,160,-54,61,84,-10,-21,12,-58,-27,65,-31,217,-279,32,-85,-52,-58,211,-238,-165,194,181,7,17,89,50,-25,-100,14,1,94,50,53,142,45,109,-27,17,40,136,-124,27,48,82,121,-67,8,285,62,-45,94,-121,-91,126,-145,148,185,110,7,-65,120,198,97,-1,71,110,59,95,24,-105,13,154,134,-79,160,94,-25,-60,-92,-90,127,128,-2,155,209,-3,-132,53,70,112,-130,275,-75,67,-152,38,-12,50,-1,76,20,116,2,194,345,-74,-31,-163,129,-228,109,6,-25,-34,-117,42,219,36,74,227,179,-4,232,81,154,219,142,34,156,-142,-23,56,9,123,-75
46,-83,26,91,39,-108,-12,170,217,14,47,51,-34,228,-21,153,-5,82,96,132,28,69,184,139,46,151,-14,-14,-17,41,111,147,3,194,-32,-59,224,-148,171,70,223,-98,-143,32,59,-12,53,63,56,-95,-25,-136,61,-16,50,38,110,148,-36,-85,-4,25,23,-149,169,65,-1,-185,165,18,19,-11,139,-278,-113,18,153,25,-85,-21,212,110,-10,149,-28,-46,-12,-21,-86,-105,160,203,-16,81,98,88,19,-94,-89,45,91,165,88,193,36,-96,81,56,50,-43,19,110,-5,107,194,144,215,48,193,40,328,-110,-58,65,53,94,36,-110,107,19,181,152,70,-57,91,-122,14,-38,-82,-25,73,200,135,43,-21,-86,179,-23,-10,365,-68,162,57,69,64
-42,-11,161,26,73,50,25,80,-56,166,-149,208,13,161,92,8,-214,57,169,98,216,-23,-4,-23,-25,39,-73,-26,29,-183,207,-43,32,-74,183,-334,78,-10,-29,-15,-2,-11,-28,-15,-82,-28,111,66,-143,69,10,9,-33,-22,-112,-54,27,23,-21,209,-7,-41,65,-155,104,45,219,-50,93,-18,-54,-156,66,-20,-32,173,75,-152,-67,-63,-8,137,-21,121,67,34,-65,148,-95,-28,173,-64,-55,-89,96,-180,-58,-46,-54,132,33,43,72,22,13,-136,81,152,-31,-12,-93,-83,-131,77,83,197,-27,-40,122,204,149,18,74,98,124,-139,116,38,-36,49,193,-150,29,23,244,-70,224,26,77,-6,146,81,16,14,109,-58,138,102,33,34,144,-108,168,24,-105
16,-55,102,-7,-51,62,-2,88,108,-93,9,112,133,95,146,-58,64,158,-110,-124,5,2,67,-52,84,20,-168,61,140,-68,203,155,-37,-149,213,82,-35,99,-206,2,210,92,41,219,-96,18,-60,24,72,-30,-45,-93,-20,184,112,184,22,56,38,48,30,188,194,92,115,-5,165,181,-62,75,-120,80,-36,145,234,-35,-49,50,49,110,79,-59,-32,-98,-106,56,-35,6,95,23,93,100,149,114,98,1,-149,195,118,156,-260,58,-82,213,210,-46,102,-29,94,203,-123,262,20,76,183,10,156,186,145,119,129,177,-27,35,-229,72,85,182,111,115,146,5,-168,-17,118,-213,-41,39,318,15,18,164,14,77,-25,56,77,42,4,-60,-7,158,13,5,0
-245,109,71,112,-46,81,-213,96,-90,151,46,-17,173,71,24,-22,57,-48,154,68,97,41,2,-3,106,-91,167,-56,125,38,30,94,173,-10,47,-3,-55,74,10,9,-11,-7,-52,-194,-21,-92,41,-30,64,148,-79,81,-37,21,-78,125,164,97,33,-84,-120,-136,-85,26,87,13,145,-32,3,-251,7,-27,-18,52,116,97,50,108,35,-2,-147,-20,-246,86,-64,96,6,138,80,128,-116,-146,32,10,-111,136,-14,60,-149,-18,-7,-122,226,-94,-138,75,-13,28,-61,-251,26,154,44,34,-24,-28,-143,98,-84,61,213,54,-60,-29,177,-29,-9,-24,36,-69,81,4,97,-185,166,-26,30,-186,-18,5,-19,115,186,-155,29,-195,283,-217,188,113,14,-13,2,65,202
36,22,-55,-33,27,-34,45,147,113,98,239,31,151,156,156,41,63,54,105,-77,18,-65,10,72,101,91,-108,65,340,16,-23,188,122,-28,107,71,-23,47,60,77,177,141,8,130,121,74,61,-127,62,85,153,-146,71,9,-39,22,-79,-49,189,24,-53,116,73,55,48,10,87,16,69,161,-11,165,-71,136,160,127,-52,-55,31,-3,64,160,142,-99,-122,174,58,202,55,-31,73,86,96,180,-31,28,-69,27,-20,-11,-160,200,-84,145,27,119,-71,215,22,-45,157,-70,181,-53,44,264,41,89,-36,-37,103,-161,203,70,91,-139,17,71,49,238,179,13,-16,158,104,32,43,109,114,100,99,90,20,53,84,71,127,-164,9,-7,35,57,-50,-14,-111
71,44,139,-3,192,-2,16,128,57,111,174,36,30,181,175,86,-83,65,-107,-117,136,-103,171,-59,39,42,81,77,40,51,-151,75,73,74,-58,-31,-101,-101,141,-66,53,76,83,177,107,102,29,4,-21,-130,-2,23,-50,15,9,-111,58,8,165,0,113,216,13,153,-145,-10,70,16,-33,91,-20,9,-30,55,-131,191,-10,1,130,-20,-50,103,82,-58,8,-19,201,150,-135,43,-92,-65,-95,-53,76,-77,119,35,51,110,105,108,-185,252,-147,-8,-47,139,121,116,110,-14,-116,0,14,-22,-38,11,-30,-34,109,-173,32,11,-93,-89,154,66,140,-86,72,36,116,116,115,53,-39,31,-32,75,88,70,-109,30,-8,24,-93,-99,98,-17,120,150,119,-20,-200
80,-161,96,119,-175,-43,-25,75,-90,-195,-100,-21,24,115,-276,164,-110,164,22,-22,-86,100,26,-185,-16,113,-63,-157,-3,11,21,163,258,47,-39,22,118,-137,184,-3,-116,172,-10,26,-95,83,-203,94,67,-122,-205,22,-26,-105,-75,-11,23,-166,-66,48,18,-16,108,-90,-41,151,-29,-15,67,93,-78,67,52,-140,-32,-98,-64,-160,50,-66,-36,153,24,-136,154,84,-176,55,-108,-16,95,241,-112,-13,-118,168,-42,40,84,41,-30,25,210,53,-9,73,-78,-80,-15,12,-13,50,-173,60,8,-49,45,13,-81,-17,76,-155,61,11,-134,49,7,82,-85,188,-28,46,14,-85,21,64,20,196,-169,-2,31,284,-119,73,-207,-19,-42,-36,-69,46,69,20,-15,-56,-122
-101,28,234,-10,15,53,-117,-84,218,-66,57,119,-22,26,99,-118,53,43,50,218,-96,114,131,-166,-53,-26,14,178,131,-172,234,-47,39,81,173,-13,-146,64,-9,-68,93,14,-117,-52,-27,125,249,25,92,53,-31,40,34,19,-5,-92,8,54,42,-65,41,-116,89,119,98,-98,197,-151,-101,116,58,120,-46,131,9,45,138,-15,22,-68,-76,-59,-13,47,60,-32,-119,72,-51,36,-71,76,21,31,-157,138,15,-48,-62,173,-41,16,55,-63,105,94,83,139,115,37,67,184,24,204,324,81,-34,-5,-21,4,-60,-20,-217,49,6,-93,75,45,-127,104,-1,73,22,-13,328,-54,-24,11,-14,135,79,242,5,-98,-92,165,49,21,-100,105,-31,58,105,22,-86
14,83,-224,121,355,89,-3,57,195,197,76,-99,249,-44,231,30,38,102,1,15,87,-79,52,99,46,211,203,-5,99,33,-41,-18,175,-33,-65,59,82,31,69,-41,27,185,35,94,68,62,75,-93,101,-16,173,182,6,9,152,-112,-39,151,12,-15,68,113,-148,290,-61,9,35,165,7,-10,139,115,11,75,72,37,27,-81,-84,-11,-44,-8,-149,168,31,173,212,102,34,106,-31,-3,234,119,129,-53,-136,-113,5,42,-150,72,-9,50,96,26,101,284,67,16,170,146,35,82,-15,-33,-42,-46,82,-14,90,38,-95,37,334,-31,141,29,-51,-36,-14,-51,-7,-81,60,130,168,-77,73,85,96,-248,119,-207,227,53,261,-39,59,46,-53,127,91,60,-130
-5,-79,76,75,100,177,-4,-106,70,105,117,-53,0,159,-5,53,-30,-87,-125,46,37,-33,21,133,-35,47,-1,111,-117,18,58,142,-66,130,37,-64,9,48,114,-24,143,8,-89,-36,140,124,19,-33,96,195,10,247,205,-83,-114,-33,-151,197,-81,-21,189,102,-126,96,106,21,26,98,-71,153,111,153,-68,-34,228,48,159,-54,-179,-42,144,168,141,99,76,-169,57,38,108,65,8,-73,24,151,207,37,301,203,67,53,200,72,-154,81,24,13,132,216,-57,14,-24,54,8,-184,10,-66,72,-41,-57,-48,-176,-51,68,289,81,13,-1,10,314,-59,125,12,58,22,-43,100,-26,79,166,88,143,-33,-118,-5,-48,230,-61,84,45,30,121,-45,-16,81,-16
-83,194,157,47,48,36,89,78,70,84,93,112,39,50,134,-13,-4,-38,-132,-29,60,9,52,19,183,-31,23,22,74,4,129,177,-68,-108,90,33,151,67,104,-63,116,-287,-20,48,-93,-223,-115,-124,-27,68,71,162,-18,193,167,-113,98,39,74,-61,-92,-124,37,-77,-260,55,123,164,92,66,37,-31,70,10,-138,-16,58,133,126,-213,14,72,22,75,138,-49,176,50,44,244,107,-108,-84,-152,122,114,112,-11,-35,124,128,70,93,-140,155,46,-15,42,67,-153,30,47,25,-197,96,-112,84,40,142,-21,102,89,175,-256,37,54,-45,-1,117,-79,0,18,189,-81,88,-210,65,-28,88,95,44,48,-128,-100,88,71,103,159,117,166,-34,-89,-21,172,118
-9,-63,-96,-59,-136,61,68,-99,-6,-148,66,-27,118,-123,-12,158,-59,22,89,-28,112,19,73,27,19,120,-103,-140,20,16,159,244,237,8,50,65,-47,49,97,91,-48,241,-227,-21,77,5,-6,41,43,86,169,113,56,204,-25,-41,-120,-57,17,-44,48,-110,-83,-160,98,-160,84,87,62,60,39,151,25,121,98,105,28,107,-145,-82,-12,-88,25,87,88,36,-142,186,113,-33,56,126,184,29,-84,-88,-131,29,13,-68,-199,96,-17,-141,98,159,-47,-76,-66,163,114,-15,84,45,-2,56,133,-3,-33,-12,157,95,202,19,73,81,33,105,-40,129,97,-76,45,-14,-71,27,-201,-23,-60,104,6,51,-37,96,20,68,175,23,84,-23,-24,-50,-69,-5,37
155,-53,-97,-60,-64,6,81,148,139,-47,109,-102,118,57,212,-148,-42,119,31,7,-21,117,-158,-56,111,-87,-133,22,20,-147,99,112,-28,159,151,114,-16,-168,-63,-211,157,115,36,153,53,43,111,59,-5,-168,88,-14,-44,69,99,-186,-108,96,-50,1,38,68,-147,53,114,-119,28,264,138,-4,117,48,-4,80,129,312,64,103,178,-16,21,-63,-101,129,-41,19,276,65,74,-112,30,-8,106,27,34,88,37,-98,73,22,-105,196,-19,-6,165,-27,125,52,120,25,-49,25,136,-37,-64,110,-190,33,80,-7,-133,-52,66,26,47,-107,155,73,-155,62,289,88,-26,100,-85,209,69,-123,210,76,228,43,59,-87,57,50,-78,153,-36,-51,-176,-74,266,52,-136
-11,35,-12,-122,109,72,306,159,175,142,226,-29,108,139,-70,322,-80,38,-8,-127,1,195,26,-46,122,149,-38,70,13,143,10,137,67,285,-3,152,147,-77,-82,15,104,145,161,201,64,22,-71,55,-43,88,249,-43,140,-19,70,39,-52,39,295,92,144,153,26,-207,116,26,-202,76,71,93,-35,4,109,-62,113,190,161,-73,111,25,96,183,273,-67,-121,37,-41,240,48,-59,158,-22,238,-35,83,5,105,-35,132,-28,175,2,-10,52,109,-30,23,67,56,-23,112,63,167,238,-32,22,122,122,-22,8,-55,106,81,35,25,6,109,11,-5,162,-73,38,17,44,-48,190,55,126,-56,-49,149,28,93,193,-41,90,-11,181,173,55,133,-25,131,41,-164
35,289,-17,10,141,-119,158,124,127,84,144,166,-104,0,-24,48,274,19,57,35,184,211,-38,-13,-29,41,7,270,181,103,-18,80,29,191,-40,339,176,77,27,-101,137,-136,138,115,97,-130,-79,92,15,89,-101,-101,-13,-60,79,115,108,202,-11,55,-66,142,5,-165,-45,13,-16,40,265,62,8,131,41,50,135,143,-15,32,52,-39,107,-169,-78,60,-59,68,36,225,45,163,186,132,169,149,215,134,-81,49,-50,65,72,-29,133,131,76,172,104,-137,-42,103,-14,-39,64,196,64,-5,63,-12,160,-34,202,47,90,-60,-121,35,64,80,5,36,-79,175,139,59,116,49,93,-84,-37,0,152,-163,41,252,147,-136,-30,39,-154,285,-157,89,127,-7,-8
63,147,-7,-43,196,30,94,-191,160,124,240,45,74,51,77,9,131,13,103,122,186,168,-102,109,112,110,98,65,120,-17,261,316,254,237,142,-205,11,176,73,91,148,354,7,6,-27,76,66,181,-122,90,246,-107,291,167,101,59,230,118,202,118,70,124,294,16,-46,352,211,220,88,26,229,31,-141,-31,121,163,262,-12,35,-67,48,183,226,75,175,88,196,193,-10,76,105,-93,50,27,149,237,257,181,101,28,-66,75,227,-33,14,98,126,208,154,110,102,105,297,293,65,45,-103,148,213,253,248,175,129,-75,55,-18,109,98,100,148,263,31,124,-20,79,88,243,-57,298,111,94,25,94,96,118,226,279,170,272,-16,22,82,181,-40,111
40,-14,159,96,38,-106,22,35,-176,-34,40,22,-149,243,-85,-40,66,150,-4,-25,-110,-57,28,209,112,127,91,207,-47,65,22,53,-98,-44,215,223,-74,81,50,-80,90,119,-12,108,28,-82,-71,8,-59,147,38,62,301,-105,85,0,132,-9,22,195,-171,60,127,36,73,103,78,93,88,74,22,230,-71,24,5,-103,17,-91,-86,99,130,85,44,58,-100,-75,-18,40,51,70,-183,38,-70,117,218,15,179,64,-36,-107,38,152,-14,-88,226,125,29,21,113,-152,27,387,94,66,-86,134,101,146,50,36,-87,78,-71,13,-88,75,-110,20,46,-34,-42,-8,-78,85,185,2,49,185,57,87,-77,94,183,9,153,29,48,-42,47,-69,132,50,75,106,67
56,147,-181,150,208,-217,-99,-53,3,-60,-50,131,126,-121,51,145,260,52,14,139,44,131,25,118,89,-66,98,98,42,81,191,8,-54,-106,-93,86,0,31,-34,59,150,55,-13,16,-121,73,-50,-21,-75,48,58,-75,100,11,162,15,-4,-32,117,-14,55,137,207,-90,-82,60,40,-122,50,100,-143,-75,-5,76,-152,-185,-63,59,9,117,-51,-27,81,-33,-111,86,-19,303,118,116,83,176,63,81,175,10,49,-88,85,141,-108,56,32,-93,197,236,141,154,122,126,24,39,123,160,-43,57,123,173,-1,-26,31,-102,234,-107,-98,141,-99,96,121,150,58,84,-55,1,34,30,0,43,114,-30,-22,-71,60,-29,185,156,-36,-15,-128,111,58,-15,82,-13,-93
-27,-5,119,-119,142,190,128,-170,40,36,-10,-79,-200,113,29,22,131,7,154,45,-68,146,-40,-86,38,56,50,-1,-70,80,48,137,-2,73,36,66,137,97,-93,113,47,108,53,-149,-39,-219,-114,-105,-83,103,232,19,148,-38,-6,-53,-247,122,113,148,14,96,-8,-37,-64,-13,-21,175,127,28,230,-16,12,-72,-28,-11,22,-57,98,-84,235,3,-233,-62,155,53,6,45,-229,221,174,35,61,16,57,100,39,-4,43,-192,-32,107,122,-82,112,160,22,96,71,-261,-76,204,88,-122,82,-29,-138,114,14,17,-115,-19,173,128,29,18,50,-45,-88,13,27,-104,169,-61,114,42,198,6,24,-68,-170,165,73,-31,-22,-68,229,138,217,198,14,-12,18,86,130
24,100,245,60,62,-149,199,205,-137,-178,97,-44,164,-17,-39,-13,162,66,20,-4,99,3,-10,179,118,-41,161,126,273,83,28,7,168,237,19,77,203,61,-111,9,171,-44,38,120,-48,-200,36,145,211,-11,-65,-81,-99,16,73,63,37,205,71,22,321,200,132,111,72,120,41,241,27,-12,32,-83,208,-27,13,14,114,20,160,-119,179,-88,20,30,189,92,43,85,98,191,81,123,96,-138,11,76,-35,-44,123,147,-5,72,162,261,57,-26,25,147,35,187,-79,-76,-30,-32,-22,40,-74,103,-57,-94,93,6,178,-129,47,-96,-1,1,97,-113,182,45,12,40,11,34,207,-55,129,105,222,170,32,35,94,16,-44,130,-48,4,-58,142,-7,-8,-6
72,28,-143,-1,-55,53,-6,-35,-50,101,125,-70,-35,-105,-73,-54,243,-177,70,-101,257,277,58,-120,99,-157,77,114,-36,115,44,21,75,114,30,14,51,84,-77,143,-103,-34,-104,-112,110,23,-21,99,-39,17,146,110,-200,130,-114,8,-96,161,43,48,139,92,-114,-154,-84,97,75,-107,48,2,221,-12,138,275,159,30,-152,110,-50,-69,-26,-10,-77,40,-66,98,-30,120,38,307,138,94,121,413,-97,-18,17,-10,197,-89,49,-133,-46,-191,-55,-69,70,0,144,-30,85,10,192,155,43,-39,61,-189,46,-164,-16,190,57,-117,15,133,107,81,-136,52,0,-86,2,-136,-47,191,4,78,-156,-60,127,-30,14,-122,111,-194,83,138,62,123,-55,74,-122,108,35
-123,247,66,127,-162,1,-9,129,72,76,-21,-65,166,-14,35,90,-13,-9,14,-81,-35,2,-123,36,4,-133,72,66,277,-57,31,-161,-131,-48,70,36,-31,-32,-14,95,75,161,-46,227,26,36,-54,-4,233,13,-69,9,-58,-58,30,41,99,-215,4,23,18,-314,-220,76,-4,23,-137,-81,102,139,-20,204,190,44,3,178,-14,-43,-238,-60,91,-35,9,-77,-257,-159,-103,-67,113,250,-179,114,-11,-188,30,86,-79,-95,153,22,168,163,-111,-115,-63,54,121,-219,-39,-129,-62,-16,-133,-78,-139,35,72,163,-64,-119,122,-172,-55,150,174,-5,79,63,-92,157,80,-16,58,-37,51,-129,-33,7,63,-34,-34,22,39,-99,-105,-75,0,-61,-53,142,-97,58,-186,121,-15
-132,18,-83,-8,48,183,-36,-43,231,-27,84,8,-20,-66,249,-122,83,64,81,-38,12,90,74,45,-116,21,-37,76,207,67,0,167,89,117,114,-22,20,-75,144,-165,38,188,133,209,-55,194,86,91,55,-29,13,-64,204,108,-38,62,186,-1,125,104,107,194,133,3,123,-32,177,234,76,71,25,151,173,134,92,126,76,139,96,142,48,162,-175,-2,105,163,-29,188,-65,-48,-40,-7,42,-24,13,-41,52,165,103,123,30,-31,86,119,30,60,213,57,157,117,-69,129,188,37,92,133,19,96,-117,-31,174,-167,183,238,88,-57,276,-56,-24,30,175,48,63,-60,112,-50,3,20,208,-108,131,172,2,192,32,188,38,226,-27,144,169,-77,9,208,-132
-23,132,317,-16,-56,70,-36,13,111,18,61,-181,74,16,12,-11,-119,-164,209,11,154,-3,141,-80,52,134,-125,13,235,64,-7,20,31,-29,43,-59,-60,232,18,87,35,-190,-138,69,-25,42,64,-76,49,4,-6,229,-52,-50,-36,-105,-32,-47,207,-106,107,72,115,114,-43,-9,97,73,-121,-1,-109,-32,179,42,68,-51,-117,252,1,176,20,72,17,35,117,28,232,-166,171,90,168,112,125,126,-3,109,85,105,8,-78,-85,-15,136,-81,-37,54,-12,-20,-82,-235,222,-156,95,13,167,-88,-97,-8,97,84,100,55,151,-109,-102,14,116,-18,48,58,132,49,-58,-141,115,89,110,167,73,124,-95,135,37,-23,8,-87,-121,39,36,76,-67,68,22,188,358
54,125,-13,88,-146,-45,100,148,151,134,-36,64,118,62,30,93,-19,18,45,91,-22,220,26,50,234,33,80,-77,364,124,-4,-29,-102,84,72,185,-39,133,205,58,175,53,-59,-46,-31,5,-30,-74,73,116,-77,197,-100,-32,48,-77,-28,50,-49,-80,39,-13,-154,63,25,30,44,62,-39,-81,-19,28,-72,-74,102,139,1,68,-12,-197,67,-101,-15,82,22,-91,232,61,147,-31,70,47,38,133,184,138,-69,115,20,205,-126,119,279,114,280,61,52,139,123,-196,5,14,151,16,46,-50,110,146,-71,-74,-2,0,58,-39,-70,46,142,-41,102,40,70,99,-33,33,137,-7,84,149,129,-70,143,-67,-27,-214,115,93,-130,-26,-125,119,-69,86,113,-23,-40
169,-105,4,-21,186,-37,95,-50,221,-10,67,4,-85,108,207,155,7,83,21,84,10,120,-32,40,-99,123,-73,105,26,-162,78,54,131,18,-86,-76,-22,94,-62,-116,151,-34,-202,-78,-36,30,-129,41,44,175,-67,58,53,-40,-20,194,99,23,-57,-23,-33,39,31,-7,246,87,56,192,68,-87,30,-11,-78,89,120,3,259,136,-31,109,194,53,84,51,11,-49,289,1,70,-110,-1,106,76,-73,-42,-1,35,81,-98,-72,-36,-25,177,-59,68,90,57,23,-224,207,116,175,10,77,-88,105,11,95,213,83,69,145,119,24,12,113,210,90,7,-54,94,152,12,-237,18,4,230,-176,37,124,240,55,71,156,-22,7,25,31,66,183,-30,15,-3,71,88
-67,21,-42,-36,105,148,42,-18,60,156,130,60,30,126,-101,43,246,-6,47,-69,162,98,152,-74,-7,138,142,12,95,-62,106,23,-156,-92,88,100,216,117,142,150,275,114,-54,-30,-92,120,-74,-40,130,-160,173,111,150,6,-24,235,233,157,180,-49,-11,127,170,212,187,-73,47,259,15,16,-42,147,-44,18,163,-113,92,-51,129,117,57,155,182,20,113,107,40,95,150,-19,39,-69,67,79,186,14,23,223,19,-40,88,62,93,-11,57,319,67,11,-103,-75,-7,315,224,316,-74,90,99,150,-50,144,142,26,66,199,13,82,60,24,215,-109,-20,-63,92,101,34,144,94,-38,76,196,-62,-152,173,40,0,193,77,106,67,133,247,144,-51,-8,62
-15,204,233,173,-15,153,196,175,-146,134,-9,66,108,31,-30,-52,14,43,62,-69,148,34,-57,75,132,64,-120,-74,150,-17,64,186,-73,6,177,-6,-52,53,-34,163,22,70,73,8,1,-5,158,167,-41,-64,21,70,34,-9,73,115,-26,-21,106,203,91,125,83,45,25,-55,83,240,-46,-103,4,-40,-39,87,39,170,99,145,-89,212,153,74,-43,223,101,43,105,178,238,162,201,1,16,53,60,173,178,15,-5,70,17,59,109,-41,46,39,184,120,140,-104,-146,155,31,36,170,101,37,-4,34,-36,82,110,123,180,-49,132,48,129,154,-27,8,127,-109,18,273,56,152,88,49,27,-34,285,172,70,219,25,146,115,194,242,91,258,226,170,137
-52,-117,-1,167,-33,155,-44,-14,-95,125,-55,-102,-37,-23,-32,23,-34,65,92,-144,-89,48,103,-120,61,-24,-61,-19,109,-59,-49,91,188,33,-25,62,-28,18,131,-5,9,158,-25,-54,36,160,75,94,95,107,-16,86,-63,20,-149,-14,17,-17,24,50,76,79,95,38,-144,-16,-88,-87,-34,-79,61,-6,-1,124,48,-27,-124,153,61,158,-78,-16,-2,38,-67,24,72,73,30,153,-16,36,89,-38,16,52,-124,29,246,133,-98,0,-56,101,50,-146,-9,141,189,-136,-32,1,2,252,69,73,-8,-7,12,-58,107,-172,12,-35,183,122,113,83,67,159,-105,-239,-77,-239,108,54,154,-16,137,-146,-55,185,-3,-30,128,49,146,39,-35,75,-77,7,-161,197,14
-89,-12,-80,-137,63,70,-53,205,216,7,126,127,233,-10,28,-106,157,116,133,69,307,211,223,-37,105,70,-30,57,110,17,304,35,-19,111,77,23,68,-26,75,111,180,50,149,100,64,247,90,235,150,-44,109,17,109,234,98,106,161,240,260,-41,215,65,16,96,-12,63,39,26,91,285,204,64,153,226,179,98,91,375,72,211,-182,97,-40,174,-168,63,247,134,-45,153,63,-318,144,41,217,168,-192,79,66,116,45,195,-113,-73,8,-25,184,73,253,59,-27,30,354,183,121,155,8,8,-52,127,195,22,53,34,37,8,189,98,67,35,138,-105,47,165,45,166,56,-8,182,53,130,66,165,70,160,-32,84,210,134,147,11,36,-98,169,-143
34,119,236,254,-33,-147,163,179,86,248,68,145,139,149,89,125,175,221,21,61,-42,101,71,57,-40,-38,94,221,106,58,52,62,87,125,277,168,-53,-61,169,-105,219,116,-3,12,121,6,116,40,193,179,3,-83,123,-2,310,11,130,177,71,72,184,47,65,177,43,-131,-4,56,134,166,61,114,-119,58,48,197,284,-10,-100,-146,-126,144,94,73,34,-197,-13,181,139,140,-33,17,-36,-81,100,-189,48,88,-13,213,60,126,-113,159,305,1,269,179,46,107,44,468,73,-14,157,223,84,137,241,-28,43,-54,-6,271,110,-147,-59,145,144,93,102,-91,40,136,111,-157,197,134,246,112,271,381,-13,91,31,114,-27,106,171,136,88,254,177,172,-88
87,207,169,20,33,-24,5,43,39,43,33,115,103,-105,44,12,186,34,144,40,71,-99,64,9,-63,93,-15,-55,-1,71,114,-62,39,-94,-76,-10,47,-22,119,49,113,113,0,46,110,361,27,214,2,-97,135,-119,35,-25,52,10,16,122,176,60,-18,101,153,57,-7,2,94,34,110,64,71,106,-42,16,-64,32,-100,250,-92,33,55,136,-18,209,-144,80,-39,51,27,113,23,24,-73,-4,19,231,47,-20,40,164,-19,98,46,-70,83,144,242,-19,128,57,-33,18,-76,230,-5,105,7,-103,51,127,106,-9,16,-17,-199,84,138,70,-25,-1,151,-83,157,21,162,62,22,38,-64,233,34,126,66,72,-12,192,117,7,-2,1,143,150,63,-81,-17
12,-24,-63,75,14,-12,70,201,7,-31,-87,64,118,-53,37,54,76,-8,-13,-24,2,104,59,43,81,52,12,163,-108,167,85,-5,81,192,-23,260,27,-7,148,27,32,27,-74,66,68,203,-178,205,213,-76,15,13,127,-98,-27,-29,-126,35,-84,89,19,129,83,-169,308,42,-66,60,145,121,181,93,322,120,138,260,12,16,85,-41,-134,33,15,152,109,135,301,131,-51,22,121,-144,101,73,80,-18,3,-148,253,-57,45,39,30,-28,83,-1,65,301,121,-55,213,-30,2,17,-22,0,13,79,120,-180,138,-30,20,23,56,-122,310,-42,123,114,85,72,156,53,202,99,116,100,10,102,188,95,31,17,55,36,-15,158,187,203,-100,-98,53,72,-125
71,-14,34,79,81,185,280,25,99,41,157,85,-91,170,-279,23,55,170,255,1,-13,-10,-95,-46,61,178,-33,113,178,-88,165,250,53,144,44,38,54,18,98,-112,35,28,-144,55,51,-18,49,242,206,-83,37,-32,114,-8,-88,71,-31,44,56,55,-229,-68,134,-79,123,-38,-211,112,10,19,208,65,61,155,217,127,-18,-104,11,-28,44,-12,118,18,13,166,98,74,-45,31,131,28,-12,281,-81,108,52,106,-86,221,23,105,196,-119,77,103,67,-71,-21,186,-1,334,-103,246,103,20,87,-112,26,-102,106,205,85,183,93,77,-177,-108,20,27,-34,-18,-4,-66,-96,22,140,35,32,161,126,187,172,174,41,101,122,135,-57,261,-90,15,168,228,65
46,-85,-16,21,185,153,-5,158,120,-32,123,23,12,-32,32,55,-135,-88,-103,-70,177,149,-20,39,83,-144,71,44,116,-179,127,219,-18,262,148,-64,114,95,-112,64,-9,109,-139,-99,-96,113,-26,-99,90,167,97,2,181,184,-59,130,35,-22,180,46,-58,-83,231,136,28,-23,103,55,172,-57,176,126,240,109,-41,0,133,108,87,-39,-153,114,230,26,-6,-7,153,150,-16,170,-95,-148,188,-52,-61,109,96,187,-6,-4,128,154,151,66,-31,54,47,-42,-166,-14,90,159,220,118,-37,110,-51,-38,302,-20,149,116,62,39,146,62,5,78,172,-120,38,-129,-8,-92,-120,82,10,-126,227,-9,-77,72,31,75,87,74,262,11,-12,196,64,-65,-103,90,237
-54,157,-55,94,148,44,35,111,-40,42,162,-129,182,191,129,11,77,55,81,-23,298,51,152,22,14,-53,48,150,-67,-111,4,207,-131,85,166,41,137,-26,124,-29,156,57,-26,-122,123,200,219,-45,21,-42,38,156,177,-27,-107,-66,123,108,83,81,22,153,-39,28,111,17,204,37,-106,47,146,63,71,-33,-25,130,-59,-110,153,173,74,157,62,214,-87,192,42,118,-30,-65,135,-7,88,29,211,215,3,66,26,140,165,104,-48,56,9,62,80,30,-10,79,3,-30,-55,-18,-52,-41,-15,-55,-144,244,-39,-49,-133,89,54,8,36,9,89,-40,137,52,38,10,110,284,2,-145,105,-10,2,26,34,16,-3,29,49,38,-17,22,120,-36,41,60,-13
-73,40,22,-59,69,90,135,-74,-62,154,178,-128,-18,-222,6,-42,149,52,113,154,-11,64,133,-13,146,223,-110,117,87,177,54,145,-30,-43,62,316,101,90,8,210,23,5,-40,-34,46,-122,-118,106,104,124,42,220,130,104,106,74,-34,35,-27,-39,-43,-63,-42,-29,140,-151,21,181,-135,27,160,-24,45,-39,92,128,67,28,75,83,-47,25,57,-59,54,45,56,-57,89,-13,123,-87,279,-80,77,-236,-60,220,7,15,-31,74,29,-43,-39,-29,-44,164,-146,-212,-38,-42,94,-79,-113,-157,77,-8,-26,192,138,43,40,40,10,-56,31,166,128,34,224,64,57,-53,42,-89,141,-154,169,64,65,-72,-81,58,-37,41,112,27,79,203,-112,-109,-137,136,-38
-179,12,-104,2,41,-148,-111,166,144,76,172,-92,79,157,104,153,-121,-51,38,-12,157,30,98,-13,36,116,145,-60,-44,-46,83,-80,-66,59,-123,-57,-16,-8,23,-9,-66,201,-23,-115,126,49,18,-95,-53,39,198,-47,168,174,10,-42,116,-140,55,-123,345,85,90,84,230,67,98,-10,54,75,46,20,-91,-13,54,-48,145,13,-86,-45,190,44,37,20,7,-33,118,-1,-121,81,0,209,-142,34,67,-27,-95,31,65,-153,193,-2,55,-221,-132,163,144,-95,-50,110,77,-37,138,41,-46,-32,95,-154,8,79,130,-80,-31,79,78,248,63,144,107,42,-60,112,116,171,86,106,-31,106,-135,131,-97,38,-160,-270,118,156,83,-52,84,-17,61,-9,3,87,-34
63,-87,187,-29,140,228,180,31,210,84,53,-97,91,85,72,71,-132,132,278,144,-80,45,49,-181,-41,78,-48,-19,203,-3,70,179,153,18,39,-38,104,-77,182,-30,35,-63,-151,35,57,84,183,103,17,84,187,150,-27,161,108,-12,-69,321,81,35,139,99,-142,147,-47,-107,114,121,-92,35,97,198,47,177,171,-14,14,-118,38,-23,-16,122,161,31,-49,99,16,-16,130,300,-171,91,114,77,34,170,148,38,-141,6,97,93,-12,-126,160,-104,156,232,-189,-147,17,130,-71,127,240,-27,-30,7,43,-261,-69,66,14,207,72,82,-30,125,-187,114,58,-178,-41,-163,44,-14,290,-23,28,70,278,131,17,195,-72,140,137,129,145,-42,73,-120,67,217,-52
28,255,199,-120,39,321,232,298,93,-22,240,-24,39,-85,42,-27,212,-182,68,6,-281,5,100,-174,27,99,90,88,283,115,-20,155,-66,7,19,231,74,-64,-59,102,4,67,87,-58,83,44,-17,48,30,12,12,33,66,15,110,134,48,61,-98,111,-1,-16,-3,83,-17,-30,112,82,54,85,12,310,55,69,138,-2,154,-207,62,-76,94,-16,67,-82,62,79,-89,24,289,57,114,15,139,-44,-75,246,48,78,-106,143,-14,-134,0,144,62,211,2,40,26,18,-36,-85,-24,84,-13,190,37,33,-11,35,-60,64,-19,92,26,75,46,-8,13,27,-107,-213,-78,-93,-79,20,92,226,149,-6,111,0,-80,82,38,-60,132,23,265,34,69,191,148,-4,-81
-4,100,-56,1,-170,-45,181,145,111,151,-258,-47,141,-134,51,73,-13,39,256,-66,-1,-150,13,112,103,-15,-67,-12,-66,-15,149,-140,108,-78,-85,104,-80,-21,-89,100,129,44,-119,-85,15,-83,-7,78,-65,124,-34,6,147,147,-134,-153,-33,-15,26,300,22,25,-32,-125,258,-70,-75,-40,15,28,58,10,11,159,-36,-36,-89,72,-61,32,185,11,67,278,-58,37,-157,159,87,-70,-3,-70,90,72,97,-166,-7,-234,29,37,-25,48,54,19,26,-47,101,-35,-99,81,72,-48,-122,26,33,-127,164,-93,68,-72,-64,81,158,70,-52,-106,20,-3,-300,59,79,-37,-52,124,42,-127,174,-26,-34,-6,-109,252,145,125,168,-22,9,-147,8,29,17,-101,108,-45,43
47,69,-58,75,66,-8,144,31,89,198,0,70,-47,109,59,106,-8,118,116,21,76,69,114,-59,86,138,42,30,120,245,-31,29,12,-4,140,58,128,50,45,-130,44,150,-41,66,-68,47,-16,121,106,133,201,13,213,-25,97,-114,-12,59,124,134,-8,59,178,-61,174,264,95,49,80,98,177,59,-25,-17,36,171,92,-14,195,53,9,168,169,-8,-61,86,-82,37,108,40,185,84,150,4,188,-3,0,38,24,53,-74,86,1,1,227,-7,16,182,23,-46,94,237,132,56,119,16,73,200,3,37,150,32,-102,134,169,60,110,32,-46,133,176,97,25,137,329,16,173,157,116,-23,-109,-1,36,110,93,139,126,188,157,19,119,-111,78,254,-13
-126,197,166,127,219,150,74,210,168,-86,-16,333,180,118,-32,29,190,180,109,127,61,134,-12,-157,79,-94,96,177,275,108,101,18,97,118,181,154,18,100,66,152,-75,314,101,125,177,-5,-103,37,144,-113,59,22,-48,-25,107,197,-82,-69,138,119,-69,-2,118,143,26,74,247,122,78,60,4,149,42,48,-79,136,117,-96,54,-8,0,63,89,-32,70,54,-65,246,-45,228,156,120,-62,51,116,164,-199,39,155,92,-38,5,100,-2,59,288,80,93,48,-54,72,91,229,-69,-9,185,-37,75,84,-37,90,125,185,-34,98,-23,131,125,67,75,217,73,77,115,162,31,57,103,30,187,-163,134,139,90,-58,35,176,199,133,217,76,189,-226,46,-1
3,-29,64,60,4,14,-113,-21,164,8,-11,-74,120,-71,-77,51,-35,99,-5,-143,72,-15,78,163,11,132,-104,-58,1,-197,123,106,132,176,112,79,153,-24,278,128,-15,78,-28,-164,49,238,2,181,171,36,153,169,68,100,120,180,-46,95,-35,147,102,-8,207,49,137,-25,-10,179,55,81,141,259,162,-127,218,-103,77,-100,27,148,-118,156,220,128,64,-22,17,-25,107,-26,67,51,67,57,-157,137,-72,312,-12,87,70,94,259,-92,111,125,7,44,-85,70,65,-3,111,24,-22,10,-48,-204,86,142,73,48,57,-38,61,188,210,14,124,185,-7,70,-26,-66,-48,36,124,42,170,33,111,-7,-97,147,-124,248,174,178,94,-23,71,-62,-117,-5,35
107,84,131,-58,128,-22,23,54,17,36,32,-22,42,-77,28,-57,19,39,96,84,69,192,11,78,249,102,34,17,132,-11,173,18,30,76,100,68,-131,22,-107,169,170,129,40,63,-79,-84,38,143,22,242,137,44,276,23,-1,-32,66,32,132,120,281,61,118,246,108,184,135,-18,124,-43,-21,68,-88,138,28,103,-23,3,-28,-92,92,-179,-68,66,134,154,90,245,163,162,-139,-142,81,-50,254,62,141,150,-41,100,40,149,145,131,-7,124,97,24,138,116,83,173,-112,110,91,137,-7,-35,3,114,50,147,123,134,-100,116,43,84,7,-1,130,98,82,131,183,126,89,118,194,51,6,122,-33,-40,451,-6,-68,39,44,-1,-89,3,89,9,-128
45,9,171,80,-17,-52,69,-104,-1,71,134,34,35,-1,113,26,85,-114,92,97,75,-46,154,23,179,98,102,26,-44,-32,22,91,-19,169,90,95,72,52,90,-41,104,-7,-64,25,130,146,5,65,93,51,-107,-48,196,30,-78,-66,-50,304,-37,-125,21,240,124,111,174,166,46,59,223,99,-31,81,-58,-135,10,204,41,84,27,31,-52,55,168,68,45,58,301,27,101,-152,59,10,-9,-155,130,167,110,165,-13,33,-48,197,10,87,-28,27,121,26,-60,88,-5,99,38,-65,67,-42,38,11,161,215,-69,-193,-5,118,-38,-26,117,171,266,-39,146,16,-57,208,50,-88,-80,-21,149,193,59,73,5,-4,108,-24,100,186,-77,97,-50,-36,122,141,-12
86,197,85,-51,-64,-164,95,228,76,-115,167,44,18,-30,155,92,162,138,-84,-175,-103,123,72,-17,-127,29,122,-68,150,-238,177,78,21,49,-37,13,32,44,160,-109,127,-47,172,-67,64,151,71,96,85,-8,-38,38,260,-6,146,-132,-26,-116,6,91,-62,87,11,-93,0,-26,-36,106,33,245,159,129,-106,146,70,19,42,67,-88,70,-38,-161,-10,-61,-34,-3,18,-30,-109,162,-36,-9,-35,6,-54,190,-85,35,39,159,-309,-69,113,2,-2,-163,63,77,62,128,41,18,-164,93,-52,-67,186,1,120,91,136,115,-114,-119,-227,-21,-159,59,-150,58,-50,-186,-180,-2,83,27,110,-35,71,197,24,5,-100,18,-165,165,65,-179,-178,-18,118,112,129,-243,90
122,40,91,-12,179,-23,162,124,148,139,-81,-133,82,-60,-18,-10,66,65,197,152,21,87,93,-71,114,220,-44,-27,84,121,131,-192,-15,148,52,72,154,-130,-25,-99,-48,-59,145,34,-120,-68,49,140,-26,53,174,32,215,70,163,-197,-127,110,-41,143,170,115,9,-33,124,-72,-25,82,211,85,87,-2,-168,101,-98,279,105,-112,-95,93,103,34,-36,179,1,-90,159,260,-21,-47,208,-42,86,-25,41,-53,91,-130,74,163,-21,191,-4,15,73,-155,-24,144,106,27,24,-18,44,-39,-9,88,37,-204,90,28,-74,-28,-55,161,-90,55,129,20,-66,28,-15,0,46,89,52,47,183,4,48,-80,30,-131,13,-79,209,29,75,217,45,317,190,-100,205,-2,-213
135,-76,14,-83,13,50,63,-26,152,-30,14,84,-64,169,94,-67,-121,3,135,220,18,-146,6,149,86,17,-55,-2,328,44,39,-131,1,31,-8,-66,-148,14,222,20,101,-88,-85,-116,-104,11,97,21,61,14,36,-45,10,162,67,-204,125,14,50,-8,117,116,-59,34,168,-37,-96,63,-97,-8,-157,47,31,152,46,126,152,-21,-37,2,18,182,33,113,62,-101,4,18,92,-111,63,-22,-65,93,-47,38,129,-128,-126,-58,90,-194,-58,11,135,-101,57,52,2,52,279,-35,-51,60,110,319,-236,11,29,-101,46,-108,146,-6,-15,-10,63,-9,-17,96,-52,-102,77,-46,-50,-130,178,74,66,-83,90,147,-156,-42,109,-92,8,32,-101,90,-115,47,26,5,66
198,109,-228,-45,-36,82,-256,96,204,-64,-3,-2,247,-179,80,-20,-29,99,19,-117,11,30,-103,-3,-198,-101,-18,-23,32,80,-27,-18,146,117,-29,-19,146,-59,148,-40,-90,9,25,71,-22,-13,8,250,-37,-157,86,52,-51,-1,104,20,-43,-18,57,102,-151,135,62,65,76,15,-135,91,21,-119,274,-37,-130,148,89,-154,-10,158,30,187,-175,-73,46,-33,-94,124,-163,-108,24,-58,83,95,281,-149,-123,-15,5,257,104,0,-139,64,128,65,-180,-103,58,-56,69,-8,117,73,262,143,-59,-77,120,-140,132,-54,-2,-66,-188,-11,-8,144,-60,137,-68,170,-5,-59,-131,-86,-98,-70,99,-46,6,-41,-58,179,147,170,-258,160,204,56,100,137,-49,278,-80,19,1
129,91,-6,134,105,162,180,-113,4,141,137,155,147,-101,175,-20,-12,123,-6,-43,-38,-92,13,140,-48,30,5,75,12,-99,20,-29,28,-178,95,-65,18,-52,17,56,48,82,-11,165,-86,102,170,-109,-22,109,154,3,6,-44,49,33,-7,-99,197,1,-3,-89,-13,61,139,-29,81,-30,84,128,-6,-154,-24,61,116,26,70,125,-76,-14,48,-38,46,159,28,-28,-4,77,40,120,98,-16,7,-151,-112,-14,-157,-20,66,82,48,-46,-55,13,133,101,65,89,0,18,-2,25,52,97,-53,-25,82,61,-12,47,48,-158,90,13,-6,-128,-122,181,139,21,-23,-154,81,80,127,-169,-37,22,-71,32,95,203,-8,36,137,60,129,36,79,8,144,152,-52,42,-37
48,-19,1,-39,66,142,123,139,-33,72,70,-65,86,60,27,53,-16,-124,42,1,3,-28,312,-112,186,188,18,49,74,233,-43,57,102,88,-93,83,72,-107,116,-66,102,160,83,39,67,35,-54,206,139,0,41,77,52,160,16,45,14,-141,32,-65,219,80,17,-4,53,4,117,66,215,47,-49,124,0,56,101,130,-26,186,39,95,19,42,-32,186,-10,-153,24,43,290,-152,74,-2,100,-94,226,-30,20,68,97,87,-109,-98,167,47,127,122,139,11,53,16,35,-194,204,165,113,37,113,135,-68,-24,40,20,230,25,-25,173,249,256,208,-44,-20,56,-38,-66,39,75,12,84,133,-240,197,3,-64,37,235,-96,-122,192,20,240,26,-64,43,70,227
-177,-46,109,144,-85,-59,120,105,66,145,46,-84,168,-5,17,39,184,-59,84,-98,29,-36,236,60,11,-39,-71,0,-122,-65,118,-22,-2,-39,58,-10,-113,256,9,125,62,148,-22,-114,172,39,-24,-62,113,96,-101,29,107,-77,-53,-188,69,35,-106,70,-59,172,-194,41,215,-58,-140,284,-132,29,70,156,-60,-31,215,123,140,-1,-195,9,-120,40,-96,-39,-50,27,-88,24,59,87,-244,40,168,-27,6,-172,76,3,43,56,-155,169,159,-128,34,20,68,-100,-59,164,-1,113,-149,-174,23,12,6,-37,74,77,70,140,-172,185,-34,-135,116,-73,-46,-10,-40,11,-133,-110,-125,-188,69,63,98,22,268,154,-44,182,6,-118,-64,101,-49,22,48,-107,178,112,37
80,254,172,82,6,133,330,20,8,170,153,69,111,-92,135,-99,182,54,5,-147,-27,-35,13,-83,15,32,-116,-92,230,-75,82,168,163,-108,110,69,-143,140,0,103,65,81,28,-45,11,-138,89,53,173,-43,131,18,-11,12,19,-60,-66,-198,81,96,-6,68,158,182,23,5,91,120,-94,-114,-31,4,-113,-41,73,145,-23,243,220,6,-91,-2,-59,0,35,86,-23,-5,231,74,-95,112,172,41,-131,61,-50,-48,-103,-79,20,14,32,171,-14,163,153,34,24,-50,82,-97,84,64,49,60,-103,-29,50,-40,71,31,146,-32,68,6,-40,166,-42,5,20,-30,-4,-43,110,20,18,-89,127,-92,-53,192,-239,19,63,108,-48,64,70,-94,15,-77,-38,69,90
-11,173,40,166,-60,3,97,154,167,59,-9,51,106,107,-19,156,112,-59,-157,-272,-63,-62,-96,239,-84,12,-78,115,50,-7,165,-4,-194,148,122,68,70,3,-24,-32,172,60,36,-58,-27,-255,-82,-255,101,99,23,112,146,-54,-15,35,14,-62,35,200,-5,25,70,-59,277,24,134,156,213,-32,99,137,62,44,-177,-13,45,-126,215,-146,226,-52,-23,18,48,-101,51,144,206,147,-4,-125,102,135,177,-61,46,-54,99,108,63,93,26,285,237,102,119,130,-60,-70,168,204,27,65,-38,51,109,-10,226,-194,75,81,297,138,-60,18,-71,-24,24,-65,126,211,36,127,-28,170,-31,44,298,-40,-161,-7,50,10,105,-50,-57,-154,-87,161,0,128,141,-49,-26
-186,-44,-128,-87,-130,36,-5,198,114,-191,53,145,265,170,66,-74,-95,173,-51,303,75,-156,-23,49,57,-33,93,-135,-85,13,96,-30,-10,-102,-16,-14,124,10,-109,-59,-114,-110,-64,102,-59,105,73,51,-186,-65,-64,-34,8,15,-50,-6,238,148,50,38,-124,67,110,-13,15,195,110,-187,188,-49,-151,-2,176,-94,137,7,-81,45,-97,-90,-121,85,44,-68,83,41,-30,58,119,-52,-10,-105,55,79,20,280,26,-49,-109,73,34,23,66,26,-40,-220,25,-88,208,16,270,41,98,124,-10,92,78,-91,-2,99,143,27,26,46,84,61,-107,28,114,-69,78,-121,128,186,60,-172,-164,77,-57,-39,26,69,22,6,181,-39,126,1,46,-25,-152,50,122,42,-69
109,-2,-46,75,-26,-19,17,-2,141,19,80,99,140,-3,71,108,-65,63,268,-142,219,-242,-147,-60,-182,158,-25,-59,-114,-55,83,-82,34,-142,-77,19,152,16,83,-36,36,-16,-35,101,131,-4,65,-69,69,-145,-7,82,120,55,-17,126,-19,62,69,3,7,128,58,20,-37,56,-62,119,162,8,-50,-55,82,-33,107,-58,-58,-30,242,-31,-125,-82,77,-49,60,-10,-52,-168,136,-30,72,102,-141,38,-1,10,3,44,15,-58,-19,123,-36,3,83,6,109,-80,45,100,38,-7,6,108,24,-32,-108,-117,198,-77,11,-108,-123,207,-45,83,-218,252,81,129,-54,-179,146,248,62,-73,47,71,-119,-28,55,199,52,189,-78,70,68,-24,180,-28,-87,93,113,31,-38
-69,105,46,59,82,-5,-101,-34,59,-27,-81,-9,58,-63,-27,56,-111,82,-12,-62,-186,-5,14,81,-52,-48,-150,-221,143,28,-152,69,149,-38,155,-170,43,120,-52,98,-103,-28,145,-41,34,-38,-5,-28,60,-37,-139,-82,-126,-3,-62,-86,-123,36,167,-17,-20,-97,-144,-92,-126,-45,-60,22,-168,-57,-71,30,142,167,-19,-94,97,123,139,-63,-64,-195,45,-62,-86,-44,-22,-91,158,119,-54,-36,-65,118,-66,-21,6,-205,-103,19,26,64,-11,-60,109,-50,-76,8,76,-147,-171,29,25,-61,57,22,-97,-103,26,-127,62,41,-66,-85,-20,79,27,139,-66,16,-3,-99,6,-194,122,10,12,71,8,-11,84,98,153,-110,-210,-24,-55,74,-76,107,59,72,-37,-80,198
101,141,68,-84,90,98,94,-158,66,5,-108,-63,-215,-95,39,-29,82,0,38,-30,-1,142,30,21,1,142,-133,-112,-41,9,19,74,202,139,-36,134,-12,47,84,127,1,19,22,40,62,-59,-76,113,20,-54,126,6,29,30,-26,65,25,182,68,127,-9,62,67,-16,32,-23,95,191,20,90,44,140,46,8,301,-102,-26,134,211,-93,42,-8,53,265,141,102,-88,-119,82,-93,192,97,-117,221,-179,42,-42,27,183,-123,-48,98,199,-14,71,318,-26,-59,0,32,95,218,-6,-42,170,89,-76,-22,84,-24,100,104,-118,24,-21,50,104,-69,135,-22,18,-90,94,11,273,21,54,98,-101,79,-18,103,156,160,-64,138,172,105,12,41,94,-38,-54,53,223
9,-72,-57,24,-96,66,35,62,165,-49,26,-46,105,-49,87,55,-42,86,197,-28,44,30,-109,29,-12,-69,56,34,0,-118,91,80,-64,-92,51,-22,-65,156,-50,-12,31,43,22,-109,-78,187,109,31,188,156,-60,196,285,210,3,67,4,82,-65,114,94,-17,-50,136,28,200,-224,50,80,152,-23,35,213,57,44,-41,100,21,-60,124,129,-37,24,-103,45,-136,51,40,-20,90,-137,-60,-74,38,130,166,64,-152,16,81,27,129,4,91,209,-125,31,85,181,81,-91,-52,7,100,74,69,-39,97,136,118,-38,-234,68,178,66,-66,-102,59,23,162,140,-61,90,157,-104,33,188,-70,252,77,77,77,155,58,3,156,164,36,52,-13,-2,-132,60,163,5
60,120,7,42,95,-42,-32,153,27,71,83,-77,79,19,3,-6,56,129,92,-7,135,166,66,240,146,116,34,38,35,142,66,154,163,252,92,-74,3,-177,157,212,330,158,-21,245,64,118,57,39,120,-55,-7,-102,34,-47,180,91,71,105,-33,56,149,150,91,30,72,195,-12,-86,119,-50,24,-31,-27,-61,10,6,125,-99,-36,163,98,290,21,0,-78,-1,19,202,-101,6,74,78,-93,-205,65,8,-213,65,84,29,81,113,92,121,-107,-48,77,148,121,-7,140,27,92,38,117,8,120,97,58,208,142,-62,159,-8,-86,-56,169,-102,117,162,216,128,-38,72,160,17,288,110,155,155,89,41,14,-14,28,114,161,-7,101,-35,95,-40,-67,191,-156
-90,246,107,-29,9,107,19,259,45,153,37,70,183,126,-18,8,50,104,208,54,-47,-100,122,-70,127,104,-22,-31,114,40,-112,-35,221,-91,184,90,239,240,100,111,264,93,-4,139,-8,134,40,31,-1,136,132,-129,-69,106,36,27,224,26,46,108,-202,-14,-14,45,75,95,-101,273,45,48,-25,117,91,144,271,60,-3,65,110,32,-41,223,48,-54,16,28,110,129,217,109,-3,144,103,38,110,-13,121,-58,-102,48,-207,-18,123,-47,279,-10,46,45,5,11,128,62,173,140,-135,147,61,187,16,18,207,105,154,-5,31,69,25,80,1,88,97,-100,176,21,42,-176,192,16,64,170,245,-87,128,26,-33,-15,7,-119,272,97,-73,71,-2,-47,185
112,234,8,101,68,-165,196,-55,181,88,19,77,5,-44,223,87,-5,26,72,149,-135,-122,-46,-34,-18,34,218,-77,151,-199,-52,167,187,64,-73,27,-7,-26,-37,204,-67,55,-104,-138,-19,15,-18,138,-1,-15,-104,25,-22,68,141,64,-43,4,28,38,104,8,-18,19,-35,32,20,-19,-10,-49,-8,148,-75,62,-31,-71,228,100,-34,-127,24,11,94,179,83,-174,139,-104,8,83,6,75,11,34,18,21,-81,-119,-115,-132,-122,-115,42,48,76,198,93,-83,38,26,76,234,-152,106,139,-153,14,116,48,-34,13,12,28,156,-86,20,-95,115,-24,20,19,-46,125,56,27,-253,173,-45,180,96,-67,174,124,-99,19,-17,98,-54,91,159,41,76,129,24,220
93,97,349,30,65,37,2,236,-81,-62,0,34,93,-30,-4,25,-13,-50,79,-209,70,271,-44,185,-40,108,41,117,116,182,59,166,369,259,3,202,-52,-79,-11,227,43,67,29,111,103,26,133,40,151,-30,116,-73,334,-57,66,236,-122,81,85,97,66,82,112,0,318,270,120,75,200,-260,38,-98,123,-34,46,90,106,-64,120,176,36,-65,237,126,50,9,-36,37,144,4,28,197,148,142,147,-61,-97,168,-16,-11,-8,-47,49,228,185,89,79,37,29,122,182,144,206,221,127,233,125,253,-1,121,39,239,166,151,-71,127,104,27,9,96,-6,0,-101,-58,69,213,17,166,40,57,128,95,58,124,280,160,-41,34,234,-130,155,170,180,176,64
2,62,9,171,-9,138,-44,-65,85,45,21,27,83,80,-111,76,83,46,-104,-1,110,-134,105,133,35,68,-56,-69,-59,1,-8,50,-34,-10,-62,-20,-15,-66,23,-21,131,42,65,14,-195,-188,-125,-81,83,-180,-217,246,15,60,81,-101,40,12,-14,-203,82,65,-57,-19,26,137,78,139,-154,102,15,-121,-74,37,-74,315,63,126,-59,9,-26,83,-14,33,121,-51,132,60,-58,-39,-34,-169,78,-55,88,-107,56,-127,3,85,108,93,-29,18,13,-80,38,62,27,138,2,46,-85,-149,7,-100,-28,5,29,30,105,-32,167,47,60,-171,-5,168,85,-169,38,188,128,169,148,167,220,-16,19,14,164,-92,-15,-31,12,37,-151,-22,-22,16,100,-30,32,-44,-160
-5,29,-115,23,-120,-17,-39,151,91,95,52,-131,18,-77,71,194,-33,118,-130,-63,-66,167,104,149,36,136,-4,-206,108,-86,158,-96,80,205,135,-2,135,-78,-45,6,-273,120,157,-51,84,-113,135,-45,-108,265,37,-98,-26,30,108,-112,-28,13,17,5,246,-26,3,108,-59,79,-136,-20,58,-34,-60,-103,-78,-94,-50,-103,-34,-45,-126,22,6,-122,-4,191,172,56,113,-23,85,74,99,23,40,41,69,-52,-192,75,21,-60,35,114,61,-102,-60,27,-179,-28,2,179,37,-132,-106,27,27,216,-4,-87,106,-65,133,-30,33,60,98,154,43,147,18,113,-20,49,-26,184,-52,92,53,-28,61,151,-109,99,69,-99,169,-40,113,-127,-143,-67,-5,198,32,-74,-19
-29,76,-36,7,-25,63,190,30,55,0,127,73,-102,47,-127,-11,41,-56,51,-182,165,228,-58,149,51,-64,141,92,14,-107,-35,81,-106,60,167,-16,37,-17,4,-18,129,-17,27,12,-95,111,20,17,62,-44,54,127,26,-107,-74,109,111,16,151,0,33,66,69,-54,-62,131,15,56,-246,-91,-3,-86,91,62,176,-22,62,-21,16,232,-112,-42,75,104,57,13,62,77,-99,20,-17,94,21,126,-4,-51,51,109,10,167,70,-29,89,-6,72,142,64,193,-97,75,176,-50,79,18,-10,-18,1,49,-51,74,106,22,187,-24,-52,-112,-82,-262,89,-43,192,-146,7,-41,-108,143,103,-110,36,99,-11,-130,160,-47,184,127,-17,-26,80,-122,89,-34,-48,180,154
60,193,-16,-5,189,-5,265,-33,38,185,137,-36,11,-14,-143,-25,33,20,-92,-106,-129,-110,-24,134,-16,68,-24,83,-35,72,37,-113,117,-55,143,143,-44,-206,138,-127,192,174,125,134,114,35,152,-28,-50,34,97,-67,81,-86,46,-38,-117,156,76,-20,-34,157,79,-87,-14,-42,-72,214,196,70,249,173,-89,12,96,147,-57,-18,-66,-84,25,-49,-79,-8,316,-23,70,93,124,-25,87,-217,81,-19,-101,-76,34,15,-123,222,-277,9,-162,75,41,104,145,64,-11,186,199,-97,-6,-72,-33,153,-68,6,199,141,58,12,268,43,67,-14,-140,-2,-16,-87,80,-110,58,69,-39,-2,-61,32,53,82,-94,191,-131,93,98,-81,-9,84,111,-81,44,26,167,-156,8
71,-5,128,126,140,244,232,108,92,108,157,2,-25,103,-24,-68,-57,170,-38,86,158,119,46,9,-141,-53,101,112,56,-80,-138,230,137,69,18,27,62,26,66,64,194,164,86,116,24,92,116,37,243,101,-21,64,153,3,-61,124,107,-117,-37,71,-68,-59,1,15,76,-30,18,91,-112,62,54,0,199,-29,112,148,194,117,108,-50,-196,104,17,-64,-40,33,119,22,78,-47,13,-95,43,52,-154,-8,57,146,148,-280,102,115,109,200,-101,-99,42,-80,48,63,74,93,-63,-73,179,-7,-22,91,54,103,157,41,-104,59,133,-61,56,26,72,-161,-31,-69,27,-88,82,13,168,-55,140,6,159,260,-50,136,79,171,28,149,29,180,-19,-95,-33,60,153
-139,150,-1,149,97,-81,108,-103,35,147,16,-137,70,-71,21,103,35,-11,-101,33,50,37,157,-136,86,94,137,64,83,-196,-105,-88,177,-145,-86,37,33,-91,11,80,-11,-6,-231,-2,100,-96,-3,-114,90,21,35,-4,115,-138,-191,-84,74,-172,163,-100,43,-66,-98,46,138,108,-67,-111,97,142,-11,80,78,-30,-166,148,104,-9,-62,-214,37,-72,-36,24,200,-56,-132,139,33,15,111,210,-28,-82,6,-59,-7,-67,6,116,81,-17,-36,-2,-98,100,-9,-174,-50,-53,94,72,146,15,223,1,291,31,-3,66,57,-213,38,80,125,260,50,66,-113,32,-73,27,67,-34,166,-305,-24,51,-103,166,-7,135,-5,-162,114,121,-90,286,24,165,-44,-25,86,87,97
-48,-20,-117,107,172,185,113,-120,-28,42,-73,33,31,-92,-139,-53,300,-41,-12,169,121,54,26,-22,-6,-91,123,38,-32,127,-100,-87,-99,-27,-6,17,-161,-26,139,45,-8,110,128,199,-8,131,5,144,-83,46,42,90,-226,-48,-70,-43,-74,152,-4,236,-177,84,94,138,69,15,20,78,107,104,92,-17,-117,134,26,98,163,70,-161,38,-40,-31,29,-17,30,177,-204,122,-27,102,146,-4,110,49,19,-157,-36,-58,-63,31,17,-53,-182,66,-6,47,-158,-72,161,-96,-3,164,129,-126,-14,57,63,15,-178,-89,63,-85,-41,-48,-28,-111,59,-90,-191,166,171,81,65,119,24,100,85,85,-128,121,50,54,135,150,-20,-81,223,104,187,93,-80,183,41,46,16
25,-28,18,41,167,1,174,46,132,76,361,-58,-179,270,52,122,156,20,146,79,21,-4,-38,-121,-83,184,-1,39,49,-100,63,246,14,254,-2,82,16,16,73,33,45,159,-81,-5,-21,-19,-152,-113,82,-181,167,112,187,5,146,-84,85,85,80,-27,118,187,1,-2,162,-2,98,153,112,50,15,8,-36,-3,91,133,22,86,252,54,101,151,114,110,45,63,102,127,27,-13,45,-12,175,172,-32,-21,135,185,-9,-60,23,40,47,-102,229,261,-8,180,63,-93,221,78,193,154,238,218,-118,145,134,17,76,-27,249,162,100,131,52,35,237,-24,170,166,13,230,42,263,125,-25,134,37,5,93,111,58,110,157,60,56,69,60,59,-182,-37,238,44
81,237,11,22,194,227,315,95,234,108,196,-89,55,156,120,75,57,48,56,-2,112,69,46,-36,-92,159,15,-130,155,-53,-80,340,-3,75,-268,74,216,39,148,-137,166,35,104,67,24,13,136,-22,82,47,78,99,245,253,7,10,141,12,140,161,119,63,143,108,-54,41,-50,128,-2,80,42,78,51,55,2,77,79,154,156,126,183,237,39,183,100,141,171,48,-26,80,170,96,89,64,-15,246,-67,-61,-63,7,77,145,161,209,76,-89,192,260,40,132,233,-80,-130,32,26,131,1,-102,66,71,166,-247,122,205,74,39,-119,-173,33,-77,14,-325,179,42,45,157,307,-177,182,121,42,66,-23,-55,156,181,77,-120,92,58,91,-1,72,171,78
-4,97,132,15,176,24,28,81,55,-32,212,62,-4,46,276,-56,35,44,145,-43,-153,126,37,36,223,55,-40,76,296,58,135,81,53,180,329,110,134,65,86,60,140,131,-80,-63,-6,160,-21,62,129,-3,222,-240,200,37,218,-37,15,188,2,36,5,148,122,87,297,-125,-32,224,51,100,65,110,184,-21,165,139,-41,9,166,105,-27,87,-40,31,-87,70,94,327,129,-98,28,5,263,46,169,14,181,94,46,92,114,30,-23,-69,325,81,238,108,55,115,69,86,309,176,-17,226,-151,81,212,-15,53,-17,190,-59,70,51,98,192,145,96,140,13,24,39,66,91,94,-25,228,63,89,-87,33,-21,100,104,183,56,171,131,-10,-41,80,-42,65
30,-2,95,-13,-56,140,162,-22,-73,-186,5,80,-68,103,93,-8,-23,-31,129,135,-4,95,-257,-55,20,140,-12,-139,20,97,-45,182,29,81,134,0,-9,-77,-115,89,38,-18,43,57,-32,-68,84,92,-91,3,223,-146,93,58,13,34,85,137,49,69,160,34,191,-69,119,75,53,54,214,31,-79,-70,-24,-52,76,11,-6,-83,-32,-37,-35,79,59,38,-110,51,-23,109,106,24,263,115,-122,-51,29,19,22,17,-91,-62,94,-151,43,-87,51,-60,220,131,-59,13,-12,16,-36,197,-37,107,-79,93,76,-83,98,-87,104,243,79,-90,68,37,-141,183,46,-31,85,34,137,34,113,141,80,-119,76,40,2,-48,108,-12,253,-37,130,34,7,-66,83,207,-12
-153,5,49,-35,27,140,55,268,112,19,124,48,233,102,11,34,-243,215,-61,-68,203,-50,134,113,72,-31,13,105,69,-19,145,209,14,48,76,129,70,213,142,-122,117,119,-62,172,1,82,162,-31,101,173,-113,95,-103,210,153,-4,101,166,-53,35,6,-29,37,106,19,49,5,-32,-64,-97,-14,220,408,-70,92,-24,26,67,35,71,-60,113,24,22,5,131,103,-15,98,126,41,-27,212,140,164,-71,-129,24,-14,-115,114,163,-28,67,54,-165,-16,141,18,-87,70,-130,187,45,94,205,-20,-30,54,37,271,38,135,-104,167,96,41,39,11,43,-66,-146,-51,5,31,-3,50,-147,76,-29,25,44,84,42,3,-48,50,120,145,17,27,135,-8,155,33
-58,-30,159,54,-54,13,134,104,68,-55,-19,16,109,-39,35,146,270,17,-45,35,65,46,87,-135,102,11,55,122,110,81,110,41,62,-12,87,254,-129,-174,-135,117,-21,115,27,11,-25,138,-71,226,-130,-34,-37,27,-92,-197,-49,-129,59,-42,37,84,92,-78,-42,66,51,37,94,-118,258,141,-81,155,-90,3,-167,-40,28,76,-151,-13,123,-38,-98,-52,53,-57,-133,86,81,171,161,39,84,-66,-18,-12,-90,-115,-59,58,25,134,-102,-59,-6,196,5,-107,76,105,31,-6,-58,-31,123,112,4,2,-22,-6,101,-125,68,81,-74,-62,75,18,-166,39,342,199,119,71,197,94,-121,52,-41,-20,156,66,-18,50,-51,-103,-78,60,-157,117,19,-16,-66,45,-173
36,55,-14,-32,118,153,-81,-5,115,37,72,-123,50,86,96,-122,111,57,-160,28,2,147,61,-13,81,-41,24,-4,52,134,57,99,168,45,68,86,103,-84,142,74,5,122,-40,112,7,69,36,-6,15,47,212,43,-12,-63,-28,175,-28,117,43,132,-5,56,92,150,40,144,125,21,148,-17,93,25,-56,51,118,30,-8,-141,117,-7,-31,0,93,-91,122,61,16,19,209,-17,239,-87,60,-70,15,40,-37,297,32,191,-44,113,-50,158,-81,33,93,-69,-99,29,198,99,50,12,11,128,42,31,-82,159,132,10,12,243,-14,174,140,-95,177,94,10,4,108,-73,-90,18,77,94,113,-16,86,-99,-54,98,177,160,61,173,98,214,-202,154,-26,76,-67
29,72,33,67,268,82,-75,134,42,-128,39,-50,-153,85,63,34,-202,98,43,5,-88,247,133,-105,100,78,13,153,-217,-87,162,208,116,179,-10,209,104,-38,-64,153,124,-121,86,-70,198,-116,51,105,69,147,-28,99,78,73,96,191,-22,132,-89,-28,20,-68,115,-12,33,47,-33,159,84,-58,9,-9,24,88,40,21,136,55,91,3,40,107,-56,12,-15,33,25,-133,115,-89,-36,95,-7,-31,-25,-28,7,29,-36,-177,210,56,54,-59,98,141,-124,-105,-86,153,115,113,5,9,157,6,43,43,220,87,-1,99,-32,44,10,45,17,278,3,72,55,131,-28,88,178,64,196,19,140,2,-12,-117,18,-8,-65,-42,75,85,199,94,-15,-135,12,77,124
70,137,144,-55,151,186,134,164,43,-19,85,1,68,59,98,-54,84,28,-4,57,23,172,254,-18,227,37,65,-28,-11,-191,-10,14,180,43,-18,-163,12,83,-136,-4,73,-132,60,-117,-10,-22,97,118,-148,128,115,-240,-56,24,-194,146,68,48,36,172,-46,222,123,169,-98,222,99,99,-26,-20,28,-128,8,96,66,103,195,21,-3,222,19,47,38,109,111,79,67,176,-85,-86,72,-113,58,3,-35,65,-111,-2,-65,178,-5,56,242,159,-153,25,73,-54,-24,88,222,123,-143,-18,1,78,119,-159,-86,115,-60,49,68,40,-128,-86,61,-73,-21,-163,-13,57,62,-145,19,38,181,-48,72,14,198,-33,96,117,209,-28,17,92,100,18,3,-128,244,17,-4
35,-22,33,47,-79,38,-18,215,-189,161,-9,-1,-38,87,-43,-22,-18,46,-97,-49,156,-66,-109,173,151,24,29,22,91,-43,37,137,58,18,91,-99,-129,204,-1,28,13,0,-120,103,64,-176,25,3,146,177,37,72,-36,182,-142,123,20,-78,42,235,-26,-70,152,34,192,120,74,64,17,-55,68,-14,13,-25,-21,-52,168,-58,-4,-123,145,62,31,-39,-25,-75,124,33,50,120,46,-50,-57,173,159,37,169,196,27,32,-24,37,111,112,-98,-129,-66,31,-91,20,-244,106,99,234,-107,108,-30,71,-162,-3,229,190,151,69,211,100,-1,17,42,46,-42,53,60,-105,-142,61,76,17,134,1,-17,-95,18,169,178,-49,99,-168,65,8,-130,131,73,83,249
-191,62,-130,-1,141,-49,-9,211,79,30,-171,-3,126,114,-187,-18,-247,91,-138,30,118,-113,-153,85,-159,6,-138,35,-85,-265,-8,-97,-213,56,56,76,-49,-107,9,-274,61,-61,198,-163,-45,-150,-74,-112,-61,-22,22,38,-62,20,-119,19,-85,-15,17,80,-88,-20,-8,-11,-18,-33,79,87,-17,-108,61,-84,-43,-129,120,-122,91,-222,-163,-130,43,-92,141,-65,298,-63,175,-17,-124,-74,-18,-102,170,159,40,103,-14,-85,-150,-142,7,152,4,-19,254,101,-69,13,6,118,108,49,62,-25,37,-38,-145,22,77,51,-79,93,-158,-147,28,206,-187,24,172,-5,-73,137,31,160,-17,56,-136,-8,-40,99,-107,-66,63,-44,-52,107,-61,27,120,-61,-74,12,173,-105,94
