-14,128,23,-53,11,150,-89,-3,-25,65,40,20,12,-7,-87,118,34,-39,-75,-28,-11,-27,66,-17,78,-15,-50,103,94,39,-34,155,-30,60,-34,7,33,84,-12,30,108,10,15,-20,147,48,-35,-56
-10,18,-26,2,-23,-15,17,-6,54,18,53,25,-10,-93,1,-12,-28,99,-18,22,-51,45,23,-54,26,44,74,89,1,-49,-3,33,-71,33,33,-136,-53,-46,-56,-4,35,49,75,37,-9,-8,4,-15
-30,-12,47,-60,-33,19,-71,12,-65,8,7,-76,-36,-79,-62,14,-75,98,-56,13,-27,72,-31,27,10,95,-14,36,-13,53,50,76,8,58,-46,9,-53,-4,28,78,-61,21,15,35,-1,46,-37,-52
29,63,75,27,-94,15,32,15,27,71,68,27,-22,32,-12,28,33,-32,19,-36,1,9,-51,29,-30,-8,60,23,18,159,115,58,50,-2,-97,22,-15,22,-1,-27,25,84,-43,-46,22,40,16,141
51,-110,-23,-5,-20,18,-57,-50,64,-38,29,32,-33,37,-19,50,-20,-119,-8,1,-11,-13,-56,87,-90,-21,-114,-53,-71,60,61,-118,94,-75,17,90,28,-61,85,147,-47,-57,-78,73,5,-96,-18,34
21,119,85,21,39,1,58,77,-15,-2,139,-72,-14,4,137,32,139,24,-14,23,-73,-9,134,-1,-24,91,5,-45,-11,-8,-95,76,-3,103,-106,73,0,69,-20,-23,-80,48,-17,-12,69,72,17,42
13,-46,6,-36,-7,23,-17,28,93,40,15,-60,-22,31,72,-47,75,72,12,46,47,-55,-30,96,7,111,6,46,-28,-26,38,2,-25,10,29,-32,-11,2,-62,9,-5,-33,4,56,-28,88,12,-24
-7,43,-54,30,9,197,68,-20,19,61,-17,-56,73,-85,-5,14,21,-20,34,-31,36,-85,-34,3,53,-35,11,24,64,40,64,25,-2,-27,47,43,44,-37,-78,-58,43,-84,-7,15,12,-7,-2,-4
-38,133,27,40,2,27,100,-15,-9,-40,-23,31,14,-58,-48,20,24,91,-22,60,-7,20,25,-101,-19,28,83,77,50,-100,13,49,-3,72,31,-69,-31,55,57,-64,40,80,-45,67,14,22,18,-94
30,10,-132,-94,-28,-9,22,74,61,-12,-102,79,122,26,57,-117,31,-58,-60,50,49,-20,29,-13,20,51,-43,-119,43,-129,-32,13,-26,-47,45,18,-14,12,-21,-66,-47,54,-54,66,-12,154,91,-41
82,17,-31,21,63,29,29,-7,31,13,50,-13,-42,11,64,81,89,60,-11,-48,-65,61,114,4,-54,-3,-26,11,24,9,-16,11,-87,16,-34,50,-26,-42,43,49,-99,-15,-97,-82,21,-28,-72,-16
20,30,-14,77,-5,-7,39,78,19,82,24,39,59,36,47,-26,45,18,123,-38,78,63,9,9,39,63,122,-108,-79,-68,-16,22,14,-54,-3,-53,66,175,65,-11,60,-36,2,10,-22,-53,76,-72
28,82,-70,92,-32,6,-23,-46,-70,-1,49,-36,66,-29,51,45,-22,28,-71,80,-34,54,53,-101,-49,-72,25,19,-43,-60,12,-6,-27,70,-90,-102,-8,-20,-50,-108,18,14,-27,21,3,13,-95,15
-78,-13,-46,-4,-91,10,37,101,20,20,-5,-76,65,-78,-101,-62,-21,43,53,70,18,75,-41,-54,3,4,26,-10,17,61,21,-8,54,39,3,-49,-95,-119,-39,-18,-54,18,-8,1,-53,23,-20,-97
77,37,17,-7,-129,69,-10,20,65,91,34,6,0,-27,47,-41,28,-18,-7,-43,65,-66,-1,81,-4,115,-104,56,80,-47,-15,41,-27,-72,-6,-2,81,103,58,7,76,34,23,73,94,30,-23,-30
-21,24,-58,24,24,146,-9,39,111,75,-31,56,-33,-27,-50,-22,58,6,35,-61,113,-63,134,34,149,-80,72,102,62,39,32,38,-18,-58,45,-104,100,-17,-31,-108,48,91,67,17,-51,23,99,48
-48,77,61,-3,90,141,42,63,6,71,73,-7,-10,77,21,-2,-70,-78,8,-92,29,54,5,-81,72,-13,-51,36,-24,54,-74,1,-16,68,12,28,16,58,51,75,-14,-90,-18,-8,25,51,-86,21
46,-15,15,136,-2,98,-49,-9,39,-7,150,26,-29,76,108,54,70,74,35,-65,-117,-59,154,74,-10,59,5,132,44,54,97,-29,-22,86,34,15,19,-21,-17,130,53,25,45,49,85,-98,50,38
55,62,-9,3,-82,-48,25,55,76,-32,-3,76,36,-18,47,-65,-39,-80,-1,-56,1,61,74,21,-34,65,69,37,-9,85,86,-60,105,5,-30,-43,-47,4,-13,-45,29,214,-9,138,-131,-66,-16,35
16,5,95,75,112,39,-13,49,-9,91,2,-35,-20,65,-9,95,64,27,51,-30,42,9,19,73,80,10,27,0,48,11,12,-47,-30,-7,34,-31,77,52,91,43,58,-69,100,-44,23,-22,96,-12
-38,-39,-58,48,26,-10,74,119,47,20,-94,-13,-4,80,17,-26,-2,14,121,-65,95,-10,-18,5,60,-6,94,-56,6,-12,7,-98,47,77,98,18,30,77,15,-16,47,-20,-40,50,-93,-17,53,56
-11,46,-71,118,-47,140,10,48,-33,88,88,-178,89,10,-15,28,26,111,-19,46,-11,5,-49,57,113,-92,106,54,42,48,96,-22,-63,69,27,-148,-90,-149,-114,7,39,12,65,-16,-16,103,-11,9
112,128,26,98,-64,74,99,91,138,22,114,-41,33,-58,93,92,109,42,34,-38,-34,-38,106,89,-17,141,111,45,116,-70,7,54,38,90,10,27,-28,-9,-46,-1,6,65,-55,58,87,103,73,77
39,-39,80,94,53,-17,60,50,2,24,-41,-29,-91,-60,-3,-97,-25,5,55,-6,57,83,10,-53,108,77,68,71,6,26,-77,33,8,12,-16,74,-30,-6,42,-3,-35,15,61,-100,46,-6,-128,28
8,-25,48,-17,49,77,-68,32,52,19,-21,34,-97,-7,-66,-19,-98,21,-58,-80,5,16,-54,74,104,53,33,83,-6,43,31,18,-14,-50,64,-81,23,62,-40,83,-4,-108,22,117,89,18,8,-31
-25,19,-26,10,13,60,33,53,-38,30,-8,-76,20,90,35,64,26,-118,-70,-33,-37,-44,93,127,-5,-34,-49,72,-29,34,49,-37,99,52,43,73,-58,-43,-100,-5,7,37,82,10,72,8,-2,-31
-1,13,75,-35,55,39,15,56,17,-74,-101,-7,-96,-23,-45,-4,-14,63,-5,47,36,-45,-18,55,48,89,10,48,4,-4,20,88,68,23,102,13,14,80,49,13,-22,-80,-13,142,143,73,0,-15
73,74,26,-34,108,-75,8,12,67,13,46,24,-84,75,58,70,25,16,-79,37,-7,44,81,66,-30,235,2,47,-49,-113,-39,-21,42,-79,-93,31,-74,62,55,97,-19,-5,93,23,33,-3,85,-57
-11,142,-62,-51,3,42,51,30,40,72,-51,24,64,1,7,38,21,-14,34,-5,94,51,180,-30,55,8,26,-44,-25,-4,-38,81,52,84,-86,-11,-35,76,88,-75,-48,98,-54,91,-58,-7,63,-61
-33,68,63,65,73,-5,52,-14,2,75,37,-71,30,-24,31,62,-17,-24,33,-19,18,89,104,-44,17,85,98,51,-1,1,-34,-24,59,106,-100,65,-94,21,-5,-17,-37,15,34,-12,-26,-47,-103,-74
58,-11,38,-132,52,71,-27,-26,104,-57,15,-15,108,-53,18,122,90,-14,-44,84,58,96,36,-9,-35,107,-11,31,-104,-61,-128,193,52,58,-93,-31,-36,68,9,33,-13,-78,-37,117,179,60,26,19
-30,102,-46,28,21,-20,65,49,70,-82,-54,-13,28,35,77,98,18,-58,29,0,12,-67,130,124,58,-10,50,88,-7,4,34,3,167,103,-41,87,30,10,-38,-79,44,107,40,174,-39,-87,129,152
48,-36,179,55,-7,20,-72,-124,-8,46,49,-24,74,12,-11,172,-11,-65,-47,16,8,74,-45,85,-2,-3,127,87,47,-117,-78,76,119,-106,26,112,-23,30,86,36,-3,-91,0,111,140,136,-29,-90
-30,-89,-44,68,-43,8,113,8,25,14,-129,-6,-11,40,18,-111,54,45,30,94,30,-14,53,-49,-32,52,-11,21,-95,26,21,-53,138,59,11,72,5,-25,103,-8,-75,26,-4,-7,19,-89,-12,-19
45,30,-74,33,-5,-11,-39,-30,-43,21,13,-31,161,41,-39,41,-18,-51,-27,-2,34,76,-18,-52,-26,-77,3,6,-49,-53,46,6,-3,21,21,-90,67,6,-39,-116,95,48,-93,13,-86,-14,-70,-9
40,89,128,-56,-60,77,51,-71,-37,25,11,34,-40,-41,-46,-46,14,-95,-85,-8,-22,-3,-79,-19,-33,47,-25,-92,-40,131,50,49,53,-7,-127,-43,67,82,-15,-48,-8,-46,-7,35,24,-11,11,19
65,-19,48,89,85,-9,205,68,38,39,-26,-39,27,-59,41,46,16,58,101,-1,7,135,115,-21,48,58,141,-58,-4,-136,-32,22,28,40,135,20,-34,6,77,-1,-64,7,1,-1,21,7,49,-37
14,26,-17,-32,66,-4,-40,18,68,47,106,-17,-1,37,52,50,-71,35,99,30,-57,-13,11,17,28,58,49,-3,-87,-31,92,42,-24,9,73,-40,-57,-9,-104,26,14,-46,70,82,59,123,27,32
86,-36,-52,-11,106,113,31,45,33,37,-26,1,-127,68,-10,-81,99,14,-39,-68,-19,-37,124,45,17,65,-39,-7,-9,103,34,58,-19,-5,29,47,2,-65,-41,47,-70,-46,-28,-106,58,18,40,7
-48,-12,-28,-13,63,67,63,100,81,-20,-36,-95,-42,43,-3,13,38,21,45,-71,101,-12,148,9,76,32,2,92,-1,22,-54,7,16,86,40,26,-24,-61,72,66,-65,117,73,-35,-62,-56,39,45
-1,6,39,-21,-5,-39,-28,118,98,25,-7,-76,24,-15,23,30,-32,134,26,83,23,-30,-36,93,31,78,-78,-13,-14,13,-1,-11,41,25,24,6,59,7,89,67,-82,-86,-23,48,108,75,36,76
-15,-16,48,1,-83,17,27,-39,65,33,13,39,-33,-51,53,34,94,-80,77,-48,61,68,89,-20,-119,-21,53,26,64,-40,-93,73,17,-63,-107,85,-14,89,85,-28,21,116,6,-3,104,-8,-3,21
0,104,-35,116,26,11,10,25,145,94,102,-17,117,-78,102,85,43,105,71,84,-11,-32,115,36,120,27,169,5,119,-37,48,-50,0,104,-28,-41,-62,-53,-15,-4,24,77,20,88,-79,33,-17,58
-15,-97,-56,73,1,31,5,20,16,13,-89,-70,-20,-52,31,-87,-9,-49,59,-36,98,-5,111,-70,62,-120,9,-45,64,-52,-108,-51,7,48,0,81,66,-9,-6,17,-91,42,-100,-10,18,20,-81,53
-29,72,1,1,7,-6,68,35,-40,5,-47,-4,51,33,-4,27,85,-40,-38,57,38,9,38,41,49,21,22,-29,-6,39,16,75,73,86,2,13,6,6,42,-40,43,-4,19,46,19,-9,-30,-17
-32,42,7,-21,119,-59,66,26,132,-59,7,90,-80,86,87,30,49,63,61,20,14,-8,91,37,44,37,94,-21,-69,-19,5,-44,-41,26,62,-133,-5,38,53,48,-36,-7,0,40,-47,-42,131,65
26,83,41,25,56,26,-24,-43,31,77,143,-142,38,-46,45,90,61,126,41,-23,-11,39,92,18,26,21,82,109,78,-67,-12,43,-82,11,-81,49,-24,-61,-11,92,-5,87,10,-71,-74,53,9,-61
-29,4,-105,-11,-66,80,60,23,18,16,-64,-80,9,52,-63,-9,7,18,-8,18,36,-38,61,31,-52,22,-21,2,-20,-53,3,22,137,123,67,88,-54,1,15,-15,36,52,-72,76,20,11,12,-9
