-124,-73,49,-134,146,199,169,-75,97,67,127,-63,167,-34,-142,-8,36,-41,-10,155,115,-87,-80,-22,46,-74,99,112,75,109,-15,-9,56,192,52,60,27,-242,-115,30,-1,31,31,-146,118,-2,36,141,48,26,-25,84,-2,106,85,66,-134,-87,2,145,132,-166,346,33,-39,23,-144,7,-85,-28,-41,26,-45,126,-90,-170,26,-11,65,170,196,-30,-51,-51,-9,-6,104,-44,176,99,191,-25,118,63,103,60,24,-23,5,17,-40,131,17,27,107,-131,-139,-10,9,240,239,84,280,205,230,138,173,29,27,148,91,316,-10,192,39,52,-39,81,73,46,-149,148,3,-143,162,-12,62,-127,184,105,-51,65,-10,39,-73,126,40,-47,143,44,70,-47,7,-164,23,205,-68,210,-167,43
321,54,234,98,88,-2,-3,-37,-44,176,-67,167,178,-50,120,77,-16,-53,-103,119,287,382,281,-28,348,214,0,200,-15,409,105,-50,113,-36,121,84,196,146,244,-59,118,53,33,188,-146,89,128,165,197,138,-126,253,59,189,215,184,2,30,109,70,136,-72,208,209,8,111,86,100,129,143,-91,63,201,131,24,93,75,-53,194,103,296,-16,54,149,251,76,159,-141,240,76,-77,0,44,-177,21,2,39,-12,118,-15,139,-109,65,115,143,172,52,64,158,101,156,61,225,194,-29,60,292,77,142,64,182,249,194,54,348,150,55,175,396,289,102,-33,84,213,203,305,-11,117,358,130,-141,193,71,181,145,-60,0,241,406,169,214,112,37,63,154,-169,110,-63,95,208
-39,42,91,137,50,62,28,-78,165,126,92,158,165,129,-15,50,190,-37,-19,125,213,-140,67,253,145,91,163,52,34,-4,24,7,-236,243,-55,-74,-34,128,60,-33,-104,82,84,-132,-40,-64,168,-78,-63,120,-56,81,218,-115,-59,-100,-120,126,17,79,16,-37,211,77,91,-13,132,72,69,-25,30,78,41,35,28,46,302,29,303,-20,-183,166,-114,37,30,109,1,-45,-24,38,144,52,132,-67,-3,85,-4,-129,-111,99,79,95,91,134,298,9,262,37,-54,-87,-131,29,242,67,-45,4,-84,51,59,53,-1,159,-54,66,180,195,-2,33,72,16,-50,145,33,-114,-15,15,127,56,75,-22,-177,12,-113,-115,36,10,158,108,-7,102,205,-97,157,42,-80,109,-25,55,-33,-150
247,46,-86,-10,-7,157,-1,-43,-91,161,0,21,1,-222,22,110,-29,93,133,-38,80,222,89,-176,63,-120,14,118,-81,38,-185,102,-38,-118,-5,175,-14,101,90,34,83,-38,44,-252,20,5,215,36,-56,224,-58,-17,67,57,118,202,228,-42,-146,102,43,127,19,178,-65,285,44,119,25,39,-22,63,124,66,-7,-29,159,119,205,-47,77,52,51,-36,-76,123,120,50,16,75,-1,184,86,-62,185,64,186,79,109,290,38,19,-81,-36,-10,80,-23,140,262,89,180,51,50,-157,166,112,-6,-11,12,-42,-3,-5,115,-10,-160,233,106,-137,122,51,-32,-153,141,-53,90,161,45,81,-74,-73,36,148,-75,113,-7,-4,61,155,-99,20,16,80,-90,118,18,115,22,-13,-65,-208
-110,-155,-10,4,255,18,-73,79,100,-219,5,26,-13,86,-39,262,-52,12,5,85,2,-7,12,135,101,24,-144,84,46,-12,141,112,250,7,59,-8,-49,46,50,52,-174,97,68,-178,51,1,71,103,51,86,59,176,79,-101,219,46,48,-68,-72,92,-9,13,-76,191,142,-16,29,343,-56,0,-52,142,-36,111,-36,7,-96,-166,339,114,91,-12,69,134,3,203,25,-210,45,65,26,-26,133,-18,-13,132,-19,79,18,-69,-5,-47,-177,97,-147,204,94,192,22,172,140,-49,105,-10,-91,-36,-46,80,63,-79,-31,-15,70,8,56,100,243,-34,129,64,105,-110,43,-77,149,212,121,-32,70,69,106,-112,-154,121,28,-192,215,223,87,55,146,179,177,190,80,86,49,26,11,106
34,-74,-95,208,66,197,-53,-137,93,168,-190,-78,-105,-68,0,-74,130,103,210,184,173,147,52,101,-34,-155,81,24,-55,117,-1,58,221,18,-155,47,108,-80,54,-86,27,-14,16,163,84,-88,-60,4,230,10,-113,120,118,-50,117,145,-90,89,238,85,238,24,71,1,76,17,6,112,11,-28,44,127,124,-176,123,159,47,-97,19,-38,111,-4,81,1,38,-181,26,27,94,-44,-60,81,15,-370,93,231,-110,33,100,110,116,86,90,19,268,-43,79,-244,191,34,-18,108,19,-22,-74,166,-68,-13,20,51,-54,136,49,71,-35,19,-56,35,-55,-49,76,-16,-20,113,0,-38,62,-106,147,-49,-29,-213,33,3,-82,24,156,63,-31,-89,-80,88,155,47,-42,-101,-9,-100,260,-101
87,156,-15,140,-18,-72,240,-11,192,79,-20,-6,-11,-233,-116,101,113,41,-43,138,71,167,60,-96,70,-14,-208,39,-49,55,-163,-221,-23,-296,-62,88,-92,114,226,30,-129,-37,36,70,23,-100,112,57,118,-41,92,206,-58,202,27,29,-163,149,-36,92,-51,-66,22,106,94,181,118,-55,235,74,-60,56,88,-60,23,1,-58,268,126,-143,76,85,226,-61,-9,-13,-120,21,182,54,148,62,39,-171,-112,19,-59,112,87,22,20,0,35,70,-34,-5,125,-3,87,-132,361,128,-118,-126,-19,23,68,-189,44,-23,-30,128,-100,98,220,149,-75,-5,178,-15,121,101,-26,127,-126,84,-134,-85,61,23,58,-6,129,-3,54,19,114,51,164,211,52,146,15,184,-22,188,90,-132,225,-53
178,-133,-77,153,108,119,52,-117,-70,29,26,226,0,19,101,268,78,35,15,-94,99,-27,35,-76,139,59,-30,149,9,-27,-6,-10,108,-38,-5,-48,3,120,-30,174,-10,139,100,71,3,-143,170,-111,210,-51,-56,-143,50,-19,-32,8,136,37,65,-59,-1,176,285,86,-52,-49,-61,99,181,144,-66,128,-96,33,44,159,-66,220,43,-63,265,36,162,-54,40,59,50,33,-39,-13,-68,-7,91,-1,222,44,161,131,163,203,-87,-144,-154,198,57,268,168,116,137,69,82,-227,128,188,-128,70,3,-51,137,49,31,-69,146,144,-45,111,182,168,32,128,-44,-65,57,12,93,379,-57,143,57,-98,29,5,198,-111,3,-45,75,82,-61,-33,28,175,-4,3,-18,-121,-127,-81,-102,156
24,-29,-34,21,-117,93,-101,-38,-12,166,-20,-40,29,-16,109,-32,7,4,-18,-62,-7,118,56,-12,130,98,-32,-92,149,-23,-236,187,-26,-92,31,130,104,-40,125,-31,107,160,109,-19,19,-35,46,-167,-47,64,68,32,69,6,-114,2,-133,-46,-44,213,-242,91,37,-241,-107,29,-224,134,138,59,-5,-103,90,124,220,41,72,38,140,-17,137,183,128,-82,61,-60,-237,68,-5,18,15,55,116,129,-82,-65,160,-70,192,56,-81,-23,98,-5,135,-201,-58,-64,197,110,-103,86,-50,128,-23,-32,-113,52,132,118,-28,98,73,57,-30,-79,-70,16,123,-194,44,-61,-114,121,105,70,-39,11,-108,-30,-139,139,-29,58,-27,-131,92,176,141,72,216,18,-126,-138,44,108,-38,-29,44,-92
238,255,28,93,18,-1,-188,-32,87,83,19,2,-40,154,30,176,105,-32,3,-58,84,247,111,0,-115,-88,-146,206,-48,89,-85,94,215,-29,15,94,114,162,143,208,-79,11,-3,90,26,-169,29,-120,26,-151,90,-32,-121,115,-35,351,259,45,-224,-36,62,-52,110,-3,73,-3,-43,5,124,11,103,126,-71,-18,196,55,118,211,17,98,79,153,45,68,232,69,-19,10,343,-70,-18,37,197,101,65,195,-50,-34,235,292,78,-34,231,-47,157,217,-50,337,181,115,135,172,13,98,12,32,8,-37,89,-7,20,95,2,46,138,246,239,140,-43,151,30,-31,-84,31,-12,-10,-173,175,119,-3,128,-117,28,269,-67,-39,11,52,106,-59,229,176,-23,-25,109,213,-18,167,108,-101
2,18,44,-41,94,88,299,192,215,-46,58,116,85,-47,187,87,-111,38,29,29,84,17,-200,127,262,12,-11,-99,119,136,-155,-229,-1,-21,222,84,91,-179,-71,80,96,219,-11,-30,-61,166,251,58,-150,65,93,141,83,117,-36,10,303,158,33,4,173,38,84,173,82,132,-37,37,142,195,-25,30,-45,43,81,18,-86,-9,-3,-36,178,-198,56,-32,119,-40,80,37,-51,-143,-225,-119,27,217,59,-11,150,100,77,-91,-79,150,65,-69,-109,-106,59,85,123,61,161,35,61,-88,-30,-74,409,129,67,-6,93,112,17,7,111,64,6,18,267,44,-67,102,75,-6,161,136,-8,206,54,34,63,90,50,214,215,97,-17,30,-64,-58,-33,186,18,-27,385,73,-7,35,-135,120
20,139,167,74,116,212,208,-34,115,4,247,165,-12,-72,29,106,76,76,-54,269,146,228,-83,164,87,297,-22,257,61,151,70,-42,36,-72,43,-140,68,-124,-128,177,-128,-31,189,32,36,60,-31,204,96,-83,-21,-15,275,140,85,288,290,123,-17,97,118,41,24,30,38,5,32,-63,223,305,2,175,92,51,-34,175,50,268,-52,-84,106,-7,24,-199,223,155,-14,-32,171,-82,154,-40,148,100,210,153,91,77,-113,193,6,-66,-57,71,26,112,152,51,172,79,407,33,18,189,-75,91,445,27,185,-180,124,224,204,231,163,285,239,93,154,319,-97,35,-52,62,-76,255,87,211,95,208,-61,100,59,-87,27,-19,-43,-61,216,83,-20,77,84,-138,180,149,43,29,63,260
0,-145,35,-56,5,34,199,-33,1,-177,-81,-45,-29,-49,-116,-71,-53,-27,82,10,165,88,16,-178,80,179,-22,17,-115,25,84,-46,72,-21,159,5,82,-54,-41,46,-132,74,-68,18,72,22,39,14,103,-57,87,43,62,-104,28,162,108,147,81,-33,64,-98,-92,-8,101,-21,-192,-66,98,28,22,17,-56,52,-194,-16,3,3,22,-26,93,213,34,-58,77,-113,99,84,245,89,-3,-42,145,-76,238,-73,69,23,47,-79,128,-54,-36,123,-100,-43,-89,75,89,123,156,71,33,-44,-114,153,5,-75,-109,-5,28,150,136,78,120,283,67,111,69,-108,-10,-122,58,-56,-186,-73,-60,0,95,2,109,-194,44,28,71,24,25,27,-47,-9,88,165,-39,-2,174,114,49,-8,176,132
-79,-58,-47,205,-74,-39,-151,-35,32,8,22,-53,65,53,6,117,21,-47,-65,128,158,329,157,169,18,72,109,-78,-14,-16,59,-73,-42,-221,42,-26,24,-170,29,-35,-128,30,-63,177,-102,46,227,168,189,3,65,77,-49,90,115,105,-105,-44,41,-68,95,-54,-120,-15,-51,-91,96,-143,183,164,8,-75,102,131,107,268,66,95,132,-18,6,-8,-131,57,44,197,52,-49,43,96,-37,45,0,-46,35,-29,-277,134,107,44,103,135,101,49,-15,-20,-16,149,-145,86,1,8,-41,155,48,115,85,-66,298,-45,-185,-33,-3,-8,86,2,157,-56,109,64,-71,1,-176,22,55,203,-129,117,54,186,37,31,-52,-17,62,106,-179,165,73,116,86,125,-8,120,103,0,119,26,232,-13
46,-12,14,80,51,-154,0,-24,50,-24,61,193,-78,-30,76,247,-3,-39,87,159,-47,145,51,166,105,28,239,-33,8,30,-22,133,122,86,14,75,193,86,-61,215,-159,40,245,-119,173,50,45,-27,131,40,-12,-18,127,125,-139,21,11,-58,62,-123,-345,81,36,8,236,-64,-68,189,12,-60,-97,-89,102,24,-28,16,-146,177,240,62,-22,17,57,-11,40,135,-15,-167,51,137,8,-119,118,-43,-198,220,88,-71,110,50,-138,-91,-99,68,-78,158,13,55,-38,177,-36,41,-6,141,-73,-70,1,94,-13,88,105,58,133,25,22,-110,66,-31,-89,-38,79,124,-69,-39,40,0,60,71,227,129,38,44,-123,107,140,-71,140,140,53,143,167,54,170,-71,242,48,-168,-133,224,33
-56,-91,49,7,62,98,-15,-12,-106,87,98,-47,210,132,149,9,-51,103,-53,-8,-75,55,81,-68,101,160,-86,121,39,-33,32,44,16,273,-47,-143,-18,-105,-30,107,-12,-17,-30,129,43,95,11,6,141,-63,-73,-100,54,48,19,-98,220,342,40,-2,40,43,-77,133,-31,0,141,-36,43,-112,120,70,-128,26,7,97,-153,42,-106,-8,-27,38,37,55,-1,-123,95,-33,88,-87,18,135,-132,119,209,93,55,142,-76,111,99,98,-13,-10,210,32,-3,160,-107,-8,-80,-159,95,85,-60,3,19,51,123,-48,-49,139,5,115,-73,21,323,189,-83,261,127,98,-41,-19,45,83,-154,143,-51,51,180,41,-72,-67,37,204,-11,53,-88,12,-7,37,-107,-82,64,-105,44,161,6,172
-30,-152,126,-44,254,1,199,40,122,34,65,-7,-158,-80,-47,5,-71,149,-54,-70,76,-306,-2,-42,58,1,-67,35,-55,-102,-2,221,130,-39,160,95,-81,98,127,298,197,77,255,-160,-208,110,39,-239,-51,255,69,45,331,60,-14,14,-58,35,39,-16,45,-5,168,168,-126,117,22,99,92,44,-21,183,96,-50,82,-72,-14,42,-67,-7,143,-155,6,41,76,-129,50,52,48,-140,86,90,40,230,236,26,250,83,99,119,70,132,-8,60,-97,115,121,-72,83,161,102,-7,-17,-5,-38,-107,-59,11,-3,171,46,120,124,93,34,65,88,-11,171,84,-38,189,140,59,127,-116,38,7,-42,4,40,-2,150,184,-26,177,57,83,76,111,7,43,-96,12,120,66,22,-7,-140,148
-15,-73,150,84,70,69,179,-79,298,-120,-36,-20,50,-135,21,-105,23,-37,-42,157,144,65,-148,125,38,93,-171,71,-1,-49,-49,-97,127,-4,123,82,86,-97,74,174,5,-197,-196,7,-112,-145,73,-71,86,-48,-83,239,31,42,79,96,-32,-42,82,-36,93,83,-34,-116,-137,-125,7,-133,31,-24,-192,25,59,-64,-36,-3,-1,51,-63,-82,43,-70,-276,23,133,47,210,27,1,159,42,65,21,51,144,47,-19,-29,-33,76,202,86,111,-88,35,0,144,108,199,81,143,-78,146,63,-176,-80,-88,20,-12,-82,147,109,-10,172,89,210,50,32,59,69,141,-113,-36,109,41,4,66,-201,47,-23,98,-115,177,101,-14,-26,126,57,-78,-108,87,-109,-46,-138,192,107,29,33,56,142
-21,-72,225,77,31,107,142,14,-153,129,-50,-32,34,45,42,11,-37,41,107,-4,247,161,186,-95,38,17,-31,254,-16,140,36,38,3,74,39,-1,11,-73,-166,30,-142,27,-93,41,-53,72,102,-110,276,-18,32,44,50,-14,41,63,204,29,193,-3,106,103,-25,-59,23,-44,68,51,-11,-132,73,125,151,129,-31,52,109,1,-116,150,-1,62,38,96,332,-32,76,311,232,-131,-61,1,-20,95,200,356,278,36,0,145,164,82,143,-7,53,-59,64,134,72,-81,18,150,112,-117,-12,-113,42,-44,-60,-104,27,163,-53,219,-50,198,87,211,50,0,135,11,-79,62,-22,-72,94,-134,148,-14,44,61,30,31,170,41,136,144,55,16,45,177,41,71,11,142,-65,178,51,86
144,-109,-30,115,-70,206,166,107,211,253,71,119,-161,-95,84,-29,-12,91,-63,-36,241,331,109,-144,165,-83,-30,102,-85,258,-63,75,-39,-29,53,311,249,-15,-57,115,-44,94,-17,70,22,-46,148,128,79,305,105,58,-48,-41,132,116,110,9,48,83,170,55,125,-32,186,12,8,120,31,8,-15,-45,-108,133,88,95,261,205,204,-93,-6,-5,112,-90,63,17,13,41,119,0,27,-117,-75,-240,131,128,94,-114,214,9,41,-83,164,-11,-39,141,-60,132,7,133,59,-66,131,-53,47,135,125,82,290,-2,176,157,84,114,-37,221,-51,92,268,-40,56,-44,23,129,92,252,125,17,165,64,-77,33,-71,-45,206,20,86,258,187,-15,92,-17,-78,-117,234,266,-13,-91,212,9
119,-103,44,149,80,68,10,-165,255,40,-161,134,29,-58,-133,113,27,30,85,197,205,88,17,-100,-75,19,-62,224,172,114,-9,82,0,-63,-107,-26,149,-214,0,15,-30,-75,159,149,231,97,170,-38,25,4,14,6,-47,44,-1,330,102,163,5,-46,25,11,-5,56,36,29,22,-22,287,-64,-27,-33,8,-82,245,-20,9,42,303,-36,222,88,-127,95,137,6,-12,-41,120,43,73,37,139,-328,301,-45,122,-153,-81,88,46,175,199,3,120,-69,145,-96,142,184,73,-76,14,149,-98,91,144,92,-33,-136,133,141,-135,56,188,-26,46,191,-62,216,-161,132,-16,136,-3,41,71,-98,-41,126,-120,-212,13,102,-263,-28,62,-56,-75,-16,46,75,127,-63,43,35,107,-96,237,54
-173,40,-48,-119,-14,130,-106,-46,-226,99,-7,-15,69,39,-82,68,24,-66,66,-98,-34,-10,-87,-217,-46,-30,64,66,138,0,159,-70,88,173,91,-54,-11,32,-46,-128,-125,-120,-180,-57,-4,-149,-67,138,176,-62,33,-144,-118,-112,80,216,39,-67,-30,213,-16,-116,133,25,-142,-136,8,18,20,52,-25,24,149,280,-157,113,78,61,-79,-2,139,26,252,153,36,145,22,114,-72,54,179,52,1,27,-91,-1,-68,24,-104,-129,-77,5,-62,46,-62,-92,165,-48,-72,-36,17,94,174,-100,115,-51,17,-268,-79,-94,46,161,-96,21,16,111,-84,-3,47,-16,-41,-62,132,-77,-22,-100,-63,-97,-248,-98,11,117,0,-39,-16,-68,-30,-89,124,162,72,-112,123,102,10,177,-85,-58,-44,65
-68,-99,-28,122,-75,66,-105,142,185,69,205,101,63,180,217,37,-70,1,-23,32,90,34,-51,41,88,-13,-42,-108,-25,-86,154,155,0,91,296,-58,-79,-72,35,-144,9,50,-50,243,92,-72,-41,75,121,17,-127,132,-13,-169,53,117,22,-45,-70,196,196,123,31,-157,26,-178,-82,36,141,277,-42,-68,9,61,37,62,263,-87,44,-253,252,133,65,33,120,-27,-66,27,23,-35,57,218,-121,71,238,65,-258,-167,204,-91,41,88,202,-53,-45,2,43,184,150,134,153,47,68,-3,-56,94,-27,138,222,12,14,3,-35,85,-8,70,17,18,80,-236,63,34,25,32,110,145,75,47,117,-76,-260,51,213,78,60,-125,115,4,121,26,100,59,73,-128,56,193,31,-89,-146,-58
14,75,86,220,210,165,94,-61,24,9,39,68,144,288,193,149,-37,133,-27,14,-14,245,113,118,74,153,97,70,89,95,-98,-81,202,90,36,-173,39,216,147,-154,-243,232,155,229,73,-130,74,209,210,-77,-16,128,-132,219,-69,120,60,-48,-221,47,30,133,41,48,87,30,-9,5,-15,-44,136,1,59,55,17,59,96,156,102,39,-133,85,115,162,233,169,-73,-50,56,22,189,6,-53,10,32,33,51,52,20,40,55,153,55,60,74,61,-16,-1,-51,-152,287,-79,-34,210,-165,-127,5,-23,-20,-165,77,-40,-80,32,-47,-73,55,94,-72,65,-24,43,-86,89,-30,74,47,163,95,-60,150,241,79,-82,144,105,-119,13,57,146,95,-16,107,-38,48,-50,-13,101,-32,29
-43,25,57,39,39,150,-88,42,153,-37,-189,32,23,-69,102,-188,46,-27,92,17,-299,-19,140,-69,175,23,-55,-59,1,13,100,30,29,132,63,22,128,-8,85,-93,86,-86,7,75,-63,-128,-189,-86,-42,64,-107,12,21,-70,-58,121,-9,26,-106,170,120,-35,-18,-14,122,155,-107,91,-85,-82,143,-40,186,62,-56,-124,78,-92,61,101,-31,82,-56,-65,131,53,-191,38,32,78,111,55,106,-124,-5,-200,-23,34,11,-219,25,-52,-42,76,-31,-74,79,-75,-5,21,140,100,83,-164,31,-213,49,-167,-76,-158,-96,-13,24,143,184,-121,-112,25,-70,-10,80,-126,100,-11,-47,81,-147,66,-88,-20,-5,-119,68,77,96,-12,47,-94,34,110,40,38,5,129,14,144,108,-43,128,196
81,-29,78,153,88,174,12,-55,14,-23,-54,374,-48,-19,58,239,145,23,-45,192,278,119,220,172,16,31,91,144,145,-31,-44,110,-10,90,-93,-3,319,-32,235,-73,-48,62,-5,38,60,-36,274,121,-22,-116,143,264,-38,37,-202,393,139,117,-92,37,138,11,13,6,224,138,-122,171,102,-144,234,17,38,61,412,97,138,191,111,151,25,100,-89,7,112,52,-56,-63,-38,93,59,52,147,-37,89,98,46,50,37,182,153,206,62,10,149,16,5,-148,42,127,213,20,93,-60,-87,161,135,59,-15,202,195,230,-26,144,132,188,188,-82,140,222,2,-69,9,247,143,329,24,128,103,135,84,-156,163,88,-231,-158,200,174,-32,-44,186,30,65,-105,62,58,230,106,191,-239
-124,73,-47,191,122,164,-29,95,82,-20,86,130,-3,-6,74,28,83,177,49,13,-186,188,56,53,268,-46,98,64,5,-45,85,24,136,67,-241,-21,50,-110,106,-32,33,-8,-42,-72,105,-3,-15,20,-9,-152,6,218,-51,38,-72,153,140,-97,-84,-34,-75,102,-30,85,149,51,95,102,-69,-27,97,156,-27,31,-67,153,-57,134,96,186,7,24,-12,-103,41,103,-99,-79,-92,-152,-77,69,337,-16,-45,111,-82,-77,-2,269,140,90,162,-60,152,76,98,42,-21,207,188,-106,120,1,11,29,35,145,82,-15,26,129,59,96,-133,-171,204,138,-61,161,-39,54,-140,111,60,-21,37,-32,7,131,-16,-16,-2,6,22,9,-115,61,-13,34,132,56,-149,-171,57,39,-135,97,-246,-82
83,-58,107,134,65,64,59,-61,76,271,28,-16,118,-142,-50,-128,97,32,-115,86,158,21,134,18,69,59,-79,149,-115,42,227,135,10,-127,-32,108,72,47,36,-19,-5,-20,-96,-1,-104,53,13,111,53,133,-110,-100,164,119,-108,171,85,25,152,134,186,208,162,139,-21,93,176,107,-93,43,-46,-52,205,117,19,132,305,116,38,24,130,-109,38,-99,-46,120,53,90,218,-84,89,-159,-117,37,237,70,82,-121,38,130,37,7,114,220,187,74,96,-105,12,-56,115,27,-89,133,3,35,20,25,-43,9,141,-37,141,115,32,126,-46,16,3,392,-3,40,70,215,116,-39,-89,65,106,-54,-237,284,235,-113,126,-12,63,79,-42,23,-71,120,-21,-61,201,34,-76,54,135,-4
135,53,-147,67,48,-47,51,53,75,16,-89,114,-183,72,64,96,29,94,-37,-40,-65,360,27,-124,19,-65,-85,73,-39,91,-23,13,85,-17,-32,91,8,209,33,-21,38,-48,-46,-126,-12,10,37,-29,71,-80,77,53,64,89,-101,248,43,94,-19,65,-5,175,42,65,86,100,134,-104,-23,79,90,178,-58,42,87,68,44,135,180,12,87,92,29,-36,187,24,-123,98,-73,-149,61,51,-171,-69,52,64,108,-60,60,42,179,125,-65,-164,72,112,-33,93,122,49,6,-1,173,-220,108,-27,-13,-36,-88,156,24,-93,-94,-73,133,42,53,-55,-8,127,69,-17,-10,-68,-50,102,30,-48,18,-141,18,2,-6,-77,34,-104,27,-56,-81,-18,144,-58,-28,6,-20,90,53,-16,107,165
-106,10,183,-143,-18,-55,165,-83,-9,216,-42,-81,84,-82,19,-9,31,64,-150,80,107,-24,-9,-6,93,117,133,-96,-170,51,-2,-27,-55,-76,17,91,175,74,-65,50,6,104,-78,-124,-87,98,96,106,-179,181,77,-32,-128,143,-103,-37,-34,-23,241,48,-138,38,-44,-44,-53,-65,79,84,-217,19,76,-36,-76,52,-131,-202,-1,-88,-45,163,-30,-40,50,151,109,22,-44,107,54,-25,-82,-121,-139,165,54,15,186,24,96,-1,-60,77,142,93,11,48,-159,-179,-102,-92,74,155,20,-34,3,-154,149,5,-63,87,46,35,-9,44,-57,-71,-337,83,-65,3,-174,99,67,31,-53,-236,94,27,136,92,7,69,34,-25,217,164,-82,33,135,-127,36,8,4,-119,193,-16,100,10,171,94
12,111,127,88,-256,82,-177,113,-176,122,125,208,199,-48,117,-93,62,-143,-155,-53,-34,-113,-5,102,146,51,-83,125,62,3,208,218,-13,-44,102,34,37,3,-90,-2,99,-98,136,-41,223,275,-34,130,-88,113,126,-79,67,-52,41,13,-131,-55,-113,88,29,59,-13,166,17,-348,-114,59,-84,-52,-72,98,153,213,174,138,175,-99,17,-68,64,52,97,-149,165,126,-3,118,68,-59,12,-129,-149,-36,122,66,-62,20,-99,-9,-37,-71,90,161,108,-128,61,193,13,-183,90,182,19,25,90,116,-71,36,-12,-160,68,63,-80,-140,53,71,128,-124,103,226,236,117,-28,19,174,-66,138,83,-3,-91,46,118,-147,-61,93,118,107,66,-151,-131,-61,-8,193,-141,62,-46,215,59,24,180
-88,91,-55,3,93,252,236,32,-57,14,-38,253,92,182,34,-123,-123,-74,279,-134,117,121,184,76,213,7,372,-139,145,-44,161,-60,-18,86,-55,-2,-4,-10,100,-23,27,107,128,-105,-110,-86,50,24,105,199,3,-28,133,109,51,219,131,133,254,112,38,-111,50,-46,58,237,-191,123,-105,20,113,151,-31,104,-16,144,-33,-1,31,23,30,169,42,48,117,48,-101,204,39,87,52,44,-62,55,-9,72,200,136,257,170,-6,286,146,226,70,-77,-27,127,21,-33,-45,-206,97,95,17,119,67,61,-16,149,176,141,23,6,50,-48,188,125,-29,-16,212,97,95,-45,127,-9,14,-35,251,143,117,3,-78,62,49,195,38,142,-13,246,368,115,-21,-38,-63,-69,-4,84,-91,291
83,149,73,88,197,28,178,-1,-32,190,144,227,-98,29,16,0,18,60,45,104,80,203,1,44,95,96,162,-2,-201,235,-2,65,136,-102,-30,130,62,-94,178,10,48,-59,41,-64,-82,-7,100,237,10,9,87,-2,11,-98,185,-29,24,11,-108,-22,51,10,63,58,167,22,182,-49,212,-157,150,-54,72,36,128,31,-41,257,244,187,-183,-22,19,23,-18,220,208,34,-26,135,248,10,182,-218,-35,-44,70,106,41,83,-18,-54,-127,73,-31,-62,128,20,56,-211,-67,-207,89,-136,-151,176,104,127,109,71,86,-71,151,112,154,184,52,129,-31,130,142,85,79,-64,44,64,92,-13,22,9,196,-95,-2,40,153,-176,-17,-45,101,17,47,-40,84,71,63,68,93,26,136,59
48,35,150,-105,-3,-173,26,-60,-48,92,-12,13,-49,69,108,-162,-77,-22,-14,-64,50,16,-14,-41,-23,64,25,127,101,181,113,-11,-90,164,-24,-47,165,64,-178,-90,157,177,-39,-147,-78,-114,-192,21,-242,181,-70,131,105,31,174,-104,-114,-30,-78,155,-60,-105,-91,-92,90,144,43,6,-150,1,29,168,-7,112,-114,-94,-80,34,183,-18,61,-15,-31,180,34,226,205,-66,40,62,-143,-164,53,-82,6,170,160,-6,-28,-149,64,-50,-42,44,-2,55,-48,85,-69,93,-63,15,82,-30,-114,19,35,-46,115,-90,-35,-14,78,136,84,31,6,186,130,32,-96,14,-132,-197,29,61,5,-125,99,76,-148,80,-1,152,42,-58,132,87,200,-20,-19,-17,-114,69,-133,95,-31,-94,-29,47
-132,-94,82,40,-130,-2,-1,163,12,111,135,2,-106,-17,-54,-5,65,-58,14,82,-95,21,222,-7,230,-97,70,-100,-94,35,150,241,26,-83,-11,-27,145,121,221,-192,55,-108,5,-10,-159,45,30,-248,94,105,-319,69,47,157,60,51,20,6,260,58,35,17,-14,-101,-48,48,-71,35,74,-125,15,-135,158,23,22,-35,135,-11,-90,-98,-29,49,147,-37,72,39,-71,-30,-152,-87,16,125,82,19,-79,-79,-248,-39,62,-66,167,42,136,-118,-36,-7,-18,-69,108,87,104,-35,-54,102,-26,89,94,14,4,12,194,-114,-3,166,-16,23,2,-22,164,89,109,-57,-100,59,22,-97,-120,-39,-44,-68,-102,28,207,38,44,101,-79,6,72,121,3,-194,-47,-143,195,118,44,-41,-90,18
220,119,61,29,69,178,113,89,90,-14,90,190,-10,130,203,-14,151,-74,-87,-101,77,128,73,-9,53,28,-1,217,-81,238,-46,10,1,24,21,67,63,-80,-38,-168,26,72,88,136,20,35,138,77,-11,139,148,202,-33,146,-21,37,72,3,29,-54,120,138,126,125,19,238,-235,-66,10,52,-51,69,-79,120,134,6,118,-41,199,-68,148,-80,137,81,-238,-122,-13,44,125,-119,-121,-216,108,52,77,-50,131,31,-203,96,4,-89,228,151,130,143,19,118,-93,75,124,-169,189,-11,10,-144,437,107,87,28,58,52,92,-150,80,200,47,25,30,39,-163,129,40,20,-11,83,195,-142,68,146,104,170,-54,-117,164,144,-38,-72,117,-51,67,-28,97,0,169,-95,-295,-140,41,-19
-44,-69,-44,259,-4,240,80,-68,167,27,106,70,58,20,117,-79,-125,188,61,-161,-1,72,129,69,70,40,143,-58,20,16,106,-172,21,-90,89,-130,181,-45,-1,-13,-120,58,-121,154,10,-48,143,141,-26,-4,294,67,144,118,91,-30,40,17,34,-37,54,-15,35,172,82,-76,3,198,52,-42,-38,-173,-75,75,211,122,19,104,69,108,92,139,-42,-77,-55,19,-190,50,43,16,-5,24,44,46,-1,-44,-10,51,27,104,-41,58,44,-35,67,-172,85,68,29,20,93,-50,160,-161,27,171,5,16,-67,57,-44,222,149,216,-96,-182,306,-109,-4,-177,-28,-127,49,73,116,86,28,75,-111,181,0,-117,4,223,96,116,-39,238,99,171,59,199,-34,-47,-31,-169,51,-81,-94,225
-38,-145,59,39,14,311,-63,-63,57,146,112,67,-56,39,232,282,73,-61,62,9,126,187,86,192,32,194,75,-169,54,104,215,277,37,216,-86,-195,-57,37,29,127,1,44,12,176,-129,-83,34,49,151,-72,-27,102,138,117,94,195,303,124,-140,68,241,127,-78,113,-47,-37,-108,112,-18,134,148,219,-65,105,108,286,54,119,10,-28,95,-27,76,88,81,78,14,100,198,-70,291,89,-5,-3,154,135,45,-110,176,129,-9,8,75,182,26,-17,123,212,16,-40,137,63,207,224,-179,171,167,146,135,-69,-68,80,38,40,108,91,76,123,-68,40,-175,-4,-130,105,68,155,-21,22,-11,158,50,62,70,200,21,51,-10,18,210,41,315,122,235,-35,69,23,-7,172,-117,154
173,139,26,22,73,29,11,1,61,97,-12,143,57,-158,30,58,85,114,13,-3,184,97,358,102,201,84,13,259,58,78,191,41,132,-19,-92,-20,78,110,200,-137,-168,65,-69,-100,-25,-78,148,41,121,17,319,74,-17,49,18,86,44,-2,181,176,-65,2,28,-47,92,199,100,252,176,-125,-105,130,-66,177,80,84,213,-119,125,39,261,120,43,105,-19,-20,162,-85,68,-38,-76,-138,273,95,52,71,10,48,210,63,-113,83,133,-15,250,283,230,44,98,95,-89,0,53,65,29,-110,104,19,96,87,131,108,150,116,42,-127,111,103,52,224,26,-186,57,200,241,93,-78,91,188,103,37,-81,-13,51,96,-126,158,22,176,-24,228,191,75,-78,-6,-111,-28,46,89,65
-141,-17,-95,143,277,89,87,-95,55,173,-193,-77,-52,77,149,94,-38,156,62,59,315,-67,23,12,-13,-186,-10,36,-99,37,41,-8,-34,-55,34,-78,59,-144,32,-101,135,16,-67,148,-46,-106,130,179,287,1,24,91,-140,-59,131,26,77,-248,94,56,25,-38,28,91,-52,-57,145,35,75,-22,46,-68,-28,59,230,111,211,-79,52,103,64,-62,-95,156,-44,-19,72,37,-113,31,188,123,-112,-5,112,40,-27,87,2,-28,36,94,31,147,-43,152,63,-108,44,-112,106,-29,39,-210,-193,81,-174,79,75,-88,180,-49,-28,103,2,86,66,119,121,-25,-117,-93,22,290,-44,-128,40,19,-161,-11,68,-4,-12,142,20,17,27,123,-155,8,-118,-61,312,195,204,10,34,18,43,-213
-124,275,80,4,151,75,18,112,198,140,42,32,-3,33,139,-31,236,278,-6,143,-136,89,31,384,73,228,18,33,-7,-64,-109,69,-19,8,-33,19,-15,-49,-48,6,137,-16,28,123,15,58,44,98,150,-127,14,-136,-10,45,47,-2,-43,-67,198,-93,5,217,147,-128,34,-200,44,175,-15,-69,110,45,10,190,159,-67,-89,-55,157,25,45,60,-38,93,228,-41,-7,218,176,-150,64,-148,-202,222,133,-61,156,68,21,26,-96,7,41,29,271,36,160,1,19,-60,47,-119,29,-86,-230,28,159,101,226,93,32,29,-113,-131,-56,-47,100,74,84,152,-1,75,58,88,-87,185,107,58,1,6,173,11,-74,-97,15,-43,-155,-76,-124,48,-47,13,-48,-50,201,187,165,68,-88,109
-174,77,-36,180,138,125,26,-16,100,55,-34,-148,-89,134,-30,-38,67,-12,177,69,-104,53,56,149,-1,-105,88,66,87,40,104,271,68,213,-54,43,112,-6,-11,-10,-83,119,-161,172,17,19,-233,-73,-63,-93,-200,96,-2,-119,-42,189,51,75,-19,109,-63,-97,-12,14,-47,94,-71,37,-247,-32,-6,0,90,-124,-6,-45,53,-44,-182,70,136,11,54,4,-58,68,7,27,137,18,233,75,185,72,-47,112,34,29,68,-6,-76,90,-7,100,89,-17,-103,-95,113,224,-19,146,25,-91,102,12,-18,-42,-119,116,27,100,120,125,-48,-107,-14,178,-18,2,104,42,58,134,60,-137,99,34,122,80,-11,-14,24,72,13,-140,81,-16,-71,6,101,23,35,-89,48,-3,-31,-103,89,78
-154,252,-63,-30,134,210,-19,-11,-98,138,-26,-66,18,-24,1,24,201,122,334,-33,41,40,95,119,46,-67,114,111,46,-43,195,80,-69,5,-58,-119,38,17,99,45,3,-17,44,78,-18,30,136,222,129,10,-111,-223,143,79,-17,35,54,-158,152,116,78,128,128,9,46,48,15,118,52,-118,114,221,59,-72,8,7,87,-43,64,104,29,-170,74,93,183,57,369,125,-20,-102,76,210,-23,143,80,169,58,207,51,185,-101,-78,158,40,82,13,33,-44,-11,-107,90,-53,31,135,2,169,-97,117,162,-132,115,41,-6,-73,-116,99,29,79,22,235,78,-166,32,-4,-96,-173,-65,175,-22,-135,59,91,-40,316,53,163,24,-26,30,18,-7,29,372,14,-11,-106,25,119,-81,50
-31,38,8,23,8,42,4,-117,-37,141,-29,-29,59,96,-56,-15,-32,135,51,-56,13,-169,9,53,-122,18,-91,117,-96,85,168,65,83,33,247,-92,-19,20,-5,143,107,204,-12,22,-51,53,6,59,-2,-34,197,48,139,-167,155,44,35,-204,21,-52,-49,-157,27,-115,-5,-158,-27,-131,8,51,-3,188,-49,21,166,187,-48,176,123,40,-33,7,-28,-16,-140,69,29,42,77,55,106,72,71,-2,133,298,-63,87,70,13,27,-80,-191,63,43,-148,127,-285,73,47,-82,20,122,-87,-61,268,-205,59,51,93,177,-50,38,109,-49,171,111,206,165,-28,47,-48,107,220,-46,33,-91,89,100,167,105,-68,-8,44,-95,-132,21,20,-154,134,104,69,102,-164,-119,137,93,38,-124,-91
-72,75,68,10,-46,-58,161,21,122,248,-1,4,68,71,126,27,25,22,-33,32,-27,77,96,244,66,-51,2,114,91,130,85,39,30,-62,84,55,69,40,-8,-73,295,43,-30,170,-107,-77,32,-54,17,116,-95,1,121,104,229,-14,-3,16,141,94,61,223,-34,21,-35,-137,89,-59,-75,1,-50,83,17,20,-16,-2,119,64,97,-67,-59,-209,-73,20,62,-64,128,165,-37,84,74,14,-97,13,66,115,-38,40,-4,33,40,-59,25,34,35,77,65,140,-27,-20,80,-64,65,50,-111,-69,164,70,177,-116,41,-23,-4,170,102,92,130,94,126,142,73,-74,76,-61,106,40,-6,-63,55,-36,-107,157,147,-16,180,180,47,-66,2,-145,105,-157,130,-4,86,-14,9,91,182,9
51,174,-84,229,24,225,-58,12,117,168,-68,-98,21,-42,-122,-9,270,147,57,-134,212,255,-3,-14,126,26,82,28,101,84,-99,19,-195,53,-10,-12,70,-64,116,102,-240,26,57,145,101,237,22,163,253,-50,205,154,10,88,-102,76,12,-30,-17,-225,99,34,96,138,-6,-9,-3,-3,101,-82,1,120,90,18,252,119,-64,107,204,9,-81,74,-59,118,275,-1,-58,77,150,-47,123,36,-44,119,8,-10,71,61,-18,204,43,23,169,49,241,15,127,41,48,-146,115,7,151,-106,105,116,-126,41,142,6,180,111,-101,-277,211,37,-4,11,160,238,22,-11,-111,-24,40,15,164,18,43,163,310,31,-182,3,-131,71,16,-24,66,31,-54,193,218,26,-86,116,-21,99,133,122
-51,197,84,155,128,65,319,53,124,252,112,-46,70,6,257,155,200,147,210,-41,81,30,162,209,191,-70,15,186,162,54,201,11,42,-71,-55,148,184,60,74,176,26,209,168,126,-129,174,132,110,273,116,-71,280,-65,99,-73,44,308,-60,87,264,17,148,-176,-46,28,74,151,96,80,193,-100,161,127,-16,163,126,-51,113,139,-7,283,-69,18,136,31,175,-53,-71,-18,-38,-156,-88,164,7,-35,151,7,-117,76,86,136,87,154,-19,119,-37,91,-45,-21,-13,130,192,130,132,-87,88,127,104,283,-38,61,103,-24,118,15,-51,92,187,19,5,-52,-5,-79,205,-6,226,64,136,216,156,-193,24,183,-16,182,171,44,203,184,-4,211,-32,22,-99,153,-20,44,119,-17,100
108,74,-75,163,0,224,-131,76,-8,18,-32,132,146,-15,102,130,2,148,-94,28,30,81,176,7,133,65,27,79,-32,128,167,-122,111,23,-46,140,45,11,40,156,-31,-54,195,265,-86,161,106,305,173,-74,78,8,21,-4,167,113,351,54,52,-64,33,79,-148,170,179,-27,264,228,130,-65,196,-52,220,36,225,220,59,58,-21,260,-108,3,-40,-218,55,148,-80,58,225,-85,142,89,86,-82,199,158,-24,8,92,184,124,33,111,53,58,52,124,83,-85,-51,171,-62,-37,-204,-57,73,-13,-59,-54,38,-39,73,14,92,-23,11,90,35,62,174,122,-78,-63,229,121,105,86,137,70,-57,87,107,-93,62,-20,58,46,154,22,-2,162,105,174,214,-112,-166,132,299,66,-95
42,-23,76,52,178,-55,125,10,109,124,144,99,58,-51,97,237,-70,207,-80,-53,2,-167,101,140,210,141,162,-63,-99,-4,-161,83,127,8,100,134,1,55,21,142,-29,41,-67,-93,-167,63,50,-15,-25,-30,61,98,-202,134,139,-12,147,-74,126,-59,24,-63,74,22,67,-51,76,126,-45,-65,135,-43,-20,66,-17,102,-111,-8,113,38,47,-49,8,-133,127,87,-51,18,168,196,-44,-83,90,97,174,-60,255,103,25,-28,-16,115,20,76,-65,47,30,63,135,-103,65,134,49,-31,-110,104,171,81,97,45,-128,142,101,221,-28,-21,269,40,-93,101,-15,92,-120,220,143,225,76,95,54,196,31,-52,74,85,56,-1,101,59,-21,13,38,15,55,1,158,103,-91,-61,-110,241
130,-10,70,156,25,-74,-9,47,126,105,-91,311,32,-26,300,157,-1,-111,39,-29,51,296,52,15,195,28,-55,-107,-57,196,-78,20,-67,-121,13,90,192,-22,163,2,123,59,176,128,59,56,141,156,58,-12,89,207,39,146,-141,240,-58,-88,7,-30,-64,257,156,113,37,63,5,12,83,176,-180,8,69,110,202,-57,93,66,201,92,115,-143,-69,22,180,191,17,24,37,172,-2,-11,85,-54,-53,10,142,-42,98,234,11,22,206,48,37,101,-71,89,66,72,205,-40,-79,-25,-46,191,5,224,172,40,-9,155,121,77,90,-32,212,-203,54,65,118,46,-147,213,216,211,-19,93,154,-11,242,74,128,-8,41,-44,43,219,68,133,74,147,-19,39,152,18,-35,-31,0,-11
54,18,-4,201,-30,58,-88,-102,111,193,35,-73,-22,-44,-138,42,142,143,-43,63,63,-6,118,60,-17,-91,8,17,2,110,75,137,-30,-144,-6,140,195,-2,48,118,171,-22,-14,10,-12,-96,88,75,2,1,216,-48,-205,-35,256,200,105,20,36,70,181,-129,147,88,9,-99,-148,140,-128,-54,-70,212,19,-54,118,-91,15,-65,-26,-28,91,52,152,100,70,112,112,-32,208,104,36,90,-45,44,160,64,-80,135,177,174,-106,40,110,228,-170,-23,97,125,93,-102,203,189,232,103,30,92,26,-8,-50,70,107,-35,77,170,163,330,3,104,102,109,16,-60,-33,100,-100,30,96,-50,62,-66,86,-86,52,202,79,110,116,117,131,-12,127,161,121,-13,142,26,-10,124,203,144
-124,51,284,216,13,38,183,52,-28,-8,-95,-13,76,184,-86,18,67,40,205,201,60,44,72,220,172,-89,232,182,-19,92,145,-84,-2,84,52,-16,196,-41,0,47,175,-26,98,71,-189,92,-34,-58,-103,53,71,-115,152,143,-36,82,51,-27,90,188,-39,-171,-3,-58,-153,-107,-31,71,108,283,141,59,-6,156,70,73,-171,224,30,72,155,142,200,36,155,180,44,-95,-125,-42,27,12,107,-38,-78,167,-149,-35,10,87,82,90,131,159,130,92,116,-25,37,75,69,321,28,152,5,-123,19,-138,-70,140,99,49,-56,32,235,84,-26,105,119,41,41,-40,24,52,-85,-84,-33,-25,88,-14,-137,143,58,74,150,42,10,153,20,-3,-12,-107,71,-23,-48,141,-14,-97,62,66
33,120,1,57,-13,190,30,101,16,175,1,82,125,35,191,37,-15,73,-116,-116,-2,10,90,184,-2,56,17,-61,37,-84,94,51,-54,19,145,-102,63,324,78,145,161,339,-31,-43,84,246,95,213,16,-94,-28,164,-16,76,-102,47,-2,66,165,220,138,226,141,115,122,105,-3,33,113,-57,-76,1,16,23,106,214,95,19,-18,-67,147,23,105,22,105,-90,262,134,-49,96,115,-20,33,110,32,-98,-43,8,309,45,54,86,-24,66,6,72,-69,-15,-96,-29,314,76,-162,62,-170,179,164,64,81,268,175,302,-62,102,31,68,-40,-20,88,289,-101,99,53,41,232,38,74,293,157,-138,23,147,232,40,153,72,108,-21,-154,-47,168,231,137,-83,2,-107,104,189,-80,122
-54,-27,-19,-103,-169,28,-21,72,6,-125,71,-41,-14,-24,-275,-60,-29,2,-119,-1,-112,-155,-49,-7,21,-143,-78,43,-83,-33,-44,-5,-20,-29,-60,-81,-5,-40,-99,168,5,2,12,-77,166,30,-186,114,-249,143,-27,3,63,16,190,-130,-51,-107,39,83,189,-83,54,-5,104,18,51,-77,-33,-12,-31,69,-91,-71,-125,17,-23,-192,-16,66,-12,-105,-51,-63,-109,-97,36,-22,8,-50,14,292,-64,-100,43,2,-52,113,-27,16,62,-99,-95,14,-219,72,-46,235,87,-40,144,13,24,-36,150,17,57,-105,38,82,-19,-174,103,217,14,99,-67,-66,203,-5,-11,62,-3,-296,-192,-139,114,-56,-16,-86,-53,-75,55,12,17,41,140,31,18,-184,-23,102,168,79,-208,-3,-2,12,29,-13
-21,7,-41,206,64,176,187,126,-13,153,30,44,-40,46,206,132,158,131,-62,3,254,386,67,40,63,-27,-17,-14,-1,30,111,20,115,-59,-12,45,57,49,93,40,72,116,45,72,171,190,9,223,114,-58,144,-81,91,-10,-104,259,151,-127,-20,12,27,50,94,243,147,136,63,-25,15,30,214,203,-28,35,242,0,-63,44,77,124,19,7,82,34,264,53,185,41,240,165,185,-96,-7,91,61,141,234,22,16,325,-258,-23,16,41,102,69,38,132,7,6,174,-137,44,53,96,6,134,249,109,111,135,10,-52,-49,158,242,122,10,239,173,266,33,80,29,69,-70,-25,-1,212,32,218,28,-17,63,244,-28,-23,27,77,158,152,199,209,-108,-68,-61,-51,53,115,31
182,-60,119,88,156,136,144,162,222,148,112,91,-21,70,345,145,56,252,-7,35,162,94,128,188,332,247,-6,110,9,-21,2,246,-74,130,127,36,208,272,-213,52,22,362,32,23,281,122,180,198,251,30,33,-204,-69,171,142,-35,85,79,6,36,278,85,41,64,31,31,73,153,65,-23,-66,20,30,-17,23,4,130,59,169,-53,26,-51,31,238,142,-97,83,-176,134,167,-16,39,-94,-51,69,-56,86,-63,127,-117,25,-18,-110,188,102,125,8,142,97,104,164,-47,213,20,-113,10,145,47,264,34,-15,117,228,57,-18,-66,-76,134,251,234,-83,32,-138,109,30,277,81,135,161,77,53,-5,202,18,86,156,91,-80,112,-109,159,-121,283,-221,131,207,22,-44,79,241
-22,4,76,-37,-48,22,131,-42,3,272,89,112,38,-125,-64,-210,136,278,66,76,-3,145,6,-133,-28,207,145,-23,23,-47,-10,-29,99,185,91,105,-84,65,-40,144,-2,92,-235,171,-22,31,-64,227,235,-173,55,146,-17,-150,262,16,-165,-24,-64,15,89,95,12,-146,22,-73,328,56,-80,-60,25,-64,-65,241,-35,48,168,170,-92,95,38,-37,-134,60,69,100,66,90,-16,-41,150,107,-10,95,238,105,-7,-93,97,-81,171,50,-67,-60,168,-41,130,-183,104,6,-49,129,247,-125,65,87,-51,-155,97,-91,155,5,66,-6,-27,-53,-22,246,-36,223,-2,215,57,260,96,-69,164,50,215,-79,-170,104,-60,-72,-127,8,-228,-27,-107,-16,-91,-40,-108,-43,79,29,83,168,-40,-17
110,-10,-24,-171,53,129,76,-71,251,18,0,31,144,49,75,165,-19,-92,163,151,149,193,111,-70,-74,32,97,132,-178,163,-88,-6,-95,34,114,-95,76,-72,-51,259,103,135,74,211,-30,91,243,54,113,56,252,-215,214,133,4,27,-99,172,120,-62,123,185,158,74,-91,-81,136,13,128,12,185,13,-37,61,14,88,44,74,99,148,-47,121,114,-30,-15,33,181,91,206,-66,13,97,28,155,-32,188,-48,60,257,93,168,83,-38,51,102,65,-108,210,-135,69,-33,164,-167,-28,147,94,108,111,-56,319,-43,67,116,23,191,77,-21,103,105,4,-141,36,108,108,77,32,-228,54,192,113,-121,24,84,54,3,246,-16,-34,103,153,225,56,420,68,53,109,138,-131,3,-80
32,5,41,174,-51,100,-142,-158,113,144,172,54,-125,-51,92,-22,-125,124,-31,62,70,101,189,-130,60,26,239,205,3,93,170,92,100,-52,-63,102,200,83,29,-8,10,-39,-82,126,18,130,125,30,-14,13,156,-40,-68,22,26,24,158,103,-146,-19,59,50,-85,47,220,67,-40,-46,-43,-80,134,58,35,-99,-103,-69,134,85,45,192,-108,151,17,-146,42,70,96,-18,237,-168,53,55,41,-40,139,181,235,-68,47,43,265,139,97,-120,134,-26,-153,-30,-63,347,202,201,9,-13,38,24,20,-264,50,186,239,150,196,105,79,124,12,86,6,116,-52,-197,74,-37,-23,-27,70,-9,251,10,31,113,-22,-41,101,25,163,260,-13,145,391,14,-118,-98,7,-39,32,57,164,-56
-28,199,170,1,111,199,135,-5,-191,208,-25,-50,-146,-55,35,95,-52,96,284,-22,68,171,207,15,31,16,287,126,-74,-39,188,157,15,95,-68,-143,-62,-15,54,-69,-64,36,57,119,200,127,-186,97,213,-6,52,-32,36,104,29,38,131,-91,142,162,59,17,-33,53,23,192,113,66,23,-143,247,58,75,100,202,173,86,18,83,250,90,196,-15,149,137,194,15,86,66,8,123,68,132,80,291,172,92,-31,81,118,54,258,157,-41,240,113,123,18,24,-132,17,124,124,33,3,-15,76,-87,113,65,55,325,-96,-176,-79,63,-48,196,-6,120,-47,110,115,-138,-65,-10,9,-20,212,90,21,69,-15,125,31,29,-35,12,268,150,20,-66,208,57,121,263,191,233,9,-94
204,-43,-48,92,137,92,31,-91,27,214,3,-27,98,-30,1,19,14,-76,22,52,137,10,32,-113,-119,1,154,-61,154,-2,28,183,-21,132,168,94,-45,93,14,-92,386,18,37,-142,69,-102,69,-109,-84,51,-178,-73,-86,172,159,26,-97,13,-111,-10,118,52,187,119,-139,70,96,52,12,170,-49,-43,144,87,59,-168,20,25,158,58,268,13,-58,170,-58,44,121,122,-44,168,140,170,8,20,-23,-25,-27,-41,169,11,63,-125,-198,36,215,29,-32,-50,-67,169,-88,138,190,5,101,110,60,-13,67,226,-16,43,-50,-158,80,-24,35,95,28,153,-346,144,12,58,85,194,138,-80,-132,-133,-95,185,85,164,-176,17,26,-29,40,56,156,53,112,-67,5,-20,53,-111,-86,54
66,-17,-42,136,5,39,-57,79,86,156,238,19,-6,119,110,206,113,-33,-152,239,132,169,94,47,22,79,136,198,-82,113,102,94,-51,-62,69,266,33,4,65,63,-77,3,-83,104,-183,139,46,-13,123,64,47,18,87,24,-62,36,121,-128,8,86,114,-88,-1,161,36,-92,135,-13,65,2,-77,-56,40,-18,26,13,58,-130,-17,62,185,67,-69,161,61,124,157,-195,98,48,1,-80,-55,-41,159,89,6,-87,-32,86,-8,147,129,-21,-5,-7,151,79,-41,-32,66,128,40,146,-56,-71,145,104,66,-84,193,217,25,132,47,38,121,147,-43,173,-137,-190,-84,114,-34,186,122,108,213,69,-88,-31,47,168,233,10,170,229,115,-41,206,43,73,47,-19,-79,89,39,172,139
-30,-32,117,55,-15,61,-33,-106,47,-7,-15,1,-48,103,15,81,13,-156,70,63,108,-75,-6,172,139,59,177,180,-21,95,276,30,100,107,-126,77,82,-120,124,232,61,135,-27,-113,-35,-36,22,-194,136,76,32,106,-59,-41,-152,186,83,-164,-21,-34,-40,50,-57,56,148,135,-104,-9,-43,-20,-27,111,146,-146,-27,-46,-141,10,48,3,-59,-63,150,44,18,205,30,-130,131,-210,-97,30,-28,131,-230,171,-68,82,43,163,129,-151,94,-74,-48,66,107,-4,-69,66,269,-1,-149,27,28,-67,-12,221,11,86,35,15,136,35,7,54,-18,137,52,102,31,140,-106,111,-3,84,33,42,14,-129,54,-11,1,36,81,-64,-23,133,60,155,267,7,66,-82,107,39,-25,255,77,67
228,23,42,-93,-79,-72,143,20,-36,-90,180,35,-28,-17,16,-38,153,91,62,-50,165,136,118,-52,-9,33,61,119,-20,-75,0,53,20,12,-17,79,-8,-7,175,-83,-46,83,137,-3,-136,12,143,157,71,-13,80,-225,-135,179,-4,18,56,282,-47,153,73,-68,-134,91,188,136,17,-33,64,-11,58,-43,-23,19,-27,-42,-31,196,144,-50,54,-160,139,-8,50,25,66,-176,16,-69,-98,-3,64,38,6,24,-23,-23,126,202,72,-194,-28,-184,72,1,-138,182,-242,15,38,-107,-3,44,18,113,76,-8,225,10,-25,69,91,-44,180,272,7,13,128,-23,-50,44,203,-107,-4,150,-18,109,287,62,63,179,-124,-61,99,64,-190,-37,255,77,91,-75,-233,53,126,124,135,141,219,-65
-1,264,113,-11,-45,-275,255,150,5,179,198,-33,-12,4,79,86,-42,257,-199,32,7,-187,-19,177,30,-4,-77,102,-5,103,-88,39,-41,-150,155,44,73,139,43,99,109,53,64,-36,-144,49,-120,10,70,19,-100,13,46,246,259,-63,101,-96,-49,-99,-2,-109,13,55,-117,105,195,-114,74,-18,140,134,267,-125,86,73,38,86,47,-37,-16,-115,183,158,101,124,34,21,131,-99,-26,-41,87,19,-51,40,-4,180,84,-96,15,82,32,-39,52,-8,266,-51,-2,-83,66,-23,56,115,-69,-34,-109,-252,212,12,-47,23,-31,233,-32,165,12,202,295,141,69,52,-17,64,-123,177,31,35,-63,32,33,113,90,96,36,80,-51,16,130,117,-109,-141,20,88,126,230,183,32,-56,18
164,-53,-33,59,-2,128,-54,-78,16,49,-71,145,75,37,-64,45,160,41,94,-35,-62,49,8,-104,9,52,-80,97,144,-23,-4,152,205,-134,-70,245,41,60,181,166,-148,108,121,25,33,-112,31,-203,162,141,136,103,-70,-92,16,108,-54,58,-166,-2,60,107,-8,-108,-87,-5,59,15,31,-129,7,39,73,-32,141,-7,179,-75,97,-236,-32,163,-28,229,44,137,-6,29,24,120,155,8,-144,-116,135,56,-78,-69,95,213,188,-79,-30,38,116,75,36,141,34,80,-38,-63,-28,219,-36,-58,-70,86,-8,68,-62,67,77,-150,67,-88,10,74,-37,57,68,59,22,264,105,146,-37,-86,-111,-67,21,-185,-48,6,-116,-137,-38,-17,-2,11,72,-20,-65,-87,-30,-129,81,160,12,-42
312,55,179,-62,23,191,166,67,-72,116,107,3,123,147,117,-61,24,180,-84,-25,220,338,298,52,147,-64,247,121,-9,171,98,11,128,138,-13,35,138,-116,72,-146,50,128,145,104,-190,55,241,2,-142,172,189,62,220,94,172,-31,139,169,-16,292,48,-19,-102,144,104,257,90,187,54,52,112,43,-134,226,77,108,114,-59,17,103,1,-88,-154,11,-20,-122,219,32,74,-88,-102,-129,65,-17,6,83,168,-39,86,-51,110,258,319,-115,90,60,-3,115,-53,70,25,234,205,84,60,-18,63,119,121,45,115,-135,32,350,187,68,25,131,132,67,66,-5,160,9,169,12,135,-56,124,9,-6,171,29,122,136,102,203,122,202,-122,255,-32,-105,33,-28,-127,126,100,-12,-53
220,-89,102,130,270,71,122,108,47,171,-73,190,174,53,114,24,-146,106,112,-55,179,177,-111,87,187,154,38,-105,193,57,104,-97,-97,21,183,10,6,-107,132,135,-42,200,-5,-15,76,281,152,-93,-99,-7,111,40,78,18,35,-81,100,193,101,26,103,88,72,-47,-64,-27,-55,172,215,293,-44,271,-73,207,-116,99,133,120,91,-207,-4,98,99,-202,76,-52,102,-9,53,23,-80,-29,12,100,-4,26,147,66,244,16,-146,-137,-5,109,-12,151,-2,172,139,38,67,32,10,118,-42,-51,-33,7,141,43,-30,68,181,56,115,102,-27,-72,229,84,-86,59,-123,226,57,143,-63,61,92,-137,-56,-14,-84,-8,92,159,-171,72,55,146,97,247,175,-85,98,-86,-126,51,64,269
76,-137,-44,167,159,12,68,-64,149,79,20,-140,-55,1,110,31,142,-92,0,22,296,99,-44,-11,-5,179,12,239,-145,-33,131,99,85,14,68,0,44,67,70,56,222,-3,-62,180,-78,-197,-35,-7,150,16,11,36,-86,22,66,74,-121,83,-29,248,131,107,65,177,20,-66,90,94,110,25,-90,-108,84,125,61,84,97,42,-59,-102,203,-89,18,151,177,78,103,-157,256,-79,-29,46,-159,93,108,143,-5,-30,-36,154,59,-86,53,-45,246,134,36,212,55,107,49,41,73,-29,4,75,-93,145,67,175,114,150,52,43,134,89,135,209,95,173,-29,201,9,172,-28,103,-135,-58,112,-79,-56,11,82,89,50,-139,102,175,114,21,44,226,-31,-88,117,17,-21,-143,28,112
-72,131,-32,125,-1,93,93,140,34,-1,-138,132,70,22,187,-83,-8,90,-8,20,90,-63,47,91,108,-78,-38,-39,-23,-159,81,-2,-23,-11,76,36,-31,9,229,140,-9,-17,52,22,-1,86,74,31,-24,115,73,49,-150,-99,-87,42,69,-5,268,13,-5,196,-7,-54,-18,-135,51,225,-56,123,41,85,-79,-26,-133,100,-15,-177,-126,-118,83,-88,175,-53,118,-2,-38,-46,-81,20,-145,-71,-32,-26,40,122,-69,99,165,-21,-4,1,-24,-23,36,111,105,-17,-179,-211,62,15,-119,33,136,-101,-7,116,-91,-34,11,-108,-168,73,-21,59,-117,-99,97,69,153,-155,-85,122,-120,12,-93,-56,-40,-86,-100,-44,81,-139,36,-26,-139,-98,-261,-195,-96,-29,78,-93,-11,-101,62,89,90,-41
55,-37,146,151,-32,136,161,68,157,84,129,59,44,-46,162,-23,188,90,-32,305,-30,298,39,152,128,15,141,-84,5,-37,-65,98,-113,-88,15,-48,113,1,-41,-11,-83,-160,-91,-325,84,-45,87,193,-137,77,12,12,-17,187,-130,118,31,-72,-94,34,-6,180,50,269,-52,63,31,43,-96,120,-58,3,-28,-3,37,-107,288,233,-14,-219,19,133,41,-12,194,50,193,84,-214,60,87,-170,210,-78,79,-101,-25,-17,-24,233,-193,134,110,136,-95,6,-38,-76,-171,-23,90,51,153,24,84,-29,39,99,125,-54,-22,156,36,-12,-196,161,-77,-75,77,175,78,164,-36,30,46,-58,146,-109,-145,-232,19,58,73,-27,105,-25,-114,-245,39,23,-37,-79,-115,108,267,285,-25,7,23,78
-46,34,69,59,60,92,-53,28,199,144,41,3,62,-163,-32,-117,212,-3,-202,289,117,122,-102,-56,28,71,-10,56,201,163,151,34,-80,200,7,216,136,-102,94,-173,-4,-55,-173,-223,33,-32,121,70,-49,55,-111,70,-159,70,207,84,-26,-132,33,23,209,-56,128,-60,110,117,245,14,-165,45,-42,218,98,219,32,-117,332,-4,56,95,153,35,-148,79,2,98,245,166,287,55,2,-68,55,-110,212,107,13,-74,41,-7,-142,-110,-59,101,112,7,305,158,82,117,131,36,255,165,93,218,34,11,57,-174,-16,26,37,98,107,198,-12,246,146,148,-109,-47,-84,-28,105,150,80,-192,67,-116,38,-53,183,97,60,-252,129,32,67,-207,-142,120,149,95,-23,61,72,-6,24,-57
-15,151,98,167,-38,7,33,49,81,210,201,103,188,159,228,47,46,99,-217,100,154,186,19,62,128,229,68,57,-15,43,128,134,-50,10,-110,-51,216,5,17,-7,-99,73,-143,60,92,89,34,82,42,-44,-95,22,57,-50,166,69,182,87,-36,152,80,52,-35,2,126,-125,145,9,28,47,47,61,92,-46,28,126,229,-58,96,-123,-130,-23,86,41,81,-9,92,-105,217,128,134,-36,-9,120,82,72,186,35,-85,124,180,34,133,94,63,-126,119,248,59,215,97,-62,155,118,-74,94,118,266,85,37,226,44,43,145,103,186,81,-34,95,173,193,74,-21,-18,22,-19,122,-19,69,93,-69,144,-28,-5,192,65,235,172,39,99,106,102,54,-43,89,-14,-52,-16,197,5
-13,23,91,62,313,172,229,107,193,-42,29,-120,-101,-58,-71,63,-47,131,103,237,-115,38,150,166,84,-78,142,-17,-56,-61,69,85,160,160,140,59,145,-57,0,135,-31,63,-98,129,-91,83,53,80,-133,3,-31,126,-81,5,-12,-146,95,27,106,-91,136,125,-33,-41,-67,-155,216,-66,-4,182,59,30,67,12,95,78,-155,117,17,96,46,33,-139,-72,21,-42,204,236,-225,162,53,60,39,118,156,70,165,99,76,-74,33,170,-52,175,-46,122,-7,-60,189,-50,-164,227,-3,45,58,-55,99,122,-50,-67,50,-37,123,-21,123,52,122,154,17,156,-101,-5,6,95,-83,27,30,71,5,-72,-32,10,32,-30,82,-79,125,0,-143,33,-69,26,74,98,20,83,42,-94,175,15
157,-243,-3,118,88,-45,-15,-6,206,69,74,-60,160,-21,-29,-57,19,95,35,24,220,192,241,-55,236,-147,99,70,-21,46,-62,85,-7,24,8,214,101,1,-93,61,-58,219,-82,19,-23,-7,331,152,122,55,221,136,-106,-9,22,-44,-21,132,217,205,55,0,108,142,114,156,278,109,166,-187,17,-82,-45,173,277,125,144,111,86,47,262,96,1,-27,103,34,-50,-11,75,-53,0,-69,79,-86,239,149,-36,-45,252,65,181,336,33,16,81,40,148,101,-1,127,54,246,75,-156,74,32,55,-25,71,166,-80,116,0,142,131,56,187,216,255,102,-38,185,45,231,136,108,95,0,184,108,-227,-113,134,95,-22,10,223,123,-31,-26,127,115,-2,243,39,18,-41,-7,74,207
42,97,-56,125,-100,-135,-117,47,-73,154,-126,30,64,31,35,-28,90,97,37,-86,-11,76,-32,80,49,-88,-131,219,-114,180,-102,-62,22,-54,-9,25,69,85,215,-18,176,161,130,94,-26,42,6,-99,-18,92,112,51,6,27,-169,112,160,-261,308,46,9,126,215,79,70,30,-16,-156,27,-82,51,102,-1,-18,43,29,40,-9,256,91,95,-116,144,-48,154,124,-112,-39,118,-234,-117,-105,-13,4,-121,159,-26,-76,42,159,40,-49,-10,-29,-29,11,99,7,-37,-11,130,1,120,117,-73,-235,29,28,10,273,73,2,-124,-11,65,121,60,170,254,25,-44,39,16,104,57,75,-175,47,224,130,7,141,131,-34,287,-100,45,-124,-83,-45,89,23,126,-54,110,-38,35,95,165,166
-32,-9,-45,51,-31,114,206,40,204,189,104,201,11,70,113,-24,99,20,151,-5,142,222,54,-13,100,139,127,8,160,36,4,-79,-1,53,15,258,190,2,82,136,242,72,127,309,-15,112,228,76,84,-13,90,44,39,-105,58,-33,56,186,129,-1,41,187,-112,105,-134,-4,-10,129,193,-1,88,37,32,6,95,88,-226,0,-105,-25,146,152,184,61,258,-74,-54,224,-70,-102,127,-51,-56,-76,86,-98,189,-38,146,-79,98,86,19,-1,66,61,151,254,250,38,-42,66,84,-106,33,74,124,109,8,73,107,167,-89,-198,134,10,197,-88,56,-19,82,5,97,78,57,209,40,15,106,-163,62,-147,-109,178,-11,-11,-105,-77,-74,-97,77,6,81,-30,-67,-70,114,-38,62,289
-59,-75,177,64,-38,205,-37,-198,120,147,-1,-14,-16,2,-3,-106,142,145,-69,105,-55,148,181,126,-120,225,170,-53,-63,172,35,56,-59,-6,200,46,83,147,136,78,194,-20,-53,125,-138,-8,-21,25,99,-117,54,15,59,137,254,-67,-113,-291,-61,56,256,116,129,103,-122,3,121,146,-138,-38,112,-93,16,164,-68,170,234,96,-30,60,36,-118,-49,202,177,94,146,275,164,-235,221,72,-34,-39,46,-101,57,-151,-118,88,141,-72,80,22,232,79,218,-101,-134,17,68,133,85,42,-64,116,106,-58,100,16,148,-51,-70,88,-66,28,70,143,31,181,-135,-19,-13,142,-24,160,74,57,170,-34,-43,184,9,68,105,44,-210,1,129,-106,1,25,57,-103,54,98,178,47,31,139
33,142,105,-15,47,9,-5,279,-69,-15,-90,173,122,219,130,-42,49,74,-231,-81,-4,-93,-63,-74,70,47,-57,-2,283,115,154,8,-85,3,126,-24,-29,-104,207,-17,207,137,217,90,-118,125,4,142,37,1,-27,23,81,142,21,79,-30,-8,-242,71,-110,-51,-58,-76,-145,43,137,196,7,260,82,-11,130,79,41,149,175,-47,175,-64,91,-40,19,66,59,-143,-52,161,166,-99,-56,-98,74,74,-36,1,0,14,-99,-126,33,-172,148,31,130,-54,118,184,-150,95,6,-85,127,126,-92,78,-166,-90,218,-1,-69,-73,144,44,135,32,-96,106,94,-11,-31,-78,-72,50,-9,100,-28,-31,-74,13,-118,224,-83,82,-49,-111,45,170,62,146,67,-22,-282,-127,-132,27,-53,275,-146,-160
195,-9,100,65,-21,111,112,-50,-69,103,-68,8,148,33,-18,-38,165,177,-158,-145,200,171,99,140,233,78,53,160,52,249,96,-140,142,28,32,-48,-50,3,-29,84,98,82,-85,-15,-158,-3,-19,-23,139,-138,181,125,54,9,254,76,178,-75,-29,66,43,-56,157,103,154,27,34,143,93,-23,61,32,187,115,-110,-15,92,70,104,171,-15,-126,-144,147,278,-1,-202,-100,167,71,-24,-61,48,33,69,-32,157,146,21,20,-58,-207,-73,-58,288,104,107,-86,-18,106,-14,-17,173,59,120,-63,-42,36,222,75,-36,65,172,-6,55,-13,-129,123,104,80,27,3,36,-7,-34,256,38,181,107,30,87,94,26,-17,159,-10,-21,26,124,-93,143,190,58,32,40,112,32,49,158,41
131,116,101,52,-36,88,-2,-41,86,111,146,-133,-60,92,-40,-140,159,167,59,8,197,98,107,233,187,49,23,177,-108,-44,20,-5,40,-102,-13,153,-42,92,231,121,83,-103,118,24,-236,213,204,4,129,87,29,103,169,11,-3,109,-19,48,203,55,108,-65,127,92,-6,74,40,23,198,43,-5,61,172,56,34,238,-146,52,198,74,181,63,60,-178,103,-71,-157,-3,35,-209,-155,-149,-93,215,-8,162,44,-18,177,176,184,-25,73,0,235,111,112,9,52,-87,55,247,76,31,-113,24,114,-107,194,-43,-20,7,130,25,266,202,115,-12,95,196,-78,8,5,215,40,-59,10,40,-14,71,-167,-110,119,-78,-96,97,98,-23,-25,-121,116,8,81,-45,167,22,-104,14,-100,253
106,44,179,186,95,150,28,-88,152,263,57,217,219,121,126,-2,63,-262,-140,190,-19,196,-73,19,29,67,-108,105,176,94,33,14,49,185,32,33,168,39,112,58,114,-60,-54,206,-6,-91,86,108,67,82,-4,170,53,200,132,138,75,210,71,-70,17,112,24,166,-116,12,131,107,116,34,24,-66,397,168,222,11,100,-3,12,-37,176,-7,59,-40,44,-30,99,81,114,68,-65,-118,94,-15,64,112,-172,-152,-9,96,206,-55,-29,-147,101,38,190,82,-12,242,61,-1,80,-309,-76,38,114,-77,-45,82,25,97,40,162,154,194,-8,-84,272,126,3,19,179,221,95,112,98,-86,10,13,-52,-9,-115,-11,89,-29,164,80,60,-30,72,1,-57,57,232,-43,-40,86,76,-7
57,26,137,-69,89,-97,187,-3,-2,70,125,1,-113,260,81,173,41,-139,47,45,104,136,-42,72,152,187,-61,160,40,146,75,-197,-12,84,56,163,-8,95,51,-36,-89,93,133,-57,14,169,45,213,268,62,-32,137,188,198,17,83,20,281,59,-13,-127,-143,-133,-102,156,118,-10,26,259,50,42,128,141,-16,6,-114,-40,98,12,25,-109,176,-147,-123,277,163,-44,-119,-111,168,-93,-60,-68,92,-62,198,-12,-70,49,-118,77,8,114,-69,-232,159,-24,154,-17,69,54,45,103,164,-62,89,63,38,18,35,14,212,37,-110,201,198,25,125,47,-31,78,61,-158,22,61,6,188,42,64,-51,-64,3,-77,57,50,132,-8,37,211,87,114,-15,185,249,119,4,160,139,-92,129
2,41,23,138,131,169,328,1,-64,122,-20,102,17,44,52,-173,54,46,130,5,108,178,145,-63,77,140,131,27,-147,78,47,117,142,-71,159,291,212,-69,148,70,154,-35,89,245,5,246,-150,20,98,-87,-122,122,105,-91,218,108,167,-5,39,187,56,-124,1,176,-51,25,104,-1,24,38,-10,47,-108,81,55,105,56,52,-113,109,129,-15,54,6,154,144,164,-4,-23,105,111,-94,56,20,157,28,183,-193,-46,60,100,-157,-20,-16,94,53,100,-64,125,38,-12,-50,67,93,-163,69,121,32,183,-268,163,207,256,121,20,58,239,126,28,198,17,-172,75,298,145,75,-37,69,157,-27,53,51,30,82,58,15,-230,54,7,-26,0,-116,54,-98,47,-179,68,-46,60,207
292,-14,26,67,58,-76,162,-57,-42,194,89,36,172,60,48,99,2,27,-122,-32,58,228,76,-43,-8,-1,17,67,85,62,2,31,7,41,-21,14,6,-27,-4,101,-134,-10,102,40,-186,-42,119,-15,-80,82,-46,38,111,-57,-35,-81,58,12,-58,-95,-11,102,-151,68,-60,-100,-9,39,51,144,-15,-11,17,-33,55,-70,-76,-64,7,-76,61,-114,-86,-15,-40,96,2,55,11,112,80,-19,114,-133,190,54,176,44,82,121,38,-58,126,192,-56,-94,-65,13,186,70,-36,-17,80,142,255,145,-3,237,-31,-219,-85,-104,-63,78,98,-72,202,127,-16,11,-30,171,19,120,96,0,15,143,25,65,-170,5,-37,6,54,125,63,91,41,-75,-80,18,152,8,-86,-91,80,-71,57,78
-53,269,116,166,57,104,70,-1,183,97,138,150,191,-68,332,-9,56,230,69,76,70,204,111,-98,15,35,-3,157,-24,119,76,46,-9,-28,-217,177,264,89,-162,-28,-65,-54,-5,184,-3,63,85,346,112,-137,58,-113,-105,179,55,63,156,-137,-30,-5,-10,-23,-134,155,41,145,293,3,-135,-15,68,-49,187,233,142,88,95,194,112,229,90,160,-35,102,137,308,-23,-126,242,115,235,76,101,-62,148,180,129,-127,70,295,67,77,103,102,93,149,55,60,74,44,103,173,35,-139,88,-100,-127,-12,46,-29,153,304,102,112,75,-50,84,19,-157,87,83,65,5,137,-1,-85,30,83,131,35,16,83,-101,98,33,24,171,184,20,12,150,22,123,125,109,80,294,69,220,55
-105,54,97,97,-118,10,101,-26,88,47,155,-32,-58,-124,160,66,-60,-2,114,86,6,29,81,120,28,-3,-18,92,25,75,33,192,-13,-102,40,-23,-10,-25,-57,146,-76,-114,29,11,-57,-56,-143,-60,98,83,112,-3,58,163,-12,138,168,-23,-161,-98,-79,46,-29,116,-178,38,-87,-72,154,11,34,115,49,-101,-121,-27,50,91,-26,-38,134,103,64,18,136,-20,128,93,120,-70,-19,4,-21,270,12,9,152,51,-34,149,-106,-49,-5,45,-171,9,32,102,-95,50,-34,35,-197,-80,27,-111,30,56,28,139,-39,53,45,-27,43,92,-49,-56,-22,78,-3,-34,-122,-26,-149,-16,-39,-102,-71,28,-15,7,23,3,-27,4,-234,-95,57,39,46,15,-48,-105,27,116,-65,55,-110,200
-103,87,-42,143,53,7,184,50,-55,193,25,24,130,240,43,23,-9,74,300,56,-40,105,30,64,188,9,108,199,94,23,103,29,120,-17,151,-190,188,-54,208,62,-158,62,309,164,-13,143,33,-42,128,-11,-85,-53,241,138,72,-85,99,-70,-57,189,-57,-187,-6,42,107,-106,54,308,54,34,161,-82,70,136,71,198,24,-82,-102,113,-5,-3,-57,142,103,-86,56,-221,11,60,-13,-78,178,5,88,81,50,-45,43,-7,-48,7,40,-147,125,-35,85,-16,109,-105,-45,67,-114,103,-25,38,-125,14,264,-178,26,167,99,207,23,-214,41,48,-64,151,72,14,91,173,89,46,-172,106,96,19,-207,-89,-148,76,-5,44,-244,-6,115,24,-25,-43,-8,-197,20,12,-37,101,-168,63
37,215,16,-54,49,54,192,49,41,97,14,65,83,-76,57,22,-3,132,-152,74,59,-51,187,-97,-188,-119,21,31,34,111,-95,-31,199,-55,159,120,103,179,98,147,287,-210,-6,149,-74,-7,73,163,163,4,255,85,-2,96,128,50,-41,51,-127,-7,9,38,91,140,-47,-93,233,-37,121,-91,23,-99,-26,51,217,24,32,157,-10,106,136,-61,31,129,-19,43,51,30,80,62,132,101,-54,-131,170,-61,-44,-3,48,-111,198,-63,89,-131,110,-7,135,-25,-94,-108,14,45,-24,-145,52,75,-74,49,131,25,135,102,22,67,227,168,41,71,-8,183,139,66,255,190,135,55,76,149,48,-83,45,24,-59,239,133,21,-74,256,66,159,109,-126,-63,22,104,27,101,97,64,-126
63,111,11,-84,106,-213,137,83,225,62,-96,91,5,-99,50,83,-22,125,78,75,-45,-89,81,-75,5,12,52,1,16,202,-17,-8,116,-52,-99,203,80,197,41,124,217,90,-99,254,-227,-37,-75,150,159,-55,-116,22,55,121,49,151,122,-33,150,-12,-66,106,68,-62,-45,115,263,-117,77,88,73,11,139,58,191,172,-99,107,112,57,324,100,158,3,16,316,151,146,210,-83,191,-15,160,-113,105,-49,174,-129,160,110,116,117,106,43,29,104,191,27,274,38,81,48,62,-32,-120,-55,77,-89,-191,146,-67,35,32,137,45,-56,51,122,7,216,-30,37,15,-18,73,-31,-13,-11,-33,-159,-157,160,248,228,42,-128,64,-22,-16,151,285,-233,-102,38,34,134,-38,139,9,62
-16,-14,43,169,106,152,251,61,-129,133,46,-97,-27,60,-48,-5,-47,114,-214,243,98,37,-88,93,290,139,-27,139,-7,170,-45,-99,-132,-78,103,-26,141,-31,49,103,244,-94,182,-110,243,164,145,41,50,-1,46,42,121,63,79,3,13,51,15,-126,80,81,25,22,51,126,-43,-29,83,-7,-72,88,84,-27,-23,-95,-114,-90,55,-62,-108,-123,91,-73,77,-103,267,18,44,-87,-40,-147,7,77,258,16,143,41,71,105,-66,66,-133,20,123,-23,-116,65,37,-83,155,-38,63,10,-228,93,105,6,63,-82,47,219,304,48,94,140,-18,207,197,237,58,58,-72,7,108,-116,123,-238,-48,1,44,2,36,90,177,81,-57,101,42,46,32,47,-7,-120,181,-52,-304,189,-134,30
-55,-68,85,162,38,57,258,20,72,163,-61,26,109,73,59,132,-57,4,-59,101,71,18,-89,-17,29,-95,-82,30,-33,-27,133,-103,-80,-167,119,-22,-29,-64,9,-47,90,-89,39,18,-224,84,-63,-30,11,61,-63,129,86,-73,-124,34,45,100,-45,-31,33,1,-20,8,-12,-72,100,181,-10,-28,140,93,221,-12,47,-18,-29,68,3,99,76,148,-179,31,118,-38,-135,118,-52,-10,-117,-9,79,78,43,-59,58,-69,2,36,-29,108,142,144,133,125,43,-210,-19,-43,-41,-14,-166,-153,-42,-1,-30,-26,87,113,150,170,-39,47,68,15,-164,57,-47,126,-15,-137,-121,89,-74,-155,-108,16,-74,16,-261,-50,38,-21,56,54,-4,126,7,-222,-26,189,-127,-47,-193,30,120,-8,81,-174
-19,36,92,-72,45,25,-16,-16,-39,83,29,-52,94,108,80,-35,122,105,175,31,140,103,158,48,117,74,140,-62,-39,111,83,83,-128,-140,-28,50,-6,-151,-80,28,-59,-87,-213,-71,-82,-21,204,32,173,156,-100,-95,-30,109,89,17,48,-22,252,9,82,38,-31,-68,-143,-1,-42,-63,103,84,135,213,65,87,-90,123,111,171,52,-6,-28,61,48,23,42,183,217,78,61,144,84,-53,13,122,164,126,-14,198,147,455,46,50,204,0,43,191,55,129,65,76,90,-127,36,95,-35,85,39,-17,63,54,27,148,38,87,-164,137,38,7,158,152,48,-47,-110,4,-21,-1,36,119,101,-8,83,32,-26,-27,6,224,4,141,1,-8,187,-7,243,58,19,115,38,65,177,-75
109,-23,-27,135,-99,-103,-129,11,76,57,68,72,75,4,238,98,-15,-80,-17,-60,56,148,-15,88,121,-32,34,44,3,36,171,156,-2,-6,-8,205,49,-1,-111,-123,-33,-16,82,95,19,128,-55,50,-6,-71,25,-139,-200,111,6,6,66,-149,-37,141,37,-176,181,121,-39,-47,-24,-28,-126,88,95,-38,52,188,149,18,178,-153,2,-6,135,47,34,57,117,173,169,-142,173,100,138,-44,62,93,76,-20,142,64,-14,-62,-182,64,109,-68,125,131,-5,189,191,114,187,121,-38,70,129,-68,60,-88,66,-16,36,136,157,139,24,80,4,-11,23,150,9,-31,39,-4,44,-93,-73,-46,230,-275,177,-95,-150,127,85,-138,-3,-102,104,-72,34,-61,128,-138,204,83,26,-47,27,226
-63,198,23,33,-96,-12,156,155,65,94,172,44,102,-141,40,2,77,110,23,56,-28,191,238,42,110,104,-9,195,141,-97,2,25,-187,6,-94,-4,106,93,243,-58,-145,5,39,205,220,44,68,136,91,42,-15,54,75,114,175,20,-46,247,-99,2,-94,98,-166,0,95,219,111,-59,119,-54,-21,-35,35,-50,39,77,-67,77,74,-109,-4,133,79,79,154,44,153,46,105,93,23,66,143,91,44,-113,74,-50,54,44,122,101,124,150,118,-223,50,130,-26,44,-12,97,-20,-67,25,184,163,-31,228,69,5,59,28,-69,254,55,130,122,-46,63,208,90,134,56,-27,35,20,28,115,136,3,49,19,124,120,81,-1,116,304,59,233,55,-32,19,-64,35,37,13,-104,79
49,18,127,-117,106,243,91,26,-30,-16,93,156,22,-53,143,-164,63,139,-5,132,-19,65,156,189,197,-134,202,42,223,-119,6,-123,-118,23,54,-233,27,-120,138,41,-1,73,197,20,-95,157,119,79,-97,73,112,139,295,225,-14,-25,3,270,73,114,1,6,31,-41,99,-99,144,143,130,14,21,120,-150,98,159,389,56,54,-113,-45,66,95,55,-172,12,34,-147,43,-165,-75,-86,53,23,118,53,160,21,94,140,19,163,166,212,96,25,-27,56,-102,-119,-142,-1,-9,-105,158,93,67,63,20,169,141,32,81,-68,123,73,-56,83,69,1,125,-52,97,39,50,82,-41,57,31,79,49,-99,113,215,187,9,16,52,161,92,-103,64,80,159,14,19,-145,33,91,-76,-34
200,-1,62,37,-185,-100,-91,114,-123,233,145,207,20,216,148,65,104,-62,-6,-47,28,254,18,47,14,48,-49,123,-22,22,-106,28,-15,-118,32,-51,-18,40,-16,193,-126,83,-33,27,85,139,67,11,156,140,-58,26,27,263,-135,77,-17,-54,-58,71,-31,183,108,202,236,-123,-156,48,152,22,194,172,177,-63,16,34,61,104,-14,-111,123,43,164,-87,148,30,-45,44,86,-48,-170,158,-72,15,-122,218,42,-77,89,139,46,-222,-69,13,126,95,19,330,-2,156,235,71,-33,-119,63,131,11,64,258,43,-101,37,-53,137,74,174,156,99,447,-137,258,198,-112,124,18,25,-136,84,134,-85,-115,79,-23,110,111,30,150,301,-1,105,148,120,222,23,34,41,19,141,-144,10
-29,59,241,18,-30,31,-99,105,218,24,-17,255,125,136,156,-269,72,30,63,36,-92,17,53,83,136,247,-82,156,79,-60,61,83,-22,238,21,161,37,-81,155,22,42,213,-49,-30,67,-21,-40,0,119,328,83,32,28,-186,29,107,-120,-112,127,198,81,101,-14,16,50,158,-19,164,17,8,-76,165,-24,63,-42,-89,44,-150,204,-56,86,173,-91,310,-77,86,103,27,-35,35,49,30,-18,-185,68,59,51,-103,53,119,142,16,159,186,127,96,390,108,83,121,-6,-207,138,-103,-106,-148,135,179,73,-85,139,4,-44,65,66,-93,97,109,159,148,101,152,83,97,199,115,101,8,121,-83,-107,-102,-6,1,-98,-46,114,75,93,6,168,19,-21,-55,-42,1,30,130,-33,163
14,-139,-30,3,-70,-10,17,156,71,-5,55,77,-81,128,164,73,73,75,-218,0,49,36,244,-91,189,73,-75,-62,10,137,-54,-148,-170,17,20,61,79,120,-11,-85,-168,25,-64,-2,137,128,254,173,193,-55,30,-39,-105,100,48,-128,-18,62,174,-64,46,97,110,118,160,-102,17,200,95,-120,133,-111,363,101,-52,109,56,13,73,-30,-66,-17,159,-17,324,-137,-25,-32,116,116,-40,-71,25,28,3,63,20,2,-97,-146,185,-104,-26,103,88,35,147,20,-28,-28,211,73,85,-97,107,76,-9,17,9,-8,-15,151,81,18,46,33,-31,53,189,160,58,-68,-26,33,-77,125,48,152,55,-33,33,98,-48,-5,138,35,172,84,2,80,24,96,106,-41,28,-10,-42,-102,55,8
-108,29,-17,111,-147,40,-139,127,39,109,110,175,61,-24,154,48,190,141,173,-175,84,70,69,129,105,76,-66,56,113,-92,-100,170,148,55,-12,-95,219,213,73,103,98,152,12,189,-29,51,-11,190,65,-20,-20,-43,-8,148,36,112,108,239,4,123,-71,-58,53,7,217,185,-75,-50,104,43,86,-58,-139,35,57,120,-21,1,-23,141,68,-45,75,14,177,-67,94,22,74,-39,55,158,-92,-119,-82,138,46,-38,283,182,-97,-75,-39,-181,-34,-33,-28,202,200,57,95,-42,129,87,-149,16,27,-118,128,-8,-77,181,84,178,118,46,208,-41,191,-7,165,280,246,-89,163,-46,-154,233,45,-95,143,-119,-9,138,2,-78,47,-170,-59,14,202,129,-67,-86,31,35,-83,105,-149,72
-242,225,238,-38,-34,-108,76,-66,-97,139,-44,160,153,70,-4,-37,79,81,255,77,-47,-12,-53,33,27,31,151,70,2,-11,227,209,-19,82,-132,-166,18,-121,58,0,118,91,-40,-132,116,-155,-30,-219,40,87,6,-2,102,-60,-111,155,-6,16,172,166,30,65,-235,32,-61,150,66,35,-82,-27,38,168,15,146,112,209,231,-69,56,0,271,7,108,143,-73,209,20,140,-4,-228,23,88,-220,-3,115,42,-70,4,-7,90,120,123,151,52,86,-30,195,133,44,65,21,154,7,23,33,-6,-100,241,-194,-3,65,42,-135,-16,-17,57,119,-70,-5,56,173,252,61,-5,-175,-79,-116,-225,-84,75,-254,-66,60,199,-105,-49,76,54,-137,92,100,25,16,-58,50,162,80,53,-6,170
135,169,41,229,-42,195,-140,31,30,11,85,-111,18,-100,-1,-244,124,5,-32,37,153,165,42,137,-5,-35,-23,72,13,94,243,75,70,86,-104,35,234,-48,-11,106,-35,-74,-17,186,-118,-123,-112,75,-25,116,17,104,180,164,10,158,-92,-187,66,82,-60,-166,83,-32,-4,106,99,-16,141,96,-188,5,-198,4,198,105,5,65,126,23,110,-102,-69,54,111,109,92,-124,88,46,-21,-152,8,-207,57,202,-5,-116,58,72,61,-20,-13,152,-31,-52,-4,68,74,-33,-76,243,106,129,-2,113,15,59,145,139,-43,69,139,110,130,-85,15,-88,51,183,-22,-156,-150,25,164,79,53,-54,197,153,16,95,143,6,-113,-113,134,111,213,-88,-29,-22,49,-40,4,-126,-135,43,162,60
32,161,46,-35,143,-98,124,-71,47,182,-15,19,21,179,46,50,179,66,144,32,158,61,-100,4,0,-32,59,124,-53,50,145,-124,89,93,130,111,-151,57,109,35,-50,176,10,17,2,140,12,110,261,-30,-95,40,-78,122,56,124,46,-32,-39,-46,64,80,65,181,107,110,182,-88,230,-59,4,60,45,-106,-99,10,113,118,130,39,105,-15,-30,31,154,3,199,5,-17,-87,56,115,-52,-27,37,-104,-95,-88,-36,-32,3,29,-34,56,223,105,103,88,-83,-43,-3,-9,147,-45,-6,16,-66,-74,127,10,-13,47,-134,-22,75,42,-196,203,232,7,-55,86,-153,-23,-26,77,-37,86,99,-133,-51,-57,89,116,60,172,21,-97,81,25,43,-6,257,150,-152,46,80,124,73,48
106,-274,-149,189,-143,276,-77,126,88,34,69,108,250,-4,207,162,-23,124,-25,85,71,192,239,116,124,59,-120,107,53,132,161,71,8,47,-22,86,153,-18,-51,180,113,83,136,84,52,63,288,76,68,-92,40,-192,-239,176,96,68,224,69,-21,123,150,153,38,136,-135,8,115,71,-67,28,-32,-52,-35,108,11,44,6,105,-59,20,116,-71,88,-35,156,-256,312,157,292,-182,24,147,14,-150,216,152,61,-7,91,141,36,142,119,96,169,68,-96,157,-40,132,39,20,137,92,157,78,22,78,110,80,3,159,112,154,-60,-33,50,183,-50,82,-198,76,-46,124,153,178,-198,141,275,-136,52,64,-34,-18,134,28,-69,-16,201,-220,162,91,-37,-198,66,-110,-22,82,-93,124
-120,196,52,137,140,60,124,17,-9,379,-50,-57,-41,5,214,-65,-50,137,39,-12,160,63,49,16,0,37,259,-2,0,156,27,-33,-100,104,10,-81,108,86,65,-106,204,21,-23,-25,-32,-100,-53,163,212,-41,-161,118,112,146,239,43,102,-12,48,-26,19,-17,14,-148,136,27,117,47,-106,-44,33,158,110,32,22,87,76,91,141,257,-56,27,-98,78,73,189,79,102,52,27,-9,-78,-5,-21,-12,73,104,85,52,-102,111,6,68,-27,175,106,16,-103,9,-73,-58,32,325,208,-168,119,3,-193,123,-48,127,85,10,150,32,-61,8,194,-126,202,-125,-68,-94,1,-108,92,164,59,125,104,-26,154,29,106,85,228,104,189,62,159,29,26,46,-66,10,-45,27,67,33,24
-26,13,64,47,-2,-27,182,-149,141,211,167,29,155,-30,75,131,-79,150,36,109,136,72,-134,-214,-7,16,74,-10,-38,71,-48,-49,-35,-139,120,107,-8,152,-44,100,-1,84,53,-127,-164,28,206,71,-58,19,-44,-138,50,190,37,-25,216,108,-81,-67,-74,27,-10,228,-56,85,159,102,37,108,104,0,209,15,-16,19,114,68,-224,26,94,63,117,8,149,144,76,40,283,-19,201,28,57,157,152,-42,139,29,64,163,28,-54,-67,182,-43,-14,-9,111,123,-67,116,272,-94,16,298,-10,120,-135,50,-92,-123,-19,-21,37,96,100,-75,102,-90,-62,-145,167,92,-5,99,-61,29,240,236,-29,-194,32,59,151,123,94,-133,39,39,-40,-3,-42,156,-21,134,52,220,127,32,306
21,-69,78,55,116,-68,40,-8,61,-5,22,-151,3,-2,-100,236,45,-65,59,133,-113,62,-8,17,240,-105,-91,303,99,307,139,46,68,-67,56,17,-33,10,68,127,-33,47,116,-8,14,-23,82,-64,85,93,-91,108,138,65,16,83,129,196,-111,-89,4,-35,-38,188,-44,145,117,157,-68,75,-163,173,60,161,-31,104,-43,75,187,-182,139,101,27,-154,70,32,89,-82,230,-175,18,-60,123,199,142,165,-84,53,-52,264,-87,-95,-87,141,63,11,-60,118,105,66,182,197,65,-34,26,-55,144,-125,-154,183,101,47,-20,-111,231,193,164,-60,222,156,194,7,-57,-87,-185,77,-3,-222,-20,54,-33,-22,-159,5,4,21,103,3,103,111,144,163,-147,-68,52,-15,-39,122,72,223
84,150,-213,109,14,102,122,86,-61,152,-43,46,-6,-86,300,51,9,-71,22,-64,-32,186,-52,-73,-11,44,-75,3,-124,87,152,140,-104,-114,-165,275,80,91,-168,-92,48,120,21,-5,-123,46,-101,35,203,152,93,-22,101,15,-80,166,117,-110,-32,218,-51,86,-22,243,25,167,-163,90,-75,65,263,2,-87,95,-56,56,182,28,91,-91,62,28,240,40,54,-4,-38,103,105,-168,73,-76,53,-61,10,178,149,-104,-75,71,77,-51,-37,58,-5,143,35,99,-72,137,-168,66,1,-117,-23,1,-24,-98,-49,66,126,321,121,-33,42,165,36,144,163,103,-35,21,-41,132,1,137,-190,-120,87,-162,12,103,-231,162,158,-43,-109,225,41,-14,38,-91,62,78,16,93,57,-50,114,38
110,-9,-27,224,79,210,23,74,57,-37,62,9,279,72,187,56,40,-29,101,88,61,287,123,169,62,-22,2,-10,-86,71,70,177,-91,230,73,147,31,-108,-98,-118,-206,3,139,205,-31,61,191,-91,37,-116,-22,-93,-61,99,-63,49,141,4,-36,117,6,16,-82,-111,-127,122,29,48,-77,-3,54,17,-75,67,98,-19,-44,129,33,-12,45,22,6,129,81,32,157,80,106,-94,-18,125,118,24,98,141,97,-145,83,-21,-78,213,270,38,120,-31,75,178,7,31,-160,-11,50,-5,-191,-56,145,78,187,-55,20,-18,-47,-76,-79,71,179,132,-229,53,91,-21,-60,260,99,110,166,-109,176,-60,69,145,-164,66,34,-13,-122,-56,162,-49,147,-64,8,-133,27,149,-230,0,48,10
152,-95,-141,-78,-63,-51,115,-124,-87,245,-188,90,235,-78,22,-59,-128,60,67,-74,-44,-35,0,-176,16,1,83,72,-67,115,-138,-108,64,-102,97,-109,-19,78,152,62,-6,118,14,-71,-120,-74,-166,-161,51,-21,50,-125,143,150,105,-213,196,36,156,36,-48,256,113,82,-104,151,48,-12,141,-71,108,-75,-49,206,-81,113,150,89,28,-86,-140,147,118,-93,-27,174,32,64,228,-133,55,70,97,-96,13,167,109,-84,-155,63,88,-34,202,-3,210,-70,75,-254,-29,-140,-41,-135,-92,-47,6,26,-214,-114,-15,144,133,6,-9,150,-158,31,54,181,-16,-47,-185,-66,194,-71,138,-57,-75,166,158,-53,33,137,-65,-3,81,-38,-111,147,39,161,153,80,-64,32,19,-82,21,106,-44,160
73,-74,182,161,35,150,241,52,204,248,-112,126,106,14,177,-157,21,142,49,-60,65,68,185,-106,158,189,-48,119,159,69,-61,108,97,130,83,118,125,-76,76,99,169,189,-64,82,31,16,114,124,-76,181,101,19,42,74,143,124,229,246,-87,11,59,81,-22,66,30,194,66,82,-1,105,165,-16,96,87,349,-123,138,187,76,-22,73,33,-107,124,33,-65,-114,134,136,29,25,14,128,120,220,51,35,-46,-17,-15,300,107,57,-9,-10,-154,34,-43,-112,323,-42,13,230,-207,-29,216,69,89,48,35,94,-87,27,165,96,164,-90,139,-9,141,-28,97,208,117,255,111,26,87,19,104,45,35,49,84,62,-44,-38,71,88,22,122,79,-140,62,120,113,216,21,-82,9
-41,-51,110,62,200,-105,130,65,113,252,97,-8,-7,281,-126,313,-94,150,86,184,-17,132,-103,2,36,47,81,254,14,172,-100,218,173,-90,97,50,0,-13,-10,144,176,157,-80,-198,175,-81,38,-8,76,-84,0,67,98,54,173,54,28,59,-139,-24,-44,30,-56,20,23,124,75,120,29,-12,22,34,129,18,267,0,43,253,256,118,86,209,116,-40,96,44,-10,-6,9,96,223,-36,-14,92,195,101,-83,192,22,79,39,31,45,40,-4,76,-34,161,66,223,125,44,82,325,-47,80,92,49,-74,-40,80,69,106,-1,52,148,91,185,138,237,141,253,-40,40,3,-20,55,-147,-7,68,-261,11,63,18,86,100,149,49,-44,236,49,17,34,-44,-21,121,-99,47,-171,60
-122,44,193,111,22,26,251,298,118,132,280,206,-4,13,143,98,-173,25,71,123,-154,-42,97,117,273,-31,122,113,-121,-93,2,137,158,52,428,0,37,76,-81,219,0,0,20,-144,0,325,30,-170,1,120,12,-7,-40,-5,-9,-49,171,111,10,-83,-16,28,-9,40,-55,-142,89,54,-14,-86,16,54,-41,168,189,37,83,138,-71,41,-80,186,-31,87,94,184,161,16,-11,45,89,51,120,37,25,184,39,-69,40,17,38,98,14,22,-36,13,-17,32,102,-54,-65,93,-133,-15,55,127,145,92,54,267,265,125,82,68,-44,129,77,14,19,146,93,120,183,188,218,-20,78,-26,179,165,102,-27,152,-80,260,-146,18,81,-67,36,88,20,-53,-256,243,81,-45,-20,-133,39
-43,16,-95,170,-35,45,-115,-23,-106,49,53,-42,44,47,-53,43,81,213,34,172,-10,234,93,-37,109,-12,-8,-41,237,107,-48,-13,-217,-35,84,35,121,-77,176,-23,-269,-53,37,-54,69,274,271,216,137,-179,-29,99,17,139,23,76,29,62,-305,79,-9,-166,95,84,-63,-98,82,-41,114,-20,-99,-74,229,76,230,102,78,201,71,-100,104,162,7,-97,118,-76,94,87,1,127,-80,77,82,41,-30,-24,-200,77,107,-3,84,90,144,-30,-39,-131,24,-43,-147,154,61,23,-1,56,24,196,-106,-164,-30,-51,-37,-51,-119,175,105,57,-16,-20,116,-4,51,-95,-123,115,-22,163,53,148,-82,-30,-41,76,-87,52,-99,59,181,185,14,46,-91,203,51,183,-72,33,118,-49,15,-126
1,-16,-41,188,-16,253,78,123,187,20,-41,77,4,194,166,6,-108,120,125,-61,118,253,-40,18,57,110,57,119,155,-4,-42,-3,131,-88,111,85,-134,28,-82,78,-11,14,18,169,-142,-3,205,48,54,-103,61,-4,-3,-111,223,45,186,99,-36,34,235,103,-35,-86,233,26,68,58,258,40,48,51,51,85,-100,104,26,189,96,198,258,47,-87,-84,204,-182,146,31,-26,91,-66,318,-80,-146,-16,8,117,154,285,-11,17,10,65,-99,-4,-47,204,63,126,13,16,-115,271,-53,-122,41,-34,55,182,-121,58,-163,-63,228,119,46,91,304,70,37,178,-35,46,46,121,21,69,278,-6,154,-210,76,-19,-47,56,252,-110,-100,-138,64,99,58,85,-30,-93,-119,28,-116,-63,218
171,187,162,-14,218,38,-44,-103,-42,-13,43,-26,108,28,77,225,-249,-3,175,154,-60,187,-3,35,-4,13,36,14,49,107,123,-92,67,53,169,-275,36,171,-1,-49,-18,129,235,37,227,313,87,67,-30,21,49,19,221,248,-59,-17,-66,15,98,-55,-115,106,113,171,-97,219,66,138,-9,132,112,216,6,78,124,8,10,-88,79,94,41,53,-1,39,74,101,117,-35,5,-83,184,83,-36,39,194,130,175,5,78,-56,20,258,-41,-41,3,73,-17,149,18,-61,208,196,-52,15,-93,28,-10,174,138,12,53,262,-40,-210,121,70,100,-177,30,133,129,49,-33,90,94,30,-38,-64,67,58,93,179,-163,224,-47,57,-38,108,-6,121,-52,73,287,91,131,202,-43,172,-3,61
166,173,57,90,-36,5,-12,-30,-77,285,-89,253,69,178,139,26,123,110,141,2,-83,7,73,64,71,-5,196,291,46,180,33,91,-44,-89,32,-57,178,13,150,9,-31,119,153,144,68,133,-10,-22,24,-67,18,-46,-86,272,1,-8,172,135,151,41,68,113,92,7,-5,-121,88,-26,166,1,329,75,228,22,-91,286,182,99,112,132,126,140,309,43,92,172,197,180,24,-63,37,17,285,-48,42,223,171,104,-15,269,111,33,26,10,256,111,161,33,-4,-47,75,5,57,47,-14,124,82,-109,214,39,7,209,99,58,-179,155,228,159,209,88,-160,154,85,30,23,77,-61,232,-92,69,-26,70,-103,-19,-29,-72,-211,-29,-44,56,83,-61,9,-32,42,132,132,25,-10,-72
11,-87,-109,-6,-32,-192,44,258,-190,47,140,98,-75,154,35,116,-69,-102,-14,-23,50,-30,222,-90,-111,38,156,-46,-2,-23,19,50,78,16,-205,84,-166,-66,214,-115,36,77,98,21,-26,181,-44,-104,44,89,-6,-75,177,-107,9,47,192,33,29,229,127,-73,90,-60,141,-65,-175,-56,-24,-33,-25,-43,-67,88,129,-41,-47,-33,34,9,-65,166,-140,-131,-109,-21,-90,3,98,87,-121,-100,66,38,55,-71,-26,101,109,-103,-23,79,36,-65,-26,-98,42,-45,-276,-42,-94,-87,-37,136,-133,108,-41,123,26,52,52,-17,66,206,127,-171,-100,28,-149,-101,-117,-19,149,78,-64,-33,-27,237,143,115,-250,60,95,-104,-28,93,225,231,39,204,267,191,-36,-90,-225,-221,17,-132,-122,56
-17,-176,117,87,-25,161,151,2,-11,123,57,5,-58,-15,-115,5,-213,74,174,70,-68,-4,-7,-90,-115,51,101,-193,60,37,-90,46,94,-120,190,-143,60,-25,-203,73,-25,154,-71,-46,42,-126,-150,-55,16,-163,196,156,109,217,68,-19,86,165,-112,112,98,1,151,-107,83,-30,-131,46,-46,-114,36,-82,-114,124,12,58,27,201,64,-168,65,178,132,72,49,8,-73,78,85,62,158,156,119,13,144,-107,129,-18,61,-121,-8,-59,-102,79,-40,-133,-71,-146,-33,-91,-71,-18,-30,-43,-176,66,164,-187,67,52,-78,15,26,123,42,3,69,-37,-77,8,82,90,26,19,-35,-14,-44,40,28,-77,73,25,38,52,27,59,-146,105,40,85,74,301,-16,-92,46,74,-147,147,5,163
40,98,134,59,151,-44,150,-64,-52,229,217,-74,164,304,176,54,71,-87,-38,205,15,148,-65,223,28,88,69,-44,140,145,105,25,34,-86,-164,30,-82,-97,-1,62,-5,-50,118,-217,64,163,98,96,60,-50,-137,21,140,66,-57,-78,-26,-25,-104,141,-19,-105,-155,42,-8,77,59,13,276,181,-18,29,108,180,91,77,-18,51,-60,75,74,10,72,-36,107,219,152,-140,-58,97,41,-165,176,2,114,102,-148,157,40,100,-22,117,61,-158,64,116,63,105,-86,77,117,192,6,146,-176,113,-38,47,213,-112,-89,120,33,253,179,-49,51,-10,74,92,134,133,-195,94,160,108,162,19,32,-27,-43,-55,-3,65,115,-39,77,228,-70,173,-105,60,11,30,4,-96,49,4,-82,17
8,135,-138,-111,-115,-15,-27,200,71,76,-113,31,-16,-120,196,39,79,-4,-53,-128,13,-14,61,-62,-51,8,-194,50,50,-75,-150,214,4,-75,33,342,-47,131,112,80,159,135,51,85,-90,-39,15,-23,42,65,32,184,-164,-102,36,55,23,58,-57,179,-84,305,-16,-109,21,265,-171,47,-13,-56,20,97,55,165,102,-197,128,-64,33,-221,132,28,178,67,-88,-24,54,-55,-19,-29,-144,-9,-13,47,123,5,-29,156,153,-40,94,-105,173,-13,-120,62,-100,185,-52,17,93,84,6,95,-11,21,103,30,41,177,111,-142,101,29,24,210,-17,-80,99,28,61,-218,-97,196,10,258,46,52,77,-214,158,21,-147,40,24,-33,-72,-10,145,-22,48,46,11,112,211,12,192,150,-96,-89
-25,-84,-92,48,-67,96,68,36,130,91,-40,-123,24,-77,-49,-151,29,184,7,-19,177,32,218,-76,213,-14,67,-98,52,228,71,28,38,-43,-35,261,-2,86,39,60,70,20,-66,-17,-109,64,157,-93,-38,91,82,45,-11,-115,-32,74,118,60,-112,123,47,5,137,-36,79,24,-157,60,11,68,104,69,-67,16,-5,47,70,148,22,-37,-24,20,77,-65,75,-76,24,30,160,34,253,16,123,-50,143,83,59,53,192,123,194,-134,83,152,-112,-108,-54,168,1,28,-54,88,11,160,45,128,-10,153,67,160,53,-83,238,243,56,151,-60,128,42,94,-35,-13,-33,119,73,-38,12,47,-32,-104,-33,11,75,89,126,18,-23,-36,95,68,217,145,-99,-119,70,59,-122,54,-21,41
-129,-3,73,160,-15,-34,45,-6,-105,228,235,41,107,87,110,-12,261,281,8,161,68,146,8,25,174,-11,2,169,-39,-68,-44,216,25,58,-18,23,-28,94,90,-110,45,-25,101,-29,-10,31,38,85,186,10,-133,89,128,95,58,51,129,124,-78,7,142,126,-100,69,11,-137,87,-96,70,43,90,31,13,-11,13,-42,-11,-58,32,31,-26,-33,67,84,199,-63,192,-18,-77,-41,190,169,-123,125,176,152,-51,19,-70,311,147,72,-43,-194,143,-117,-100,-135,113,-107,318,59,125,-16,-67,-114,-104,23,154,-169,173,141,-10,162,7,131,38,83,51,53,125,77,95,70,-118,-90,144,9,136,-33,2,52,29,-62,88,37,194,-114,-66,4,47,-16,-52,-124,44,87,56,102,40,69
-15,0,255,86,113,-5,57,63,76,160,78,139,150,76,141,137,65,-14,77,58,318,-53,55,-41,96,4,35,179,17,35,142,75,-22,-34,115,110,199,-35,-27,-12,44,65,-138,-99,17,-19,183,17,67,32,166,156,-13,158,5,41,205,257,75,-102,33,32,-99,41,46,-110,-8,-109,224,-9,30,321,7,-43,114,122,45,88,25,95,119,212,63,54,78,157,230,95,202,-61,-38,-75,102,-21,27,127,61,73,-15,94,82,53,-21,166,94,91,131,65,12,-169,154,253,186,-61,-192,121,35,-29,122,-31,-43,256,-8,2,170,240,63,224,237,99,58,86,133,213,126,-64,128,154,107,131,-120,-123,244,97,25,-84,193,48,107,3,167,6,177,100,58,-82,29,23,-27,140
23,100,-6,140,-1,-26,-15,232,99,16,-127,22,116,72,-131,87,72,-2,91,146,-34,137,133,134,331,-175,117,221,88,128,149,-158,-9,-129,175,113,114,10,140,104,-120,-122,97,-104,-97,220,230,196,-8,-38,65,12,-130,-66,82,17,52,-88,66,-4,-8,131,106,86,49,-61,37,-8,120,14,-40,181,88,170,25,86,-7,75,123,282,129,269,100,13,-22,57,243,47,-2,-66,-98,70,209,-204,38,0,-137,120,63,167,115,33,170,100,167,107,79,-10,33,-215,59,129,45,131,178,146,-73,-86,42,-150,48,-84,93,40,98,297,44,175,176,186,-116,-161,-19,-7,-58,42,26,228,-83,63,-230,-23,-29,-59,85,24,-82,54,-68,59,15,-146,1,11,-54,-65,-10,62,193,4
197,-152,232,96,85,65,-127,-89,85,117,102,-4,116,-109,-94,27,-23,137,112,88,4,88,-13,84,35,-19,10,43,-170,73,120,48,266,-43,5,76,-62,-84,-100,166,-136,103,-128,-70,-22,24,-200,-18,-106,58,89,126,247,14,20,-65,-33,-27,46,-154,-47,116,144,58,64,185,65,108,126,21,-31,0,64,57,30,83,-1,-22,-36,112,16,2,18,-77,-79,149,-5,-76,59,-233,93,-77,128,-73,-30,239,25,43,84,45,-45,140,-13,185,20,147,88,-179,137,99,97,209,-66,-110,22,-169,-150,6,-13,14,-106,-13,-11,97,-101,-85,-76,55,120,112,164,170,-62,153,289,-92,40,30,171,79,-108,26,-22,-61,-29,-132,60,70,-48,6,-158,164,56,84,61,46,10,-113,-48,47
-27,115,170,139,28,88,-61,62,14,104,138,152,-19,-12,131,-24,64,-58,156,80,-179,44,168,173,212,107,231,0,190,24,269,150,229,44,66,32,250,244,268,-40,63,156,274,80,53,131,-13,318,-157,276,19,94,41,232,-91,82,-47,-38,19,24,-87,105,23,82,23,0,8,174,-142,177,142,11,102,71,145,5,-74,-52,65,-38,21,147,57,237,102,178,75,142,-66,91,43,-7,24,99,104,-70,91,222,68,170,-65,73,77,223,212,188,40,57,36,60,82,-30,-49,178,-4,-66,158,54,164,-26,124,85,47,-243,205,20,199,104,-8,269,6,69,-11,-17,-83,116,-15,148,-34,-96,84,194,-114,31,81,-12,-32,14,115,149,-28,39,-5,-123,32,34,35,85,158,148
193,-116,110,103,-40,86,6,-58,52,23,-99,14,5,-40,60,-6,81,144,-31,-111,99,310,79,-60,-69,-29,12,-43,0,18,151,79,74,-32,126,-68,99,125,42,224,70,22,26,-1,-171,-205,121,-91,131,-39,2,-5,332,14,61,131,-132,4,-93,11,123,130,35,131,-126,165,194,72,-79,36,23,-5,189,-27,84,134,141,17,-3,-39,30,51,108,55,198,27,-40,254,178,-86,-41,45,191,61,103,145,116,-107,-18,176,138,-13,-20,124,375,-71,89,52,120,39,-34,232,-2,-57,168,52,-20,1,-85,99,-264,-80,125,141,174,125,221,-54,37,152,105,-90,33,77,-11,106,-23,-86,51,34,-21,-25,69,80,155,23,76,119,207,-67,103,120,-32,35,8,14,-58,68,117,127
-83,-14,-52,47,93,58,10,30,-77,-129,-51,13,-141,69,-6,-92,-198,135,170,-33,49,89,92,15,-29,-154,187,-91,-173,45,89,102,-21,-167,273,11,135,-145,-119,-206,60,214,-85,233,23,21,14,-2,11,25,70,-50,-17,70,90,94,61,45,-39,22,141,24,137,-79,-71,-85,-131,-144,-17,166,-11,75,-165,-2,84,69,-69,23,66,53,104,-60,-46,158,8,42,132,150,-50,134,-1,133,-12,51,-123,-71,-15,28,45,97,-74,56,-68,115,-100,-13,-198,-42,1,-73,9,16,-88,38,-71,21,228,73,47,83,-22,-64,124,88,-70,-113,245,-57,22,-99,-24,-68,100,92,-147,-1,65,154,-97,127,269,-135,134,39,108,88,-111,27,-63,32,39,177,-108,-43,170,-138,89,-106,140,-6
119,-70,-76,-26,129,74,110,85,152,206,25,176,84,-1,-16,84,15,-31,231,23,-173,104,86,-68,152,58,109,125,311,35,3,-13,16,71,66,32,87,-38,51,257,-25,58,79,124,14,117,142,73,-143,41,28,63,34,27,-94,-91,92,281,-95,-64,-7,210,-162,-90,120,-8,-24,130,15,46,115,75,258,142,102,-66,-166,20,-50,71,-83,161,-61,39,-131,122,13,18,1,44,-24,130,246,-42,-73,87,33,23,206,170,-125,39,128,-71,102,-121,-128,-6,-65,107,-116,-42,-94,-30,174,64,54,120,128,18,23,109,-48,31,-47,-200,161,46,-133,-37,68,134,84,101,211,11,21,39,1,12,-89,11,-209,-71,18,3,-63,134,-56,145,64,156,32,57,-62,-37,139,142,-179,26
2,26,215,39,-4,112,-25,122,29,63,93,40,25,-5,-20,64,36,-56,-52,49,-32,-50,105,124,-29,-81,-274,200,-42,193,103,176,-28,58,139,-109,71,201,-20,8,-17,20,84,-6,-172,-5,74,2,-94,147,-44,1,-110,6,-57,76,-52,107,153,108,102,102,36,65,-153,8,83,107,10,-11,26,174,49,-151,98,-33,187,-70,-106,121,77,-108,125,124,260,-59,-51,236,55,-169,193,60,-11,49,-97,209,54,58,198,62,-8,51,-105,9,-94,55,207,11,199,-171,116,87,100,-230,125,86,89,132,43,91,92,207,39,-46,163,261,74,215,82,100,78,181,111,191,119,119,-16,62,81,31,3,69,193,1,148,-114,12,-107,204,-183,40,2,-12,2,69,56,186,114,-151,283
29,23,58,142,50,-105,38,162,26,-31,16,152,13,-244,260,-31,205,69,146,160,-5,98,200,125,18,-8,-129,-51,20,156,172,169,73,0,-110,79,48,53,61,-70,-293,-22,178,87,-46,62,160,159,192,-1,51,85,-5,213,24,207,92,-89,155,-30,-152,55,101,78,102,48,-40,175,-60,6,-82,57,135,167,36,-79,21,28,164,98,310,-53,-51,193,42,164,56,-65,256,125,59,7,203,61,182,158,227,-47,27,196,-97,10,5,38,-45,1,113,-144,76,117,81,-50,149,-59,-41,0,107,98,-177,-30,-65,15,200,23,87,-8,118,-3,-148,147,-41,113,-70,260,-60,110,56,96,133,208,211,51,11,161,37,15,-102,76,167,27,133,151,25,72,163,-9,-53,-92,66,71
119,30,80,-98,132,135,-119,-1,-29,-35,104,-26,234,-3,-56,27,67,119,-38,251,-221,-6,112,-97,41,-18,-173,69,394,205,105,-37,94,115,68,77,-173,107,-36,190,66,-126,68,-21,-90,96,-68,-46,-81,35,-118,-1,219,44,32,-5,-167,146,-208,71,-98,-31,85,-197,-24,323,-9,108,-76,29,77,241,129,-58,35,-102,-28,-287,80,-129,134,-107,-21,158,30,-92,-3,-197,125,-52,65,40,68,-75,123,103,-128,122,286,-24,-144,157,-131,-66,182,83,1,-36,53,191,45,71,-27,97,186,-93,8,-169,85,29,-164,-17,-117,130,83,-155,-260,171,-60,244,114,-93,54,4,39,70,42,229,49,-23,-161,66,-107,-87,-53,-88,224,54,40,-243,-105,92,-27,79,-58,-129,52,243,-25,-135
68,-119,61,-22,81,-6,126,342,231,16,121,-16,-76,-36,203,-40,40,-110,96,41,-143,102,132,-64,136,0,49,-57,-25,25,156,-109,-11,-3,139,93,24,15,81,40,66,16,128,59,-126,43,53,-11,207,146,-125,26,291,228,-95,-4,25,21,30,-40,-66,-20,136,85,92,-20,-173,73,-116,-51,56,9,-60,-95,134,23,-163,-82,-41,76,-58,-28,64,70,6,90,93,32,-7,25,-51,24,242,153,-139,-40,-17,-74,-56,88,-81,-37,-95,81,47,14,-121,-26,-245,-78,-82,36,87,179,31,-53,178,36,50,128,-213,40,74,39,24,-116,39,96,63,-68,86,57,-75,133,2,87,-90,50,-7,257,-45,92,38,-16,122,177,-165,98,50,51,127,-33,87,-171,41,60,111,59,46,92
-93,119,26,13,-92,63,-41,-53,-62,145,26,-79,102,243,90,-55,88,-14,260,-182,129,258,99,-15,43,-22,34,126,61,14,-204,-122,-66,16,117,15,67,-21,175,-70,-5,110,-61,251,87,214,90,64,54,-8,191,-201,93,-4,115,-4,5,71,-114,105,79,85,286,88,20,-65,-89,-114,155,-53,82,-52,18,-47,77,-26,88,99,104,203,-76,212,-33,39,45,-34,-71,81,-84,133,134,119,-174,132,-150,-125,38,33,97,-156,189,28,-64,-62,89,-303,32,171,-153,-123,-29,44,97,23,-45,25,-34,-50,164,-41,46,-27,-81,101,37,-12,-14,50,146,-129,103,8,224,-141,211,-112,-216,230,44,29,18,-108,48,84,30,254,-66,-28,-1,144,59,-103,237,64,135,54,304,-40,18,143
189,-95,124,151,-110,-47,173,180,157,357,222,64,-66,-16,310,84,146,236,67,-57,92,88,222,51,169,-13,142,121,-8,88,-23,-10,-24,98,-67,59,194,136,-31,44,128,204,145,223,-79,130,73,102,110,171,-138,-77,14,1,-40,49,325,67,254,25,166,261,-35,23,124,41,-140,39,107,13,232,-57,155,16,17,96,-45,-59,-32,-80,102,-2,142,119,224,54,68,12,-38,-147,-55,-124,100,10,124,-38,171,-48,240,176,68,139,318,21,106,47,-38,147,199,122,-24,67,0,105,-7,161,19,229,195,117,272,-12,45,8,-22,95,129,15,68,150,-58,31,-37,51,48,158,98,187,132,-160,6,137,24,152,337,139,80,228,-119,-111,60,87,-63,-114,45,114,-8,36,55,208
-14,48,-2,-98,-138,-74,-120,-34,87,120,198,118,106,177,68,-66,-41,-28,-1,67,12,-4,167,0,20,106,37,2,133,12,149,26,-38,21,248,-101,42,-129,-81,-18,122,-100,-116,58,100,155,-99,91,27,117,26,-123,63,131,53,106,-46,108,59,-42,136,-64,-19,-111,68,-97,-56,41,12,157,164,37,153,130,228,137,-84,-90,-19,-71,-14,79,-35,56,150,55,92,0,102,119,-77,78,34,8,51,-35,-179,17,-22,-48,-52,-11,120,172,19,-97,26,49,69,77,-10,54,-76,42,216,106,180,-69,287,-8,-79,199,127,-20,76,-47,163,-9,-51,46,84,22,36,67,27,-93,-81,100,-87,-4,-7,-110,-36,150,-47,114,75,-72,85,33,173,276,155,-34,25,42,97,-163,-71,95
189,121,359,86,94,114,29,-5,207,88,137,1,46,-184,37,11,-148,72,216,-68,70,167,120,-64,253,39,212,-91,59,-4,97,90,49,-67,78,-10,-35,-70,71,93,11,11,137,75,-18,156,87,74,-36,51,88,85,-71,148,-41,28,-40,183,-139,-22,-32,-131,60,-82,-10,146,106,26,141,-14,-26,41,-104,88,131,135,129,-15,5,-67,96,159,-123,99,137,121,87,30,168,-28,-5,74,-6,71,49,-79,227,19,202,44,-108,57,98,65,135,-17,-65,92,25,159,-31,173,-30,139,-75,-92,138,-73,233,218,168,43,-15,-130,193,-117,-100,43,-120,53,31,24,55,59,-142,30,-126,-189,132,70,22,-12,30,48,-90,-4,14,-5,-142,-4,84,284,-109,-195,193,63,-31,20,-65,234
-201,106,34,35,-168,-16,57,47,-49,-86,239,-19,-63,-44,23,-38,89,0,-56,45,146,46,106,178,125,-91,208,43,147,12,60,17,-33,-86,-121,-153,97,101,-59,-52,-56,55,185,38,-11,60,22,80,107,94,4,3,-44,231,148,-11,18,50,-130,100,-153,-94,62,-70,-141,-52,84,-30,32,0,-146,-115,-124,21,-102,-80,85,20,58,-71,-109,-19,-52,201,-50,148,-101,-203,45,90,36,-118,6,-8,-86,-61,-28,-50,1,-54,-195,67,53,-137,152,63,-117,59,-214,24,33,-139,120,388,67,28,84,35,212,34,-38,134,1,5,9,-327,-144,14,-76,-59,-125,1,-114,-69,108,60,-23,55,92,290,241,-33,-4,30,126,-21,-8,67,119,-112,94,65,-33,-227,120,56,27,17,-105,-38
158,186,59,209,149,234,-70,-45,310,-89,46,82,251,-42,69,-115,89,-25,192,72,-174,63,40,63,87,12,80,152,156,129,204,-2,-15,57,-131,-49,209,41,24,-38,155,11,164,310,18,-47,81,270,-155,126,-135,-130,-81,36,135,138,-135,289,-93,237,181,73,-181,162,-116,202,124,126,140,139,-4,-6,-90,-175,123,54,174,23,146,51,52,66,-4,-65,0,-20,117,190,20,-7,170,125,-59,-144,144,-19,6,5,145,130,3,160,170,27,128,43,39,207,90,57,126,66,-91,8,96,287,94,10,100,-26,87,333,221,-218,198,121,141,104,10,198,-88,93,96,111,194,163,65,13,-114,-135,-252,157,-32,40,-156,-21,-22,41,-14,74,193,-150,-238,68,46,-20,136,104,76,148
32,173,181,109,88,108,27,60,-171,113,-24,157,-121,174,218,128,-11,34,45,221,190,246,135,310,121,-6,132,174,55,59,-50,-69,29,38,24,-23,67,8,76,-9,9,48,229,-8,-8,52,235,-22,37,13,-29,92,252,145,71,114,79,-141,-220,88,61,45,94,89,-50,-40,-86,-20,91,145,50,-22,-88,-18,250,198,187,172,145,-103,84,87,-88,85,117,10,-48,65,-92,-130,154,-14,-30,-90,12,143,-78,100,118,-30,258,161,127,32,-7,16,-6,51,25,99,130,117,119,214,-99,98,97,44,80,102,138,-6,-16,68,184,88,-48,-36,85,78,-110,8,28,143,2,90,14,136,-38,-63,-141,56,47,223,-125,4,235,23,-87,71,207,-24,143,95,30,-43,63,7,101,-19
-92,31,30,-81,-30,60,53,15,134,186,49,174,132,-95,80,119,-108,-106,21,-2,92,55,20,8,186,25,-24,106,-24,-13,242,106,-25,-83,74,218,143,-79,209,-15,2,32,-34,-109,-81,155,38,-102,99,22,45,291,24,131,-131,333,143,-102,54,-41,-256,-1,153,18,182,234,-220,139,-144,-176,91,152,21,167,-64,-65,-3,-198,97,68,34,-8,25,65,164,476,5,-222,193,35,-160,-129,73,152,-60,-106,144,-113,49,119,-28,76,138,117,-23,85,6,-113,-83,135,152,-19,-51,160,-74,-126,110,37,43,-25,136,219,119,129,30,-34,119,112,-111,87,18,15,5,175,56,-25,-59,17,63,11,-35,-59,79,32,44,114,-212,137,46,-68,155,-81,162,-98,218,31,99,184,-230,166
218,205,22,62,98,-204,-9,64,-125,164,128,96,112,190,45,-49,104,-3,93,-56,98,155,17,79,19,-184,72,-3,76,160,-203,-109,-57,-32,-85,275,69,75,48,-105,40,82,136,34,3,-9,2,135,-128,195,-2,-120,-69,94,62,-8,140,-158,-40,-137,-107,-52,144,-121,103,237,-23,-33,1,-100,19,24,67,-63,235,-261,-15,-159,222,89,14,-48,-108,32,20,234,18,-90,106,65,-90,-161,67,-65,18,14,123,-179,-30,199,-90,46,234,-142,24,48,-127,195,-7,-18,-68,-122,144,158,127,-26,76,7,-42,90,-81,60,41,-18,61,142,20,52,62,-107,50,-27,-54,11,-113,31,71,-63,168,-122,36,-105,58,149,195,3,61,47,197,-128,82,-78,66,100,171,-16,-125,85,-27,-70
-80,294,80,-177,125,-68,-80,86,149,129,-5,66,-43,26,145,12,-30,-45,37,130,5,-82,3,-13,53,-42,122,129,115,168,-68,-50,60,34,-92,73,-5,-138,161,-164,319,15,43,63,62,-88,-88,-85,12,36,10,-77,-5,128,-75,223,20,-62,68,-41,-94,74,211,170,106,173,22,65,-49,-59,219,160,102,38,172,-60,68,-139,116,79,98,60,-9,126,147,74,-24,-98,108,76,56,-30,57,0,-18,-85,45,19,-22,167,23,14,222,-142,97,205,131,-85,-127,41,86,62,-105,120,159,-156,225,89,81,200,105,243,-28,-105,110,140,-3,55,-177,106,-18,172,88,20,-19,58,-58,43,36,77,-70,150,-55,145,-49,104,-80,22,129,86,222,-89,75,87,247,44,113,91,-56,-62
190,202,33,288,-14,193,225,155,217,122,50,7,39,96,169,124,-13,42,-180,-86,190,247,12,-35,142,29,105,53,-52,-26,121,93,-74,-29,135,98,265,105,112,29,103,7,-8,43,-28,27,89,-7,34,28,245,171,-6,34,-73,158,70,-87,-96,244,96,25,103,-20,7,81,-164,26,41,43,-68,93,58,97,209,4,98,-68,289,-31,89,91,110,50,-111,27,-49,62,59,84,72,67,55,107,48,149,139,28,125,-177,65,134,172,135,215,59,55,46,209,-27,256,105,238,89,-60,118,43,66,140,-90,93,-15,53,5,108,71,73,29,289,13,39,10,50,282,8,-6,116,-55,-175,95,-39,40,33,133,56,66,95,200,261,104,178,42,67,-69,93,52,-2,-208,135,-1
93,146,181,69,86,-21,-94,-68,-99,256,59,226,28,78,-77,138,-11,-5,-142,190,-18,-51,96,107,187,-45,-25,184,-179,192,-26,87,-107,-90,10,-44,120,39,-5,-66,99,4,196,-103,42,-38,59,-40,12,17,-44,-98,43,29,160,14,-18,17,49,-16,-23,-240,-63,93,-12,-144,186,172,7,-41,-86,-26,111,-108,131,29,123,-1,98,51,91,165,223,18,133,-87,10,-35,142,-125,89,-89,-202,-233,43,42,-236,-100,46,52,-68,-15,43,94,96,141,92,115,37,-177,52,126,104,-35,-85,53,200,-51,7,26,130,93,48,81,30,41,33,151,79,84,-35,58,-26,60,91,104,149,58,127,220,-87,-51,-62,192,29,54,139,193,57,5,-47,70,-14,-34,-45,-67,92,201,-51,74
30,-164,94,-113,-102,6,119,-87,-29,34,-24,-171,60,-9,28,101,121,179,176,-46,-66,-60,78,-105,-146,114,121,1,100,244,12,-57,-24,-8,-28,-72,-84,74,127,180,-59,166,-9,57,7,122,-74,-138,104,-36,-2,61,112,-205,-309,7,183,198,-18,63,111,-73,-5,216,-181,90,-43,-194,264,-80,79,158,-179,-221,45,157,-96,141,-73,-32,325,-30,294,-183,-122,-62,112,167,142,-183,135,199,69,53,98,16,-117,283,93,92,58,14,192,49,111,49,104,-79,39,136,-3,-64,-49,-31,-110,12,15,20,1,59,-1,6,-193,-101,105,112,86,76,155,136,-153,122,40,-56,70,30,-159,262,77,12,-47,-6,-102,135,-11,104,-24,-119,38,174,-13,181,-3,-122,-178,-47,30,-42,80,253
74,49,-78,86,108,187,-51,78,60,142,26,151,46,159,-5,-85,17,80,-65,222,72,-30,-84,-71,-1,-67,-39,90,53,113,31,237,-63,34,133,119,153,-21,37,-129,79,225,87,3,14,-6,109,233,-17,44,-1,-179,111,57,291,109,111,194,-11,121,76,-16,37,-21,10,98,-6,142,-115,-47,-3,33,114,19,-83,-61,102,-95,184,-104,126,181,5,144,-63,-164,197,98,191,92,209,136,233,-182,213,124,82,-201,196,46,20,-41,53,197,105,-101,-32,-22,76,169,-24,-224,250,0,-98,189,159,-273,160,56,104,201,286,167,129,208,16,174,36,95,-325,-74,198,14,-16,-4,159,-62,30,-37,-85,3,-65,109,102,-110,170,19,217,-96,348,-10,-80,-65,-73,-51,-92,12,65,106
27,108,241,90,-104,-129,224,92,37,227,154,141,16,92,115,-63,81,12,292,-132,-16,123,66,118,-8,106,203,-47,122,-30,31,-93,77,137,-127,152,338,-137,334,80,0,145,-39,-24,151,-56,-159,68,-185,65,154,55,105,65,45,-35,98,-13,-73,52,-69,-48,-48,-69,186,300,185,56,16,-37,198,20,-105,118,217,26,110,104,184,195,4,32,-218,-81,126,200,61,100,-58,-53,-102,-101,114,69,29,35,95,-62,16,229,102,159,345,-227,-2,-179,73,229,-83,128,-42,90,167,155,-113,-16,123,97,-83,235,19,6,59,-7,206,165,110,29,79,25,27,221,82,-76,-72,45,66,-52,200,39,-138,-47,-50,96,58,27,39,58,154,84,94,43,-54,-4,22,166,61,138,34,-10
116,-4,249,56,65,-47,86,140,2,132,208,17,35,47,401,170,32,-11,-99,-69,393,-13,37,245,0,-83,-32,176,0,-47,50,55,149,39,23,65,43,-22,-94,57,43,60,-17,-78,-77,35,162,81,121,131,-106,14,-12,204,44,-76,160,-84,-140,-32,157,26,-85,237,164,56,65,-1,170,-55,32,27,-30,-31,49,211,27,121,84,39,145,-98,48,119,153,-128,235,-73,149,-36,-44,-49,7,52,5,179,7,-38,64,167,-72,-35,43,-64,147,-15,50,279,53,-48,253,139,85,82,42,-20,205,108,219,135,48,194,44,274,185,205,177,155,214,61,-117,125,-51,64,77,105,-72,169,199,52,79,-88,89,212,272,115,230,131,31,-68,105,238,132,-124,187,-108,110,64,-38,178
-85,74,23,229,-102,4,-161,179,105,92,14,-43,-54,355,103,66,175,-55,70,-12,151,204,72,132,46,-65,89,32,97,316,188,39,13,148,-151,194,76,-139,153,-263,98,33,112,128,-116,25,190,-44,45,-61,-125,-18,-112,-212,-109,233,19,-63,-29,121,100,-149,3,-64,-19,92,-157,-29,226,-34,108,-3,51,-71,103,-57,104,3,129,174,36,-33,90,-105,84,-32,55,52,131,-112,139,-42,100,-142,-158,100,-150,84,-31,8,-87,-107,266,-15,76,-47,163,78,52,-72,42,76,169,73,-81,66,-17,152,141,-78,-10,-41,37,-55,190,135,-82,103,-27,-58,88,78,15,114,14,114,138,138,225,26,-105,-84,-88,131,78,-73,-48,-118,172,89,213,-131,36,-151,120,55,-130,31,95,62
-99,96,98,14,116,18,160,44,47,25,-21,-144,175,99,61,221,122,88,123,208,-38,165,2,163,124,121,84,263,248,133,-39,-6,-87,88,-55,7,34,-13,-3,123,106,-5,-14,-121,-51,62,128,92,57,-99,-131,-47,-18,59,-5,176,161,115,-4,83,-41,87,-102,-5,34,46,-31,155,-135,28,74,229,276,39,-82,-12,-68,83,-47,144,179,71,125,84,-1,31,265,86,196,-227,73,-23,118,27,155,-7,113,185,103,153,3,95,55,132,23,-14,-74,11,130,16,124,107,-28,-8,-32,65,120,154,51,-4,147,239,56,6,-100,40,39,166,-60,107,-82,-147,159,123,-52,82,-45,185,110,127,-141,136,49,285,-30,69,-74,-17,106,124,159,159,30,3,214,102,57,-30,11,79
113,-128,183,277,-21,245,69,88,56,36,38,-31,146,-152,164,22,116,83,-127,-65,77,204,103,48,257,-110,29,157,139,-68,-163,68,106,160,172,271,139,176,-105,77,157,20,29,112,-126,72,304,126,-9,-82,148,20,-222,119,-98,48,-2,-31,-106,-151,-100,23,246,261,2,-100,120,58,-93,-46,112,-192,50,22,87,-208,-1,84,20,241,137,-4,22,34,159,-122,5,46,59,-23,23,-24,53,209,2,-41,99,-94,100,54,152,-94,-29,-75,91,-185,-177,53,-103,114,-95,36,334,-86,19,-129,35,-127,-10,90,-17,-97,45,151,10,-3,-194,104,161,53,-9,89,179,77,162,34,-55,147,91,-18,80,6,-34,-78,323,64,-10,26,178,14,61,-70,62,1,123,7,120,109,165,54
-3,67,-7,34,-98,-128,85,-10,-1,139,84,-121,-51,-227,41,85,-154,-13,-72,99,-107,10,-53,190,249,-29,73,120,141,38,-105,-13,110,-32,1,71,-33,-2,-16,79,27,-5,-99,-103,19,-50,-36,-74,45,-2,-93,26,-96,25,-29,70,148,-89,-128,-101,-77,110,-87,118,31,44,-128,-23,-80,-22,63,5,75,-79,87,37,-37,-56,-94,-26,127,-96,42,-20,123,177,-33,155,-82,-144,-5,-27,-4,292,102,-54,35,-24,61,55,-183,115,-18,1,-98,-117,-6,85,183,185,-69,26,-2,-4,111,-6,82,22,11,19,-4,98,112,-153,-34,-8,137,175,-47,-130,28,89,203,56,14,131,-9,61,30,-6,-40,16,8,103,203,-67,-50,160,-129,33,117,215,-36,107,124,83,114,87,-97,208
126,34,9,138,39,-3,79,111,161,-4,-151,-107,29,-251,26,88,19,56,-97,135,33,92,2,-44,130,-6,-43,-105,-131,-25,41,20,-91,-77,-35,-34,-75,26,-78,25,-45,-101,161,-63,-153,-38,79,-51,-39,20,-6,137,91,-12,-98,-98,21,88,-16,126,-39,112,-12,55,-210,28,-30,21,134,285,-127,-140,-23,-15,-62,-107,45,-32,-98,-279,-23,-73,-59,66,-9,10,-90,-70,-6,177,119,4,82,48,277,69,65,150,-145,70,105,13,215,131,-118,49,159,18,22,0,69,113,-167,176,182,-86,21,93,-24,-130,7,21,-9,-38,113,138,-133,-81,20,172,-175,23,-123,-94,-76,143,41,-61,-41,-94,32,127,46,-35,105,5,50,14,10,-67,-175,-51,-81,146,-55,272,-74,-13,152,59
98,135,89,171,-37,45,-189,-73,43,268,214,229,52,63,184,-69,128,-52,-228,-159,145,38,12,-13,28,79,-39,202,113,-96,55,124,-105,23,-36,127,144,157,126,-8,127,5,-13,132,127,144,30,153,32,-162,26,-70,-95,80,117,67,183,-114,-167,123,235,-20,40,194,115,36,186,12,144,-7,90,59,16,166,94,159,301,144,120,82,-26,-36,-85,32,162,149,22,-97,-55,51,-66,-1,37,-109,60,-202,146,-154,-131,127,-7,-209,-38,-4,220,1,234,79,22,-75,42,92,248,224,-110,95,-88,-104,134,-102,97,97,19,-1,12,171,114,-70,130,278,-63,68,65,158,-4,208,22,137,-185,-114,30,-92,94,-32,14,-31,94,-137,0,-94,-39,-72,183,-51,-71,-39,183,-48,-42,94
244,-75,-53,38,39,23,-128,150,24,-11,79,90,-109,-26,-64,7,62,31,-8,216,194,419,37,51,14,-151,1,12,141,70,-66,-16,-25,24,-125,24,-79,-80,98,-65,78,-50,-216,-37,25,-148,210,98,56,-124,144,26,-124,197,48,174,109,70,186,2,63,36,122,108,41,113,77,-55,35,51,34,27,-10,24,7,59,182,6,-119,-62,60,41,-2,-160,74,-36,134,-33,-13,27,-58,1,34,-125,-75,-2,-112,0,103,160,-27,-21,-53,-58,-131,105,-43,194,83,64,78,-4,118,-50,178,178,-17,176,-32,75,-51,-220,14,66,23,143,20,27,168,66,73,-61,2,168,31,49,0,39,85,52,64,-96,139,52,7,-141,79,-26,-72,-238,113,62,222,70,39,-19,-18,177,-61,53
169,-126,99,-59,72,27,-35,49,210,-132,58,-14,66,122,-75,58,-51,-94,-181,26,-21,38,106,-94,119,100,-98,-26,63,112,150,-27,21,157,-67,34,124,-58,-218,22,-148,7,4,153,-7,-119,83,-80,-108,-10,-104,-16,-150,-37,15,-165,-22,186,-65,-81,7,-23,-84,-40,157,-69,-352,-57,93,-105,-4,-38,168,-15,-156,-137,-147,-254,-155,-110,-201,-108,78,56,-53,-72,196,-87,161,11,65,-141,210,18,-44,-35,61,163,-85,-86,86,-211,-129,132,29,211,-147,120,63,117,4,-47,10,41,136,17,78,3,36,-295,-117,58,125,152,208,-11,41,168,61,53,8,-92,-12,-74,11,23,-34,124,56,12,87,-68,-57,13,-14,-3,-85,-15,68,-49,-1,-87,122,42,27,-19,-108,42,75,50
25,-186,70,85,-64,173,-126,-72,-227,9,223,134,14,72,16,4,91,-9,-31,79,-71,189,241,4,-4,-123,-86,37,139,-1,118,86,152,-141,165,261,113,75,152,-23,55,-29,168,-10,45,169,156,117,18,-39,309,53,-32,91,190,185,149,153,-37,51,71,75,-12,21,-128,-4,133,181,64,46,156,162,85,233,53,215,-7,100,99,96,101,92,169,-152,76,106,64,149,-4,140,73,22,17,136,62,84,-75,145,134,5,126,49,-53,-62,-98,-100,66,142,-104,-46,29,79,113,96,-95,84,-52,-152,142,-75,169,-138,63,69,25,317,189,194,106,-9,-58,-116,-10,129,107,37,-2,112,82,24,-50,23,37,-96,88,74,32,72,54,11,16,87,155,4,-51,5,-30,86,148,-22
27,-42,-32,-32,126,84,165,97,148,109,127,191,-1,137,85,50,259,92,163,136,344,546,135,81,104,245,-2,39,145,65,-6,-16,-40,80,-145,185,-21,-46,280,-84,26,191,-34,33,-58,103,273,123,-3,-46,102,41,122,213,118,145,-23,203,73,-29,-11,41,-107,79,56,79,55,-26,92,270,22,239,67,74,14,197,5,95,92,39,-55,80,-43,-82,310,-34,113,-11,50,131,-47,55,-78,-22,-1,-11,157,-5,18,118,63,32,-13,89,196,-62,-46,190,-90,-105,9,80,286,25,40,152,104,309,218,57,37,197,104,17,194,65,146,193,114,-28,77,-59,-86,258,54,65,149,-4,154,282,123,-100,-108,127,-4,75,-78,-24,163,-28,234,167,96,203,152,-95,122,-78,1,404
