-152,90,6,26,281,24,-33,77,-19,-37,1,34,-116,52,-125,-60,173,-141,96,-54,184,80,175,-29,-2,-22,96,109,-3,-14,156,-43,65,-7,-11,13,-208,42,55,-114,193,105,-33,25,167,60,-66,9,190,-196,-122,-83,-4,-4,-18,-16,-33,-34,-109,83,54,-44,-3,26,13,154,7,-5,95,113,-89,90,89,-43,-16,155,-94,18,-16,128,89,-96,65,141,122,159,22,-45,61,20,-5,-32,-96,110,89,-149,70,91,119,-77,141,189,-35,160,-185,-85,34,60
38,-9,-82,-15,157,81,-21,8,-55,-56,134,-16,6,172,78,169,12,-34,7,96,44,32,219,-63,-40,63,-55,42,-61,98,-46,-99,-153,83,-174,-68,-240,15,131,57,-15,72,50,91,8,-19,-69,-16,-39,29,155,-22,9,-46,87,-31,73,15,-179,91,-175,92,-183,78,171,60,108,39,-44,144,37,-43,0,71,-30,181,66,42,49,-22,12,203,200,-41,-70,4,-64,-173,79,-15,17,-160,15,56,181,-31,-122,-35,63,40,-45,112,-18,122,-71,154,22,-11
180,-28,-57,69,-19,-108,20,15,216,17,-127,114,47,40,-38,-21,63,17,80,-33,8,-13,81,113,100,103,-22,78,53,29,51,19,97,-33,15,-45,10,-10,120,-38,-86,59,1,-21,34,7,-67,-18,34,-39,-7,2,42,43,-46,177,-11,43,-58,-2,68,264,127,-10,-20,13,-110,-142,63,-40,97,-86,-43,30,-23,43,-65,-2,-34,-9,-1,112,-107,-105,-7,-69,47,-56,-55,-12,-6,151,-48,-103,103,-18,46,-7,-29,65,33,177,181,-50,136,3,104,53
-9,-76,-121,-18,-113,-32,-105,-58,108,-127,101,203,-1,35,-16,57,-61,19,85,-188,39,-53,116,161,-5,36,-20,-276,-2,-71,-90,68,-69,-80,69,6,-73,57,-72,-49,135,112,151,-53,-50,76,162,136,-32,40,66,-105,-22,149,89,-140,46,-114,2,196,-45,-22,51,-57,145,-112,-78,53,-84,116,58,29,19,24,63,105,113,13,47,-85,34,23,72,-72,-175,-78,85,50,-100,1,138,42,36,84,-246,102,86,-147,16,158,133,-12,-79,-10,192,-97,31,-22
41,-56,61,-80,-110,107,11,-7,109,268,31,44,141,73,-38,-59,-138,-18,191,84,65,104,103,157,-38,138,47,-16,-45,215,-51,30,-126,40,-41,-32,93,71,-78,-56,-241,213,-37,-64,-129,36,-77,235,-4,-52,24,-10,23,-160,63,39,-170,-16,-76,-31,47,15,84,-50,-28,130,56,22,72,-93,-145,-68,-186,156,-51,45,70,43,9,110,-3,34,100,-7,4,-5,100,169,-205,118,-105,-22,-10,-24,-64,-80,20,6,202,81,-123,27,166,-100,-23,-64,40,-71
128,-18,40,72,107,13,-3,134,-46,234,78,-27,99,-27,9,-161,4,195,-101,-38,-78,-12,3,189,114,19,84,39,110,80,-79,122,49,-13,-29,-36,66,149,-121,102,71,15,-45,102,74,150,57,45,97,24,180,75,99,71,-166,71,-88,14,-36,35,-131,-44,134,78,29,-12,59,47,129,-2,-103,36,-80,3,-14,-61,21,56,-13,-63,14,47,247,52,84,300,50,42,-31,84,-37,20,144,4,-5,-4,81,54,145,104,-14,-78,61,77,-83,18,49,42
-5,-23,21,142,37,25,-74,39,59,1,-59,50,-57,47,5,15,86,84,-30,-63,95,95,45,-22,-56,-8,17,68,112,-27,45,18,142,43,-7,10,28,121,-127,-2,112,-174,-79,145,47,64,-51,92,84,72,37,-18,70,11,59,4,-62,58,59,45,-81,-4,-102,-89,53,70,-75,-7,-58,17,21,3,78,-20,-78,-46,38,70,-58,-47,118,-219,-74,61,-1,15,-23,3,-46,-169,125,-55,16,-52,87,-53,-34,38,8,-76,-55,5,-58,-18,-3,-64,45,180
235,-78,-21,187,-46,17,82,-62,184,84,40,132,232,-22,154,-39,58,-17,-48,176,42,-38,150,83,0,189,110,11,-6,51,-105,53,-76,-32,59,-64,7,27,-51,203,-31,91,127,-82,31,-8,41,157,-101,7,107,21,65,76,114,85,68,126,37,6,-151,-83,13,67,95,-80,42,-104,-177,68,9,-3,-202,90,-19,63,197,-37,119,-120,38,189,5,25,50,-28,172,19,-31,-28,197,116,134,-22,30,-115,101,-67,-38,30,-53,73,64,5,72,93,39,110
57,-85,145,143,-56,124,146,25,-33,130,226,-119,21,-28,-38,-34,11,24,117,89,-115,92,-108,-76,85,-68,-92,102,-234,165,36,162,-37,-100,106,84,33,114,-73,139,28,27,-5,50,91,-9,-105,15,59,54,178,98,-114,188,-35,51,125,-135,177,76,-134,-74,80,103,25,94,-65,37,69,-32,-14,12,-101,-107,-24,44,112,176,45,-51,103,42,81,-65,-2,6,168,14,141,65,25,83,54,-8,-2,118,40,-62,111,74,-74,-71,126,25,-31,100,-54,-87
38,62,-77,0,-26,20,16,135,-73,-28,-26,52,156,87,-124,162,-72,124,86,-25,-19,114,211,56,-45,73,-67,-45,40,101,68,-9,39,78,0,-3,47,-37,34,65,-74,71,21,76,47,43,94,-47,-240,43,85,31,168,-46,57,2,-14,-61,4,-31,48,10,37,71,-60,-48,93,-24,87,-57,-49,-80,-32,-16,176,-85,18,58,221,36,26,72,186,-118,-26,-26,117,-19,-21,104,-12,-5,88,10,16,-42,-67,2,322,-51,-32,56,46,-20,-25,9,12,24
-63,-114,25,-53,-6,-19,36,10,88,25,3,-73,77,-10,153,0,111,39,-41,23,-155,194,63,-205,36,-38,-27,182,-6,-53,62,22,-82,-40,-112,134,25,44,-62,-44,101,62,-61,-105,-67,-157,108,67,-58,29,-53,38,-76,93,119,-38,67,-83,200,11,-80,-20,-3,34,21,-8,64,2,83,101,116,27,-112,-47,129,159,-108,-30,-5,57,15,99,60,-41,-23,71,-44,16,127,122,-12,202,-67,79,2,64,65,-180,21,51,30,-86,-27,58,-202,72,62,-171
-174,-39,69,116,180,-102,-81,127,44,-10,138,7,-13,-149,-34,113,65,-23,-27,8,31,86,47,98,-136,-65,111,-39,40,-87,225,28,-61,20,-93,-96,-72,-27,98,22,132,-40,59,-46,137,137,-79,129,3,-24,42,83,53,-74,116,163,35,-66,-54,-11,16,42,-208,-24,140,66,7,-55,136,-40,-22,111,-32,-65,-85,103,103,35,61,160,168,26,-2,139,-14,88,131,-8,35,52,79,-13,209,80,122,-72,58,-53,35,8,91,21,-18,-107,35,25,103,72
105,70,-179,-113,36,134,-27,-83,77,152,-82,10,-81,-93,98,-93,-82,192,-11,-37,-73,-60,184,38,125,-89,-14,-37,-17,84,66,173,14,17,-166,54,130,163,32,126,-72,-3,66,13,4,47,19,-78,-44,95,1,84,40,161,168,126,-122,64,-1,-104,0,88,-74,6,58,92,-15,47,-31,-4,-44,-108,-99,256,75,-24,35,-45,-92,84,52,35,-6,-40,99,130,150,-4,-66,12,155,97,135,-99,208,-62,27,17,-115,57,5,12,-3,37,194,79,-1,-34
-199,116,27,25,-98,45,58,-57,-8,40,126,58,-8,68,35,-30,20,-55,72,78,11,56,-82,179,68,47,133,55,53,32,93,216,-27,-255,137,-79,-86,-46,18,48,21,24,-24,106,297,-22,54,-113,118,37,70,196,-126,71,41,-50,-29,145,212,-95,186,-13,-8,134,115,37,86,-54,103,-7,-164,50,157,182,-118,35,152,-118,-27,23,-26,-83,-8,-9,98,163,33,170,71,-6,103,-2,134,22,172,-132,134,-15,65,-8,3,-30,96,-164,37,65,-34,-83
38,-19,127,-139,-14,44,84,-15,-46,-48,-149,31,5,129,81,-45,79,103,92,145,148,-5,52,-212,141,109,85,20,20,-52,38,-27,-2,62,-77,-14,46,99,-122,49,14,27,-70,-22,-44,91,139,-20,-43,38,-59,124,23,-64,64,68,-171,117,-117,-3,96,10,-23,112,-139,-24,138,198,-126,-7,-123,71,-265,79,184,-49,-100,148,54,-5,-79,52,39,-116,48,-150,-57,34,16,-99,-132,50,-43,-80,12,11,-145,109,-18,24,137,-94,-53,-103,23,-132,-89,82
-47,-70,34,84,31,0,-37,90,212,141,107,151,-31,30,122,188,-73,50,71,-140,20,59,-61,25,151,6,-31,52,82,-33,92,243,190,25,-117,-20,181,26,-19,39,32,167,58,59,-10,254,-104,105,115,96,161,4,186,-101,38,39,173,-17,90,-124,76,-104,4,111,42,97,26,125,35,-109,-62,149,-116,26,158,-60,181,44,57,6,135,0,113,144,81,32,119,-85,-154,310,156,118,253,-64,-37,-62,114,25,110,41,157,196,66,-98,217,126,89,17
97,-30,19,-42,22,51,1,-87,107,57,129,-70,58,-32,-5,26,-60,-28,48,-31,-95,125,-136,116,-32,50,-18,-61,-38,45,6,159,-65,17,69,84,-40,141,-144,49,-80,187,64,13,150,142,-118,65,40,51,-25,16,-6,-3,-131,36,81,7,210,46,111,42,60,188,182,61,29,-1,86,-249,-34,61,-80,-73,24,-49,86,18,89,-178,11,123,179,14,23,-5,-80,28,13,61,-110,117,44,156,1,90,149,15,139,96,8,33,168,-15,-65,-91,68,-174
41,139,-16,-12,47,-76,-63,122,-39,39,42,74,-22,33,33,112,114,76,170,23,48,128,207,35,178,-26,29,13,73,112,328,146,203,9,22,-7,-43,99,-22,68,43,-42,17,79,117,115,0,88,77,52,65,-23,-8,33,-24,-30,-166,-3,9,15,-79,-168,71,141,8,17,-91,112,209,138,-64,43,39,85,5,33,-33,-86,75,-65,127,99,180,90,134,110,5,81,119,14,207,21,305,-63,79,-42,-121,32,-61,33,48,66,-22,-147,205,239,-100,-21
52,97,-119,-5,-23,31,-56,-61,31,52,58,30,-110,-92,155,-191,1,-14,6,90,-39,33,34,42,97,110,96,-66,-202,83,69,113,119,74,-115,-6,57,220,103,202,-34,0,69,25,116,46,-73,49,29,-114,24,105,-69,127,-47,115,-62,54,-135,-156,-57,-58,37,43,-55,78,-39,17,54,90,-35,-20,7,99,41,25,-48,-64,-109,2,139,159,72,31,16,98,168,70,11,15,106,54,118,21,173,-17,-31,-54,-204,70,-54,25,-19,-34,-21,79,-5,-142
-54,-63,-59,28,216,32,-19,33,27,-93,-77,-18,17,38,-116,-26,115,91,-1,70,207,-255,149,-48,203,72,0,121,75,68,126,105,9,-62,-62,-63,-189,39,47,-96,63,36,22,41,199,170,-65,-76,60,-82,99,-38,89,65,-3,193,-97,161,-54,144,-23,64,-32,51,130,-49,-20,-80,-12,60,-89,-83,35,140,63,89,17,-38,12,-37,47,43,86,40,17,18,37,20,-38,22,-48,57,38,0,105,-189,25,148,62,-72,38,142,97,98,-72,41,27,28
-2,52,-20,-165,65,-55,-137,107,108,43,116,-18,203,190,159,72,-46,-40,159,20,45,90,142,126,57,40,138,-44,135,-64,-72,-27,-95,-210,84,66,22,166,215,106,72,42,174,69,220,46,140,115,-15,64,40,69,74,9,-21,-67,112,138,-23,-6,95,112,5,-10,67,-20,73,68,-31,-58,-140,-74,-105,172,49,36,-9,60,53,-124,96,40,-50,-70,68,0,32,15,-45,-5,152,30,90,69,60,-35,71,116,72,-60,69,158,76,-35,-67,3,20,-41
-15,42,-29,105,154,-38,24,-9,-170,4,-7,-7,47,1,106,27,161,-137,-96,-25,118,-58,111,26,47,36,85,28,105,55,20,16,11,-42,12,61,-27,-28,-92,32,72,12,-13,131,52,-113,-50,24,160,90,19,-7,14,145,-43,-22,-7,7,-58,-67,23,-45,-12,198,-90,-39,88,60,7,29,-80,96,-35,-73,157,-17,-59,32,-146,6,-15,53,49,-29,-144,-4,-171,-63,69,66,-12,-167,183,112,135,9,-140,-160,-32,39,29,-25,-28,91,24,46,-45,38
-88,-106,25,-102,71,85,-119,47,-31,101,76,-20,29,31,37,55,-8,-59,23,-47,-8,-46,-79,162,-65,-148,6,127,76,137,-30,115,-159,-200,-100,-69,29,-65,-8,-57,30,15,-106,13,46,26,-136,69,101,80,156,-16,-60,141,61,-102,26,-100,-59,12,82,-3,58,72,131,38,89,-119,30,-37,-7,0,100,99,0,-130,118,1,59,3,73,-76,126,262,41,19,-26,122,89,24,147,2,90,3,54,9,-3,22,146,73,16,42,33,8,22,19,57,-16
-143,129,-32,-7,-48,189,98,-42,-75,162,188,163,-8,-22,-54,29,-31,85,29,74,-93,-48,32,135,143,175,71,-8,-8,220,124,295,-68,-68,-260,-3,-150,21,-47,53,97,152,-87,-106,101,66,88,18,60,90,164,89,65,109,-33,-20,-113,102,58,9,16,-37,89,56,81,132,59,-55,133,-3,24,156,-3,75,148,56,157,92,46,20,66,-25,248,128,-29,-45,56,-41,112,75,239,97,113,98,134,-47,100,107,187,-112,145,179,39,-176,214,150,-58,85
156,153,76,95,146,-45,-22,176,-116,-74,-38,-28,-72,-62,127,74,25,77,-45,181,91,-62,-25,-89,58,-169,73,27,-41,18,106,5,8,-58,-37,147,6,-135,67,146,112,-46,59,118,127,-142,52,83,-174,-31,167,171,11,152,21,171,14,-28,-69,-89,41,2,-14,-160,158,0,64,106,106,46,140,-76,67,-180,1,-72,46,29,-20,10,50,148,63,76,175,57,89,95,55,-16,154,17,10,-151,147,75,-71,-61,77,68,172,14,-205,-77,164,-45,123,156
30,-79,33,83,78,1,-121,45,73,-14,42,-68,-78,-13,-116,-92,105,-9,14,130,173,-111,112,71,55,107,61,46,-32,84,109,8,33,59,-67,-62,-34,8,228,11,8,-136,-37,89,77,128,-169,129,109,-12,130,4,10,10,95,137,19,-44,-179,-4,-150,84,96,-22,138,-90,-2,-153,112,82,-76,-38,-95,145,48,173,24,65,-61,-5,144,6,-20,-58,59,-21,-63,17,234,19,-40,-11,-41,-13,34,-99,-125,-6,-83,18,3,57,-15,178,89,94,155,-38
-57,-75,-134,-47,20,-99,-44,50,60,-77,113,57,72,-74,-63,-91,126,-46,-32,170,73,-149,-35,71,94,-82,37,-23,-56,-68,107,46,-68,48,-7,9,-51,17,33,100,34,-71,10,-31,-68,-35,-158,128,-26,-69,59,74,-41,146,5,116,-48,100,-53,-120,52,46,129,-32,-3,4,-44,18,-26,24,-122,-32,-31,130,52,-9,135,43,45,6,16,-33,-88,102,76,-59,49,48,-26,-221,-59,-10,30,125,-113,56,19,-41,-147,-71,67,2,-124,-48,88,-122,80,-76
-53,-37,1,91,-9,-74,-1,142,18,127,-2,72,109,-38,4,-105,54,61,7,-1,78,-25,32,-74,78,119,82,17,5,-34,44,-19,-6,-74,-129,-29,144,114,-69,92,147,-58,27,108,80,161,48,68,-31,48,-21,157,65,-16,89,96,-44,-33,62,123,99,-10,-53,-150,42,96,112,225,125,-7,-94,13,-38,-93,-6,131,8,194,-112,11,139,96,48,23,2,96,68,-14,-44,-25,-57,72,50,-87,122,0,-102,13,167,19,1,37,-40,-90,-54,-42,-72,118
-45,-58,-39,-49,56,-16,154,-129,70,-22,11,59,120,79,-84,-156,6,52,44,40,-100,-2,30,95,-26,75,15,-171,138,30,79,94,-135,-20,-157,29,75,128,-3,14,27,-52,-39,-19,65,-9,-77,35,39,-37,-116,-40,-95,11,-2,-75,-72,175,-62,-160,-88,43,-43,-68,54,-47,2,-30,60,21,-42,81,-21,118,-107,-77,98,-151,-87,0,38,-48,124,-15,18,72,-61,-31,38,25,-10,65,48,13,58,-60,50,-74,-163,-137,-95,171,7,29,19,-1,-53,-30
13,-36,-18,61,-9,-42,65,59,-91,145,56,-59,148,-31,39,-45,140,-93,-3,89,37,-22,143,21,126,30,46,118,152,109,108,-52,-141,-30,40,32,-120,159,51,101,113,43,-11,-16,43,79,151,20,63,102,22,221,-13,65,54,193,-69,53,73,81,90,26,-80,67,69,183,4,168,82,180,22,-97,-123,-82,47,124,144,182,-32,129,12,183,-19,-16,198,12,32,3,-9,-9,81,-163,152,22,253,48,-70,85,52,39,70,-1,150,136,-52,70,-152,237
140,118,36,-117,126,-42,-27,124,-102,10,29,-81,-78,-48,117,-30,67,160,-54,104,7,-12,6,-113,92,-262,-1,134,-36,106,51,86,93,137,-106,133,-19,-128,89,74,-57,65,131,103,164,-25,-19,-7,-10,101,157,64,101,87,-45,100,44,10,70,150,-27,-2,48,17,-96,125,36,229,-88,29,8,-85,99,-76,63,-1,-164,-39,7,41,9,135,218,40,-86,104,105,-32,23,153,108,11,117,-132,170,-66,22,12,-51,50,149,-123,47,56,36,-21,53,26
183,60,-48,77,26,51,42,87,-114,-13,6,62,77,19,41,99,79,-7,-24,-25,30,82,82,84,73,35,20,11,51,69,164,56,78,17,3,32,152,48,52,106,-98,14,142,138,77,50,54,9,16,-12,271,49,-1,31,211,-69,54,21,18,29,-30,-1,54,0,72,14,31,-57,8,63,87,-20,114,-57,56,-27,-49,-77,-65,-76,-64,-58,14,-18,100,188,155,-8,-4,40,249,139,26,25,78,-44,167,54,34,166,97,71,46,6,60,183,151,41
80,-52,-11,-162,-76,30,88,-10,107,23,-40,-43,-97,-122,85,-12,-117,217,20,-6,-93,69,-180,-2,44,-75,19,-45,-28,-7,-150,89,-34,-81,-153,-16,70,-3,-24,83,-68,54,-107,24,6,91,-29,74,-152,-74,3,41,-147,-15,-24,-4,-33,-58,-21,25,-24,17,77,-106,-130,-140,71,-84,25,28,50,81,-63,-12,-91,-92,-42,-3,-29,27,-12,-22,45,-113,-63,-21,-1,-20,56,-48,-140,46,-69,-47,-123,-17,-14,-92,-109,39,65,-18,-97,27,-71,-77,-119,-52
29,-35,75,-52,-50,136,58,40,-26,81,-45,86,157,96,71,127,113,260,-9,-125,54,177,91,129,46,-106,-17,2,70,258,81,110,162,79,-4,48,44,78,-210,6,-19,125,12,48,71,117,-24,181,93,145,-21,-111,96,-30,-116,-69,10,26,-2,108,61,189,185,109,-85,-145,-10,99,123,-46,-72,-5,22,-14,49,-84,-26,-11,5,-33,-7,-62,139,93,-166,-12,99,-72,-95,163,33,16,36,5,-154,74,49,67,236,-117,-40,28,-113,-16,-28,-35,73,-104
-42,-17,42,24,-85,22,-46,-98,17,-91,-152,-31,67,224,-2,-157,35,132,-9,-76,85,-3,7,146,133,-22,9,-78,54,-314,7,-85,63,86,-33,32,12,-65,-47,-186,111,147,7,13,15,-23,-150,138,31,-70,-118,-57,-59,5,58,-56,-18,78,69,147,-1,128,-131,40,-39,78,300,-46,46,76,-116,19,-133,92,95,36,112,74,-110,121,99,55,-80,-14,-112,81,-118,-66,-13,-15,-213,-18,-10,-9,-29,-179,-10,-113,-10,-77,62,23,89,-50,-62,9,-65,41
-86,-18,-28,111,63,47,-174,1,56,-81,-113,47,91,-6,47,0,18,59,38,-137,126,60,26,108,68,80,124,-15,87,-137,104,13,104,95,64,-30,21,183,51,-39,107,56,-15,47,-24,247,-3,226,-76,21,-152,94,-53,-26,69,-206,-31,-24,87,73,31,-4,-91,-72,157,-75,121,54,-7,15,-218,-15,-96,-71,64,107,50,200,-124,-32,202,-85,129,-68,20,-29,-24,14,-29,-65,-16,-46,57,25,71,-12,-23,7,84,61,90,42,-32,50,50,28,55,-34
-30,36,7,47,-12,-22,29,-8,-50,-145,70,42,89,-22,58,-63,57,-87,-12,18,-4,122,-42,-94,-143,137,24,-140,68,-145,46,-95,102,15,64,111,91,206,100,108,-14,81,167,-80,-48,133,193,109,56,-12,-84,44,-16,152,13,-54,71,-38,-22,25,-116,-57,9,-59,-60,-44,-31,98,163,27,0,48,52,-122,39,99,51,17,7,-57,-33,45,56,-22,57,-29,86,-45,152,-47,68,-30,-25,4,-4,120,13,13,-40,-124,76,100,1,-24,10,-48,52,-48
18,70,-25,49,113,-67,-5,44,-139,36,53,-22,58,-36,92,156,49,-41,147,-79,-50,-30,68,-117,97,-139,-69,138,-24,55,160,54,45,-114,56,81,11,11,-50,76,90,-40,152,48,101,-5,11,-224,3,85,18,29,-117,-13,66,-26,71,-117,-19,39,73,-44,-35,28,45,78,45,135,22,63,110,129,48,-87,138,-11,45,51,44,-8,78,147,-13,106,97,50,19,-16,-67,112,141,-25,82,1,116,-42,-103,80,-7,53,-87,-53,-52,33,-36,-3,-17,-46
210,12,82,70,37,-55,76,-50,91,-119,-19,101,-47,142,87,18,-58,37,67,75,32,49,-20,113,-21,-59,-83,36,62,-97,-139,-40,-31,6,170,36,-13,-56,-7,-87,96,-92,162,-16,210,-8,-162,37,-90,-50,-66,65,-27,50,8,-78,53,-35,4,115,-96,-68,-33,10,166,8,68,-20,-15,88,41,25,57,-14,-74,-104,78,34,93,-105,160,77,-48,36,132,56,-127,-58,87,-19,2,-56,-26,-6,68,3,-56,-12,-23,-5,82,44,40,-72,103,-38,185,141
43,-70,21,-154,179,25,-108,247,22,120,7,-63,109,-53,166,-102,-13,-64,50,39,-26,-187,70,61,-128,-85,205,-16,160,94,52,101,29,-78,-41,-113,-77,-11,33,131,67,20,26,-16,105,-36,-1,87,-35,93,-25,123,23,79,-89,-83,28,129,-134,164,47,140,53,-76,122,-140,105,-74,113,-117,-239,7,-135,128,109,5,-105,149,-159,35,171,7,121,-56,7,-45,-151,25,10,-59,-42,45,-56,5,-20,68,-30,14,117,-153,101,42,9,8,-4,92,-137,-80
42,182,40,83,73,117,119,-2,-211,-53,52,-46,62,104,-194,-43,-12,144,-51,120,45,-50,217,18,66,178,6,-63,-95,152,212,81,-86,15,-42,122,-62,105,42,-105,177,52,31,-54,132,-23,25,103,39,116,224,-86,38,47,-134,74,-5,196,124,70,-18,77,55,195,80,9,135,98,-74,9,34,-76,14,119,114,97,4,-49,47,93,-23,113,231,79,-106,188,-42,-24,26,223,72,56,58,-20,69,-5,140,118,84,-84,73,32,90,-32,107,166,8,118
217,95,-19,-21,-146,-12,-14,24,118,94,-74,89,84,-146,149,-66,-100,188,9,-14,-10,-43,176,28,-52,170,32,-197,-57,101,-94,250,80,-44,-42,16,8,-31,-53,257,-83,71,42,24,-90,115,213,50,-180,67,18,150,-50,91,132,-13,-5,-6,-60,-28,23,-67,175,-98,149,-87,-25,-58,-117,6,116,-81,36,36,9,115,-82,-20,-24,-90,233,228,185,17,99,-104,55,120,-22,-105,38,101,-63,-47,-41,-43,-46,25,26,99,143,-4,-40,122,105,-53,-17,17
-16,139,-244,-125,16,0,126,0,-32,15,85,65,-16,-104,-31,75,130,-109,22,147,-72,83,114,12,19,1,-48,43,45,18,66,84,63,-97,28,82,-78,11,16,53,74,-76,-78,100,-30,-2,81,43,-20,-31,-3,-58,-11,20,107,-114,158,-24,43,39,111,-9,-51,42,130,-24,63,26,-73,35,133,78,107,30,-22,75,-139,-34,149,-127,-120,11,149,16,94,14,90,88,-31,178,41,122,-105,13,-77,-43,55,73,-71,-62,145,113,32,96,-35,3,-33,33
0,-51,40,-7,25,-44,-189,63,155,37,102,-77,117,215,199,-89,59,-164,80,-67,107,193,66,134,41,36,43,29,78,-88,-175,-30,-79,70,225,-4,11,215,70,-81,64,-90,-102,35,-83,83,62,263,314,55,13,58,-6,169,-112,-33,149,-101,-24,15,76,-138,102,111,95,145,-71,-55,58,79,-75,49,-74,84,112,4,1,-15,-106,18,-3,-24,45,-11,83,116,43,94,-42,16,171,77,182,105,-229,134,163,-11,89,19,129,64,17,-1,141,128,-84,52
82,116,78,-98,85,69,-49,44,-57,64,-32,-17,-38,122,-152,96,-1,15,53,129,169,-102,-7,78,-52,17,92,158,-136,123,86,-61,-34,-104,-112,4,4,113,-12,2,-13,-97,37,80,26,-43,33,88,5,12,134,-49,132,-45,-54,11,1,41,-68,-5,30,72,76,-7,-60,25,52,17,203,-82,62,-36,104,-33,-3,13,-132,-42,48,-79,-119,86,51,45,105,0,-49,53,105,29,42,121,-56,23,6,45,-6,223,49,-109,84,90,21,-90,49,47,-57,125
227,-35,181,117,31,49,78,50,37,-50,88,34,92,176,59,4,13,71,-13,170,104,4,121,56,62,22,-108,94,71,40,-49,-13,39,-21,56,29,93,57,-83,17,42,-57,182,-63,23,-38,21,-25,82,54,83,2,17,58,113,121,21,53,-43,127,-190,-56,8,4,73,-67,-101,-45,49,-29,-6,60,-170,-42,15,79,-34,16,68,-68,70,-27,-136,31,176,19,114,-71,175,0,44,217,-35,82,111,-12,58,69,177,63,-41,8,123,92,-23,58,241,39
-4,122,90,15,123,110,-284,-26,48,-119,-40,-36,-16,159,57,52,83,42,-13,88,147,-50,24,95,133,-101,-22,82,165,-108,59,3,46,99,109,-12,-37,60,270,-182,117,55,91,102,98,61,50,34,-25,56,18,71,50,13,48,110,-19,-70,5,2,69,-56,-83,-8,103,116,80,81,63,78,-39,103,11,80,109,11,55,-85,-190,155,17,72,47,35,-37,336,42,-91,46,57,249,100,154,101,198,-13,-57,-43,-47,23,112,-93,136,-18,74,147,102,44
9,-49,-53,-122,-67,28,-5,-108,112,36,-24,98,-77,7,208,-81,72,190,-90,24,-77,-129,-69,12,51,-14,70,41,48,-44,-99,66,73,-70,-46,-105,99,5,14,112,39,194,26,-5,50,125,69,-32,-13,124,-10,53,-89,197,114,-15,-44,63,121,71,96,114,81,-14,14,57,147,11,11,-124,-156,-59,15,137,-9,103,4,45,-156,130,154,-8,19,90,107,-26,73,119,-5,12,162,125,75,-108,142,-23,96,-63,37,11,157,13,87,-10,-33,-18,17,-46
21,-82,95,131,-12,-69,-176,-82,135,-47,144,-34,-161,49,123,11,154,60,-30,52,-15,70,131,-27,23,-42,189,-15,60,-23,-47,-13,-98,112,122,132,19,-37,94,81,47,51,161,-50,-36,16,-140,68,-49,20,202,63,100,47,93,57,48,-52,-18,118,-60,-34,-42,-80,185,9,-37,100,-12,-101,69,-20,-53,-18,139,39,193,25,49,68,130,26,43,52,96,-41,130,40,47,77,102,134,196,-66,-46,80,134,-11,117,148,-18,199,-27,-15,161,-43,183,28
181,78,-3,25,173,98,-188,60,115,-64,54,106,-89,-77,-11,7,55,61,36,-7,96,72,61,-52,70,62,4,-18,38,146,81,98,78,28,-75,140,31,127,143,40,-5,83,189,217,155,202,-7,-70,6,44,247,124,93,15,26,156,28,-25,-56,51,28,109,157,-13,55,119,-101,150,92,-22,133,125,92,-65,48,-16,-70,-13,-3,-81,-48,50,134,-19,-1,173,146,-39,89,2,183,44,161,49,-39,-109,6,110,25,44,49,63,72,8,33,-30,44,-36
204,-54,-104,12,128,23,-6,-51,-143,-29,50,68,291,0,162,26,119,24,-57,92,-18,48,58,51,19,-14,-15,-2,36,71,103,-51,-72,83,-71,131,28,252,-23,-101,187,87,33,23,17,-34,127,80,-163,7,192,83,-26,211,-55,-7,71,46,182,-6,10,89,-8,-59,58,-99,153,118,93,-88,58,-73,-147,-132,24,-10,-132,75,19,-124,55,-32,79,-53,56,-15,46,-22,27,59,8,4,103,133,-9,34,34,-27,148,-57,54,44,33,-27,-177,-17,19,-23
115,165,43,69,21,109,-8,-48,44,-136,86,-90,-109,143,20,230,49,44,51,130,-41,82,102,-20,86,11,23,-82,-94,-28,84,24,53,-25,234,109,35,105,143,-19,-35,-67,57,31,3,38,24,-79,-53,1,97,-57,43,26,-58,11,124,-71,-45,-53,-142,76,64,102,77,24,-32,59,59,51,-25,31,-11,56,54,127,62,-44,231,-15,-27,94,-29,-83,82,87,183,5,116,-99,131,20,10,137,85,49,-15,102,77,97,103,-49,-40,-52,43,24,74,-42
13,-16,66,37,69,119,63,141,12,55,132,10,51,-153,-11,5,100,-108,137,65,-48,-19,24,-60,-20,-77,28,90,-118,26,98,95,-37,38,-142,69,-31,-4,-17,61,30,13,21,-143,-107,-94,-1,34,53,55,77,103,-19,-80,176,8,44,-143,65,14,9,-126,30,-4,136,36,-218,48,-32,35,32,139,-53,21,29,73,132,-71,33,9,89,-96,21,-71,28,91,172,27,27,-31,83,83,72,70,11,90,-14,-162,47,170,-37,41,40,-63,178,72,168,-74
-45,110,-193,87,128,-77,-13,83,-1,5,80,-60,-26,-36,6,51,-116,99,-126,100,80,66,64,-118,14,159,-57,74,210,117,145,14,23,59,-3,77,-95,20,61,72,170,32,-26,-33,43,174,105,-24,33,86,24,110,32,155,63,324,-57,112,113,-23,71,171,137,75,62,17,-23,234,72,-40,22,64,124,149,125,-14,-50,-1,141,18,-17,152,34,-30,-6,-24,95,-61,121,-87,-32,-38,121,-29,180,-24,-32,64,113,-130,191,-20,-20,53,-13,166,-137,29
110,-21,75,-58,76,-91,-169,-80,156,128,117,112,-79,-101,235,75,33,135,87,150,-8,72,102,-213,151,-192,53,0,-24,76,84,104,-13,-160,41,36,-120,170,-90,68,161,210,111,152,138,220,149,-31,92,-40,53,81,-157,-18,51,-68,81,-58,73,73,31,53,42,-90,146,59,-55,87,71,14,32,62,-43,22,19,64,121,75,2,-11,170,193,43,-4,139,11,312,82,-40,-14,131,57,37,-1,61,8,34,5,-25,187,213,63,-88,-1,-4,5,-41,-24
52,64,21,119,-102,21,-88,65,-127,-226,-5,81,-50,54,-77,-61,-111,10,205,52,82,134,8,-102,-114,36,-101,-59,18,19,-26,-32,228,120,-82,82,-7,78,-2,-19,-116,40,8,-30,40,163,47,119,40,117,-58,-156,39,-85,8,60,-162,-162,171,138,-49,-79,-44,-175,-71,79,26,81,44,-59,47,103,-72,-140,9,90,-69,81,-104,22,140,-104,75,105,7,-76,71,35,17,7,42,-31,21,4,128,-58,-11,37,94,-32,64,99,45,2,98,-8,-13,81
121,106,-65,30,5,40,19,92,-23,92,-76,-120,61,60,152,99,-25,-12,102,132,-17,63,80,154,72,122,-87,14,-46,113,-66,-21,32,-94,-59,113,60,-69,156,139,89,-33,100,-65,153,158,-32,191,-119,50,140,34,-18,141,109,-126,71,92,66,-1,77,-11,24,39,57,131,93,39,-192,-26,-57,-57,63,60,-9,-69,-72,50,125,-29,89,15,-107,115,89,-12,67,-52,-35,58,116,64,46,-30,12,-72,39,182,162,-59,185,164,114,-28,40,-16,99,120
-6,-2,-14,36,125,-65,25,160,51,98,-63,-100,-13,103,-121,97,-102,135,7,-134,40,67,108,59,-101,-72,22,21,138,105,120,47,31,45,35,25,-33,74,-104,-22,56,70,7,28,12,116,-150,137,-23,110,-115,-96,220,-262,-99,-115,0,102,51,35,43,84,203,182,115,-26,-95,4,51,-70,-18,-61,43,-17,-27,-104,-59,75,89,-39,40,13,143,62,-98,-135,-62,-185,19,28,-134,-76,-1,-123,5,-40,-20,10,202,-67,149,74,80,93,96,93,-67,20
-8,23,-101,136,32,10,5,-29,-155,-183,6,-8,87,168,10,-50,68,-37,-81,68,161,20,126,-133,66,157,69,159,57,-39,94,98,79,-99,26,16,-55,66,-4,93,188,-78,85,12,36,-114,91,-75,47,91,49,-55,-65,107,22,-7,2,121,0,71,-62,4,-81,26,11,-49,121,-35,-20,56,-48,-135,85,-59,1,-9,-276,-58,-78,67,56,-78,30,32,95,-65,138,-19,81,-51,38,-143,-13,-83,71,24,-52,50,-57,-100,105,48,-46,117,90,83,-116,12
42,-36,-60,-50,31,37,6,-102,-24,-92,-7,22,111,129,-46,5,-74,87,-71,38,-100,62,14,-59,-77,-25,-167,82,-119,-93,-39,-109,-179,180,1,-28,62,26,123,24,78,-89,-16,-143,-77,-79,14,-19,-96,-21,-123,30,-89,106,120,1,-33,-106,-28,158,-40,65,-70,-50,-119,-24,63,-4,42,138,108,-119,178,27,-23,-52,-121,-120,54,150,-160,77,-27,-295,-2,85,8,-92,-9,-69,-83,28,-22,139,13,146,-64,-26,-205,133,65,-59,-70,46,-130,41,182,-37
-127,-39,-59,31,137,69,86,95,-3,89,97,-186,-6,-150,-39,53,106,-38,19,74,-96,67,36,113,-73,-44,40,61,-66,15,61,36,-140,-39,93,218,-66,174,33,-93,-18,38,-43,-119,-35,54,-68,50,52,-25,90,8,-26,-41,19,96,-14,-108,-80,-8,-12,-5,-102,-24,186,141,-104,121,28,72,97,7,-23,49,-26,63,102,-43,41,-50,-190,-28,96,-134,-41,27,69,-17,13,11,38,3,-43,131,1,195,40,-19,-91,118,71,-120,-9,54,-11,78,219,-125
27,22,7,48,30,-55,153,97,90,67,56,100,31,-132,116,66,10,-5,-24,46,70,70,-74,-69,47,59,-67,90,107,-33,107,29,83,-6,159,-52,-49,-58,-27,-7,70,66,179,-61,111,67,68,183,52,-17,-67,-149,-46,126,-70,-6,13,42,144,76,-40,-7,154,-57,40,26,-67,42,101,113,-13,57,-17,41,-66,67,-142,48,-114,-14,133,43,-83,40,-59,162,16,-15,136,-25,188,-72,-17,78,-74,129,-25,23,18,95,147,-71,11,52,-37,226,112,-12
8,-106,30,-18,219,-178,-65,5,54,78,49,-69,72,52,-25,36,-85,113,58,-2,132,4,245,-152,82,-60,-71,105,175,37,151,-55,-30,-43,46,96,48,85,-53,23,148,-54,92,84,-93,-36,58,100,95,114,-23,72,-142,21,190,29,88,-23,25,88,67,156,-119,-134,87,-13,88,24,20,-54,99,-45,26,107,131,70,-91,-34,-213,226,23,-116,-141,18,168,-11,-43,6,-119,-29,52,-29,-47,-41,20,68,82,77,-56,69,56,-5,-81,94,64,73,-79,-50
39,-82,-43,-110,239,15,-17,42,76,12,-25,49,-178,69,19,135,-13,51,115,81,88,24,-20,-170,78,-140,-2,30,106,92,85,18,-60,26,-9,-44,-74,1,13,1,6,-113,-19,115,68,165,10,-61,125,131,148,35,15,-55,182,7,-28,-79,28,71,84,-88,60,74,149,-7,-39,-34,12,-51,27,167,89,-35,-40,-79,46,-107,51,-110,-93,-13,96,-78,146,18,-34,63,22,12,140,-46,213,44,68,-63,-49,40,-48,92,90,104,27,125,76,82,44,-77
77,92,48,-106,171,-177,88,107,-130,-60,124,141,-71,-60,115,0,212,-11,-4,152,139,-6,-54,-173,94,2,-66,18,-6,12,-20,26,-49,104,-82,17,-75,-4,56,14,96,-37,6,44,63,149,102,-51,169,-39,102,191,-121,106,49,106,97,-10,-98,51,180,-103,123,201,152,-58,-62,195,20,75,-37,158,112,87,-43,83,-87,-75,116,13,40,135,119,-13,90,99,-21,85,131,44,-45,58,-41,28,4,-37,-133,1,119,42,151,-63,71,112,86,19,27,26
-36,109,88,41,-17,154,61,-52,6,-4,89,-103,53,42,35,69,-93,155,48,-42,-5,-20,79,99,78,105,-69,-30,19,78,-144,114,-59,-9,8,-82,31,124,108,68,39,127,-104,88,5,216,97,187,30,10,37,-13,-94,6,1,-61,53,-56,-24,83,-19,-3,14,21,118,18,70,-77,-104,91,-94,130,-87,153,5,65,39,102,-1,46,54,-53,22,-152,23,66,89,98,54,25,60,73,59,-48,-20,-104,-47,71,76,117,38,5,5,146,-87,36,-113,53
92,202,25,218,166,-51,53,63,-17,58,218,99,25,0,-68,90,-55,70,57,217,59,132,117,-45,54,144,-127,190,123,31,-49,29,-34,5,-122,121,-32,146,114,72,84,0,125,48,102,38,130,64,136,215,274,-2,-147,99,132,166,151,67,129,40,27,168,32,64,79,30,61,105,78,39,-20,180,-30,43,273,86,27,26,208,-129,-53,54,-15,-79,155,124,33,44,238,100,152,110,32,79,38,-51,135,99,95,76,181,-20,154,72,27,98,68,71
-169,-40,31,8,-275,-31,-114,-220,-63,-191,-104,65,14,-78,-73,23,146,104,93,7,-170,-123,-118,-58,60,94,25,-141,20,-221,-69,-56,43,54,-213,93,-46,-84,-35,-56,29,110,-46,-7,-77,-42,233,-120,-231,16,69,47,-102,4,69,-93,-38,-68,201,47,68,-13,-127,-285,8,11,126,-61,-27,44,171,127,-184,-153,192,62,167,127,-118,31,39,-92,-69,-132,-59,-160,16,-38,-75,-99,-24,99,8,-20,-168,41,103,-48,-8,-6,48,170,-134,-131,26,-143,-103,93
-12,-83,81,-91,17,94,-63,22,51,83,76,-29,170,-11,196,84,86,147,-43,7,94,82,-92,151,-8,57,140,114,91,142,-64,132,-56,-2,13,-96,-1,88,-41,-62,76,-29,-29,155,1,75,17,290,-50,57,208,-12,41,61,-175,-91,61,-3,-10,-6,78,34,157,5,-10,-49,-51,109,40,6,-103,-20,-90,-3,-45,28,-40,1,-67,-28,13,115,206,-43,-65,-13,128,46,8,40,103,108,224,-84,-109,167,-30,2,86,65,-10,-35,-134,151,65,171,45,-54
-2,115,143,189,-27,265,-46,-103,128,78,63,44,23,20,-21,-44,-95,-23,165,206,97,43,102,19,-21,123,-42,8,122,158,116,42,227,-13,-2,31,175,138,-3,-14,-47,141,200,70,68,202,-11,92,22,155,92,-74,-75,-22,147,-143,92,-27,-42,22,-81,30,114,66,46,192,86,39,10,5,-2,68,-73,108,86,-71,46,116,5,-24,111,-56,3,111,201,16,262,-39,190,-63,156,121,-114,-96,61,114,41,123,101,102,54,-33,44,-42,223,89,85,-53
32,10,81,-107,111,-52,100,127,-108,48,55,-13,90,-132,2,-71,71,120,136,53,-8,-38,107,151,-57,-158,208,-80,-52,107,80,31,-62,-18,-42,140,32,74,5,159,23,79,21,-29,107,102,2,170,-133,-68,30,190,192,120,219,-42,-143,24,-12,-8,-82,24,128,-51,90,12,1,-61,122,-31,-3,-118,19,0,-164,80,49,0,14,172,90,135,91,145,123,67,205,-13,-4,-54,85,88,200,-149,157,1,52,7,-15,40,55,195,71,90,58,26,115,19
45,-22,-85,36,-64,57,-5,116,180,144,32,219,62,-146,-25,-140,-35,65,85,-28,-6,-74,-29,176,23,67,64,57,72,17,267,73,282,71,-65,-81,152,-135,35,248,-93,205,196,-6,72,185,-59,188,37,124,35,102,91,11,202,48,26,51,49,38,176,95,128,0,45,64,10,68,-29,-60,-53,108,-19,117,-2,-6,39,125,-47,47,123,-84,10,125,-14,-1,322,49,-145,112,252,203,90,-147,66,-40,127,1,209,72,-35,105,198,-152,192,6,159,-46
86,-51,18,7,-45,77,22,14,-4,91,-38,-3,97,23,67,-145,22,-5,167,-51,18,51,173,20,-45,43,32,0,-12,-11,70,-64,37,-38,10,168,-7,67,-14,69,-56,189,238,45,80,151,11,278,136,-144,128,-14,1,117,136,-45,-2,-46,49,97,-48,23,48,-19,91,14,138,105,122,-117,68,31,-127,108,167,22,-5,97,-136,-61,177,49,180,-53,-86,-38,55,55,34,-20,95,57,-61,25,-85,169,75,-16,159,-20,24,114,55,-12,22,27,92,-60
-1,95,53,128,-39,81,107,-40,-186,41,127,220,125,114,-79,-58,40,10,44,15,-119,47,117,176,110,168,-22,-20,-4,174,40,0,-74,-64,92,137,38,-14,14,-13,196,69,5,-66,57,-35,92,66,96,108,82,62,-66,-56,-100,-72,142,-36,131,-54,78,39,120,217,102,-67,171,68,-63,69,172,93,28,14,-23,66,-32,-12,95,-71,14,-91,102,25,-44,-11,74,-35,-55,190,98,43,-31,72,-70,152,41,-86,166,25,-101,-15,156,-3,33,-71,111,-63
130,-85,-24,35,-60,9,-90,-23,-91,-137,-116,-74,-31,21,26,-59,27,46,38,43,24,-43,-129,-52,12,-8,-65,-38,-117,-138,14,42,-5,-9,47,23,-23,-103,-43,-96,52,7,86,82,10,13,-67,-89,-197,-82,39,9,-103,77,158,20,-151,-139,112,-16,-24,62,17,-108,126,10,73,-58,67,-11,119,-113,5,-149,-28,-88,72,41,-101,-50,140,118,-98,70,-48,-48,27,-1,36,-117,-61,29,-44,-9,-106,8,-83,43,40,-31,-141,-38,-212,-188,108,59,-10,51
125,225,-53,178,27,61,4,-84,-143,-160,-7,268,22,113,21,69,90,79,-20,-95,32,-98,104,179,116,73,-63,-14,-4,12,7,-19,2,20,-103,72,109,158,53,-93,-17,37,63,9,74,103,108,-35,-13,3,227,51,-41,234,30,-108,-38,-37,19,142,56,131,67,32,110,42,119,151,31,7,149,136,69,48,146,49,-13,22,11,35,51,41,45,16,-51,19,68,47,-25,-9,97,168,94,126,91,-5,26,2,37,154,-3,122,5,-23,154,24,161,87
-105,-17,-25,52,115,37,-50,-34,8,-133,-48,47,37,-37,50,133,56,-119,-27,91,95,-11,61,-171,30,61,24,117,63,-31,149,18,135,36,-155,40,29,61,-60,10,25,37,59,-15,66,77,33,-7,-84,109,202,-117,-22,80,118,-34,122,44,-10,59,-113,8,-206,112,37,-106,81,-56,46,59,100,-10,-78,-67,84,-60,-64,123,97,22,41,105,91,126,130,-79,-78,-11,12,234,156,-83,66,-123,-113,34,-102,135,46,-70,78,149,-66,-69,56,71,22,-2
-16,89,7,-88,-12,53,160,-61,4,76,91,57,-72,8,-70,-162,135,189,119,-26,-17,-54,-5,110,18,36,55,71,-86,33,-94,33,-169,70,-2,29,108,-128,158,-13,-18,-74,70,-10,-32,138,-90,25,23,42,167,74,-4,28,132,-34,80,24,-61,-60,121,139,182,-41,9,112,238,-18,13,144,197,-138,40,152,-31,278,0,1,-68,151,45,112,67,26,141,71,44,30,116,174,71,179,-68,-204,41,-51,229,156,30,74,-78,106,45,54,137,-29,6,136
-25,-17,159,-8,57,-16,-4,170,-57,92,103,-33,97,136,65,-194,233,178,174,115,-1,-60,260,-10,79,-40,86,20,6,-65,69,-15,38,136,63,9,-82,-155,-9,-75,87,132,226,-28,-5,-63,36,139,221,37,27,5,31,-24,31,29,25,0,33,115,71,167,-7,26,-78,107,52,-24,188,158,-111,-21,-2,231,117,147,66,-1,-67,129,155,202,5,2,-8,85,150,-115,118,107,-6,98,177,-127,101,-98,41,-53,109,43,23,55,192,-51,150,77,104,-25
-73,35,-70,-11,-73,4,113,172,-50,59,121,13,14,1,138,54,-33,-152,59,82,-82,-65,79,-50,-18,1,215,-23,86,5,-15,36,-58,-165,-46,40,162,38,121,62,65,-61,126,-63,26,-199,54,29,-41,134,18,130,23,66,93,-12,41,50,-37,71,242,140,-115,-116,-12,27,108,216,125,8,-81,33,-69,110,150,78,88,176,-119,324,87,104,-101,10,85,-10,35,15,30,-73,35,26,53,27,175,54,-46,-82,151,118,21,-53,-29,-71,207,81,-47,63
10,97,143,73,-125,134,16,-140,-11,-49,34,-9,99,121,78,-59,56,137,8,94,51,-19,-25,133,17,52,-131,5,49,113,-70,62,-82,-69,-34,85,150,-20,36,110,101,123,-14,58,112,124,8,-34,-1,46,231,59,-63,179,113,60,50,11,72,21,51,-76,216,121,154,182,73,95,-149,49,157,90,49,61,-49,-47,18,30,113,-139,115,-31,-52,9,211,108,244,129,183,42,75,196,31,-41,-11,6,123,134,-22,44,112,52,71,131,93,4,-23,132
-94,-10,106,-161,-200,21,-3,107,-66,-21,-73,-45,-32,262,216,226,124,58,-47,-84,99,-25,88,221,47,-102,119,44,160,-72,14,84,-129,-78,-39,-55,23,-16,-16,166,41,58,-146,101,-8,90,-29,251,-50,17,38,-20,228,14,53,-95,-24,76,18,-35,160,14,-37,147,3,-66,-4,90,0,-33,-130,-6,-53,46,-14,109,-17,37,73,68,57,-1,71,23,-86,31,-160,-42,99,-23,122,-11,171,138,-37,-57,23,61,153,18,129,-24,120,8,40,-3,29,98
71,-33,107,-29,-93,39,-9,71,4,32,-88,106,34,123,56,23,23,107,50,-71,11,-123,27,99,161,-34,-125,84,184,40,55,111,169,-90,-16,-71,96,19,-40,40,-51,70,7,129,28,43,104,104,91,159,62,123,-56,91,51,143,-69,-4,-12,23,39,118,110,149,45,62,96,165,84,85,-92,11,-92,48,49,50,52,71,-67,101,22,74,16,75,55,49,9,165,-189,140,162,2,129,-77,34,29,-28,-45,-64,52,3,-113,79,107,105,123,-14,-1
-89,28,-76,-22,88,122,126,86,-39,-84,74,80,21,33,83,81,-83,59,154,-44,17,141,137,-56,166,-31,41,-27,63,9,60,137,73,104,86,-80,-42,-93,-85,49,77,23,75,-6,42,154,281,-43,104,12,-33,-11,-35,133,301,-78,-26,-142,53,134,126,-89,-64,64,-52,-59,118,-116,95,7,-149,134,33,-30,121,154,-124,60,-2,42,142,63,84,-52,157,72,34,-1,35,17,131,64,95,119,76,-125,52,54,129,119,44,109,-49,92,69,17,131,-79
179,162,99,-77,-3,-75,-47,58,-24,168,11,204,88,42,89,135,-20,124,94,-48,13,86,-58,165,-9,35,-107,-34,52,134,-42,10,63,-86,1,-21,111,25,-80,-164,87,-16,14,73,36,-88,204,134,-133,130,22,94,6,67,-55,-146,95,-51,36,-32,98,15,212,123,-11,-6,27,194,-2,-2,34,-7,105,-127,-57,36,-137,64,74,-107,40,62,-29,-5,-62,-1,18,-1,-50,84,45,139,-139,80,11,-2,-65,46,66,-10,-21,-128,11,-31,-15,19,19,131
-8,46,36,116,131,-83,5,-58,-123,-16,45,-125,-117,-19,-107,46,73,28,-35,164,-5,175,90,-37,126,190,-92,58,74,207,128,-127,-34,-17,-36,184,-102,-13,-66,-86,-12,82,38,-33,32,85,93,-44,100,33,273,26,-191,40,-76,151,17,16,36,65,-88,154,2,49,-51,99,18,28,136,-22,111,-73,46,-143,216,76,9,-10,131,23,-191,107,15,-94,-26,67,64,-50,154,55,-3,-98,-69,-87,-49,78,76,42,-78,-2,39,-50,7,108,-113,25,-134,-22
100,95,75,-51,-8,-66,-45,39,-106,-46,-110,-76,-120,205,158,133,75,47,13,-106,32,115,100,-12,-103,-131,53,57,36,17,2,0,87,-29,57,10,88,-5,174,58,-88,36,-18,134,20,212,-179,48,17,-61,-54,10,23,-53,-27,-156,-49,-60,-118,100,-140,-66,85,79,72,71,108,75,117,84,50,-48,85,94,-222,23,-121,-44,49,52,102,-13,-22,-57,25,-6,-178,83,170,-12,-57,-66,-63,-167,41,-99,-174,30,-16,-10,56,-52,-68,19,6,72,-134,30
74,139,-52,14,130,-78,50,161,-129,96,87,68,61,97,-51,170,-140,-87,-21,50,117,49,114,55,-142,60,-6,65,150,170,-145,-1,-158,0,-110,59,27,6,-16,-54,34,-26,98,-62,-6,-75,53,-35,83,137,136,-113,30,-9,-5,-60,62,40,-183,38,73,1,61,-63,112,64,40,29,-24,15,29,-108,-21,66,-27,-64,-75,-11,-4,14,7,-13,32,-28,-51,-16,-18,-21,67,190,120,-28,-192,80,48,-6,-20,13,272,63,70,-19,105,32,7,72,135,24
35,-82,150,-104,-23,-1,-98,42,-42,3,-5,-89,163,186,230,-120,38,29,43,111,101,33,176,-46,-54,-10,111,19,21,31,-41,-27,-67,108,139,39,25,90,22,100,-113,41,26,-125,24,-67,1,248,67,-9,-139,71,69,-52,-32,-30,-34,100,33,65,46,-78,-72,55,33,-53,-38,68,-42,-81,-200,-24,-101,99,89,2,-123,22,-12,118,-40,-67,1,-5,197,-64,111,44,-110,61,-156,-35,112,-36,-91,26,62,29,88,-33,153,-59,85,60,19,-142,114,-33
74,121,127,106,-26,3,31,27,160,96,94,-171,65,65,36,90,-103,-76,-42,73,57,-27,142,-65,124,117,21,40,130,184,77,108,104,-104,57,-50,32,252,-99,56,139,163,61,-36,34,26,107,128,-71,140,-9,7,135,63,-94,117,113,87,70,31,36,-63,128,106,-52,160,-178,20,-6,-127,-68,54,-147,45,273,26,-119,27,84,46,10,41,-58,142,49,17,-91,-61,91,-80,116,103,119,-45,161,55,90,5,178,-42,107,-35,219,-78,-10,135,-184,64
265,115,123,59,-18,-10,-23,-72,11,33,36,-56,133,108,87,107,-53,112,-22,11,-106,56,33,98,118,21,-145,-30,75,-13,42,-1,-26,-126,40,240,212,107,22,-92,128,118,185,-33,3,-38,69,50,-33,186,41,19,-161,144,-112,-179,166,-83,164,128,-6,181,110,15,65,28,78,83,121,-66,158,-50,81,-128,219,-19,27,-57,72,-107,80,143,-33,65,52,44,9,-64,149,139,66,86,19,157,8,174,169,91,-58,271,124,-7,166,-52,156,116,214,-5
49,130,82,24,59,-59,-75,17,-117,-26,111,136,-138,4,44,-41,-9,102,-38,76,148,73,-94,123,34,0,33,1,-14,-87,52,57,54,94,-168,75,-16,48,11,-61,73,62,2,147,62,132,-126,-94,94,10,44,125,19,-107,-52,75,-160,-194,-170,16,23,26,55,-1,1,182,131,150,122,172,16,91,-64,-42,35,86,71,-85,-31,-107,42,76,109,43,-29,154,8,16,27,-67,-175,38,36,34,5,-39,-20,-25,-17,-29,-15,81,-56,-123,136,161,-99,59
-43,9,-40,-13,-253,44,87,-94,-29,115,-65,109,53,-196,84,214,-64,-32,8,10,-66,-88,-28,-12,78,42,8,5,19,87,101,47,-68,-141,-64,232,180,-28,4,31,35,-29,-108,36,-71,-51,-4,-211,-138,194,54,-16,65,-156,-37,-63,58,-78,82,-138,72,4,103,-73,-40,-156,76,22,-51,-113,175,92,-142,-212,94,0,83,29,42,-38,9,-105,99,-102,-10,-186,-37,-81,-41,67,34,46,-99,16,-88,112,-7,69,143,86,-74,-27,47,-146,164,-24,21,-14
44,137,3,72,5,113,54,-80,-63,-58,-13,198,38,217,-82,36,-85,-25,134,64,202,165,130,34,102,-40,40,-24,58,11,189,-45,91,182,-33,203,83,8,-7,27,-67,112,262,-69,64,43,77,-86,55,0,103,-107,83,87,249,33,-85,84,63,30,45,-65,-13,-26,-43,-81,186,131,144,11,176,109,-27,43,173,-66,111,-156,-83,178,-29,119,29,137,117,116,190,-10,-30,208,161,142,90,63,-32,-165,94,59,0,-51,36,290,6,-55,213,118,85,18
-39,-73,112,53,55,111,-63,-149,-73,-1,-111,28,149,6,-47,-105,18,148,-117,-21,133,-44,-55,109,-24,99,-10,58,-86,57,59,-154,-145,96,-27,-161,147,70,-70,-15,-8,87,5,-62,31,103,-163,114,-132,-48,39,-14,-123,93,43,59,-40,149,91,-60,-37,24,-30,-87,21,69,-125,-161,-54,-63,-99,-63,61,-24,-66,-90,53,21,65,-38,51,-104,-121,51,117,-2,-55,61,45,-14,61,-32,120,-53,-82,32,109,59,140,32,-22,-36,23,-60,-15,-70,-25,-113
192,20,-46,-6,26,54,-130,237,0,79,-135,-124,39,154,117,-87,-12,-68,82,3,-78,-12,191,30,-119,9,5,-49,5,-9,15,-118,29,40,59,100,124,68,100,49,0,-38,-64,-38,-31,37,105,95,-24,59,1,31,117,57,-124,15,108,-15,62,-9,25,-12,105,71,64,-65,-82,113,40,-5,83,-106,2,17,73,-17,-128,114,149,-76,93,91,42,-78,86,-61,91,-80,0,98,10,16,-5,98,38,116,-7,47,45,31,103,86,88,117,60,17,113,120
58,-82,143,-139,-162,-78,-88,-24,138,134,-39,-121,55,-2,48,215,-21,80,92,-106,-114,26,-45,147,74,-73,-101,-33,4,135,146,147,-126,-72,-118,51,122,40,-53,222,-72,120,-87,24,19,124,97,-77,-32,-26,66,133,-87,101,-22,23,40,-124,27,-51,60,-33,143,-77,-139,154,64,123,14,-54,49,-28,-79,22,-10,-115,136,-155,70,158,-82,126,-16,-195,188,-9,167,-11,-82,-94,58,68,26,37,155,33,55,51,-190,113,1,-33,25,-8,-8,-22,-84,-25
116,-10,63,67,186,12,-199,130,121,108,-23,156,-16,101,-134,118,-71,58,27,-86,137,123,196,172,-28,-66,-68,86,2,176,-3,148,12,-98,-26,52,18,158,28,-153,-83,-11,10,67,-14,-37,-58,26,195,254,-44,44,32,-259,-58,35,101,-195,-37,94,-62,44,47,70,171,28,-133,41,-38,78,-34,-37,65,-8,-13,16,93,-48,174,-138,36,-54,83,26,6,48,56,-22,-98,12,57,-12,-22,-53,115,-42,-52,-134,46,60,-78,-59,-71,150,242,-18,63,-60
68,117,-51,9,179,-36,-25,86,-15,-127,-20,6,-99,-47,-4,-52,74,68,30,43,152,6,52,-43,76,-47,-58,44,-45,-124,-28,-81,121,11,136,24,-80,-57,-65,-89,179,26,90,62,53,30,37,-58,-9,61,119,29,30,-56,200,22,91,-79,39,114,27,-122,-11,192,77,-12,-46,-156,-155,141,138,43,36,-152,89,133,-159,82,87,-206,30,34,26,83,56,181,77,121,11,171,147,44,111,-35,-75,-79,68,49,54,116,21,97,44,70,-78,9,15,87
75,126,42,-37,-161,11,99,-24,-165,78,22,98,43,106,152,56,-19,-83,189,-126,-63,121,-47,191,-102,-140,-23,44,80,29,-61,110,-72,-30,-28,-1,64,-7,64,-101,-193,84,75,-48,183,41,-63,111,32,-21,-114,-13,-70,-55,-190,-1,-5,-65,-4,-36,81,13,85,-72,-120,25,77,32,85,95,18,92,-173,-38,108,58,36,21,45,-23,78,70,8,-187,-136,31,-178,-108,64,145,69,-69,-167,63,86,79,153,-28,82,80,39,-109,82,-101,-18,17,-73,2
254,36,75,7,162,-90,4,78,-41,2,-4,24,117,-7,229,-6,45,100,-28,107,47,-32,79,3,80,-151,-58,68,-98,148,-106,-43,-139,117,69,59,-35,76,122,51,153,-36,-95,-124,54,20,51,148,-138,-42,15,137,40,238,-4,123,100,-24,62,-37,97,-7,83,13,17,-76,-45,145,27,-7,148,19,12,-24,86,76,-113,-134,76,60,-49,154,-67,65,96,63,-102,60,84,31,63,154,166,15,-16,-11,-32,-9,56,55,53,-99,47,149,-104,-54,101,72
121,58,55,80,-132,68,6,76,145,-54,-41,144,-152,87,13,243,140,46,70,-82,-73,121,165,-4,110,-55,108,116,57,22,99,203,242,-51,93,-73,35,170,-10,18,57,13,52,165,43,36,-17,193,11,44,95,47,112,89,23,-134,-42,-82,82,77,15,26,-8,116,-9,10,2,38,-41,-19,-147,17,15,-12,49,-31,79,203,15,14,191,61,48,-12,-49,28,8,104,28,-31,271,34,173,153,229,-78,19,-53,100,138,143,-9,166,-60,51,22,121,54
66,11,-27,-110,-126,79,-167,102,89,83,-39,40,83,0,-45,-16,-30,235,54,-102,-122,-6,70,174,-68,61,24,-47,-93,-156,-84,256,103,-79,62,26,1,50,76,-64,10,-40,-16,34,60,-27,-1,111,-78,22,-88,83,-56,143,38,-88,-5,-106,158,142,4,119,-24,-220,40,-105,-40,-59,174,23,-125,-170,50,22,47,154,17,-16,-27,4,171,-27,-10,-133,-60,-91,47,-19,53,-81,-11,293,-49,-16,-73,12,64,11,151,-53,-33,-75,-42,-136,128,64,-13,-33
-31,20,5,-69,-132,142,42,-78,37,-53,67,-148,-33,-35,80,76,-97,-69,58,57,-144,7,26,48,69,-2,82,43,42,80,194,80,146,22,-74,80,80,-50,40,90,51,209,131,-21,4,16,-116,-45,65,-50,121,-153,-111,-1,42,-98,88,35,-26,37,-67,-70,-2,71,-118,110,90,115,-20,105,38,19,-180,133,16,91,-58,-151,-111,227,123,111,69,-16,61,-65,176,42,39,41,77,63,56,-129,118,16,-3,-69,-90,210,33,47,155,84,103,271,-71,-132
183,207,6,43,141,37,71,-56,-124,-7,-58,59,-39,38,69,109,-57,87,59,5,-46,84,17,62,62,-7,-19,120,-16,-43,-5,38,49,-45,-6,154,116,-20,29,33,-29,70,188,46,159,49,-20,-121,-158,139,114,-100,52,-95,49,-192,95,28,86,14,4,39,120,81,42,90,165,51,-79,-9,7,200,-32,-36,79,-33,-77,-1,229,-170,-5,71,43,32,38,126,-39,-49,100,96,84,-53,103,-111,-49,-5,-97,149,26,153,160,108,-28,31,141,29,81,18
37,73,-19,134,173,47,-91,149,-125,-30,17,104,57,-13,-138,-81,126,85,-61,20,112,73,46,366,-5,142,-2,26,-93,130,114,101,102,11,-76,79,-73,73,22,-30,87,38,66,-6,276,54,-53,-81,130,10,262,110,36,159,71,254,-14,34,-31,112,-22,-22,82,61,109,103,-22,60,203,29,-4,36,192,-79,-13,29,65,-162,91,-126,0,-9,156,151,-54,300,144,-40,-52,30,93,113,65,33,15,-110,80,21,121,-170,-60,116,-27,-27,-18,69,88,-12
135,29,14,61,-13,-73,14,147,-92,-11,28,23,25,39,15,154,68,9,-1,33,-42,-40,142,65,90,16,135,-129,105,74,64,110,141,-15,44,101,120,151,130,155,-24,9,134,139,130,16,148,104,-24,-24,56,41,83,56,-104,101,-29,-44,-124,-99,-48,13,-24,25,84,-106,-30,180,70,128,-145,-143,-255,16,42,2,-2,175,-71,101,126,152,83,-55,26,46,-3,96,17,77,185,-84,72,85,45,-11,-141,-49,92,2,100,-202,-10,70,-43,27,-65,131
-152,-15,75,21,-17,81,25,62,-42,52,82,-106,-30,-17,-78,11,-56,18,2,66,-125,-125,24,-125,-34,33,3,-13,-12,41,152,98,48,-22,108,-101,-99,-7,0,104,141,85,-91,49,-8,28,47,-29,4,-7,-43,147,12,53,94,-51,1,-36,-80,-3,54,-56,-50,138,119,32,94,-83,59,-4,7,119,-22,147,168,-59,-19,14,-51,83,-55,-34,61,-50,-133,-15,-116,1,60,-61,-50,55,-88,102,157,55,5,71,3,15,5,-125,54,-37,-122,236,-73,-16
