-19,228,171,-102,210,-177,-144,-123,106,128,17,-33,123,183,-199,-93,41,90,59,87,24,123,180,68,12,297,20,94,125,131,-23,110,-121,90,-75,80,-39,-36,27,113,57,142,79,137,30,56,-109,54,-23,111,218,156,14,-66,74,169,61,65,112,17,29,50,54,136,-65,129,7,-25,84,-2,-86,14,156,-20,-35,145,108,33,81,-12,-28,62,-62,55,117,55,278,-36,114,51,-144,68,172,-88,117,-56,62,14,212,102,42,42,-32,48,31,111,35,99,82,84,225,203,202,-82,24,-2,134,107,-130,141,44,55,78,162,57,-28,-13,-106,-78
149,36,109,-36,-96,58,200,75,168,0,-73,54,-4,29,161,79,-31,-43,141,187,71,77,207,7,105,179,-142,92,-14,-55,-48,17,265,164,43,56,72,75,-99,12,161,127,-167,43,-1,249,-15,79,52,43,75,-1,13,2,36,-51,54,175,21,115,-44,116,-62,0,-85,-19,76,79,27,-80,71,157,63,30,62,48,-54,-146,12,148,205,60,84,-29,92,-14,-128,-79,-35,247,119,88,-78,-53,219,50,77,57,-58,-105,21,-179,-37,195,230,29,-66,183,-48,152,-30,134,67,2,-14,112,162,147,236,214,125,43,-55,27,-21,-54,-101,-86,40
122,161,-46,113,146,13,208,25,181,88,-84,26,-83,90,168,-133,141,-46,-35,-22,-20,-41,-49,-46,-32,76,-134,68,83,18,120,-83,1,59,12,-12,-183,94,68,-58,209,-58,27,45,85,9,-71,215,-7,6,-61,-53,130,37,15,242,62,-17,-27,-56,39,91,-5,-24,136,-31,-37,97,26,-88,17,25,187,230,-204,-27,61,-63,184,29,-156,-24,-108,37,119,-43,236,94,47,191,5,70,-71,84,152,16,-7,-75,-326,-146,-85,-66,-65,42,-101,-34,45,38,-89,-23,82,-50,59,150,64,-16,12,274,-16,-101,-6,-67,-16,14,52,-34,83,-135,-6
108,29,148,94,-15,20,45,261,151,30,290,7,71,149,-16,107,99,-164,173,27,-95,12,-18,39,8,181,-7,-92,132,-70,44,104,20,69,58,-189,-57,112,-45,63,-62,61,-65,-53,16,186,-19,0,-34,-4,58,10,-30,104,-116,52,4,-24,-4,87,-55,89,111,-210,59,78,-134,132,45,37,14,84,36,109,-26,-57,57,0,120,93,-25,61,129,-29,82,19,1,42,169,180,299,-111,-47,254,-13,61,-4,133,-77,-65,11,94,147,-31,96,-96,-75,91,-89,102,117,108,20,217,50,10,-27,266,-106,72,71,59,19,37,41,68,27,71,112
278,124,93,24,30,6,-34,-104,179,-36,37,-158,194,1,126,13,-38,127,115,121,-30,89,136,-152,142,-24,-85,-145,-66,58,0,141,-94,167,-5,-54,-71,54,50,37,-27,66,142,309,-38,-46,-15,105,-42,117,177,52,-4,15,-18,76,6,74,43,12,31,-31,98,238,-16,107,64,-111,65,66,160,192,57,-119,37,-41,-10,88,30,153,90,27,-55,-25,76,-45,63,-27,-32,8,131,128,105,-91,-9,6,-8,99,15,78,35,186,133,127,-87,69,34,139,102,55,64,83,33,14,30,76,85,-88,139,143,175,98,159,-8,-86,110,80,142,1
134,43,-3,-54,68,28,-5,-16,216,69,85,-40,15,51,-54,99,-80,-19,-78,52,76,-179,-66,-34,-36,67,-4,-78,127,-80,110,-16,194,48,-115,57,-59,112,-73,-136,268,84,20,46,4,124,251,81,74,151,234,136,136,163,53,120,187,61,163,76,28,59,26,-25,45,20,-156,126,9,26,59,1,22,147,104,66,-126,15,158,-46,145,-66,77,168,-140,117,91,-63,-135,230,61,113,6,115,-146,174,-11,80,87,239,-49,-16,-8,0,71,88,-84,51,28,-29,15,53,8,0,-96,75,156,230,165,-103,96,64,-85,40,-54,-40,-16,-148,124
205,-152,-71,-70,59,-79,58,67,-56,207,155,193,18,325,147,-134,48,123,27,210,-36,-42,-16,69,-2,-14,153,-56,139,-40,179,-69,59,-83,35,106,140,94,-1,96,115,55,-116,23,225,110,170,146,-76,107,-29,-9,68,133,-35,114,99,94,-84,-36,115,-19,113,-41,64,46,-125,169,46,210,-161,79,-35,-71,36,132,75,146,41,171,132,88,101,-178,-34,29,43,183,95,-45,57,132,-54,58,262,46,-95,-59,96,129,29,206,-116,161,7,183,45,-34,-90,79,170,31,104,49,79,184,205,-41,-20,187,151,-145,-149,137,8,-16,6,190,166
3,228,37,-36,166,-48,-51,-171,95,108,28,-49,190,-17,-167,155,142,-56,-267,73,92,-5,-38,-31,102,227,89,-133,-79,58,154,-42,-37,-60,-55,46,-71,152,27,40,42,72,-1,-42,-154,33,118,73,-160,163,-43,40,114,120,139,87,150,79,52,67,157,-34,12,100,168,-64,-51,184,-93,140,217,21,119,129,-30,35,-108,60,231,-76,-42,4,-155,136,-3,186,79,-69,-143,-35,41,51,48,-72,-53,-20,-23,-152,91,82,-74,126,-97,-4,101,49,-29,107,16,84,156,-25,-87,44,-112,46,4,52,11,-14,-115,45,-130,-55,140,42,-39,-66,-57
96,30,71,25,101,-55,107,93,-13,-12,59,-133,157,35,-29,-37,67,-3,-65,134,10,93,61,27,-134,124,-8,83,-4,4,104,22,38,22,7,138,87,-2,-36,-3,26,57,109,1,-33,215,58,-17,212,25,256,119,124,237,15,13,18,57,35,138,-87,42,-86,143,-147,15,4,114,108,61,-102,57,-37,125,-36,137,44,-39,-26,72,105,201,199,149,26,79,203,-54,75,150,45,71,-80,-66,122,85,112,189,94,147,25,-89,140,32,18,28,168,123,70,-45,138,2,172,90,91,202,187,65,149,-95,164,109,65,24,144,-19,-48,-19,79
17,-29,81,-79,-110,-10,22,-29,163,154,136,-150,-122,54,-54,57,252,-5,-5,48,24,111,-127,-68,-70,14,51,65,167,200,76,29,-81,120,-5,-87,-98,14,198,-99,74,-56,42,106,83,92,122,-62,84,-28,-30,81,93,24,-123,-68,-46,87,74,-21,64,65,54,-68,-55,-35,90,-52,100,174,-69,-138,229,30,-54,41,40,14,-152,32,-14,32,107,105,58,43,116,-52,29,189,52,131,-1,63,81,109,67,35,-47,136,-70,-43,-3,-150,98,-29,-25,56,168,131,-38,-37,105,9,66,111,142,79,156,-135,38,-123,-99,1,-31,-48,28,-70,67
-35,-140,-15,-26,143,68,-252,-47,-137,1,-261,-9,-34,87,46,73,-115,-22,20,-4,-4,1,-104,117,65,26,-52,189,164,-130,157,83,58,-51,-27,102,102,86,-43,4,57,117,151,37,-48,168,-208,71,103,200,2,111,-33,-107,111,-33,159,137,66,89,-88,-1,32,100,10,-148,5,95,131,5,-85,57,-44,48,64,197,-92,-158,24,57,65,-60,102,-36,-22,167,75,15,118,-8,-13,53,-89,-53,-68,188,-65,-7,187,-55,-93,-30,48,116,57,14,-31,17,-133,111,-24,-108,-17,75,33,179,70,-30,-29,141,68,67,148,58,47,211,4,171,-3
18,134,-114,128,154,94,111,-61,-38,140,147,-43,12,-12,-93,-124,24,150,112,94,145,78,-146,59,82,-57,44,164,-55,126,-3,-40,9,35,-40,-179,-125,-3,79,94,111,-70,-67,33,175,61,-29,169,-7,66,0,61,95,-47,-17,100,78,13,232,35,77,115,-35,150,53,73,51,-16,-19,31,41,-16,1,67,-209,55,85,-99,-80,87,126,33,-142,-10,33,41,94,91,132,-17,-26,140,12,-63,97,52,3,-3,47,-10,-105,-149,-179,-26,-38,164,10,-49,-100,84,47,-109,-30,108,112,130,62,-95,6,22,122,-60,-3,146,48,-39,-73,-19,4
-89,123,-194,75,-167,-109,234,21,49,-24,56,-167,121,-67,-33,-133,74,-125,14,50,-20,8,-29,-102,-182,-89,27,-46,86,-98,70,-85,58,-36,10,-121,-86,10,130,-32,-97,-55,97,-38,-14,-56,-66,65,86,160,127,-162,156,-24,-122,-71,76,156,38,63,-59,-67,97,12,23,-199,-50,-65,78,31,139,-2,99,57,46,-213,-3,-112,-109,-39,27,23,178,-171,-45,148,-22,-46,-15,-10,13,36,11,-111,-88,-134,3,-75,-21,-48,-148,122,41,0,162,-29,56,67,38,-60,-25,-72,139,9,-34,148,52,12,80,17,75,76,107,-168,-70,-89,179,106,-134
52,137,-67,-5,14,-54,-4,48,123,128,36,9,167,-42,-7,-89,101,203,34,72,-62,79,-98,-68,56,97,-142,93,-39,345,206,76,-16,307,14,-122,157,68,181,-46,97,124,119,89,-101,61,160,140,-203,176,-22,8,207,217,95,117,-23,129,133,-152,-94,23,223,-5,-15,-30,35,-50,-15,71,162,-251,351,-97,-15,-13,-158,14,-18,-9,18,-100,28,-192,119,65,-50,-75,-142,20,100,-79,6,42,24,214,120,-8,109,75,59,-14,-58,-69,87,-121,170,249,-33,48,6,62,14,81,-33,119,226,227,159,31,158,131,-5,-193,-28,-110,103,-29,-127
-9,39,-10,42,52,94,158,-20,156,104,62,-19,-193,-33,91,4,134,20,-162,19,-31,-120,91,-107,-67,3,-98,35,66,7,-5,-70,-62,34,-22,-88,-49,-40,90,5,56,85,65,29,-80,-7,54,133,75,151,62,-67,35,58,63,166,-122,-89,-40,89,-133,55,-49,56,-67,7,134,-49,22,114,-10,-244,226,40,-153,13,64,94,53,-30,79,-134,-82,65,-63,-40,-29,-126,-123,17,-20,-79,125,4,-167,19,56,107,81,-40,-201,-51,-68,-50,-71,25,-34,130,-102,69,-79,79,104,194,-138,-224,-78,84,51,-64,-68,82,37,6,11,33,100,-90,-129
-86,122,-6,40,-14,30,-100,105,255,41,103,122,180,123,33,46,38,111,83,51,156,-2,117,5,84,-156,114,-81,11,101,105,-32,-16,70,10,-242,33,38,-109,122,113,-65,-33,247,96,-96,82,202,-5,49,27,10,146,14,-158,63,31,9,3,163,17,-80,-30,-29,156,119,-81,-20,63,0,-38,128,-15,153,-64,42,152,68,184,-25,149,106,65,36,246,27,155,128,143,123,101,326,41,100,-20,-169,60,112,-13,131,32,-35,105,138,-44,232,-177,1,-35,-25,118,69,52,2,-72,88,62,69,271,2,89,-107,-147,120,26,80,75,61,199
-10,158,92,33,-97,53,26,-5,-83,137,3,-20,1,135,-160,78,59,-29,-93,84,4,130,37,-54,-156,129,-15,194,136,155,107,252,192,48,22,52,94,-167,77,181,115,80,71,-36,-36,179,84,150,144,48,119,-9,-103,161,109,5,74,35,35,-47,33,29,-58,-6,92,164,-28,185,-42,0,94,-35,133,64,79,28,-107,-102,-52,96,2,181,120,-29,16,104,-68,125,65,83,110,-65,62,-106,182,123,18,-104,99,31,27,20,53,41,132,-3,62,347,7,-17,45,211,308,-20,152,159,389,80,95,315,125,93,66,-70,-10,-274,126,84,-28
56,114,-172,-134,172,-58,136,53,-40,76,-23,61,-50,-85,64,-28,161,85,-25,55,229,243,-40,-29,163,24,-77,299,-50,37,-46,-6,137,-65,86,18,6,-108,-2,135,-1,-13,5,-94,6,208,-50,73,27,4,33,-33,36,212,-31,101,21,-63,124,-54,66,123,-45,3,57,-4,151,54,46,-4,-40,45,-38,-31,195,30,-61,-143,-84,68,-71,27,-10,131,-47,60,-48,95,-36,-62,-129,146,-16,-1,-73,98,-34,-9,108,129,46,-1,-40,-145,162,-23,-50,23,53,-105,-129,98,-68,162,47,-134,-132,-2,27,82,80,-8,121,-139,110,130,106,-203,-25
-50,31,104,53,42,32,11,63,16,55,187,-65,-91,88,-23,-33,92,14,229,180,182,6,123,-14,98,4,204,90,170,40,-41,-88,67,33,-29,94,36,56,144,158,-59,63,120,58,69,62,27,-80,2,-42,-47,71,9,-80,-161,184,190,66,99,-24,60,-10,23,-46,69,52,109,60,195,-66,-36,85,51,143,-27,141,-4,18,178,-20,-105,-39,93,-43,-75,73,-74,-113,-89,109,5,-54,152,-30,-29,216,-109,-6,63,31,160,-145,-46,51,40,-29,-129,51,46,13,-63,196,140,-2,48,-3,20,54,-54,143,23,-14,-70,56,-6,154,19,100,-20
78,82,-91,132,111,-35,-73,-3,-210,-7,110,10,-59,23,46,17,-44,17,-43,-14,90,-32,103,-32,227,83,21,342,-23,122,147,104,33,32,155,4,90,-99,93,128,-60,146,67,59,-65,88,-73,73,-10,268,72,146,89,52,74,258,61,-61,135,70,-67,148,-34,22,113,23,143,51,84,118,25,-49,-63,133,34,160,-60,-61,167,29,78,122,-126,-23,-22,109,31,117,-7,-32,157,123,39,56,-46,-10,-25,6,66,129,54,24,-45,14,86,24,47,84,-84,33,-27,181,-49,114,-31,209,35,12,-56,295,82,56,161,144,227,-28,45,189,-37
47,-2,187,-27,34,87,41,85,-20,3,35,-10,-42,-144,-134,92,-58,-7,-14,155,14,-52,6,7,42,155,203,82,-61,55,-62,6,-86,4,54,-103,-35,37,99,14,20,18,43,-21,-11,43,33,-110,36,-29,5,27,51,175,-98,-38,96,-209,6,-12,-176,212,10,210,-31,70,148,121,-3,35,114,1,36,165,-20,61,-45,-162,71,105,41,65,-26,40,-66,139,8,-2,50,39,16,-52,55,13,-38,0,54,152,159,-18,-141,-126,66,-69,4,12,-116,-123,133,32,141,32,-14,26,66,-48,-29,95,-69,-92,-174,106,27,146,129,-3,20,61,75
-28,-8,118,26,-5,17,-1,6,92,82,256,-132,60,121,80,45,47,-67,-47,46,-99,26,205,32,88,170,-12,-36,34,-35,44,111,-140,116,-98,-75,-103,244,-11,-11,118,-87,114,109,29,60,112,47,56,117,123,90,35,80,-46,92,95,85,124,-105,47,159,82,-14,151,73,5,65,-24,-12,-94,86,-2,-27,141,-9,-43,-42,-73,103,-105,117,-23,-120,-70,10,16,-26,12,134,166,96,139,8,7,52,123,-117,4,-27,24,48,-46,41,41,104,-110,-2,24,39,26,55,106,105,24,-82,14,98,-140,136,120,192,267,26,8,23,64,10,18
-24,26,50,-30,139,197,-197,15,-52,152,52,-163,22,105,-6,-45,76,96,50,132,101,8,-131,95,-28,115,-88,42,-98,76,46,45,-49,38,159,25,63,6,152,18,-4,173,114,75,36,-44,-28,-108,3,39,-78,25,91,-66,182,-96,109,-66,170,112,-39,-47,6,-83,163,39,-69,79,-1,106,240,-52,47,62,-94,32,198,-21,-15,54,-48,113,-184,83,-52,-5,134,421,52,105,107,-123,25,-43,134,60,-39,7,-19,67,-90,142,50,-90,84,-145,-81,30,-45,44,59,63,119,46,-7,73,24,56,-86,125,221,42,-29,-116,1,-166,78,58,-53
86,181,54,53,-26,64,95,-102,58,-45,-32,-16,26,31,-15,81,-196,39,103,-15,-187,196,-54,-43,63,80,-20,174,64,93,55,223,62,252,43,43,-38,220,54,-118,165,-46,-52,126,110,27,133,136,-56,22,79,120,-7,165,87,77,76,65,208,24,-1,35,235,-11,32,71,66,59,139,229,104,154,-12,-69,-23,68,3,39,80,80,116,-70,91,-137,158,90,235,-80,-64,20,124,-11,269,54,64,161,198,11,9,27,113,45,48,25,160,4,41,88,-64,13,154,78,102,27,56,182,81,-4,232,94,129,-103,-74,43,64,8,7,233,-61
86,-85,173,39,35,33,224,113,-30,161,177,-44,-120,8,-7,91,199,67,146,-70,51,154,-58,132,-97,32,-69,10,17,2,-36,42,67,244,69,49,-16,-86,-108,-68,101,3,-67,24,126,-14,-74,41,56,185,-41,19,62,214,-56,-13,-67,79,-23,-31,9,38,100,-10,15,-52,103,-13,69,241,21,56,65,87,30,-120,20,-16,-85,72,-57,25,89,185,100,65,60,97,153,157,29,-64,205,71,-22,111,62,-122,-2,24,120,-14,81,-70,-80,35,54,80,-83,194,194,26,105,-20,-4,69,10,6,129,21,189,184,112,23,145,-19,40,155,-45
95,109,-146,138,-54,29,57,74,116,163,-117,108,163,168,129,-8,138,130,212,-24,-160,-43,-26,-111,-35,-6,19,-70,252,60,-48,-19,-4,-63,-22,14,-44,-25,-23,-329,67,120,-16,-23,76,53,-12,-57,-143,34,-49,-62,68,-39,69,-2,-16,54,-78,195,-215,-102,128,-28,26,-41,-47,-9,35,280,-170,-22,124,0,-114,102,19,196,93,51,-18,74,-27,59,182,-81,218,-55,174,0,37,-58,-227,74,82,71,-27,220,-58,-64,22,7,-42,-24,-195,-129,10,12,102,238,200,-5,139,-30,-78,28,190,8,216,-46,79,-50,-53,110,-31,64,-153,21,149
-55,-5,86,-134,82,-99,14,10,85,54,86,-11,29,72,-108,-70,-90,-155,57,97,80,74,117,-24,92,3,-51,37,8,10,93,-124,-62,68,56,8,-7,-44,42,45,11,62,46,76,100,19,-21,47,37,275,-134,-65,190,164,22,4,220,141,89,69,34,20,201,17,67,-188,220,-91,154,24,110,115,52,40,-15,67,-31,-112,130,-81,10,-72,79,-59,73,135,11,82,65,11,48,-8,137,42,85,-22,-74,-96,-44,85,-79,-119,98,172,77,96,-46,-51,-37,141,167,90,270,-88,-78,177,58,60,21,110,12,75,25,123,-95,-1,327,65,-61
-16,162,-91,-54,174,66,42,50,-19,147,-16,18,1,120,28,58,92,215,12,-2,-57,32,35,28,24,41,-6,149,114,37,161,42,127,-54,65,81,68,38,66,-58,122,-54,-13,-116,176,249,-46,181,154,68,61,-87,243,170,179,22,63,-20,70,141,76,-33,68,-153,181,-43,-68,157,-80,9,-77,-166,83,60,-7,183,-66,-8,4,38,-5,51,142,-37,149,226,-54,119,71,-62,154,-85,-89,11,50,79,22,144,105,74,-96,28,98,73,159,123,97,156,-88,-16,140,-134,239,49,38,57,224,92,205,85,258,-151,59,-63,73,-81,8,-139,54
12,44,-33,114,126,53,156,-83,92,-63,2,22,-56,-54,94,-46,-100,210,128,33,66,92,174,15,-151,46,20,-38,-194,143,-198,50,144,195,106,-41,52,-55,-33,28,-43,-20,-148,156,-53,79,-8,143,-2,30,37,-59,-68,98,35,103,-89,-18,27,-102,67,26,-22,-99,-51,90,76,4,-28,271,-77,25,-71,-46,-58,70,76,-13,-61,104,-86,-69,-100,-128,135,-82,106,-24,-23,60,-153,90,60,-125,73,-53,-38,2,-42,2,53,47,-76,-70,-140,67,100,59,-88,-22,74,-48,65,-79,-55,124,133,-8,105,84,114,-35,27,-57,46,-4,-59,27,24
-112,270,-14,86,-65,33,-49,-82,79,-227,-26,-38,-99,227,-192,85,19,95,-112,-120,120,104,-1,-24,85,102,205,-16,-88,87,113,158,150,19,59,68,41,-48,-18,141,-175,27,61,98,-24,36,-34,139,-60,-41,-54,144,-117,103,-49,2,98,-123,264,177,32,20,10,-54,123,41,-12,40,-86,-28,66,64,-34,131,55,41,31,28,95,2,-136,164,-50,60,106,43,7,219,5,42,-47,260,48,-83,-78,-9,59,-38,-46,172,174,-11,-116,-46,-61,24,-115,211,-158,-21,-30,70,108,-18,-8,-2,291,47,31,143,23,4,-138,-14,173,-40,-55,-119,-4
-38,45,77,-101,-54,97,78,17,-11,212,109,-13,162,65,54,67,171,108,-30,205,-6,-62,23,-31,-174,-30,-77,45,-13,139,38,11,76,119,-20,46,-97,-48,102,149,123,-58,-10,78,248,3,206,229,71,114,-9,67,-40,307,-29,-19,104,-113,45,-30,117,157,148,105,53,141,94,56,129,151,92,-55,60,69,64,139,23,69,68,218,21,-156,-9,128,77,-26,33,118,122,207,203,45,183,293,-100,191,91,-8,164,116,-251,4,-36,82,-5,-10,-78,-137,99,85,46,72,-55,10,99,85,-41,86,-28,14,197,37,116,11,77,50,-77,111,105
-31,41,-46,69,-63,184,71,119,120,49,21,1,70,-61,-31,-15,79,20,2,323,-189,63,7,-35,23,175,-109,57,33,-7,-6,-74,18,206,-13,-40,-39,99,83,-102,84,-108,-15,-33,17,24,111,172,144,78,168,12,151,99,-45,-11,53,144,-31,-78,41,112,41,67,154,47,-68,-122,0,8,229,-199,118,7,50,-147,-9,-36,107,26,40,11,88,153,111,153,-10,-159,-55,131,236,-33,13,-14,-116,69,132,23,254,-148,10,-41,-102,-1,57,140,77,-136,91,-66,-5,46,116,-28,-31,32,81,97,-13,-165,-69,181,49,-125,1,-238,50,-57,-94
98,-23,-4,1,86,29,-23,-18,8,-42,-19,-12,98,34,-48,-123,31,42,64,14,107,-46,86,19,188,13,-113,64,-74,-75,-64,-55,39,49,78,-103,269,159,-153,-80,174,159,-95,53,64,86,-69,141,-88,76,106,238,-21,283,99,231,114,156,5,24,-146,139,-97,20,46,152,54,87,23,-212,-118,-4,-26,-29,-66,191,-67,-17,83,26,110,52,116,45,29,-129,106,12,53,-18,3,178,11,-113,88,51,-62,-1,175,59,70,10,94,14,-217,27,31,120,-135,78,-67,-27,-112,-79,95,158,110,-264,150,10,162,157,-3,111,30,45,-35,-38,25
47,82,261,-32,-51,152,190,63,29,-122,59,50,-71,27,-14,115,-20,11,46,165,-27,25,-97,148,-14,219,22,11,-117,-27,13,33,173,40,126,139,-15,-95,88,73,-184,79,47,-29,145,0,-52,66,-24,-100,-37,13,-22,-33,-209,-142,135,-29,-49,-10,0,159,151,-61,153,-43,-89,-34,73,-2,56,45,10,-15,73,-35,46,-68,-113,-75,-105,-72,-11,8,123,-60,-90,5,137,-83,-111,50,113,-221,-19,42,-34,-71,-103,-69,106,89,-18,-60,-45,-44,-143,21,73,39,-68,236,157,61,-76,-103,-51,16,-86,52,-138,54,44,-47,-36,53,-67,-29,22
-103,-100,126,228,26,154,26,-34,-61,-38,66,-70,49,194,-7,152,-28,-164,127,55,60,-148,172,59,134,25,-8,5,200,-31,56,110,106,62,-18,-107,-21,3,11,217,190,72,89,103,75,26,-57,12,219,127,-89,43,57,-15,-28,258,134,193,71,120,-43,60,-100,-11,101,138,-54,-64,-75,-46,-7,195,-55,113,-20,59,36,53,153,-26,153,289,64,137,30,-94,159,7,145,121,151,120,162,84,-31,-131,-63,84,125,-77,145,-13,-5,191,-108,254,-56,160,-74,-45,157,159,77,25,48,104,104,163,32,-5,125,83,103,169,-55,33,-48,140,-28
7,-40,61,-104,184,-87,17,-65,14,-31,-265,0,-33,12,39,110,-18,89,-194,61,198,130,142,-147,150,-26,9,106,94,24,208,146,-66,37,-39,2,138,40,-112,11,86,78,12,30,67,100,42,96,24,-23,31,118,39,-54,-15,14,158,-5,95,11,86,-39,-7,184,-182,-39,52,46,27,-56,-15,87,43,-13,223,-13,80,27,99,-6,146,-80,33,-38,-24,-13,-80,4,-2,106,-47,157,-73,-35,-33,-24,68,-30,-36,230,-80,60,53,128,188,216,-37,18,-26,118,115,-18,-136,-75,71,63,129,188,84,24,-8,19,31,153,58,-20,61,139,-132
81,252,-71,-56,131,-114,38,30,94,42,158,-100,-28,196,92,-32,88,159,50,67,57,-46,-8,0,-159,136,-6,-31,171,78,189,94,110,-28,-23,131,-49,101,10,150,-18,-52,136,76,135,103,14,116,14,-8,58,22,52,98,-41,104,44,116,103,8,42,40,-85,-32,-58,-31,75,44,72,-71,120,94,-21,71,82,102,-13,155,-19,148,-97,-26,95,-48,232,139,17,1,25,295,89,-46,18,97,39,129,126,29,205,239,-47,23,38,50,159,23,-32,122,135,79,-23,115,75,44,84,145,96,102,90,87,169,-3,-52,-1,140,27,15,18,110
40,48,-9,-11,-85,-130,57,-69,-46,-69,140,28,279,-17,-124,-59,27,-13,190,8,73,1,64,137,-69,-137,123,44,-61,-79,49,-1,9,136,-145,-18,112,-115,73,-63,-119,-29,-62,56,134,136,-5,195,-10,109,-88,166,72,-96,-131,92,78,59,117,74,-20,53,219,-9,173,106,-32,69,-19,146,-111,79,70,56,108,-30,-35,-26,148,-4,28,6,4,-42,303,31,20,-88,-17,75,57,43,115,-60,145,-49,149,120,45,22,28,7,38,-3,21,13,90,50,50,15,174,40,72,-44,62,64,-50,160,167,-48,92,33,52,128,36,-12,127,167,164
99,93,-12,-12,98,-84,121,65,43,66,48,9,124,36,-23,2,150,41,46,142,-66,169,113,-126,107,207,33,56,211,-104,37,-50,-31,-40,138,-37,24,130,7,-22,132,-104,189,5,162,-3,50,-84,-14,-127,14,-35,-19,62,-25,-59,123,-172,-92,26,17,-67,103,101,65,71,-169,38,70,131,-82,-73,145,34,115,7,205,-185,137,55,-126,49,18,-108,35,-46,76,31,2,23,211,-63,6,139,106,68,-35,-26,18,120,81,87,-167,-142,135,83,-79,-33,203,42,6,58,88,-15,14,-4,93,170,-186,-137,-76,-60,-63,-45,25,-123,-4,110,194
135,17,144,140,-147,-1,90,-92,12,167,19,-121,200,51,64,113,71,-96,68,6,35,-66,-33,-6,43,172,-186,-79,-34,152,80,152,95,161,-83,12,-33,-122,69,117,29,-75,148,-184,119,71,147,-1,83,215,311,87,0,103,-51,36,172,101,158,26,161,220,34,84,140,1,-76,-53,251,211,108,17,39,-40,4,-117,29,-30,96,-102,78,58,-3,53,-162,-53,50,-10,2,184,99,30,233,61,-53,103,18,-98,91,153,5,187,-45,40,262,21,-17,32,163,-27,-33,136,172,-39,-10,191,9,44,-21,30,-118,102,131,53,22,70,-32,180,-24
106,-22,27,164,17,-46,114,74,119,159,253,-15,-10,209,107,277,187,10,117,-18,73,52,10,-29,6,171,78,39,105,74,73,93,-49,16,-66,-25,-55,82,24,183,64,116,71,7,111,203,33,34,86,112,204,36,-109,44,-39,175,58,-29,41,91,225,255,-21,32,125,44,29,182,103,70,14,89,52,161,-8,39,105,176,79,-19,37,224,14,183,-6,-16,-9,149,206,154,271,256,222,95,16,86,108,174,62,105,-8,68,83,136,40,81,-121,260,34,108,-19,123,182,169,75,-56,104,-16,26,175,113,136,72,91,253,57,32,105,152
22,-4,-27,32,84,68,86,41,-26,-17,42,83,55,29,128,233,57,-1,-95,76,-14,16,136,16,221,-38,-60,85,193,22,251,-53,37,173,50,-118,176,21,-45,-61,150,79,-9,-22,90,191,103,153,21,113,17,86,48,-116,46,113,81,-14,142,144,-55,93,-87,2,86,53,36,121,47,122,54,-38,109,4,10,71,-9,-44,213,-225,144,45,-63,74,15,179,19,-50,-107,111,-17,39,-97,-20,166,196,-86,54,0,8,-43,-119,-86,-34,211,-26,-65,-37,-79,91,-52,248,0,-125,26,102,-83,248,116,-170,-25,-99,-24,140,-11,122,-74,91,128
-69,-135,147,66,-5,149,36,-59,-327,-36,78,-49,-29,16,-136,182,15,52,-106,63,79,121,-16,89,252,81,116,204,-49,67,6,91,-116,202,192,129,239,185,3,-150,-130,116,-48,60,-24,223,-45,-54,-4,-99,179,6,10,190,-44,62,108,13,29,-26,-209,74,-51,4,139,74,9,56,94,-24,-58,10,37,-44,121,226,36,-20,105,-106,9,201,33,145,19,46,-66,-13,-129,-271,155,-3,-12,31,15,-124,63,77,25,-69,100,79,-73,78,-34,89,94,18,18,-20,29,55,164,69,-63,114,9,30,-94,63,99,110,-82,76,115,13,-24,107,2
24,-75,67,-54,-61,32,-102,-78,119,-43,19,-166,-15,196,-12,56,-152,-16,35,128,-31,-106,-11,73,62,29,44,-138,-37,-3,153,-33,75,-84,-180,70,68,37,23,1,-11,113,-115,-85,-198,106,58,-175,-58,204,-19,196,-7,-67,66,125,113,198,212,-56,46,-148,0,49,-48,23,-135,-106,-132,148,86,-188,17,12,26,-33,-35,171,58,-69,56,-5,-153,80,-217,23,36,-128,-70,-2,72,99,-78,6,-43,151,108,-96,113,200,42,-27,-144,73,90,-51,-49,-7,-38,-42,47,-36,-38,-73,-47,-61,77,-133,-207,-48,18,-79,90,-4,-89,146,69,47,-19
31,121,179,103,73,264,11,103,-116,-28,-204,-136,-55,102,97,-33,93,60,-45,-23,-85,-150,17,-43,-100,126,-21,161,-57,98,132,68,116,52,167,-22,-74,71,227,105,-67,75,18,-76,71,82,-30,64,109,-88,-67,99,-27,92,66,70,284,-91,-12,-36,-80,118,75,-54,47,-57,46,-4,-48,-28,85,-12,86,105,-23,220,-85,-4,24,228,-51,38,-57,-180,3,-81,-72,117,127,62,296,-154,63,-70,126,126,-68,27,-147,11,19,36,130,29,4,-196,105,54,-32,37,21,-58,-16,63,-23,104,75,-69,-132,202,219,13,110,-142,10,24,-9,213,-7
-22,217,103,33,-97,62,238,13,1,106,144,-88,69,78,6,234,162,129,-72,-83,-85,19,12,-128,-208,53,115,28,-27,154,63,139,-2,95,68,84,106,-38,244,-54,-104,58,-97,-71,49,-66,142,-6,216,44,20,16,41,-22,-121,50,-46,14,33,60,165,-21,167,126,134,-184,-53,29,-88,201,84,-126,131,-61,-180,-125,73,123,-44,-8,13,-19,138,68,184,26,135,18,239,119,288,72,25,-27,46,-20,3,63,3,44,9,36,164,96,-95,-27,205,27,87,-70,109,94,170,-84,138,-10,65,-103,-78,56,206,50,21,47,-27,-5,28,156,-6
-119,157,-4,96,164,10,-102,69,146,-14,70,-30,29,6,121,33,10,77,119,140,12,38,2,58,51,43,29,107,161,50,122,76,70,17,-11,-95,170,80,-44,64,51,-66,-55,35,85,-5,26,12,129,-44,-43,59,-3,122,-26,118,10,85,121,-54,190,26,-101,55,-16,256,-86,-60,-92,22,190,-26,77,137,39,-94,62,100,234,112,50,191,-65,0,131,135,-74,-71,16,188,43,-106,15,181,145,26,265,98,36,158,-31,126,-19,21,-70,-88,98,39,-26,-200,-77,123,94,83,23,58,-95,174,77,-64,37,-11,-189,103,146,-22,-20,18,-68
-21,72,53,63,189,207,-49,-12,137,22,91,134,165,73,85,92,112,-8,140,347,159,149,-36,57,15,-27,-94,76,91,-12,71,187,82,34,-70,-130,-32,10,-59,58,242,12,-25,-10,72,25,150,67,16,-29,215,-44,-25,15,-130,14,58,74,-78,42,98,89,140,-42,55,167,-195,82,-21,60,171,150,1,66,174,-32,-49,-81,97,164,95,91,-78,106,-62,17,51,33,-1,186,75,187,-4,30,-1,226,41,10,-9,-51,85,-5,85,-53,35,8,-54,42,82,-161,-16,127,-3,73,26,118,-78,278,96,-97,297,199,29,-107,-52,-105,-117,205,177
-100,-47,106,9,185,25,-150,136,-18,-73,51,-45,232,205,191,-159,113,-79,232,-57,46,53,242,25,103,55,162,-52,33,6,8,-68,15,74,48,27,53,60,110,-24,-25,148,-38,59,57,-207,48,100,-8,78,-162,230,184,-160,72,151,156,-16,97,163,126,52,34,153,16,102,-79,147,48,156,-133,109,82,152,-1,-33,28,-5,239,28,36,-51,-18,-55,-13,20,103,216,167,33,103,47,45,45,42,25,46,0,-74,39,-41,67,-23,184,76,-42,107,-31,-74,158,112,166,-77,-16,-35,63,-97,9,29,78,-25,79,-151,57,121,-115,79,85,8
-6,-42,39,54,93,176,-66,73,-72,-7,-71,-77,54,-34,70,-42,-1,-4,22,44,60,48,176,78,-52,91,169,162,-217,-53,-140,-87,45,-6,-84,123,214,-169,55,37,-121,26,-194,-24,-32,35,-69,207,127,-62,3,130,-95,-25,83,-59,80,93,44,-71,39,35,70,-41,37,9,51,29,-96,244,87,37,-88,103,10,122,-131,28,-30,82,-65,-240,-69,70,-62,163,135,32,92,186,-77,-29,56,-80,77,-7,-84,-123,43,-175,-70,-12,-76,103,-69,-37,91,14,-37,97,154,-20,-1,-127,62,123,-104,-49,-38,240,166,77,42,57,-156,-41,-72,-49,29
87,73,-18,-68,161,-30,195,-159,140,-33,11,-92,157,84,62,42,-52,99,145,182,-21,176,-14,-69,-47,64,0,-54,49,83,67,220,56,-23,-89,-83,123,27,49,83,97,64,-98,251,27,159,26,-36,124,30,106,86,-42,52,243,153,80,37,147,-66,25,111,168,118,-16,-6,-49,108,-118,138,121,62,-36,-162,-27,117,-18,103,77,-73,-151,-112,-69,103,36,51,134,-61,64,145,50,-101,32,21,144,110,171,173,-15,0,-15,68,28,80,-131,-25,-25,211,0,27,-18,294,-42,-20,107,19,115,2,92,-25,112,88,138,136,94,-93,52,61,-61
184,-63,-92,-32,55,-17,70,-106,-55,92,-127,-43,133,-64,-40,-81,-102,-126,-81,89,158,77,193,-120,-3,-26,19,-104,122,-9,9,119,110,-53,-13,-26,-77,59,144,192,96,-69,74,-79,57,74,151,44,-14,-11,0,-27,31,50,102,-72,-4,-42,44,-46,-94,-17,-2,-40,128,68,45,-73,60,101,-199,-6,-20,-100,95,133,55,-124,-165,2,-37,19,72,-111,-117,40,-109,-52,-36,-44,102,93,155,-36,104,69,40,-4,24,54,-38,149,-59,-63,40,73,-51,-117,-70,21,-98,19,33,-159,-107,27,162,7,82,218,-3,-117,156,13,41,-84,0,-93,-59
24,159,-69,-109,-89,98,-31,14,202,-56,209,-6,170,-106,-106,72,50,-82,36,115,-11,66,-63,28,-8,3,88,110,78,82,128,-14,66,-13,58,41,-28,62,-24,107,2,39,-145,-22,-23,78,-7,28,233,81,252,164,140,140,-70,184,62,184,71,-2,133,59,55,33,149,37,-68,-8,-23,37,88,28,-23,43,37,-48,41,68,207,52,17,3,52,169,-84,212,140,-74,57,45,123,292,158,16,-90,141,76,-61,25,101,3,5,111,127,-13,114,-119,-1,39,-183,-46,-75,52,175,32,128,9,-20,-48,13,95,-92,2,-22,77,-128,-8,20,51
-93,-104,167,-41,136,-85,228,-32,-47,97,161,91,66,136,103,161,183,140,210,111,57,56,-24,-75,119,9,58,191,-34,44,-86,86,-42,156,-83,-64,50,-164,161,128,112,148,-1,134,228,-15,-63,-77,223,223,-63,37,70,-25,7,208,40,-24,1,-8,66,31,137,164,-79,18,120,-126,-84,287,-18,-230,83,-24,-101,71,39,13,-88,22,32,-43,117,-17,228,107,65,147,218,88,98,-26,114,76,16,-104,-77,-30,60,-109,-142,-57,-53,134,70,67,124,78,5,87,48,246,112,-30,62,21,10,-81,-144,143,104,117,179,279,37,77,235,40,-14
-68,-27,5,41,53,115,85,0,-21,23,13,-161,311,-24,29,139,176,74,51,168,37,12,-25,-11,98,250,137,73,19,212,110,55,-26,-46,-7,-4,255,-123,183,-44,22,-46,-33,88,109,-27,16,53,-44,-114,-14,-24,206,-21,-28,-2,102,-186,-31,105,-134,70,4,-78,30,208,12,224,118,167,-131,-32,58,14,-91,12,16,-95,79,57,98,175,-7,171,-46,192,132,115,92,58,-6,98,29,19,54,9,-74,144,-20,27,43,93,7,-65,76,-21,7,13,31,-21,97,2,-85,-59,17,129,122,82,43,-23,77,-66,-42,94,89,-98,-71,199,66
-26,0,98,62,125,-120,194,47,123,-40,108,-27,-32,0,103,-80,24,49,-30,77,-10,-13,-4,-62,213,73,-15,107,-72,-38,11,-35,-78,-81,-29,104,38,-140,75,-38,23,34,79,9,153,-45,-37,21,-28,90,26,30,134,-54,7,130,116,-143,70,-19,-11,191,-28,152,121,9,156,23,71,24,102,-105,104,59,-118,-117,-30,-132,27,-175,-123,28,26,-109,42,-59,-14,146,63,-78,95,22,59,23,66,-67,51,21,-123,107,-134,248,73,15,198,-30,-21,45,50,141,-38,143,82,139,89,-54,-6,11,-36,1,63,-42,33,20,13,-226,193,10,-96
-20,-46,-31,75,55,39,-78,-82,-3,57,110,4,76,72,-55,34,50,-30,6,128,-98,-32,26,25,29,-45,-92,-53,34,-65,30,66,-38,157,-64,1,51,-74,-91,88,92,120,37,157,37,143,13,165,108,7,223,-3,-30,123,43,58,1,38,-37,95,-167,-10,14,57,125,78,-179,57,77,154,-126,-32,-62,8,148,64,151,162,146,-86,152,162,97,-36,225,25,197,-84,108,-112,215,59,59,144,-17,-44,198,-118,299,-13,-74,171,54,144,-103,12,-16,79,1,116,70,58,113,21,-88,193,-33,149,8,-42,161,100,95,97,91,123,3,114,14
40,-4,111,49,-54,-39,66,-109,-23,-138,-18,53,85,31,-99,152,73,-145,27,-75,-163,-93,-15,31,-61,5,64,-36,-19,-93,-1,-152,-93,122,-233,17,-129,-67,115,-146,47,-140,-146,29,69,81,82,55,45,147,31,43,38,111,-102,70,236,171,4,71,71,19,3,72,62,159,-135,-60,-27,201,144,-25,-6,70,26,-31,-106,149,97,-59,4,30,18,-45,59,-52,67,-39,136,114,144,-94,193,74,29,13,35,-149,-11,69,23,29,-11,55,9,-46,-109,38,-22,281,160,-20,-3,-73,-44,225,79,23,-46,-15,12,156,33,64,3,-60,-109,82,4
-286,-43,-119,-118,13,52,27,-27,25,6,178,-5,68,-1,4,101,232,13,-62,284,0,-39,1,-81,-134,-66,118,111,205,107,213,-45,179,-154,11,22,140,-6,-31,102,-168,-16,-153,99,-237,3,5,-29,132,169,29,40,118,98,-35,37,88,19,-111,-18,-76,-81,25,-67,-76,-18,161,126,-86,81,-11,80,-21,107,151,53,-67,1,33,63,0,-37,33,-15,-85,241,-59,-60,127,-57,-124,5,-37,-13,-40,168,-17,-44,221,10,54,-115,-92,26,-39,17,-23,115,157,47,43,-33,-24,156,86,173,-48,18,27,-12,135,-1,123,-59,-14,-75,50,212,4
17,-274,192,5,31,104,45,42,46,-88,259,43,-92,153,161,64,-54,-120,31,77,180,-107,67,38,245,-60,44,-151,3,-82,59,120,25,80,166,-103,71,117,-27,31,87,154,135,196,-94,-31,47,-163,-1,-75,40,-60,-118,87,-77,19,-140,-72,11,43,113,33,-35,4,-3,-70,-64,-13,-24,56,59,-168,20,-83,-21,1,49,-57,28,-27,-4,60,67,125,8,-55,68,-128,-145,-107,215,42,61,148,-54,-159,-74,-40,51,84,17,-86,-41,77,100,143,-126,30,30,-111,-33,129,163,-4,-113,60,159,117,-43,-9,21,102,-14,114,73,-20,50,133,41
-90,-29,17,177,-141,18,71,188,30,124,26,22,214,83,5,-71,86,-22,275,-140,1,11,52,-190,202,64,62,-3,45,57,-115,152,115,21,138,24,103,-59,122,-10,67,20,20,-18,51,-41,-13,-21,-27,-29,14,48,120,89,10,199,-30,22,122,123,-59,230,143,115,113,46,7,26,37,112,-69,-57,100,-4,-99,25,-157,58,-146,11,-150,101,223,-48,-12,14,84,-26,108,128,194,75,0,-186,5,50,103,64,80,-28,90,-60,295,96,-58,-115,29,84,-16,42,-34,153,113,-117,124,11,118,-69,90,131,154,144,115,193,90,-178,116,-97,-141
166,24,116,58,7,59,35,38,-13,94,240,-129,52,76,143,-44,100,14,138,274,58,10,-46,42,-78,208,40,-6,-65,-72,141,108,-5,75,-6,-76,52,226,136,81,-19,-41,69,-3,222,175,111,14,103,-86,76,193,14,197,-27,82,194,70,77,-189,165,6,52,63,14,17,-22,68,46,18,151,70,83,135,97,72,63,35,132,131,-107,57,-152,-11,81,-13,-65,-55,19,54,141,-31,58,150,148,83,170,47,-51,-48,-50,153,-93,90,140,-68,95,63,236,-8,-23,6,141,124,95,122,145,100,-80,120,77,53,-82,35,52,-6,11,-25,163
-52,-112,149,-48,43,60,-98,94,21,97,84,0,138,146,212,206,53,-5,13,243,6,-104,156,102,164,122,16,-59,5,-21,112,113,37,48,101,-130,210,84,144,148,154,171,136,24,242,-76,114,1,134,129,7,33,44,48,31,164,25,174,-2,25,33,50,-48,2,10,184,7,-10,-92,216,109,-42,147,14,72,177,-46,28,39,45,42,175,125,36,173,133,-40,58,42,29,139,65,56,41,35,96,58,15,191,45,-92,2,124,73,67,97,100,220,148,50,-1,252,-49,-102,64,202,36,65,-209,163,89,110,175,125,-44,-3,131,63,77
86,14,20,61,252,-58,29,163,159,-81,-68,-17,-208,-58,103,-170,37,33,-84,61,-113,37,93,27,50,44,-73,101,-185,-239,-91,7,11,-42,-61,-14,-69,16,81,248,179,-122,-46,34,106,-71,-33,-86,98,-12,79,54,52,-65,25,-16,4,-155,101,-50,-120,70,51,40,-162,22,28,-27,64,-2,115,48,-69,-23,-93,66,178,-60,-59,87,-34,-81,40,-129,-44,-111,46,-16,41,-35,43,-82,12,-1,122,-14,138,12,-29,10,-22,30,102,37,-33,-100,47,92,-53,1,-52,-103,-15,162,82,-153,-50,7,-76,71,143,28,42,-53,-56,-41,24,-108,-15
93,50,60,24,122,-92,85,97,-55,-20,65,-72,-217,31,103,-9,-44,-142,139,55,-125,29,85,120,20,-178,60,54,130,-110,50,-96,23,-88,-79,-93,-58,49,-36,35,156,15,16,-3,112,87,56,-34,221,-122,-207,16,-118,-67,104,260,-40,-18,21,120,-8,28,-172,25,-140,-51,193,52,102,44,-43,-88,41,59,-67,-186,117,34,63,-31,133,48,222,-28,-25,-95,75,89,-90,102,98,35,-257,186,86,-4,118,-33,-13,16,-82,-13,3,118,-53,65,-208,56,-153,-56,27,125,12,-46,-44,12,32,219,139,-119,14,-41,-108,198,138,-38,72,-70,-96
-134,50,261,-53,83,11,58,138,172,11,106,-6,202,47,254,-123,28,-27,58,70,-98,-173,-21,-84,101,71,-211,-91,-58,-3,58,-2,-25,65,80,-146,96,106,-121,74,-4,-61,42,-66,85,-91,30,29,-37,89,72,26,-1,172,69,211,-10,-12,-28,-39,84,183,-93,-37,46,-42,34,155,-50,100,38,6,-39,-20,-78,-42,46,104,34,2,-117,59,223,-37,177,-51,261,-48,52,201,-97,-51,2,80,91,-101,-107,118,213,-105,-172,22,1,-46,83,-7,118,88,-23,-72,11,147,179,33,85,38,-4,-1,-35,-58,-95,-47,-93,119,6,-34,-70,-1,-103
-22,-57,-86,97,-189,-72,132,31,118,77,64,38,244,57,77,-29,183,215,-45,-11,-67,-48,-19,-159,-67,122,-100,-53,28,173,68,96,-122,137,43,29,-20,-53,-22,-73,-60,-40,-78,100,9,-52,84,87,-177,103,109,-59,-18,201,-52,29,-79,-17,-119,-71,196,49,25,92,84,-162,26,-63,-75,271,-51,-50,105,-68,9,-57,-42,-51,-103,-37,160,16,33,-54,68,-98,93,-71,114,-61,77,0,224,21,33,5,-17,-165,137,2,-102,208,59,-100,19,96,32,24,132,72,135,157,73,37,-4,68,-11,34,0,161,64,-125,86,2,77,67,0,248,-120
-75,-97,27,65,-287,-22,9,-219,51,47,139,21,-135,104,-79,-90,-80,51,190,73,32,-18,-16,5,175,1,28,-171,169,-61,82,-173,8,234,-38,-73,-2,163,123,0,-23,102,-6,96,72,-93,27,101,-180,34,-123,-44,-127,16,-8,-3,9,10,-6,-137,5,134,64,71,26,-9,-35,77,55,74,-81,145,83,-32,-125,77,-22,23,-2,-31,205,33,-111,4,36,1,-157,-43,-130,120,52,97,-30,-8,-93,95,-55,-30,-25,-21,60,10,-194,-98,182,72,123,142,-93,-60,19,88,25,40,-143,191,33,-27,37,-15,25,-6,-124,81,100,93,37,-1,-114
90,137,-83,44,111,-2,85,101,12,27,17,-43,149,125,47,-181,191,166,95,224,62,223,66,60,249,22,-79,37,163,58,113,124,51,-39,-67,-14,68,104,86,220,140,143,160,89,220,105,-124,222,61,193,92,108,139,79,162,66,164,6,-33,40,131,-66,90,110,120,44,55,-90,2,-93,129,136,116,225,84,-34,-32,33,156,76,160,14,-171,91,147,136,157,132,123,32,17,87,133,-64,-42,119,-46,32,122,-54,70,91,-22,188,-36,8,24,291,35,-13,193,214,99,89,-20,116,-59,23,35,170,195,108,50,106,137,-19,41,60,71
-40,80,90,57,14,23,-29,-16,137,27,127,-39,83,29,-38,102,-139,46,84,93,-76,-162,-60,2,-3,98,-14,67,217,78,176,109,127,95,-100,26,41,-110,7,131,-6,-17,129,-108,-41,87,-80,48,0,163,72,-16,-81,69,16,55,166,43,104,57,-63,43,73,-169,87,22,-2,-6,164,15,18,127,80,53,160,171,85,-22,138,-115,-22,127,20,71,67,119,155,-24,74,184,143,17,18,134,11,121,-22,82,105,98,-42,-6,37,-83,-16,98,-27,113,2,-56,58,162,342,43,108,86,164,172,118,192,77,-36,115,-17,-98,34,-18,-14,41
-122,145,18,-13,149,12,-122,-16,64,-124,30,-94,-152,176,-93,4,60,-53,100,22,-57,146,-148,-109,-14,119,-66,103,-94,52,-106,-56,55,-35,143,10,-20,-177,24,16,28,-18,43,267,100,-157,29,67,61,-6,78,105,-101,14,-20,-34,124,67,84,16,20,206,261,76,118,-14,-80,0,7,172,124,-10,72,74,30,61,-227,-138,37,67,-92,72,3,91,49,-57,103,197,56,86,74,-22,-7,-123,-91,-40,-73,-176,81,133,186,19,-39,194,35,126,-21,196,199,-29,34,109,61,-10,-116,-8,144,-128,-105,-15,91,129,30,-47,-114,-47,89,146,23
106,214,-27,126,160,-238,1,44,42,114,-7,14,276,-68,32,26,-32,113,61,99,14,-134,112,-11,-2,164,3,60,24,35,132,-13,-22,14,-84,16,227,3,-23,82,15,27,-16,44,-41,-4,76,57,-21,173,154,98,-26,102,67,208,262,83,138,-120,-91,99,174,58,132,23,-46,60,106,147,-20,291,13,-88,9,71,-132,100,145,-76,-40,55,6,-14,-85,80,29,-176,108,132,10,-74,118,83,128,129,150,129,146,-21,-86,53,53,123,-20,-66,-53,13,10,109,87,105,93,45,-6,126,-31,35,-23,206,123,114,114,61,39,170,61,292,-15
122,163,-69,160,3,11,157,-29,240,255,57,-216,132,-88,-33,31,33,-175,31,59,-4,-70,0,-179,-14,45,-123,-26,-22,69,119,4,98,168,82,-156,-116,30,159,96,180,38,-164,-101,-22,89,28,90,-75,-43,241,8,54,227,113,-31,13,-97,102,126,-3,133,123,39,-23,105,-59,89,194,33,-22,110,42,-195,-254,20,5,-15,106,18,32,28,-214,128,-105,15,47,-93,65,158,156,138,-66,81,-2,88,34,6,25,40,-11,20,40,-11,-110,85,-101,12,-21,12,-5,153,-69,150,44,-9,56,92,61,-6,11,67,100,41,-62,-55,-47,120,-133
124,112,-23,56,163,329,-193,1,25,-79,89,-27,22,69,6,171,162,93,-71,80,55,135,-38,-59,114,214,-50,103,87,54,133,159,70,16,53,-17,51,127,87,48,-18,-14,40,12,-108,153,-202,131,31,68,131,103,-25,-63,72,41,70,-63,51,89,7,153,-23,-67,124,-36,154,79,39,-103,63,71,116,86,154,-41,-139,-7,129,-50,-85,142,-90,4,42,110,200,11,136,73,75,99,55,-105,-63,65,2,127,165,-55,0,42,23,4,-90,100,-16,158,151,163,-116,55,189,167,53,34,-58,30,-149,31,179,6,107,-57,53,-68,-71,-141,157
61,69,-55,34,173,58,-154,81,-21,20,-129,-21,-93,-46,72,150,76,72,-4,-29,62,165,55,-114,39,0,-22,-29,-13,-43,59,142,136,91,72,-18,38,118,-111,-213,118,-69,36,-92,61,23,65,148,91,-28,-37,22,102,154,138,141,2,-154,2,19,7,77,-49,-98,28,-77,111,204,16,87,-63,-70,27,59,113,-84,-77,-25,188,0,-37,-92,70,-217,8,24,20,158,49,139,-82,-12,-61,89,-131,92,119,-119,-87,-60,40,49,39,14,3,-40,53,116,-13,193,55,-202,-3,71,-10,165,-191,100,147,-108,26,-73,59,-15,-4,96,-19,-109,-35
-15,-114,59,-97,86,32,37,-151,-64,-34,96,24,-29,91,-65,61,-132,84,-48,178,-82,245,8,68,59,-111,94,105,150,-55,-32,94,-16,162,56,-9,16,76,89,51,151,-78,-27,-12,227,-77,180,25,63,244,27,-8,-98,-18,-28,-164,173,109,115,67,164,165,87,133,228,36,50,4,46,164,89,110,-63,-59,16,-7,100,53,-20,73,0,-5,-42,-43,93,156,-10,33,78,130,97,-81,92,-93,191,158,35,-84,101,1,48,54,-72,87,147,77,77,-130,-3,-13,41,178,144,-264,165,254,4,-136,-12,96,176,-46,67,253,-92,-195,35,126,154
114,127,21,-39,17,114,33,-69,120,-98,-35,15,13,56,190,-12,-15,-34,4,-111,-42,-167,24,-42,-46,21,7,-148,95,-114,28,-57,34,-80,48,-103,1,110,19,-20,80,-114,59,-8,132,-39,-69,28,14,36,-138,60,-11,-36,8,42,-116,160,21,19,-65,44,-23,-264,73,120,-6,59,31,8,114,27,33,-50,37,-51,-31,71,81,92,-103,46,37,33,-70,28,79,40,-86,242,281,24,104,144,-44,106,-13,107,34,9,67,11,41,-11,26,95,-131,-51,19,51,-22,-25,-68,-15,-37,36,-10,-99,15,17,14,-55,37,10,11,-80,-49,11,72
-65,116,212,20,191,21,92,55,197,42,257,-50,131,165,-119,-26,7,-43,105,45,168,26,100,62,15,50,153,-57,110,71,-98,55,68,61,71,-72,-36,95,4,45,2,124,52,199,-54,83,35,-112,150,189,153,342,-62,-138,-61,122,153,86,172,80,151,155,-37,85,168,134,-35,242,50,79,107,16,103,95,-114,-136,50,-46,255,-18,-101,152,-28,62,-56,103,92,165,161,263,115,180,192,22,-32,49,57,45,140,108,5,57,-11,40,153,138,-97,46,11,-3,102,357,179,-87,-7,114,181,26,-74,10,31,148,62,153,47,-53,5,214,-37
-48,-45,-195,-107,-65,-48,11,192,223,-17,-69,-151,3,37,27,9,103,-121,25,-55,25,119,104,-152,-15,24,21,-19,198,-5,66,-26,28,-17,90,-26,21,59,-16,44,12,-131,98,-86,36,-8,37,-123,108,-132,-47,99,206,-72,-43,-17,-9,174,46,19,-23,-61,-27,-24,-43,-57,50,116,11,-173,58,88,49,124,50,-101,-55,-27,-127,-50,-73,124,58,-28,-48,83,-189,-38,-12,36,235,81,5,54,46,163,-35,-51,37,-199,13,-186,51,-44,141,-103,-50,3,168,54,-76,-21,53,-96,237,44,21,-66,199,57,123,-9,81,-3,-27,-76,0,-115,-4
19,53,36,73,107,-73,-91,121,-68,125,27,85,50,122,-90,-76,-73,141,-7,-99,61,12,-32,-120,109,-24,46,167,23,99,5,75,98,62,62,-18,90,8,2,-68,116,55,21,-110,-35,228,108,-1,-50,62,178,141,112,126,45,142,-22,142,175,109,148,-65,21,-118,-127,-25,-80,-15,226,12,105,61,68,83,80,112,101,99,7,-75,135,134,-73,-13,-34,-22,53,-9,-10,84,90,109,-142,-25,-134,168,-31,19,97,123,82,-15,115,138,-73,11,-54,63,3,77,102,21,97,-28,-7,55,114,102,169,258,-70,39,-60,153,-73,-123,-20,-195,22
-247,222,123,-48,106,-124,-37,-60,-153,54,146,152,31,84,-67,148,53,142,-26,68,155,80,-56,97,148,-9,-52,88,122,73,159,53,-122,180,126,5,7,76,57,6,225,80,37,142,-15,-208,102,-181,-115,161,-134,-38,111,-34,-109,168,122,-48,8,24,38,17,16,64,100,38,44,1,29,190,111,-113,45,-16,-238,34,-53,-197,58,52,17,234,-118,52,130,-157,50,131,-56,74,-80,11,-27,52,1,-61,30,63,-208,79,11,99,-5,78,140,62,105,4,-9,-121,182,160,3,45,-179,102,158,249,38,-50,228,218,-129,23,-50,-38,141,141,55
-104,94,192,166,342,61,-163,9,165,74,89,-4,-16,90,62,41,-217,138,59,-9,162,-111,68,-49,132,60,141,74,50,82,84,54,-28,118,-18,-27,48,129,-106,30,177,173,7,72,18,-65,88,83,-20,88,118,40,13,142,-39,111,161,32,266,85,111,163,13,-91,258,172,-2,100,59,-48,-53,228,-48,57,126,186,-174,97,101,5,-55,52,-11,-53,16,97,20,71,130,206,-20,42,185,-19,84,155,113,58,48,79,18,-27,165,28,5,232,74,86,-9,142,87,-45,100,70,35,-95,7,61,119,333,10,204,34,64,-159,-48,41,-34,-12
43,84,-29,-127,37,-225,104,25,-3,14,144,-42,29,55,-163,-49,-31,-77,-10,-177,-98,-46,-8,74,-14,-31,149,43,-3,29,110,-55,46,-89,-31,-31,125,-72,99,39,82,-44,-222,5,-10,153,13,-31,-20,101,174,78,126,-26,-120,153,181,74,253,168,-46,-11,103,42,82,47,-243,45,-46,208,-1,-105,-43,46,-28,162,-59,95,156,28,-11,38,-22,102,-92,270,174,22,114,89,4,7,8,106,-51,32,159,87,252,225,56,33,16,7,205,55,-161,1,-173,-20,19,138,-91,58,60,117,55,-93,-20,-107,48,-65,72,60,97,25,3,35,-37
-63,245,167,-50,265,28,-18,40,-40,-76,27,-128,-10,-60,-42,-94,118,-93,46,61,182,18,130,-47,-21,41,169,13,40,-60,56,-42,109,-8,78,64,33,-40,37,25,-31,-49,-21,2,-67,-65,-25,-67,94,-2,-117,148,-108,-35,-102,118,205,-75,153,-56,86,-22,-124,-80,132,113,17,170,-29,107,5,123,-144,-2,-29,-49,-149,-37,193,160,-250,163,-65,18,51,25,96,123,184,148,-14,-46,41,-56,-57,63,-51,-5,68,59,87,-17,61,55,144,24,-56,96,-46,18,46,-6,164,119,91,11,-19,-44,-29,49,124,26,27,-17,84,-48,-41,167,-97
86,-110,-77,25,13,77,4,-46,157,-69,-103,55,-43,-130,-91,110,-105,83,45,26,-11,162,-25,-103,16,-26,-129,-17,-109,85,-18,67,-42,260,-96,-127,-97,-8,42,22,-10,54,-165,46,-65,121,13,143,26,-71,224,-24,-58,8,132,-47,-61,-33,-12,-67,14,46,15,202,48,-133,-31,-107,-33,207,-65,63,3,-94,114,9,93,4,-121,37,89,-64,-48,-47,105,18,-38,-214,84,14,107,217,166,-22,34,76,59,-168,70,-48,-42,40,-80,-60,-33,99,-22,-1,-34,162,-67,10,-47,-93,16,75,52,59,137,54,-68,-33,-113,-21,102,103,-249,-21,-80
-23,16,92,-21,-1,-90,117,3,84,4,125,13,160,-9,79,-71,101,3,75,265,19,80,194,-106,82,-98,-53,21,35,-91,14,56,-23,-6,-101,-89,-18,-91,24,193,65,-51,-44,92,137,10,17,-123,19,158,3,-79,-23,46,26,111,110,187,-40,-54,105,-87,14,85,75,60,-40,-37,127,116,50,215,-22,-103,101,-14,24,-109,41,9,-25,31,50,5,66,-20,-29,-133,111,2,26,51,65,51,30,-98,77,16,107,-42,-102,196,44,-89,-42,52,69,-66,-40,12,-82,207,-24,-49,86,10,-23,115,-120,55,73,120,-38,63,-30,-29,35,212,-129
122,177,107,-89,163,-138,19,-126,84,73,184,60,171,34,111,-49,134,43,131,48,211,107,-115,-35,-8,132,-52,67,-48,-72,59,82,36,184,10,118,-54,-50,75,113,92,21,31,108,128,150,-80,63,-55,34,-26,-140,50,167,-100,125,112,166,99,25,148,101,161,40,11,103,-50,27,228,2,214,158,-4,31,20,-103,10,-7,3,148,55,83,-51,93,223,-147,39,124,69,176,222,89,65,-11,293,26,13,-56,245,187,88,98,120,-18,33,-102,33,86,-9,31,13,179,11,123,36,229,-42,16,76,-77,305,142,7,-35,128,148,96,127,116
-98,-110,-30,-32,42,69,36,67,-43,25,2,18,-180,218,13,138,200,83,3,139,-15,-8,66,-75,135,11,73,98,89,-14,-54,0,-22,-135,117,115,-12,83,-114,15,-75,64,-136,-69,148,274,-34,-48,145,118,-88,30,-1,149,12,75,91,79,-28,4,11,146,26,32,267,-118,79,140,-174,145,-34,161,-17,78,46,148,-9,-9,-75,25,-7,24,93,122,-117,128,81,197,365,96,58,238,70,16,-94,136,-187,40,102,-63,64,118,95,44,25,75,-116,13,-47,101,239,78,110,-56,-29,-37,-83,-17,32,58,165,25,-82,102,253,28,-37,-156,-67
-17,8,39,100,194,144,27,63,102,-87,-62,-8,-67,-1,35,-32,40,144,-31,28,81,-52,12,-114,5,-10,-178,57,-86,-39,-118,-9,-14,88,16,-12,-2,33,-68,-172,24,-28,185,124,-9,-84,-64,-41,110,36,126,31,-138,160,105,-11,-33,-40,-9,8,-32,-12,47,-127,53,68,4,99,-12,6,106,-59,-2,41,-102,-20,14,-13,68,35,-135,-41,1,202,64,80,132,89,46,162,90,-63,75,124,-139,66,33,76,-92,64,40,-79,-15,-75,-19,16,-58,201,8,-89,53,-65,133,-20,-71,73,-56,35,-20,-7,38,-15,2,-11,84,-120,-45,-74,-43
-14,85,-143,67,-27,-40,-21,-26,-117,-82,22,145,157,-149,-14,-7,-30,238,107,-8,-143,101,-4,-40,48,-47,64,133,121,115,-21,-88,-100,40,-50,-37,54,-41,89,34,-5,-137,-8,-6,-40,-39,-55,40,-89,72,-191,-169,26,153,-108,114,57,145,-72,-155,99,64,163,-73,158,-60,56,-52,-7,36,204,193,-40,-65,78,87,-11,-92,14,-8,-84,87,-28,-203,168,48,171,-63,37,120,103,-36,56,-46,189,9,-59,-8,99,-51,189,55,32,-135,-82,-45,23,-82,78,89,110,-16,24,-39,28,142,-33,-38,150,101,26,21,-50,-90,-8,-40,-49,52,183
73,129,-30,43,82,-48,7,47,-12,-21,-41,-22,-22,98,47,98,-7,164,64,-5,-31,23,135,-40,-29,-6,69,3,152,93,133,91,4,21,114,91,207,15,122,-57,-120,161,137,17,8,63,38,95,-126,89,-36,-69,-51,121,75,169,174,-59,-21,-81,-35,-40,147,-53,159,0,181,-75,-1,22,-53,-28,180,-47,69,103,-55,58,84,-116,-13,169,91,-121,168,49,-27,-17,7,-81,124,-48,-99,-27,146,18,-51,229,-14,126,101,189,141,240,-40,-29,22,114,25,76,25,7,245,-64,-117,162,240,104,82,209,163,-127,-1,7,24,-78,128,21,163
35,182,21,57,219,-122,-58,154,143,208,197,-116,122,156,258,74,108,111,117,191,-52,-114,39,6,-2,201,-70,-19,141,193,241,95,-34,100,-44,-117,150,105,75,13,135,198,-33,85,64,-113,-14,203,-209,176,97,-69,211,15,8,192,-53,-37,12,228,-1,-1,-97,57,-38,-7,-11,54,59,104,-98,27,177,-11,-166,43,-12,-54,138,107,87,-99,68,-37,187,33,188,88,58,51,-119,123,3,21,122,150,-13,91,216,157,-63,77,31,-42,-136,94,84,111,-211,137,116,135,71,173,10,47,33,333,-8,-4,161,123,-79,28,96,195,-67,186,-38
-66,64,26,93,-6,30,-62,16,138,64,-17,100,187,94,16,74,-3,189,47,181,-29,21,36,-124,79,130,-113,118,3,90,100,-56,81,264,65,-15,11,95,64,28,187,-33,-14,1,99,112,87,219,-56,-20,48,-12,73,242,101,82,94,28,90,-28,98,139,56,78,138,28,-58,19,5,152,50,82,-84,-103,-78,110,38,-32,37,-15,44,119,51,-192,175,-24,69,66,65,-29,230,66,-30,-26,150,131,-11,-4,117,-21,-3,170,-39,-32,46,68,-10,51,-54,120,62,165,191,81,-75,220,173,22,21,174,157,-18,-74,-13,7,-94,-104,-44,-134
-127,58,162,149,154,94,-36,15,-71,66,21,16,-170,106,219,6,72,142,-89,3,26,-29,-70,-166,132,-27,-153,175,45,82,132,92,-126,78,89,17,-65,116,61,39,24,-19,170,90,45,-44,-113,-69,-34,-8,-126,-87,-15,-46,44,152,77,-209,-74,-15,82,40,-46,-69,54,-73,174,-90,51,-31,-69,-103,135,104,-48,168,48,-104,42,51,-132,23,-50,-18,151,-70,-45,137,58,83,66,-139,-57,56,17,137,-184,-5,-210,121,-3,-14,-40,52,45,-136,25,92,-41,-25,57,29,81,101,-183,-31,81,61,-131,28,55,-27,5,29,-63,79,124,-34,39
-7,142,-87,-19,256,19,78,71,127,65,123,11,-14,82,80,139,-17,164,148,159,118,-23,50,38,0,53,93,12,160,11,-29,-31,83,-205,-224,52,44,14,99,180,230,69,51,115,207,-256,110,-4,111,17,103,102,135,34,-86,43,89,-130,121,99,79,-84,-6,109,-18,53,195,-58,-29,100,-9,99,-9,47,-89,-8,-53,-111,54,57,46,130,167,164,11,78,-24,135,93,144,-18,158,3,75,-22,92,57,187,-73,267,-32,29,56,90,-104,56,-81,173,93,58,-64,-35,38,65,4,-94,83,149,-32,6,136,-20,-79,-18,0,-73,-25,-67,64
125,99,-1,148,77,51,-1,-76,62,-23,84,-74,45,-113,-23,74,40,-60,195,-64,73,138,15,-90,2,-8,96,-16,160,7,145,-77,27,103,6,91,-84,-40,164,28,-87,33,1,-97,-11,198,-81,137,-66,150,-96,106,64,-39,148,143,132,68,135,50,12,66,1,9,293,71,114,33,88,147,-78,-85,133,115,-6,-59,-53,59,206,-15,-5,-51,-69,76,45,18,-11,-3,-64,-6,-28,-10,9,26,101,149,44,-4,154,14,30,67,-222,39,-26,79,9,139,73,45,-14,200,85,82,-47,204,30,-31,25,-114,-112,-143,-83,139,27,25,10,-18,156
41,95,-53,135,114,5,77,-26,12,101,112,-116,115,-36,34,-115,39,-112,-185,198,10,22,-77,-85,144,60,21,125,2,-67,154,86,-98,15,-65,-72,-21,75,74,125,73,-13,37,4,-188,55,65,-24,66,83,14,-62,-25,87,36,117,59,112,71,-112,68,49,133,30,71,46,86,-48,69,186,138,-39,-55,39,175,-71,-105,-6,-51,9,-53,5,64,-4,-149,87,156,-160,-38,16,78,-83,45,-53,7,39,122,-97,191,62,-75,60,-32,75,-54,23,136,10,67,148,113,73,-40,67,4,98,75,43,-123,-41,35,200,146,-34,2,-124,81,56,-116
-38,-130,108,51,-32,77,104,96,-58,-83,-167,-23,71,22,34,103,-92,38,18,155,-73,139,89,-115,-54,153,52,73,-120,74,15,129,60,62,-103,-45,251,10,207,4,-3,140,-194,115,-43,171,-2,49,220,-165,121,10,154,-3,115,-25,-85,-140,-35,24,-153,26,77,10,-97,-82,-7,70,29,-184,9,114,-169,58,-29,151,81,40,-65,-142,131,-97,237,-136,77,80,-18,-4,129,-18,59,-41,-35,-125,200,79,72,147,20,-77,10,-91,40,39,-46,-135,142,91,-58,99,134,-45,-65,-152,153,26,92,179,310,47,-13,159,108,99,-66,102,-52,-10,103
-60,-105,-40,-22,-21,31,113,116,-5,-6,2,-180,295,-195,-127,17,268,-97,6,-5,22,-13,133,26,-203,-103,26,-43,-87,-74,-40,-141,110,7,-55,144,114,-200,-72,-33,56,-71,-47,3,131,60,-8,42,213,-112,-52,-58,159,127,13,35,15,-79,59,38,43,-45,-52,186,-169,146,-19,-16,121,32,36,-10,-76,83,145,-119,194,-129,126,93,113,152,74,154,-117,-78,12,50,-3,-12,97,143,-73,148,-109,-77,91,16,17,4,-56,24,109,3,-101,15,-81,-29,49,35,44,-37,-100,-89,107,121,122,18,157,-152,51,216,84,67,40,-262,71,-95,59
46,255,-73,-34,79,-45,-14,-48,48,159,58,75,-132,25,46,51,-138,51,-19,-36,-139,-77,-39,24,37,85,126,47,87,160,-11,-135,-118,-73,-20,-85,-80,-16,133,88,16,-164,-72,16,-157,-13,137,165,-4,-54,48,-59,18,-8,-73,92,-36,140,-34,79,38,-28,94,-196,20,-115,87,-124,-12,213,-16,27,3,-111,3,159,5,105,33,97,84,109,90,-16,20,62,121,-2,-94,39,146,144,-48,151,25,97,158,78,22,138,-49,-115,-72,98,-6,257,-139,-7,-29,20,-65,42,-56,54,-63,34,33,-6,86,165,6,-105,-153,6,-38,-28,-97,-86,118
-114,-43,22,-202,-113,57,162,-29,-130,187,62,51,-51,45,112,-43,56,137,-157,23,72,104,-220,-17,37,-122,-40,-9,42,89,-56,268,26,-118,41,167,-42,-13,-130,110,28,42,47,-21,35,-68,162,2,-85,-3,12,-167,-83,207,-26,97,-134,44,-90,-179,51,45,-148,-89,108,-25,32,39,-176,28,54,-99,54,-58,14,64,32,-11,-202,188,-36,-18,62,39,48,-24,-147,200,10,87,-105,147,-62,13,-27,57,147,-38,85,-2,-89,133,-56,-91,-98,-93,102,36,-11,-125,-48,67,-51,-159,-1,-81,115,-27,55,148,24,91,-71,-62,-47,-39,65,63,32
78,27,-16,-170,22,81,295,19,-77,18,-11,55,-89,-121,-16,-46,68,-75,-44,-56,62,-65,38,39,-56,-26,-57,92,41,-60,-31,-170,124,33,121,34,48,-80,-125,19,34,155,-56,-42,50,81,-27,189,-5,4,-64,-42,-39,90,28,86,-52,-20,-105,36,-75,109,42,-18,93,25,8,27,70,-29,72,-25,6,39,-12,58,-47,-48,156,70,107,-121,-77,182,-92,11,73,65,-48,9,52,-77,-115,69,-63,84,-27,24,50,-144,2,-129,-125,-112,-148,28,-196,-57,-84,-23,-64,58,-89,-19,-24,-15,-280,-66,41,-134,-160,94,-11,27,-22,-10,-81,74,-4
221,81,50,-47,127,-37,-30,218,-79,32,-67,-15,-116,127,100,102,86,136,-63,103,52,182,68,122,101,73,75,61,192,-89,25,8,61,102,98,43,98,135,-14,-16,110,258,212,55,95,106,17,192,119,-188,-54,184,48,73,59,83,44,-98,-33,-19,-13,135,-2,-161,177,33,-73,146,39,-42,-114,-97,62,-123,4,78,67,-135,120,-144,2,43,43,188,90,-8,124,124,-13,80,-75,118,-25,-22,73,26,-151,-52,-72,-82,-153,151,27,92,-94,25,-99,85,-10,45,60,-43,168,1,-70,90,-15,381,121,23,33,155,-48,-42,-35,40,102,-102,100
-27,-59,15,-15,-32,14,-60,33,9,81,-11,37,-17,6,83,142,-38,51,-2,-113,86,-49,65,-41,-12,-48,-100,68,-72,214,37,46,-210,-36,-101,-66,-8,-39,-150,-98,57,-145,-2,38,32,121,-79,76,-16,63,83,-175,94,103,7,146,-76,135,-5,23,73,8,-32,13,-2,56,179,-24,49,-47,78,22,-105,176,101,42,-32,175,151,13,58,22,-94,81,-2,139,-24,-63,-109,79,-98,-20,245,108,-97,-88,24,118,-50,162,-36,-29,158,84,101,71,67,5,-109,115,239,-190,-11,-74,10,-51,-61,184,348,10,-117,22,62,107,61,136,91,-80,18
-67,113,-39,245,79,4,23,71,-81,84,-26,-18,18,-66,61,29,-11,86,24,-103,-9,29,54,-127,130,64,-25,102,-43,124,12,98,-71,-69,136,-13,-54,59,68,32,169,-103,38,-20,100,-73,-75,-27,25,-8,-97,52,-13,46,23,110,142,-92,47,-62,16,17,63,33,142,-66,212,-143,38,-33,14,-106,-52,-19,-53,9,78,38,177,-35,-80,22,-77,-13,85,16,151,100,80,78,64,7,46,43,-64,-27,-171,-47,31,129,91,67,129,-106,18,-97,-50,84,-116,1,23,122,-44,-45,-29,141,-2,-72,42,-63,32,-63,25,58,140,-51,120,77,-116
21,138,-10,-23,55,-70,-57,-35,-60,-103,-5,121,-186,86,-75,124,-21,-82,60,-56,150,-7,-163,21,28,-22,196,231,25,32,191,-30,-20,-132,-15,-86,-135,30,95,32,-69,29,-38,-56,-34,141,-133,-13,-28,119,-87,38,36,-9,-89,53,100,60,-54,189,29,-13,-43,-63,255,-213,-55,101,-110,10,-13,51,-18,135,-16,204,-68,-15,66,-48,-122,-16,-120,54,100,153,155,78,121,7,-66,216,-30,-133,42,78,-116,69,-51,45,233,-24,11,-166,66,74,-115,208,-179,29,-9,31,157,219,-109,7,62,11,130,110,-39,-101,-173,-2,179,-24,-143,-72,-81
-36,-31,-33,-101,45,-111,281,-63,17,-67,149,-52,56,96,-32,42,22,127,165,109,-10,103,58,12,-68,10,-61,78,158,-138,-45,-38,130,-22,11,185,48,-18,-80,97,108,-73,-210,252,124,-11,13,-100,35,135,171,21,87,196,-91,57,62,3,-21,-83,28,-14,139,77,-161,-3,24,15,77,49,15,192,-214,41,4,79,174,-120,4,-21,121,86,122,81,25,-55,-51,-29,108,89,39,9,65,60,-50,49,6,-61,-25,39,197,48,111,36,-20,-51,88,5,-17,-53,195,-58,-158,83,69,45,-67,-32,120,-71,294,-11,183,-15,-10,127,128,238,82
-40,-161,36,-18,-23,134,52,197,19,188,183,-162,106,170,-61,-83,160,163,97,57,-68,45,-72,167,-4,42,-83,97,-1,91,-26,92,55,216,65,-78,203,139,5,-14,47,-32,61,33,207,177,92,-90,110,-171,184,82,90,221,148,-20,-72,8,93,-46,69,-17,60,-99,7,46,-54,148,9,72,150,-25,-46,66,37,136,267,-37,-166,135,50,132,40,-9,-49,53,40,89,-109,159,159,-102,226,99,75,188,5,-109,32,36,98,8,63,-10,106,-10,-25,18,4,-115,11,51,87,-115,156,124,99,201,30,81,256,-22,-58,42,104,-237,-111,-24,43
18,117,34,113,384,7,-13,41,-88,-6,27,12,20,299,-5,188,43,-46,88,97,219,122,59,9,96,148,221,155,72,134,54,-14,64,-5,81,-38,103,20,274,80,178,206,138,49,62,135,24,42,144,178,-110,252,105,48,-82,144,69,74,154,71,-6,2,4,-5,3,151,150,69,129,-48,39,56,107,327,87,66,41,20,160,27,-42,262,82,-67,64,208,150,207,35,109,90,302,179,58,92,187,-126,173,49,215,29,-19,27,-51,-2,157,184,28,82,106,99,131,29,-61,35,72,124,105,-33,162,43,203,-30,167,193,96,160,18,180
21,-261,-92,2,-146,107,139,37,91,143,-51,8,125,-160,-51,49,-52,-144,-57,90,-7,-6,20,-62,27,-26,-150,-36,93,-128,-19,-71,-127,-62,-141,9,1,-33,-84,74,178,-87,-222,30,-3,33,21,21,-31,186,71,-59,29,68,0,17,-18,69,-22,-134,-199,77,-84,76,-55,115,40,-38,-132,11,37,7,25,-61,-1,-61,-120,-71,-148,48,30,23,57,104,2,12,-60,-86,40,66,58,-23,-10,0,32,-145,-54,28,243,-143,3,26,10,-19,144,73,-88,32,-4,110,-30,71,-39,-45,43,-148,166,-152,-112,16,-89,-17,97,66,-23,-167,10,12,-173
-54,83,79,17,181,112,-51,-30,200,37,-9,-77,163,218,76,38,23,68,-47,131,17,-40,34,-175,-70,203,-93,32,244,122,182,49,27,-73,25,174,78,153,-24,12,35,84,26,128,-42,54,74,38,-37,83,191,79,166,182,204,53,266,110,160,127,1,-88,-16,-53,11,9,-106,-32,58,143,81,106,10,93,44,95,-78,98,34,116,99,113,20,-49,-98,-30,21,127,67,115,150,-102,-79,27,7,93,-20,-35,-42,161,-2,150,-78,-73,83,-35,-99,167,3,25,-4,187,100,3,-47,174,27,84,-48,214,98,73,-61,-71,-33,-90,-93,102,-45
-166,-42,100,-39,85,16,-77,117,50,141,79,-34,-100,165,-54,-119,223,-35,24,129,-86,-120,30,-46,78,52,-131,127,-22,-10,69,-80,21,129,-29,87,130,183,72,-70,-7,41,19,-52,111,-21,114,123,-59,38,106,-30,-3,-14,72,129,102,83,-60,176,274,92,-10,163,111,101,-60,68,57,-93,-30,30,44,173,-167,-9,115,169,79,94,-2,-15,84,-110,-12,93,9,45,46,119,91,71,-104,82,-91,138,100,-34,28,75,-106,156,-46,228,-43,123,91,-9,-86,15,22,209,182,-62,115,2,103,44,-9,136,148,33,-174,93,33,-181,69,-132,-178
92,-251,48,176,-52,152,-38,152,54,34,160,2,107,99,160,43,-6,39,49,64,-77,39,119,-7,-8,50,168,38,110,48,138,199,51,76,35,-5,132,93,-45,37,36,50,99,-14,144,106,62,126,208,168,74,-3,172,153,92,166,85,-62,33,52,80,122,70,115,88,113,6,28,51,362,-28,56,68,191,122,57,-45,61,162,-22,-23,-3,-40,-92,77,135,138,-35,184,-36,228,0,237,87,-59,78,171,102,49,-8,-60,217,111,21,-8,0,72,134,30,121,-13,53,229,44,107,272,46,-26,61,124,199,84,165,57,138,-274,214,113,123
-3,110,205,138,-126,181,75,-28,49,78,-23,-39,-50,-28,-65,80,8,35,39,192,0,133,125,-25,140,256,126,23,115,18,138,148,97,-56,124,-102,44,2,105,124,61,-67,6,-54,85,-70,31,55,57,-36,16,-6,-38,9,-46,-50,189,10,-48,11,-57,-86,-41,-36,200,-7,-171,21,-13,-64,-92,175,86,-70,174,25,-61,-10,69,-43,62,89,-71,77,80,-13,-16,-100,-49,-64,162,-11,17,-118,43,-11,-47,-56,68,-43,100,26,26,-259,134,126,-67,80,62,-34,-24,84,202,-2,108,63,-19,85,-64,87,66,-27,26,-75,-101,-61,-35,278,22
26,140,122,-44,14,-121,138,-66,-71,214,-88,8,184,35,7,7,10,153,170,187,6,-57,-41,22,-96,281,15,33,-97,249,46,93,105,37,24,26,68,-12,75,122,-6,-1,62,22,184,-26,186,118,-4,-7,153,110,99,91,74,145,251,-96,-40,12,96,-11,85,77,14,-148,140,-84,103,88,-89,98,-106,-14,-61,104,9,161,79,106,69,15,-50,-2,154,-80,-50,169,43,-54,95,-39,39,-9,-23,97,12,90,151,287,-11,114,5,126,91,-71,49,-102,130,-24,9,-98,-46,-70,-73,215,60,-87,-91,11,179,53,32,-3,117,109,12,311,33
1,65,-3,199,129,31,-43,58,77,79,151,26,136,170,126,-103,22,2,-25,-123,-73,-157,-141,77,172,-119,-42,109,20,-28,153,-4,23,117,-67,-40,51,-85,34,-68,16,17,-4,-18,-177,-23,-163,218,16,333,192,21,48,32,12,132,-10,14,124,136,163,85,-64,-32,5,132,-74,34,115,88,70,115,45,99,-5,-25,-25,-26,61,151,46,39,-85,-268,-37,86,198,-20,113,168,103,108,-13,42,4,10,-34,-37,-104,92,-114,9,146,170,96,176,199,122,-126,171,-13,-121,40,250,189,134,106,37,16,207,32,-20,132,-56,-154,-123,80,57,103
-48,142,77,146,88,104,153,-76,-112,128,134,85,11,174,36,66,15,-2,311,146,78,15,14,97,210,56,203,125,18,0,35,24,-54,-10,19,-11,174,35,36,47,29,36,-109,156,10,97,-207,1,150,214,90,101,-45,269,-11,43,120,-11,81,112,-65,-35,134,251,104,48,117,38,90,88,-86,60,29,66,19,218,-36,5,78,98,7,162,73,-80,50,158,181,-5,157,-82,223,20,33,-17,136,26,31,173,-43,121,-10,-72,133,139,11,106,9,102,-83,108,68,106,86,67,90,160,63,-64,58,292,224,121,101,283,246,-67,40,229,51
-14,-37,50,7,-85,1,65,58,224,85,322,-35,97,4,98,-39,60,-146,248,98,-153,163,40,-106,149,-27,-112,-155,102,5,15,167,-71,154,-45,-142,-76,214,-31,74,87,-166,86,104,78,-15,117,-103,101,9,-17,-105,-91,280,-60,77,-70,146,36,131,146,76,102,90,-77,74,102,-65,78,4,-20,116,77,-96,1,-113,162,-179,-61,103,-174,144,115,-65,257,-83,20,-110,15,101,145,31,77,163,81,96,94,-86,-64,-113,20,-76,71,66,-87,4,-119,79,139,58,-25,189,178,6,188,-136,40,94,108,8,-83,89,-85,104,107,-19,221,-22,36
42,27,43,69,71,-39,36,90,83,-7,47,-11,-85,75,186,-56,-23,-5,-17,-97,19,-67,-4,12,45,-18,-48,-102,-26,-39,-54,35,-11,24,92,-93,-69,-89,54,29,58,-141,-58,-137,-1,-214,33,48,-102,130,-147,13,106,-43,-160,-6,-127,-79,59,168,-48,85,-90,-214,-3,-39,33,71,-137,0,31,152,21,-24,-166,-61,7,-2,-7,-79,-232,72,-16,54,27,-8,-9,157,90,181,-79,37,63,46,111,55,9,49,-252,13,-91,15,6,-165,-10,-2,21,-5,-76,42,-127,128,122,68,48,-61,-127,19,14,88,-60,-55,-51,-121,-18,-44,-12,-99,37
42,-114,82,74,14,-101,-36,-8,94,62,54,-93,121,-51,-191,129,-239,-93,81,42,-55,35,48,42,-87,51,65,-108,-44,113,3,36,47,114,3,0,2,-106,-33,108,-19,91,22,29,-125,5,117,-42,-38,-82,65,-130,3,-2,-9,233,0,71,79,47,-22,28,56,-25,-30,-15,-127,9,221,106,16,10,-102,38,-95,49,116,-27,-11,-51,97,131,-30,-45,-37,-62,32,-121,-91,-10,113,121,-145,-100,65,-132,136,-11,38,22,104,-72,127,-128,11,30,103,-83,-45,-96,99,39,-95,-71,48,109,166,73,-18,-60,-67,96,88,95,-155,89,57,5,-35
-9,9,84,-120,-31,-123,-66,78,-113,-148,27,-28,122,-11,-65,-73,-11,26,-4,20,95,88,97,-148,-186,-191,109,46,67,17,21,-128,-126,130,99,-74,-30,109,-62,-101,4,37,-145,32,-33,64,-85,-182,1,43,77,73,65,-70,-99,-121,97,196,191,-134,-18,16,-97,155,40,8,-202,-35,22,138,-77,166,-6,-98,282,-48,120,35,23,21,-133,84,-104,149,39,3,-2,-133,11,25,-42,54,130,-15,-91,29,66,51,99,-28,48,-41,-53,-87,105,-136,21,-115,120,38,60,233,68,-3,-40,-29,-12,75,73,18,1,227,-38,66,182,-77,-17,34,-59
-40,-20,22,-123,-111,-73,11,82,-128,175,123,136,9,-174,139,-160,78,99,55,29,-84,-45,12,-51,54,-28,88,118,-97,138,-105,-76,256,-60,324,44,129,9,-59,-7,-241,-10,99,-69,112,-102,-13,-59,30,-47,-106,8,8,-43,-1,61,-11,-88,-181,103,-13,133,-50,20,-58,109,-26,303,243,129,-80,-12,7,58,-63,116,-11,-74,0,47,-28,-106,-80,-77,-170,50,-98,8,53,32,42,98,35,-31,7,120,-74,14,-16,50,-110,-53,4,12,131,65,-173,-156,-27,-147,-112,137,-29,12,126,152,-179,-61,138,77,-33,-119,-96,143,40,19,7,17,12
-80,329,251,58,156,-69,217,-65,230,163,211,-140,-120,147,100,37,-9,23,90,69,-33,-47,-12,-38,105,217,-38,103,-160,249,18,-8,62,137,125,-7,-31,-22,-75,335,-121,-47,-52,-61,46,10,-2,24,32,-4,96,62,-52,128,26,17,50,108,149,-150,143,112,85,-135,221,16,65,157,126,189,-12,219,-81,-46,35,159,16,154,22,22,-30,31,-24,-62,50,16,60,70,150,203,118,114,168,18,111,78,-52,-149,85,149,-48,-33,35,-66,34,3,-50,187,-108,-71,60,106,186,-6,108,84,-147,18,90,232,99,46,44,37,-22,76,-50,8,-152
-120,110,14,134,-241,-7,-56,-55,14,168,-28,119,66,126,-129,86,94,175,19,-154,-71,-212,-88,11,2,72,-95,-11,-36,194,44,60,-110,6,-82,-150,-78,58,-35,-25,99,-112,-90,-82,13,157,-18,-64,-143,-77,-88,-129,-81,148,-108,74,-99,27,-124,20,22,-18,-57,-45,20,141,21,-43,-63,-34,-51,67,54,-71,-71,127,-210,45,-127,52,69,194,-89,91,86,-40,-1,-62,-85,112,27,36,158,4,-101,101,-88,74,98,39,88,23,234,-255,47,23,-19,111,-147,-73,140,-23,-33,-9,-97,-61,47,40,123,-1,89,133,44,-68,117,97,-71,-145,-137
75,-42,-23,-18,25,-126,-62,-16,83,196,115,-57,225,-4,-57,46,61,41,35,52,-120,-48,69,108,-3,103,31,20,-4,250,85,24,-93,122,80,93,55,142,109,-11,-27,44,58,25,72,72,118,2,-23,94,-21,178,56,141,-25,57,86,144,156,-19,105,161,102,62,-20,79,94,79,127,239,63,-39,29,-14,-183,28,21,33,-155,63,-76,-5,-74,-51,-24,94,51,-2,195,164,47,172,-60,60,25,57,93,-43,111,67,-146,53,69,32,87,4,30,-169,-9,95,91,8,3,-50,43,116,46,-31,-267,21,29,40,88,203,160,19,77,-91,-83
152,62,-25,96,18,48,-144,-132,134,50,23,11,106,71,-57,-47,-68,80,-177,-77,-107,-61,47,-131,3,198,-86,-58,64,147,80,104,-15,24,-31,-21,-31,64,-5,180,-27,-54,26,21,41,135,99,173,-76,112,78,-91,103,68,194,168,92,-51,149,-34,-92,103,-26,-80,117,67,-151,-106,32,-14,185,-7,91,95,-26,27,29,163,101,-147,120,135,-61,-111,-13,-42,-38,84,113,133,259,-180,60,128,104,-55,-39,-45,202,63,26,151,-177,-50,76,22,40,-27,-171,119,43,29,182,-139,-19,147,215,82,-86,210,-31,-83,76,-38,-13,-67,-22,-56,13
-13,151,145,0,63,-42,-151,-52,70,-86,97,-128,26,-25,-2,88,127,-55,19,-93,74,20,5,-182,46,-108,-16,163,-85,168,18,128,-50,54,53,-6,-117,-32,15,-28,-65,20,41,76,-90,-74,-109,-36,-16,-46,167,-78,-144,-43,35,22,32,85,138,76,332,65,-17,103,23,144,-61,80,-9,10,236,61,41,45,71,-28,-174,67,111,123,59,72,-138,105,-106,117,52,-57,-28,124,53,-13,-7,-29,-137,-82,171,-58,-3,109,-9,-143,112,133,70,-91,-3,135,55,-49,34,86,30,4,138,116,-28,-31,23,149,25,25,103,-70,-48,-22,24,121,-112
70,124,84,-16,111,-37,-7,100,-61,-13,-64,69,-142,55,-67,-26,-72,-96,98,-38,36,131,-32,-72,229,-34,-82,15,68,-168,-101,156,-34,-15,-16,-198,-62,24,17,2,132,39,0,-66,77,22,-2,-36,30,48,197,-4,53,-74,70,220,10,-86,144,144,-99,85,26,-89,122,-77,-69,-100,-205,-41,199,-13,22,-38,-117,2,-44,28,109,-14,-125,111,-7,-27,87,-57,113,178,-83,122,38,-113,-92,-93,31,74,103,192,76,-35,223,-11,-78,54,-1,-99,-49,48,-90,-18,-103,151,66,-92,20,31,157,21,55,113,105,132,-111,35,-62,-75,-118,-37,-32
19,157,62,-34,190,18,65,-30,13,44,108,-50,-92,153,72,146,53,156,40,123,32,-30,-42,-55,-124,143,34,-39,120,-18,67,-59,-51,31,-69,113,68,114,48,-39,-17,98,-51,72,-13,-31,143,30,144,-92,27,77,-83,236,-49,25,138,3,58,-73,51,18,-28,58,-72,14,122,-31,-29,287,31,66,-24,-18,-8,34,-8,-55,-142,204,-83,2,99,-15,62,-29,20,17,-108,181,-69,20,-34,-58,15,101,18,-45,-156,43,-71,137,28,29,52,-67,59,39,124,-35,-43,51,-31,43,-55,65,58,13,-64,60,141,123,-161,-57,110,49,78,78,7
