2,24,-25,99,29,23,4,63,24,39,-177,171,186,-59,95,61,65,-10,33,28,30,-56,-67,-14,74,109,48,-150,98,-64,-146,-114,58,-111,-2,51,162,-47,66,20,94,-66,199,11,15,-19,-21,-161,-3,127,-143,51,48,-15,105,112,45,-180,-110,43,55,94,6,157,128,-126,42,5,-25,-18,44,33,-13,-85,154,-1,44,-47,116,-207,94,13,-56,47,55,-99,183,129,1,86,67,18,-87,-45
128,-59,34,-12,-63,-47,-44,68,80,135,-9,-140,-3,6,6,66,-101,-66,64,16,32,-105,43,113,-24,174,102,24,201,-115,138,-85,-66,-32,-10,-31,-12,28,20,12,49,-4,-126,109,99,-188,15,47,-59,54,84,-73,8,41,-82,12,124,-8,-46,101,10,28,-76,-18,-12,-1,-65,-70,27,-40,-10,44,132,-78,61,-85,-22,-15,76,-28,-66,111,32,90,4,-2,20,-68,-110,6,36,-46,85,49
-43,-127,5,-12,118,-52,-122,102,63,-39,-11,-126,-2,84,156,46,101,82,126,59,87,-56,-58,102,83,-17,83,19,20,-67,-149,15,-68,36,-48,-155,-131,-35,119,-107,-48,112,29,219,148,-17,11,38,-30,93,-21,0,-70,39,-127,41,27,86,125,72,114,6,124,48,-107,-84,90,97,-53,-75,68,165,-16,94,-12,-20,-75,-89,49,-125,-9,71,292,252,61,-120,107,103,-98,93,3,-28,17,101
50,-10,-24,44,-40,108,-37,97,-94,68,-78,89,60,-52,76,-105,36,112,-26,146,30,60,6,-86,16,147,-67,84,-126,57,-13,-115,35,-76,-17,-14,-64,-94,105,69,28,-13,-49,-2,-73,158,53,-73,211,118,32,147,-103,-7,38,-76,3,-19,-78,-32,25,-35,-62,102,19,4,7,-23,127,-48,97,49,81,-24,85,-36,-15,-173,-15,-150,-3,-24,33,53,-3,87,47,-87,13,-142,164,33,-16,53
-43,73,25,45,1,0,-132,68,-20,12,46,-20,-28,-58,129,61,-136,-3,27,145,64,6,118,119,70,64,-32,-100,30,-73,38,13,129,62,68,42,95,76,-188,-41,-64,-65,-138,128,69,-86,22,50,77,-58,-2,36,-31,51,92,68,-104,-130,-97,31,-8,56,-154,-5,194,-183,-33,-55,98,67,6,56,-87,47,0,99,133,-21,-26,0,-14,79,-80,61,88,-116,138,-28,-80,5,72,85,20,105
-35,48,113,65,36,-206,21,-153,-24,-31,62,96,87,56,-69,-94,-68,44,-3,20,16,63,144,18,5,34,-53,-7,118,20,-44,114,21,11,-1,207,119,6,-30,-7,44,-48,-27,23,-38,114,37,141,39,-105,50,100,140,34,17,37,-69,162,-47,123,-53,93,65,55,48,-65,118,79,115,12,-95,-52,96,175,63,-69,58,3,167,-99,-83,118,-42,26,9,-62,118,3,88,-60,-32,59,-32,-85
0,-62,-103,-60,-151,40,-89,76,147,-23,36,47,119,23,221,247,-3,-37,8,103,103,129,-80,168,-128,24,45,1,-12,60,71,65,-62,-117,-55,-26,-138,18,-33,-43,66,37,147,-40,117,75,-108,-16,-17,-59,0,-106,177,38,-40,-78,-2,-24,-2,-50,22,118,-169,-54,-50,54,2,104,120,145,61,63,33,-43,-22,88,88,23,-158,-87,42,-9,6,-131,36,158,186,14,56,173,105,-86,34,-64
41,29,119,-20,12,-27,10,-50,-2,89,63,-16,-160,106,-55,-72,-42,59,5,-18,-55,24,-198,16,-6,-78,-36,-186,38,37,-164,-57,-167,-85,-48,-129,-12,58,-32,-10,-29,106,84,-170,50,-189,-65,8,-7,34,-116,-37,149,-191,61,30,16,54,31,76,-5,-36,-109,61,35,-45,43,67,-6,179,-77,42,114,108,42,-36,-27,186,-3,-63,85,-6,-96,38,19,132,15,-81,102,-105,-31,-22,32,-85
-69,130,-9,61,-14,-4,34,105,-107,13,80,136,-104,-106,12,113,94,-98,93,4,5,166,93,-47,-82,178,-69,-122,57,49,-76,78,-91,25,6,239,87,25,-132,-4,87,-191,-26,-42,45,62,-55,-52,88,23,89,3,91,18,24,82,120,-7,28,-72,-89,145,-70,53,-132,-73,39,87,105,29,79,-20,-27,-67,10,-42,115,9,40,71,-4,45,-151,-173,-24,28,-23,21,178,-34,-3,45,49,-99
-57,-40,80,143,219,3,-81,134,94,173,-135,-16,-35,-57,-29,-35,44,-47,-29,22,112,-53,7,-29,54,-53,50,-54,-22,-117,-70,69,49,88,92,-15,-40,104,42,-27,3,-8,96,104,-39,-90,40,38,-14,229,-91,-105,52,-79,33,152,39,-89,136,-95,36,-16,-83,57,-28,-30,67,-22,113,-29,132,6,29,-94,16,-24,61,54,106,-117,87,128,-113,46,131,-7,66,34,73,-38,-56,22,153,-9
97,-44,39,-44,65,63,47,102,87,-91,-32,10,21,42,17,20,50,-57,40,67,-31,3,47,-38,-27,-74,14,-2,47,107,34,66,87,-103,142,44,-22,8,8,33,-81,21,20,-104,-23,-85,113,132,8,4,49,41,91,-168,-67,46,46,97,113,107,-5,-204,-13,176,-33,-13,156,39,-2,103,-109,-24,164,82,75,59,27,-18,1,-58,213,-5,39,-105,6,-11,-89,-46,199,39,-86,46,22,-48
35,73,85,43,-70,106,108,5,27,-19,117,133,74,166,-35,-171,80,27,-35,-11,66,6,219,-57,85,28,9,106,74,114,109,98,156,39,104,53,35,55,22,73,25,123,-16,87,33,115,-3,155,-55,51,118,25,7,-10,180,45,-115,52,-16,170,23,-91,111,-70,-40,24,30,139,-5,-37,94,-53,150,167,135,38,102,47,-77,132,-37,79,94,-29,62,94,-101,-23,58,52,76,51,-109,33
51,-16,134,136,138,27,109,-149,47,120,126,35,4,83,-99,-31,38,86,-31,-12,91,33,76,152,-138,57,181,47,119,50,128,25,183,-29,-88,54,31,94,-131,21,-21,-17,159,-84,74,82,77,-26,-8,-118,-10,-45,-25,151,-36,-12,-101,187,165,89,155,10,112,-53,3,88,51,-21,72,-81,131,133,0,77,39,-103,119,23,35,62,31,-142,94,-68,41,59,90,190,-55,-20,8,9,124,121
-161,-23,9,-131,-8,-75,-16,146,-41,28,14,87,52,189,71,38,38,67,88,75,11,72,-9,108,17,19,132,19,-39,232,-33,-3,-73,52,-127,39,-13,-88,23,-105,-71,79,-81,96,-54,114,-206,-50,55,172,25,83,22,-35,48,141,61,123,113,-157,-158,48,-125,1,-48,31,178,166,-82,28,112,-146,68,-49,15,68,68,95,-68,-104,17,165,38,-25,-137,-6,33,25,213,39,-49,-43,-30,40
-8,16,16,76,-47,-24,62,94,-27,41,-20,25,-61,-109,-57,154,58,-37,0,14,20,147,24,-45,-2,-55,-3,52,-13,24,2,111,-28,153,31,29,35,153,-15,8,232,95,28,21,87,58,-5,-28,-163,87,-19,-26,-25,-37,66,35,5,20,6,81,187,143,50,-67,14,-44,-41,-7,-14,53,40,-73,131,-104,193,175,84,15,1,-27,-25,10,30,83,-47,11,48,-2,53,185,-38,-100,112,33
-22,-25,123,18,-34,-8,-22,-21,157,-51,-27,-58,-73,-26,21,166,59,87,47,84,27,-3,-7,-69,-56,67,60,17,9,-76,-78,57,105,60,-16,37,-14,43,76,30,-49,43,83,-35,-26,21,-148,70,6,35,-48,59,-35,-112,60,-85,-52,22,-82,214,-15,-96,-105,-31,-16,-60,2,-7,23,-21,48,92,82,-11,-66,61,-12,-77,13,33,17,-90,112,121,94,167,92,99,-4,-21,85,-12,-6,80
50,104,66,58,-47,-23,33,18,-3,95,-25,67,-23,-104,8,95,97,29,128,-1,20,162,2,-108,60,45,-111,21,25,53,-61,89,168,36,78,102,47,16,-5,-37,-25,-106,94,59,110,140,-27,-86,188,-46,99,154,118,99,-8,-36,103,74,25,12,13,-68,22,61,32,-49,31,4,94,73,58,67,-147,-137,150,-7,-4,-26,83,-75,-19,-4,-23,8,55,-109,121,4,71,19,-20,47,43,54
189,-52,109,43,18,77,11,153,182,36,28,-16,-127,-12,80,134,61,-20,133,129,-12,70,91,13,-34,222,53,47,41,-22,39,189,135,89,-6,99,-26,-14,26,67,-57,-141,28,82,54,17,-87,98,31,109,141,-108,20,63,43,106,28,197,71,-22,-102,-79,-47,42,-130,-7,-97,27,139,37,274,-20,25,-68,24,74,16,-21,-45,80,-37,15,57,-8,-15,218,17,171,187,13,25,20,213,89
46,44,-125,31,128,-1,205,50,-63,165,-173,59,-83,-43,1,85,-27,47,119,-117,67,136,-8,35,-2,48,-111,37,46,-19,-52,83,90,-125,97,-189,37,113,-118,7,114,110,-96,-65,-96,-17,87,-81,71,73,75,71,9,-60,-93,-61,222,4,-10,-52,0,129,-132,-56,25,52,12,-83,-33,-50,123,-103,72,-183,34,-47,75,26,49,31,199,-13,-74,15,-72,29,107,-73,169,67,44,39,53,78
47,124,93,166,125,46,-60,-114,81,144,83,127,197,43,-76,143,89,-84,26,-46,36,-62,96,1,-191,104,102,-16,-79,21,158,48,31,54,127,215,-18,3,-57,-19,172,54,213,-98,-34,-13,51,9,52,-86,-62,-51,126,7,18,52,-5,16,189,-39,-14,180,19,22,-97,16,-65,-6,70,131,-60,-71,45,-36,47,94,58,124,-75,53,61,60,-63,16,91,-13,-19,48,71,29,36,31,96,-8
-81,4,55,-24,74,111,101,78,-6,-31,88,79,-32,182,-71,70,23,124,49,18,102,103,11,89,-163,129,-134,35,7,79,27,108,-43,16,12,46,24,12,-106,37,204,27,47,-59,142,-68,59,-13,-41,-34,-11,73,41,-17,-101,-31,-173,76,15,155,87,88,-94,-5,-8,-8,-28,-61,-109,77,113,32,-30,-143,58,177,127,-131,-56,-42,-1,18,-19,-179,77,-16,31,134,9,105,22,-7,-13,145
65,133,53,175,-56,69,-17,-11,77,81,20,47,-92,9,-54,24,-120,-70,22,103,-42,-101,92,-30,-124,-73,41,-102,45,43,67,38,94,-11,-60,73,0,-32,-61,109,-36,84,8,-99,3,35,121,102,107,-97,-159,60,54,193,20,-77,-56,8,76,127,-63,-48,62,-46,-27,-16,-22,-4,17,125,-51,-55,-40,-18,147,44,-53,21,-120,30,-41,56,-52,45,-33,59,-106,-40,26,-32,60,-29,26,25
61,-18,109,226,-84,-236,87,37,73,120,-32,20,-52,8,-162,-67,77,31,-27,-192,24,-58,115,43,-58,-56,-79,33,106,-70,-14,29,25,44,13,90,-12,-14,-33,125,147,-19,-148,-75,20,-78,28,112,-219,-9,-8,-113,-92,0,31,-66,207,59,-51,-88,-32,41,98,27,68,45,-7,78,-26,37,55,-54,67,-127,-1,-34,22,-75,82,75,-160,114,78,47,-65,-68,-25,66,26,-7,32,-78,-14,-56
25,-7,18,-57,32,68,19,-22,83,113,160,34,-27,60,71,167,91,68,-23,78,-72,-100,11,35,55,61,39,137,41,6,-28,-7,168,-17,30,78,-46,-23,17,-6,-23,62,84,-54,75,-20,-58,93,-129,75,29,-2,89,-26,10,103,-70,17,29,43,6,39,-73,127,16,47,-20,133,-52,98,-102,-70,56,179,-71,49,-80,39,-10,30,-89,-40,33,-38,204,13,4,125,23,-15,60,-3,102,74
143,34,6,65,163,-4,-40,2,178,70,23,92,164,76,58,18,-57,50,-40,84,26,-63,-37,71,-58,118,21,-35,96,-23,65,213,5,-129,-37,60,-47,-74,102,162,-11,-32,47,-24,124,18,3,101,99,-47,-27,70,75,74,3,-11,34,12,35,94,-125,-15,-68,129,69,64,82,9,103,-13,95,21,-84,41,-110,-7,-24,-26,10,59,-70,63,91,11,111,104,45,133,37,-36,-104,52,23,-121
80,-24,-71,89,25,-35,40,51,183,105,-144,54,46,-54,244,142,-129,95,169,124,4,-60,128,216,97,147,-135,176,80,-15,62,117,174,-35,42,109,122,-31,13,106,53,-5,54,54,37,149,126,76,251,-93,-216,145,13,166,-185,45,83,-70,15,100,9,33,40,97,116,85,-78,49,172,58,162,42,126,-192,66,30,-7,85,68,-43,-49,85,36,-18,-53,41,161,-2,130,-51,166,3,-72,-3
52,183,67,-50,67,15,140,-35,-68,93,57,-63,105,64,-155,38,-1,191,-35,19,-24,13,34,-63,174,51,-115,161,-79,-69,144,-4,195,57,98,67,164,105,-18,-48,-3,133,7,129,1,-37,3,99,41,37,71,95,4,-7,62,-87,-104,-54,-64,22,22,182,-91,51,-41,0,-65,-67,-33,-64,11,-45,-27,88,34,75,127,50,22,56,120,-17,-93,85,61,122,135,-27,8,-31,57,134,33,-20
13,45,-23,80,-13,-50,76,-10,24,-11,54,-85,33,8,-42,-48,74,12,-56,-20,-140,20,55,-100,-59,-96,114,27,54,-66,69,-124,-83,43,-53,-101,44,18,24,98,155,-33,-116,44,-9,27,16,21,-3,38,-129,95,-123,-122,6,-64,86,111,-25,-7,248,10,16,-96,6,1,-47,6,31,-134,78,-5,-1,14,3,70,-64,114,165,-97,-16,-14,7,-28,-115,8,-21,-70,-55,-55,88,36,42,25
100,93,64,117,-11,13,55,44,-36,92,33,55,47,30,68,102,121,246,6,-42,46,-74,124,-98,125,129,-100,118,-213,77,-62,-254,49,161,48,93,99,61,-35,127,111,33,114,-56,-46,-127,43,208,-29,-76,-114,137,-22,24,-18,21,-100,-55,113,127,182,108,-52,-94,106,94,-99,-22,90,-1,-44,42,19,20,119,19,133,34,74,-27,16,-95,-45,190,153,-43,20,46,-81,3,34,112,-3,-30
105,90,102,29,12,83,-30,134,77,43,104,-91,-52,-30,84,38,-53,-92,-42,44,-53,58,69,41,52,-66,35,-64,81,-8,98,23,-85,-3,120,-56,39,71,-79,60,-57,-19,-31,-74,166,-155,41,13,-25,78,-59,44,-17,-171,74,49,24,-6,-23,-10,-36,-87,-62,66,113,-47,1,5,-112,101,41,-30,-48,5,51,139,27,32,-18,141,18,41,-8,-115,114,19,-40,62,-55,-29,23,200,117,166
-57,-35,84,46,70,31,150,28,-6,100,78,228,-35,107,-55,102,64,21,-32,-30,3,53,-36,-10,83,162,-156,140,-145,96,-86,82,110,131,73,38,-16,-65,121,-77,118,107,114,74,146,88,-56,-30,15,134,96,53,-20,-8,89,34,24,-16,-145,5,106,99,-35,44,-55,89,11,63,-25,-26,-14,-104,33,43,-27,152,120,-59,24,125,47,57,81,81,136,181,4,21,32,65,48,-25,68,119
-25,235,56,117,-85,10,66,105,24,-32,235,163,136,65,-43,1,177,1,-27,-39,-74,64,-28,-33,-120,-71,-52,102,39,51,-30,-35,20,22,-133,124,5,6,20,53,294,12,65,7,20,124,17,70,-15,101,-61,14,-30,46,24,-124,169,120,84,-121,16,77,127,-33,-245,149,-107,67,42,-68,71,-79,99,-43,-17,-123,-1,-52,-117,37,141,70,-5,144,-27,27,136,133,100,44,171,14,62,22
35,14,97,120,-38,-39,-104,-29,-96,58,73,43,-90,-65,-105,-4,75,109,-169,-15,102,14,103,3,-39,134,35,-37,77,-6,-21,35,-56,85,149,5,-20,31,-37,131,119,44,-108,14,101,27,41,-74,37,207,151,2,6,11,62,-68,174,102,-46,29,21,10,-7,74,128,98,-46,-27,81,-50,92,59,79,-98,-85,-52,94,-32,150,-43,-10,74,97,51,77,62,61,-44,13,-92,15,37,112,144
-35,-69,156,70,61,-18,-45,19,-16,24,39,69,44,-36,7,-21,-246,39,-69,44,19,-33,-67,92,-33,13,104,-54,-46,-114,-3,54,-132,150,-64,71,-195,-97,10,100,-90,126,23,104,30,28,144,33,31,73,-34,45,36,-109,83,68,-49,-97,-69,-26,-193,-9,-68,56,78,-77,84,2,21,-46,-12,9,145,69,-112,-40,-31,-53,36,6,-176,-83,-57,144,-52,-6,-30,160,-7,21,21,9,-74,89
-1,111,-14,-46,17,-12,37,131,-183,5,-48,-50,-76,64,74,-132,2,7,133,-70,63,28,8,70,-56,-44,39,-115,1,85,-72,12,-36,-26,-119,19,-63,-110,12,-98,-86,86,-34,94,-1,13,92,-35,-13,-49,70,73,71,16,-85,14,41,63,141,32,4,35,11,46,-54,67,-15,-125,80,-23,-75,62,70,34,88,-94,-93,114,85,-86,-25,55,62,83,-147,-85,-88,-102,9,110,-27,-77,58,20
99,48,134,167,11,-56,-87,142,-18,184,57,-71,-88,73,9,-128,109,47,22,-73,118,-11,133,-57,83,93,99,18,51,-107,-36,-17,-15,44,66,-30,125,-22,51,-35,-55,4,-79,15,55,-127,-38,-99,104,132,-24,27,-38,32,80,12,169,16,13,37,62,-90,45,99,-58,-91,-48,95,-93,32,36,154,3,-53,125,-94,-15,-31,227,-95,38,85,-13,147,-20,-104,24,113,8,-69,-68,-52,-103,63
50,51,-7,35,88,-23,17,-2,21,51,26,20,84,-102,145,3,16,2,34,-65,68,-77,145,7,105,-70,152,121,86,-64,20,-9,80,0,1,-72,55,32,-30,39,-24,41,-18,122,-87,-14,213,-5,-3,38,-72,6,-27,89,-38,28,61,32,135,74,24,-39,230,-19,-11,-34,-28,26,-3,-28,25,-63,33,0,65,-100,17,-29,150,162,35,64,6,36,-32,-79,-2,71,33,14,10,96,3,-64
-55,55,0,-77,-11,61,-102,47,121,154,126,-15,87,68,65,-12,98,-39,-4,156,51,110,143,16,58,108,112,68,134,-11,112,105,92,-53,4,69,16,227,-49,-78,-59,74,47,18,78,217,-43,116,141,52,88,35,113,28,-31,-15,89,73,70,81,54,32,39,-43,61,-180,79,249,221,127,17,113,41,16,84,37,60,55,28,37,101,44,-88,-17,244,100,23,35,90,38,14,15,14,-86
159,64,42,53,-1,0,-45,-160,52,79,148,13,63,-69,53,192,-125,-3,26,-10,6,88,28,-54,-94,52,-13,-13,50,32,68,166,35,-2,53,11,46,-62,19,-11,48,127,-25,35,4,27,49,8,126,-39,-140,22,19,128,-53,-149,55,102,41,-8,-107,51,146,-7,-65,-58,-82,-95,142,175,-65,-86,53,-80,76,27,80,-13,-62,98,-18,89,-59,108,-44,105,26,166,-88,-5,169,87,-70,48
-150,137,-6,-56,170,36,124,144,-28,168,0,99,-109,171,-62,-107,1,142,6,115,35,42,-83,-50,120,78,-150,27,178,64,-44,125,46,-47,94,71,145,130,-43,-34,5,82,114,50,66,-181,-119,77,12,84,78,21,137,28,92,58,52,-77,15,192,-53,105,20,129,33,-42,78,128,9,72,15,17,-108,89,8,61,-99,-6,79,-104,23,217,22,8,197,-38,95,-44,235,-87,-157,-35,-1,4
33,105,-150,36,101,39,126,44,33,14,45,-33,-61,171,50,-138,-59,36,13,38,-117,20,-3,-53,-27,-51,-85,26,70,-145,57,108,-138,-93,89,-54,10,65,-7,70,59,64,123,-38,70,-7,32,-64,-2,-25,24,23,-53,-79,208,-88,-8,-49,-78,-58,-108,-3,-44,3,-36,-54,-164,-61,-25,-82,-22,-19,-23,33,-113,-28,-2,55,59,67,163,177,39,-51,10,-51,7,74,7,48,92,12,-5,142
0,-20,47,64,26,-105,122,-64,46,120,15,32,-96,37,65,182,-103,76,4,-21,-14,-2,-17,206,146,135,24,179,0,82,-5,33,31,94,15,3,169,86,-109,-127,-113,1,8,60,126,-136,-106,65,52,-55,35,-79,-35,-33,39,122,137,4,-9,16,66,155,-8,-65,13,87,19,94,-23,81,-73,40,4,6,66,73,172,171,71,96,-26,94,27,5,-63,-1,38,-37,-90,-3,-82,75,-98,17
160,-55,117,58,-42,-35,-32,-12,-29,12,-87,143,22,-9,181,-39,-65,-13,-49,129,116,167,101,68,-74,172,99,-64,75,-26,64,9,39,30,-11,29,74,-42,6,-13,11,25,83,34,54,11,-58,55,-39,3,85,-19,57,91,48,68,29,43,-49,-6,-69,20,156,-112,65,-196,-51,123,168,137,195,103,98,-160,201,38,11,11,-77,50,-118,-11,-126,-39,10,65,-48,49,-22,128,-45,-16,-17,-68
-29,25,123,253,69,63,52,-142,-22,116,3,57,-22,-55,-104,18,184,106,-8,-141,12,-63,64,-31,-30,-85,-113,-87,-26,-46,-90,-76,47,-77,-22,-22,20,17,-17,249,142,29,-5,-44,47,-128,82,-35,-76,-65,-221,8,-41,-7,-19,42,-30,89,81,8,-2,111,203,-67,77,51,-8,97,17,31,102,-99,-57,-32,30,-29,16,14,181,69,54,15,57,107,8,-10,87,87,16,-11,3,30,78,-87
29,-127,116,27,39,-89,112,43,130,32,72,-1,-42,-34,58,166,-103,-55,35,-21,86,-73,130,86,47,55,83,121,66,-200,196,88,63,143,-82,59,87,95,-59,58,-49,8,91,43,124,-131,-20,16,106,-162,70,-175,194,123,99,100,20,43,161,194,-80,84,45,34,-108,-64,-11,125,153,41,95,-19,85,-85,85,-49,38,-36,-126,171,-73,173,-12,-77,42,79,-24,80,-24,-80,-77,76,139,3
92,29,75,15,43,-15,167,25,174,32,34,-2,6,213,13,-105,43,32,1,26,23,86,140,77,96,-33,-66,168,168,16,-2,92,102,-2,25,-117,85,145,13,-28,53,69,244,-42,74,131,143,149,24,-35,167,103,121,47,-105,-36,8,128,-128,144,144,69,1,55,231,3,-160,-37,128,-76,106,104,185,2,89,113,2,-153,-106,4,54,-46,61,75,114,58,-20,30,52,163,45,57,169,103
112,83,82,74,70,29,153,-158,13,37,-116,55,85,-19,102,-59,-117,-60,216,72,-30,10,8,-10,1,27,-41,-19,-27,67,25,52,22,-54,-27,83,6,47,71,7,-66,59,36,11,-257,17,34,62,12,46,-84,111,-69,-3,-174,-61,16,38,-47,-55,-95,16,-98,-39,-72,55,83,-50,-108,-4,-95,-120,5,-115,114,18,-164,42,81,34,8,38,-89,-6,-126,75,51,0,166,14,39,-61,-64,-44
-3,-94,36,-33,-37,-42,17,81,86,-85,-51,-135,-33,-169,129,23,71,-20,15,-73,68,16,-19,48,23,-19,167,96,48,19,-11,-15,63,-47,-96,-146,35,-79,133,-46,139,52,98,35,56,176,-30,-91,-99,-49,61,1,12,64,-67,-30,99,109,74,65,150,7,166,19,-3,35,-130,36,58,-129,177,110,197,-81,-10,-115,13,-110,24,5,-61,0,80,116,6,-37,-17,121,-8,69,141,-108,-23,-46
148,16,15,178,85,41,-72,-106,6,11,-57,3,-26,-15,-26,39,-70,119,79,-67,66,-59,28,-166,55,11,80,31,16,-13,-86,-50,27,-79,29,-71,-15,20,-11,-1,71,-14,90,-13,-25,120,87,-6,65,104,-53,-108,92,55,41,-122,-73,-36,120,31,34,23,79,79,-7,52,-202,-136,136,-117,117,37,-18,11,46,-22,-52,55,-118,-24,-15,-146,33,7,1,63,3,70,-51,-1,102,90,7,13
139,-40,172,135,81,65,90,201,98,99,74,69,83,104,-63,29,144,-10,53,-45,168,168,150,55,-25,67,111,24,-50,54,-11,121,195,-26,125,67,108,-47,-69,19,143,93,109,5,75,-47,-11,-90,140,-64,127,-10,49,32,62,90,85,23,-28,60,117,43,-12,140,47,13,8,97,103,-33,96,54,108,63,174,-5,197,167,8,59,68,52,-16,92,84,64,126,45,12,125,56,143,36,-13
68,85,14,174,-28,151,-50,0,37,101,80,131,45,-1,136,-107,-25,53,-108,157,32,139,-38,-52,-33,15,-54,-25,-96,163,-122,-61,70,-112,105,-120,43,-18,-16,48,81,167,-38,4,-70,80,26,-43,48,132,7,115,-25,-20,-77,-66,71,46,-91,-64,63,35,-21,-46,80,-51,157,54,83,211,-10,-37,104,2,-10,62,128,23,2,35,61,77,-11,20,-186,101,-31,-105,167,33,26,-85,-90,-98
-137,-57,15,-14,-4,42,-48,64,-17,106,87,-53,-63,131,9,-35,18,141,-68,83,-49,-28,17,85,101,-56,-16,49,93,65,34,93,-44,-111,-12,78,-55,30,-100,-29,-50,8,-80,33,138,17,-67,43,35,60,-37,-71,-28,11,69,22,-8,74,-62,-5,21,45,-42,62,22,-40,189,180,-3,2,43,71,0,160,-128,22,118,34,12,-42,-10,100,150,-36,30,57,117,108,61,-100,25,9,-100,8
29,-31,160,57,27,257,58,74,-24,5,4,116,149,75,5,13,82,55,69,56,196,-22,19,35,54,55,66,-223,-71,165,47,-47,109,87,-78,85,-42,68,-28,32,-86,-21,100,74,35,53,134,-75,85,-10,-6,49,107,-4,-47,170,-122,136,114,-52,72,-51,-107,-116,91,106,165,56,179,256,64,97,-28,-92,176,-66,32,45,-174,-42,-36,-9,-1,87,105,173,-15,-142,83,128,53,93,13,12
-159,-26,-79,-96,47,-36,-96,74,27,-154,120,60,83,38,-99,-16,-53,-21,-49,77,-78,-102,-18,-91,133,12,-15,-4,92,-52,-10,-105,-50,54,-28,25,66,128,-69,-174,-62,20,-95,143,-59,-18,-29,34,-29,24,99,54,-49,-143,-15,16,9,41,-9,-85,84,-8,-70,-35,-138,-19,42,78,51,-58,-181,26,-22,46,-92,-112,43,-247,51,48,71,132,70,142,31,-156,-24,-2,-122,-78,3,32,-117,55
74,109,-26,110,-35,2,148,111,107,89,143,9,-65,-46,-21,156,56,-17,-43,122,-103,95,-31,-26,55,68,-144,183,38,-11,-31,188,146,-38,138,-116,130,213,16,56,265,-4,12,-84,155,92,35,134,124,96,-55,51,-66,44,68,-72,146,-81,-118,6,229,143,-19,30,-62,15,9,234,-5,-19,94,30,51,-37,-23,179,149,50,-16,126,29,96,56,-25,182,100,112,-7,123,66,120,58,-70,8
125,-112,25,-7,-73,-17,-54,-47,60,-87,4,-186,-12,-79,3,254,21,-55,27,29,-100,57,-111,122,-49,-14,162,-41,0,-132,-105,-10,-164,85,-51,-30,-136,74,-6,14,-60,-53,-125,24,95,-97,-12,-79,82,55,-107,-191,-70,10,-23,12,24,6,15,-129,29,81,-50,36,-125,-138,15,13,-73,-50,152,129,-60,69,80,-49,-106,60,-25,-34,-152,-117,75,25,22,74,91,-46,-99,-44,6,33,228,146
7,81,223,75,-109,125,87,-45,-70,157,54,74,83,131,7,-114,10,-69,-37,66,-136,4,73,58,-78,-56,-21,-5,-58,210,-17,-51,-71,130,34,149,37,82,110,100,122,-2,140,-5,-124,30,10,2,2,64,-19,122,-37,32,-100,72,-114,165,-133,157,62,-37,22,-43,38,111,45,-68,-13,21,-88,10,149,39,193,126,-41,148,120,-169,-18,66,-25,124,-61,52,79,-137,172,15,-35,-162,50,-14
-7,-26,26,159,223,35,86,-53,57,155,-131,119,-40,-54,25,-102,52,78,6,54,20,0,-17,37,-81,48,-2,62,137,50,-12,-19,150,-33,-39,-26,-104,-11,6,77,-44,100,214,-80,-11,107,108,6,-20,-9,9,58,15,-36,31,95,-7,93,36,-23,86,-94,-41,-67,107,25,84,68,90,-86,14,-15,-24,-24,52,-23,22,11,58,-57,32,-11,-20,-80,56,-53,106,-3,128,69,-5,1,138,142
21,-156,171,100,-59,81,-40,105,117,-79,97,21,-22,85,65,126,-34,58,33,115,188,-89,49,21,-46,122,180,22,147,65,-54,-24,-34,14,-57,6,-73,-81,26,-40,89,286,57,-10,-60,26,24,-10,-34,32,-104,29,41,83,35,81,-233,89,-14,161,104,-100,-13,22,-15,56,-7,163,41,55,162,40,187,18,112,-23,107,-50,-84,-43,-84,-34,159,182,-81,28,46,60,-91,61,45,-2,-65,234
166,-134,52,80,194,17,176,17,19,97,55,19,18,-26,27,-27,61,-14,93,109,92,-2,85,-7,-28,119,-35,128,28,-47,20,-81,132,46,135,3,75,128,16,41,127,74,175,1,21,-77,141,-140,-36,62,166,16,19,207,-16,135,41,84,12,66,72,-73,-11,74,162,-86,-13,-159,187,-52,83,89,124,-111,106,12,161,120,39,-26,7,69,-112,51,-25,17,128,-28,101,61,-81,-106,101,-31
-39,163,13,58,67,-7,62,201,178,105,-57,1,79,-54,107,56,110,66,127,90,-7,-79,103,-42,93,-50,14,110,18,-46,101,-62,69,-36,-100,64,-94,40,30,44,-21,101,35,20,-79,90,85,183,111,36,-128,145,-40,-72,-67,-79,221,-66,94,88,157,-44,-85,17,-54,159,79,18,18,-124,11,33,-27,-1,35,-13,-73,168,21,44,133,-48,59,93,30,52,103,-10,-67,-63,117,195,19,-21
-1,-100,30,93,-103,-91,44,-136,-163,78,72,8,21,10,-38,166,-21,174,-26,-42,43,-34,-146,-9,-59,76,38,92,-93,47,-2,-27,71,-113,80,-13,-20,-86,-36,30,103,-123,44,-2,127,-25,-74,-187,29,102,31,32,0,-71,57,80,31,170,-3,-7,12,-115,97,-55,-57,-34,-76,-21,59,47,12,-4,-125,-44,-49,-8,-35,18,87,-88,-4,-16,103,20,-58,-104,78,109,-45,-86,251,-95,-107,154
-65,147,77,99,73,-54,112,-65,-12,1,59,98,-79,92,-118,37,-35,-24,-14,-86,-110,-10,61,-80,-195,36,-62,-28,63,16,-86,168,-29,41,-17,72,72,-37,83,154,121,38,95,-67,69,87,35,31,24,-87,20,107,83,115,132,-229,9,41,54,105,54,61,80,105,-23,105,-45,33,-31,-76,90,5,38,10,-17,-3,-98,10,37,122,-29,-76,138,9,27,-5,-39,75,90,84,33,-52,79,42
-34,33,81,57,-174,-26,-143,76,90,34,72,106,-2,19,27,174,-3,11,62,65,80,126,96,-71,-16,142,-15,-19,71,111,-156,-28,-101,112,-36,9,22,-128,76,65,101,172,-69,150,-50,143,-24,19,175,87,-68,-28,-6,5,20,28,63,-63,101,-127,-125,68,40,-53,-98,-7,-4,103,164,179,136,-59,15,7,17,17,23,-22,-52,-7,50,28,-10,89,-77,145,31,226,-8,5,61,158,41,72
0,9,78,232,160,104,-44,60,-18,216,-31,-113,-8,16,-87,-101,31,165,81,-22,75,-39,40,167,125,24,-18,-78,157,-31,15,-94,134,-330,-18,-99,-10,55,-80,93,-31,-25,87,-25,13,-16,170,-25,83,117,-199,18,12,10,-37,105,135,56,43,-72,64,76,25,48,82,-104,66,-34,7,36,40,108,-45,27,4,-140,87,82,95,-147,274,114,24,129,21,-43,209,35,20,55,216,39,-71,-24
36,69,0,42,-50,-161,20,30,-2,170,51,-72,-56,118,-61,-77,123,21,-30,-39,1,89,112,39,-29,63,-28,88,100,-94,158,2,-36,-105,-9,91,45,75,-102,52,55,-212,-114,-76,66,89,97,64,55,-67,1,-50,51,22,-13,-7,259,47,34,-95,56,10,46,26,-109,26,49,1,39,26,-20,57,-19,13,-47,-102,-51,21,125,-145,39,110,174,-58,-43,45,43,-33,20,-116,23,124,-7,-18
123,78,49,104,4,-75,-14,27,65,220,-61,-20,-52,111,111,37,30,22,53,-62,21,113,57,183,-29,28,58,101,80,106,-94,185,-96,62,-66,52,-41,88,5,46,57,106,-8,100,89,35,52,178,-115,169,75,108,177,-53,-121,129,80,100,-32,111,-147,74,7,124,91,-46,-64,-47,70,51,83,-117,126,9,84,84,-65,90,-27,-43,-15,54,-33,91,-102,77,26,30,215,13,-19,-54,60,-79
37,66,-97,-159,47,73,-2,188,76,138,-10,-193,86,0,131,-148,31,81,-11,-52,8,-2,75,-44,261,-86,-33,31,116,-26,-69,-124,-10,-68,-23,-149,-10,-29,172,-69,19,204,123,50,46,-10,58,1,42,-8,-16,-85,71,-26,-81,46,118,-1,-211,79,110,83,65,99,92,-32,-107,37,117,77,-89,137,4,40,63,-47,-46,27,53,58,107,170,138,120,103,1,-18,-69,-48,86,9,-49,135,85
23,190,131,-48,74,38,-26,0,22,39,23,76,147,129,-13,35,54,32,161,1,54,75,144,31,66,193,-61,-45,31,171,-40,105,-32,-9,-14,199,1,128,105,45,89,74,86,35,-7,10,43,43,135,-88,-14,40,76,115,-124,-8,9,-53,68,117,-69,179,70,38,34,-41,108,172,10,25,87,67,-9,-4,77,143,-11,-61,101,80,117,55,52,165,243,57,49,3,120,114,30,-12,-29,74
107,58,22,81,-2,-9,2,64,118,117,-22,66,115,37,174,96,55,33,-72,5,7,95,146,25,-63,180,124,-10,48,193,54,110,-113,-43,-56,-44,86,-30,54,-48,77,62,70,-86,131,59,62,166,-10,-71,-18,-41,44,-76,-98,-77,132,-52,78,53,10,226,64,-45,5,191,-112,48,8,85,-65,22,118,60,63,84,102,-35,-36,-6,22,-2,10,-66,118,75,-23,216,40,57,33,81,21,-60
-160,45,141,21,51,58,-15,124,25,95,53,-67,47,36,-93,52,94,-22,-9,-42,59,-12,-25,-123,-15,-3,-68,-5,11,-92,-166,-20,52,18,72,-49,21,-78,171,15,-66,6,78,80,104,-10,-11,-123,-20,-12,3,115,45,0,83,84,46,22,-73,9,-67,-140,48,86,5,-30,157,8,77,30,1,10,-34,-104,-32,-59,46,-82,-38,9,25,80,51,81,-19,64,81,103,-129,-76,35,154,23,26
32,-92,91,155,94,-30,-104,-126,20,4,37,89,-46,195,95,-36,-152,65,114,75,27,-111,79,148,-185,6,156,22,69,-15,58,-36,-29,23,-47,32,-72,4,-105,116,-90,41,-38,44,19,-33,28,13,-9,42,11,8,-63,54,-107,-116,-112,-35,12,-118,-158,-26,-66,30,3,-78,14,48,-46,-48,100,40,93,-81,-45,8,-19,-37,-50,64,-103,30,8,-18,-156,-5,12,40,-14,-15,52,-61,-61,15
88,204,-99,-37,97,103,62,207,39,39,30,-7,200,-68,31,38,49,-84,24,-26,-140,151,-122,-109,-137,115,-21,75,27,-50,-11,-2,-40,-35,87,-109,78,116,-14,100,74,-37,138,-51,-116,56,57,17,120,-21,-80,73,36,62,29,-60,149,-65,106,-22,93,33,13,-85,-116,-2,-41,-151,194,-4,150,58,-18,-16,-47,-11,14,5,30,-37,131,-65,4,39,12,6,122,22,76,-26,14,122,150,-48
-24,141,104,63,17,-10,95,-66,24,-93,130,93,-73,52,63,116,-43,-107,38,13,-28,83,-16,-35,-15,24,-59,-17,-58,-3,-59,-18,126,106,120,42,84,-26,10,121,10,-24,44,92,135,-96,-124,88,25,-127,-156,180,72,52,158,85,-6,77,1,67,16,-121,74,-83,-29,-2,56,136,45,153,4,-207,-35,15,-10,-37,34,117,99,-23,55,115,14,-7,4,-47,-6,-90,144,49,-50,63,18,18
51,17,-23,19,52,-194,60,-82,92,-96,-7,93,169,-236,6,-59,156,-49,-1,-39,56,-24,33,-92,106,134,67,-28,58,-76,-57,119,54,-38,-73,68,189,25,-9,-82,97,-159,160,-83,-56,169,124,-84,-1,-7,7,-33,80,-107,-102,187,28,86,-36,37,76,66,165,-101,48,31,-53,43,136,-4,-27,18,0,-20,81,66,-17,95,133,42,37,-47,-51,41,-33,-2,82,-5,66,-57,-59,37,122,-118
77,67,100,94,107,75,2,-36,-157,122,52,110,58,71,9,-162,16,133,-37,-88,98,3,-17,-138,81,69,-69,-119,51,172,32,-5,132,-101,-125,-12,20,-68,36,3,127,14,-44,-17,110,26,61,-44,-22,96,-69,171,148,92,-31,121,-34,307,85,191,207,56,3,54,205,-44,89,-14,95,23,89,-30,29,-2,145,-5,57,10,36,-154,18,31,160,87,77,-59,20,-29,79,2,-47,-41,3,37
42,1,-108,-31,143,-80,-40,44,-83,-48,6,16,28,-149,34,100,37,94,-9,46,-38,58,-69,46,-105,100,-5,60,50,-11,-57,-31,74,-113,-71,-62,5,53,113,-3,126,-161,1,-73,66,-110,192,-117,13,63,-96,168,75,92,-3,110,104,-10,8,67,99,-87,-3,103,61,-96,45,146,-73,30,52,49,28,-224,14,-61,17,-14,41,52,149,-21,-109,-95,45,-113,79,-104,120,81,63,-115,-14,-6
74,0,59,-5,52,-48,8,-100,-50,171,115,-60,-7,-16,-22,38,6,70,-62,27,-4,101,68,32,61,-23,78,140,25,-19,0,-24,-22,44,8,91,46,44,-67,8,-45,-20,15,41,100,54,125,-22,112,-15,1,-128,79,76,-26,12,-45,-103,-9,-45,-149,133,160,60,-64,-194,19,58,-5,95,-102,54,-26,98,104,74,-3,22,85,84,-47,-35,-79,-10,61,72,14,112,14,55,-111,84,212,-11
-36,223,47,156,-116,-7,-35,79,-95,103,15,58,-35,10,93,170,13,142,-5,-26,10,88,42,99,36,37,62,41,-76,208,-93,236,99,66,16,-15,44,26,-134,121,95,83,-40,66,55,-37,-30,76,-10,-92,-22,101,-168,98,94,-6,35,-16,-9,-22,-39,155,43,-173,120,84,-42,114,-102,15,79,-33,-92,-1,-39,-4,178,75,-15,95,2,191,85,55,-15,-33,157,13,79,34,66,57,-122,88
56,163,78,49,-51,79,118,58,-81,-23,151,-24,37,66,51,146,-36,28,-54,207,-38,-16,-12,85,-118,-119,47,45,35,102,-116,31,21,-86,191,-30,39,123,-16,48,61,-17,-97,-57,163,-34,35,34,143,105,-37,142,22,-56,-26,38,93,42,13,12,55,27,-150,67,24,80,93,119,26,69,-81,24,159,58,-35,-107,91,118,40,-26,-50,105,-103,-106,37,48,26,-1,184,-103,19,43,9,-61
110,170,88,205,5,7,99,-65,37,14,-16,50,104,57,-188,15,-50,-49,17,-15,-131,27,57,-67,-18,126,-104,-57,-6,-2,59,106,72,46,34,88,104,58,35,-59,-29,-126,82,153,-3,-55,61,11,55,-58,-49,121,-80,-19,148,-32,55,58,21,-61,140,88,16,-52,-98,48,13,-61,0,-21,30,-33,49,-161,109,61,58,29,-108,27,59,56,-70,-60,-50,-11,49,-82,-40,-5,116,146,10,132
65,77,34,87,179,43,-61,63,129,149,88,185,52,204,-47,45,76,22,76,63,54,121,53,-5,-61,95,13,24,147,1,7,-50,-72,21,163,82,58,146,-103,123,125,27,123,28,63,-36,18,28,97,-78,-28,24,105,18,129,61,103,24,162,118,-13,63,88,32,-27,-113,176,100,184,131,88,-20,11,34,55,-17,-30,69,72,-18,-3,99,81,0,152,98,26,21,94,102,-67,167,29,47
-109,118,-56,-18,-56,19,-3,132,154,-41,24,-36,-16,46,-78,44,38,109,8,33,13,98,37,23,83,10,-50,31,-78,81,12,-129,116,0,-37,28,-15,33,-35,-49,-82,25,31,105,-13,33,-104,152,68,17,-34,0,-13,-63,135,-65,-8,-107,79,129,89,57,-71,-28,-79,56,4,76,19,4,44,69,-155,23,33,93,-2,-19,-60,-73,171,-32,-122,22,85,-20,-36,-19,-2,66,-24,73,42,55
-54,25,-72,12,162,69,58,42,143,-36,-134,33,14,-117,-119,114,65,-12,22,-66,7,-54,-46,-26,21,191,-83,35,-24,-134,45,-15,92,63,77,-8,8,16,26,80,50,-64,349,11,-33,-112,-29,-42,-84,-32,13,-32,89,52,98,-63,-31,-216,39,-6,187,57,-58,72,43,46,-33,-134,-54,-64,41,-21,-143,-28,26,91,83,31,36,-29,60,-124,-6,-23,-8,51,221,18,69,124,49,-23,0,-97
80,-23,58,122,8,-77,-31,62,134,-60,92,-65,-46,-104,97,229,33,14,-27,102,-55,-35,-59,26,-26,-11,48,161,-106,-104,-122,-41,90,105,38,-146,-63,19,23,131,1,-6,-100,-14,94,-163,-12,66,-24,-83,-208,-27,-195,18,81,35,8,-24,-61,-69,25,-52,-7,-137,-85,-76,66,215,49,26,20,16,65,-88,-53,-33,182,-57,-18,95,-7,42,3,106,48,57,91,43,-52,-55,3,98,20,138
-44,2,49,59,-134,-65,-74,141,44,52,-51,136,60,55,83,-3,-1,0,31,37,25,103,98,131,-23,-46,29,-13,-27,176,-14,165,44,74,34,73,20,-64,1,132,-24,3,-76,80,-46,95,-49,26,116,-104,-41,117,-131,-7,143,87,124,78,-7,-120,-27,-82,31,-45,82,68,28,138,-25,51,124,-95,77,111,79,-34,40,58,13,-97,-34,101,84,-23,-17,4,170,-112,211,20,4,-27,-118,-64
155,167,132,4,141,63,128,67,173,75,48,-20,-11,15,43,40,-105,-52,18,56,-8,74,52,72,12,-18,-12,29,179,84,39,148,116,14,9,0,-12,165,-116,-24,42,111,-10,44,-83,-46,183,188,122,-47,19,89,98,-52,-55,111,-40,53,29,101,-15,-129,24,-53,75,17,-16,-60,178,176,-19,27,9,93,117,71,-36,69,3,118,136,9,32,190,34,127,57,-73,77,-31,-98,163,75,98
87,-59,90,31,-27,-38,33,23,38,136,28,77,-11,0,135,153,-37,-8,69,150,-16,22,34,116,25,45,-45,203,23,133,36,-72,147,-60,174,55,-43,73,46,54,27,36,139,35,87,4,86,25,59,108,66,20,91,17,-109,109,166,-70,-21,-52,-138,-97,46,145,35,-43,77,99,119,192,-31,15,108,-157,98,96,103,141,-17,54,124,151,-35,-94,-16,104,42,-70,149,81,42,-22,26,-27
-91,-10,61,0,-4,-7,11,-15,18,138,138,75,-14,4,-54,101,-41,-35,61,-11,140,63,-29,116,-68,142,60,4,251,-39,68,6,-99,-39,54,105,136,91,-125,-9,111,79,88,-58,-37,49,-47,-125,49,-5,47,4,182,40,66,186,69,29,50,134,65,3,30,-18,-138,-99,122,114,54,151,142,102,74,-26,120,-98,-70,121,9,43,-88,-46,-72,43,-93,83,121,70,84,5,-30,-14,-55,-20
67,11,72,67,-46,0,12,138,-1,98,120,-24,-87,115,35,-115,101,17,-112,78,16,22,25,-3,-53,-110,21,-31,29,112,-145,17,-105,59,81,-120,32,-59,89,-180,-120,53,-24,74,58,22,-141,-94,-37,149,46,57,-162,-52,116,-24,136,185,-115,-2,-39,-90,-30,-2,11,131,44,81,-15,49,18,146,160,-13,-78,57,66,-72,-126,-87,-150,103,44,121,-63,87,-48,-68,28,-114,-79,0,-6,96
41,-47,-76,-26,8,93,-23,194,43,-126,-16,-28,186,-19,4,32,158,32,-82,7,-81,-160,97,-14,-14,15,71,75,148,-78,91,-121,96,-4,12,-32,-25,-51,78,-59,19,56,-9,17,43,-42,54,-27,-5,100,-30,-34,-98,70,90,-142,46,-23,-65,-17,196,0,-98,145,84,65,-65,81,25,-115,55,175,66,-29,-56,-106,47,-30,13,-11,-39,-32,120,-10,59,-102,52,-51,-59,23,132,-28,-28,23
143,48,134,249,-95,25,80,-96,-54,32,86,143,-100,167,-144,-20,10,17,-8,-16,100,-46,48,47,11,16,7,62,-70,38,-16,14,93,82,72,151,75,18,-20,26,181,-130,-66,89,-25,29,17,53,-76,74,162,178,-65,97,-46,-19,-65,11,-131,116,42,-40,-50,30,-80,58,-37,-112,-47,-116,64,-52,82,-1,5,25,67,-51,-20,28,-55,-109,-115,172,-110,116,57,-5,71,-26,23,9,-24,-10
-58,18,-5,55,40,-43,-64,16,-2,27,-17,187,13,-65,74,150,79,93,125,-173,-52,46,-26,-88,-24,-1,26,-5,55,58,-50,24,38,122,8,-18,-137,-139,7,212,168,74,72,-50,-32,40,-45,-7,-22,21,20,-8,94,75,20,-64,165,-65,109,-63,-70,-84,-23,23,160,-28,-139,-90,-38,-57,152,-147,-13,-15,-63,38,88,35,-17,12,4,-45,92,-14,-29,-79,94,45,50,218,154,-12,41,-101
120,-34,-19,-48,-12,11,95,-55,-124,19,207,201,207,137,87,-18,93,27,95,114,-71,-4,84,52,40,92,78,-1,2,23,196,-46,149,-117,74,-10,123,-57,-111,99,149,-74,-121,34,29,14,-11,-30,100,-1,116,49,-64,78,16,80,92,137,62,-100,106,13,-7,-30,-7,-57,78,25,72,19,60,-64,-43,56,-3,30,87,242,64,101,-52,69,30,-75,-46,5,62,108,27,106,109,65,-120,-54
