192,56,63,62,101,199,-64,-150,49,79,95,108,228,-9,2,-49,27,187,-9,71,329,142,56,214,-14,58,5,62,-163,12,161,-91,250,36,9,47,-11,-110,-7,69,24,-209,200,92,-227,-33,170,-53,114,9,28,56,87,-120,12,-57,116,316,98,-29,52,1,-43,-55,-17,-4,-42,65,-31,-26,-57,192,149,99,26,142,40,-71,25,-20,203,159,-158,237,-57,177,180,-90,165,72,224,-92,261,160,155,-85,168,57,98,-26,217,-2,115,91,240,25,107,-34,181,11,-68,36,69,-53,143,-32,-214,238,24,-60,210,-89,73,-40,64,31,90,49,97,-77,59,81,-105,97,-23,-81,124,14,48,13,123,45,62,17,-38,176,-59,142,91,69,48,-116,-118,168,53,113,40,-18,-68
-13,83,26,-209,-211,13,-78,206,-4,82,-126,-152,138,260,159,44,30,132,188,75,-117,-5,-34,-31,-104,5,-47,-71,86,-18,221,-68,-155,-28,-106,11,-171,-55,-62,49,8,-177,60,79,142,117,-11,46,-27,53,20,39,-144,-214,-155,5,220,2,167,-110,-44,-64,55,-23,-105,-31,-26,53,-294,39,180,275,-81,31,-42,243,-7,111,-86,21,-44,-222,146,-54,-120,6,75,13,-163,-55,83,-11,-11,-73,35,5,14,133,5,99,8,-89,222,68,76,42,24,-84,117,100,-53,-93,-116,-16,202,-32,-94,-103,28,130,15,36,-30,-27,-17,-171,91,81,-57,-17,2,-40,-79,-36,97,-26,103,14,39,147,44,130,111,39,141,-185,304,172,52,8,12,29,146,15,76,189,101,5,46
108,8,-25,94,112,169,4,149,41,59,67,26,38,142,115,211,152,-106,53,69,-88,-24,252,24,8,98,153,157,69,72,191,-28,244,162,-67,-55,27,-35,179,311,2,146,166,156,-22,106,-43,177,39,241,155,176,316,10,-29,-121,19,61,197,94,33,-215,-25,-46,-6,101,-84,88,-138,37,151,174,-166,349,-51,125,273,35,-71,-12,-21,-82,62,-123,83,250,29,47,-37,-142,45,168,51,67,65,-3,80,-6,-180,10,175,284,234,253,47,57,-22,-49,153,-30,54,-67,-147,32,94,21,-146,150,116,15,86,47,268,178,11,140,214,228,-40,88,47,93,-85,-28,132,-17,33,97,91,-45,-120,135,0,142,196,103,-152,130,116,325,15,-72,153,-17,147,53,-209,226,-22
191,-115,-106,155,55,-3,88,-38,-79,252,103,126,-31,52,203,7,20,-186,-175,-49,157,45,33,-195,-92,264,-59,-64,39,-67,-18,58,-12,173,41,143,189,135,215,123,-40,168,0,-1,-97,-43,185,-102,13,-120,29,7,-55,-30,-8,237,-49,70,5,-66,133,-7,54,74,99,50,-155,227,191,267,23,200,126,66,44,-4,101,-92,-19,-16,119,4,28,101,98,170,75,19,61,29,-95,77,73,-150,-48,134,237,94,84,-95,27,169,33,-11,99,214,73,89,67,-47,-53,-42,6,200,0,-14,184,104,62,213,-93,75,9,158,139,109,56,-84,-13,-14,-2,-5,-15,26,21,-67,109,-13,33,-83,71,65,147,8,-2,-67,86,106,97,-230,-207,125,-214,142,125,-50,-59,-25,-17
-42,34,-165,43,-191,-43,-42,220,-42,-17,-109,-150,170,-84,-22,178,46,197,167,76,28,139,53,-44,156,13,-6,80,43,69,0,40,87,124,61,146,-55,-57,135,-171,84,126,-148,48,131,55,119,-74,-157,79,-66,-19,-62,-77,55,-54,-7,-120,18,-72,197,176,135,232,12,6,-68,32,292,143,142,69,76,-168,65,-1,45,99,112,-58,-127,174,259,-195,45,-185,-56,-52,-3,8,183,-40,-238,-224,102,38,-112,194,-82,133,55,116,111,17,-6,5,171,-90,32,48,75,-18,-99,80,119,-66,146,37,-102,222,33,149,93,-16,63,173,223,-45,-3,109,-99,87,128,50,-6,-107,-13,-58,-244,-13,100,-26,39,191,84,-50,271,14,18,150,174,-11,36,139,-178,-1,231,41,-37
264,171,43,79,-74,41,-44,149,119,123,119,81,99,103,-8,-76,31,-13,13,118,107,132,6,144,-119,98,-40,-92,-37,31,9,106,48,-12,-15,131,173,-62,160,-16,99,115,63,111,68,110,179,135,81,56,41,129,-5,-64,26,-122,137,98,-33,175,-30,117,154,51,125,26,-121,-195,2,-105,-17,95,124,-36,-13,74,50,140,-91,104,193,153,11,17,93,24,74,54,97,68,58,20,45,56,171,-7,68,66,119,48,90,143,10,23,23,7,187,-55,164,154,-48,67,23,-2,93,74,-5,97,68,19,83,-2,-29,58,64,-19,206,34,130,96,-10,-112,115,189,0,-33,58,223,66,224,176,93,188,77,33,95,110,150,175,169,155,65,160,33,189,4,95,-5,-127
69,154,-54,135,72,117,-121,145,-110,-98,39,47,109,287,-18,54,-109,86,121,-26,-54,-60,61,-25,-15,32,23,-134,-6,113,-74,224,32,-181,-30,112,55,-186,-11,90,103,-14,-1,191,-26,10,3,98,63,293,45,54,1,106,87,151,-60,-43,133,-14,22,-48,-4,30,-36,314,228,99,-158,-78,119,-22,-39,21,126,105,132,-58,-207,74,55,5,-111,124,-48,-58,37,22,134,56,123,38,-15,65,187,323,-81,63,21,109,133,30,-71,-76,206,19,5,96,70,229,-127,76,33,83,60,41,67,66,-11,16,-52,-178,126,-56,21,131,103,8,-51,10,19,192,-22,43,7,-91,42,-2,29,150,68,17,193,93,228,110,20,88,37,11,49,74,-16,162,108,151,49,103,-40
245,-32,-143,113,48,16,-102,-32,-29,16,-1,-70,69,289,281,79,38,158,-35,-6,130,50,160,232,46,-37,-219,119,-128,-44,-63,-53,106,14,-116,27,-10,-83,-2,40,54,-48,151,147,116,-35,227,18,-66,32,-96,153,149,-117,38,-173,250,86,-83,128,-174,80,-6,-24,37,73,17,-165,-172,-40,-39,153,-87,92,165,-75,124,89,5,-89,8,-2,-10,-26,80,-98,38,-150,-20,-60,124,131,92,8,70,45,-61,4,-80,95,99,219,58,12,186,-254,147,141,253,161,26,72,-135,208,-52,207,-112,-40,34,174,93,-127,-21,156,-74,-21,-85,223,159,54,69,129,-65,59,241,37,163,218,152,139,278,44,8,219,125,25,59,-70,15,-8,52,-42,174,96,45,-33,184,226,-36
45,30,25,151,-56,19,11,-20,-57,58,2,208,-62,121,-48,-112,-39,71,-18,15,117,-46,-102,64,65,207,5,-73,134,-19,40,247,-35,208,164,40,80,70,2,26,48,-23,-197,-134,74,-113,43,20,60,86,67,12,107,-24,171,136,-1,162,-113,153,-28,-24,12,61,282,-17,9,-61,185,-47,-38,-44,147,-116,-117,-118,-36,12,-28,69,-33,267,-133,-79,-28,-40,52,118,225,41,31,-34,15,-191,-48,86,-102,261,-102,67,-3,31,16,-69,-10,-13,-71,77,86,110,-34,50,89,162,-20,-82,188,181,-108,16,-18,42,-160,174,36,142,144,69,61,-50,164,-191,86,240,-38,119,-119,-65,46,117,-17,-44,-63,82,78,9,-89,-14,-77,108,-96,156,18,199,82,-51,-141,78,-125
80,126,28,68,99,118,82,39,142,6,156,91,126,212,110,-340,118,-36,-38,-155,-177,171,245,41,56,109,10,167,143,108,1,141,129,66,24,194,80,-154,-27,16,129,59,54,-6,65,142,-3,153,327,-35,320,291,237,154,8,71,-126,150,110,-104,-163,110,188,163,203,322,-11,35,8,-4,18,235,286,121,182,-90,-59,130,251,56,92,22,-26,-12,35,-12,198,65,164,113,-66,30,132,412,230,-58,-112,128,13,0,79,20,152,56,27,57,86,118,269,212,-61,67,-127,-11,20,64,155,206,8,91,118,63,35,-84,63,-59,40,-253,144,232,-48,45,96,16,81,90,82,113,153,-78,93,-73,3,-81,-241,128,-256,102,-44,66,167,-20,-32,11,174,151,-59,66,-144
105,55,157,32,79,-105,220,-157,-52,30,-44,-48,8,95,133,15,174,101,-81,-8,-51,145,-2,-81,-71,167,29,-52,-36,-160,27,23,-136,-206,-22,-70,47,-98,123,1,31,-105,-282,52,-246,-93,106,55,78,104,-150,2,-23,134,119,32,-77,-116,156,109,85,-92,40,-27,88,2,84,-11,-1,1,-46,-197,-118,64,167,-87,-15,47,32,145,-102,-95,137,159,16,-81,68,-58,45,25,-61,-89,-73,109,-27,34,-2,-161,26,-82,148,157,43,23,84,84,8,-100,57,-43,-34,113,-104,23,46,-3,126,-157,76,-161,12,45,-56,-69,65,-54,217,-69,1,37,-11,235,13,-40,-45,-63,80,-98,36,-7,-52,101,-14,-167,-22,82,-60,10,75,255,-6,-5,77,-117,70,12,-15,19,-43
199,-26,30,56,18,24,114,-34,82,106,284,132,5,11,-2,67,-9,-111,8,-2,32,44,178,-137,-133,-47,-115,112,-154,-7,-177,130,139,149,126,-2,172,77,96,-89,5,-28,162,93,109,-3,238,13,144,26,-5,51,63,-10,39,-42,88,150,-139,-14,-181,139,249,-41,144,213,49,-61,423,154,-79,143,-26,82,-147,-49,-63,108,10,28,154,90,68,-17,81,-8,-99,-25,330,253,26,-71,75,132,69,242,15,145,-53,6,-150,95,-110,-11,216,75,-42,116,66,52,26,-92,67,180,137,93,-9,241,142,185,79,-58,-179,102,-70,270,47,37,6,-177,-187,-115,184,35,61,217,85,130,-40,-63,33,-20,27,210,-104,190,230,-90,72,-42,32,85,-49,-135,152,-76,259,214,-32
372,-81,-7,86,-47,136,-142,-137,-51,2,36,-160,158,-65,-66,-73,-190,16,-47,130,81,13,54,-137,368,45,26,126,106,85,-4,125,-74,-35,-88,-8,74,-39,138,87,129,-53,-228,211,64,201,-8,118,142,233,-40,5,138,-162,34,65,18,-28,165,83,74,101,-69,178,164,75,297,162,35,10,82,24,198,8,-106,-77,60,-94,-18,-76,107,66,-74,42,84,-100,205,167,-82,9,-73,98,-81,172,-64,114,-37,56,45,111,-42,44,188,-52,39,-294,101,-198,-38,156,35,76,-68,259,23,90,128,31,-100,-88,131,-39,113,2,-45,23,-14,30,23,156,134,256,-66,70,122,66,-65,291,-65,-101,337,-6,191,151,109,169,-153,75,210,-83,-82,165,30,7,358,160,150,111,-38
-44,90,-142,82,-114,-24,-3,148,78,-83,21,-72,129,-19,3,106,-25,-52,150,43,-90,124,180,57,28,75,101,68,-41,-63,106,129,174,2,1,-85,310,-26,141,122,17,28,117,137,102,-35,82,267,-92,113,-239,147,78,-11,-18,89,-111,64,60,128,-81,80,-19,2,204,9,-13,-118,-169,94,38,116,12,13,117,94,-22,-213,178,-3,135,113,132,32,126,-144,-131,-22,125,-81,260,59,22,72,61,-149,-65,234,16,162,25,85,23,-67,83,-30,86,196,35,-115,141,-2,-7,-73,193,-47,-43,35,-110,99,75,-107,72,-224,36,6,234,-136,-35,-21,-176,80,137,19,116,64,-3,-20,-78,132,-49,-188,67,-91,25,44,52,-79,51,159,36,60,65,-128,94,41,47,-3,-56
192,4,60,-25,284,88,202,186,-6,90,55,145,239,154,71,-187,64,-84,175,-35,126,306,130,213,-90,200,0,30,66,-55,171,96,85,85,30,138,182,62,67,82,155,107,168,82,200,69,40,59,54,8,38,-30,207,158,5,215,79,4,-149,87,-36,-163,248,81,41,179,-88,-75,-138,65,21,83,99,132,33,44,162,1,36,-82,172,88,-97,208,60,19,201,-55,305,145,50,89,239,36,77,117,80,175,-28,-19,129,-110,217,68,-11,90,21,88,-35,145,-139,292,46,-12,269,81,134,180,198,-34,173,272,154,187,61,-30,54,118,43,-18,105,238,148,101,32,-55,146,23,5,-141,6,43,113,63,105,-5,-56,39,175,167,123,-16,256,11,104,85,-26,87,69
113,-25,65,82,-59,130,189,-137,64,188,64,124,37,113,153,56,51,114,97,-273,4,56,-31,40,-39,-128,-3,29,45,59,48,-66,-159,153,-18,176,0,77,60,20,-71,-22,198,-29,173,14,166,-151,77,-113,-66,80,24,-3,154,-69,-40,294,69,28,58,178,85,-155,-24,-28,111,52,91,34,22,-83,124,-52,29,41,29,238,50,114,14,-40,48,-255,-197,-135,-147,116,-111,-77,55,97,19,11,118,24,24,-53,-66,51,-6,270,148,-27,335,-27,-34,170,-41,52,51,-156,49,4,-111,-56,-10,-159,-29,-31,-205,138,-41,107,151,-74,-35,171,85,21,161,-135,-194,50,21,-113,129,34,86,105,8,50,81,38,79,97,115,62,-28,291,-111,-39,201,-170,28,36,-10,36,-235
72,117,-52,-23,-57,32,-42,5,-15,-69,361,-24,138,138,136,-113,75,38,179,79,135,-24,-52,-58,203,149,79,97,-71,-59,63,-3,57,-155,251,13,198,87,140,-17,5,-41,-106,98,359,34,93,118,-54,63,-50,149,-7,-41,82,6,166,-94,104,-6,-1,153,56,-43,115,-22,-42,74,-63,160,155,-28,-14,160,-31,21,-24,76,11,-15,-62,-48,185,60,68,-61,3,20,145,61,-13,-65,31,380,49,170,69,91,55,93,-2,118,88,167,98,-103,150,-108,142,210,40,-79,-51,97,47,121,26,-167,-73,87,-15,-6,-4,93,59,-43,75,38,-30,101,94,123,115,157,201,44,10,174,135,91,140,40,104,160,64,108,25,-32,-28,36,126,110,236,155,69,311,170,166,52
289,-6,146,103,76,143,224,-8,-132,75,44,44,-104,60,148,-137,-83,-66,-110,-61,134,-22,78,-67,-11,82,19,-24,-10,-59,-3,341,86,8,171,-36,182,186,48,116,0,97,-56,50,-17,55,164,-144,-10,-6,1,73,12,103,74,184,46,-251,85,149,88,-12,-189,100,63,-37,141,-29,102,80,-128,92,175,66,-97,-66,76,88,64,206,122,230,39,74,18,-145,81,22,226,161,142,130,131,218,101,190,-74,109,254,4,81,91,-91,-16,3,103,9,-113,47,155,133,182,35,24,33,266,-87,75,-23,-22,-117,232,223,-9,155,139,-43,-148,169,32,157,268,168,118,92,28,11,34,-76,93,153,-6,160,-4,149,112,-66,129,29,22,-46,85,89,99,27,105,193,-139,100
112,51,-267,95,72,215,5,-7,-53,-130,191,-82,112,80,44,-71,53,-231,247,224,128,302,49,-65,24,89,-38,-37,-52,-52,115,97,109,-38,72,185,206,58,364,456,90,45,-74,363,127,32,-178,-61,-54,29,9,36,287,-65,-2,164,201,62,-29,6,13,120,55,61,114,-172,22,70,-97,216,-1,109,52,128,-38,101,174,-7,79,-5,-54,67,-11,158,422,-77,64,-39,145,-31,416,-58,317,93,63,-36,44,207,179,116,-168,49,212,6,47,-21,105,-87,85,33,-27,-35,106,-165,86,128,-30,192,-4,42,24,76,-106,83,-39,108,186,-197,-146,-57,191,173,-35,34,52,249,27,171,110,123,202,69,156,190,30,51,-20,78,346,-232,150,84,-92,-36,132,213,8,-154,131
55,-92,-16,-87,54,116,129,21,43,125,304,148,7,-125,-116,-294,-89,114,-12,203,92,-73,-189,9,27,-69,-19,64,165,-33,210,34,118,239,317,311,-10,0,-7,151,66,11,162,-103,123,60,101,87,-147,119,154,186,147,-140,-63,69,197,46,-129,121,-199,87,213,136,73,78,-60,90,-9,260,-66,247,-126,25,16,-38,-144,185,-193,-72,200,-21,-61,23,-32,133,-1,74,157,132,-52,52,182,91,21,40,21,243,-12,65,-55,-110,58,61,25,86,-14,132,12,-8,-132,201,-177,120,27,-216,114,151,100,148,147,24,-25,173,43,14,104,-4,49,-184,86,224,71,97,80,-109,-83,36,24,127,11,-46,147,275,249,89,-44,27,145,47,-33,-15,23,-64,62,171,-41,64,100
128,91,-51,2,-232,129,29,-81,13,60,312,67,92,97,-116,181,-52,-71,170,149,104,138,83,-232,53,129,-45,-22,-195,-40,-31,42,50,-124,157,-163,257,81,304,81,271,67,-95,73,62,64,157,-59,-95,13,-34,115,-97,46,114,54,118,-39,181,108,212,130,-97,99,194,136,-3,104,82,4,-29,101,-4,0,-89,51,-4,35,-17,202,45,-17,83,6,265,130,29,238,30,98,19,212,21,-138,110,65,134,-13,30,208,52,-11,85,111,81,28,103,34,62,-42,281,97,-86,-27,190,117,138,212,190,-130,14,160,138,-72,68,120,-14,61,-113,-26,3,-92,210,-90,115,82,7,52,-150,83,-106,8,98,-148,294,32,-97,63,158,67,-112,91,64,34,-32,-68,264,-122,153
200,24,85,88,112,164,142,-128,-41,-85,99,36,11,29,97,-21,-223,9,93,14,73,39,182,-43,51,118,17,101,-30,-134,54,-57,151,14,55,-44,119,90,55,125,153,51,282,250,28,9,56,166,27,35,-77,52,197,163,159,-14,81,90,46,2,26,259,-49,38,251,96,104,23,22,1,-60,27,40,-101,90,188,182,-25,99,-28,39,80,-12,52,185,37,80,55,113,29,-57,46,147,36,103,-16,85,89,-16,52,60,36,-4,-151,-1,7,-149,-12,46,122,103,17,8,17,292,118,2,181,-17,22,73,94,168,21,-76,135,-8,253,90,17,113,129,117,110,46,175,85,76,-35,101,-65,-78,108,112,50,-88,35,121,127,199,7,-135,6,49,308,75,30,51,-3
111,293,-34,80,-57,335,180,147,94,9,160,-39,-96,21,10,-16,-132,31,20,110,55,129,32,118,-53,17,132,-136,18,133,-43,106,78,176,86,70,38,21,97,141,-82,-56,86,132,134,-211,-2,57,323,150,16,30,-91,151,-72,61,67,176,2,-16,73,42,94,0,7,58,-65,73,270,-17,215,164,139,217,152,124,193,70,163,40,216,48,69,-31,194,118,38,91,56,188,231,74,-38,-34,112,-42,73,110,-29,5,177,204,119,171,229,109,105,59,166,-56,96,-9,-158,-36,139,105,51,-16,44,-4,42,252,114,294,163,-24,191,30,35,-34,21,160,93,-4,-8,12,114,116,136,74,89,224,-14,116,123,175,-11,289,144,20,46,-133,124,51,262,-52,154,20,84
46,36,136,-99,25,107,23,-97,255,90,-65,-35,115,183,37,48,-19,-266,168,210,305,60,133,27,-161,141,-81,-36,71,51,236,59,83,-82,152,124,202,-211,2,219,-115,79,-66,228,145,43,9,150,131,33,176,85,136,24,66,120,360,-24,-126,172,-248,60,205,190,84,-19,-228,-199,-18,18,-18,144,59,174,40,266,30,126,37,-46,255,91,-68,149,-42,314,62,-120,70,177,63,58,246,-39,123,-64,107,90,101,24,84,239,57,289,43,141,73,-126,159,183,-126,86,231,6,190,64,44,94,70,-15,177,40,121,-156,-103,122,73,72,9,-32,98,108,78,80,6,-24,132,167,-15,2,113,51,67,152,157,262,-83,140,63,-130,-49,86,-96,80,197,94,35,-55,-108
25,-51,-162,95,-10,233,8,-54,-28,103,138,128,-88,-2,81,159,-19,-3,-26,11,-28,7,19,122,109,-20,-37,107,33,-9,45,179,121,-50,-9,46,-118,21,115,153,73,-44,139,51,15,-66,228,131,-36,-12,53,2,97,123,-47,-70,-180,108,60,111,1,-74,108,-25,145,62,141,98,144,24,-32,56,-3,113,3,125,11,-167,53,92,181,-191,80,-121,116,17,-117,78,-94,43,-6,102,3,-155,-53,139,175,117,87,22,168,35,-11,53,-180,-60,89,-3,55,152,78,75,99,160,-60,-68,136,252,-31,34,-33,-128,33,54,6,95,226,91,88,5,37,133,-177,188,-10,29,-78,36,101,159,-170,166,30,156,185,93,-17,74,59,36,-167,110,145,-60,-109,67,57,-58,-29
-104,20,42,-8,-9,310,108,-66,-176,80,134,39,162,-200,28,-12,70,-85,-33,167,154,-102,146,66,74,166,57,6,58,342,84,-41,175,28,19,-80,237,52,47,50,-139,-61,83,-144,79,25,-195,28,-79,124,31,-54,-20,5,93,12,55,-94,1,57,-3,147,-15,-215,27,-1,-29,12,-111,230,48,32,-9,205,-69,98,15,97,-136,46,64,76,50,141,-3,88,82,56,45,-117,21,-13,50,180,-36,167,54,-147,64,-127,96,181,214,2,57,222,71,58,-52,38,22,-44,227,54,-122,151,-102,-26,35,45,-17,6,205,76,-103,71,209,-9,2,-126,-307,4,-33,-39,-64,-50,60,111,142,-188,41,104,3,28,50,88,204,87,96,-5,-147,152,199,-201,151,197,-134,-24,138
155,95,59,-144,47,-7,-16,-34,-64,-50,66,15,-49,180,101,-33,105,129,111,-219,-40,60,-9,-102,-116,62,-32,109,-6,59,-3,170,19,15,-2,60,-42,-142,53,73,-83,-57,259,48,-31,-29,129,59,-72,2,-92,-98,32,181,-105,161,-13,139,211,-44,31,26,65,-37,-43,21,-192,22,-53,-12,-95,93,-32,120,192,-54,-80,196,-4,16,8,182,24,106,-10,-31,52,-262,-97,11,-28,18,98,0,132,181,46,52,60,-8,19,-9,122,63,114,123,155,-17,80,-62,-84,115,-96,-92,238,-108,-79,-30,251,207,6,135,221,22,140,-39,-136,62,-2,-28,1,288,-11,-3,129,-217,67,151,-70,105,176,-8,-35,101,42,29,11,146,7,-51,-1,-109,251,-72,-176,28,-14,-133,83
30,37,54,159,-26,189,144,61,219,75,280,10,131,61,101,-65,-58,-98,106,-115,-9,-38,-57,-59,102,-28,104,221,240,-120,64,21,59,230,194,253,56,82,-61,111,-29,35,92,40,241,21,180,65,-16,100,137,-13,67,222,97,126,-76,84,26,-120,28,3,211,47,291,74,204,264,128,183,-118,-97,146,130,-104,32,47,97,20,183,95,114,126,57,-31,306,51,47,182,33,-161,-167,-28,53,-108,122,0,275,-76,153,-46,-1,0,18,-32,137,44,40,83,245,-3,116,-68,98,-63,51,142,-1,142,282,-185,203,-26,121,82,60,87,-85,12,146,175,41,79,241,-37,-72,94,60,52,144,74,-2,146,21,-47,70,-6,114,-23,111,79,65,-25,25,199,71,209,21,-67
69,-35,-14,-107,71,137,88,119,127,49,66,-174,77,-286,69,-33,72,-46,174,19,-50,178,216,100,81,23,-68,-122,263,48,104,-23,-4,197,165,14,90,-104,98,-84,-40,50,55,126,120,129,65,33,142,188,174,160,-25,-121,-289,45,90,-13,-307,32,-14,219,45,112,60,121,87,31,-32,238,67,183,15,28,58,135,-30,192,110,-31,102,-8,52,260,42,89,13,10,22,111,-107,-21,-71,111,27,-31,61,215,-17,-40,112,-13,114,76,71,13,88,-28,166,118,53,134,45,125,73,0,76,66,-5,120,268,15,19,125,-209,215,223,102,72,154,-38,81,203,-229,171,75,221,67,-63,-219,237,163,222,235,-1,42,244,100,173,-135,232,130,-65,84,15,159,24,80,120
102,-51,50,225,10,114,24,43,-12,203,41,-73,173,76,114,85,270,66,14,120,157,44,91,139,-187,107,-90,63,126,51,77,9,-11,199,168,-10,7,9,73,137,-16,-99,-83,78,-107,136,46,-71,126,184,63,-159,146,183,100,100,104,95,19,14,-4,-208,112,20,152,70,41,121,-23,140,-79,156,164,-114,90,22,76,145,-109,-34,22,377,63,207,15,43,351,-37,255,21,123,50,189,117,102,137,82,179,46,-28,48,-56,73,115,199,216,44,183,200,17,-70,94,47,97,-107,86,-39,153,49,40,120,-82,-19,51,88,227,105,-150,130,-274,213,150,-55,25,245,187,246,-112,122,105,178,-88,-75,37,85,35,319,-67,280,-53,33,166,-126,165,44,48,16,-14,97
26,102,-107,111,141,207,106,131,56,-178,24,131,100,261,26,67,9,-67,97,-24,49,185,176,-45,107,157,146,-4,-52,218,138,194,289,-37,-28,-22,92,-60,177,57,-30,11,-83,-12,-16,4,-163,166,-50,-4,-147,37,173,19,3,200,-136,-86,39,157,-33,-8,-4,124,0,283,73,-14,-220,95,-115,142,-85,139,-47,-88,26,12,73,-19,276,75,-2,196,47,135,-39,26,108,-107,-19,165,151,322,131,112,-193,-73,-5,-41,25,31,28,59,109,-48,133,2,-29,115,125,132,19,-80,127,139,-12,88,122,-156,195,181,206,42,92,3,153,-102,-29,192,-11,88,125,-11,16,125,74,1,172,-22,-40,100,50,-144,-138,29,24,-42,20,279,37,209,172,-10,-21,19,-103,174,-39
13,39,-125,52,-140,-17,192,150,63,18,104,266,-34,94,17,-35,68,31,285,130,-109,68,317,3,206,-10,-72,-147,201,116,-41,55,97,28,-35,59,-11,122,146,14,172,-9,259,207,42,-170,-3,172,-93,10,16,316,153,21,144,101,126,-116,10,122,-71,69,234,117,48,152,78,-22,177,29,-70,134,-60,225,55,131,199,206,-115,88,260,7,85,67,210,136,-24,-27,265,88,38,-53,210,58,-18,198,-49,-93,-54,190,318,171,4,220,149,114,186,-137,218,-49,64,54,-47,74,200,142,133,-101,-101,186,173,148,145,40,98,78,-124,247,-30,229,-66,43,-35,82,81,95,41,51,51,-145,183,83,-45,51,-15,-83,16,73,-8,177,84,122,113,-58,-199,69,185,94,140
-89,-120,10,-243,-156,62,7,-177,-31,170,-102,36,-91,-78,149,52,56,-13,49,162,33,3,-79,215,233,-212,0,-1,125,-127,92,-45,-227,134,78,-124,-41,131,16,109,-1,-239,-13,16,-8,198,161,131,-182,-300,-53,-29,67,-151,22,-45,263,1,3,-120,56,29,58,-113,-60,55,2,-108,218,-142,-20,-85,-28,-56,-81,8,-237,28,15,93,290,-101,-107,-102,-64,27,-15,115,-46,-78,161,167,36,-195,39,-100,117,-56,-80,-8,76,126,-28,141,78,-92,194,-99,-105,39,14,-179,-100,59,-73,121,15,-6,-259,-23,-42,-196,80,-167,-130,-160,-188,288,13,-19,-23,-63,-22,-160,97,45,26,33,97,53,18,-141,-24,-25,61,-234,-28,-31,-67,-215,-80,30,-56,49,-42,-131,39,3,175
86,90,-37,38,145,354,86,-154,-109,140,107,129,46,65,65,25,-3,-19,126,-2,121,247,25,110,-84,23,-214,187,55,214,93,19,110,153,12,-63,-94,90,138,155,-20,-7,-12,38,-127,130,113,16,58,174,215,180,95,43,40,106,39,106,-35,131,176,-69,-35,73,226,197,22,-39,-51,-175,-56,235,-29,35,155,-3,-71,53,11,116,151,0,-69,-116,201,69,7,9,2,69,59,327,39,104,-18,168,-135,40,87,174,-32,195,101,295,220,-133,110,176,16,155,-69,236,-31,144,239,99,-47,78,32,-146,123,219,-169,104,86,59,65,156,-40,-72,128,125,-139,209,13,0,110,49,-31,143,248,15,162,-37,17,69,53,45,230,171,-299,179,202,6,27,7,182,171,312
212,-14,-112,173,27,81,-43,38,128,158,175,184,27,79,79,-3,7,63,134,103,157,108,119,128,82,39,-123,53,-142,-71,291,-78,-15,219,204,-8,208,227,115,180,275,4,27,241,89,30,277,121,-30,158,-5,291,-142,28,-18,75,21,244,-39,49,53,-71,-37,26,45,17,-27,121,185,136,5,95,-42,200,181,-102,29,110,-77,119,57,-25,-72,35,197,166,393,185,74,60,31,75,179,18,78,72,91,308,-27,276,182,-67,188,27,-131,-48,141,83,-97,-36,-29,91,-258,157,-70,93,63,89,109,202,66,47,248,-17,238,23,-12,-25,196,-18,-26,3,-37,184,144,-18,14,101,118,46,21,76,65,-56,131,30,-120,118,189,125,77,69,234,101,-42,-57,122,103,-120
28,150,-32,148,-83,55,89,60,-12,70,-51,-1,38,56,144,21,107,6,-28,75,191,123,83,193,0,-53,-79,66,-13,43,47,-4,12,63,34,22,-91,-54,-3,-1,50,-14,218,284,168,51,-113,175,30,91,57,189,22,4,138,-77,125,-20,9,-31,146,169,187,-63,73,11,1,-53,26,26,-32,172,90,-106,58,-106,20,-131,-89,100,92,74,174,12,60,-68,-99,125,-111,-39,-73,142,-15,-36,93,-31,94,-38,74,191,47,123,156,52,2,26,123,93,22,4,-10,24,29,-53,68,88,-133,31,-72,76,31,21,-128,45,128,29,54,55,89,149,234,35,72,121,53,80,106,5,-36,-31,157,-110,77,-124,166,-26,-97,4,155,-80,131,41,109,144,101,115,173,61,39
100,93,99,68,21,61,52,-234,48,30,118,186,70,-112,372,30,123,202,149,-102,-6,0,-136,128,92,-49,-68,58,-180,113,12,-107,175,25,-14,10,98,-108,-26,-190,76,-15,272,43,-67,227,201,-61,129,-85,-215,100,-201,91,70,-67,255,75,-47,-62,-7,54,69,69,-28,46,60,22,23,-111,-309,219,-23,-30,162,-3,-207,276,-155,5,60,-35,42,156,64,-45,56,-120,-106,93,-74,88,-30,81,208,11,-19,52,-41,-144,271,26,-6,-26,110,50,101,135,99,150,160,-17,18,-6,-40,-77,22,19,5,136,70,-100,135,6,-81,-45,-42,6,256,-87,-37,-97,68,-5,-64,93,-24,353,123,-77,-33,96,51,126,76,163,164,-34,205,-141,171,40,81,53,73,29,110,-32,-110
139,152,99,-40,-35,117,-71,208,190,-48,-37,-31,318,69,23,-92,60,-11,152,158,-56,163,-49,28,-17,153,-102,-19,61,267,244,38,145,-75,-43,121,192,-32,107,73,-128,41,-66,308,64,-35,173,13,96,126,114,1,253,94,222,158,116,64,-74,124,79,69,27,199,-3,79,135,124,47,130,139,-12,288,188,200,215,-38,-75,-24,96,148,277,-95,60,-163,-5,160,65,32,39,97,-31,55,112,-27,-8,23,102,124,227,216,-57,38,101,114,129,-5,7,-151,213,-15,68,-63,92,90,59,79,-37,125,-17,-9,94,229,-121,-50,144,31,80,-182,62,100,229,50,144,-36,228,219,-60,-90,23,254,56,-24,61,320,154,32,160,312,113,101,92,165,-35,6,159,242,-156,139
73,-18,1,233,-50,122,110,-107,117,44,77,-34,225,79,194,-19,155,71,298,-61,78,53,74,53,-38,-5,-7,118,59,119,59,-38,104,188,133,4,174,21,139,194,-38,-68,80,1,137,248,137,24,-115,-39,111,143,147,-25,112,120,88,17,-41,16,-19,-61,70,170,6,79,92,-9,20,-14,-165,126,82,239,19,81,-41,126,-78,-17,320,149,-33,77,12,155,88,-31,2,-8,-110,78,-97,60,56,87,-137,-8,64,89,68,164,-42,204,30,117,15,-93,116,175,-82,8,-6,155,38,165,74,-66,-149,22,282,81,108,-148,-30,47,18,150,147,118,95,-2,-43,-48,150,14,48,82,104,-32,28,-16,37,119,82,22,-34,77,132,52,-87,129,-76,58,182,39,144,146,-7
-35,-136,70,-51,-7,77,-119,32,-16,49,110,217,59,100,75,-145,-131,-51,60,74,-3,-20,5,8,71,-75,-125,-144,43,-41,129,95,33,-76,147,46,112,-32,-9,-62,21,-157,100,-7,177,31,-35,-12,-118,45,-146,95,94,70,16,129,73,-66,-137,49,-197,-76,159,28,63,-35,134,100,154,170,-157,186,-10,167,-103,-94,-107,127,-14,-22,232,-115,-22,143,143,25,-103,18,118,117,-82,-63,100,-64,-111,101,-2,60,36,-157,56,-36,14,-75,75,-10,93,17,48,150,-149,117,89,0,-130,48,-119,70,-53,78,-34,132,-77,30,14,179,66,140,62,-33,-61,-37,153,73,-175,-92,7,-108,0,60,-52,36,168,244,-81,130,-51,-60,87,-82,69,81,-18,-150,170,58,29,203,-88
89,24,169,-18,56,-22,132,-41,112,-23,124,62,84,-49,-81,35,-135,-114,-8,-161,103,-56,-18,-158,37,174,-27,-16,87,-85,-30,-51,86,22,144,52,113,170,13,124,8,117,-51,116,67,-32,-11,56,203,140,148,19,179,-58,127,135,59,332,-94,282,66,109,-6,-89,94,87,-52,-43,23,6,140,8,181,14,-73,-48,132,28,26,-39,24,279,-162,81,35,195,61,141,237,39,-48,52,100,127,60,74,243,6,114,56,-70,-157,-63,-37,147,-68,-4,53,-81,26,-70,192,119,136,64,-14,86,147,33,-97,130,26,2,67,-65,185,-148,110,-166,-16,206,47,155,131,38,132,102,60,64,-130,33,-62,4,-54,58,31,-59,-35,122,116,-156,78,40,140,178,2,-25,142,54
-3,136,-52,99,-16,169,-85,29,84,-147,63,-3,46,-48,27,52,53,-45,-122,120,153,-47,-16,79,-93,247,27,14,45,191,186,217,248,-7,-37,134,215,132,-30,196,117,149,-98,57,-31,51,-96,-55,177,272,124,60,-35,-18,-46,75,-135,43,-41,169,65,301,-115,159,-134,-118,12,-58,-77,96,136,160,-116,224,278,-56,125,74,-55,43,11,104,88,-189,-83,124,64,84,-47,174,66,75,77,177,24,-19,-29,125,2,170,116,93,64,-15,-21,-58,164,-29,211,135,64,229,104,99,68,127,49,159,57,180,65,145,262,24,-167,164,61,-107,-8,90,3,113,228,219,-190,-92,3,184,-88,176,-76,61,203,-66,162,11,-70,243,223,1,23,-46,151,36,113,-19,100,24,-59
118,65,7,152,48,-123,97,-44,-127,-65,-119,-95,53,120,-64,21,-94,-67,188,-125,135,93,74,102,30,62,32,-54,-60,10,83,-144,-77,-165,125,166,-11,-105,254,99,109,90,-102,78,50,87,-4,178,-181,143,-177,50,69,74,12,-40,39,-25,-13,-2,-110,-43,127,23,101,86,152,-38,20,-127,-2,-227,-91,84,-149,-165,179,59,115,-58,25,-4,232,115,-121,196,34,-33,159,29,-67,67,154,129,-152,206,97,-36,-120,-119,140,81,-42,-14,119,-195,124,-116,28,36,-2,-74,-138,190,120,157,30,-74,-4,22,204,179,68,-9,114,-101,-3,227,-60,-76,18,46,118,-83,178,31,93,76,200,30,151,78,193,183,93,-192,-70,-65,120,98,-60,-21,217,198,36,62,119,273,-11
53,168,216,-136,41,119,101,-95,112,123,32,76,202,-38,36,210,12,-28,181,-34,105,173,56,-60,73,78,8,-45,8,108,181,143,360,-79,-35,4,83,-46,-98,104,100,74,75,220,-64,37,77,-48,-14,74,-3,-60,140,78,162,10,131,-34,-25,166,95,151,150,45,72,-16,154,1,111,87,74,-63,45,39,-23,113,-16,118,23,87,85,68,202,202,-155,142,-171,161,38,-59,-3,-318,175,228,-11,-13,93,32,-152,31,193,93,97,133,114,8,77,74,-18,226,-3,212,116,-94,-3,-166,116,161,130,-2,105,52,-74,107,-55,172,218,275,-232,-10,-52,135,-29,-63,-180,191,107,163,-53,35,69,121,127,29,-35,-31,282,59,164,268,154,159,-44,-71,81,179,142,191,287
196,257,99,5,127,63,207,113,11,82,58,10,8,316,123,-73,31,145,189,54,-137,46,-4,-81,23,-90,55,93,87,125,332,116,92,-36,257,36,277,14,184,67,63,-82,8,62,178,99,137,150,135,95,40,91,-9,-157,23,58,230,106,-20,249,-192,138,411,159,176,-26,-81,124,45,223,-79,110,173,170,-113,-5,-91,113,30,175,-3,-74,103,-81,12,90,-113,103,42,136,-44,90,197,188,168,184,-74,141,109,66,40,37,-63,136,63,160,47,-119,137,231,-114,169,-86,67,288,21,122,24,72,73,70,33,91,-42,66,-87,39,-61,157,39,99,-3,-79,42,138,-137,80,150,337,145,111,9,283,63,16,45,7,24,276,150,79,18,227,-27,338,106,113,56,-89
12,-70,-37,83,279,121,20,4,62,-78,-7,-18,-56,111,60,143,28,128,-94,57,-54,22,100,38,-12,-42,60,44,-117,91,63,73,-35,170,195,72,-201,-55,121,134,-60,5,-44,9,-238,-111,70,15,242,110,76,-34,121,248,-151,-92,-44,3,-126,-35,12,7,45,-40,79,17,112,144,58,53,-142,114,61,98,6,-39,-18,230,204,-129,-34,-51,-34,200,-22,274,122,5,20,207,-160,93,368,-113,108,-64,166,213,-167,-75,-66,-321,68,206,96,173,87,167,79,149,58,77,-112,-38,120,66,-43,34,353,34,166,259,13,257,-10,98,179,-87,88,41,119,69,53,-70,-15,54,101,44,222,202,-97,98,-71,103,-158,35,-152,102,207,-212,78,3,-130,49,-70,-200,-39,13,-185
146,262,64,132,34,423,112,67,-161,13,22,10,82,82,67,7,-50,126,267,135,115,285,220,176,13,260,-30,87,107,87,-11,87,132,212,64,183,97,-24,33,138,80,242,-17,196,71,198,167,-81,30,219,-174,218,20,-45,27,23,-197,80,152,102,37,-77,143,-98,291,87,253,110,-67,289,254,136,235,-1,-129,-148,45,-97,136,108,33,66,-46,89,102,-4,232,82,181,86,133,104,98,173,8,163,108,276,46,68,114,57,182,88,2,-98,69,-11,242,195,193,64,37,200,130,233,223,154,-37,78,70,101,65,84,91,222,386,-81,-155,213,-31,64,116,31,163,86,-40,112,-169,20,-1,54,316,4,263,130,94,30,150,98,0,-26,93,-54,304,269,105,156,48
-58,92,234,136,161,70,-20,-26,93,141,87,-67,-103,-147,43,45,98,78,44,28,21,81,27,-103,52,-65,13,-43,62,-122,-1,-15,69,47,45,-68,110,243,-46,100,51,171,109,-24,-135,-66,130,-2,264,-24,157,91,-3,-97,-14,-44,146,6,-7,10,-2,-138,21,61,-95,-16,174,-121,162,20,75,97,-53,57,-7,70,-51,-148,3,-79,-10,-15,-96,65,-32,168,-116,89,117,81,72,-34,23,114,-8,36,-46,114,-93,-179,44,-21,-57,7,16,-97,-24,-124,156,29,21,-31,9,-20,-55,53,72,126,-52,16,67,-158,50,172,47,50,12,-35,-16,-99,-1,12,-62,-75,-124,99,-16,111,-46,56,-264,-233,116,-17,49,59,80,-71,-64,-30,131,-192,-27,70,170,-160,-149,42,252
7,17,-134,-184,3,115,122,249,-63,-159,-101,-12,106,372,93,-178,240,-49,212,-106,24,105,55,-9,44,25,51,-288,-187,133,-51,177,60,-49,-125,9,80,24,121,132,76,77,-14,-45,-41,17,79,104,175,25,-2,58,-168,-55,48,128,9,92,-140,54,-64,125,-90,99,5,119,122,-73,5,-12,315,113,8,8,127,-93,68,25,66,-5,208,178,-88,105,221,-47,128,46,-57,-3,-4,1,-32,-180,102,-117,-44,127,-26,21,153,-100,22,-11,65,-14,175,-32,0,-12,105,10,-119,8,216,214,-24,32,182,33,58,135,76,67,19,38,35,63,-43,15,-136,143,147,30,-4,-93,-33,160,-111,0,195,-2,52,10,90,167,47,184,33,-167,66,52,186,63,19,-118,91,-114,230
133,120,-18,133,-64,-33,-4,17,-55,-19,205,41,53,-28,102,125,-19,-135,-24,85,-51,74,-46,-58,-179,144,79,60,53,23,160,-101,44,-72,0,164,322,39,18,-11,-91,-15,207,-15,97,67,18,22,60,29,90,24,7,136,146,57,5,-41,110,-16,36,61,-46,-59,-152,-8,-104,51,106,-107,-18,103,-13,49,166,40,96,-19,-16,134,-53,18,71,-56,-175,-51,-125,180,48,14,-38,136,38,63,-70,-178,17,-57,31,37,252,182,71,185,99,103,203,96,-34,-158,-46,112,-101,133,-140,126,-40,-177,-84,-62,41,34,-28,29,111,19,-191,308,-29,144,13,-53,68,-3,-161,121,-33,151,94,15,52,40,139,-68,64,233,-168,81,45,-79,-3,51,-70,43,104,73,99,69,49
25,-76,157,112,-135,13,-99,-142,117,53,188,-142,201,-33,-125,71,11,-158,-19,47,144,126,70,-10,153,253,-27,-57,116,-24,-79,-93,126,18,-18,39,65,-26,218,84,-88,58,-176,122,-10,-14,148,91,-10,87,164,247,140,-35,-27,210,42,147,-31,241,-67,246,-102,120,-69,59,131,-13,-228,52,164,40,117,-72,-107,-27,-151,138,0,184,31,107,144,76,70,190,-139,-13,159,-107,23,142,-56,150,-36,126,168,67,-16,212,171,220,117,44,99,-159,137,56,-93,-27,226,121,333,89,-262,200,349,174,89,-75,-17,59,-30,-61,-80,205,126,218,80,-174,92,42,71,49,67,24,173,124,-121,-82,-24,-7,212,177,239,147,80,-1,-33,108,-75,244,170,-15,19,231,186,156,18
4,26,43,73,-141,140,-101,-103,24,128,239,-16,316,-54,121,-37,84,-46,24,-62,4,-24,52,221,-112,214,-123,106,-117,-186,240,91,69,50,-8,151,210,-16,189,104,87,57,51,115,97,259,-74,37,26,62,-44,6,-75,14,13,17,3,-92,-62,-49,-253,9,-44,-149,78,-25,-73,-53,-65,180,41,110,1,32,-10,48,-31,119,-129,-16,94,-16,90,34,104,-185,-32,-47,178,177,34,154,-2,82,-32,149,42,38,84,113,67,22,12,-166,-52,50,1,127,60,68,20,70,281,128,-66,237,134,147,-73,-6,64,126,-216,-74,-25,132,225,-5,140,-18,-59,36,-18,104,-16,-13,-80,45,-123,177,-203,-57,2,99,92,50,222,38,31,-50,135,91,93,10,157,84,137,-89,11
109,-48,41,78,119,235,19,-212,96,181,170,85,98,168,297,15,22,-17,66,143,223,175,291,43,67,86,112,69,-3,113,201,-24,284,139,85,164,185,57,5,244,83,131,-17,311,178,-38,124,107,88,114,59,292,226,132,161,-46,114,49,107,144,68,170,102,41,189,221,-54,-104,80,100,144,196,-27,62,162,41,63,-16,-66,-12,217,55,85,209,107,136,166,-11,34,31,154,37,183,123,-8,-38,218,218,-35,31,116,20,161,129,165,136,265,128,201,-5,209,166,-6,-22,71,76,200,110,143,137,62,-120,224,19,43,-17,126,99,-34,-27,35,116,-97,-39,53,88,227,35,-18,58,-167,-31,94,31,-47,137,-126,-1,163,179,90,-48,-3,-112,232,217,29,188,-30
98,249,184,271,-141,-30,-25,-22,91,-3,-98,196,-73,-57,-78,140,-9,84,122,109,9,-119,72,-71,-108,206,41,13,204,120,171,-73,41,-102,92,-177,221,-3,113,-3,48,150,180,294,122,46,58,55,122,170,167,-40,-6,-35,156,-53,168,178,-87,213,-28,250,33,48,246,-11,106,14,69,8,-56,-8,16,98,26,276,202,-107,-112,-88,27,-31,153,18,64,-33,84,85,41,155,106,-93,164,28,-89,112,121,102,108,24,-32,34,123,-6,65,20,-255,-92,6,127,-13,-22,1,-67,89,-153,-22,-80,-94,114,121,114,49,32,4,212,56,-10,36,42,181,44,153,297,55,145,-54,23,-67,126,-5,-97,20,49,195,-138,77,-20,151,60,80,-26,100,114,-82,96,107,-40,34
55,102,-98,-165,23,110,124,-77,-121,119,-19,-203,42,145,170,-238,-105,-74,74,75,39,312,75,178,-57,-6,-5,-79,-24,23,87,186,140,-60,188,172,31,3,-19,97,-149,-28,-27,-155,33,2,-48,90,41,128,-38,222,-24,-85,100,74,102,-10,-152,146,-131,173,269,99,35,214,-200,-37,-2,107,136,207,-64,144,274,87,12,187,-142,68,-31,-101,55,9,86,-44,92,12,6,94,-213,22,-90,110,164,65,-15,164,-20,-86,8,205,-27,58,-43,67,154,-23,195,-4,-98,155,121,201,160,75,60,16,-1,18,186,13,-76,-21,157,-59,204,53,94,117,-197,134,-8,73,-73,17,317,72,120,58,-32,-24,143,266,15,131,12,312,50,25,70,18,277,63,222,70,13,138,-40
130,108,168,-73,-29,9,166,107,78,99,-53,-17,161,32,154,8,-142,103,-227,-182,-30,-18,227,95,177,86,66,49,105,-50,62,131,19,178,-172,37,-166,29,4,77,-80,212,35,46,-192,295,110,-165,155,-15,2,7,117,-7,-159,43,-107,49,-15,-90,108,127,24,32,-28,-35,78,-53,-195,22,-51,145,234,-173,133,-77,143,201,60,99,-11,105,37,12,45,62,242,11,-37,-5,-53,54,0,100,-14,87,46,89,40,63,34,154,168,137,96,70,149,47,-93,19,136,189,77,120,-117,106,94,-45,-155,-4,79,52,81,124,-6,105,-44,-135,-135,77,88,98,11,92,-21,-36,-17,13,-8,61,159,67,136,59,77,225,157,158,145,37,-5,5,74,-57,49,31,-2,120,-28
119,29,59,132,167,6,-22,0,135,341,151,112,-21,-52,11,54,139,-103,-35,63,103,37,-23,4,86,148,129,4,-98,86,165,-42,29,22,-86,-208,71,57,-9,332,24,-59,-132,143,138,121,84,50,3,-198,34,-102,-7,-41,61,-165,155,185,79,-50,177,-254,-95,-204,27,257,-114,191,-38,-40,77,-52,36,64,-61,181,22,47,29,-260,292,151,2,46,32,204,159,32,62,102,73,215,126,-8,108,156,193,-48,54,59,-71,-132,26,101,88,-183,186,1,83,-130,187,-239,136,-55,-121,-153,33,261,299,72,-8,-245,23,154,100,-160,-31,260,21,-53,256,133,-181,25,299,144,244,51,38,190,37,-19,-67,72,189,-134,85,-177,-14,-26,-24,-106,64,90,166,-95,-174,151,259
54,-146,102,26,50,-5,-46,-206,-238,16,41,-96,145,-59,25,100,-73,-54,-30,34,70,57,-102,20,-41,76,68,-29,-7,-36,-79,4,14,-116,40,-194,94,205,64,192,32,-60,-41,29,38,-14,262,-90,-221,-24,-222,-30,-23,-135,-33,138,110,48,57,-24,-187,-63,-132,-5,-43,-109,175,127,-34,53,-173,-94,165,-106,-176,-111,-121,-130,60,124,-134,4,58,70,13,-109,18,40,219,-94,48,53,111,64,-106,133,147,-56,95,-93,137,143,-97,-158,124,-135,138,-60,-261,3,122,112,226,81,-203,212,-79,-217,-59,-135,-144,-137,21,-58,50,24,-187,-9,116,-27,39,34,-3,29,210,-12,113,93,-93,30,137,36,94,-80,217,96,186,-30,4,-2,103,95,120,-74,11,221,268,66,122
40,76,94,-8,21,151,-67,66,75,-90,69,-54,57,-41,199,202,-66,-78,198,4,-79,254,70,-42,97,184,59,-42,41,-8,-48,-68,97,-12,59,81,58,-6,-84,49,63,71,54,281,217,-38,168,-115,156,156,-92,200,-17,106,-20,141,132,168,163,51,124,37,3,157,114,156,213,176,-21,-17,100,233,151,117,44,205,65,-37,107,58,161,118,-18,202,-31,264,-46,3,-73,94,41,68,139,92,-5,43,27,104,-34,101,208,-97,10,158,239,-100,275,23,181,128,236,113,-220,148,140,29,-115,50,82,143,184,-51,228,54,150,136,169,64,136,178,409,-58,139,142,268,144,226,10,33,1,-153,85,247,-32,187,16,130,12,215,59,277,17,131,239,175,57,149,168,111
-19,118,82,-15,108,5,-59,18,101,313,122,-53,-72,85,-27,-106,87,236,1,-102,132,-93,-29,-3,124,-242,97,-107,-127,-116,4,-62,-21,127,-61,111,31,-93,30,42,-12,98,-63,100,87,-83,-169,-72,135,81,138,207,-80,145,138,-85,22,-103,19,66,76,56,83,5,-107,-86,-159,-19,58,48,63,-22,210,32,108,-17,-81,-15,-31,153,17,202,-64,-25,11,68,50,75,-65,-44,49,20,-11,-17,25,-63,51,-38,63,123,54,104,1,-18,153,115,-107,233,98,-114,-72,-159,-100,-29,-121,-11,83,-110,125,-33,-366,160,8,-3,80,-78,158,-69,94,-108,262,71,33,-104,-241,-99,73,40,173,89,-183,-15,281,-5,202,48,5,42,93,60,163,97,27,71,196,36,-34,12,-207
45,151,-265,120,-56,107,32,42,47,95,79,138,-9,72,150,-193,-69,90,-128,-187,-6,29,-28,149,91,34,215,-18,-23,-257,-75,207,55,42,37,90,129,-1,110,295,95,11,-133,58,16,139,44,-94,-52,119,-65,-48,58,222,230,-31,-22,188,289,-89,9,-60,-73,-133,-37,4,19,-50,-3,186,170,-125,155,161,-20,-9,-65,296,-87,206,189,92,94,-91,256,-113,322,-11,111,-48,15,68,36,92,238,-11,127,114,-34,31,146,21,82,20,-59,47,230,-4,72,58,-74,-46,192,134,-38,170,32,188,-2,107,128,161,74,80,81,-66,130,50,112,55,323,34,-45,81,32,-149,132,152,77,123,49,22,147,-30,222,-63,-6,242,60,119,176,110,226,58,195,8,105,51,8
76,-41,-79,-88,-23,-116,35,-165,4,-138,10,252,22,-81,68,-62,-66,107,-41,4,-21,-142,-28,120,-157,303,-87,81,74,16,5,8,-75,-27,145,19,-128,340,-99,30,110,-52,290,149,-59,-151,-88,5,161,16,-125,105,47,-17,-3,-12,84,-35,-7,-130,-65,212,-27,70,29,-144,-128,35,-55,27,-14,230,51,35,131,-25,133,374,29,42,-56,-108,5,-79,-8,-149,-125,100,83,93,1,89,505,-7,71,-103,-12,111,93,-56,-11,13,-33,160,126,300,-151,300,104,28,155,46,150,62,216,-86,-173,-153,-56,37,-141,79,19,144,-23,-55,-120,-24,-63,74,135,91,-30,45,93,85,-12,-25,-202,86,-1,3,-23,20,-72,-73,-39,26,57,60,-9,-9,-59,-148,38,56,145,-122,201
112,82,-85,48,55,96,21,-87,-65,86,84,49,102,93,200,21,102,262,143,-22,156,197,138,117,-143,66,-20,-150,62,272,256,-107,-21,-47,141,-65,36,-27,219,39,97,-188,141,207,119,174,-155,42,70,122,-27,124,-89,-31,6,2,250,-60,257,-147,163,90,113,-22,48,64,80,-68,-10,54,11,112,57,-39,12,-24,61,42,-158,27,167,117,60,214,-46,-40,-61,-43,13,-218,230,97,161,60,221,108,129,54,-97,40,263,173,219,108,217,-21,132,41,-87,6,5,113,0,-23,146,-78,-28,-64,67,12,44,-196,183,-5,50,-67,17,-30,65,-17,154,63,1,-108,183,73,158,3,332,-140,162,123,136,28,116,-94,33,136,254,5,35,-22,29,37,85,229,130,199,242
3,72,-25,231,-77,264,64,55,-109,57,-52,-146,18,37,-2,33,263,87,153,220,203,125,47,-98,15,45,42,81,38,166,105,-84,54,109,28,-49,-132,-54,118,45,107,71,-48,17,-20,8,-39,105,-84,-69,126,-77,32,-38,-66,57,45,-88,93,-64,-17,-7,129,-146,-7,-70,43,95,83,23,8,90,-56,-21,-45,-94,-60,-188,-40,-17,33,-113,-24,-71,95,0,-44,89,-98,-2,-30,218,-15,-94,-146,-28,47,41,-19,5,-34,87,176,32,-101,160,148,-141,96,-7,-11,6,43,-65,44,83,95,141,111,111,-42,81,-77,69,-38,-39,143,9,-14,224,-71,73,109,13,33,-69,41,219,-71,-51,99,170,12,-142,38,60,-170,-61,93,-226,42,7,121,17,149,255,-215,-282,158
75,-146,36,173,-74,51,74,68,93,164,-10,196,112,66,225,288,-47,-117,42,53,-72,-32,-43,37,68,-53,-98,115,188,-177,25,66,-19,211,86,-24,-3,52,62,92,-135,175,112,144,240,-2,219,184,87,54,-18,171,1,45,99,89,159,22,103,34,28,-59,148,33,71,119,-10,253,-119,-1,-181,430,-120,110,-82,-11,-42,49,125,143,36,-135,-26,106,6,273,-110,-198,32,-114,-28,170,66,-4,-40,135,151,120,154,-55,109,4,92,71,-21,-71,371,97,-50,263,1,201,16,29,-148,158,-50,-16,10,99,-37,77,132,50,-3,141,107,-77,82,-60,-202,-11,-70,19,141,145,-133,71,182,80,-16,158,186,101,84,138,-8,27,90,70,29,281,211,7,-179,24,157,7,63
219,-6,15,71,101,225,143,-150,-30,210,-53,174,-6,94,178,-43,105,144,138,15,201,123,-55,-9,32,-11,103,-136,-28,-23,12,121,-13,120,-59,-82,74,74,89,12,59,56,-108,1,-115,39,78,-86,25,-74,-104,15,61,-53,219,-128,-8,11,162,139,220,89,-47,23,46,236,187,-61,-15,-81,-114,152,81,-77,65,121,104,19,-42,56,24,-26,126,91,176,122,161,24,-93,-22,-63,47,10,161,-14,90,17,-9,-70,111,83,119,13,60,80,-28,11,-72,159,-57,58,-1,79,7,247,22,228,10,-29,71,152,204,81,152,202,15,-111,154,178,61,37,-14,-11,-3,-32,242,59,123,40,-75,-120,-44,240,-18,47,-100,135,2,182,190,14,-19,282,53,99,-62,-105,104,-199
-11,78,-113,-29,67,63,40,81,-107,123,278,31,-54,29,173,-56,92,82,-30,90,-34,106,-71,-134,-31,-96,-112,-128,-170,10,-56,99,-43,-71,-90,50,4,-127,-39,-14,291,-16,-308,-65,118,20,164,-110,220,61,52,127,-196,9,-25,63,-17,158,176,42,27,-126,-64,-1,-101,113,-24,104,125,-139,94,-3,-89,257,158,37,119,152,43,2,142,-11,10,53,15,126,-21,1,-113,83,-22,13,-91,-20,-92,17,-40,-73,-65,29,114,172,28,200,98,-98,137,117,-25,-131,108,-27,-154,220,134,7,81,-15,27,153,-41,-107,86,127,-25,151,125,35,79,37,-111,186,22,31,14,-118,-99,42,272,0,-17,133,2,85,230,38,-37,74,157,-12,35,140,109,146,-154,116,-162,125,23
-109,44,-88,16,-8,199,129,-178,-18,-12,-97,268,86,138,139,101,129,107,19,-1,137,217,-116,-52,-3,-8,8,51,0,-26,-70,27,-154,78,-60,108,-1,37,-142,133,146,-89,-99,-4,59,64,130,22,28,162,39,-104,59,121,374,-51,72,204,73,24,63,22,74,204,3,100,65,-36,3,-111,93,-52,-51,118,241,-37,123,92,56,119,-9,60,-77,-107,32,3,194,-89,-125,81,-101,55,153,-38,27,-2,57,37,-41,87,-5,-66,-15,187,-30,-142,168,1,66,287,133,-158,-238,87,-51,95,2,-52,75,25,68,178,-48,173,34,-21,174,-84,96,92,235,-17,-34,77,101,6,31,58,-41,257,56,129,-52,2,214,-93,224,-17,57,239,-74,-28,31,107,-160,-37,-51,74,48
-40,-91,-159,11,-27,180,-17,13,-21,58,-16,253,46,137,3,21,130,51,-22,-70,3,-87,56,0,29,71,-185,54,216,57,-46,115,45,-74,-50,138,-170,224,-61,178,42,151,-47,29,45,-1,79,86,32,296,137,193,-67,60,87,114,-162,-61,33,82,26,-286,14,62,-155,153,19,77,-1,-9,21,148,-106,-31,63,150,-4,-1,-97,58,88,175,-155,70,38,26,25,126,225,31,125,102,70,-38,244,52,-2,100,114,-48,39,-139,58,-1,32,53,45,117,-59,205,-70,-2,13,108,12,178,-188,111,218,98,17,-13,120,-48,29,360,-9,-33,-5,98,-19,-1,-127,14,40,-5,-41,-46,37,204,98,-55,108,74,40,104,53,-100,-137,192,103,177,111,37,-11,-55,216,-121,172
14,-134,72,4,-42,-73,-77,-16,66,50,-59,13,243,102,-42,122,-85,-64,83,-71,112,43,-11,140,90,254,17,59,-11,-146,42,-23,-144,-131,89,23,66,74,112,257,159,86,-51,-27,71,55,-33,-79,31,143,-186,155,204,-7,91,45,132,77,67,-55,31,-56,150,13,-150,52,-58,133,14,137,172,202,150,101,-89,-10,103,32,105,130,-13,-120,-134,61,-51,219,67,51,-16,57,33,84,96,122,96,296,64,-154,-32,82,147,74,29,3,30,40,325,-50,173,102,-143,31,202,200,-155,18,6,100,-54,-96,143,7,36,-36,50,108,-46,153,-58,20,164,-158,132,-41,207,117,38,-101,113,73,-51,9,144,128,124,-24,277,-162,-14,78,138,131,17,271,118,-6,94,252,-64
-63,187,-60,36,-99,-8,-28,25,162,110,-52,-173,-47,87,62,158,-61,79,154,118,110,-15,294,-69,281,16,13,-43,394,86,37,113,153,-93,114,183,73,9,-50,290,171,264,243,350,85,60,-64,231,-35,172,126,178,88,66,-39,152,-217,-114,266,-2,60,186,107,122,1,119,174,-116,7,-36,178,-112,85,-67,192,124,113,-99,-27,-26,41,14,218,177,81,23,37,106,6,-36,132,154,33,-3,143,94,151,243,23,29,283,124,134,209,-65,60,175,-90,55,112,99,74,-4,31,102,111,292,-47,-93,117,222,44,292,-50,63,42,-27,106,40,37,133,158,18,-23,3,-167,52,166,-31,262,-50,-40,181,164,179,20,38,249,107,21,160,13,188,140,-13,126,155,-9,124
312,-89,66,-49,7,89,-55,-173,-33,-133,-4,31,235,47,84,83,34,-118,174,-52,72,86,26,29,-148,220,-110,3,26,-76,-44,-59,19,167,-1,205,64,167,30,207,56,209,-44,188,142,89,-74,-294,-22,91,-157,-32,134,-47,110,171,120,-52,-66,200,1,174,-51,122,-92,54,68,-113,-112,87,75,93,-92,-18,7,158,147,202,-104,-64,-51,174,8,18,-76,-18,150,-19,113,-24,208,-93,173,103,118,-44,-6,137,-83,48,190,78,77,2,182,-39,-71,-21,137,28,-65,42,-115,67,133,199,-94,9,-66,49,177,247,71,-8,-89,112,97,17,44,-25,12,-42,177,-84,115,244,191,-10,-114,-11,49,49,195,-35,-65,-204,25,-26,221,-7,-99,11,-25,77,188,-9,-78,173,11
139,94,19,50,163,104,-123,41,11,38,63,41,102,180,55,-31,-45,97,56,34,-93,14,136,37,-149,0,-86,111,3,149,91,40,93,11,-19,57,70,111,156,78,40,61,89,6,-8,10,61,18,-59,222,40,159,-1,-18,-35,8,-40,223,-54,101,157,-77,3,10,-84,111,133,190,115,130,76,150,-33,226,163,103,-137,-93,-18,88,-13,-136,-99,-214,100,-23,-9,210,27,-43,124,77,250,55,95,11,-51,195,-26,183,71,63,108,51,157,28,-42,161,77,20,-222,88,-48,-69,-40,-37,-15,63,223,7,-162,122,-14,109,150,14,217,-28,-39,81,18,108,-1,14,15,-73,98,-50,-83,170,-82,184,207,-71,162,-68,49,160,113,69,75,10,62,-60,111,134,83,-22,92
107,189,-37,62,48,-45,43,166,3,148,6,108,221,-39,209,-166,-99,-82,130,20,94,50,-98,19,40,-23,-48,-22,208,-80,-53,-4,102,26,109,8,-19,6,94,110,190,82,-197,73,55,142,18,84,6,190,-35,24,-100,-68,-55,112,125,-74,156,-3,131,-12,161,212,-5,-55,64,-69,22,114,-65,-106,46,6,23,12,62,140,-168,53,43,194,31,96,29,110,38,-69,96,-58,16,-35,114,-56,-5,-45,-27,10,-74,-106,69,-7,-102,38,105,43,24,-63,-77,-5,49,83,-105,144,130,-68,-86,52,-5,147,-82,134,122,41,75,73,157,-136,42,31,213,157,-31,273,-92,-213,44,54,186,61,71,181,62,15,137,-85,-20,181,221,26,22,151,136,78,-142,94,12,41,-78
-94,72,-52,88,-169,227,4,-126,-179,-53,13,111,47,-15,100,-189,-37,-146,121,-113,130,156,54,185,-136,299,-129,17,101,2,48,376,10,-13,15,16,28,137,3,180,-239,91,-2,98,107,-18,-35,32,9,-21,-52,68,157,180,135,57,58,14,-43,-58,-220,97,95,74,-90,49,156,-94,78,278,164,32,101,52,127,-44,-67,-65,-62,-30,40,102,-110,30,-50,-134,55,-1,157,2,-152,26,38,69,80,121,-120,34,101,-34,-64,-29,-82,-8,-113,70,129,46,36,143,24,-62,233,272,-27,131,59,163,-94,141,-13,119,-230,89,68,252,166,236,86,234,-27,138,-27,167,5,17,103,48,-28,67,63,-40,-129,80,93,98,185,186,91,21,163,76,108,-166,98,34,192,195,44
13,-27,-50,58,222,42,-196,93,32,179,33,16,16,-103,20,-214,13,60,-115,56,81,-64,179,189,-1,-62,153,-207,-52,87,8,-29,29,191,-112,94,-12,82,245,29,-47,17,28,-99,-7,-145,-9,14,141,-11,205,128,60,54,-226,62,4,-26,-168,-103,-81,58,167,126,-234,57,-120,22,231,209,-52,137,57,61,224,-147,-150,-71,25,113,190,174,-131,28,-32,286,3,55,93,-97,122,274,6,37,-76,26,-107,-6,-6,-31,27,162,34,-21,133,200,204,146,36,-125,-101,-143,-149,246,-184,80,1,-5,48,25,-109,-32,225,37,-83,-58,115,-99,135,-64,-120,-90,124,-175,-58,81,-23,-89,185,50,-173,274,86,129,125,182,39,35,-110,-127,134,108,37,-45,146,33,95,82,-63
20,128,30,82,65,184,177,-4,-138,57,278,-72,-72,-90,67,178,28,-157,222,108,-37,104,12,24,56,28,8,-5,66,167,273,-119,44,85,93,7,187,-2,104,205,81,36,36,246,38,62,-136,-44,187,151,96,151,40,58,75,68,-157,168,-84,38,-98,20,-93,-359,373,199,221,-32,16,6,97,-9,9,141,17,190,113,73,41,141,-9,20,-121,86,181,44,81,216,197,74,121,159,227,249,-128,8,40,135,34,82,-46,70,40,243,-63,-113,68,66,185,-197,162,3,-2,101,10,43,248,178,-31,-104,13,-93,-13,-108,8,228,128,122,125,16,-61,44,-58,-34,-135,-13,-42,98,58,136,-152,8,-20,100,-56,346,-8,96,221,-40,-8,-200,-186,-256,130,153,-54,46,87
-119,-57,87,35,140,-18,-73,-288,-5,-190,262,32,-75,-32,-66,-17,-128,53,161,148,151,189,-15,21,-106,-69,59,-103,-38,-42,-68,32,-67,-114,225,-108,4,155,-104,31,157,66,88,-52,-80,-132,-84,-101,-68,-44,118,150,-54,-36,0,32,103,-2,41,-66,219,167,-95,119,-59,92,12,-125,42,-29,34,22,100,-129,-174,-40,-4,-7,89,1,-81,-28,64,77,18,-22,-45,-107,31,137,5,187,129,-48,142,-22,-10,274,94,-82,-120,-193,49,127,-73,167,9,140,-59,73,163,65,135,-103,153,100,44,-43,26,-149,-18,264,-90,-37,41,-19,-165,-56,202,-55,-11,-26,109,10,228,202,144,86,-50,-100,9,-211,118,-116,-148,-24,5,-20,-21,42,34,-28,139,31,19,58,220,-29,47
190,-64,-66,-83,39,138,-2,126,36,-13,33,-33,-44,178,240,-245,-31,-11,25,22,202,-83,230,-85,217,107,21,-125,-179,46,222,153,-13,138,30,-65,148,-13,127,174,145,87,72,61,66,-28,97,165,160,66,3,101,131,33,-46,164,76,14,-232,-3,-110,29,123,183,46,12,35,84,223,124,6,4,35,45,68,-100,-45,-4,-69,-4,184,128,-144,66,63,-85,120,176,67,-88,-65,-41,79,160,97,65,79,168,-31,-125,-34,37,21,38,-87,67,6,-107,-37,139,-35,-121,-107,34,-46,215,-127,157,112,-98,45,130,108,33,-78,30,158,-99,204,-56,-31,-16,47,5,89,-60,-15,222,35,6,76,86,177,312,-10,103,111,50,37,130,120,133,265,-34,250,50,26,139,55
110,89,-74,97,9,-32,50,12,311,79,48,-44,23,-25,132,39,-11,-86,278,-21,-205,136,203,161,121,101,93,-82,245,164,144,86,-41,45,-21,111,90,3,-41,170,-31,-7,-22,135,127,-96,112,93,14,114,11,-55,135,73,-13,44,99,-1,-128,-59,-134,-53,245,111,94,33,118,-113,-190,47,23,113,134,107,98,126,19,-10,42,-148,20,121,58,49,99,96,173,-6,157,114,-31,88,-29,-96,62,124,-76,250,-93,-61,169,-22,64,13,-21,-2,210,-79,143,142,-129,248,-46,61,54,-13,49,-84,-123,9,141,61,39,-32,49,130,54,96,210,83,63,259,68,-7,48,-10,142,22,110,90,76,97,51,288,114,59,139,60,39,-148,130,51,44,5,152,-97,-83,86,-249
178,-83,-107,-99,-54,76,37,91,-29,-128,-10,-40,144,183,90,-281,-95,-84,234,-25,6,73,110,102,115,-116,166,-107,-113,-131,112,83,194,140,90,305,180,-66,224,118,158,139,193,-18,72,219,-6,222,12,22,-78,56,-213,-108,13,250,170,69,-239,5,-9,70,49,148,108,-102,31,54,173,344,-132,93,93,-10,-37,36,16,122,-62,73,144,-69,-22,294,147,43,208,4,91,98,138,-236,283,286,120,175,169,179,-144,-50,149,-188,77,-158,-3,-18,199,-133,-5,120,-134,34,105,6,131,-6,-41,80,-21,225,290,173,153,-80,122,111,111,-21,40,-34,-156,7,76,-52,78,-85,65,148,85,-24,181,82,179,162,72,-1,117,293,18,-158,184,19,26,177,26,179,273,-115,17
108,25,6,-137,-84,98,-95,172,114,90,135,-48,162,130,17,-27,34,-219,50,36,14,-14,32,-74,196,18,93,115,172,42,259,148,74,93,62,146,25,148,-58,285,-48,173,125,-56,189,69,160,46,140,-133,73,16,70,19,69,195,-166,202,100,108,169,55,-3,57,-108,-87,11,74,-182,55,205,242,-109,98,145,323,35,142,158,-38,236,-98,80,-66,-38,192,-80,93,-134,146,187,74,42,102,-101,-80,103,231,18,181,58,94,285,341,-153,-50,211,55,140,41,167,-57,-76,-12,1,12,-7,197,-14,128,152,17,63,-19,87,14,184,116,42,227,82,44,108,108,116,57,73,40,-119,338,-94,-44,68,230,97,87,44,65,-74,3,80,46,133,-34,-38,32,100,17,117
162,-35,-47,281,-24,-35,81,21,137,61,26,156,82,-140,157,144,131,144,-9,166,-119,26,72,7,-90,77,93,71,124,155,38,144,107,97,83,-82,216,-22,126,-150,65,165,12,73,237,-72,18,-173,88,-68,-131,46,160,51,194,-17,-196,10,31,-33,-48,56,-17,-161,156,251,109,14,138,34,-215,47,74,297,-118,105,113,26,77,36,4,42,-13,68,-122,-152,25,-50,-107,-79,-92,-131,62,172,-116,203,-121,-41,26,52,74,144,128,52,-68,64,3,-151,331,33,-26,-137,81,90,-42,33,-78,-97,-62,150,121,80,14,188,-70,136,14,73,117,322,1,34,-89,131,54,211,91,-27,104,-15,-46,-188,-105,168,-197,40,-28,-45,-1,14,7,188,-201,27,-117,-160,133,185,-149
-159,12,53,31,-99,170,46,64,60,138,-17,-94,124,-26,76,-8,-207,153,124,-8,55,2,307,-117,168,-56,46,26,75,-45,80,76,61,-121,156,20,19,-119,41,14,89,191,-57,99,-96,83,16,57,-52,74,18,195,114,-63,56,-28,-36,-146,130,59,-91,-34,78,37,-2,197,160,-240,167,-38,-102,33,215,165,97,69,6,18,125,106,36,-99,106,130,28,-21,137,36,86,155,-123,-5,79,21,-112,43,-14,78,180,44,189,-94,-80,21,-17,141,-48,-6,153,40,209,-72,171,146,139,181,230,132,-267,34,143,132,68,-151,136,122,93,-10,198,110,37,-105,7,130,18,9,53,-68,97,54,-165,-168,91,116,99,-100,-15,152,150,255,54,41,18,72,18,83,18,137,-234
10,-38,27,84,-53,-16,123,-24,88,-36,312,226,87,50,-54,49,137,-106,242,50,123,-3,-118,-91,-10,196,55,23,215,103,-138,78,104,53,244,16,64,347,30,177,121,92,-38,-62,151,-158,13,-63,-207,115,141,148,37,-178,260,47,65,111,-39,246,-12,103,-146,75,217,11,44,-69,92,203,76,329,84,-13,-174,-45,8,151,42,84,3,190,164,-14,193,246,118,134,239,89,-61,133,64,0,75,174,-91,139,-17,109,169,103,-11,81,-60,-15,242,-27,-5,142,15,148,91,89,5,42,126,113,-84,132,85,84,16,20,47,146,-77,124,-112,7,-8,43,153,152,61,71,285,125,-69,-118,-89,-59,34,-26,64,-74,63,77,-80,161,-117,278,212,42,22,-40,39,223,129
89,42,86,-42,-66,116,-167,-61,113,150,95,142,6,120,20,-6,2,-127,214,84,127,126,69,124,-98,29,-85,107,-145,124,0,42,147,107,-75,-6,-22,-91,-64,138,-16,7,16,231,-74,71,-140,53,143,-52,92,214,52,147,-127,38,96,-55,113,-59,-197,-39,27,139,-3,-26,-60,260,22,43,29,186,40,183,53,81,116,-38,-3,96,146,-173,22,30,147,191,-59,66,-4,43,-123,93,200,64,14,-120,-46,9,62,-25,50,-119,125,192,13,121,123,17,76,16,-27,95,5,20,92,17,-122,24,210,-30,38,119,-111,188,142,-77,58,164,2,-7,37,48,-124,127,16,-4,-68,242,109,85,-7,142,-6,-206,21,59,-199,38,285,-45,-9,116,44,10,87,123,206,16,104
-23,-5,81,105,44,13,71,-80,82,-52,42,92,141,97,-16,203,0,-56,181,160,78,31,87,55,115,176,57,-23,208,53,55,-13,22,106,132,82,145,76,233,100,151,284,26,253,-35,71,-74,175,67,-95,-92,14,201,-59,-31,215,-50,79,-46,42,71,223,-158,97,61,153,18,-41,136,287,-191,208,82,-3,81,9,10,-20,15,-55,293,38,184,16,71,221,77,62,6,-2,248,182,154,190,-61,150,25,33,35,160,36,-46,-44,45,192,46,45,23,61,190,34,13,7,-12,81,43,69,14,-75,-15,150,244,190,38,157,177,13,14,41,151,106,-5,96,-69,82,160,11,3,28,-96,-40,-32,145,-76,85,81,150,0,110,114,-84,37,33,44,-135,9,235,-117,-26
107,117,-106,58,171,311,143,230,123,251,241,113,-51,-192,237,124,133,-121,108,106,-25,34,77,-45,19,29,165,1,107,89,86,128,57,222,-52,143,96,38,158,54,-123,135,20,19,-65,155,-149,189,161,132,-14,-60,-15,90,-72,29,-39,110,264,128,44,-71,-117,21,-54,-12,65,28,-21,-3,-192,143,75,187,195,106,35,151,-54,51,238,207,202,96,30,-43,31,160,95,-166,107,201,51,73,99,113,86,140,-39,-111,163,-90,175,66,142,177,90,98,-118,-64,134,47,210,85,136,22,-88,74,119,182,219,56,266,74,189,248,120,20,221,22,68,13,13,119,146,137,-180,-111,110,-51,1,-46,-35,-2,179,34,120,69,309,135,-37,82,279,-17,-146,154,-19,-70,-70
106,69,250,-17,-77,217,-139,127,-9,-17,-87,-169,9,198,-135,155,-150,4,153,7,109,52,26,113,-257,-22,-86,151,11,69,-169,9,-99,75,139,32,-227,21,16,-4,-154,-12,-63,127,-111,-29,20,-105,-20,52,124,7,-100,55,-41,-105,285,-66,5,74,105,-93,31,-41,-178,-232,74,-216,121,-235,128,91,125,3,119,35,-55,41,126,-44,60,-72,23,-48,12,35,-51,20,145,173,108,6,-23,-220,99,-229,48,-65,-125,-41,50,103,17,13,-50,-28,-77,-59,67,-4,-121,8,-43,-11,-54,-66,-71,-63,153,-43,-214,-83,-107,114,74,48,55,108,74,4,-60,-11,8,-141,-32,106,108,92,82,-30,-19,235,-53,120,83,128,60,172,19,-73,-5,-118,-121,-39,71,64,-2,11,71
-189,39,-47,22,148,220,198,-11,95,-16,-149,86,91,8,117,51,56,21,102,-42,53,8,172,63,30,-121,-44,37,316,-144,116,144,56,252,13,-29,66,152,174,160,-106,186,24,-12,-143,-36,130,64,59,121,40,92,-6,108,0,-16,-4,-104,-116,120,127,-151,108,185,13,181,218,-127,7,99,7,96,-202,-37,248,-85,154,-77,16,49,122,-13,55,235,222,201,14,-145,13,-2,-24,113,86,-69,-22,-70,60,177,-15,-83,46,-113,130,-30,-30,67,138,15,120,-81,9,45,141,38,-15,96,3,134,-9,-106,106,65,89,112,67,47,222,-25,64,-9,-17,90,-81,-23,-3,40,30,-109,61,124,-2,-69,147,31,161,-122,77,31,-21,121,37,53,-7,17,11,-62,59,67,95
106,140,-56,136,-35,93,143,204,93,-21,0,167,35,142,49,54,66,53,20,-56,138,13,-70,185,-9,-76,-91,-30,12,-74,-82,76,114,254,37,209,-87,-172,-44,-32,140,20,-23,174,46,186,147,238,-103,144,65,41,30,68,-168,31,111,-21,-115,136,96,-95,137,53,11,-181,46,-47,131,189,-104,-71,150,-63,-110,-238,179,-142,-18,99,121,224,190,177,32,6,-210,109,367,-73,99,-25,-20,-105,35,34,150,254,31,-86,186,36,53,80,190,124,62,140,-42,123,-131,239,-99,113,85,-27,97,67,123,170,-45,107,-155,123,1,89,250,43,17,86,119,-62,197,68,-168,103,45,105,12,174,56,120,169,99,10,-13,118,-105,90,125,115,162,134,143,44,71,-45,24,-58
143,41,96,-15,-24,156,271,-30,138,209,20,7,135,160,105,26,74,104,0,-15,91,98,184,-45,100,-88,5,48,78,-55,55,195,136,254,95,105,117,92,-42,194,139,157,271,164,191,250,110,54,202,10,-52,25,288,-47,191,192,53,265,85,-54,123,148,342,60,108,-19,135,82,231,290,-10,83,94,70,-19,-191,19,76,110,53,190,-84,75,53,12,204,103,-121,84,198,74,-3,138,129,-28,32,125,272,-21,62,110,227,215,333,79,64,216,-5,174,171,61,81,-52,72,150,133,86,142,75,159,122,142,143,131,-35,3,156,62,-73,53,156,3,31,-299,76,79,189,133,100,-75,59,34,199,-80,38,47,49,20,251,-33,94,199,110,-37,250,43,75,79,170
44,-9,-172,48,37,116,-43,-46,254,137,-125,45,-60,35,-2,-12,39,40,-119,107,70,-69,238,23,-78,125,-107,174,134,59,147,86,-69,283,-164,183,-139,-15,63,61,-15,41,-145,35,-160,117,-14,30,68,7,87,26,323,141,-182,-39,-5,104,129,-290,-188,15,-164,120,-72,170,-5,71,13,76,123,93,2,-32,59,-137,-35,182,-30,127,86,208,-103,52,-19,30,153,5,132,-65,-16,133,176,-42,-45,-67,-81,49,139,-133,-134,-80,4,178,126,207,108,30,173,15,-21,-37,89,185,-76,119,71,-93,249,139,52,-80,-206,145,-41,-183,74,15,46,36,40,18,4,-59,139,-8,-41,-36,17,125,145,-16,86,161,173,76,111,-40,123,-110,-19,150,-105,-131,67,169,178,114,37
74,82,134,67,-31,127,48,-140,-44,97,90,14,123,59,-39,-107,42,-45,-60,-1,60,-132,49,152,79,208,-19,102,32,112,169,185,-26,18,64,60,173,-37,-7,-42,17,29,101,29,-83,85,-10,-90,93,-54,85,84,39,77,201,-100,146,-1,51,41,51,204,-16,-22,84,-33,138,29,-44,-24,-27,0,94,12,106,-135,-96,-52,2,-89,-30,116,135,-17,-116,-23,29,-92,93,159,-3,-55,122,213,127,-20,54,-48,21,153,74,73,146,-19,76,25,76,1,297,-139,-72,119,51,20,-154,-91,-90,70,-91,-56,55,-4,-130,153,81,44,157,95,153,4,181,-42,6,-58,-16,19,39,24,40,25,-10,205,49,46,23,202,-99,181,198,61,145,-57,31,37,111,170,-4,44,-175
190,-63,48,-139,90,112,77,6,-58,19,108,82,91,186,103,-91,-65,5,29,-24,181,177,30,185,80,-2,-193,-84,16,-71,-136,-70,-153,-23,16,129,-119,-27,89,38,-70,-66,20,112,56,61,87,159,-50,128,-29,97,-156,-63,81,-57,97,282,66,-164,115,-18,-116,-7,-105,231,132,106,-84,25,78,-19,53,70,-76,173,-81,-54,113,225,222,-167,32,212,245,53,131,-38,97,-68,-23,83,-122,-52,-5,28,76,104,23,93,99,140,235,-9,-8,-35,100,192,-20,-145,-132,-124,-39,39,59,43,178,-101,32,75,109,38,-100,102,66,25,97,72,202,53,-215,-126,168,-4,-25,-56,132,22,-20,24,92,42,246,163,149,271,230,119,-9,-197,125,129,63,164,54,136,125,37,-111
152,37,60,83,-13,143,-156,-42,-56,60,-56,140,106,-187,90,-79,-187,81,43,130,-93,-173,-35,-112,248,-96,123,-1,-77,49,20,26,17,-24,-194,-32,-45,65,140,-25,74,-176,-103,-152,-117,6,-57,37,148,162,-11,96,-41,-303,-13,50,202,62,-34,-112,-14,23,-120,212,-96,62,76,-14,-59,68,-26,306,102,-131,20,81,-86,117,-172,201,54,-40,-117,95,135,-55,236,34,68,96,71,47,152,-91,26,223,-298,41,77,83,-49,-129,30,-87,-2,89,212,-50,39,128,173,-49,50,90,152,151,57,109,-60,-35,-3,8,-33,5,-20,16,-85,-41,151,-22,18,-137,115,48,-13,-22,-97,77,64,38,-54,-60,151,131,159,20,215,-93,-151,-159,31,141,61,-115,102,19,48,128,-23
23,73,-262,97,-11,-75,70,60,155,-88,144,-56,51,166,-18,-178,-51,15,171,113,94,-6,17,0,30,93,261,54,-125,-245,-3,67,-55,107,13,47,150,31,165,179,121,-11,11,98,89,91,-146,128,-89,106,-48,63,104,14,66,-25,-11,-25,264,-96,151,244,-112,-57,149,-152,-8,-201,-271,71,49,22,230,-171,-110,52,223,33,-11,-99,-11,273,163,63,200,113,119,-9,-12,39,62,-19,88,-77,56,44,244,154,-98,90,-76,38,221,-100,133,61,-88,36,-183,-2,54,-113,36,25,94,-94,-76,-82,-12,10,-35,190,268,-182,201,120,157,-167,-49,43,57,114,-60,-105,8,-45,-74,91,13,-187,-29,-19,53,-47,123,-59,-72,197,-11,-15,31,52,-40,-42,-78,344,91,72,-57
53,230,-19,152,11,176,-37,128,-90,168,139,-28,172,132,28,-194,199,42,179,31,-15,59,54,79,154,101,177,2,138,236,270,261,56,-203,98,-90,140,104,120,246,163,33,38,-68,53,-58,26,166,19,57,184,-65,154,-2,82,102,28,163,48,-23,41,-83,160,23,20,80,64,-93,-173,-22,0,14,13,162,147,165,75,-28,-6,97,270,-16,79,-20,139,101,292,123,132,109,-53,74,-4,48,-81,39,52,175,71,99,214,-41,203,190,-13,54,212,-66,305,188,-45,139,-25,7,33,19,196,154,-123,163,169,108,112,3,132,84,-14,179,-2,306,44,133,53,0,105,11,268,0,113,47,237,76,103,-32,-39,77,-190,82,6,63,109,123,167,-9,98,113,-64,62,101
32,-56,-101,137,164,131,142,-151,-53,23,22,156,111,33,191,48,234,-31,-68,-34,-37,322,152,-126,-21,286,82,33,-70,38,222,33,194,49,-192,-2,62,-39,230,179,111,77,-4,121,50,35,-27,123,8,126,204,-36,147,123,-74,117,-86,128,167,-120,134,-22,-111,-8,-20,131,-20,225,122,245,-58,-86,-98,51,56,-170,58,108,57,224,60,92,149,168,80,68,84,35,11,-114,24,202,134,208,95,201,-12,-14,129,66,18,150,247,294,154,126,257,-77,118,68,116,157,59,73,34,35,78,209,283,133,122,181,66,253,110,-76,76,-19,243,36,-16,117,-145,36,149,68,136,133,-80,-120,84,182,94,-85,45,17,50,171,122,84,96,-13,275,-26,97,7,91,121,289
239,-130,45,-62,-112,-53,-28,38,-59,108,110,-47,21,150,40,-120,70,55,-89,-121,74,49,126,-140,137,201,-42,32,-289,-108,146,200,-27,-25,-74,-88,53,51,-15,150,175,148,-173,-255,50,113,10,-183,229,-52,-20,-79,7,-106,1,164,1,113,85,107,127,169,-28,63,64,-90,-82,162,-35,21,118,40,65,148,-40,-4,65,192,51,80,-14,57,-110,-190,48,12,123,140,21,196,-99,189,24,33,86,101,-11,66,62,107,98,-10,100,197,-67,139,-27,60,-95,-101,70,31,-27,148,81,171,40,93,113,127,183,284,210,89,-20,85,-186,19,-17,18,31,97,-30,65,158,118,-75,109,-107,77,-51,-108,-18,-32,34,-77,6,160,203,79,-52,-45,44,131,130,-192,81,99,71
28,-74,-46,174,-48,57,-47,-7,170,108,-67,-47,-152,170,164,97,112,-119,-56,89,191,-57,218,-52,-97,27,55,-42,121,74,5,60,55,178,133,-1,69,38,60,68,-37,224,-236,296,-154,-103,63,67,45,122,173,-65,61,225,15,9,69,-92,-50,89,-45,66,-104,55,-5,93,128,-175,21,152,235,-42,-12,228,114,18,114,0,-133,-55,3,-21,60,80,156,4,297,-27,57,42,-16,173,40,53,-42,26,72,96,131,-40,113,-179,-31,80,114,234,30,-16,133,274,38,209,-159,323,-93,185,245,-7,58,81,181,133,-109,13,-22,178,103,89,-38,196,71,170,24,-15,155,-41,155,42,-5,8,-58,65,71,55,-55,-137,-115,-11,144,-75,-186,240,95,118,22,-142,35,42,-126
81,-54,-95,-199,52,136,-86,152,61,202,-45,-69,-86,189,-1,-221,43,-97,-16,62,104,155,170,-167,48,-23,-88,-120,39,4,88,141,-118,145,-19,-81,-177,148,131,229,-67,3,-131,39,-37,19,207,-10,44,105,-179,-20,166,12,79,97,-91,118,-12,101,73,-23,74,95,154,157,132,20,137,64,145,55,81,39,137,-39,86,119,111,-57,227,3,-131,-29,297,31,43,109,-43,11,19,-7,103,125,-8,21,149,279,-28,-165,-38,161,95,191,190,56,-82,-68,12,76,-85,105,-96,162,130,180,-81,10,161,-59,30,166,-86,133,66,49,133,-185,224,-85,161,174,72,-27,154,156,55,64,33,241,184,-16,157,101,-39,-182,-8,23,132,94,-70,-34,57,-113,51,-26,-104,171,14
47,-165,143,170,238,303,187,-106,-130,-14,53,42,68,22,156,-52,-43,-96,271,59,76,236,88,114,-190,53,160,121,72,85,293,118,81,-17,183,87,37,45,195,195,-162,124,-29,-39,21,8,6,71,-48,-73,30,206,44,29,33,21,60,-85,-55,-60,37,184,84,190,19,175,48,103,127,164,-172,-70,106,118,53,-58,-53,-48,223,21,229,-12,59,-64,-124,19,-25,9,81,157,-44,28,269,219,55,91,-213,147,281,181,153,-33,-85,153,-93,154,16,35,-6,-92,51,32,151,104,-33,85,37,72,156,59,-34,186,-134,143,58,145,58,-22,176,121,-5,66,-141,160,251,168,162,17,-26,35,147,-133,141,76,9,31,191,-19,-67,66,-132,-122,-123,-131,1,153,288,169,-56
78,125,-24,29,-108,47,138,-222,-91,-28,85,182,-56,179,32,27,165,134,-71,112,-92,-16,-42,113,-43,60,36,-127,150,201,-59,42,95,2,-174,18,-47,90,65,194,109,-190,-65,293,-12,-68,150,-74,60,146,181,40,97,-126,236,7,125,51,32,145,-51,156,-1,185,106,155,118,-44,108,-29,-64,116,-23,183,-37,89,95,80,-89,-99,134,51,170,-91,18,-91,91,-1,226,131,60,-43,78,7,173,20,132,138,21,97,83,27,92,90,50,-104,154,-84,137,169,249,102,-55,78,-40,24,124,71,-38,36,67,88,59,30,48,58,-20,71,94,102,82,69,-77,200,44,-25,162,151,43,-138,123,37,76,17,74,-35,42,115,73,-129,62,41,224,-28,115,52,179,89,-19
-113,34,129,80,95,186,61,-84,-80,73,8,133,155,-108,117,-8,114,161,0,57,104,-38,24,-27,207,-101,-60,161,218,193,-30,203,140,88,116,30,73,64,169,0,-20,12,103,-23,-22,37,152,-26,-231,-79,62,99,-6,-103,104,52,-45,-59,-102,92,106,-52,155,135,-142,59,82,15,51,71,-156,88,118,-32,21,-43,-42,0,-127,25,95,259,79,128,71,91,-129,-157,142,-84,68,103,-52,-149,106,239,97,219,156,73,152,206,170,66,142,13,214,-154,-75,154,-145,-58,204,-39,235,212,80,42,-107,64,10,36,128,48,36,81,-47,-34,55,5,15,83,46,52,53,-2,69,113,-62,102,181,10,234,126,74,34,18,-10,-9,90,-2,43,189,33,-69,31,25,77,106
10,106,14,71,-17,81,299,38,87,43,100,-91,124,135,86,-100,88,96,87,-47,22,154,66,-16,-91,-28,-28,161,146,12,286,-11,50,33,153,31,173,138,248,187,79,-34,90,-106,-11,108,186,10,143,44,288,95,-21,-61,-32,17,40,-8,129,4,174,0,174,-48,69,33,60,47,233,24,-126,127,-93,162,21,-10,44,260,133,47,111,38,239,53,-48,17,-73,36,106,195,-82,39,115,7,229,-33,92,137,144,-33,-9,134,32,38,-53,6,190,-133,235,-17,15,130,86,95,122,-114,-20,140,177,131,33,195,86,26,94,140,17,-133,196,60,77,93,63,19,-116,100,13,258,164,119,6,-20,96,155,-88,65,-31,153,108,35,67,24,64,-84,35,60,111,-50,-53
208,120,344,128,-41,-106,93,113,-34,360,-193,-225,-1,50,136,176,-22,29,73,-43,-100,253,282,66,156,28,-169,-89,83,-13,29,-13,-1,156,-251,-73,69,65,-14,222,92,71,64,248,70,-40,157,-83,313,44,37,196,-2,-90,-119,38,84,132,-35,160,28,-93,124,153,144,-3,111,105,-171,-100,11,226,104,-57,153,-40,112,68,58,-25,-109,-6,67,190,86,48,-14,-100,86,79,81,146,-69,-116,-62,129,43,110,82,-33,173,151,177,-73,82,-154,13,-85,37,84,105,73,115,-81,217,106,79,45,-82,-1,86,-67,102,54,-11,-35,31,183,159,15,51,202,-5,-23,109,119,109,38,23,2,-104,-42,35,-75,192,108,57,167,189,44,245,-119,108,-36,95,32,-106,63,17
130,-33,36,-48,80,-139,-16,-39,-52,216,-59,61,55,-66,133,30,-123,-76,-199,-228,-14,77,211,131,10,-191,-148,3,-116,-165,55,-74,24,81,-218,150,-95,109,-29,31,150,-9,193,20,97,106,118,23,88,-68,106,21,43,-91,-13,3,6,64,-142,-46,38,82,110,112,1,11,-153,19,28,89,-17,30,23,5,78,222,-75,75,41,34,-30,-73,28,58,65,34,-46,-129,-25,78,-25,-37,48,-14,-31,268,-31,120,89,-9,101,-50,-97,1,-115,-55,84,97,-66,207,136,-37,23,165,-70,-25,53,-96,0,167,140,17,-79,63,-49,-55,116,22,4,-65,81,-87,-126,12,64,-28,61,-86,21,46,-111,1,-71,165,-123,-91,328,-3,14,5,43,-37,-180,68,40,-60,102,120,-112
-102,75,4,-9,130,82,149,80,124,102,166,62,108,251,185,-97,98,68,103,-279,169,114,57,-55,31,37,32,15,-107,-60,-4,-22,170,264,123,120,38,-82,-8,128,68,107,46,-83,170,97,119,43,232,-90,152,159,-65,-93,287,121,117,72,97,130,-12,61,149,-148,99,93,-82,-60,134,181,46,155,22,88,93,49,10,191,39,197,57,90,21,173,144,41,-140,-160,82,30,-12,132,-7,51,193,67,140,98,78,46,74,-61,-41,45,85,37,128,198,-91,78,152,-5,34,113,183,44,87,386,-83,342,1,210,-13,-126,21,181,87,114,102,80,147,-118,13,135,-46,162,167,166,192,-18,-65,-45,46,-83,-5,-166,166,125,144,163,62,55,138,110,225,-143,-13,155,90
-2,38,-101,-60,-34,184,371,45,132,51,154,-54,31,-39,134,-109,85,-57,34,-12,19,-92,259,-72,141,137,108,24,196,260,11,121,210,49,2,-161,146,146,122,89,184,-112,8,33,30,100,-59,120,36,100,71,44,56,57,-91,70,121,159,-87,104,-88,91,-24,73,13,225,50,-104,91,241,121,81,5,177,132,64,146,45,-77,-156,115,100,43,123,232,-23,163,158,105,-106,83,-44,37,227,78,209,37,4,-18,-22,-98,-2,-18,-103,207,137,181,-179,87,40,-53,213,10,143,110,74,-16,22,193,-6,270,-51,34,-58,-77,-51,96,-150,45,30,112,16,191,123,157,-126,122,148,90,80,17,-103,22,32,169,-108,209,22,246,130,218,-54,160,40,36,42,127,202,199
227,1,-33,84,71,22,12,122,27,189,268,-42,11,-14,318,173,95,-91,77,78,-22,203,297,-102,-21,111,116,162,58,-20,253,17,231,118,38,38,182,125,27,115,46,-5,-60,-62,181,12,265,-72,50,120,170,130,151,144,-24,-27,119,64,-29,112,101,60,16,131,293,126,108,-42,50,151,-38,83,-93,-65,1,260,37,-10,-47,31,-50,80,242,109,37,58,122,141,233,165,100,-2,56,-15,125,37,-95,187,-20,-130,58,81,249,-107,109,156,62,-56,157,84,85,189,-29,39,139,19,48,241,66,33,168,-31,-53,88,25,94,99,-51,189,-22,136,154,-7,7,12,169,162,37,-18,-64,-75,-54,168,157,53,52,165,62,-28,-75,-9,168,120,66,122,100,103,132,176
-32,84,-21,165,-2,315,332,14,96,40,175,130,207,144,-67,44,7,60,55,-126,167,-28,112,-33,-62,135,41,126,132,-57,-75,148,173,192,67,-83,-33,211,124,70,-151,75,-42,255,238,4,128,-30,-121,50,118,-46,58,184,22,-107,-11,-14,-13,39,120,-12,61,125,57,58,-1,10,127,253,-102,183,171,-3,136,-69,133,107,218,48,87,1,140,188,279,91,125,-82,226,-2,-137,-11,44,-142,-45,62,35,68,31,-55,-24,68,163,-5,119,24,43,32,205,-80,16,80,-28,140,-127,-76,8,74,204,53,43,276,104,303,74,265,-127,-25,116,166,-25,245,66,26,6,-23,231,283,136,-4,44,106,12,-147,66,158,68,53,-6,54,98,127,95,-22,-41,79,194,73,-138
181,174,-212,119,12,212,185,62,31,239,0,-39,152,267,109,-5,1,74,164,3,194,171,-23,184,-32,-25,3,-32,-29,34,71,-100,36,66,-73,162,161,28,41,70,83,-50,110,207,140,187,104,-42,129,-103,-46,-91,264,155,187,51,61,88,-44,195,-109,72,288,89,236,102,80,176,-220,-57,-108,125,142,-38,145,-95,-2,156,34,25,83,43,116,72,74,-85,170,56,50,-58,36,21,172,69,315,60,55,134,-4,-81,133,32,59,-71,185,-64,-6,89,-62,214,47,70,67,180,111,131,174,97,70,-62,58,120,156,57,-39,-20,25,41,91,-60,258,6,-26,47,-122,127,103,146,75,166,98,55,119,132,51,37,65,208,237,245,62,35,152,39,226,50,71,12,-53
-102,-89,40,62,-7,258,-5,-93,-72,272,-90,-94,-132,3,122,4,17,110,45,19,101,-93,-26,56,73,29,-58,74,106,-73,-58,-17,49,-66,150,-58,-257,74,-111,171,49,34,102,42,-15,-120,73,168,38,-1,115,127,-23,208,86,-115,137,44,-92,-129,129,-18,76,-41,74,36,33,-154,44,-114,151,-23,-107,184,220,5,-138,-64,65,-147,150,-187,-68,-132,218,143,144,-106,-158,112,4,40,102,-65,-98,127,160,193,24,57,41,78,-33,121,-129,173,135,87,344,25,-5,-64,-25,93,70,-26,204,-58,-188,142,-196,116,-110,71,127,-108,-105,28,140,-204,104,92,0,-44,47,17,81,14,17,58,51,127,-26,238,96,36,10,38,-105,-91,35,-80,2,1,70,-24,61,-6,-18
-47,183,238,180,114,-81,27,156,27,-36,82,-54,131,129,91,75,-180,-60,117,99,-52,-48,117,3,83,145,116,-28,87,208,131,143,231,49,160,59,260,-68,-45,214,8,74,130,-11,136,59,94,47,93,66,-112,210,-39,-34,164,154,129,135,72,75,-84,48,60,-182,27,115,77,-98,15,329,106,322,116,99,-53,54,-26,271,96,-10,53,194,225,37,125,39,137,1,27,-69,128,107,8,262,129,57,-60,26,-123,115,12,-6,130,-137,42,22,59,123,-30,19,20,-22,84,46,-77,-62,94,134,-95,211,34,-34,93,-36,-14,152,116,16,101,172,114,96,-10,20,117,35,146,65,222,-92,-25,-124,-12,34,308,5,137,10,46,201,233,82,150,-2,181,195,121,17,60
100,137,-10,-128,-177,-34,72,110,84,-156,122,-86,84,127,42,2,-138,68,142,-5,80,71,32,-121,58,-95,89,14,-92,-128,-177,23,-17,27,-12,174,11,93,57,62,91,102,188,148,163,-49,99,180,-70,40,5,79,129,-215,-64,0,82,26,133,85,-94,106,-128,222,-76,-63,39,41,-7,176,91,100,-55,-67,80,1,120,-26,-68,-5,131,106,186,38,-50,-47,90,-53,192,114,149,-15,4,61,110,189,-102,226,-46,167,-67,-39,-135,-118,149,-81,-101,-2,-64,-71,67,-117,-85,208,218,-148,-65,8,-83,102,36,-12,213,-34,150,-13,-69,244,-25,-7,99,41,108,-52,67,86,50,70,143,-17,-69,-166,44,78,270,-72,185,231,88,-84,-24,-15,88,164,121,142,79,142,-165
108,-7,106,179,123,74,90,-28,-5,166,15,-188,33,-15,-87,107,-123,37,-206,245,128,-15,36,-56,-97,91,-44,7,167,-94,80,129,142,28,12,73,152,46,-134,-39,-70,60,60,184,-19,-31,68,-50,226,66,156,-10,-53,45,-76,49,-9,29,77,6,45,-55,88,-21,-67,83,118,12,122,66,25,217,67,77,191,69,283,36,130,-157,-87,-204,182,-102,69,94,169,-100,111,227,146,80,142,179,-56,-8,170,-74,205,101,161,126,58,254,77,58,115,8,202,113,104,239,-16,67,-46,154,210,19,-17,93,261,274,105,144,64,90,145,71,96,85,-21,170,42,119,-14,-82,15,117,-21,24,-14,167,78,27,83,220,-53,136,211,169,-15,-74,40,18,58,45,255,103,96
-8,-116,-143,-118,132,110,-180,-24,193,203,16,-43,-20,1,-15,-11,-78,-3,51,-55,72,-56,-82,-16,-20,-100,8,154,-95,92,113,11,118,171,-3,33,23,223,-19,72,-49,-54,-97,-194,74,76,32,-113,94,-59,-26,-84,135,220,103,124,-108,127,71,14,-11,-43,-89,-11,105,-47,-111,31,64,-39,-48,-36,-5,36,130,120,-217,245,-13,104,110,151,-88,67,-85,195,288,57,101,134,-53,4,106,55,17,-49,-40,60,-70,-238,-102,-115,-41,173,-8,23,-25,-20,26,-31,35,7,-20,-11,121,-26,28,-161,289,25,-271,58,210,13,-11,1,-57,-102,-6,-156,29,51,4,-170,-142,-65,48,-135,107,79,-20,81,-80,57,100,25,-6,99,39,15,-24,-54,-148,-175,-61,146,-50,-172,-3
9,-18,1,64,-155,-4,-47,234,-92,114,-18,-121,29,30,123,-14,-78,-57,-131,-38,-109,0,170,181,59,-16,-156,43,96,39,115,-1,32,197,-80,6,-148,-13,-1,186,75,-112,-76,155,-181,-15,62,-97,-219,-43,158,93,297,-117,146,-2,146,101,-40,0,220,-16,-4,-36,192,53,38,-83,-30,-66,69,92,94,51,17,59,50,49,-107,-14,-164,98,-78,-81,-37,103,32,-46,208,97,246,40,-14,9,-184,109,-12,218,-94,192,141,58,88,83,-108,-66,0,-71,138,-43,-6,89,61,75,145,113,138,209,-161,155,10,-96,-104,-101,-65,-44,32,41,61,18,110,41,-362,35,130,187,261,13,-34,104,154,-51,-54,126,29,-17,38,162,85,154,2,-231,-59,-68,-26,-26,16,93,135
8,-15,-63,-237,-109,213,-129,28,-91,154,-48,-161,-63,117,19,-7,76,-220,61,55,314,158,123,212,27,13,-196,127,-88,-99,21,-31,-117,90,-23,121,-143,118,92,179,159,-96,-94,133,129,2,-48,105,45,265,192,143,79,118,78,-50,202,35,-58,-24,-24,-19,-13,115,112,-126,59,38,52,-12,108,-58,-16,18,159,69,-91,140,-24,119,69,-49,108,53,41,133,184,199,19,203,2,53,117,-112,44,-73,168,240,-156,-18,69,79,207,269,-86,59,161,106,216,196,221,-8,-72,154,94,251,-94,-57,148,6,-55,147,-152,42,87,36,341,190,302,-89,222,-14,-3,17,190,58,278,100,-48,20,146,37,5,202,139,34,62,-47,-28,-152,41,268,57,82,47,-8,188,-18,9
222,-147,48,-149,11,71,-38,34,-11,-52,106,-18,106,88,35,-13,-19,-29,-183,-51,55,64,71,-19,10,-26,-82,109,27,-272,68,-43,-24,62,-113,66,128,68,-15,-41,-41,55,258,66,49,58,40,-160,97,56,137,-31,-49,9,17,-18,80,61,-10,-14,82,44,62,-95,61,-79,74,-7,45,-6,39,97,-27,-48,-17,92,261,8,-79,21,-38,-114,-265,113,154,-137,121,127,53,202,66,87,200,29,-11,27,312,108,52,179,15,162,215,79,5,33,-33,-45,-12,34,114,11,-121,23,42,-60,-68,222,107,106,85,208,39,322,46,270,-161,96,72,-7,119,-32,126,252,84,14,30,-31,-142,90,-82,100,33,213,-47,177,-194,42,113,-92,161,-159,29,95,89,18,-147,54,-31
-88,114,-94,120,89,-6,-73,124,25,30,97,0,16,106,206,123,-84,111,-27,-46,281,-33,236,130,-27,138,102,94,34,-15,-18,99,137,24,-59,-57,-147,123,-114,150,63,-22,-6,170,-74,77,-28,44,-103,97,-266,102,185,100,-15,-67,-41,16,155,22,-265,99,71,-45,82,61,61,-98,-246,60,-64,177,206,-1,127,-85,20,-35,-56,-13,168,94,20,43,46,54,34,-100,106,-155,-58,147,167,52,46,70,-45,-2,54,-21,3,65,-31,-231,-14,170,49,9,52,77,20,280,93,188,152,224,-55,72,43,161,6,41,-53,47,-1,19,52,-143,278,184,133,76,184,114,154,-74,169,59,165,93,-102,-44,23,-123,66,-55,51,-116,127,93,104,20,122,18,21,86,4,147,-17
-31,-17,-75,-11,-77,6,-86,73,87,160,41,-77,-5,-126,-237,-60,98,-114,156,-59,176,15,188,4,43,-55,83,-160,-98,216,11,-105,96,-21,28,-95,-131,-299,13,77,36,15,-96,25,69,-12,-136,201,-104,28,162,-275,-35,69,-116,12,8,140,-73,-24,-40,163,-86,-35,17,151,-158,28,-10,-63,-72,-91,3,-13,19,174,-110,16,57,-39,22,68,4,29,9,160,122,38,-5,-123,1,29,-159,99,-125,55,-37,-142,-48,1,63,106,-71,-66,-77,43,-71,-74,-67,-122,-218,45,-2,-13,40,-106,165,-57,97,138,188,-31,-40,-75,-169,-173,24,-88,143,-84,-131,84,139,-48,74,-69,81,136,39,3,24,56,-79,89,93,71,-13,54,0,-66,16,5,78,59,-270,-52,-205,-22,91
61,-159,-2,130,-30,-6,-25,-12,-75,229,259,195,122,-23,127,-48,133,-30,-39,-57,-93,91,150,31,45,193,-150,151,57,-20,136,162,152,29,-18,89,59,53,226,99,191,75,80,-17,147,92,106,7,-113,168,39,164,-37,-3,46,-16,158,41,183,-27,37,-38,68,13,153,173,75,96,102,208,-139,81,209,141,-114,-25,3,36,111,37,233,-76,44,-134,103,80,18,154,180,109,-182,163,68,82,13,146,166,164,51,99,71,57,154,173,53,135,89,196,-73,78,-86,87,68,95,-53,-33,70,-6,135,174,-6,156,-13,215,107,59,156,-8,17,119,123,-114,-38,226,115,55,49,155,70,29,-88,31,215,119,203,21,102,19,88,28,104,78,104,61,25,185,10,221,106
53,-14,-95,-21,118,180,-85,-22,-71,-57,181,-64,-3,-94,70,-43,179,-8,90,107,-5,-2,45,120,33,-114,125,118,80,130,-97,3,58,99,57,70,-62,126,141,-23,-128,-74,33,73,-50,30,-44,156,-18,-1,182,-13,28,18,-56,-175,52,41,161,105,32,43,-89,-7,46,86,-3,86,-161,-91,-17,70,171,118,132,173,118,26,115,41,78,91,16,173,-50,134,-97,-58,159,-44,126,148,160,10,108,52,100,77,3,46,-133,81,160,196,21,116,258,5,277,-47,61,79,-120,23,188,-20,-17,49,134,132,76,-10,151,93,-3,21,-8,72,47,82,36,153,192,85,206,-52,132,108,127,222,-129,48,-20,63,-67,59,6,59,70,-144,18,-7,85,92,-133,47,-13,63,53
-123,74,-76,181,-26,75,52,116,82,29,154,194,166,-31,-31,141,-114,-33,151,1,-9,-22,-31,-59,210,45,-147,-61,-31,45,-68,-6,268,-30,72,96,152,53,162,64,334,-2,79,55,245,-39,24,136,-61,82,103,138,-137,-34,33,259,-78,72,81,44,111,-104,-51,42,74,180,79,-30,35,-75,15,73,-51,119,50,174,164,75,-148,-27,90,71,89,88,164,219,149,-128,224,80,41,216,2,54,163,300,25,5,-25,155,122,-36,6,-90,-71,-77,374,-17,46,-15,1,55,29,169,-67,31,112,-7,47,182,29,-143,166,-33,62,4,-5,-190,-42,37,45,161,39,78,-6,-131,92,209,206,-28,-84,224,-19,35,157,-58,229,-56,-20,137,5,230,116,297,-194,162,100,-50,95
87,145,73,-13,-7,-16,-48,98,76,58,103,-177,167,99,87,-6,-114,125,103,34,121,159,100,36,85,-32,68,88,83,2,-96,105,232,103,50,76,20,9,95,189,-1,181,142,77,-149,180,64,-112,-101,-61,121,177,166,-77,-105,82,-92,-93,-10,0,-16,-5,106,46,15,30,74,-47,-110,22,-30,12,158,17,70,-92,82,0,-4,-10,219,103,70,88,43,71,19,-157,106,107,-89,110,10,9,-14,93,149,203,61,133,198,125,28,27,-7,-29,128,-98,77,108,54,-26,78,222,-39,30,189,-14,11,26,149,48,39,17,57,138,201,-22,132,112,24,280,25,162,45,30,-5,57,74,55,-16,87,48,101,98,171,-4,198,103,20,11,112,48,110,-39,186,96,108,-58
-29,-134,-21,67,-21,116,-97,-24,-45,-178,37,-23,-14,-44,47,-81,118,-71,132,79,-73,115,-12,172,-150,-13,17,-118,41,-14,97,54,-8,6,-72,-60,205,117,165,110,39,39,48,-36,-25,53,50,44,-45,-189,16,-16,23,5,-188,188,-9,-127,-5,37,67,-39,-140,4,69,-61,-45,147,-129,35,-28,80,46,201,102,-3,76,-83,78,76,359,50,-180,-77,83,-137,56,-124,88,-24,89,98,100,-2,-50,-39,3,9,221,89,142,-84,-41,86,101,181,68,60,2,16,-20,174,64,6,51,276,66,-93,67,-171,15,213,93,18,-29,-61,-51,66,25,170,25,184,225,211,238,-25,49,0,-98,226,-90,-50,-45,-140,-91,-108,-43,156,93,-132,66,-36,23,51,-34,-42,28,-172,25
153,148,-95,86,18,27,20,20,-58,28,140,143,285,143,118,43,170,-68,263,128,72,212,-22,-30,-248,35,-84,-134,-155,-10,-15,-110,-31,15,-51,-10,110,-3,165,15,78,4,-75,178,140,-40,165,31,-56,73,-82,-67,-28,-52,116,-48,-16,147,78,45,34,53,62,-114,98,-25,-100,5,11,-12,112,65,-85,29,120,38,82,37,-45,120,-12,5,70,135,109,-100,-47,134,-13,139,26,-47,21,-141,-85,93,133,78,-163,43,25,197,139,106,28,-98,75,-25,60,-175,127,22,-76,-30,-2,-6,-53,-3,-64,137,-21,87,-97,181,166,-8,4,1,-76,180,59,10,30,73,-61,167,184,115,13,47,-14,229,134,-93,105,22,-17,152,217,68,99,41,220,-17,139,49,-51,192,-129
-23,-1,-130,-97,-45,63,18,-124,204,-41,81,-30,-99,2,19,-62,12,116,23,52,-48,-80,63,-171,-87,-58,-64,-186,-98,-183,122,64,-79,63,18,3,169,-19,-118,-202,178,26,45,0,-175,-55,-73,135,33,206,79,187,32,-11,-91,102,-71,21,-105,-28,-48,-85,-159,121,107,158,-82,-84,130,70,59,-102,-198,167,67,-7,-98,36,-194,70,85,-1,51,-89,130,-31,84,-28,-63,129,-188,-179,-40,-101,-28,28,-199,123,-91,61,56,67,-109,-64,67,131,-159,-35,135,-74,-111,88,-10,47,276,47,107,-89,54,73,28,176,15,-65,104,-64,-39,-78,180,51,-105,-35,48,32,-178,-236,-97,-94,-287,-155,23,-168,55,-56,48,-22,-131,102,-90,229,-54,-32,143,122,94,17,-10,-130,-188
-2,298,-18,194,78,102,76,-158,62,167,44,148,139,-130,-66,35,1,156,-86,-95,238,-118,137,55,194,26,-95,0,93,109,35,136,13,25,3,36,41,-122,-94,153,118,-53,56,220,151,-143,138,61,75,100,219,30,87,123,18,-340,106,72,28,75,-265,28,253,198,75,129,65,-3,144,53,-137,-31,39,-37,178,-133,28,-41,-75,-69,177,59,63,73,0,106,105,-167,94,36,-124,104,124,16,134,193,115,109,143,18,59,93,-6,41,3,86,138,128,321,197,27,79,106,130,-122,33,94,256,-76,47,230,-57,-30,155,-186,-74,107,101,25,111,260,-45,141,-19,42,-8,58,240,2,58,144,140,118,142,-8,158,-37,-59,44,176,60,6,152,-50,371,-237,-59,63,34
-2,65,-50,313,34,147,-10,-11,169,171,-101,-18,-28,-138,106,128,163,-39,134,176,-45,136,-75,-59,-3,82,102,54,189,85,199,110,194,121,-74,20,139,122,88,330,-74,51,-9,55,-39,176,-18,72,166,84,5,147,194,56,-104,215,-13,107,142,70,217,-155,-82,102,-208,99,47,108,-35,34,174,124,-32,35,164,186,29,1,-55,10,264,-12,117,191,115,176,107,172,-154,83,134,235,-82,163,-123,23,67,29,-105,87,15,13,161,330,195,-148,356,-128,-27,21,138,-45,-44,-26,-61,-74,213,177,-15,74,202,-11,188,60,45,-11,36,201,-127,157,229,56,-49,-44,25,-15,182,-114,-56,48,-137,-18,157,80,432,73,31,-146,161,35,176,154,142,-27,-13,162,-34,14,366
50,-100,80,-59,-107,-146,7,78,91,1,132,-63,232,12,164,211,40,173,-89,-24,-10,14,54,36,83,11,-217,56,-62,111,117,-132,-35,-4,42,42,-79,-79,132,60,209,52,-41,24,-59,-30,418,22,-133,-25,-47,-12,107,-106,-176,-77,-124,69,-39,-72,-44,174,59,-4,-71,-5,-66,27,0,48,50,12,145,-61,123,-171,-138,123,77,-67,58,-36,99,1,-210,-61,17,-20,127,-1,-36,-14,178,-94,-155,136,-30,268,53,169,254,76,-66,276,-19,-107,30,-106,55,-29,60,54,-17,192,-32,141,32,-40,205,197,84,-2,-98,283,-104,-153,99,-115,283,-57,-29,118,26,96,113,-51,157,226,20,267,49,43,-73,141,-32,-128,222,-24,108,-44,-29,64,193,129,-132,-67,34,119,-54
-79,117,-17,-31,109,202,-55,-83,164,77,-1,-52,141,108,-94,-235,78,290,36,-11,133,51,99,69,-6,-26,141,-47,59,45,-2,108,120,75,176,-22,31,-25,-66,-127,-4,-111,151,-126,4,61,-21,165,264,46,28,62,-167,-86,-12,-173,-73,-38,-54,203,-60,122,-97,74,53,-49,39,-198,180,-58,-114,90,-33,140,159,-135,225,287,12,-5,129,6,-2,97,79,-40,40,-266,-85,135,-16,8,108,45,-36,-16,158,61,162,-13,-57,-6,70,-77,205,168,123,24,315,0,115,41,-76,178,49,2,-115,-21,-126,31,122,181,41,-77,136,59,38,-36,151,107,-167,218,318,-42,-35,-64,22,97,-2,-24,48,126,30,6,-227,118,-45,73,-88,-33,20,16,206,-68,-83,15,91,-62,-207
208,362,-122,50,-114,206,48,213,-63,171,80,56,213,152,54,-187,-123,-124,-11,78,98,306,7,185,-142,249,-101,-82,-82,-42,-19,52,-97,-18,-110,135,20,40,72,316,171,8,-181,268,109,195,-27,13,-47,164,14,143,258,-155,183,66,30,67,178,33,-2,-84,-126,160,-51,159,-89,-52,-166,-43,210,159,64,84,-109,176,147,53,-171,-10,50,43,-5,-41,12,151,-1,196,128,117,202,128,43,25,84,-95,-4,232,-50,50,36,166,83,137,-55,-71,22,18,-20,28,26,28,-38,191,131,266,50,102,-120,48,135,-5,-41,74,72,21,268,13,46,-12,77,95,-71,-36,-55,132,30,196,-17,161,113,49,292,86,158,3,-15,205,116,117,-155,-73,57,18,286,292,85,152,142
12,-48,162,27,69,-45,39,150,46,154,41,-198,149,43,93,81,72,-44,125,4,5,-37,11,-69,74,185,118,65,5,38,154,-119,49,110,175,150,93,19,128,171,-36,85,-132,-105,-17,80,8,135,37,107,-194,21,166,-20,85,178,-95,84,99,37,-47,118,-29,-33,119,58,64,-6,11,47,89,43,51,75,73,122,-123,27,-70,15,-47,48,-38,-22,-73,89,82,-20,214,132,-91,77,62,116,-37,61,167,37,-100,-18,189,-38,-82,-28,-107,240,132,-6,102,-67,61,146,156,96,9,171,204,68,33,-46,97,-12,136,-69,16,4,52,39,174,21,78,83,-55,-84,-19,-112,-25,-46,-34,45,-168,101,15,61,131,85,166,108,132,67,-60,-60,-94,20,34,146,8,-58,-111
135,57,-108,242,-43,194,116,122,-85,195,100,296,-17,-97,293,149,234,137,-97,41,-99,24,80,96,68,-246,62,-76,60,-95,7,-155,60,172,51,148,43,-25,251,-218,95,-62,-12,30,261,80,175,-1,4,-110,-43,-33,-73,66,198,-152,-96,14,117,22,164,-2,129,-35,-16,299,40,-34,188,-9,-258,11,-48,-9,3,112,-53,-65,-86,175,79,105,2,-129,-81,-117,-1,-50,137,-173,81,-28,-163,21,71,-1,22,-76,-178,69,269,190,37,-179,-4,-191,88,125,6,-78,74,-308,-44,1,-158,191,190,60,-39,143,-65,-263,237,-69,-63,-38,25,101,84,160,-88,-158,-30,19,-150,84,99,1,264,-108,-147,23,131,64,117,38,153,8,-108,-100,23,121,117,250,-162,78,-7,-30,-235
87,-71,64,-108,33,-42,11,-79,-43,44,96,108,242,-20,321,-149,138,-50,26,150,88,375,117,36,-87,190,-46,-180,-263,12,142,-34,68,-162,92,18,242,25,53,56,175,-83,11,108,249,120,135,154,54,-3,-105,60,35,-161,-76,31,171,-8,70,115,52,-19,-11,146,-71,112,-25,5,-98,130,54,95,27,181,59,106,146,-41,122,130,162,-127,-16,79,81,-67,-143,-119,-82,-6,-107,124,87,12,65,47,75,58,117,62,48,2,45,68,-52,36,95,-8,37,140,-16,168,34,72,101,195,-97,-10,53,-146,148,-20,174,79,20,-82,-7,240,221,150,57,231,-14,123,183,75,37,150,-115,-50,37,83,65,-63,184,65,271,84,99,31,28,-22,83,80,102,56,178,50,120
-18,34,-121,-17,-13,-6,-38,-38,112,-6,-56,23,59,119,101,-98,51,9,101,-14,100,-67,75,103,-90,-137,93,90,-8,-24,50,-31,-97,11,-2,20,10,16,37,27,30,39,-21,98,145,0,-159,6,76,82,-100,77,232,15,-44,-51,-55,63,68,-81,-117,53,96,-70,21,47,-59,-110,-21,17,47,-49,-44,199,19,-42,-96,-130,6,-67,258,-14,-248,36,15,-136,11,-90,27,-33,91,39,-39,-146,44,19,-176,53,18,67,-77,141,-31,26,-7,-31,-182,-78,95,115,31,-209,47,99,111,44,-156,-61,69,-4,-322,169,-11,46,-137,-80,-86,66,-21,82,143,-29,112,-62,-24,-45,88,-45,172,-146,22,-158,106,51,57,97,-183,101,57,-156,-37,-3,-44,-123,291,-151,15,103,-60
92,-33,34,-137,-102,374,226,91,-91,110,59,-59,131,64,267,-192,72,75,-28,118,100,1,188,-17,-26,55,14,-135,13,54,97,141,162,214,-13,-4,37,23,-7,18,-16,44,25,-81,220,139,33,57,217,182,130,92,-121,115,84,195,187,120,-25,-6,149,112,95,162,226,81,207,-5,170,151,-57,63,-135,8,50,211,-44,12,47,154,61,-26,168,38,159,20,-35,112,-136,31,-59,6,-2,91,-155,150,23,145,-213,33,87,241,241,-82,-18,76,150,-84,182,73,134,67,-62,101,114,-114,-61,164,195,246,-58,212,105,183,-99,233,204,-77,143,-156,4,20,74,-4,0,-3,-27,6,73,-77,7,107,243,182,277,86,222,104,164,-46,68,223,234,-69,160,204,60,-7,184
146,-50,8,139,-4,67,-49,-107,76,130,115,147,208,86,316,-21,13,-125,238,46,77,-40,187,9,-42,65,-54,9,-84,-157,-1,165,-58,-67,112,47,176,80,67,54,19,54,-136,71,20,168,233,89,-77,84,-110,210,-77,37,120,136,40,-11,223,103,100,-257,-54,262,-128,66,157,16,29,-82,-27,169,-59,65,85,183,10,13,-89,-80,136,7,109,26,145,-199,-30,15,80,87,32,97,146,-120,34,157,-20,221,33,-6,168,-7,0,140,163,-18,65,71,-89,170,86,59,91,69,73,75,-101,5,130,-51,-58,163,49,75,179,82,46,184,73,-13,43,19,63,74,172,-150,5,213,-51,43,-81,129,6,-42,200,104,36,65,61,192,8,135,223,-174,14,194,264,198,-4
13,-49,64,13,-71,-74,73,70,67,-10,-4,-113,150,124,-61,190,-159,-73,73,-42,182,40,101,-100,-34,181,-97,132,70,37,280,104,227,184,75,37,162,-2,189,184,116,124,-23,132,101,92,173,-11,8,-4,111,141,-30,162,95,208,93,-83,71,136,-10,212,54,162,121,61,71,75,66,139,179,207,-93,36,59,63,46,29,65,9,-80,-35,69,-60,-24,59,-205,-122,51,-59,-130,28,-7,120,-15,232,70,35,-115,50,98,65,-10,-9,102,-79,134,-6,-34,156,-86,272,111,43,31,83,166,222,132,55,140,168,124,-47,-23,40,-18,255,-37,-187,57,133,-15,-65,84,114,-8,214,31,65,-101,79,55,-2,111,-208,109,108,324,104,3,149,186,187,16,213,158,138,197
159,-50,120,36,81,28,72,-15,-41,-22,-65,-214,178,142,125,75,7,86,-28,6,189,206,28,38,-69,87,-51,124,-62,-36,-79,66,146,108,129,48,27,52,0,71,-102,-26,17,163,80,55,391,-126,69,85,2,256,127,-26,2,-80,-57,32,73,207,14,23,15,-90,50,212,111,-85,-66,-117,32,364,47,-6,-38,158,44,59,14,-124,-52,59,92,132,4,-31,77,-353,8,138,68,96,18,225,-60,394,84,199,134,262,76,223,37,-3,323,-22,114,-39,148,40,-44,71,147,175,212,115,94,69,-181,118,230,107,86,127,-11,128,61,135,106,21,179,216,37,154,262,255,243,158,-24,13,27,157,-36,120,-192,157,130,44,136,164,-52,79,252,242,114,160,52,196,-77
4,80,46,186,-73,163,-108,85,124,-34,57,-143,-40,-3,-23,151,-72,-151,312,127,-17,208,101,133,94,-152,149,-53,99,-68,-26,16,214,-35,88,65,150,7,33,78,-14,90,195,9,105,253,-80,102,65,-141,-159,169,15,161,112,192,-11,47,112,66,341,67,49,103,-23,78,-21,18,64,29,-116,-9,-56,95,106,147,-75,79,181,103,166,45,92,40,7,21,64,-11,-7,24,108,-163,24,141,128,36,-109,-17,-59,30,116,76,104,-82,18,-122,211,-103,127,60,142,-94,57,-170,-12,42,261,146,-47,34,29,89,300,-92,-3,-14,-96,23,-63,67,-63,-40,133,-80,-54,166,-9,28,-6,17,6,-6,24,55,213,-61,168,219,-144,-183,256,55,159,148,-203,78,124,-216,16
66,-109,167,51,-93,150,-13,-193,7,58,-22,90,35,48,-7,3,-144,-71,50,-64,-13,126,61,62,140,3,-125,-157,96,15,74,-78,-1,-17,138,159,-70,-57,7,-52,-2,55,-100,71,108,21,10,63,192,114,-116,64,-83,66,-57,122,21,103,-95,65,-71,-33,269,178,136,147,53,-65,65,3,69,-86,-103,19,-7,44,28,-44,-70,-6,151,-71,-26,-112,-16,25,29,-118,-25,-18,-78,51,-59,-41,20,-84,-87,28,-50,-78,-48,-10,29,-6,15,-119,-101,1,-72,160,-119,58,3,-111,47,-20,33,65,51,-113,-35,60,64,6,-57,-86,176,25,10,-24,-19,-80,-74,138,-80,28,74,12,144,54,105,102,60,17,35,161,-72,76,98,87,-67,39,105,56,184,-27,-112,-16,-140
-6,-69,-70,117,50,-112,-3,-44,96,37,-33,9,5,-94,-6,-25,34,-52,-162,-183,-170,113,-100,215,140,31,-127,92,159,-303,3,162,64,255,-74,28,10,-54,-198,59,144,129,-88,79,-60,145,-90,49,77,18,38,94,45,121,121,162,-13,131,-79,-44,94,-47,17,198,-133,-161,-170,-135,-126,123,16,-80,-38,-82,77,-45,16,202,-77,-4,12,14,-89,-57,140,53,121,-197,55,-14,-41,93,-169,-116,17,-64,101,63,-58,-76,90,-163,127,6,-39,-42,55,145,75,79,-30,15,121,12,-186,-182,167,169,-37,-13,92,37,61,-30,45,-23,0,17,-24,50,39,79,-156,-147,-73,83,90,147,-74,-73,-44,20,-67,109,-50,-126,-130,121,35,62,54,-20,131,71,67,-110,-78,-23,131
44,-55,151,5,75,282,-74,-13,-118,117,11,7,10,154,38,-42,42,-95,40,-79,53,209,222,164,-19,78,-210,66,30,-77,3,46,73,136,-215,134,-13,187,15,40,31,200,127,195,122,111,-90,45,137,33,19,53,100,260,-145,156,263,16,-137,138,-92,40,74,136,12,109,-84,24,-102,76,23,120,32,-52,170,42,107,215,101,78,121,30,90,-29,161,-18,15,-49,83,1,109,330,72,102,36,-96,-88,30,-13,-14,197,107,181,80,192,15,173,268,-76,74,131,-50,75,121,-28,302,19,-45,40,16,-118,200,221,147,32,-104,-16,239,69,-78,102,87,25,-41,-4,61,243,-27,56,205,205,-128,7,-124,207,68,14,39,247,-19,166,118,132,108,44,68,115,-96,-32
127,147,-101,201,70,103,27,94,-101,67,-163,8,-72,82,-46,-106,-55,0,-67,21,-54,70,266,34,133,139,-119,-2,-9,-205,88,170,-6,203,-17,46,77,60,257,152,219,56,-100,146,-102,63,152,19,249,44,22,106,15,55,-50,81,-70,90,-73,-44,5,-48,127,156,155,75,51,101,99,44,-131,6,159,47,205,-133,124,214,29,-4,-74,83,-69,-57,218,9,121,-57,198,68,326,114,228,42,-4,40,21,83,49,64,27,168,120,-7,139,-88,-56,111,102,111,-53,8,6,42,12,234,8,351,-68,32,148,31,118,55,47,185,293,-1,208,88,45,97,-41,86,70,60,22,48,124,170,47,37,52,185,116,75,-33,180,99,89,283,109,40,87,-135,115,263,5,-33
17,187,200,67,197,52,19,251,-179,5,-31,13,66,136,-57,42,102,320,-73,10,12,135,-27,-80,-49,201,9,163,1,0,122,36,56,96,-96,-18,57,158,30,-67,163,12,197,66,68,140,141,5,84,161,96,-130,25,-30,-15,59,100,242,-21,214,29,-38,-78,-87,-8,-93,-6,136,-32,80,-113,251,-39,-130,-104,-14,154,19,83,-33,-142,43,116,-44,37,-38,73,-31,111,125,11,71,-72,127,1,104,100,-27,39,98,-6,-207,196,-188,111,-105,28,86,-54,114,-90,40,-165,-48,-78,158,-13,27,-148,22,37,185,104,68,175,149,32,57,187,-6,33,32,5,56,-24,16,27,-50,-1,117,35,-127,83,-183,45,-160,189,-106,12,209,58,47,156,142,-31,122,-103,-23,16
-43,-66,-26,53,-185,33,-23,-185,46,-36,-9,25,-33,-24,48,164,96,111,131,8,268,123,145,58,32,-30,138,83,19,98,-176,-43,137,14,74,-7,62,-88,-105,17,-69,-70,111,38,-45,-73,71,-11,-229,-55,65,62,-73,25,94,-260,158,-103,20,202,52,206,3,32,14,-134,-45,-74,220,20,138,9,-44,53,-102,-1,135,-127,43,50,55,114,173,-13,-70,-5,-100,-50,-158,-117,-10,-107,57,-72,46,31,150,-31,-68,68,82,170,-46,-45,-40,9,145,-68,39,-130,12,-7,79,-138,-7,-96,28,-47,-25,5,78,-34,-104,91,-70,14,-157,226,10,62,45,94,12,68,288,26,100,108,-12,45,27,-87,-14,-40,34,-124,135,-92,-91,86,-1,-162,17,164,-80,54,128,130,130
270,123,205,-20,30,-28,60,-109,-131,-27,-40,37,39,-53,123,-13,-65,-129,92,-25,-5,278,-55,31,-66,-45,77,10,-245,-55,-68,51,86,-33,-92,-90,107,-31,-15,54,178,14,-168,84,22,113,26,7,12,55,53,42,50,-81,-64,33,180,104,-80,141,139,2,23,-134,-20,-18,-41,-195,-87,10,-13,-158,87,89,-82,219,178,100,9,10,74,94,78,11,22,11,180,64,25,146,22,-60,127,-66,37,-59,154,39,-45,-40,-115,14,48,-7,14,-7,84,-67,70,-20,117,44,47,-52,228,102,-99,-156,-29,-10,40,47,15,98,199,59,118,109,-29,127,97,120,-86,97,88,16,196,-22,-43,-36,79,-161,50,-3,40,-13,-35,-27,163,72,37,-31,11,192,48,3,-54,67,-120
63,143,35,66,26,36,11,209,70,-53,54,18,143,212,-110,126,-146,-21,-73,108,3,-87,160,189,114,53,35,-118,-27,135,-52,124,128,36,-93,-72,131,20,67,178,114,22,213,132,90,-51,65,127,318,-87,199,-9,95,185,32,-17,38,76,-36,23,-57,-30,17,88,79,4,133,80,60,-108,-217,152,52,237,92,54,-36,120,118,-126,236,-125,-4,-29,98,156,147,30,23,-38,114,61,43,-73,117,93,-82,168,-84,-14,146,96,122,14,96,40,189,-32,189,111,-75,169,135,73,11,5,85,121,16,65,196,18,201,141,-187,51,102,186,146,-78,57,3,97,199,-18,-61,53,192,86,-8,31,77,-13,86,-75,227,-101,279,198,-257,155,17,198,107,118,-128,74,-89,-136
-79,-6,-5,64,-42,208,195,-112,62,269,293,93,170,154,151,-86,70,110,-116,116,-7,101,78,-120,133,77,-97,-17,93,-135,332,72,266,-18,161,86,138,106,147,41,-19,-38,116,8,138,88,194,164,201,-26,72,141,37,154,63,35,55,129,148,17,28,276,207,152,85,193,17,-23,138,205,34,-39,-81,134,311,-35,175,-6,24,-8,148,-95,119,24,131,-58,96,-112,145,30,-177,-6,-29,-69,101,-54,230,187,137,87,-45,-28,108,-31,-129,211,125,52,189,-56,111,81,-162,149,-14,-36,224,-37,267,184,-14,14,-80,222,57,-110,5,-23,129,51,-73,9,-58,149,-27,18,-33,132,250,34,94,0,-13,-65,215,204,254,66,66,-52,39,-155,137,12,35,127,92,-13,88
64,53,47,60,101,77,62,-89,-147,113,-37,164,-37,-73,138,69,-13,-70,68,-47,49,63,35,189,-16,11,47,83,137,100,-25,150,151,67,-11,11,-59,87,75,156,63,90,45,135,65,0,12,38,52,73,-45,130,98,218,79,31,-271,-53,18,3,-42,11,171,-25,149,61,27,128,22,169,83,-33,51,-63,116,-106,-34,66,137,120,183,88,86,41,138,43,-48,201,57,-76,-41,-9,87,46,67,170,-15,71,-24,-17,107,117,0,164,-1,-84,181,131,155,20,158,-111,48,168,10,-16,56,75,-89,101,-153,3,-117,157,12,94,94,210,-48,58,107,173,35,-72,0,31,125,149,93,179,34,77,103,195,36,-81,-68,11,51,-31,-123,13,-82,-207,350,-13,274,428,118
-37,85,-39,-3,61,99,-168,87,19,47,-14,-357,-110,3,243,124,-51,10,77,198,230,-2,-17,26,73,-163,0,219,34,218,42,-66,132,65,121,50,-65,140,47,-120,168,80,97,52,-41,17,-136,136,-5,39,164,164,-10,-65,-147,-13,80,73,-28,-25,105,53,150,71,251,-104,73,131,94,109,-35,-79,145,33,224,-55,-74,-109,-161,9,35,-326,86,3,75,62,-91,126,18,-22,16,-39,134,56,-43,-94,188,95,-55,-145,21,-14,165,201,-13,117,33,58,121,151,223,-32,19,-16,146,66,-64,80,71,-7,-17,0,-38,90,43,179,85,-73,-12,130,16,134,143,62,-60,-95,113,54,48,-63,-97,31,105,137,-47,-21,11,77,209,-156,18,-45,70,23,14,253,298,-194,11
-11,49,109,-104,30,68,12,243,-26,167,-84,97,36,276,55,-97,76,43,147,-60,199,202,151,-30,16,46,19,72,-137,118,-22,320,102,-46,25,-11,116,38,45,134,179,-18,184,-16,65,53,70,-68,6,-166,132,34,-37,52,16,116,-14,76,73,70,13,64,109,52,139,49,127,231,175,-90,-67,-49,189,206,30,95,94,187,196,33,168,-111,156,-9,-10,104,-201,58,138,125,-80,16,76,-63,31,-3,44,45,-79,136,106,203,210,-23,106,36,92,68,67,138,-84,36,82,-83,-18,83,133,115,46,264,-29,129,91,140,202,52,-37,122,199,61,90,105,-8,-19,174,154,145,85,35,84,-44,-21,72,-35,-88,-77,64,76,29,-34,249,122,-28,3,-120,34,163,131,64
100,-238,-62,161,51,147,12,29,18,130,-26,-4,126,9,88,15,-72,16,115,275,133,170,18,-57,78,109,-168,-9,282,-17,89,-79,-44,25,71,43,124,66,-7,-30,135,2,-19,91,208,103,128,97,97,85,-101,155,49,-129,-101,-18,220,-98,-130,-63,31,-4,90,38,88,173,119,4,62,38,-11,101,11,-22,13,-213,20,-70,61,81,119,-52,-169,95,157,19,-8,130,72,-94,79,75,32,171,-64,85,76,74,28,-166,-44,-10,-18,-84,327,11,-16,43,-119,155,-144,11,-31,26,-68,-4,88,-83,-18,-179,-32,-115,7,123,56,78,-70,-59,197,113,0,-47,81,97,109,125,-40,-74,227,9,-107,104,167,194,77,118,-31,-17,106,201,152,-142,-118,88,67,317,10,291,-40
26,81,12,57,72,162,48,222,42,124,142,165,51,141,129,-2,82,90,21,134,163,67,193,111,52,1,71,135,72,-18,255,264,285,162,139,100,203,184,154,257,155,155,199,-134,275,152,306,113,-75,-1,-100,13,-5,22,13,42,-4,205,145,-80,56,-79,60,-61,-18,17,-3,-49,183,137,6,-33,95,212,-53,13,15,187,-20,223,346,173,90,-107,-23,62,88,132,243,29,132,208,204,187,40,-4,64,177,-22,131,126,278,33,220,-6,127,129,40,305,103,101,5,87,-7,57,84,57,86,224,292,-103,154,97,193,154,-27,82,2,280,176,155,208,122,229,179,-123,17,70,215,264,-55,8,252,122,301,53,71,72,-38,109,18,155,248,96,5,136,143,8,101
-30,-98,104,53,1,163,25,146,119,164,259,-44,266,-181,26,-93,113,41,-2,110,131,36,102,-139,30,-101,-79,74,145,-66,0,16,-14,41,134,-75,183,55,44,-182,126,14,244,-116,-51,195,63,129,189,93,335,95,-28,-133,-116,-58,12,61,128,-87,75,77,38,22,102,114,147,-12,186,-73,-212,13,103,-10,41,78,41,161,-8,232,166,-79,134,-51,32,103,67,77,112,38,-102,25,5,134,-131,-5,76,105,-109,289,95,323,48,30,72,165,16,115,79,-21,118,-100,122,-25,84,108,42,165,-123,-25,40,-4,11,72,57,132,-131,-36,151,-30,-156,-140,165,136,41,-136,-19,69,-132,-25,173,-8,92,-69,-115,191,2,164,73,23,111,-27,53,-65,-73,81,45,-10,-1
