121,174,88,257,-5,48,-24,110,294,159,107,74,150,52,103,203,-20,-147,195,1,-75,-47,-38,82,-235,69,6,-48,36,-9,82,41,75,38,12,143,47,20,133,42,9,18,119,310,8,42,-142,32,16,90,114,138,41,-34,153,123,60,61,101,-113,374,-131,205,90,177,8,39,84,48,264,128,90,98,81,1,18,-82,-188,204,225,19,15,-45,222,-10,93,171,-22,186,55,60,27,188,70,150,-34,167,266,11,188,-129,79,44,104,-87,125,174,186,-23,-18,-3,-42,25,156,21,-65,53,62,192,141,-12,218,58,15,161,99,106,153,9,235,119,-1,131,218,-46,-16,66,111,197,-34,-11,210,-101,56,65,115,-125,107,55,186,68,70,96,-42,58,38
114,82,-86,-30,-88,-25,-34,107,72,14,-130,-6,238,60,75,209,270,-133,149,-96,-11,-180,175,-61,29,173,68,-182,-61,-91,-96,-70,84,-53,60,159,167,-21,35,109,-50,117,14,-17,107,-4,124,11,-127,60,27,-3,8,-82,-21,-58,76,41,45,-77,-91,-42,86,80,31,-34,1,225,193,92,72,-101,48,106,56,129,195,-94,-64,10,65,-28,42,17,13,60,-135,34,99,-17,-27,-92,26,54,113,10,-10,26,-15,-118,-124,-4,-134,-20,6,-34,24,66,22,-28,70,47,-35,-32,156,-15,113,-181,68,209,27,-67,-89,46,12,3,54,49,-34,82,181,56,138,24,97,45,121,-19,142,188,121,-69,-238,-24,245,78,-69,155,85,70,25,74,39,-87,-86,-19
80,115,-123,184,52,165,-44,17,-18,-54,2,-13,-40,12,-5,4,37,23,21,77,29,58,-147,194,58,33,140,23,191,174,31,-10,275,160,70,-121,52,-61,25,-71,9,92,95,53,-77,120,-104,38,-132,-48,106,201,-122,25,-81,-75,-5,42,24,166,8,-61,-115,32,-13,2,121,-18,-26,-86,90,-89,162,83,-17,46,-86,2,204,51,88,26,50,26,111,26,-46,40,219,-3,-108,-54,75,-10,47,11,278,388,-94,-33,106,69,135,120,35,47,-118,-89,-8,103,-29,28,-18,57,-129,44,-78,149,2,-28,93,38,148,102,173,-59,166,-101,34,138,10,39,107,5,-124,84,-38,226,-9,-64,109,112,60,142,-169,-130,153,38,-52,75,130,53,-115,-157,-115,61
124,45,114,-94,20,150,63,3,146,-81,-176,-5,-71,77,-33,89,50,166,161,110,-81,-24,130,84,67,140,-32,-1,-67,98,-49,-26,-13,22,148,-74,33,24,238,273,92,-16,40,-133,-88,114,18,148,-157,185,178,-91,280,72,165,89,54,-125,11,-33,190,176,25,-66,63,-157,87,122,-9,112,269,-83,52,178,-84,62,146,109,-49,108,0,39,147,50,189,104,74,-104,45,96,-82,-21,38,114,68,110,-175,-6,49,39,0,219,31,-39,216,-74,-72,196,45,38,53,56,29,63,114,27,237,-180,136,-24,174,22,211,163,63,-4,-106,249,99,-103,158,49,-71,109,-65,256,-102,-98,120,125,54,1,119,-50,136,190,46,354,189,-116,51,-154,176,8,100,180
102,-1,32,56,-215,314,97,151,138,64,-158,73,-35,-64,52,72,148,-86,61,-12,-12,22,-74,44,97,195,133,243,58,53,4,114,-2,-106,-104,118,4,71,48,75,-72,-19,14,83,-25,-46,7,-31,12,184,63,-24,-64,-50,-174,200,-196,211,132,83,70,-139,-46,-53,34,11,-2,239,19,-55,22,85,99,32,125,10,111,187,156,-31,135,93,43,44,171,-40,-118,-7,165,-97,-145,122,172,78,61,68,-15,76,125,26,200,120,-42,-16,-49,-46,66,39,114,181,-63,13,90,-304,244,-179,-14,-55,16,48,33,-8,158,-108,44,-33,-106,-83,-17,28,295,83,-89,-46,168,34,30,171,49,211,90,-70,33,134,31,-35,59,-12,53,46,7,-57,208,59,78,166
-3,43,-164,94,-23,-62,128,-1,-42,8,1,-1,-80,28,-126,264,163,12,290,112,0,40,178,235,-177,-16,-2,-29,166,90,-16,-143,148,-127,55,60,-146,178,112,48,131,-148,-33,145,59,68,-6,18,82,-20,231,59,40,-31,23,85,-63,32,-53,216,241,74,-33,-12,115,151,-48,74,-24,82,33,-128,-31,8,-74,-26,172,107,-45,14,171,93,56,-11,192,-24,197,74,30,25,77,11,-152,3,205,-56,59,8,84,38,-31,-4,3,41,129,131,-97,0,210,3,68,-38,68,174,20,24,-160,-29,164,14,67,183,79,57,-12,217,132,77,-141,22,125,130,60,175,-6,-171,8,183,82,217,-60,193,51,-126,38,61,-106,-2,-23,313,-30,176,83,-98,120,-59
107,-96,61,65,-164,139,118,59,-38,61,-234,36,166,44,54,114,128,-180,183,117,138,10,-68,-13,25,16,51,87,79,-43,-73,-38,-105,24,-48,50,187,80,-64,61,3,-60,75,-18,-16,-57,164,107,71,-35,239,57,14,-135,194,-37,26,93,129,-35,130,-133,-62,31,171,1,26,171,42,-124,-65,186,101,-10,61,-117,28,61,132,295,24,40,19,-159,-98,201,21,-30,-43,75,-12,68,-27,140,40,13,123,166,192,-94,146,175,175,53,88,57,25,145,127,-48,-101,73,-157,-43,54,69,-3,-83,115,13,123,97,-91,-115,96,-20,-25,130,-26,117,144,47,216,-97,191,-54,-66,-113,34,-36,191,-68,110,95,-80,-90,234,80,70,-114,-144,42,7,-111,81,18
-7,158,63,99,-41,83,-208,15,36,279,38,149,107,93,-101,85,166,186,254,258,151,119,93,-46,351,85,219,53,110,35,89,-203,111,-106,84,-5,105,6,93,263,6,158,-46,-34,157,183,0,18,43,167,52,-63,17,-4,3,125,246,139,90,-37,-7,90,-129,131,113,20,60,132,259,97,-48,168,157,16,42,135,185,9,10,147,161,54,190,174,160,-138,45,-104,-93,102,-30,50,113,38,48,159,173,95,108,41,62,181,83,8,319,13,249,-70,65,-24,-64,-16,13,-30,146,30,-19,-151,50,63,48,83,140,-65,103,61,16,-153,102,83,102,-85,-7,-86,57,104,-83,28,130,73,94,113,-62,155,-56,76,-97,46,109,-28,-243,-162,169,-16,15,105
-63,136,93,-126,102,-7,198,291,260,274,-121,-19,-44,-126,-39,298,-139,16,117,-239,169,-89,-28,172,72,100,11,77,-10,-115,25,69,78,-290,2,-32,-79,209,70,106,204,212,136,132,123,190,39,50,174,78,-87,104,87,116,-63,207,137,-65,-121,-5,-116,-35,36,-86,-60,-21,-108,121,121,116,16,-146,82,82,115,46,-26,95,42,136,28,-19,-31,144,24,-68,-20,-13,-249,23,-73,55,95,93,63,62,87,80,77,44,89,243,-179,39,108,97,316,248,114,17,107,90,133,85,-122,29,222,-30,-78,10,75,113,115,33,60,45,146,-37,193,115,40,15,230,66,-85,170,45,-173,142,-71,149,44,-30,-88,71,7,-146,110,143,20,163,36,33,-8,137,141
-161,-118,-46,-41,21,-70,-70,3,17,52,-13,37,-99,-22,-4,55,-61,52,67,-64,-122,-8,208,79,130,13,60,-62,-53,170,-77,43,10,122,40,61,1,113,-20,36,48,-60,-79,-14,-47,6,67,-4,244,-10,42,-24,167,62,-156,211,-30,-121,119,91,24,245,92,-76,202,-77,5,79,-67,-45,4,57,-103,126,72,187,-129,155,270,52,-215,69,74,57,-89,22,124,-80,16,-82,-93,148,107,-13,39,-270,12,133,141,-68,-83,-48,140,-88,-64,-177,129,-30,-76,61,-2,-177,-26,-85,18,30,-17,-84,14,131,198,56,33,184,-81,35,82,99,-146,133,54,77,-50,54,81,0,-131,90,320,60,-26,63,70,107,-130,-16,-136,-118,81,52,37,69,23,-67,-99,191
10,-16,198,67,-151,207,132,192,199,196,227,184,45,148,129,154,7,55,81,66,114,47,83,143,-99,167,-154,79,25,-35,-1,116,66,168,-102,108,62,110,96,8,-11,178,210,68,-7,225,148,67,38,255,164,27,-77,137,-23,77,-364,202,27,135,-41,62,221,55,256,103,70,83,33,-52,-45,136,-9,218,-115,123,10,-13,127,35,155,15,94,-126,183,126,146,191,113,23,62,23,114,1,34,85,173,174,-100,-69,149,177,-69,261,6,58,126,-11,242,22,18,74,48,102,51,70,134,83,32,-35,-57,94,69,-14,278,126,-126,36,188,14,51,-33,227,85,-8,152,71,-6,35,69,71,-4,84,249,121,23,72,-158,-33,123,72,52,17,224,69,49
114,23,-133,-3,40,90,116,80,35,-132,-207,61,-61,165,-10,-54,-93,67,154,52,61,-2,111,-24,64,14,-25,124,254,82,1,12,188,33,-53,33,192,76,100,74,216,-38,61,207,-126,59,-2,-92,77,202,-3,127,103,57,-110,154,-64,20,189,43,107,-86,-87,55,53,46,32,72,-169,-63,11,75,-10,173,93,120,244,6,203,106,200,107,-22,-49,163,-30,48,76,72,36,43,-146,65,-45,-129,149,-95,223,47,-56,115,16,252,162,232,100,-149,39,106,-26,72,51,174,20,-208,89,41,51,-17,-58,53,68,3,175,19,-92,73,26,73,-27,-5,31,-49,-150,70,-122,-23,-71,32,125,42,21,228,-61,42,-9,70,41,49,-283,62,105,-28,91,61,11
-115,-61,-203,-187,60,163,-124,114,175,95,59,193,232,31,143,-17,104,157,27,34,298,-237,-87,178,157,105,39,-53,45,13,54,-118,214,-193,124,141,196,49,-66,146,178,135,62,-5,92,39,-54,-141,106,17,112,109,26,-116,-43,-106,-116,125,-66,-16,-15,-66,20,165,58,-26,141,-26,134,-42,-100,155,-2,-97,24,266,-46,-83,109,108,57,-16,130,242,42,92,28,-93,101,145,123,-41,0,-79,44,34,87,69,79,-4,-91,178,20,160,236,46,139,-8,-41,-54,145,-42,115,82,-144,-55,211,87,40,79,-72,-94,-27,-111,82,59,50,-30,-2,183,16,15,114,-3,45,105,-21,-208,-42,-29,-12,60,129,124,46,224,73,-32,145,-25,262,77,-163,89,-16,-93
150,-21,8,61,-158,-45,-122,40,-57,65,113,109,72,16,55,-134,18,127,76,41,252,123,-161,58,180,82,8,87,95,-94,189,-167,70,-87,99,-22,24,50,-103,64,20,-48,16,-3,154,56,29,-112,56,-37,-25,60,1,-119,147,23,-102,23,142,-235,-148,-71,38,141,-26,-48,-35,62,77,84,16,124,280,-61,5,85,2,-39,216,33,10,103,-27,50,-93,219,21,-164,-8,137,-16,-19,-4,-23,81,10,-31,105,104,-112,-112,151,114,-55,-185,-34,-105,-45,183,-94,-86,220,31,-251,99,-132,-36,-16,12,-13,54,-96,8,-222,-40,43,-87,122,63,-6,-76,8,-2,34,-66,21,-133,-113,-85,-47,132,84,138,28,26,45,135,-78,42,83,19,-11,-1,-95,128,8
35,114,23,-6,-144,187,2,22,7,134,175,-44,-79,23,98,150,-86,80,83,112,22,180,-78,103,149,159,182,60,140,-48,-44,-18,234,7,6,8,28,61,48,22,137,146,-135,135,-18,151,-14,-108,121,154,237,61,228,52,73,-17,-10,61,-23,59,127,48,3,-62,123,128,98,239,-82,50,53,107,57,-1,-1,62,18,-144,75,-14,12,93,175,43,-63,256,91,21,76,93,159,13,40,98,153,7,7,-94,210,76,77,-57,160,1,-197,129,73,63,64,112,156,-26,-128,-22,-74,-213,109,96,42,211,55,-22,210,-41,82,113,-47,60,57,-31,186,-58,-160,120,370,143,108,24,212,90,34,53,177,164,28,-38,24,122,187,160,-4,25,171,107,-17,-64
10,-142,-105,12,-61,286,74,7,43,-103,40,4,-107,-89,27,-89,-83,150,-41,98,171,-71,-15,31,10,-90,-266,195,49,-29,-24,-175,274,49,-65,23,2,61,96,-196,48,-99,-28,-161,-27,-23,-193,-25,-12,138,11,134,81,-84,133,-65,-71,-53,107,67,-79,-117,12,49,111,84,-166,98,-110,-8,9,64,72,-127,-77,-131,192,15,155,27,207,26,-89,-160,120,89,86,52,-47,-3,61,-42,77,17,161,77,52,120,-153,-55,10,192,185,99,85,-17,-26,-54,-60,130,46,201,-72,-195,54,34,179,-23,-64,-176,111,-42,3,-6,-26,-23,-79,-10,16,-135,153,-1,-29,1,-15,29,-38,-98,275,51,100,49,98,-118,21,-59,71,-53,40,-53,-19,-10,-5,-51,101,-75
62,105,-12,-43,53,100,45,46,-94,126,71,34,-97,33,-49,-37,116,-148,46,6,193,98,112,110,12,-6,-114,69,46,-93,43,-36,-17,37,63,-160,78,-98,137,-54,49,-199,10,111,120,149,-42,33,-29,-54,18,-59,38,-128,8,28,1,277,-94,91,27,168,-118,78,290,135,85,223,-38,40,-15,-37,-27,-72,108,-66,-194,-196,-48,22,268,176,53,-33,-288,-147,15,-32,-13,280,-159,-182,27,-155,-41,150,58,-214,-205,130,188,113,91,61,41,92,88,124,1,-70,25,4,118,-5,34,239,14,-44,26,73,-162,-31,4,-70,-64,19,35,-48,-6,-54,177,118,28,42,104,102,150,-7,-139,-79,-97,-48,15,36,179,0,89,16,-74,113,57,-153,-99,-85,69,94
85,81,167,-201,94,154,8,-80,251,115,-22,125,5,151,52,72,-20,56,109,97,125,-69,-169,238,87,24,184,-28,202,93,67,29,253,68,-34,300,165,-30,193,78,133,212,72,135,86,19,116,-1,222,-17,-38,173,-76,-18,104,21,81,134,139,141,100,-85,17,-33,75,209,-102,202,324,108,66,-81,4,-133,34,57,125,123,42,11,104,24,-37,210,16,-55,-12,46,23,-66,116,-35,69,-18,262,-51,92,213,250,126,-67,1,175,-38,-37,85,-25,8,-21,159,-164,49,21,-108,31,-81,240,-82,-11,23,-4,-169,121,228,-27,19,138,72,34,209,66,163,64,194,-52,130,83,145,250,115,118,-83,108,11,247,139,-147,16,222,103,-37,-51,59,134,72,-65
77,12,-12,-94,-47,108,37,44,-16,-47,56,-142,-8,15,-81,129,77,187,102,-92,49,-107,-25,161,-119,195,260,-76,191,-84,-63,26,-120,-159,196,-2,121,-155,-157,185,119,137,54,31,38,-27,119,-44,206,30,322,11,185,119,-4,57,37,262,28,11,-23,-31,-70,96,187,152,-50,-43,-22,-140,-189,76,82,-66,-114,-4,-59,15,54,-108,0,76,87,10,-47,-86,199,43,19,82,-128,-116,16,-14,103,89,46,209,-11,-36,-64,-65,136,-4,-222,-104,144,79,212,203,-144,46,-51,-155,-30,43,11,-28,-85,88,-125,-43,0,10,18,69,-62,-41,28,150,164,-82,23,130,193,81,-77,159,132,78,-54,2,5,-28,-26,-24,3,86,265,98,-79,-26,-18,68,-21,107
25,230,120,30,-50,-79,173,20,237,-100,145,131,36,96,79,-94,84,13,89,-81,41,57,37,154,58,137,-59,-39,154,21,68,39,-3,353,-137,92,125,82,212,45,96,12,-43,109,-40,203,112,-98,-38,169,39,230,-25,79,4,38,-97,140,79,-45,191,231,120,58,299,246,73,202,146,24,49,106,63,52,-68,141,95,-83,148,53,-86,-157,29,1,11,348,109,-31,48,-33,95,35,-26,193,-81,-41,-124,281,331,102,41,-28,60,-95,-54,11,-42,-152,-14,176,-126,-10,42,-122,106,-54,33,-166,73,133,26,198,-50,101,2,188,-30,240,-99,152,205,107,195,181,18,-64,161,-167,77,141,-47,-53,79,52,-44,106,90,-23,5,130,27,-145,64,42,125,237
-160,30,147,91,238,46,-42,157,-50,91,82,-8,-85,-12,19,128,-185,-71,-19,-67,-126,-188,-37,235,-14,210,-10,23,155,-84,-124,12,89,40,-75,-69,21,31,38,18,62,163,95,149,169,95,90,75,102,195,107,78,-121,160,157,38,100,8,34,-122,39,13,-90,-82,53,88,-75,-147,90,93,39,-75,-60,244,-4,81,-199,125,-86,25,-74,-36,-32,-33,97,89,-58,62,-15,-44,15,127,-14,68,139,-173,81,11,-97,-32,18,-1,-137,102,-9,169,84,133,-60,-87,-212,-109,106,77,59,-55,-25,30,19,36,218,271,203,-44,170,227,254,47,113,-65,29,57,60,-5,97,66,236,-2,109,133,-43,-11,-4,-36,203,61,-37,109,-1,95,82,119,-88,70,6,-64
-116,244,229,92,-82,242,8,133,109,4,-42,-126,107,54,-169,151,-14,153,73,81,199,17,91,-12,183,117,-30,1,290,195,134,126,155,-14,209,57,-202,111,72,135,-56,144,172,142,83,119,275,53,61,38,-43,42,34,81,141,169,-115,66,86,-8,146,21,93,70,124,223,248,293,21,29,57,-16,34,-52,-138,-70,-80,46,88,62,-56,-47,111,164,68,163,82,35,57,105,-6,77,214,153,13,89,123,25,10,24,215,63,66,329,63,105,67,-80,93,-73,19,159,-40,37,231,60,-51,-31,206,74,68,139,222,-256,341,70,169,136,76,113,142,251,103,-67,-5,38,-147,35,-49,210,28,91,66,162,30,75,277,139,-37,268,255,90,70,60,-2,-1
64,-6,191,18,63,34,54,54,-19,70,-49,100,-84,127,66,-95,148,-46,135,102,-35,209,25,213,-58,1,119,106,-90,193,7,-10,-45,78,-33,14,93,29,134,125,21,82,138,-24,81,173,-52,-19,73,8,111,-96,34,50,-72,145,-153,45,108,25,-30,-112,86,31,-64,-70,-81,214,199,-200,-5,69,-46,-25,-151,125,55,180,230,-15,-12,-11,21,-19,63,196,-67,38,0,-78,-147,65,28,1,-70,-36,73,114,86,71,134,15,-90,-19,-40,-92,23,-51,74,66,-59,-34,-23,25,-6,127,6,-129,-8,252,304,58,107,261,141,277,59,46,-91,-9,25,-126,108,194,-106,146,1,101,286,99,234,-131,75,-74,-37,-247,62,-17,50,-113,-9,21,-30,23,82,257
5,36,75,-55,-162,-28,127,-162,20,30,5,77,223,62,-106,195,-95,81,79,148,-53,107,45,-28,-11,-95,77,-10,46,28,-45,122,79,235,-4,-14,48,1,62,12,234,-91,68,-28,0,83,174,-16,21,160,76,-28,241,-51,41,119,143,88,35,174,174,-97,58,404,110,16,169,85,181,90,127,50,63,-53,65,30,177,14,77,86,113,111,28,108,29,119,47,103,167,-69,15,-82,-23,142,-101,-22,-18,192,2,115,29,-64,139,92,9,-8,-28,1,27,37,-17,222,-52,-35,-13,14,96,-186,158,-33,72,-16,-95,-11,18,-102,121,214,34,79,125,96,21,120,-51,7,46,138,-97,-43,34,-145,-45,206,150,-119,118,74,102,43,-36,-247,218,-54,3,110
179,-116,170,26,36,-77,205,371,204,184,94,112,30,7,70,210,-63,65,154,88,126,231,60,-8,34,6,55,-315,-73,-88,18,-217,182,376,222,-2,159,14,243,212,-43,102,-164,95,-122,176,90,47,-96,20,74,263,99,30,69,1,-5,-82,47,185,207,297,243,157,227,30,-49,-58,273,-33,-33,5,48,60,-41,180,183,140,78,156,-64,-33,-23,-56,47,218,167,-207,179,30,4,167,127,154,107,85,23,90,-112,-136,197,32,177,-7,-38,65,4,-143,136,85,107,-88,-65,47,112,-64,122,-156,330,-47,-66,211,192,86,89,119,32,210,-168,30,270,-6,127,277,-17,108,-10,-72,213,66,-58,19,56,37,157,114,121,73,126,233,-67,-114,-2,-46,139,2
37,-9,194,115,-39,104,97,-141,32,206,9,52,12,-56,163,124,-10,172,214,164,-33,198,119,6,-121,-77,109,65,146,54,25,186,139,75,198,194,53,115,141,98,105,82,72,49,-64,-78,-107,1,88,159,105,-199,145,127,84,105,0,-41,73,178,145,36,92,55,14,42,-115,120,202,25,133,198,-102,11,155,42,-14,47,90,73,123,130,94,135,-175,167,149,-45,283,-28,-92,80,106,40,-14,98,-80,132,-25,149,-66,6,5,-80,-99,-70,164,207,0,-276,-57,123,-51,-68,150,-11,85,-142,36,79,-31,-34,90,-51,212,94,-67,17,-69,125,162,219,75,117,-57,88,6,67,88,-89,11,170,-74,-158,75,-55,138,144,233,60,52,-69,118,22,22,-160
10,196,182,103,-180,219,65,-42,109,-7,-233,46,-88,109,81,-27,9,187,207,118,-3,184,-101,218,177,76,36,36,42,92,-52,39,201,33,226,85,24,-19,-59,145,21,107,-36,115,151,138,-10,-36,102,181,322,-66,122,-5,4,169,53,207,-122,96,59,436,64,108,106,147,61,154,193,-77,107,68,-137,5,99,9,213,11,50,236,-16,108,272,113,236,-156,-85,71,27,-8,31,76,275,-72,138,321,-55,-107,-10,14,-12,147,-4,55,303,72,206,-105,-8,34,109,94,-40,-52,-63,140,-126,-342,163,30,38,-197,39,-30,39,206,-35,46,27,55,327,118,117,-157,308,10,140,258,-66,-110,49,-38,-33,-10,46,-86,201,86,121,35,-89,13,113,48,-33,-32
98,-147,2,-68,-46,60,162,131,220,5,-56,161,105,168,176,216,-63,44,126,172,58,132,72,69,249,159,111,-31,-45,80,57,-77,228,-30,173,120,70,-34,-119,-23,154,66,-194,265,-63,41,-28,20,102,129,294,313,72,-43,43,44,-26,-40,110,278,-42,97,68,302,-56,-94,-222,117,67,133,31,37,192,39,30,73,288,278,105,330,120,90,11,17,155,109,21,-99,220,18,19,152,108,-47,115,32,-8,309,81,-186,-164,150,30,27,-114,-48,-27,20,51,74,172,284,-26,-40,-162,60,-28,-114,86,-34,170,-24,33,-64,141,204,-71,-2,-49,94,155,111,-48,78,22,-25,-22,233,0,-17,66,7,115,30,-4,-13,40,188,155,103,-143,-34,-15,43,-26,12
-45,-47,55,-14,-187,37,-64,12,-28,84,19,-46,-3,34,112,4,-34,46,-28,133,152,8,-54,19,155,5,-28,23,116,-30,87,-88,199,30,49,-74,-158,183,-57,-4,52,140,73,115,136,144,102,-36,259,123,138,177,134,88,164,108,146,-112,44,10,-96,189,-30,115,-14,-120,-114,-33,54,-55,-163,19,-22,-58,125,4,72,76,162,123,-86,165,49,-45,-41,-82,135,-191,-81,218,-256,3,-3,-46,-17,-3,-12,-4,65,14,83,107,130,-67,72,76,121,-201,101,24,120,47,127,-15,65,-66,138,-32,53,174,129,-42,14,-21,-75,183,52,-147,-42,-46,59,66,-9,44,182,189,-47,68,65,205,73,-16,23,5,-6,-149,67,13,11,-52,26,34,-12,156,143,227
239,-17,-92,-197,43,54,-19,-1,-113,53,112,-75,83,-32,160,121,36,128,53,-16,66,-193,-115,-8,69,21,95,-71,52,-3,27,-70,167,73,99,30,11,-12,11,144,82,69,-24,-105,-58,88,-62,184,-23,12,122,-30,-118,14,-129,82,48,100,204,57,47,-3,151,-103,-41,171,102,65,43,-74,-141,-12,-20,-11,-47,-57,-35,-41,167,47,173,2,87,-15,-94,227,182,-22,-22,28,-87,163,-165,-116,35,-74,90,170,48,30,91,138,-36,-21,-58,19,9,27,173,62,29,-268,41,82,138,-2,40,58,17,58,-10,220,53,11,64,118,171,-74,99,216,157,142,126,-81,-14,-83,141,86,5,17,-103,47,44,-19,58,256,45,-17,-9,-197,74,-34,-184,191,51,-30
197,-147,328,30,47,176,-137,46,-232,153,17,130,-127,-16,0,143,-51,-3,-47,90,-85,142,65,29,173,140,75,313,269,91,-24,62,196,176,-105,110,-129,157,-55,24,64,76,134,96,21,128,87,77,62,108,54,38,99,68,-79,201,172,163,229,136,-18,91,18,-46,237,19,25,158,27,112,-186,146,65,167,-54,171,71,43,124,-32,58,91,20,289,-29,249,-27,165,8,160,-73,35,173,23,202,-67,123,44,24,131,125,13,151,98,59,-32,161,40,-42,-178,-91,67,-56,-92,226,-9,81,78,-116,-85,128,69,404,75,75,103,40,138,181,12,22,-4,160,163,20,35,242,-57,34,44,124,-26,142,56,224,-39,38,100,124,45,82,21,-145,115,16,99
-21,51,26,35,-91,-8,-13,113,-65,101,-29,-26,6,-50,129,72,-66,-83,28,-127,192,-11,-222,159,117,4,-97,-72,206,-50,-15,35,100,66,73,94,24,27,-41,57,163,-52,-43,69,66,-98,-42,-90,290,97,-126,82,160,-14,178,22,-3,114,266,-108,68,-130,32,34,-36,-10,46,-153,13,77,-76,-10,-7,51,13,-129,36,-74,175,-51,210,-11,108,-24,-195,147,83,-22,7,202,7,118,44,-192,38,20,139,136,-58,47,26,187,179,-14,-12,-98,30,-3,248,-14,12,-36,-21,83,-131,-95,53,-15,-12,-86,-43,-9,-81,17,-15,0,43,-61,50,128,13,-144,130,18,16,-50,-34,121,64,-24,-26,149,-127,-151,-197,27,38,-141,160,58,207,74,-158,3,145,60
-31,368,80,-86,54,117,157,90,303,128,153,264,87,128,230,-78,50,4,196,-29,140,9,149,-24,202,-28,39,-35,-138,65,76,80,244,-29,184,87,98,-8,105,51,5,40,63,148,-50,-17,65,15,23,158,93,67,-32,75,126,-26,-304,-69,94,207,76,282,176,43,-79,34,-8,-71,197,-51,-1,-41,8,208,-75,190,3,-10,-60,149,137,-90,62,119,-25,53,133,201,239,76,108,48,44,117,148,-1,83,72,-45,88,-117,239,-17,47,64,47,-195,-119,-52,34,55,-80,114,63,98,142,229,4,15,-6,-23,-115,23,117,4,47,169,112,-38,-157,160,109,88,144,53,214,122,-40,-58,9,9,32,-97,5,328,253,35,133,52,167,99,4,10,-80,228,-15
18,-14,190,48,-146,53,171,117,119,37,6,60,-65,74,101,-59,-171,136,-84,154,-148,162,66,126,147,12,31,198,122,-7,-25,157,-25,123,0,-70,-143,126,58,-39,68,121,-55,24,10,260,194,104,145,325,188,24,14,138,70,121,-241,20,158,300,194,-54,98,-11,50,35,96,-69,66,15,188,89,155,93,-48,108,134,-90,77,58,-26,102,251,42,-135,116,63,-101,21,144,10,-92,125,-52,6,-44,-126,-8,-45,223,135,65,-170,45,20,122,117,128,19,44,-80,-6,82,94,-134,-56,-143,7,87,159,63,-16,-147,99,-54,75,-106,0,7,31,157,-94,148,-124,74,62,134,73,-153,110,19,-54,164,-14,88,-14,197,92,47,-112,159,-37,-56,90,-58,94
132,285,98,72,-97,-2,-24,275,90,128,129,-80,-69,-41,49,237,18,-90,207,67,-8,-117,85,72,74,31,-136,-1,240,87,-34,69,262,256,-35,25,80,75,244,-76,83,88,42,63,177,85,167,-24,3,245,91,94,-77,59,-15,158,-62,168,-1,98,182,-16,-25,100,56,301,39,-7,67,262,192,16,-9,33,-135,6,136,-53,14,207,35,141,167,165,154,196,64,-83,98,-58,-68,241,178,89,115,-86,51,79,44,192,28,77,158,242,-36,142,226,299,173,124,-147,-57,14,141,130,-158,119,141,18,-75,52,133,44,-19,91,-142,-35,143,-26,160,67,-5,97,-124,-55,233,141,-66,62,-53,24,42,186,43,96,111,-132,104,-37,113,32,94,-58,74,-37,-47
132,-27,31,175,-7,117,144,50,-1,7,30,-31,-26,79,-270,13,282,161,52,91,20,-118,-58,-7,242,124,82,-104,29,145,11,172,105,94,155,-71,30,188,47,112,209,11,100,-9,84,21,103,-139,-11,6,221,-10,61,-10,-24,59,17,290,233,91,75,206,58,255,69,8,-14,187,163,24,-42,29,9,66,-73,146,186,43,31,151,-49,100,114,206,-68,253,63,158,64,8,57,-186,57,95,117,70,-29,191,117,-169,-84,6,274,210,11,-156,74,50,21,167,134,210,64,-46,178,15,51,-185,158,12,89,-89,73,88,47,111,55,25,16,179,156,157,6,121,235,161,-59,3,43,0,-6,-39,171,107,28,-56,270,72,243,139,-92,100,89,5,57,228
43,-14,-64,209,19,43,133,233,279,14,91,-7,-56,-74,93,55,64,23,59,-61,-101,-81,75,-116,-165,-67,-89,-248,32,-9,-25,75,142,119,-26,157,99,141,64,11,-47,63,-51,69,-334,-115,-98,-27,-74,-47,57,-111,-3,39,-214,76,142,-203,-163,182,46,96,151,-147,-45,35,-134,47,91,6,183,40,-51,89,53,138,156,2,312,48,-178,38,-128,44,167,-140,181,-37,-4,157,-70,-8,-55,75,-155,85,91,150,142,-225,-62,22,121,-17,132,66,-62,-68,57,86,142,22,-11,206,85,-26,9,16,-24,137,31,25,-125,124,310,205,59,54,65,-10,186,63,85,-18,-180,-64,-35,-79,24,-135,-70,198,54,-34,-242,-223,-171,-108,22,189,32,170,190,142,36,-22
-43,-62,-130,-18,105,289,1,-1,132,50,31,-24,50,-63,68,-1,238,168,134,2,96,-5,126,118,152,154,279,8,139,150,19,124,67,88,60,-6,369,-56,-18,8,-50,164,-13,29,-115,97,116,-33,153,21,36,44,129,138,-214,92,-67,114,-1,142,48,154,102,-21,135,-99,110,67,76,65,27,-11,157,249,3,63,-174,-197,212,-23,187,43,93,79,-32,9,-30,-12,89,-4,-115,-109,134,96,16,9,-47,140,-4,37,108,63,216,-76,-35,9,90,152,-58,25,60,-139,53,10,190,344,56,6,-23,144,-275,-61,169,14,229,-20,-119,-160,-49,75,76,102,42,69,113,182,-46,-96,85,31,2,88,-27,165,-22,74,43,50,88,-38,-84,-91,174,-23,199,20
-107,131,-69,223,-127,-33,-145,-63,58,-161,136,201,6,-70,169,-35,29,168,80,121,182,-28,-13,-81,-63,110,-28,-91,11,127,72,-107,95,157,-116,-140,143,67,-68,134,216,40,-13,-40,38,82,14,-183,6,16,0,52,-100,-32,73,-82,-31,226,-134,36,12,59,148,100,-97,85,122,105,207,42,175,-23,117,-35,-32,-11,56,-40,46,-7,-56,8,11,98,51,30,152,-29,114,-9,28,118,-171,-182,-89,20,55,106,125,255,-94,-122,-38,18,-58,-104,-194,-30,67,169,88,58,-16,-58,85,-191,68,-29,-139,103,-22,134,101,-73,-91,-161,-11,-51,-93,284,32,47,223,91,58,5,21,32,2,105,-78,-11,-67,71,-107,49,111,-34,-55,94,-63,-53,26,273,147,223
41,143,-83,-56,-102,114,127,35,184,95,38,111,-26,30,95,-1,125,-15,194,19,-11,12,0,120,-49,5,101,6,19,-81,-10,-56,110,-40,75,220,-18,53,160,146,21,6,1,132,-112,268,-143,46,-19,91,269,64,58,101,77,170,-78,13,109,132,165,62,27,160,301,-14,-99,81,80,-26,-106,136,29,-55,-82,123,277,51,125,136,4,96,132,121,143,80,333,-103,-65,152,-13,67,-99,-41,70,73,132,171,143,57,-136,144,148,75,24,127,152,184,11,7,46,-34,14,27,8,43,104,-97,140,99,11,130,-58,125,345,295,-133,-2,-139,18,198,-41,-104,256,-49,189,42,13,103,178,-19,164,134,-153,-72,-57,-271,25,28,110,-127,-94,31,-109,-28,30
-130,165,-3,-85,-37,282,8,55,104,27,121,-4,-87,60,58,-79,-145,146,102,231,46,-30,-109,43,167,141,-181,115,35,6,8,75,256,-106,24,24,-176,122,-3,23,188,208,-19,140,121,22,-66,93,157,199,139,91,24,91,228,-3,276,150,225,41,-108,20,69,-30,202,14,93,-103,93,66,4,-159,-58,-72,-54,210,121,30,-24,-107,107,-11,217,242,159,-172,-5,82,-98,-6,39,-10,60,-78,274,-3,182,7,-23,-33,84,207,93,25,76,120,100,127,2,-104,38,2,-120,-99,118,2,2,3,37,-74,-20,10,163,-118,86,179,19,-86,-4,139,237,8,-10,42,60,222,49,106,161,-50,-31,104,0,-188,121,-97,-2,35,114,178,0,-181,-51,148,22,-8
13,148,-101,9,-67,139,186,219,2,-47,-74,-93,-21,-12,189,362,195,106,-40,-84,-30,-54,249,260,241,161,160,145,139,61,-131,83,232,49,133,-34,27,200,72,296,150,117,-148,16,90,27,10,-93,71,92,20,-11,-32,48,-72,77,-101,-152,61,69,39,67,-16,-63,-128,-26,112,110,-40,96,122,-167,-30,147,-85,83,294,224,18,85,42,-173,253,-85,227,129,56,35,-75,-23,86,196,-133,104,-12,-171,47,-43,181,-203,64,37,-87,-6,-133,-27,-35,30,267,223,123,-75,-61,39,228,-164,-7,0,-8,-29,167,145,-12,-115,118,-40,149,-67,102,90,235,-195,104,-5,11,-44,24,-24,224,137,78,-78,-13,-41,-164,-25,-113,-14,0,155,42,183,-143,151,6,23
165,-107,90,-75,-111,76,139,94,115,191,94,13,54,-18,167,120,72,63,110,50,-84,-67,104,-34,54,-29,48,-114,-84,48,-31,-124,-197,185,-51,70,-3,79,31,138,27,-50,-145,-137,-56,277,-10,-38,88,95,221,-105,42,89,-57,65,-10,-89,-101,-64,18,147,133,-18,-80,36,70,32,4,186,41,53,-17,-2,202,-178,57,129,138,-16,-13,160,76,13,-56,-10,163,-50,109,31,52,186,-5,-182,8,83,26,-15,60,47,74,127,51,-58,6,96,193,135,149,-96,-89,-90,154,258,194,-51,63,-26,-36,-67,-87,257,16,17,39,-255,-229,32,108,80,369,-195,-21,276,-147,114,121,-14,25,26,21,99,-168,-83,67,156,-42,35,10,-24,-26,-188,37,166,121,154
-70,-41,-47,110,-7,-39,18,-71,53,-35,42,-146,-101,38,-140,154,-153,91,0,-25,-9,141,-57,-186,11,-47,-43,73,121,14,32,35,108,93,-290,-23,10,237,86,44,39,171,37,74,-42,194,-44,-11,98,-57,-144,67,-80,-57,-17,64,10,-131,-56,31,134,-4,92,4,-51,-123,-172,-75,31,49,103,-74,-82,15,-65,97,247,45,67,50,37,-67,138,73,-83,-72,123,-26,92,-144,213,-26,-25,-125,107,-175,-124,101,-12,-130,-80,-37,70,121,57,50,31,-32,84,3,8,92,13,40,-41,-202,140,1,100,-3,145,37,136,242,-8,-21,110,-47,124,23,-98,20,-32,266,-72,21,81,-106,-130,-57,103,276,66,-89,-33,-18,-20,-165,15,-56,59,123,85,-115,83,-13
4,118,130,21,-3,-63,15,-86,105,233,-233,-10,137,47,-29,-32,-63,-39,-14,69,-14,-49,-96,130,30,5,-58,29,187,17,-80,218,100,12,-125,204,44,77,-42,-53,244,-254,157,93,22,-35,-25,-103,120,3,119,234,213,91,11,84,21,9,162,-6,233,32,-2,150,83,49,-87,0,43,82,75,1,14,-20,-86,-137,-16,-7,5,23,-86,96,-345,27,9,60,-47,12,263,85,-65,74,158,43,66,132,47,111,-11,131,218,115,129,80,-135,-60,90,79,-157,-53,54,10,7,-19,-105,63,-70,-85,160,93,59,-95,12,-97,-107,83,72,25,-149,35,76,194,-86,175,16,-9,274,172,-5,126,-83,196,-19,-145,-79,-23,-157,24,184,92,66,-129,-54,-110,145,33
-137,-12,74,211,134,186,14,204,177,241,-49,120,161,-49,-1,57,-51,58,44,119,-76,95,-22,44,27,128,-84,-42,50,64,87,9,53,-105,-158,-59,-163,94,210,-110,-31,39,138,-85,9,167,-123,46,147,64,-30,114,-11,114,73,-67,23,0,96,10,100,7,12,-127,-19,98,-97,-15,133,0,-315,135,-35,68,-17,-54,69,46,223,282,-21,54,-69,-47,-273,-32,242,170,111,7,17,136,188,42,119,-80,182,101,165,123,60,86,-99,39,-101,-190,289,111,-36,-115,-6,-173,35,46,-68,-34,-3,139,25,207,-56,135,20,-44,7,-16,66,-32,37,8,122,58,136,18,-48,39,-152,72,87,201,43,109,-7,-82,120,56,23,73,125,63,137,24,-53,22,-36,41
76,188,151,22,27,127,18,-44,71,-41,48,-39,251,259,-68,-22,57,159,78,-30,-29,21,14,-97,171,63,20,7,208,173,248,187,170,37,120,226,-62,114,90,171,127,141,67,149,15,39,195,93,146,265,181,32,24,73,191,69,6,100,136,-140,51,0,345,-90,72,-56,179,101,-10,54,133,101,-102,93,-14,100,50,-190,166,73,-26,-12,123,257,210,-38,97,48,144,97,209,-212,152,-80,137,180,-145,28,-37,97,72,207,132,26,200,-12,-39,177,-187,-191,114,11,157,-47,248,-5,152,-10,-27,63,-98,193,30,130,75,-16,-42,7,98,53,70,76,59,93,-24,67,55,-35,-141,-37,-80,380,1,87,158,283,37,191,68,-57,35,-20,-7,229,11,229
-27,-17,-52,-35,14,126,11,-184,262,-137,38,50,-62,-44,179,193,128,61,208,169,-22,-137,-5,200,90,52,157,-17,143,174,100,92,269,68,239,33,172,249,170,-98,33,61,-67,-17,160,-75,-27,71,75,292,10,-11,-18,158,-41,8,-66,-163,198,97,143,-61,128,81,14,-134,-25,77,46,94,156,207,66,160,-58,92,136,38,156,14,33,-175,79,136,81,116,190,187,-149,54,131,-43,28,-54,75,-46,-11,67,-7,179,19,154,89,-97,26,-7,171,265,18,84,62,-80,146,-121,-1,54,113,-17,79,99,17,-99,-77,-121,133,82,-21,67,-101,-134,17,67,74,-87,88,15,-34,73,147,-76,-42,48,13,64,142,17,22,82,28,89,36,-8,-90,102,182,-130
169,-3,149,74,-30,69,78,104,-212,38,124,-110,56,-18,-284,104,-122,208,58,23,71,175,56,80,-69,-8,152,-84,9,15,143,51,204,148,131,-32,92,-79,-63,110,255,-65,-166,243,191,141,192,92,-58,128,96,248,232,54,136,-6,88,180,126,135,218,174,108,-59,120,224,11,76,58,44,259,158,127,-58,-44,-38,81,-168,63,102,31,168,-6,232,-30,103,16,-109,-11,49,-82,35,345,159,52,33,-84,60,-26,105,264,36,250,177,103,25,32,-29,2,-20,-86,-30,-60,-106,72,-31,-82,-204,-39,85,-6,183,255,98,-28,-44,197,215,-115,-5,66,-89,-70,100,-1,-101,-105,-40,50,-35,-147,322,53,-34,-84,-26,-61,115,160,-73,-36,89,49,-6,3,259
5,221,-21,5,94,35,122,176,22,128,206,-5,112,112,134,-91,20,115,-22,54,161,221,51,62,284,118,132,-2,55,14,5,-26,100,166,-25,-203,-40,-114,21,279,-59,226,-99,-45,22,80,129,206,142,129,85,23,-61,50,-13,242,128,-3,118,199,200,128,85,73,-1,97,49,27,102,215,-65,-63,-18,75,-160,198,130,54,-84,-1,16,40,84,97,28,13,7,40,-28,44,-39,117,-56,186,171,-93,85,-29,9,4,79,17,163,-28,-12,-26,-9,135,-57,-139,-72,-28,134,35,397,-93,107,108,-6,-92,197,119,259,2,236,90,124,86,38,49,293,-14,113,182,-73,253,60,-13,146,-52,213,-14,167,151,107,29,-43,77,139,175,88,-195,65,-9,129,49
148,11,27,-79,-117,-36,154,80,-32,-6,45,151,-192,203,99,-194,92,70,166,8,-115,10,30,-25,90,-47,58,-56,-169,91,39,-57,89,37,58,-96,-102,29,156,10,86,10,-93,137,-56,-50,191,24,38,-51,156,26,-84,-77,-77,85,71,-55,54,-39,-105,93,21,32,172,147,-148,108,-38,92,23,-121,66,62,60,131,214,-7,-107,152,-12,206,15,56,134,-82,68,4,-67,-81,-77,-96,141,-81,18,-45,-61,-7,-79,-50,-178,57,45,-175,53,-16,48,-15,192,85,67,142,-18,-71,-31,-67,176,-203,228,-82,99,40,-114,-6,-231,14,54,34,-1,-68,39,-44,55,64,169,117,2,-36,111,-91,9,-73,152,-91,-83,63,-32,52,-79,74,14,49,87,-185,55,20
-39,46,-10,47,-157,92,18,-233,203,-120,-91,-215,-15,85,-249,54,-2,-21,227,190,50,-89,24,-108,104,75,143,-67,180,15,247,-45,84,-64,12,27,172,269,105,21,43,30,-49,39,87,97,126,81,-78,55,-60,-104,27,72,43,139,-91,16,-13,64,-53,80,-63,-141,-115,10,88,164,28,39,50,-78,84,-66,126,1,74,44,27,100,336,-33,-122,181,53,29,100,69,-45,-83,-60,-6,-139,133,-55,133,-145,93,126,37,102,99,156,-177,133,-111,-5,-73,-12,49,-12,68,40,-61,-96,43,24,-22,21,52,66,-63,60,-99,28,19,-117,69,-34,-187,-67,127,36,-29,79,119,115,41,-69,-26,107,22,-55,147,55,5,52,31,68,-102,-19,36,174,-54,118,104
-69,104,-18,-51,100,244,-103,-253,119,96,89,4,108,2,63,-3,4,58,286,237,-61,51,-56,-3,278,154,72,5,66,133,-86,-50,98,50,184,114,120,29,257,98,171,83,97,-39,36,-40,-179,-46,-18,125,57,-291,-115,301,80,52,146,43,95,-74,233,170,83,109,159,131,51,11,206,156,-65,275,-41,346,-30,57,-72,-46,252,5,331,-53,82,59,26,38,-62,-17,-82,184,-65,16,72,125,35,69,140,-36,-103,78,81,52,19,-215,95,-23,268,222,-157,-177,-54,-23,-32,-270,-20,53,186,-136,-35,-93,-142,198,90,18,150,50,-26,32,103,-142,35,49,-90,-158,249,19,160,5,114,-44,-72,130,54,-150,-54,209,26,98,363,-61,-3,-221,38,-126,201,-13
-74,-35,144,-179,-100,99,33,-94,6,-217,22,97,-8,-156,59,34,122,98,-43,79,204,-84,-21,55,62,7,69,133,28,111,88,115,220,132,-54,137,75,3,-154,52,-112,-152,98,-27,137,-77,315,14,113,69,266,159,148,260,190,-74,-199,208,306,-18,112,-56,86,242,-82,-40,-13,66,-174,50,-169,30,-193,78,-71,106,-6,16,-76,92,74,-55,173,45,160,76,-66,82,215,-89,-98,34,92,-3,90,49,87,34,-11,312,50,-152,30,85,46,144,8,37,122,-81,-68,174,88,-209,216,-61,182,6,50,82,158,24,124,-231,70,-102,235,133,35,-84,72,164,26,-33,118,190,179,71,-16,217,131,190,45,-8,120,2,66,-121,111,83,122,-7,94,-161,29,8
-117,26,107,-107,97,121,51,272,55,185,173,90,112,-42,21,-76,-151,118,-114,-88,83,286,89,31,-4,101,24,48,-106,-23,16,-82,155,0,49,-151,-44,-7,113,-45,129,132,184,50,5,-13,120,51,8,221,-117,-31,153,27,140,-68,-70,18,192,73,5,206,94,24,68,88,98,41,18,-6,87,52,-20,77,-16,159,-78,101,135,-48,111,6,221,21,-12,139,-166,-145,64,17,2,86,28,101,-50,37,-50,70,-232,101,100,-25,11,140,68,52,-75,-85,-66,-202,51,52,22,125,187,-54,133,-1,72,66,-6,162,120,138,128,-24,112,126,-95,-3,4,-49,16,132,-79,112,-36,-58,37,-90,-134,-67,43,-26,122,-129,47,143,284,6,218,-29,23,116,-21,55
133,221,54,89,16,-8,271,101,-111,198,27,15,19,-141,-41,96,-12,-15,143,112,41,-107,291,104,233,74,103,52,-213,131,33,-7,-20,-215,-11,-266,78,-24,332,15,64,98,95,157,70,7,101,20,-64,43,54,-127,63,-154,-34,75,-74,89,67,-47,-109,90,127,7,94,171,65,132,118,25,-99,-137,-137,207,-341,11,32,165,30,74,217,64,60,-118,97,95,-61,-104,-35,227,-32,114,54,76,-29,50,73,-43,138,-68,59,109,-7,89,-112,-53,77,-41,156,77,52,123,143,104,82,136,40,30,178,-9,-74,118,-94,64,129,40,125,66,-89,-72,55,-84,-205,85,212,-89,-60,-84,-16,129,-82,-46,176,-256,-61,168,30,1,62,69,118,-10,119,-199,121,37
-6,14,216,-1,-6,210,101,82,-93,163,99,-6,78,-73,-44,74,-124,233,298,26,111,144,-153,-158,415,-7,-136,-45,103,193,414,-14,264,53,89,-248,5,288,105,279,209,55,184,-139,106,172,90,133,135,235,113,77,123,7,226,183,61,18,64,78,-38,77,129,53,50,122,112,50,187,14,153,68,89,79,-4,109,120,99,153,146,19,131,164,155,-85,84,246,-99,21,-71,-142,118,192,55,121,80,-35,187,22,155,-16,138,227,288,33,-139,19,5,191,-49,8,33,-112,51,70,41,108,-85,207,51,274,12,120,69,233,-145,45,63,22,54,213,-96,105,59,-77,63,-186,58,85,68,250,268,-37,35,-135,186,155,271,-31,11,32,57,121,36,143,116
135,237,113,180,76,29,-64,56,-11,143,216,9,139,96,126,-275,-2,-26,147,-44,37,-23,-111,25,200,140,131,-151,30,-30,115,-49,190,89,33,246,123,-11,56,-69,-246,240,10,21,112,-14,45,87,130,-120,-66,28,-167,-14,-40,32,8,67,-79,78,-116,-2,72,32,-5,187,7,130,239,47,117,119,83,29,-84,148,220,-147,106,66,-40,102,74,151,-90,-47,-15,46,-29,134,-17,-58,55,67,129,-38,87,55,114,66,99,99,100,35,53,231,97,123,62,-68,-40,-74,-70,77,-46,38,133,107,55,128,-113,-45,-94,40,149,112,138,123,68,13,72,26,126,-3,66,-50,-32,-153,-45,-192,132,253,119,114,36,105,95,261,-271,74,114,170,110,-4,-36,-11
-272,120,-90,211,110,199,-106,-110,45,15,-15,-57,-11,-31,-34,-58,88,-92,166,89,-122,11,-39,-65,204,-36,-110,-117,162,292,100,191,-64,21,59,-4,156,57,189,64,-163,99,-4,22,49,20,92,103,-170,43,106,89,-8,7,-63,-50,71,60,-24,210,42,160,-33,-16,-64,28,227,25,77,33,38,26,-64,16,-26,147,-66,-9,63,116,118,-83,20,101,136,-24,17,281,141,-5,-143,205,-79,1,36,19,-140,188,39,101,-46,148,-49,26,163,-100,19,47,-43,-191,11,-49,-31,-55,78,66,-119,-18,158,209,120,-15,103,18,79,146,157,-9,-85,67,94,269,52,-146,-55,111,0,6,-13,-20,45,-52,18,112,-76,54,95,143,-112,-118,287,-48,220,17,-2,143
-45,-148,98,126,39,167,110,49,112,-36,-47,59,-121,-221,108,142,47,192,203,-90,117,-89,-50,93,-62,-9,84,-29,285,-94,26,-144,-21,51,-38,0,147,-5,95,88,-38,136,-48,-54,-128,-67,202,16,-117,-29,-50,85,-3,247,141,-178,-175,77,-75,13,231,-103,133,21,53,135,94,139,1,63,25,-34,25,241,-4,-148,-154,89,49,59,245,-59,-10,33,229,108,-9,-1,51,17,56,287,-75,206,-23,251,96,185,146,18,202,-64,-52,-31,37,277,12,215,193,-17,-105,-31,-76,137,134,6,-49,201,16,19,146,142,291,-66,24,171,93,186,91,166,147,-21,66,51,64,79,56,-87,108,228,63,-32,3,142,154,102,-46,16,-5,1,-45,65,327,189,240,-143
-151,6,-15,-67,-29,76,57,77,-70,67,156,102,-209,-20,-2,111,-86,185,133,206,29,-39,313,167,26,-89,-12,-18,53,44,-123,-113,0,8,158,-55,65,99,69,-7,35,-115,-66,-4,-85,209,1,-79,104,-1,169,46,45,-150,-70,204,-128,28,44,89,34,12,11,-2,-45,6,107,0,-86,52,-119,76,33,37,110,125,-40,61,134,148,74,146,66,87,38,168,102,9,0,-41,-16,65,40,-195,-3,-7,50,-96,-21,-74,4,142,24,11,78,24,-8,-121,120,44,125,39,-40,19,-51,153,120,155,116,-98,-10,192,-15,-88,23,3,-41,8,-133,-77,15,-84,44,66,4,213,-59,74,203,-15,-32,-76,106,133,36,-252,-75,38,68,-81,6,-177,-42,-162,42,-77
1,118,144,-51,-42,23,148,103,-43,20,-169,-188,-2,154,-66,25,22,10,215,-54,66,175,-24,-157,93,60,71,62,173,13,148,55,0,35,9,179,91,159,-33,87,2,173,21,118,-16,201,37,51,-123,46,142,-25,139,156,91,247,95,-67,40,-43,64,71,20,86,130,-27,198,284,-130,22,11,106,-265,-14,60,-8,88,-153,-108,-117,73,247,162,35,35,-6,90,69,55,231,-66,-171,173,-103,13,251,-8,69,144,131,30,29,152,45,62,-100,69,108,145,26,35,63,42,-110,-159,4,262,69,20,24,-44,81,17,83,126,-107,-94,164,-30,93,-22,16,22,109,40,-19,-26,88,97,-67,45,-42,133,-163,36,119,86,209,39,-46,319,28,14,152,60,101
148,102,-111,11,-25,139,-91,-256,-21,-105,-88,-2,91,-48,-113,-29,166,-163,72,-7,47,12,101,-67,289,87,-51,102,-3,59,-58,-124,-72,106,0,15,28,-185,45,88,-55,-86,-28,-137,-106,30,-156,91,108,6,85,-93,60,-172,-43,289,292,106,2,-5,110,71,-44,-31,109,81,61,260,61,110,-153,-46,-159,41,49,-52,-71,-54,66,83,62,-25,43,134,-33,-67,151,-7,-13,27,-78,-80,-65,-20,181,23,-118,23,-26,122,-144,-35,-70,-7,94,-147,-11,-260,-83,16,38,56,249,-111,320,209,75,-5,40,257,60,-17,-41,10,102,-64,-148,-40,8,63,366,144,135,-8,-7,9,81,221,-44,239,-54,28,-21,77,69,117,182,214,57,16,-123,-98,41,-47,-195,226
23,29,-20,130,-162,117,153,-143,115,-45,125,25,-130,28,-51,-11,-77,-71,0,88,12,57,114,50,-90,-9,86,-93,71,-108,-123,-79,33,42,65,36,23,1,-64,-110,51,155,-95,216,-85,71,-75,-68,-136,18,56,-135,133,-40,-33,-95,-25,139,91,199,114,146,79,10,196,-74,27,-109,21,-89,23,64,30,-93,90,30,115,-290,27,97,178,-35,159,-79,-48,63,43,0,-23,-74,78,-104,25,-212,-9,-29,-5,78,-37,-208,106,-10,83,117,-22,55,122,-136,24,193,114,23,160,28,-10,59,49,30,-30,94,-134,-106,54,176,34,26,-87,28,-61,-157,-47,-87,64,362,77,-8,44,-93,159,-112,-46,41,-84,18,102,-64,78,12,85,29,-125,21,54,-36,112,-57
-73,105,-26,46,200,320,-59,78,146,59,-188,28,-61,-36,101,-91,115,91,47,-23,245,-128,-155,160,107,135,-106,232,59,256,95,-147,69,77,161,60,107,-34,-52,-78,46,63,0,64,1,-11,67,-18,161,325,108,283,11,122,-100,76,128,-67,17,-118,-65,-43,-111,55,63,-39,-91,151,83,-16,34,-69,49,31,48,47,202,136,123,-246,-21,-41,212,278,-98,-55,156,39,-340,-13,102,-102,31,-55,58,-50,70,180,-74,154,67,7,112,24,146,-9,224,218,102,-84,168,144,14,-25,162,-79,229,-29,-174,110,57,57,-34,-10,191,-29,104,-132,-58,70,198,187,177,-73,11,234,52,-43,174,-80,172,27,22,115,9,-40,237,110,-94,178,44,-197,-143,179,138,21
34,139,52,222,3,81,9,202,209,198,42,18,63,-15,9,58,-32,37,211,-213,75,117,69,-55,-103,36,-125,31,211,-118,11,31,280,138,72,10,-48,111,110,-5,69,-3,152,65,82,94,52,164,-12,114,49,-59,200,132,67,162,-24,110,105,84,-17,300,75,57,62,243,55,165,5,-38,79,-7,11,96,161,75,-61,-53,109,26,80,59,-164,134,-21,42,166,116,181,-79,209,121,-97,289,191,-3,203,172,-28,42,-5,-32,56,12,25,299,122,244,-63,-49,12,134,-35,161,108,53,106,-50,-14,179,168,64,148,11,169,151,291,237,153,8,87,61,209,134,-56,-17,76,-54,-40,89,29,158,-127,22,225,-66,-146,-116,137,341,133,133,181,-84,135,136
55,-132,42,-22,76,47,152,112,300,65,-18,92,22,226,95,211,-45,143,248,-40,-13,141,142,143,14,-13,159,66,47,44,-88,-37,70,78,181,60,-70,48,-102,10,61,144,-85,58,-97,143,-91,-89,46,246,226,0,77,133,240,-22,-75,-59,0,-47,59,168,175,113,120,77,-28,160,58,-72,5,54,-190,133,284,102,24,40,106,98,-39,-22,-109,118,2,86,180,-17,140,-54,296,-17,93,-138,179,54,248,166,56,-19,-83,29,1,130,86,10,-146,4,-143,3,290,4,139,110,-23,59,-16,123,-100,186,86,158,92,-10,137,177,140,74,-181,218,170,100,85,189,36,-109,190,102,258,144,-51,-6,-29,-64,27,80,-133,-4,161,214,-1,-38,-32,133,-32,8
-1,74,64,38,-19,86,45,162,140,160,156,84,68,197,269,188,147,61,71,90,-11,109,38,87,167,-17,97,113,75,105,85,93,-3,172,2,38,9,125,33,88,240,133,35,-18,-43,22,5,-102,89,93,72,-117,-75,-21,78,145,63,116,175,116,130,159,307,75,101,189,116,75,174,-54,86,-88,-218,160,198,87,4,-18,6,-114,43,111,136,-193,-18,140,40,44,203,105,182,-7,95,33,-89,-34,18,10,31,-36,48,-75,2,-25,-126,41,71,211,111,26,64,60,197,133,-8,-38,23,-53,34,-175,38,40,-135,31,214,-38,32,0,-15,-3,296,-209,4,148,251,-44,105,-82,142,83,-7,-1,48,-80,147,149,81,-43,102,304,-10,50,4,-13,258,93
42,38,86,84,-147,64,44,106,17,14,-96,-51,-4,22,-82,187,-73,78,153,-36,-51,128,98,3,197,204,177,-40,69,131,50,42,108,75,312,-3,109,144,191,91,102,-24,-106,47,84,127,78,30,91,77,133,113,131,30,145,204,-39,-34,177,197,94,85,97,-31,-3,-3,101,207,52,114,75,158,177,-102,-3,161,212,37,57,-20,45,-17,-66,86,-207,193,89,68,-77,130,-20,-44,37,7,137,58,-223,-25,260,89,150,203,33,-20,-20,46,57,164,69,-3,-45,-118,14,-3,-42,-49,87,28,123,76,-18,39,-36,40,26,80,-15,164,113,-3,50,-46,32,25,195,-80,-140,-46,77,-61,-42,-68,-3,33,35,15,91,134,61,-89,222,18,74,-7,163,113
51,274,62,47,5,-41,257,129,194,180,-109,26,-74,154,10,59,57,-12,160,25,84,89,43,-17,112,-52,14,60,84,190,-37,-102,-154,73,-53,185,47,52,219,8,65,122,107,160,-155,-37,126,60,79,-55,-60,-107,41,99,-147,184,78,-121,39,101,-30,118,106,-40,-21,96,-3,247,121,172,62,-68,-77,309,-44,111,175,16,42,19,243,-43,37,97,-87,-2,-28,-65,-13,81,26,126,123,221,53,9,17,159,120,-14,-78,209,105,-59,130,-63,176,210,-10,-100,-50,143,-189,130,-66,42,14,-169,105,-71,59,-112,-16,-3,280,55,5,118,-119,-8,13,36,-17,99,38,149,-51,-186,22,-106,113,-14,148,11,39,21,-9,164,133,20,29,35,10,-17,142,-33
186,-59,116,-73,-96,94,19,10,255,-40,-172,35,-66,-31,47,189,-120,-106,88,26,26,-14,-5,134,116,163,59,131,-59,271,7,40,89,173,25,-4,-8,99,51,152,103,71,-143,58,-45,200,-35,188,102,87,96,61,130,-39,308,232,69,49,-89,261,151,-89,45,17,224,-25,130,84,65,218,303,-181,-6,-103,114,153,33,-45,-4,171,-85,29,153,294,152,-42,248,-64,37,25,-9,-28,117,-34,173,-101,-50,130,110,68,102,97,118,89,77,115,25,26,-15,100,164,-78,66,63,48,-4,138,18,29,77,0,-62,-96,-68,234,-43,-159,133,16,97,167,-98,123,44,83,-16,-73,-43,-45,-98,3,46,175,170,213,66,25,188,19,-29,-121,-133,143,-18,-75,62
-80,-26,-194,129,-15,210,185,-8,297,135,215,5,-31,57,76,114,37,143,104,57,58,32,3,58,180,24,68,207,153,-57,215,10,42,99,20,100,94,116,130,93,23,71,66,80,-8,-171,-85,-70,111,140,125,164,-2,167,38,-31,-26,-6,166,11,-56,193,68,195,-83,33,-22,173,123,282,182,17,-129,44,89,-39,-94,54,164,-14,347,-93,92,-73,-37,46,152,73,225,104,36,216,-84,95,119,27,127,340,44,171,-82,45,236,-182,-80,90,105,182,231,-158,100,218,109,45,275,32,71,36,18,-30,189,-28,-116,-238,221,18,34,-14,132,-100,285,136,-64,87,54,77,279,53,39,94,50,225,-46,-5,200,36,-6,-19,-81,225,-190,-64,278,-56,358,-40
-29,-35,50,133,-117,34,209,268,22,79,-50,-26,49,-117,-28,-67,-147,186,-35,-112,166,-178,38,-151,-123,28,-91,72,58,27,-39,145,89,80,-48,-110,10,93,-57,-21,190,-26,74,18,-76,150,107,76,124,9,11,169,239,-118,41,130,-64,76,59,47,-178,30,-2,-3,158,-51,-21,19,13,80,-17,-52,-13,75,81,-67,181,-47,109,212,-31,-3,149,84,231,134,170,-52,145,-39,87,87,134,40,134,-99,-10,194,77,-19,-26,-43,131,70,-51,-55,-119,78,100,37,74,171,-24,-87,82,74,-53,47,51,120,16,117,-57,-51,53,-106,31,-24,40,85,-48,265,87,-11,-188,-31,177,61,-81,76,-60,141,184,94,79,-178,156,34,15,166,-118,127,54,155,32,160
-207,254,45,-78,194,53,-41,48,-61,56,-57,35,-107,17,-191,-109,-17,149,165,-170,229,-7,93,172,274,86,-153,108,157,172,146,187,28,32,162,82,-115,-73,-23,-7,63,0,157,-56,-9,130,-43,-62,-41,-24,-55,13,-13,5,-50,32,-34,107,15,-129,-109,38,36,-14,-59,260,195,125,152,40,39,24,30,-51,56,120,23,2,6,87,75,-107,18,47,-2,88,-46,-27,106,-18,153,-39,73,-204,-6,-43,-153,300,197,-48,171,65,-45,182,116,49,28,-91,109,21,99,63,77,38,-152,143,56,-123,-104,123,50,-11,116,-20,226,12,33,91,112,62,12,-46,105,-166,30,-35,-38,-38,-104,111,53,-63,-6,51,-72,85,48,237,-45,279,8,-29,-36,-73,44,-42
-25,-88,47,168,54,171,150,106,154,26,223,131,-200,-63,118,66,-70,42,141,187,-20,103,223,42,153,214,56,42,199,275,109,-22,297,78,32,-145,236,258,28,-19,128,6,56,126,69,114,302,76,-9,120,13,27,66,10,-127,31,92,-11,184,3,-156,167,167,128,46,-91,36,6,40,176,-20,161,71,173,25,319,261,11,213,48,31,71,123,59,263,-13,-25,46,-112,38,-34,19,3,0,70,54,-263,203,196,-56,-28,-39,238,-56,97,27,122,158,253,97,8,123,194,-210,-36,44,104,-64,121,-78,138,37,47,203,52,39,-23,50,24,-47,19,-42,198,111,54,-15,-207,-112,181,56,204,-8,12,-147,30,75,-166,-54,41,141,-46,84,-50,68,383,114
246,-18,84,97,74,6,-160,-97,58,117,200,56,-93,11,-183,32,-158,164,124,-54,78,51,135,36,-85,74,57,-154,-81,-56,37,-153,-7,-123,81,-83,152,69,-74,-44,65,50,55,-55,-104,59,-146,147,-70,25,69,-19,-32,-67,139,-61,44,159,-136,25,-10,53,-13,11,95,164,42,14,-123,252,-60,-49,66,232,78,11,-61,-113,-51,198,79,90,-47,135,130,-81,133,-4,109,31,54,126,55,-41,28,60,40,3,-82,-217,-61,100,-8,-148,-154,109,217,173,19,-85,29,192,19,-122,149,40,56,-94,12,4,-134,162,93,-60,18,117,126,-67,7,-46,45,-27,290,30,-50,-68,-149,-186,68,-131,-20,-3,-65,133,106,121,15,-10,146,-28,-21,-32,127,-74,69,-114
-32,-64,118,75,-12,-90,-51,-9,40,-39,79,-85,-198,-129,-22,102,1,65,-51,83,-128,96,-53,114,38,71,123,36,86,22,234,-104,-101,87,-25,-74,-133,118,-45,-14,-97,-88,-25,84,-2,156,188,-247,33,-29,-71,-1,-117,13,71,-43,-26,7,45,1,63,0,-17,-76,59,78,186,-117,5,59,62,81,-23,-116,81,-15,-123,98,24,-56,-139,-75,44,100,-106,13,73,110,-47,-67,103,136,62,-29,-96,-69,-61,61,212,-10,29,-66,64,-20,19,8,164,-99,115,55,-89,-202,72,75,44,-96,-165,211,4,-30,86,9,183,-95,-32,20,23,13,34,85,33,-78,130,176,-15,-63,61,7,69,73,92,35,-73,151,-10,123,37,-71,-83,97,-106,-40,107,60,241,44
231,-127,69,103,-136,240,45,14,18,337,80,103,67,11,201,200,73,-14,35,0,-52,240,-89,-35,123,43,154,177,99,-107,-128,3,19,298,153,46,63,-133,144,162,8,156,45,36,78,3,-31,0,-19,126,233,-31,-35,27,-94,-47,124,67,-21,69,32,241,-19,129,14,2,-141,33,67,106,-5,97,21,223,39,-24,-142,102,-75,-126,199,2,39,20,-202,-65,-67,19,120,130,-142,-47,-94,68,147,151,257,-155,-106,-51,86,129,115,100,-22,152,83,110,105,-41,-126,107,-81,-53,197,202,-29,-140,-10,-5,64,-1,191,104,241,111,149,-33,97,32,291,102,-41,207,199,153,184,28,128,4,129,36,-28,-16,44,-45,110,46,186,-51,-73,-187,70,65,190,238
150,96,72,79,-119,121,179,26,49,95,-16,17,47,-77,32,188,-69,358,174,95,166,-3,-31,173,-46,39,91,-129,89,17,75,-85,112,-117,192,100,127,68,0,145,23,145,-112,156,9,24,220,-50,-43,145,102,147,21,-24,83,-191,29,35,134,158,-17,134,63,95,38,178,136,53,-102,-109,24,175,220,95,-142,-221,74,109,141,86,240,107,-8,20,211,144,167,-15,-42,72,153,77,5,31,-217,268,31,209,173,-195,45,95,107,-32,14,0,62,37,222,150,159,104,-62,56,-15,-107,1,-94,242,-10,-46,139,104,109,66,125,80,73,-132,73,-48,35,9,91,122,-8,-98,-51,201,-154,7,10,114,64,16,-39,106,121,-27,-192,-51,15,312,255,219,-140
100,150,-64,-49,-81,114,193,-101,-22,147,70,87,262,98,244,78,86,81,217,127,52,142,41,155,95,69,195,-20,-106,-49,68,-132,131,-106,70,-82,-27,-107,152,69,59,72,-28,53,121,33,40,42,178,36,66,-42,-121,92,-30,-147,-198,-55,-103,-173,-5,90,99,70,21,-9,5,80,-34,-72,-76,152,182,-43,-29,-14,49,248,-90,12,84,-76,-33,69,41,5,-4,97,-52,-143,213,15,-220,98,-15,14,53,12,168,83,43,-82,-34,-100,-100,211,153,-98,11,-107,-15,-37,121,1,185,-18,-50,121,100,-36,-29,124,49,-92,-54,-6,87,33,-37,-91,59,94,153,71,47,60,38,-107,-9,-178,34,-91,-8,113,154,54,114,-30,-165,-32,1,-108,141,-67,114,-176
22,98,189,78,143,209,-66,-36,228,82,83,61,-7,70,96,200,-26,-4,-48,146,84,217,-57,61,116,408,135,59,7,241,36,142,-22,164,30,102,-30,160,41,-26,39,246,102,153,-9,91,133,133,-130,123,75,-65,-84,-71,9,102,77,17,163,208,131,215,61,88,61,130,95,101,168,69,-9,144,-83,90,-4,227,-80,37,-63,135,-15,76,71,-18,44,256,-66,89,12,36,-63,-17,-13,-66,98,-200,-5,149,64,-139,144,176,-107,83,-50,146,121,-11,95,122,-12,74,-26,37,239,51,-14,-5,184,19,13,103,162,118,188,36,25,78,24,46,57,119,135,75,76,116,-70,125,47,-70,-61,-174,73,-56,157,45,203,151,112,-7,128,-37,114,5,128,-50
49,161,17,-19,61,3,-14,57,-113,59,-126,-134,-48,27,64,100,134,-122,59,-19,34,-152,43,-106,17,1,-12,-103,102,120,-7,143,-41,88,-16,65,7,-56,113,130,-30,135,-37,-62,-82,-119,-6,38,-121,-19,163,-10,-165,-16,-206,108,78,-245,138,75,19,96,-38,4,-152,39,36,-59,-23,-53,-107,-76,49,66,-66,-106,25,146,-43,109,63,-16,-92,-35,184,73,36,-122,-32,-80,-228,267,-132,51,-16,-161,-40,63,235,-208,59,105,76,-48,-64,38,54,104,28,74,-52,-62,30,115,68,110,68,48,-95,-47,42,-12,78,343,6,1,280,34,43,58,26,-18,3,27,-266,142,153,-3,190,-85,3,116,-8,-21,-155,113,148,-79,166,-44,-28,195,209,138,29,141
59,118,-1,92,4,200,144,78,83,-75,93,2,-223,-46,-265,269,-64,145,76,-57,-11,57,179,74,34,159,97,-38,79,27,19,160,32,210,258,269,48,30,122,-99,149,88,24,152,142,120,33,-45,54,117,90,-143,118,-27,125,349,58,308,146,155,36,221,101,14,76,191,85,139,297,295,173,-89,48,47,-83,31,67,33,-193,5,35,181,42,26,-104,210,173,194,112,48,82,-51,64,-59,232,-108,15,61,-18,71,-162,-6,138,143,54,-257,133,116,112,162,-163,122,9,-7,218,40,-147,-78,-50,336,142,185,53,-101,-2,-20,70,58,-9,-60,281,338,188,-92,-34,61,152,29,-42,171,-147,-136,63,3,303,36,243,281,116,244,160,-23,223,137,-26,80
-98,153,-65,52,-62,110,82,39,302,76,-111,28,171,-171,178,69,5,-9,45,-20,-61,-100,-167,172,178,121,117,-67,-137,180,-85,-40,280,-130,145,2,63,69,158,165,112,-117,75,39,206,90,-84,131,203,78,228,87,165,108,87,87,-58,34,86,-95,92,-56,152,68,67,-28,204,14,28,67,103,-63,89,221,-163,75,110,76,197,-11,31,-133,-111,73,96,-87,12,137,159,41,62,134,76,98,102,300,134,98,-79,27,-21,138,-92,56,-8,-34,222,61,78,-27,-66,101,2,82,-176,40,49,-162,213,39,-33,-47,34,-83,202,24,84,25,-47,37,111,-54,197,-20,18,230,-93,63,-3,33,61,288,-186,74,21,144,-19,63,270,85,206,-139,81,-102,107,119
112,-107,37,-17,119,215,-69,132,88,155,94,148,141,-28,39,402,155,-68,198,-74,208,86,-189,125,171,45,43,33,230,37,221,-121,85,77,162,162,23,-69,1,134,105,171,-83,4,47,67,-1,-97,67,-57,-68,21,-12,103,-19,101,1,105,62,270,70,56,75,121,11,114,-31,113,179,157,32,116,22,6,52,8,-33,-17,80,47,105,172,50,-9,-122,62,44,72,141,61,91,148,64,19,247,128,48,236,-48,-84,75,151,90,91,-61,75,54,162,47,15,113,105,8,-156,6,98,49,-58,-14,-28,26,-128,-39,23,22,54,26,89,138,33,303,-36,41,58,-14,-13,67,11,212,78,166,-95,49,271,78,6,-123,61,224,157,-54,-54,-44,-69,92,15
81,58,107,68,-42,35,45,156,301,-50,72,-16,123,70,77,174,-201,9,-85,129,99,-9,-59,42,150,60,60,79,150,6,36,46,221,38,21,106,114,259,-76,70,62,-17,125,92,192,-28,109,-81,209,149,-47,32,62,51,157,178,-88,60,239,85,20,122,116,318,-6,5,120,-24,152,-80,79,62,-31,128,-12,27,-120,140,173,28,33,-19,93,73,-54,-84,97,94,231,47,10,139,60,6,-32,49,234,76,-11,27,56,56,42,138,-23,-60,-27,62,97,191,85,-64,137,24,-60,-80,164,29,218,38,94,27,159,-188,62,110,117,-66,95,186,20,46,-58,67,103,119,77,115,68,76,-29,145,-85,227,227,55,23,-55,223,89,-23,1,-135,192,167,-42
200,78,-39,74,52,121,34,-67,116,249,132,51,6,-51,-38,5,-31,4,225,39,47,44,103,200,40,56,-28,27,257,54,-26,-8,-8,145,151,322,74,25,156,-60,-21,-34,17,93,-27,233,-3,56,3,226,64,-77,138,21,-22,159,-109,111,49,-149,197,45,31,140,106,157,-18,56,-61,200,-5,69,9,194,-32,26,-51,-66,99,274,80,82,83,142,110,77,144,95,67,-1,-34,71,-39,-39,87,-110,205,119,189,-105,-97,191,268,82,-57,142,334,231,26,27,38,121,15,136,199,108,-39,48,81,230,32,148,187,-6,-19,87,72,15,-23,111,199,212,28,174,-12,243,169,-26,242,182,9,182,57,-85,86,-15,-76,73,-27,2,-82,-172,121,-154,-32,-36
-6,-45,-70,-46,207,263,39,-18,-72,29,181,-20,-7,-43,162,-141,-14,158,142,-174,-5,-89,-52,50,8,40,-69,18,50,114,78,13,36,-68,105,-68,165,-15,-49,-63,197,-47,55,-160,-240,-56,-45,-11,-6,80,264,-6,233,-61,176,105,85,227,141,-83,-47,133,183,-137,-12,103,46,-22,7,-96,-75,13,-232,2,165,133,49,-84,184,98,-63,105,119,10,15,151,180,86,-9,84,25,-6,5,-216,267,-101,51,-16,33,123,-29,-72,193,-52,69,141,-118,75,90,32,-7,22,57,47,236,-6,183,106,-84,63,18,65,74,75,152,53,147,-90,109,91,338,74,-54,-40,73,147,118,93,255,36,76,-4,95,-19,32,-52,-36,45,75,162,30,56,18,93,-65,-63
146,130,-84,-44,-118,-44,-89,87,7,176,63,72,61,-95,-3,94,146,-18,78,-38,-68,-84,200,140,-115,-8,28,-104,-134,68,-104,25,-28,-8,-26,22,80,38,-36,-36,-50,388,-49,13,-11,83,-21,-125,28,42,75,-78,-91,-41,-170,66,21,-13,-153,285,-123,0,-101,256,45,-249,122,-162,175,-54,155,-105,-148,24,-271,108,96,-74,-55,-181,11,98,291,78,22,-23,-46,-8,64,122,33,-8,-1,127,-53,-25,186,-149,-6,7,-108,19,-19,55,69,-116,89,66,62,-48,5,-86,-115,35,-19,-138,162,12,-129,-96,-126,37,-13,12,72,3,-135,-145,-57,81,97,-166,-51,117,5,-9,34,8,206,-29,115,106,74,5,-177,46,-148,76,112,139,50,-36,17,93,-69,55
55,139,-18,93,213,72,-153,270,89,300,50,172,-67,-113,-183,85,-31,110,136,-100,86,74,-61,94,37,77,-30,17,137,58,35,-201,157,80,34,9,35,104,257,66,165,167,156,-161,-93,247,-135,102,-55,369,132,-60,-53,129,-111,46,126,33,-170,171,-52,20,89,167,23,139,-78,181,177,159,-84,150,-20,136,47,168,5,56,107,2,53,72,106,67,-35,12,3,64,106,-9,26,91,118,195,194,-52,178,-28,-58,25,192,-49,-102,31,201,209,224,183,101,60,-184,-85,-12,-85,18,-64,75,-30,-65,105,-95,91,136,83,168,-65,267,57,136,-11,186,-19,206,-29,-86,232,119,57,237,258,192,104,89,99,198,123,36,-28,-62,117,102,97,94,109,11,-16
-82,97,20,69,48,234,0,134,129,30,58,149,-23,11,113,85,-54,123,24,-62,31,-85,-46,45,176,-61,-71,22,210,13,98,-94,187,-55,34,4,78,261,69,61,54,97,-1,16,-105,20,-12,23,-32,144,-28,107,-12,-62,62,-49,-62,-57,200,60,17,-86,-30,-9,21,183,-113,167,42,59,-66,47,157,85,215,256,161,99,175,247,158,-94,-10,151,-39,61,101,116,51,70,112,37,-40,-13,54,72,108,193,42,-121,-103,54,-106,3,136,171,13,84,167,64,-19,66,69,-8,-68,36,137,-76,19,-38,138,72,-28,-27,103,179,194,109,201,45,25,20,136,72,-19,84,-67,-114,304,122,159,119,-33,-37,107,-72,-127,-9,102,35,105,132,44,75,29,-42
101,184,42,-55,12,248,114,19,110,38,149,188,-64,0,-124,187,50,-16,191,-20,71,-36,32,25,52,74,18,203,151,-33,52,31,74,-15,40,99,-53,61,126,-146,209,-1,279,47,-108,100,118,-91,98,25,202,-138,-154,14,-61,164,-87,-43,211,-115,165,94,-30,-23,121,177,3,184,73,-174,-146,138,-59,193,-84,-96,-139,151,27,115,112,24,-53,-180,-69,4,43,105,95,-13,193,113,87,32,60,113,220,33,-12,13,44,137,4,165,75,179,187,99,-7,196,-136,-47,103,-91,30,158,131,-25,-17,-79,8,56,-60,-100,-28,-140,-59,-25,-47,25,210,-31,30,77,162,136,159,19,40,173,-48,-100,-66,21,-100,-8,-105,-103,23,129,-32,22,-162,-57,235,156
-29,123,53,67,-48,90,143,-24,7,-13,64,-142,45,-49,-94,204,2,-20,198,133,-39,101,40,-10,83,129,103,50,102,208,135,257,104,-116,-20,-59,131,152,190,-77,342,-38,19,269,49,67,172,-101,-86,104,47,2,104,-45,155,-123,87,127,37,-63,163,102,-121,88,231,79,105,140,28,59,179,87,146,14,-71,169,64,-7,60,211,135,-25,79,-7,196,-70,30,131,99,27,132,25,18,83,-114,26,-69,101,152,-91,102,112,120,170,-62,-104,100,42,-47,229,18,61,165,6,-233,-89,133,-6,-2,1,10,97,-44,-4,1,-79,-39,107,123,18,30,-130,8,81,98,-85,2,-166,-116,-52,-63,25,66,20,-49,67,72,126,47,63,-6,108,106,-15,51,-17
169,84,23,130,211,-33,192,137,64,97,-103,13,78,123,-133,173,-34,85,164,-50,-95,-80,97,29,158,258,69,-159,51,76,-112,121,-14,-87,244,-19,19,160,166,-51,-4,130,93,148,87,164,-31,63,-73,-62,100,-60,-79,115,63,209,-165,-62,-77,13,45,66,-55,2,40,84,147,68,228,-24,63,-139,120,19,-193,110,-67,-17,25,-32,41,83,-129,99,250,34,107,55,-136,-137,-34,18,131,168,46,237,210,39,46,-35,-5,179,-43,-44,-120,-188,78,64,-142,149,8,24,-144,-142,90,182,74,48,99,21,-24,106,73,-1,67,162,28,53,-155,45,30,24,41,-35,-154,180,85,147,30,-151,-107,37,185,14,32,116,160,146,267,45,42,-97,-14,37,-59,147
238,-77,109,195,-201,185,14,-32,-30,145,-232,45,-42,-58,-46,148,93,-112,-18,-128,-7,-67,-213,-82,-9,120,36,4,162,-88,-8,75,-12,183,-65,65,-44,-12,-38,50,27,-171,111,86,-46,70,-127,191,-267,14,179,75,-69,106,-22,212,-119,64,132,48,142,18,-97,13,46,-66,-47,27,107,17,91,77,85,146,35,-206,-118,-102,-6,112,137,227,23,119,83,167,110,-93,174,-111,-197,9,193,-1,71,156,108,3,65,203,-24,130,145,148,83,87,-52,80,53,81,-43,6,-29,5,86,184,74,-141,137,-49,9,-50,88,-32,99,-133,-62,-6,-122,60,34,56,172,74,-22,96,82,159,41,47,89,215,-54,-158,-190,319,62,-119,141,-150,0,48,249,-147,-20,206
-55,102,200,203,-128,-87,180,273,383,255,-21,81,-46,-111,106,238,22,-40,155,24,151,107,110,38,-58,48,95,-108,122,170,-71,93,40,-72,-34,154,-99,130,106,110,29,-37,-97,81,-36,98,122,41,-36,174,164,17,235,-75,-103,124,-59,13,83,195,-26,82,209,272,101,245,165,250,109,193,10,82,-215,-24,62,170,126,20,66,425,-30,101,41,164,180,151,-16,105,208,41,-26,236,30,-51,161,231,49,162,236,-73,85,63,-21,153,44,103,116,60,146,152,103,21,-61,97,37,215,-46,-139,61,110,14,-161,-87,41,277,84,83,100,59,162,202,38,113,276,-157,62,-125,187,79,-120,46,2,8,-15,216,-32,-101,62,187,126,0,73,213,13,-94,-38
-98,171,-89,-124,39,182,209,66,-44,140,39,83,135,55,-83,36,45,83,77,85,75,97,-44,-65,141,102,211,-58,143,-11,76,-39,-54,125,191,240,84,-66,75,122,156,211,-144,166,-140,109,179,9,-10,-26,119,69,-57,251,76,15,103,39,238,2,217,125,196,124,174,96,27,118,186,21,-88,244,137,-182,21,31,75,-170,126,-51,295,167,43,88,10,12,174,-62,-245,261,-47,32,6,-151,-146,116,-24,237,172,12,170,124,210,48,-66,140,69,13,5,37,-21,-164,298,-147,120,149,4,-161,159,179,-1,150,-38,185,115,156,-58,24,-68,60,256,131,-157,195,-102,236,49,-31,-103,4,93,71,161,-81,-79,269,19,260,57,89,235,-63,-21,161,133,-7
-61,66,-28,35,37,187,-33,75,20,44,-85,-9,1,18,-58,134,117,135,170,-23,-57,-91,10,189,-15,141,-4,-7,190,21,15,36,44,9,101,-38,143,186,203,50,242,5,123,108,-64,84,-33,-175,-32,112,-18,-35,39,119,-64,97,-171,75,-129,20,104,89,27,58,62,103,10,42,111,11,51,68,102,91,-37,120,82,190,161,2,70,128,-157,40,55,33,153,-7,-3,43,26,-86,29,219,-134,215,-110,-53,-76,-204,251,7,146,46,54,45,177,108,-32,-12,26,-5,18,60,-151,118,-51,-154,159,-37,-33,-148,-21,79,-13,46,-145,37,-4,-71,107,-27,-81,36,186,41,-11,-47,48,128,102,73,35,-124,-72,4,-78,-48,151,43,61,38,31,-81,120,-42
113,175,281,135,-147,71,41,1,100,30,78,14,143,240,30,-5,129,75,48,83,93,-13,32,-86,-58,34,174,-29,93,-93,-74,215,123,40,4,57,186,33,-22,78,-108,29,199,51,-24,141,232,105,-60,20,290,209,-20,127,-88,104,187,115,77,121,78,75,24,48,251,138,113,203,91,-150,25,60,52,-19,34,44,159,-99,41,174,-122,220,-29,130,134,-31,66,-11,93,-158,-34,-72,162,-23,-53,131,108,43,8,244,21,64,126,66,-34,-35,-35,-186,-17,101,-128,-23,216,-106,37,-63,157,-29,129,210,42,43,20,-49,142,113,-19,36,-98,88,91,117,6,107,-80,-109,108,239,16,-113,-23,-87,-12,122,72,37,-55,165,13,2,12,-63,124,-47,114,19
116,70,-6,-86,42,124,27,41,-65,42,176,29,-29,34,11,45,-86,-123,-34,-8,16,87,-63,123,88,14,60,-105,-7,38,-56,-143,23,23,15,-190,-40,-5,-33,96,52,104,-21,91,169,-67,-3,30,70,-101,-47,18,-49,-51,96,82,-98,-38,-89,281,-52,32,168,124,-12,89,210,69,107,122,-114,15,158,-1,-132,-2,-104,156,78,-199,71,82,-56,178,63,164,51,57,-119,4,-70,7,88,74,187,33,-22,-152,-130,78,97,-58,-18,59,-1,-42,-197,45,-96,-86,-22,56,-30,-31,140,33,117,136,222,-139,-67,120,130,32,110,46,5,210,-52,-259,65,-28,-50,34,106,80,54,-8,57,31,34,-42,147,114,315,-51,104,122,62,62,32,-98,127,2,-17,-101
-40,101,45,-5,-143,-43,-59,-10,-64,125,-117,47,101,41,-27,-24,-33,13,10,-79,198,78,-58,-69,240,-31,16,152,305,-151,-107,161,64,127,3,105,-155,109,-127,213,165,11,312,-14,51,33,25,-133,177,78,-16,227,57,46,-19,234,122,54,266,-97,93,106,159,224,-54,117,39,46,86,7,-120,34,-67,118,-136,79,124,98,42,105,63,56,-80,37,161,-20,-20,61,251,96,65,-29,54,42,18,40,65,27,55,-19,22,54,291,69,-31,-62,-22,-45,-40,94,-65,136,81,-142,19,-1,-9,-131,-37,-13,259,-12,153,16,4,-25,130,-110,82,63,89,-95,-64,107,6,33,1,82,-1,16,252,66,40,-5,28,-108,48,118,201,58,-16,3,-54,-1,109,220
20,-143,-3,41,-112,70,197,-32,27,-171,193,-7,-123,-233,-72,155,-40,78,7,-108,-124,145,-51,-46,-56,21,119,46,110,-17,-38,51,115,119,-28,207,106,-53,-98,-20,-38,5,-66,130,60,30,86,100,65,15,31,266,84,110,106,66,-117,115,47,41,-76,186,-40,-83,112,100,98,-186,-285,-38,-105,40,13,54,-221,38,89,-150,87,121,211,170,-113,-37,210,28,7,58,16,-12,-48,14,195,-47,207,28,32,21,-62,19,-65,13,42,-5,25,105,75,84,120,76,-123,114,114,-82,35,37,-64,-80,127,-23,-148,94,42,92,-22,-15,-151,47,18,-19,-98,-147,-1,72,-41,199,134,-121,-203,-68,-36,312,42,-113,150,-38,-27,-113,81,72,70,254,15,-123,26,-103
168,-8,174,43,-115,26,144,-28,-45,152,-24,249,58,50,124,87,78,-36,-21,92,-83,157,8,85,31,13,-33,35,-64,-5,74,-50,12,152,-35,-43,75,-43,129,177,116,50,-78,21,-18,261,-127,-134,110,6,108,-55,-63,-31,52,-105,-63,119,-3,22,54,90,89,-52,-43,-138,-34,-85,157,65,-91,31,8,71,-58,-159,95,-45,28,162,-1,48,120,-97,-77,196,116,-160,-137,114,-32,240,-43,103,17,-45,86,-62,-138,77,-46,4,-75,120,-43,24,-7,27,53,-190,137,83,11,55,89,-77,46,-51,78,141,131,111,-33,219,-35,153,128,87,141,-8,275,-63,48,81,45,84,284,76,65,151,101,155,164,-56,1,-125,8,-180,-81,-35,-240,73,8,-153,165,63
-91,152,21,-182,138,-62,-286,-34,129,177,89,197,-127,58,26,-91,-203,-88,41,-20,18,-58,27,-5,2,65,15,-166,155,75,-194,39,-43,102,-97,1,-5,23,-79,83,-25,55,-19,-74,19,195,-30,105,183,20,0,107,28,-168,14,63,139,118,24,124,-15,24,-31,81,108,185,191,-32,45,-50,4,-155,104,106,-98,-120,150,13,208,-25,-14,-132,22,-72,97,96,-14,-95,126,55,30,59,34,-59,137,-91,76,-19,166,-2,-7,-45,-133,145,25,142,-69,16,30,234,-22,-113,-149,-39,-178,93,-28,-190,106,131,-56,19,76,231,110,86,124,0,-165,22,-29,25,43,-78,255,145,-2,103,5,66,-38,1,144,162,-34,-30,-37,9,76,-37,-53,-52,29,121,-65,65
-51,-77,75,255,-37,-98,44,146,92,197,-33,41,-110,-35,155,230,56,-79,162,-98,57,-263,-7,89,61,51,17,14,36,-87,-147,-158,-30,37,-91,-94,117,45,92,192,-187,227,-35,155,77,88,75,-97,96,-27,70,35,-136,36,-100,-60,-62,10,-112,-75,75,-21,54,45,-110,-24,29,30,31,-20,-31,-55,-126,51,195,-49,141,-53,157,-17,130,-6,22,28,-47,-146,102,115,-49,-153,77,-2,-76,-14,-3,139,137,123,132,-79,-132,78,-123,-49,-12,111,182,11,74,40,168,205,75,84,29,-212,94,94,-128,-9,-95,-51,-68,-131,128,-135,223,69,84,46,-24,63,121,87,244,-21,24,-17,13,-26,22,31,-175,68,45,140,121,-118,-63,26,-79,46,62,-38,116,-70
-95,183,113,-2,57,-15,-128,-63,25,90,20,-85,43,-76,19,93,-127,258,2,9,161,149,-132,11,-134,10,-30,359,51,30,34,25,-52,-73,-23,108,-27,105,-48,-76,88,214,291,52,95,-53,-182,-73,52,-128,-27,41,-28,153,153,74,-79,212,117,-112,-9,-23,-14,46,-8,90,77,-33,-18,-150,33,201,-135,-17,-166,11,-15,-10,-69,79,-45,141,-15,-179,36,24,-3,-195,196,131,85,77,56,3,-58,-89,157,53,112,135,88,178,135,178,-153,145,14,196,-16,15,37,-51,-17,-84,-115,-162,-23,14,-7,17,286,101,163,-60,-73,65,-74,-88,127,161,-1,-37,-124,-84,180,-61,-2,42,100,-84,182,58,168,-75,-154,-101,-118,64,58,43,17,10,-21,10,76,30
20,-50,36,-30,-174,69,167,61,-213,73,202,-91,-63,-105,-2,156,-198,132,-142,144,17,80,-101,141,272,-250,99,117,144,80,-59,18,-23,-84,291,-95,108,292,7,-120,-142,139,62,90,3,61,114,-8,14,-73,23,38,-119,-86,-17,130,-189,89,76,148,-104,-78,19,143,-73,-26,54,-54,-141,49,-110,28,152,39,52,50,-52,88,38,201,48,341,133,-114,-30,222,24,0,28,21,-98,212,-94,-103,-31,-8,-36,-65,-157,-173,29,228,252,31,-265,-108,-115,-5,247,233,163,300,17,-65,-65,-123,30,326,287,-243,114,78,42,-169,-42,53,-227,-36,-16,-48,-110,21,-162,77,141,55,44,35,120,-13,217,-167,272,163,-50,-66,133,125,-8,-63,55,-38,-93,0,63,-79
-208,9,-105,39,-15,222,-21,-81,96,-81,-171,7,-85,290,-142,109,-12,211,-12,109,69,210,32,-16,108,105,251,207,333,219,171,1,-64,60,-138,109,197,228,-280,101,43,-25,35,95,15,123,63,-82,25,-81,122,94,-149,277,-37,-55,-175,27,78,228,148,120,-30,-132,-37,-110,77,83,138,-180,52,134,-68,65,-8,71,-144,145,31,-61,112,-118,58,17,269,32,129,-79,30,10,-6,-5,8,-268,-45,-31,42,334,145,72,-2,44,69,104,87,-116,52,-5,100,121,-138,-136,93,3,-63,124,-64,62,-3,36,229,11,9,-26,-9,-128,-178,-55,-223,72,-145,105,111,116,-10,185,71,151,-87,131,135,117,208,-122,-232,128,-61,-90,-69,35,92,55,-61,123,34,84
117,43,29,156,-9,98,86,254,59,105,-100,100,31,39,71,40,33,104,39,-135,149,-13,47,333,-43,105,-14,-3,95,37,25,119,177,1,180,-178,-66,-76,123,271,245,-27,88,129,10,54,-6,-123,-107,142,-70,6,130,29,11,157,181,35,-7,-133,20,203,44,32,41,26,11,157,90,113,22,94,-17,51,22,128,-76,64,-117,182,-83,-11,43,242,-19,208,35,155,65,26,-104,-18,156,124,101,62,-7,-133,2,75,142,-102,-49,-99,61,-22,93,29,168,44,116,4,-21,0,153,-94,-65,120,73,-82,-21,-55,225,55,130,-112,262,169,90,-119,118,129,27,60,-159,84,30,97,269,-6,-47,-135,78,-43,164,-10,50,-59,49,94,55,217,-24,38,155,20
115,136,113,-1,-59,-80,43,285,86,77,-29,110,-22,8,135,-5,114,194,59,32,125,-6,-104,49,-132,-93,227,130,169,-78,103,104,53,83,-71,106,75,73,-141,-68,122,173,28,130,-80,-22,226,-52,166,-37,-25,-55,255,17,110,42,-63,-90,54,131,55,-59,6,168,-89,3,62,205,288,-52,84,10,-77,-1,-118,-111,72,58,15,8,32,142,92,-9,103,109,-25,140,52,98,41,72,168,-27,-121,106,80,164,12,134,40,54,16,134,46,57,11,60,67,156,142,46,167,110,67,51,-33,106,-37,-84,111,-247,42,-24,-4,-12,-156,-20,-2,81,64,-27,-85,199,-107,113,168,43,209,71,58,-105,53,-23,47,-81,-11,-69,66,108,32,184,86,150,236,-136
111,314,321,-65,-88,-41,-6,61,109,-109,-11,-178,44,132,4,43,-61,22,63,11,39,36,-36,-93,59,-158,100,160,50,46,82,58,61,37,55,38,9,169,98,235,-166,2,-148,-41,167,73,-11,48,47,175,44,53,-89,72,25,198,-148,-9,279,86,128,10,166,100,-25,-39,15,178,61,-15,185,251,95,32,28,7,400,57,-144,199,-88,120,67,83,-20,106,-67,41,208,-43,33,121,5,-91,13,-13,-124,106,-13,24,82,156,-14,138,-7,-23,-184,160,-15,87,115,10,-85,-185,114,-90,55,32,136,34,197,59,133,43,43,77,149,-12,48,-82,-8,97,-30,-56,-16,110,-70,20,69,-151,206,5,-40,272,30,-40,31,236,-10,-141,-94,-164,35,83,114,60
-67,-16,83,-71,214,187,-40,33,131,-111,3,-4,-15,155,-2,37,-142,-108,70,-71,-18,158,-103,-53,32,137,111,106,-46,252,69,-25,1,-47,-154,-2,27,93,22,16,178,211,176,-61,-180,-33,106,2,106,-2,3,-71,120,58,138,64,127,36,4,122,-13,49,-74,-145,159,4,-51,69,94,-16,68,-133,8,-97,-8,26,-42,-41,-76,-25,6,-66,113,-72,92,45,51,-59,-169,-10,-22,-137,-90,83,64,-217,-50,105,29,88,176,-81,56,-21,188,-81,-117,40,28,200,-42,99,87,-28,-65,-75,58,91,-68,-49,166,33,-35,73,85,-23,-213,-66,93,154,26,120,36,6,-12,88,228,-199,143,-69,50,-143,137,89,127,-95,-137,161,66,3,-34,79,-124,242,77,34
-4,220,120,23,-25,81,-26,241,192,127,-21,186,-32,23,179,-159,-167,115,237,-154,16,54,-126,-109,-283,23,-55,13,-72,130,-44,-104,10,84,59,85,-6,0,94,19,-179,93,117,-147,-167,136,168,-15,-62,128,-18,11,-20,46,191,63,-125,38,69,-99,-84,200,-1,-20,55,51,123,-30,112,-31,235,55,-22,73,-24,15,41,0,201,29,56,73,94,75,121,14,51,-38,197,65,71,245,2,23,22,42,184,64,84,195,109,2,-112,-53,28,90,4,-31,142,133,-70,-84,-141,223,-89,-27,138,89,93,171,-14,52,-16,37,173,-44,19,44,7,42,70,234,16,-65,-156,123,53,16,-2,61,9,-31,0,9,7,27,-50,36,-160,-77,28,-65,229,186,-40,-121
-42,104,120,113,90,337,66,6,128,-74,188,-107,148,6,22,94,13,-69,159,-37,139,145,11,-29,99,-15,-7,-28,114,143,-58,-93,-18,130,65,2,72,112,179,134,-161,90,-53,68,-82,-18,148,6,137,123,89,-98,104,112,18,118,176,87,-86,95,218,50,68,-58,258,130,111,99,17,1,166,62,-69,-15,111,99,-29,-76,230,-32,149,196,-17,203,-189,-55,33,-212,48,-67,182,-23,155,-156,163,6,-12,17,-50,221,113,116,136,114,115,-116,77,-16,-305,-46,22,-41,173,75,273,-79,281,125,92,91,-50,109,159,116,105,-76,-184,33,-78,34,30,-31,69,317,-9,-9,68,46,100,-157,-14,74,-31,15,-32,211,52,228,49,-8,219,-59,31,210,149,113
29,-6,111,-34,-219,-61,129,74,-57,28,18,77,82,25,-98,55,103,-165,80,108,17,45,-108,-105,-105,-75,-127,-155,15,-174,2,62,-128,139,-9,52,-53,-36,189,-11,-48,-101,-74,126,-164,27,68,224,-337,66,83,67,-10,46,56,-57,-13,53,-55,-36,68,-42,28,283,381,70,75,189,-43,-83,-7,142,217,163,77,-72,-70,-241,-114,140,-34,107,4,-68,-79,75,17,-82,16,156,-192,-14,30,31,-1,167,195,162,-84,25,-195,225,64,56,-96,-95,49,25,-1,91,46,53,-180,-73,-146,25,13,-113,119,-149,9,53,-12,104,67,-6,-147,150,-115,-74,-114,-65,66,106,-140,-67,69,46,126,5,-260,89,-44,37,69,111,99,-8,-108,97,-60,25,121,-47,-85,-54
45,-15,217,135,-107,141,54,130,92,-84,-118,66,58,28,55,80,-18,-10,75,-16,55,120,63,107,102,49,-86,-91,238,-44,88,157,-50,211,80,188,-45,141,19,137,160,-30,-10,27,67,-22,10,-177,56,128,-185,-165,168,-81,90,-9,300,-25,-15,-19,201,36,-91,37,-2,115,1,151,250,1,140,199,-109,59,427,-40,-122,-136,155,28,-47,-20,92,-52,-222,113,-56,18,155,124,70,15,218,45,-84,95,-114,124,230,-94,-5,-9,9,193,16,-129,-65,-21,22,24,-70,15,-17,-139,95,110,1,-103,-25,69,86,84,18,-2,119,-30,-63,182,38,-37,232,87,33,13,120,-168,-15,-106,44,191,46,-35,-31,44,5,138,204,125,91,75,28,84,13,249,143,126
-27,-97,-41,-77,6,312,71,45,103,-59,-28,-85,63,-84,126,107,42,187,2,-133,60,-91,-20,84,343,-47,72,-47,207,58,126,133,260,19,143,50,126,66,40,229,-154,-16,3,-174,-116,104,134,-3,86,219,9,44,48,161,-75,126,-224,58,136,23,-144,5,132,43,-107,-94,-49,64,-89,-81,24,-31,99,173,65,-102,89,79,137,83,56,-46,199,-53,162,126,234,-19,224,46,-4,55,-22,-100,22,63,-94,34,20,-50,-30,168,103,-127,-138,94,-59,123,292,229,115,-29,166,-28,79,17,62,-255,60,20,-78,-181,34,-42,221,-79,-72,-133,73,58,220,1,8,12,66,53,70,12,175,308,49,91,-17,0,-48,284,-8,-77,4,45,-52,62,-11,153,181,259
70,-124,112,-58,-68,204,155,226,24,-66,-24,77,-102,-36,-243,159,42,172,13,8,-78,-71,29,28,-15,182,120,101,58,242,-68,-12,18,-124,60,79,238,23,-21,-26,101,59,60,-128,89,54,98,-9,100,8,221,119,-64,60,95,69,-38,241,202,32,-114,-58,99,-80,-1,70,63,94,-30,-46,-66,-66,-10,228,85,83,39,2,39,72,26,129,126,112,-16,167,13,22,4,-177,11,80,279,-179,89,157,65,46,-28,-132,-162,53,-50,135,-3,-242,119,124,245,131,-16,108,-115,-48,-31,-74,269,82,114,7,189,122,78,124,119,-98,-100,-79,-18,115,250,-132,235,92,9,181,-148,-91,137,52,100,21,-20,-1,161,58,140,78,176,127,54,48,-22,-56,-109,92
-11,-123,45,-7,-14,74,142,13,223,100,47,193,-7,93,258,283,79,-13,114,6,171,-8,-38,197,105,72,243,-160,62,-10,-45,20,107,199,185,145,-155,-27,-65,176,-76,-16,-81,124,33,43,141,151,150,67,134,122,20,-1,93,-33,-109,-145,-10,193,139,73,164,251,30,-37,11,55,7,74,133,-59,8,128,320,79,218,-69,26,118,17,-81,-48,12,-78,-13,73,-127,102,-52,90,23,56,-213,109,86,126,166,73,-68,27,147,35,102,10,150,107,79,2,-85,58,18,122,115,35,95,-17,-60,124,11,12,-56,-154,9,82,-42,133,157,-130,-116,21,-29,229,116,46,1,79,81,-128,7,-25,52,-76,92,-15,99,-111,106,-7,151,33,-122,-80,53,36,-74
-178,60,95,92,-51,131,250,43,-140,150,-17,-71,27,10,36,53,-42,148,169,56,86,51,76,-201,-136,-71,56,37,148,41,23,94,-78,85,-67,206,-96,108,131,124,118,39,43,149,-34,129,75,114,-103,63,-52,-56,57,69,-33,15,-75,-83,239,-17,30,-53,3,-63,121,120,3,41,226,-319,-67,246,53,34,76,40,205,54,-25,105,248,13,-62,-79,103,200,130,71,-95,-57,104,8,-15,-98,-137,117,-12,234,96,-71,190,153,39,150,168,109,32,-36,4,-21,29,72,-20,158,-19,177,41,-49,-70,-51,-45,47,-34,75,54,-129,-74,38,-57,11,-205,44,-25,207,-136,11,136,-153,-34,-64,55,78,-175,-199,-113,15,242,-81,2,61,-71,13,152,83,152,12
-106,165,17,145,-86,206,-120,1,-43,164,10,12,104,92,-134,41,61,69,178,288,23,215,222,63,236,122,113,73,16,126,-52,-83,215,135,89,-139,56,63,222,286,118,-166,48,21,127,114,49,119,-110,241,65,60,-18,123,105,-138,120,-173,-2,-65,113,138,73,175,40,-108,110,249,-2,147,172,135,99,33,2,109,178,167,98,120,83,-106,-23,194,100,59,158,50,114,11,178,-39,-104,-74,21,0,31,109,46,-88,53,98,47,93,-21,63,165,65,19,-56,109,30,121,30,167,-84,97,-71,171,-37,123,185,262,-122,246,-215,-24,28,18,-104,22,95,187,118,-65,79,-150,-143,100,-165,98,-33,-44,-38,93,298,101,48,-25,143,-34,-190,60,-95,210,-179
-84,29,22,3,12,60,8,161,252,-53,12,210,-198,74,-7,65,63,106,238,150,-56,16,-143,83,35,189,32,164,138,81,72,-98,111,7,46,276,185,46,-18,-71,131,15,113,-74,-85,134,16,4,163,-70,193,41,32,33,123,215,22,118,75,64,186,81,76,-127,41,17,-20,202,222,99,131,7,24,19,118,158,213,23,218,-95,110,6,106,139,85,-47,114,136,45,11,75,95,150,-93,202,100,115,-2,109,31,-147,105,-68,31,137,138,291,249,66,6,-173,52,145,50,-236,45,208,19,90,-6,231,-32,-17,-83,280,89,-113,93,329,51,276,111,198,15,151,162,-59,-88,34,173,98,195,99,26,89,242,31,20,62,251,-33,-79,-127,-60,19,-18
65,61,29,-30,64,-43,-51,114,78,71,-26,-64,75,46,153,185,-1,-63,-49,162,-28,-197,135,-83,-93,177,-1,83,52,36,-74,-132,-137,-61,87,104,59,95,87,190,-34,52,122,224,36,60,152,109,-128,-23,162,-70,-29,10,92,133,-45,193,31,-20,170,-155,47,86,205,208,205,119,-99,-27,31,110,-141,-93,4,192,-48,59,15,-114,-169,71,-88,185,-13,-8,107,24,-99,204,-66,-10,-144,144,-26,25,240,-42,128,97,57,161,81,125,32,227,26,63,-174,-142,118,-65,56,124,236,-76,142,169,-68,85,117,197,121,19,189,87,112,177,-75,171,-87,137,-1,173,182,-48,121,-61,135,148,-48,51,29,89,184,8,-10,267,-116,-28,47,-157,-67,-7,-18,101
-88,83,-39,-38,36,13,2,228,24,42,58,-140,175,-17,37,253,-1,136,124,-3,-25,-34,217,17,-69,123,28,-227,266,36,-99,-55,23,86,282,-56,167,100,142,20,-97,25,-36,153,88,69,86,175,-43,52,158,22,183,-28,-6,82,50,221,-153,61,-21,-20,53,167,13,234,139,201,54,78,-42,91,-42,-58,79,-32,28,119,178,34,161,172,-45,60,-37,91,-40,-10,151,187,-207,141,153,65,81,111,193,-141,19,78,59,82,-95,25,94,21,68,97,-56,-60,66,-121,-98,-85,134,12,72,93,26,80,161,209,337,-35,126,113,126,130,7,62,132,215,67,113,115,91,16,259,195,29,78,184,-71,7,187,7,24,68,-11,135,197,-21,6,-89,-116,50
12,139,3,53,102,-16,-188,-47,-33,-68,-129,76,-98,252,-133,-195,1,37,145,6,-77,-72,-3,-51,94,105,92,59,49,114,-9,-51,66,-78,132,24,39,-44,87,-174,-61,159,-66,-52,-48,-60,16,83,40,-97,92,-79,25,274,108,9,-145,-59,-15,-75,-243,69,-97,-25,45,-139,0,-49,25,-143,95,-40,-163,-114,-204,45,-138,-14,74,-70,-94,-28,193,223,150,123,-7,-47,-221,-33,149,55,-22,-54,-8,-188,95,-61,-13,44,20,20,19,-63,90,63,-42,-161,58,-42,18,4,-136,54,71,110,56,43,-143,67,69,-29,-22,32,270,191,-192,-36,-94,-185,-180,8,-96,-223,-171,141,-4,29,-123,-144,15,38,103,20,-81,46,-25,78,-115,74,76,98,-93,-110,-185,-143
192,91,127,26,6,260,166,-86,68,125,4,52,-27,111,-306,106,-37,-4,291,45,21,65,50,57,5,124,-47,5,208,6,-21,45,-88,169,-30,52,23,-93,2,-120,130,250,268,216,-150,156,164,-61,183,138,266,1,58,239,84,313,77,211,9,-77,172,158,-22,97,322,151,16,66,146,-134,42,7,-147,13,-83,152,-64,-20,108,129,-1,86,-14,2,-16,131,157,8,48,-66,91,51,199,193,267,-84,122,182,28,71,53,-53,146,83,26,-52,355,-54,117,88,-303,86,-12,107,83,129,-28,-90,90,103,-105,60,36,-210,203,18,-264,32,-32,-89,248,12,111,24,116,40,40,81,89,209,-24,-109,154,-2,-62,-24,-5,326,203,42,7,32,128,159,-31,-20
46,36,-108,-30,-33,238,-84,-328,-20,-9,-24,24,-149,96,-114,18,171,41,154,85,30,-230,-60,-68,184,19,58,207,29,123,47,-80,268,88,-46,34,56,172,44,74,18,-123,-26,-157,-24,140,9,133,47,155,253,12,3,-42,50,-82,-17,218,75,39,-59,157,-38,101,324,-34,3,192,-13,50,97,34,49,-75,176,-72,102,-126,35,16,162,127,28,3,-36,-36,64,139,-46,50,65,-206,-64,-147,216,-59,31,201,5,-39,103,31,210,81,129,89,40,-165,-7,62,14,2,2,35,90,63,118,-48,137,-6,81,-39,1,-2,22,46,-101,-113,53,81,81,139,108,-7,241,100,53,75,-108,73,38,49,18,138,68,221,90,-65,-240,-59,-64,-104,-39,40,-44,110
-39,192,93,76,63,179,47,47,17,1,73,45,-42,75,274,43,136,19,12,39,218,189,20,-24,86,-10,-31,89,-63,95,170,-48,202,94,43,-121,-167,105,-102,146,-44,-71,-7,39,-47,-57,58,52,-162,143,149,150,-43,-53,-72,-39,112,-88,121,-33,118,215,235,-7,0,74,64,103,59,-91,82,113,37,-75,-53,90,203,229,-70,77,-27,104,-1,-41,87,-42,-79,-4,77,130,-84,16,116,-69,160,143,-66,10,41,86,165,126,51,16,173,9,-145,-128,-33,-3,74,9,60,-109,50,107,-96,-9,116,46,124,-106,53,-22,-181,1,98,94,-237,-10,201,4,65,-52,156,1,22,231,73,-98,35,-36,15,55,-60,-146,-12,117,-51,126,86,-48,70,165,71,45
137,-10,129,10,7,19,143,27,222,-36,-10,213,15,-109,57,-49,72,47,235,-47,100,-69,95,20,-77,84,-35,117,-56,-74,21,90,34,78,132,116,95,-86,114,69,41,-85,-63,11,80,34,-93,37,-114,-33,64,112,179,-7,212,24,-92,55,145,77,136,30,-31,194,197,19,32,114,-84,26,-35,159,22,-164,-225,-68,47,53,-42,109,69,-18,-217,103,-20,30,111,168,178,20,128,91,65,13,67,214,75,175,109,57,-49,93,131,69,-97,-130,90,211,10,-14,-63,63,87,-105,-69,170,51,40,-19,-34,37,-56,49,59,6,-23,-157,121,17,60,60,83,26,118,-71,19,-154,-51,88,-164,-12,92,146,89,162,23,27,184,162,7,13,-148,71,83,94,120
34,-102,105,45,-74,186,72,83,-50,211,53,-18,-39,-189,128,19,-44,21,47,2,146,-135,37,165,12,-146,-5,25,0,-34,14,-41,142,42,76,34,-55,-34,-166,179,27,188,62,201,-6,81,88,-21,53,165,160,148,135,-110,-83,-98,-10,-37,24,99,-51,-86,-140,71,114,142,193,116,-11,-22,-15,-9,-56,-45,-22,-13,32,-56,157,159,138,-84,99,42,27,-69,-7,128,37,112,-70,47,180,15,270,162,237,142,-18,62,67,55,90,190,115,177,-22,-76,24,-131,163,-4,-128,114,38,99,9,-24,107,3,87,52,78,-86,260,29,171,79,38,88,88,-54,84,201,253,-111,102,-56,143,-40,132,31,81,36,122,-90,147,127,-16,-69,36,188,61,13,123,-77
172,-55,-34,-44,-161,99,-12,-1,-5,217,-22,0,146,-210,140,81,50,166,187,129,-94,197,50,53,-174,72,166,66,-105,-19,-5,49,91,-39,197,-28,-4,-50,218,98,32,37,162,-78,23,55,169,119,78,22,-25,51,69,-109,116,234,29,69,70,67,-105,80,234,-13,118,67,155,140,-64,4,-82,29,60,123,-19,-124,35,-62,85,57,28,56,14,126,213,-22,111,128,45,89,-34,11,119,268,265,228,78,-142,2,156,248,37,64,-209,87,66,201,1,71,9,163,43,-55,125,152,125,88,137,301,-119,25,86,199,146,143,-135,-27,121,-25,139,209,72,193,12,136,80,-19,-65,79,2,6,18,111,81,219,33,70,138,101,-32,-83,27,215,-31,137,-6
-57,202,175,-243,133,101,135,168,72,81,216,52,-102,-39,18,-9,-52,59,178,-112,88,-8,176,-27,69,69,-90,-66,184,50,203,71,144,289,63,29,70,92,276,27,-82,41,54,-6,7,5,13,55,261,22,-146,-53,-63,69,83,206,-162,217,-24,78,-88,115,309,-14,-24,216,-39,211,57,0,4,-107,90,101,128,31,17,48,235,-16,110,186,-155,-12,-273,176,120,-116,58,16,-42,9,57,77,35,238,-97,79,-82,-90,75,24,-4,6,-53,85,16,69,-55,-144,110,50,21,71,36,-38,117,253,152,-29,79,6,54,44,-22,-14,54,-17,-43,1,37,129,172,5,130,215,98,-46,251,-9,-14,3,36,106,176,-43,243,-7,-254,337,147,-128,25,-38,67,97
-48,113,58,67,-191,183,172,159,414,15,110,34,169,49,309,39,-51,42,148,8,92,118,-98,-2,76,85,107,-62,35,78,-10,10,100,56,13,55,124,86,214,172,-53,37,-11,-38,80,25,-11,101,166,182,302,152,152,-122,87,208,-102,129,-127,211,62,-84,171,-34,14,124,181,142,135,59,186,46,-2,110,105,201,76,-243,26,48,211,-7,-73,63,5,88,80,154,290,41,-15,-63,14,-14,233,306,91,-86,-18,313,67,138,-148,-77,147,44,74,136,128,154,-23,-38,13,60,-148,115,187,127,82,85,-92,-63,-133,-16,332,-60,-75,41,19,26,55,-35,197,106,-69,167,133,27,126,-103,-19,385,67,111,237,224,67,95,196,-36,128,42,215,174,94,134
140,-49,51,-93,31,67,-78,-45,-97,-24,39,11,23,74,81,-32,-24,-18,65,49,54,65,71,78,-55,-23,-118,-126,-5,-94,-28,-134,-2,48,76,15,8,-95,9,149,-38,18,-45,37,-132,-71,-222,-55,-91,-48,181,-56,146,43,-63,39,152,275,-108,146,-55,122,51,21,196,39,-39,120,43,-2,97,-43,65,-58,166,-23,24,-8,-28,29,75,111,48,146,-59,215,-86,-168,149,72,99,-116,18,-1,80,-11,19,40,54,-10,26,-56,48,-13,113,19,-9,62,111,35,143,4,-61,65,12,167,27,62,-50,24,-67,-149,207,142,48,-5,-126,226,-66,-16,142,37,205,166,64,-20,233,-52,256,5,-50,-83,95,50,49,-33,40,188,46,37,-125,-39,204,156,-4,-22
73,-74,-103,80,62,90,-72,43,-33,161,55,114,-44,-12,112,186,17,16,105,112,16,-66,-46,93,6,-13,-38,-12,70,-86,255,14,148,-159,-56,74,119,112,20,-35,59,-137,-4,192,37,31,-18,-97,-123,223,92,81,37,56,-121,-322,195,-14,53,-124,-145,290,-143,-50,-50,102,1,23,11,-23,-55,24,85,-66,44,-44,-47,290,243,144,108,14,-71,-62,57,33,-22,69,1,148,34,1,-113,69,39,122,152,200,135,-166,48,108,286,-8,332,53,66,-101,-69,-79,42,59,65,203,-122,150,-133,-71,46,-151,39,13,27,-37,-1,158,225,161,5,58,256,88,77,-17,122,-23,94,-72,0,204,102,-103,-117,-156,-101,-45,-13,-149,18,24,43,-30,-32,191,1,45
89,-133,-162,18,-122,-69,75,53,74,115,184,24,55,-251,12,212,-51,-183,29,53,-48,-111,-84,-103,-96,-20,25,-18,-41,7,-139,147,169,-69,136,23,13,48,28,-112,205,191,-5,179,86,38,72,227,68,120,41,19,-35,-56,-7,26,43,-28,121,218,-20,64,92,-1,61,60,-31,-94,-63,-95,-28,-115,-74,151,109,286,118,-57,8,-31,-12,40,39,-89,61,-70,-39,95,7,-116,85,170,4,-99,66,-22,35,-27,23,-120,-199,16,122,-65,-184,27,-112,54,-123,3,22,-55,-22,-213,37,35,-43,-133,139,-19,-92,-35,-168,-84,-32,86,115,-34,-151,-21,22,37,84,-85,141,79,-34,-67,-152,-216,-153,-124,56,158,32,-216,-20,97,134,79,14,-73,-81,-46,-165,24
-54,38,47,-25,115,-37,-197,168,29,140,209,186,-149,111,-69,36,-77,133,135,109,83,-115,79,134,73,-34,-65,-188,140,-91,80,-104,75,129,203,188,56,134,49,128,32,162,154,85,-98,104,46,13,-9,57,175,243,49,-9,51,70,157,60,126,-55,-62,-39,67,157,14,145,88,-53,134,178,-58,80,-85,-98,-65,105,29,83,125,-66,16,174,45,92,-40,154,124,97,183,183,63,-15,114,-15,52,49,75,238,132,-70,40,-100,164,22,31,153,166,-127,390,-4,-53,-2,-139,27,173,3,-138,78,46,96,115,83,277,98,219,47,2,-60,55,67,145,-27,-70,64,-56,183,-186,260,238,137,91,32,-34,29,119,209,161,164,-89,160,-60,59,137,162,225,-28
140,120,133,5,-317,265,160,144,52,49,42,144,96,-62,129,120,103,16,176,83,179,189,51,1,-78,302,5,259,29,58,83,159,63,216,-57,-13,91,-174,-90,262,330,-17,70,15,265,89,165,-31,222,41,-34,-29,54,-4,173,133,-16,33,86,-1,-12,-40,143,2,-84,-8,46,256,76,-22,-15,149,104,-46,-84,46,-1,7,249,-26,-117,64,104,93,-91,156,101,1,60,-17,59,-145,145,-6,107,47,61,100,184,88,70,-207,42,225,25,-63,-98,37,30,-61,100,61,61,20,25,-23,14,133,93,166,120,118,-49,-115,158,-215,-57,-52,224,165,225,42,184,-12,147,100,-48,-52,-95,-88,16,75,76,91,151,-136,248,43,110,155,-69,-33,50,18,0,147
-150,82,87,-139,-7,127,-14,150,63,86,41,63,-20,32,20,237,-5,39,282,-57,10,-31,72,56,45,167,131,112,117,231,-77,25,114,88,106,21,-5,126,-33,184,27,133,136,-255,-7,241,130,85,101,348,379,-22,52,-82,74,123,36,-200,48,-79,140,75,123,32,67,8,66,159,-61,102,-35,213,-12,17,20,180,157,210,99,119,12,-95,129,70,251,98,232,64,25,25,100,41,2,-200,130,141,-37,125,19,48,223,-35,24,114,244,94,185,150,17,70,183,64,57,-55,25,11,124,78,90,93,48,127,57,256,309,-76,128,-80,19,-16,222,46,124,48,7,168,165,99,142,-31,88,21,-39,105,109,10,82,52,77,51,-29,-26,-2,119,40,200
-160,54,88,-61,193,168,165,64,172,178,174,41,11,24,32,119,-1,150,162,-16,-48,-67,-19,-2,-2,103,-55,-62,96,101,74,162,78,17,-99,163,104,36,90,187,12,-38,0,-8,194,67,94,119,11,37,-67,45,-92,113,-124,73,-31,179,174,96,68,177,143,-9,37,143,29,8,230,1,94,279,-162,130,129,154,24,5,172,18,131,219,15,172,-53,-88,90,129,68,17,-45,-23,186,-215,-65,155,-45,79,22,168,143,88,-158,21,219,-7,218,115,44,-127,-8,-210,238,-124,54,49,-42,-63,-95,28,86,72,164,54,208,-45,21,90,73,26,73,149,143,46,-151,71,113,144,99,49,137,146,-169,-67,74,173,-99,54,-22,51,47,-80,93,141,130,59
83,6,116,74,-4,2,90,28,103,136,114,126,76,197,-42,39,-49,-12,21,62,186,161,20,-1,-63,117,-74,-14,20,-92,23,-189,17,57,-56,9,2,-8,71,-51,-1,20,-78,-44,-131,72,-109,-96,8,102,48,-2,-42,-146,-68,-103,109,-118,14,-79,132,181,-105,-33,-109,-22,-38,261,170,56,100,56,-6,-26,174,-38,-63,-175,35,129,127,-22,117,-187,-144,-119,90,-53,81,-45,12,105,-8,-66,-11,-200,163,24,246,-78,-79,65,-27,-59,-250,-25,75,-168,-16,75,-18,-29,102,87,-70,-82,202,50,0,189,-32,-12,-96,-72,66,-27,88,-39,153,-8,52,47,57,116,-22,-239,-159,135,147,3,-103,43,-122,80,-73,159,129,-35,41,-52,-109,2,151,31,73,43
-52,-43,-121,-42,16,-154,-37,22,131,18,-218,-78,8,-46,-70,-123,-27,208,17,-119,-124,90,-82,-26,-43,76,112,64,99,39,123,132,-95,-229,18,212,-62,163,6,-165,80,-39,14,-95,-44,-21,-78,-80,11,95,-106,-1,13,143,-81,-78,-27,-15,33,-171,41,-32,-124,-202,-208,67,-167,122,33,222,-67,49,122,-21,141,78,37,-16,2,-2,69,35,-85,154,3,-186,-94,76,-82,70,-31,-52,-4,-34,-88,80,-102,-4,167,49,29,-23,21,-54,35,-43,137,178,35,-109,33,125,32,-43,-152,26,-44,61,-128,131,-13,-20,-40,-15,-117,-10,44,-108,222,43,-84,238,-63,-114,19,114,59,-169,-202,22,63,93,115,-147,-47,-75,-35,23,21,-107,156,85,162,80,6,-147
268,-23,126,42,50,-110,76,149,7,-22,115,-52,151,184,40,28,1,101,136,84,-63,-121,5,-69,178,41,78,-76,143,-25,148,-89,26,-104,-82,-175,-21,115,156,62,-84,45,36,10,-123,-110,184,-142,200,61,110,91,29,-39,-60,58,23,61,-16,-27,49,-159,-126,-79,-118,188,-32,104,-133,6,-148,24,-118,43,-145,89,-61,70,184,138,68,-94,-100,137,28,88,71,92,150,23,48,65,-8,113,41,37,31,-23,45,162,-37,-32,163,-47,-103,25,86,63,143,42,-8,-31,145,178,89,-86,147,291,25,-144,72,148,149,-53,112,94,58,5,108,20,92,97,-119,25,118,15,210,-73,290,24,-17,101,336,225,49,100,-46,-13,14,-69,-63,174,120,77,113,-79
12,236,151,26,24,-61,10,219,108,125,-167,19,-21,108,11,6,-13,75,312,84,-58,20,-20,13,-7,124,187,-119,36,79,88,-93,25,25,-186,80,93,-18,175,104,81,217,-215,225,-61,178,95,-45,-8,94,39,93,-102,202,-65,54,-214,3,-98,-86,130,-43,-5,-144,122,221,-203,133,153,-67,-26,130,130,-123,-170,10,43,41,283,48,117,221,66,53,199,237,-30,-1,-173,94,-68,-88,14,110,-119,39,133,178,119,4,152,-155,30,88,20,75,38,-22,9,20,75,-98,-23,-37,6,-81,-144,-174,30,4,-72,425,-3,61,99,147,62,-43,-63,76,67,224,-75,24,9,149,53,9,111,-13,139,-13,326,-150,-163,210,-129,-125,42,19,192,-33,-36,53,-95,-26
59,259,158,-118,-3,-66,22,169,-14,-93,-99,238,-210,-94,-6,12,33,156,116,-128,-92,-6,115,6,102,85,66,96,-61,101,120,36,5,-19,229,156,-49,-22,-101,78,-65,107,-28,15,36,-12,-71,22,5,-11,125,-46,65,-157,56,216,175,-29,-79,56,-36,-1,-165,-74,-33,128,256,136,200,14,-63,-51,-35,0,-130,91,151,54,50,-67,-79,221,153,-41,-105,-44,54,88,-38,126,-168,64,259,-56,118,-39,59,-195,80,-11,-97,3,-153,87,98,-31,-87,-160,29,-80,81,-27,53,-157,63,77,-13,225,3,101,173,26,-95,-72,56,16,35,81,-39,-10,169,68,-10,-155,153,114,33,51,139,47,52,13,153,40,-69,92,61,42,-105,73,162,78,-4,39,-40,53
-17,-189,-165,21,-59,-4,166,-171,227,148,-47,130,188,34,-88,190,157,-31,182,198,-65,181,55,221,-44,0,198,14,103,35,16,76,57,-23,125,93,67,-62,291,97,-29,133,-17,54,-44,58,237,184,9,154,10,13,43,191,-48,-101,-52,-149,65,193,100,-16,29,44,96,63,-116,270,-62,56,92,108,181,135,0,48,267,-59,-58,115,99,-54,-22,17,44,101,-44,5,-43,81,39,-26,-25,205,59,75,-124,128,255,-6,-43,186,-29,-224,-31,191,113,194,76,-125,124,163,45,-103,34,-83,-151,-146,130,42,37,-179,-12,186,100,201,-61,174,-38,-22,119,131,20,113,146,156,126,-67,-12,-72,45,-39,114,23,-3,-34,-146,-21,37,-41,-31,78,253,-228,214,-192
-120,-163,146,155,-73,164,-85,18,57,262,-24,40,-161,-46,-133,148,15,104,107,96,14,-189,-46,17,-137,99,-210,17,66,-26,-80,-31,75,120,-239,-37,27,176,-54,-23,99,7,-12,-112,72,334,-43,-152,95,110,88,-31,-97,2,-91,-23,-113,304,-64,-111,169,84,38,37,196,-18,-50,26,-32,-18,-56,51,-127,182,66,-80,-73,-219,208,73,52,178,232,91,-24,99,142,89,-112,-73,192,-148,170,74,43,-25,22,20,43,-60,50,42,-9,266,-45,-52,205,42,75,37,55,6,27,10,18,-67,20,-54,-19,64,-17,129,59,119,-29,-27,44,-44,105,-24,-84,18,-30,76,167,-49,152,90,154,141,-18,-10,-19,103,1,27,128,-141,-68,72,11,172,37,17,94,44
-117,-63,126,-120,128,32,-97,-126,131,16,124,26,33,-46,-138,93,76,51,33,46,-165,95,-97,-123,26,-1,10,71,81,-2,143,-60,-27,-57,41,143,-83,35,22,-139,-6,16,-45,-33,-259,-31,123,-118,-89,187,251,37,-179,-51,-40,-15,107,19,188,-24,-41,4,-43,86,113,9,-59,89,45,-84,14,90,66,-2,159,-137,-65,-85,-69,74,56,-11,-54,-259,9,-16,-130,-95,86,-17,-67,91,-25,77,37,48,-1,119,-90,-68,100,163,-75,-48,63,129,-139,-19,55,93,-171,-53,31,-103,-106,20,30,-185,-109,-217,83,35,-12,18,93,54,-74,140,37,171,154,31,8,25,102,18,64,19,201,129,133,-73,3,157,-161,76,-158,133,-15,-43,-17,-30,-56,138,47,-99
-7,102,-66,-68,55,72,-75,104,108,126,71,196,11,117,177,41,79,22,1,-39,133,33,-95,66,-16,69,-97,53,-29,-46,47,-96,72,95,-89,-97,-186,27,132,142,110,207,285,118,-106,175,-70,49,7,-101,-37,-155,-178,111,224,-13,-101,-106,138,-279,69,58,201,118,-4,-8,79,-22,125,78,-118,9,-11,-55,-130,-23,64,79,92,155,228,25,176,-202,124,-35,187,-77,149,93,3,54,-167,-10,-78,-51,209,188,18,34,-179,203,-78,-12,13,164,-27,-50,162,229,14,157,108,-112,11,-56,98,48,64,115,-22,121,-116,-55,-26,-35,123,10,109,-101,194,98,-13,-13,-17,125,-54,144,13,164,-89,-62,142,-156,161,173,-84,-158,47,35,31,-10,199,113,222,8
168,68,86,145,-24,92,27,-82,-68,34,-199,-121,-79,-37,-82,73,5,69,131,125,-130,-25,-46,31,138,15,170,9,242,178,232,3,410,12,149,-41,-42,126,183,157,76,-13,-145,210,191,-67,124,-49,-68,200,239,62,11,-220,66,-136,92,-45,7,-3,-62,-52,-208,89,-47,11,133,69,187,51,153,-25,57,-1,-77,-18,109,128,-13,207,147,-180,62,55,129,55,-26,-94,64,76,-127,-70,-40,39,98,105,-99,57,81,-40,52,-104,129,128,37,55,206,-4,112,25,-65,71,-111,245,-38,-59,-64,37,161,-67,81,-8,19,56,81,-9,64,44,2,-16,134,96,91,-3,120,-26,102,2,-25,201,0,126,-12,-187,-14,193,117,-31,-38,58,-38,177,101,188,-101,-82
-151,23,34,278,-70,143,65,29,142,-9,-55,-26,-74,-162,-110,56,-60,13,121,78,81,-34,-53,-209,-7,73,-140,18,12,51,22,102,187,99,-125,1,86,277,8,27,75,-187,48,-21,-16,107,-34,71,28,137,9,85,210,-109,29,262,-51,132,-118,193,70,-31,144,-17,72,55,3,326,-19,227,267,50,-156,141,241,5,-104,-245,166,69,133,125,-14,280,125,60,109,109,34,-40,-84,-129,184,-65,131,44,47,16,95,131,0,72,62,60,101,-65,75,184,-62,-14,150,22,23,-164,268,269,-68,-15,78,202,93,64,67,-195,260,-29,-12,105,-8,132,104,331,39,-95,-102,-78,82,89,56,30,-129,251,-3,76,122,-130,41,72,93,79,-65,-68,269,79,73,-1
-62,97,8,139,-44,104,-94,80,42,189,36,-61,88,-46,171,206,-48,-74,109,80,107,180,-69,-105,49,4,169,37,167,-1,33,49,94,-15,66,-309,84,-30,12,96,73,39,25,181,-35,-64,137,30,102,122,-11,24,36,52,-201,1,65,-30,12,82,87,128,-58,172,72,-10,-1,61,138,122,-29,318,86,142,29,-58,-206,-76,44,220,-77,18,230,146,-97,29,-5,-12,139,161,-106,105,106,162,57,-210,162,60,137,37,-32,-114,181,7,-96,19,100,74,-34,-38,163,-66,1,14,92,24,-9,151,74,-19,155,-199,142,5,81,29,69,124,74,93,104,126,31,12,57,13,148,96,8,-112,-10,27,-16,-10,148,-74,-85,-26,18,241,-108,162,88,-87,54,-97
17,-132,80,-80,-21,181,60,-44,-37,-144,6,-42,-14,-42,110,181,82,154,112,-94,-12,-65,-123,206,136,112,173,15,-96,-118,-81,-31,149,31,72,-43,56,-10,42,58,-91,62,-12,-19,99,-106,56,124,71,152,194,148,-49,105,52,-43,174,206,45,94,16,100,-4,-4,108,-71,-96,-58,36,-84,174,-152,-90,154,62,53,12,53,-36,-14,111,185,70,111,-7,-235,141,172,-39,-87,-47,-84,-96,-73,81,64,132,122,-54,20,-128,123,141,80,26,-36,4,-21,268,6,-53,-45,163,-4,186,27,159,14,26,-115,50,-50,13,46,46,26,51,67,0,103,105,-15,170,102,-110,-15,-92,112,162,-6,83,26,-26,-136,245,174,-44,123,122,6,47,28,78,88,53,-68
-64,82,-199,-226,69,159,-14,-29,-13,-8,170,-13,50,0,-57,-54,-107,-61,-49,-30,114,-110,65,72,115,97,-141,37,88,-66,88,-4,-48,-77,105,-32,-39,98,46,-134,19,29,226,-84,50,95,-111,238,40,356,133,11,-13,-53,84,213,6,-89,114,-21,-114,72,-35,-42,179,102,186,114,85,98,23,-36,9,100,1,88,25,-38,110,-162,101,42,53,13,-135,58,-3,61,-89,93,33,-75,14,48,389,-40,-88,-206,50,153,-75,55,29,-26,76,76,-109,-105,-231,57,-66,-29,92,-261,191,203,212,94,147,158,43,-88,-5,-162,77,99,-97,-77,-183,-75,115,78,-41,-75,235,232,146,146,-107,142,-18,-2,-54,3,94,188,200,156,58,15,59,-135,119,-175,115,179
141,179,310,22,-10,-22,24,145,43,96,-185,-18,-58,-193,228,-24,46,126,272,6,265,7,122,-58,42,-113,-100,-98,124,-28,0,-55,236,-135,99,1,6,85,43,282,150,-35,-44,169,-18,11,19,-29,-182,138,136,124,125,15,-109,-34,-25,15,25,-37,122,111,-106,-2,8,81,-18,79,-104,8,-144,3,57,123,173,216,234,207,-22,210,186,55,73,206,262,19,-27,3,95,-11,64,117,39,59,-103,249,148,31,84,-13,192,-67,60,-29,186,113,40,92,94,-237,-84,39,-74,142,76,-107,7,-67,-20,24,83,264,269,22,66,-31,272,97,172,54,-70,-17,190,31,-18,-41,47,-87,207,-120,111,122,187,-18,55,-133,193,79,25,-23,46,50,146,149,-18,148
-4,26,-35,-95,-1,-2,152,50,53,17,-86,-7,25,55,250,91,129,87,52,-46,-71,139,100,268,58,69,33,-116,90,49,11,201,91,241,76,75,21,21,34,76,-27,68,-93,3,176,121,53,-36,29,-22,-82,190,-129,108,-42,8,66,-155,224,19,33,93,142,-68,-138,-130,38,-160,106,72,177,-161,145,187,-113,-126,64,141,-5,-150,-5,-90,137,-41,5,24,161,65,145,24,-96,-5,-18,-163,-134,-14,-94,252,205,10,-127,-8,-19,-66,-32,-205,33,132,262,70,104,-182,27,184,-56,16,-80,58,15,39,153,0,10,232,39,-6,12,-51,37,8,125,134,84,56,-58,-18,-122,-35,47,-47,-98,84,48,-275,98,155,-49,89,-2,-64,155,-45,74,66,79,42
