-48,130,-33,-167,3,-3,87,-16,84,43,-124,51,75,65,20,79,-47,91,5,-44,106,5,56,119,-36,80,-56,235,-122,-3,152,125,118,-185,-14,46,121,-37,81,70,69,8,-4,-34,78,21,-15,-139,-55,-73,-56,41,45,-21,37,-9,39,-77,-16,142,75,-98,-72,-153,-65,-71,33,-68,30,61,79,65,122,59,46,45,26,127,-129,-107,105,67,110,136,-124,5,28,30,-42,-53,40,94,248,38,46,-49,10,48,101,58
-33,102,-48,86,98,200,9,122,47,-13,144,-4,117,28,143,0,23,12,-89,-69,11,15,-63,-42,-43,18,78,187,-51,147,-101,-182,26,-66,0,24,73,-54,18,-129,144,36,-31,-10,33,-41,-9,301,16,-65,-37,47,77,103,9,23,21,-103,52,-27,49,-76,-17,-33,-69,-29,-176,-93,67,64,-22,125,-33,113,-12,45,169,110,122,115,-5,-23,-45,14,170,26,37,33,5,-58,91,54,8,132,39,149,70,97,13,171
-87,-54,-13,126,10,-21,26,-144,48,101,-53,112,-120,-51,92,-94,97,-26,46,100,80,106,91,-30,213,207,9,192,32,44,-82,34,197,146,66,44,51,90,-103,-21,95,90,43,94,-58,-127,33,99,49,146,122,217,-34,40,114,-193,133,-17,45,12,-114,-22,153,-32,53,107,-27,-19,-105,83,36,6,177,-134,32,191,19,95,-91,-22,-62,19,-125,103,-32,158,114,-97,-18,-147,12,26,-66,-63,78,12,-79,31,58,89
-78,143,-76,88,17,13,66,13,139,-68,327,-22,-12,72,-52,-46,-4,91,-3,266,161,191,-50,105,-76,-7,-38,157,122,200,-37,-37,170,91,-32,52,91,-112,71,-6,-6,71,50,281,40,8,-53,194,245,120,47,135,138,68,-53,-62,68,-86,-42,-25,129,52,-30,180,-3,89,111,-52,63,-92,-27,156,144,106,83,-228,6,-79,61,185,-204,-73,69,61,230,-41,-47,-5,9,-14,-21,32,-15,175,71,58,115,21,66,170
-7,52,-45,226,-135,3,29,-57,107,163,89,-81,8,65,-41,77,122,34,-24,-17,-38,106,93,-25,20,134,-157,142,83,-33,-61,-41,-8,140,56,-82,9,-78,116,-63,18,-62,87,159,-47,-48,-12,120,161,102,-153,31,-14,116,11,24,17,49,-5,-49,132,84,14,19,-54,68,123,108,-107,58,-103,-19,5,20,-79,146,5,98,142,-10,-93,-133,40,150,61,89,31,204,-85,-127,45,38,107,143,-140,28,31,83,-97,113
11,69,-28,38,4,116,61,41,145,174,99,-53,76,10,-6,-60,-86,159,64,203,-29,9,-5,9,143,83,35,170,166,29,50,106,232,0,-10,10,9,169,146,180,97,30,-17,148,34,-29,-75,-118,-61,-38,76,-10,9,107,159,-111,-38,24,132,176,202,-24,0,13,87,-4,-21,63,-172,30,97,34,-29,92,-76,-4,57,7,66,45,-36,51,23,-46,121,97,-1,58,-29,85,59,-115,-22,16,-1,-53,-56,39,-165,141
169,67,-12,-24,113,96,-99,91,109,-42,46,29,-58,-17,73,23,44,88,2,99,161,86,14,219,106,-15,129,64,-26,-131,-25,51,27,43,148,-170,47,38,4,235,17,26,46,272,37,45,21,117,125,62,16,116,-46,-84,26,-60,94,14,39,127,-14,-5,-31,-29,18,108,-23,86,25,11,-129,98,-97,16,-183,-71,136,-25,143,16,-125,21,-13,59,56,182,209,228,29,155,-45,-175,26,137,166,94,155,58,-142,-14
26,22,83,-16,19,145,-99,178,-47,29,-24,26,36,4,-31,68,10,122,90,23,5,34,57,106,18,46,37,-57,6,34,36,-7,-37,71,10,-58,-60,39,44,-6,80,-72,-175,77,29,133,2,87,51,5,-72,-49,41,35,36,110,3,28,51,129,130,111,67,65,-96,-72,113,43,36,91,-110,-14,-83,-55,-22,82,44,-67,59,61,70,-47,-66,-32,-73,21,11,106,98,63,-160,-45,-44,-40,-8,-181,111,81,-43,-18
-119,-116,15,75,106,233,26,-30,127,81,17,-13,132,15,201,-65,27,-60,29,68,39,41,142,137,-111,102,78,-35,-2,75,-80,38,52,179,160,8,-17,-45,133,93,85,63,19,-16,-44,-152,6,18,77,-26,-5,-1,-14,-111,-13,44,29,5,102,134,106,-38,-74,-62,-134,-127,133,39,-111,-62,189,36,93,40,-64,49,-55,156,-75,-61,-28,-123,92,-30,127,54,-39,-47,73,-104,0,-25,138,8,-47,29,-70,79,40,-50
-25,-54,-149,-34,46,-92,106,15,64,118,142,-21,7,-6,29,-1,107,7,59,72,-61,42,18,24,55,-61,89,89,93,80,17,-38,51,-33,136,74,-4,12,122,144,-80,79,-26,118,-66,46,76,168,-7,-65,-52,-94,51,47,169,-102,127,11,12,150,81,-31,4,103,-58,59,-92,39,67,-49,-24,18,75,-43,65,80,51,-55,-25,81,-40,-29,48,29,24,7,53,-7,-64,44,-156,76,95,-147,44,41,81,92,-35,152
62,8,-58,-16,-38,-7,28,93,-6,76,20,8,6,50,-101,91,68,72,33,-2,-52,-2,-73,22,0,-19,113,-50,-62,91,3,-102,172,187,91,141,-25,-13,-4,-69,-117,56,261,-16,-50,-42,37,-41,42,7,-209,-13,-54,15,12,93,12,183,-82,154,-35,82,-13,-40,96,115,67,-32,-12,-121,-139,54,68,-35,-11,35,150,122,-73,-98,94,0,104,-47,60,69,28,-4,-64,-62,135,82,-18,-128,-139,43,-123,-82,25,44
39,46,120,-130,-22,147,-53,169,57,104,133,-77,-16,49,-80,101,40,43,-102,25,120,37,-27,68,-133,36,56,84,-107,10,92,-27,-31,119,10,89,-40,-2,-77,-57,57,8,-28,48,1,148,-109,-18,52,4,2,117,34,-6,-67,-16,-14,80,81,72,40,175,-34,56,78,-34,92,126,112,71,53,230,6,144,-26,-10,51,85,96,174,-116,7,-23,116,107,63,-61,91,98,5,209,156,1,82,-58,106,71,30,6,25
-110,-78,53,-110,-8,-128,78,89,-60,6,-137,162,-5,27,-9,-53,-85,-32,-83,-56,44,67,-1,-31,67,-15,86,73,29,98,25,-20,190,13,-13,-97,23,157,-43,100,56,31,-215,-69,12,101,-49,23,39,83,102,55,48,-140,141,-33,-48,-49,3,-72,-37,10,153,-102,99,-25,-67,-120,-67,81,-132,-95,-11,-100,-27,-38,42,-129,-27,-61,48,-67,-70,-10,-65,-91,181,-36,136,30,-49,3,-75,-101,8,-16,-19,15,-17,34
85,52,-22,123,6,-33,200,43,-2,-137,-101,62,-82,31,-23,159,143,65,14,-123,61,-45,-54,-56,-76,54,28,-186,-78,58,-30,-129,-4,-56,42,-28,84,-22,-121,-85,37,15,-6,115,15,-177,-59,161,160,-12,-43,45,139,-137,-66,146,-188,-110,-114,-38,-132,-49,-54,-103,99,41,32,-146,-7,97,-17,42,19,3,20,56,-37,164,-70,-18,73,5,-4,-6,-14,115,-12,17,-79,-41,123,-22,52,64,-11,31,71,93,191,52
-101,15,79,21,148,-54,5,56,33,-17,122,-124,7,-3,-87,-17,83,112,31,15,9,-34,98,14,-19,-66,6,60,-48,-10,29,-83,-70,10,92,-129,16,8,-12,39,80,93,62,88,-97,1,67,75,-80,71,44,123,-104,-69,-4,-106,-11,15,149,93,1,-107,78,-73,170,79,-150,92,-9,-9,28,23,-92,13,-82,-79,23,39,-57,3,-48,89,90,-180,91,110,92,109,7,-30,2,98,-63,34,58,53,-108,-115,-29,39
146,133,-2,32,97,3,214,-10,20,35,91,8,47,45,-27,46,-84,-10,-91,8,37,1,-65,-120,1,61,93,-149,-136,142,44,30,0,-103,-10,205,20,2,-110,98,-54,-7,-28,86,41,30,-82,30,224,-124,50,17,93,134,-94,34,15,-56,-64,-82,-60,-87,-130,61,-84,-17,-97,-138,72,-62,-22,119,-56,-32,38,150,-4,89,23,26,42,-64,-53,111,-10,-103,114,26,107,161,125,-17,-26,115,34,-41,86,-22,57,30
125,47,99,-130,4,6,14,74,65,-32,141,15,-159,87,-25,33,131,23,-97,-25,66,67,-16,80,141,-67,76,-4,-25,55,78,-26,19,29,36,-31,82,-13,-14,-107,196,-54,-35,32,80,8,-3,43,111,-103,117,10,134,-32,26,17,28,46,-7,58,33,-190,304,-27,100,-97,33,42,-64,64,-138,-120,35,84,90,55,118,-110,136,74,-151,51,25,3,-103,69,-45,16,-136,125,32,4,-32,-64,-15,59,60,59,3,102
85,121,30,143,-2,119,215,117,44,92,-1,-62,-23,51,88,-58,51,-18,112,23,47,85,-1,34,170,149,172,120,25,11,27,-76,-41,115,116,-119,73,43,90,26,65,93,14,130,89,127,-88,14,-4,50,-37,3,128,8,43,86,84,23,0,-40,-8,-56,-14,-57,-67,-1,0,31,-141,-17,142,-51,41,4,26,21,44,241,-73,-49,91,64,46,3,77,185,51,54,99,178,-4,-24,79,134,114,12,125,143,99,-25
-8,-124,-41,222,-80,42,-75,-113,-46,20,127,-168,-85,-11,-114,29,48,-2,-72,84,31,9,109,-99,1,-76,-88,80,-8,-1,-177,-11,-45,-18,97,-126,23,-126,18,-77,60,-29,162,197,-45,-141,115,47,75,-82,-30,-91,-68,112,46,10,-148,-131,6,-16,62,-60,22,49,86,-74,31,23,-142,-2,15,-106,-76,-47,34,35,-122,72,-105,150,-112,40,40,-27,-86,-40,-88,48,45,-90,-32,-79,10,9,-30,63,110,32,-37,84
66,14,-59,95,58,49,103,96,52,78,130,-66,126,-39,123,-68,69,66,87,63,45,121,107,99,167,91,47,86,232,2,88,99,164,220,174,-42,110,201,-21,171,175,85,1,188,76,107,-81,70,-3,-40,68,120,1,-118,119,-104,196,40,79,80,140,140,34,-77,15,115,43,188,30,170,114,40,-22,-116,-31,257,18,-109,27,78,-32,114,-13,110,117,-29,59,75,-27,70,50,17,37,86,180,165,88,-25,-51,48
21,141,105,-110,189,138,-89,185,201,90,81,68,131,-68,41,12,38,-54,-4,-108,-74,-44,-55,79,-111,55,-16,4,8,101,121,-118,-112,16,56,-71,93,109,55,55,-89,-63,-146,164,-87,-14,-120,58,175,-8,134,-70,56,-54,-1,-101,56,-67,103,47,48,22,46,25,151,-25,35,89,-82,21,-136,159,175,34,-161,-22,-118,41,101,-28,99,2,49,-6,200,-46,37,44,29,86,177,-79,82,153,-22,-94,74,57,-47,105
-2,-60,52,-43,43,126,130,70,-61,179,110,1,60,136,162,-56,-1,77,-15,261,-19,-50,-160,26,26,3,110,59,144,-4,110,215,95,67,146,36,37,215,241,191,247,156,32,118,49,48,-73,-16,19,-39,125,-81,147,47,76,-11,143,149,24,37,66,-64,138,-1,143,42,72,248,-119,-87,78,-26,46,-36,18,-40,162,-42,89,132,-71,100,56,-23,141,16,134,37,36,182,110,80,124,-19,-127,17,62,117,9,108
-55,13,-88,32,91,-62,98,-48,-37,-73,100,0,37,-25,116,-41,66,-84,20,77,32,114,62,-36,124,12,67,79,3,128,132,-67,160,12,-14,-69,127,106,33,-80,77,245,62,-52,-25,34,91,-9,-26,-82,-2,37,4,-23,16,99,59,-70,-31,8,31,-132,167,0,-59,-16,-2,97,1,-84,-81,106,66,85,-26,-19,92,62,101,41,50,19,49,-105,134,31,-29,48,-16,134,12,-13,95,-76,18,-20,-108,-38,33,-56
36,-69,-23,-10,-96,68,140,-43,68,59,-57,35,-45,142,47,21,4,50,195,80,-35,-24,60,25,80,123,6,197,-57,76,3,11,-28,3,179,-19,5,-202,23,162,-1,83,-42,18,34,73,7,-20,31,90,85,-6,33,120,89,-130,56,94,136,5,201,8,-4,59,-52,-56,-113,-40,-20,-79,80,90,-46,47,30,30,4,214,-32,98,113,26,-86,117,24,-113,85,-35,75,168,56,5,-18,186,33,-37,94,23,-15,11
-67,38,-21,56,105,44,-19,99,-148,121,243,-47,90,12,35,-72,106,-14,-112,198,-43,-80,-145,111,70,-21,25,-65,-16,-47,28,162,39,57,27,80,-10,-17,213,-22,145,49,187,204,14,241,-82,57,224,90,-50,151,44,22,-26,-63,208,-118,-5,54,75,-5,44,16,-124,138,61,47,79,83,117,-3,-12,64,91,-31,139,-43,-20,-42,-182,-145,64,83,140,114,137,-37,4,66,87,165,-21,69,93,75,12,77,142,220
46,226,87,-45,47,-101,115,24,-88,96,-30,56,-9,33,39,134,44,10,-47,-59,117,-15,-89,51,-63,-15,-122,72,-62,-70,94,-69,-11,96,-130,82,35,-123,-7,-21,99,-17,1,81,47,0,22,23,69,117,82,29,68,-28,-39,39,16,243,-16,-161,-46,93,-33,51,-117,159,50,-66,-135,-103,74,-100,133,-28,10,21,212,105,111,4,-68,35,59,35,100,43,29,58,109,-55,210,99,-16,227,-97,-6,-18,131,76,5
142,57,10,-34,64,-20,86,-63,163,125,80,13,55,149,47,45,22,19,68,-75,-62,-45,-128,73,121,201,36,131,39,-8,117,24,113,115,166,133,63,80,215,49,135,12,-37,57,-113,27,-5,132,119,-21,50,5,44,-61,255,-142,168,18,-104,175,-170,37,49,-64,-57,100,27,118,52,-85,-42,11,277,38,-17,88,99,-15,-21,-47,60,63,-14,211,36,132,79,60,-10,186,157,-95,95,-80,96,-72,-25,194,-152,143
-60,101,146,126,258,100,96,89,25,40,138,11,129,-14,72,-31,186,-24,89,-28,75,83,173,36,132,82,-54,162,-32,72,57,-38,122,3,176,11,80,-117,214,101,-42,37,14,28,-22,-3,-25,134,102,148,106,171,42,6,-50,-79,97,-16,70,116,68,-30,-42,-27,-114,178,74,67,51,-10,143,105,203,211,29,-55,-49,154,119,111,96,-8,242,44,191,127,65,-10,27,-60,-18,63,82,126,167,118,7,-104,3,39
123,-116,-76,59,-122,-124,-37,-57,-13,68,35,38,1,5,-7,39,-41,16,-57,98,-60,125,-49,-119,-80,-79,-60,-95,43,110,-54,71,171,33,24,141,55,155,145,-34,-104,202,81,-26,69,-66,-63,-85,-54,-214,-77,-20,39,-161,169,69,60,102,58,80,-83,32,29,-54,-15,28,39,21,-189,-31,102,3,15,-76,-50,-100,-121,-77,-75,10,-62,-27,-22,-139,74,-28,-21,-93,-159,64,80,-83,40,-172,46,-101,-9,-52,-7,24
9,107,187,-145,69,136,130,136,71,49,2,134,64,-98,47,-74,130,11,-56,-134,81,17,-39,37,0,135,81,223,70,62,108,18,277,-3,132,158,147,135,67,-15,51,-187,-39,70,9,-52,29,154,111,94,137,13,25,90,-93,-84,71,65,-38,59,-10,-137,161,-31,259,144,-64,-24,4,-43,77,158,132,46,-31,-88,94,89,115,171,2,25,89,13,271,97,120,194,-58,-11,173,-92,-50,144,-26,-77,131,-16,123,182
-127,-96,125,80,-69,34,-5,84,-79,89,-55,-9,-44,-182,-91,-55,244,-57,-1,253,161,39,-80,74,64,12,-158,-179,-15,-30,23,35,201,33,-77,39,29,-26,193,-18,42,-16,197,48,-36,257,5,74,124,251,-47,162,44,72,-101,86,62,33,8,45,9,-111,113,-83,9,192,76,-17,68,-28,86,-101,82,65,204,-25,49,89,-84,-48,79,-77,-51,-140,68,-40,92,-54,155,95,-106,126,-158,-82,-39,-95,-46,-70,225,77
-60,25,3,31,90,-9,8,60,-103,115,83,-46,27,83,62,-38,125,14,69,92,-185,-29,-20,78,20,-55,107,18,-22,-17,81,12,61,34,64,81,33,29,41,40,101,-66,84,102,-112,144,72,54,103,-65,-155,138,-78,49,-3,13,158,12,117,-48,69,37,-82,-31,-58,267,-67,-84,106,-37,30,-92,68,9,120,175,165,103,18,-22,-131,-125,24,52,91,18,-13,130,150,-123,53,237,25,-5,14,154,-49,-75,56,-1
65,9,-36,-241,23,2,-20,37,-21,-13,130,-29,-42,9,10,40,-16,-129,-75,-16,-16,143,-12,-38,84,113,1,29,0,83,28,-10,146,22,121,-22,-52,-28,135,27,176,16,101,-140,-11,65,-10,70,73,43,41,79,39,3,-36,-2,-126,-87,91,42,78,2,184,-44,106,-95,-178,-34,84,76,-53,-53,-54,-44,-68,55,86,94,-20,35,-42,-75,-97,2,68,54,58,118,-9,181,-15,-8,76,-71,146,67,-3,151,-119,86
-83,210,46,-80,123,174,-25,-9,-15,119,177,76,66,-105,118,-21,95,-31,28,5,124,-34,103,63,270,6,131,100,-7,-5,22,-117,22,63,-90,83,-11,3,18,-9,223,-37,35,51,-9,-57,51,60,114,176,99,125,-63,162,5,-62,91,31,63,74,116,-66,80,-147,26,158,-68,40,65,-213,-16,118,12,113,17,-63,213,101,91,57,8,102,130,-73,134,177,-53,87,233,43,4,-26,16,93,-28,17,-83,-69,2,-51
-97,109,16,-8,84,-24,28,-46,49,14,243,-23,-17,111,133,88,124,-47,-103,26,-9,91,-30,1,-68,-106,110,-122,118,68,117,0,107,-54,-56,79,228,129,39,52,31,-4,46,82,23,66,-21,172,-40,99,12,76,-79,91,-114,-54,-26,-98,-11,-71,-24,-23,28,104,33,-100,-118,-12,71,-77,9,98,122,-50,-61,-114,57,-17,23,68,-179,114,52,-7,-45,22,10,128,40,51,130,38,-35,-60,125,34,-20,-7,39,-65
17,-27,121,-156,5,31,148,205,38,112,143,119,-97,-106,-85,55,26,60,-93,-4,51,127,-74,-88,-8,101,126,-45,-32,-2,178,33,101,-22,10,13,21,-6,95,14,97,21,-14,22,92,87,-49,138,52,55,-41,58,59,-1,-5,-30,43,44,-71,29,-68,39,52,-12,122,27,-16,-27,-16,-2,-88,159,300,110,77,-220,19,98,124,83,13,91,-40,-43,149,66,131,109,108,41,174,97,-76,-12,48,33,-17,215,225,107
-68,98,-8,75,53,0,-135,51,93,76,130,-12,12,-40,13,-18,-39,-21,57,-60,109,-9,115,-32,-50,-20,-60,50,119,-24,-113,-49,-44,74,57,-135,-23,-49,42,60,138,-4,-46,36,15,159,-9,88,-60,166,-58,25,-24,-18,-26,-165,-38,110,37,93,113,31,-90,-63,-6,-73,-3,31,4,35,51,-6,-69,-11,5,107,-66,-26,-38,-77,-112,160,-29,142,-145,-33,-17,154,49,93,-15,75,-80,110,61,69,-40,-23,-109,-1
41,-30,-19,-33,59,-244,43,48,-78,-91,-68,47,-92,-30,153,77,60,-80,-78,-170,68,-113,171,69,-67,-98,14,-63,29,145,-14,-112,-45,55,-28,-71,4,-32,-50,-69,-9,-94,-184,-23,-102,-96,7,115,17,-122,-7,0,-44,-162,141,91,-71,-27,-56,-42,24,-150,14,-17,-13,69,-60,-45,-57,24,-89,-37,-12,-47,-79,-111,74,-169,93,35,-117,-66,-125,-115,32,8,35,75,-8,-15,-3,-225,-28,39,28,-88,102,84,54,-112
-21,-106,129,-135,12,95,52,-7,45,155,75,-209,24,-61,58,10,34,45,-90,14,-98,60,4,181,87,-99,40,83,33,-26,-114,49,171,16,-14,90,26,73,92,-21,41,-39,-48,-15,-4,-60,-170,-102,13,-156,79,-69,-76,28,92,-18,47,-41,-10,69,100,-66,-104,54,-17,-41,-46,-128,60,197,24,-89,96,39,85,-14,63,81,-29,-100,29,-78,-176,8,20,-18,-87,-27,-140,-126,-6,-78,124,-162,76,-73,44,134,55,132
93,-99,59,-49,-68,81,27,8,-211,-80,-69,57,-134,-6,88,-73,7,-42,-61,56,59,56,-33,5,-99,38,-79,-66,185,33,44,-169,25,8,43,-28,-17,192,139,-85,99,-103,-98,-59,-30,-108,165,144,9,-98,-51,-29,139,-118,86,16,-47,-32,11,-74,95,18,40,-7,-15,32,15,31,-76,-112,161,65,-26,19,-131,-181,133,19,51,119,24,-95,190,-40,174,100,-7,3,2,68,-91,-103,48,154,-16,97,151,90,161,107
-7,157,48,-106,125,150,-24,157,186,137,177,100,106,3,25,8,-10,133,56,49,65,-25,165,-7,-93,123,126,119,146,130,39,77,39,114,35,17,82,7,67,-2,118,167,-13,97,33,-56,52,70,10,32,15,-37,15,86,-99,-15,-69,127,17,55,179,159,-3,79,74,-43,165,101,81,172,-80,104,63,162,-31,243,54,159,102,-76,-27,100,21,31,72,36,-139,14,71,-115,26,211,72,14,-64,223,-110,44,27,-28
70,64,-39,7,106,211,26,130,116,95,42,-14,101,4,179,-52,-67,-125,147,20,-12,37,-159,-48,44,102,-25,187,115,190,-65,-155,-27,166,255,-8,130,123,46,98,123,150,-125,-149,118,124,-133,107,-70,54,37,-13,141,1,36,-3,-76,117,-59,15,57,75,-54,-39,50,-54,7,181,-57,78,64,50,71,-101,-34,106,173,170,49,0,77,19,-2,71,-7,52,-62,95,-9,71,61,15,118,166,-128,32,182,244,-2,85
163,27,-165,79,86,-64,94,-50,-158,16,14,-15,131,-100,-55,-18,246,-30,121,148,-64,-21,102,-171,161,30,82,82,65,57,51,-29,8,-78,66,175,24,85,-31,48,-98,2,13,43,9,-43,124,54,45,11,73,-94,-2,127,-184,-91,-24,-29,46,25,104,86,73,36,110,59,169,74,214,68,32,49,-141,83,-4,286,-18,92,157,178,-16,80,119,-45,85,90,-14,-12,68,-93,-31,123,-26,9,-129,222,85,-266,-152,55
50,38,-37,-77,-10,10,46,-31,-30,38,124,-38,122,69,87,39,-101,-76,44,100,-26,37,0,-158,43,71,145,108,-45,57,-58,-18,48,150,41,183,91,-119,77,-141,139,41,-13,-250,-152,-106,141,34,-81,-19,-37,69,69,-80,-38,35,-11,-48,89,24,5,25,-112,56,-174,-99,-85,-15,82,38,16,-35,-22,-2,-74,121,33,-55,72,-90,135,-45,88,-2,89,103,-23,-177,-104,-7,-18,128,56,-78,15,22,-47,79,34,-55
-14,-131,-10,37,-6,56,-171,28,-38,40,-79,51,50,-11,-4,-129,82,47,204,307,-157,11,-22,-56,9,94,106,2,225,4,64,131,44,-40,71,90,70,57,137,-118,30,-125,-158,-8,-91,67,142,230,30,21,-57,-72,79,-33,1,-70,100,-47,90,33,-15,94,90,-44,39,3,-66,134,110,56,13,-112,-32,0,-81,64,23,66,74,1,-23,-118,124,13,59,21,29,-17,39,103,-189,137,-61,10,-93,65,-64,-69,124,84
68,-46,-218,107,52,39,9,95,-141,25,-69,-32,144,76,91,-94,190,-261,101,-28,0,-15,-56,-43,188,16,59,114,30,-37,-38,-67,171,58,120,-47,-196,124,98,30,145,-94,-45,-24,2,69,-4,82,-54,-95,147,137,-10,-37,83,-46,111,-18,169,76,25,-56,33,-307,-11,-19,-156,18,-89,-106,115,1,-72,-39,95,-49,252,153,146,193,-24,-52,31,-43,121,97,226,100,135,94,-45,-11,-24,97,26,61,18,-32,-119,-11
111,62,151,31,-114,-62,131,69,104,0,85,-71,0,117,43,127,18,-42,-58,-76,17,-68,-14,109,-95,-83,65,-10,-146,-30,79,-26,-145,1,97,-67,71,-185,-38,159,34,-10,67,109,5,138,24,-117,103,-52,37,-125,14,102,-205,-94,-105,93,20,-168,67,-25,-24,255,54,4,-184,-5,29,-76,2,26,-86,0,38,-28,47,-109,-60,5,23,-108,3,228,20,4,87,134,-93,25,112,6,-51,101,-47,42,178,102,149,0
40,137,74,47,201,78,92,128,20,-87,168,-14,-49,91,-64,10,-39,96,63,198,97,181,94,-6,2,-41,105,91,28,8,102,16,132,32,160,-48,173,65,-84,96,65,38,72,172,161,-92,-93,-4,120,-12,64,162,72,-98,0,-28,15,43,69,68,49,-23,66,23,-6,208,-75,58,8,6,8,92,119,-80,-37,-5,82,-98,122,84,94,-81,187,91,182,88,42,82,-178,23,27,-34,127,225,226,-27,98,80,32,90
-24,-59,87,98,147,168,122,160,109,152,7,-26,-21,64,105,73,-16,78,11,92,12,22,119,-23,108,28,-130,75,-50,-3,84,100,84,17,86,-91,46,98,83,101,-68,-115,-12,72,181,21,-116,-45,129,44,-9,84,-42,64,77,-26,45,92,81,141,59,-30,-48,15,-19,-1,14,128,-221,-23,46,37,-3,-19,51,6,109,85,-10,48,33,65,31,119,-21,48,100,119,17,-121,106,37,16,213,-93,-33,163,94,-63,78
11,50,-45,-34,65,15,-18,65,34,128,-20,63,111,105,32,-22,41,37,-145,32,-9,-2,41,-135,-100,-10,-51,141,134,113,77,-22,131,-109,74,-13,-6,55,36,144,58,101,15,116,19,141,-114,108,7,24,-125,-15,162,116,41,-65,-42,39,-109,90,148,40,-65,124,-32,-40,-70,-27,85,91,59,317,6,96,133,-5,-32,100,-71,199,59,195,-17,77,-42,-19,69,81,275,118,-29,74,91,115,148,71,179,-29,93,23
-72,83,-27,-35,-21,-25,76,92,50,145,189,92,120,99,-131,-46,157,125,93,164,82,17,149,118,37,-15,-64,-53,-65,171,168,76,-10,-90,83,73,96,-75,96,2,210,35,172,128,222,158,-147,105,290,123,98,172,30,106,-85,-52,40,-31,-35,40,83,-43,27,18,-33,43,-50,-13,70,-52,-5,68,50,73,96,-39,60,99,-38,-152,-58,-82,-19,-17,23,148,47,-53,-85,155,121,42,-47,34,188,-9,27,41,257,68
-34,-77,30,29,-80,64,-4,-21,114,19,-35,-44,-4,-209,75,-5,133,82,35,-24,71,101,-56,192,106,-65,19,96,43,-16,4,6,8,-2,15,-71,161,20,-108,62,45,-122,8,44,-23,6,-2,140,30,172,-2,105,-100,-30,-66,-4,-64,-52,81,55,62,16,81,-142,131,68,41,17,128,102,-51,-108,18,-21,39,173,13,-103,26,29,13,99,-6,-52,-83,83,-76,54,-63,-61,-120,54,23,-92,36,53,147,-24,-11,33
-105,-34,58,-79,50,73,43,-9,-95,51,45,13,-42,-168,-113,-3,272,-49,-59,-24,-5,-31,-38,-40,97,73,15,-127,-33,-36,58,-58,131,3,-112,75,60,50,115,7,37,-124,50,106,-92,8,30,132,54,44,-30,178,36,91,20,-32,28,-135,-74,-86,-70,-90,110,-81,-68,121,92,37,25,59,24,185,119,79,2,-18,-32,66,-63,49,66,-41,80,-100,123,110,-56,-2,-21,-22,56,-33,50,-157,-34,-54,-45,144,167,127
61,120,-20,203,-8,244,-5,11,51,65,182,5,98,-66,-9,38,119,31,15,102,1,54,83,-25,165,15,100,211,5,125,-41,29,170,-125,107,14,-12,-25,213,17,45,42,180,288,70,-64,76,57,177,46,58,4,157,176,-40,-110,40,77,88,135,191,-13,128,-1,73,105,-35,-35,75,-49,-23,229,-54,65,-17,67,145,59,113,110,71,32,119,113,99,-49,80,58,3,45,-56,24,11,80,16,-141,171,89,-105,179
44,-18,-45,-39,-149,40,-4,-1,-80,113,-26,116,7,7,27,160,-83,160,-94,-3,17,-136,50,23,-82,178,56,-78,91,56,165,163,-49,-46,-90,154,51,143,-33,-56,-56,-21,15,-83,-13,-62,9,1,-114,42,-55,14,92,2,-20,-8,41,-18,-2,0,-44,94,261,119,68,-62,113,44,-9,43,18,52,-32,3,-87,103,-213,54,-149,-23,-103,119,-153,76,-156,53,-44,-80,151,40,190,5,-30,-46,-31,-117,2,-18,43,184
90,72,127,122,46,122,95,59,-110,40,-88,89,53,-60,22,59,17,17,108,54,152,128,106,-110,184,160,121,83,-64,8,123,35,55,110,100,-122,-19,80,3,67,39,-79,-29,59,-62,57,-60,6,73,119,9,142,151,-83,100,43,-54,235,100,70,-37,-23,122,-171,-24,59,161,22,9,57,76,-23,-41,52,30,243,-4,-49,95,-43,150,163,74,96,-141,89,132,120,143,45,-104,32,-30,210,22,89,-18,78,-29,21
-10,61,-28,56,-28,-100,155,19,-10,58,-39,-24,107,-81,116,23,46,-112,-197,-105,102,38,98,-18,60,57,-192,43,-65,90,26,37,-76,-68,-135,-44,-49,43,-10,66,-25,-36,-11,-21,153,-11,47,-13,42,-15,18,78,-50,-93,34,84,-50,-144,-51,-113,67,-49,-23,-74,-61,-30,-81,-31,-19,33,43,15,-151,38,-107,97,-121,53,3,72,5,34,82,-23,-77,-33,-7,19,156,109,-48,-76,9,25,35,-4,59,-76,56,-300
35,-52,-2,-48,90,-85,-194,128,-162,-52,7,-23,8,83,70,-23,-73,-62,24,142,-62,118,55,71,-71,-64,-46,-127,113,-112,-3,-88,185,-48,87,-71,-45,80,-13,10,7,31,190,-94,24,126,110,-96,140,-171,-69,77,-27,-81,-103,76,-54,46,-40,-13,127,46,-199,-4,-124,39,-97,-6,-31,23,25,-93,-53,-101,38,43,68,68,-36,-101,69,-69,-79,-61,-11,-78,42,67,52,195,26,23,58,-82,64,96,-74,-27,-16,-193
19,182,-14,-35,90,2,-38,100,31,-8,133,-56,56,36,21,34,126,106,106,75,-65,-34,-54,125,13,-29,48,121,99,11,212,-9,50,10,25,63,101,83,-27,27,113,-69,38,295,-69,181,-235,-37,176,64,4,71,117,28,-17,-124,73,69,-50,-35,104,-76,-79,5,-39,199,115,114,180,87,19,187,224,54,187,-24,110,-73,85,9,23,-101,23,315,111,87,-195,126,-114,151,111,50,139,199,66,79,181,202,80,207
-7,111,14,-8,36,89,-3,45,-59,75,49,116,17,-30,-143,16,150,77,20,-91,-21,-8,-45,-7,18,131,33,-58,-2,-55,80,-181,7,-90,-63,19,106,-52,199,-55,55,-156,89,176,-144,-43,-36,238,258,97,-34,158,77,202,16,7,87,-116,108,38,-33,-141,187,-17,4,91,93,-40,88,14,-30,107,147,149,-33,-29,2,224,173,-18,89,-27,2,27,65,70,70,158,27,55,-6,-59,83,36,80,-76,-4,206,92,155
128,-17,84,141,-59,93,66,-41,176,54,70,-132,133,39,-123,24,-56,94,117,65,-71,-4,48,-12,84,-209,-75,-61,-69,-18,-42,81,-19,64,-35,19,49,-135,154,68,24,-138,197,150,-24,23,-90,-105,87,15,-21,46,-131,54,-36,-21,11,-46,181,25,80,-45,-56,199,-74,-73,48,-102,32,-100,35,-17,130,173,-98,-99,-72,-104,73,62,-23,-19,100,87,0,-10,-134,84,-86,-14,-98,-23,112,101,97,-112,41,-136,-42,-91
58,-13,-54,10,76,-59,118,-20,-62,-38,60,-100,-73,37,30,-57,54,-119,107,128,58,-59,-121,-4,136,-43,-18,49,-63,-91,-61,-28,-32,107,140,8,57,-13,65,20,72,25,97,-7,-34,-56,54,40,-20,-5,122,-14,-42,-4,-26,79,1,113,181,37,-63,-82,74,-27,64,91,-41,73,-29,-93,158,-104,-110,-36,90,45,277,-55,-3,41,96,63,154,-39,-71,62,131,86,-116,22,-68,-84,-11,69,6,28,73,66,-54,64
61,-58,109,75,67,11,111,88,61,124,39,-97,-6,95,-25,-22,170,-67,-32,35,105,245,-105,44,93,62,-4,90,47,13,53,-44,127,209,133,103,66,38,118,79,-74,33,146,111,-75,7,-45,-7,-82,41,-52,93,-48,-37,132,-13,130,148,-37,63,-58,69,-114,-1,188,168,67,17,63,49,13,37,131,1,97,33,126,55,-8,-71,96,5,226,197,45,65,137,-39,-129,-84,16,79,31,-24,54,110,10,-21,-20,159
-23,147,28,66,35,118,19,116,-99,-43,139,-97,49,-121,2,214,-68,140,6,84,98,-72,17,-4,-118,-22,60,-87,-124,70,65,174,-18,-57,-90,-58,11,-140,-115,-12,135,43,119,230,15,100,-70,36,149,101,-91,57,35,74,-182,85,-112,-51,46,-117,98,-74,-6,103,-54,0,-13,-71,119,37,6,50,-1,-77,-5,66,-81,18,-16,51,-79,-70,-41,102,26,-27,-34,154,58,62,106,133,90,180,58,-18,24,41,147,-7
95,117,-55,-97,-50,-102,63,160,160,71,72,109,90,66,-158,122,123,71,45,23,220,-47,-117,-41,0,26,14,-105,-70,57,78,116,77,282,61,77,13,-48,130,126,131,155,84,85,75,81,-97,8,6,134,23,11,11,-44,121,6,-6,55,57,136,-90,32,163,-73,151,-3,-46,30,58,20,-171,-54,167,88,-26,-102,-26,-44,77,29,-7,31,-46,-10,83,104,132,76,-37,145,-3,27,13,-186,143,-138,28,206,-26,-25
237,-30,-16,72,69,147,-19,26,3,12,-62,-47,-138,17,37,56,-3,-118,126,-45,-2,28,-99,76,20,70,125,-94,-26,-125,-70,18,27,78,222,-109,-75,-51,40,80,24,116,22,18,-136,80,-30,-2,38,21,-19,-25,87,70,57,53,-58,316,12,45,36,49,34,75,41,63,-28,-61,-33,27,-35,-154,11,-43,87,58,45,30,8,-19,26,-136,-43,34,105,24,127,2,-172,67,39,88,39,11,41,-67,102,238,-44,71
-52,71,125,-120,48,144,50,131,51,-83,-59,32,10,53,34,223,-39,24,-12,-122,-7,69,114,-53,-33,-94,78,-65,113,16,87,30,-70,48,-38,-206,139,-7,48,153,251,5,-77,-6,-18,5,-100,-11,-63,72,20,-44,0,-96,27,85,-305,2,26,-48,116,-37,-64,-34,88,-149,-5,40,-121,-34,17,118,98,43,-199,-109,15,-140,207,-53,45,30,46,-16,73,36,-111,141,20,-67,41,-152,186,190,99,157,78,100,59,-101
-29,-108,-65,-82,-79,-80,-77,-150,-3,139,-29,44,79,73,-33,-63,87,44,51,145,50,-24,10,58,-27,59,-103,-5,98,-19,140,55,26,123,-42,63,98,110,82,-96,85,-106,47,-13,-33,19,-48,-37,-32,59,-70,41,94,-37,151,-98,127,-162,-38,-55,1,0,69,-64,-7,21,35,72,124,164,-17,-21,-2,6,92,-154,52,13,0,-170,-39,-29,-7,-4,30,83,3,-12,-31,101,1,2,-65,-7,74,-15,32,-48,48,179
-198,74,22,113,129,-25,31,98,121,-9,55,79,76,105,120,-12,-35,-2,114,172,126,42,123,-2,-91,127,10,-23,41,175,74,-82,-41,16,3,107,11,25,-3,91,21,-27,77,5,199,137,12,-90,-133,83,-24,46,-18,92,-215,-112,2,30,76,-31,204,207,33,73,49,-49,71,105,102,49,26,214,78,-146,26,125,123,6,-37,-45,80,-26,23,107,-42,-14,-29,-164,99,-22,12,138,29,-59,21,114,17,-92,84,-82
5,33,-4,36,4,-32,12,85,81,-30,28,56,-105,-17,4,-264,171,78,14,43,84,153,41,101,120,10,7,-28,-49,72,69,56,180,36,17,-32,140,118,20,32,-29,74,40,132,52,230,-210,18,78,-81,159,257,-96,110,78,-12,64,-40,133,104,-20,-42,84,-178,-22,-20,131,57,-27,91,-19,-27,174,70,186,136,3,-18,-11,1,-142,57,-63,-17,-25,41,-130,7,-57,63,-105,106,76,-76,215,-2,-15,21,-50,28
-32,113,97,-15,90,91,36,140,212,145,100,16,178,24,5,-17,-1,-27,-19,-3,-88,41,102,0,-28,151,-15,176,-12,63,95,32,29,94,231,-7,56,-22,186,99,-13,-2,140,174,-78,59,-51,198,236,132,-21,-94,106,24,-49,-65,8,-40,-5,-6,-2,116,-8,83,82,42,94,-74,113,-77,29,90,80,176,-123,100,-44,113,-76,-95,70,15,134,59,29,22,45,170,100,82,-6,87,119,81,36,27,38,177,2,-16
117,91,34,-49,127,-62,9,75,-33,4,71,-104,-75,75,-102,-67,32,-37,-58,44,26,76,41,-73,79,157,192,164,3,-50,31,-100,21,44,197,41,103,57,-7,92,36,-11,-81,174,-79,35,-119,140,-4,92,109,140,45,-23,113,-63,65,-14,81,136,-46,-27,40,57,-48,-72,70,3,-23,91,47,2,16,-6,-43,34,-5,7,-29,111,9,106,15,-78,38,178,161,-75,54,47,-45,-57,-51,-9,171,-32,-6,32,-123,-9
90,-106,90,15,5,-28,102,-50,125,129,11,-43,10,-13,95,-45,-4,-55,-16,-7,48,3,-13,66,-9,-64,-220,10,135,13,-53,27,14,70,37,25,73,35,-19,107,19,109,30,-42,-41,-114,-96,67,36,26,127,-16,-75,118,-4,1,-7,102,37,-111,22,-88,53,57,98,-11,-17,21,-87,-52,75,-96,38,-77,163,-120,-20,162,-36,-48,-147,8,-17,46,21,34,80,7,63,26,169,-39,10,99,-19,4,-14,-41,29,93
100,129,191,-26,133,99,126,160,35,107,34,35,103,-77,-50,206,218,132,-80,55,197,33,40,345,51,-8,104,-52,-194,15,187,6,-153,47,92,97,9,53,-41,180,8,34,124,253,70,41,62,-138,224,-70,220,1,89,59,-151,55,63,-149,27,-45,57,40,92,91,219,148,120,67,62,98,-162,12,207,116,-39,10,61,63,212,12,14,-86,34,-72,137,49,59,5,174,35,145,43,57,-85,75,138,182,-37,104,6
-86,121,-110,-73,126,58,-17,-69,-27,-109,2,-1,-112,22,101,-44,10,31,8,-41,37,53,112,59,-23,39,51,149,61,-23,-42,-99,-12,-39,-92,-54,143,-79,42,63,8,-83,-53,79,-14,36,4,96,-43,190,50,126,-19,84,-2,5,-97,114,50,68,41,33,-23,-92,-36,-3,96,27,104,-9,-76,-91,139,-59,55,66,51,63,45,42,46,104,-32,102,76,-26,-4,82,156,38,-41,-14,34,138,110,26,40,-15,-36,113
135,37,3,-60,91,51,35,40,102,68,47,-57,44,-34,-56,236,-33,48,-157,96,259,-41,212,2,-90,52,184,153,-50,-47,43,229,24,58,75,146,122,1,9,122,-52,55,39,75,119,-97,38,-87,110,28,169,-12,-115,41,-55,126,-125,-13,187,126,75,236,34,121,52,-8,143,42,144,-41,-37,45,115,135,-27,31,19,-47,170,169,134,49,66,89,-71,-76,82,2,230,158,12,-4,-29,-22,55,9,17,-56,-14,-43
-5,-26,-83,107,64,-50,19,-109,18,79,9,-33,208,-87,-54,102,107,19,-77,-14,46,-105,128,-144,-55,60,66,-27,-104,-4,-4,122,102,108,48,39,115,-39,29,-66,87,86,27,100,-92,5,-230,95,144,138,-109,90,124,-3,22,-43,-28,-122,-95,117,-108,11,-68,22,38,73,215,-67,170,252,-15,182,96,152,2,66,-104,32,112,-54,-76,79,-23,-9,9,26,-11,88,54,-52,5,77,45,-15,31,-35,144,52,87,0
48,-33,22,19,-20,29,97,31,61,101,1,76,34,62,-86,-70,-23,128,-72,-18,59,-109,44,68,-30,28,-7,-4,48,-26,27,29,92,31,67,-11,-105,42,145,-72,107,5,-13,197,-36,31,141,-57,25,2,-20,-78,-3,-44,79,48,128,17,110,243,9,35,35,107,-23,-17,126,3,-143,-107,-44,-109,120,123,-8,53,17,-12,44,78,-132,156,-48,-17,30,-36,60,57,146,115,-110,50,-96,-135,-25,-54,7,5,-60,56
-40,73,-8,111,73,20,-81,191,-87,129,130,-52,23,47,-13,-30,68,-69,-40,44,-155,-86,31,-117,68,24,-2,140,-77,47,31,42,-74,120,66,-18,91,-69,156,-84,27,61,91,112,-75,221,-30,140,159,151,-150,-6,-84,194,-42,168,109,-48,42,-39,14,2,-39,85,-82,136,-13,152,46,53,3,96,-72,20,43,11,103,36,-43,23,8,-54,98,93,-23,153,43,150,46,2,14,107,-67,79,-5,7,88,240,49,79
125,111,-18,96,146,82,190,146,126,-57,76,71,73,0,-63,33,135,69,172,-16,57,-42,-19,90,2,96,-10,-59,-23,109,-36,73,41,-43,100,83,71,-88,-76,44,22,-3,36,76,68,28,-112,161,25,22,-35,83,-58,158,-207,74,-55,55,-181,96,41,2,-137,-54,94,3,29,-32,70,-68,8,215,61,26,67,-65,29,48,-21,-51,64,-40,56,35,84,53,-73,9,-96,-48,188,-10,136,114,92,-138,187,11,86,1
89,-125,-11,55,169,-61,90,13,-24,-130,-147,58,134,-8,-12,-49,61,-40,-10,-47,117,-17,65,-136,-56,117,12,-95,16,50,-35,-26,122,-52,39,44,-99,121,-75,-50,118,-122,-75,-97,43,-105,34,-4,-100,-83,-116,48,-5,-113,-17,-3,57,-110,-63,97,-52,-35,-14,-116,118,-18,-128,-97,128,168,45,73,-118,-32,72,33,0,32,-1,111,107,27,-74,-48,15,-114,51,28,169,-84,-34,-56,1,-65,51,-23,140,-174,10,-133
13,-47,103,-157,58,50,62,82,41,112,86,5,9,158,100,-60,58,-83,-111,-84,57,-30,105,180,-18,-2,172,159,116,72,84,10,-3,261,298,30,36,4,213,189,245,-65,73,30,-99,-41,-42,-25,54,-26,78,6,123,-51,62,21,-28,66,107,110,98,-42,225,-37,175,48,-2,137,72,-65,166,-131,121,78,-16,-14,178,28,152,155,-46,-71,19,167,28,74,17,204,100,71,-136,3,68,11,143,98,170,154,-7,-5
-109,-97,-21,131,-108,-11,143,-64,137,48,126,-170,31,9,23,-150,71,-54,79,158,10,32,105,-28,131,-112,21,183,-74,11,-180,168,47,-25,16,107,55,41,74,117,-91,5,39,176,49,40,-33,-73,-134,111,-6,145,-157,-46,53,-95,-13,-55,191,68,50,-165,79,-130,33,17,51,-75,75,178,210,-117,-106,-149,82,171,62,8,35,-5,-10,63,55,-8,-75,-3,143,-48,-22,-129,-144,26,-42,37,129,49,54,-207,7,-60
121,-25,-109,-11,101,-99,-59,-85,-3,-16,41,53,82,-10,88,37,63,45,145,70,81,51,162,23,13,69,148,119,-79,159,99,146,25,29,50,145,164,-56,135,63,24,85,-75,5,-86,132,113,-40,28,-111,143,60,52,145,-70,-62,141,103,100,3,-37,110,62,6,-90,-104,36,72,76,-8,37,-59,114,-77,124,21,11,-24,-9,13,-56,47,35,-82,-68,82,110,41,-6,6,5,101,101,-64,93,11,52,-46,39,74
46,-68,39,109,-186,45,85,-78,64,204,65,39,117,151,214,-132,179,-1,-63,18,-83,131,-119,182,134,-43,-53,141,69,48,23,78,-28,-53,112,18,-31,-52,122,-75,174,-31,10,134,-71,89,-22,99,19,23,131,163,28,-38,5,-65,55,69,-3,-61,50,-26,25,-22,-54,5,-19,-93,-51,11,155,9,-34,59,116,-3,218,-81,-26,15,-118,-73,86,38,-98,18,-47,-44,-133,9,-51,41,-3,77,46,59,41,29,125,5
139,-29,33,-71,225,72,30,40,-68,1,-71,151,-27,-11,-72,21,26,-16,26,134,114,-44,-49,-65,63,65,159,-120,57,-25,-80,103,190,88,-21,41,-30,105,4,69,72,13,-121,71,8,-152,52,121,58,-3,143,146,-5,-22,91,-47,72,26,166,123,-86,95,177,-32,100,10,-77,-53,-6,100,-3,-23,23,-14,27,92,169,39,158,139,31,123,-22,-53,106,14,198,-86,194,-26,-25,17,-127,-91,57,-64,10,10,-41,14
30,-71,149,105,38,39,17,-98,-13,7,-6,-63,-6,-95,207,-9,167,-98,-126,50,-9,104,99,19,162,68,99,197,25,58,67,105,199,37,51,206,132,185,129,7,-31,-112,91,-55,-11,-93,57,1,61,-68,72,5,-105,-18,7,-58,101,-49,67,30,30,27,107,-8,32,100,-69,83,86,82,168,93,9,9,-61,151,83,-54,0,103,28,50,-26,65,108,110,60,-80,56,-115,42,-40,59,73,122,116,102,-66,10,88
64,-74,-82,101,265,66,220,205,64,49,-135,62,-24,1,84,17,10,95,113,139,50,-30,97,-75,59,62,71,66,46,20,123,93,127,-33,171,52,217,117,-37,336,-99,43,58,13,127,-128,13,56,-49,37,-45,-70,117,11,-12,-60,1,154,107,118,74,12,66,44,196,110,16,-25,-52,-34,28,-27,2,56,8,204,86,174,-46,18,166,29,221,11,35,69,92,2,-56,-8,-40,115,32,125,-82,40,176,-74,12,61
120,65,170,-130,-14,64,166,-43,18,49,91,-1,-145,-35,72,-42,-23,164,-209,35,6,-1,-42,20,100,134,144,80,39,-52,175,110,-29,-75,75,11,118,169,-45,23,59,-112,100,235,-50,-168,27,-31,-7,22,44,38,59,78,49,25,-63,-18,-88,-70,9,-102,200,23,261,148,13,-30,146,-12,-108,-13,56,-34,-89,68,46,-66,-86,-33,119,27,76,123,-3,-120,-10,12,59,116,131,-53,109,91,44,-26,-20,97,144,52
64,-2,-75,-65,-163,-148,45,-81,-36,72,101,117,25,100,-69,-32,-64,-3,15,140,-42,-13,5,-41,43,-17,102,-14,-110,9,117,21,104,9,-95,156,61,86,2,-3,-53,46,63,-31,35,-5,50,-185,153,-155,61,-21,6,125,-35,-60,134,-7,82,-37,-67,5,42,162,-90,-119,26,-73,17,-105,14,25,122,17,72,-105,-37,10,72,25,-102,84,-19,-35,-93,14,74,91,77,28,22,82,-47,-133,-40,45,-72,24,84,-138
88,60,-1,14,110,23,88,76,-7,-155,-134,-31,5,-45,24,37,-10,15,5,-39,30,31,105,-28,-78,78,153,42,-120,88,28,43,-198,-4,128,-114,50,1,-64,158,-92,37,26,168,28,41,-77,30,18,99,7,-16,-63,-94,8,37,-25,-9,4,-23,-113,46,-115,-56,12,11,-49,41,51,51,-69,-3,97,-154,-142,125,16,-81,-7,-31,85,-12,41,99,-10,41,121,43,-20,28,-19,-50,87,167,123,142,111,30,42,-10
67,0,83,20,-2,164,-60,7,78,129,-89,19,-18,-34,59,127,-85,62,-15,22,-4,-20,-207,95,-73,-26,7,-70,-18,-114,88,131,-50,-79,59,-38,56,92,-26,92,-9,38,64,62,-38,-45,-111,-122,109,-68,-3,-132,114,-18,6,6,17,257,-12,117,-65,84,-37,7,50,-77,0,-50,-136,-20,104,-3,62,23,87,50,-24,37,-44,-80,4,138,-48,15,-52,-102,31,-104,-60,-15,202,37,81,17,-36,-31,22,263,3,111
-4,-69,70,-155,-191,-17,-85,-109,31,19,41,2,28,-44,-56,-105,27,33,55,128,9,59,50,-96,-93,28,24,-34,-42,92,55,39,108,58,41,107,-180,-110,103,-17,162,-21,200,34,-93,71,-50,-95,19,64,62,7,-54,-6,-10,-61,-154,178,114,-27,111,-18,159,57,-3,-80,5,-17,24,49,181,68,144,-39,118,4,48,-108,-82,40,40,-39,-49,32,-58,72,-152,-71,-47,0,-8,36,126,-43,52,36,-69,122,177,95
-96,-80,40,-193,97,105,30,158,25,80,-47,177,104,25,71,-42,-75,190,191,124,78,-26,-37,27,72,39,-39,84,13,88,34,26,126,142,130,58,-13,53,-26,99,134,93,-123,-132,57,125,-58,82,-13,109,29,-14,-28,44,80,-28,64,164,134,132,108,69,23,11,79,-79,20,-10,-22,74,80,4,31,60,135,72,188,-14,-8,33,17,73,17,59,-112,-65,-11,30,-9,39,7,166,61,2,-90,100,57,57,-25,219
142,-106,169,-26,57,5,160,15,-32,78,-51,-62,-39,100,-86,-98,-9,45,46,134,-71,105,33,38,147,-60,29,141,98,-31,41,-14,186,-100,98,85,-103,-12,164,45,41,-43,33,-62,-9,-20,60,-137,11,-100,-16,-138,-23,33,107,15,157,77,-134,146,88,-64,74,54,39,30,-120,36,28,30,78,20,133,60,142,-56,162,-4,-67,46,61,4,92,165,52,-38,-83,-92,-48,8,92,33,139,-59,-30,-80,16,-2,36,176
73,89,-3,-104,85,60,133,163,-78,20,57,35,45,134,-61,-7,-117,54,10,15,62,4,141,-9,-44,4,106,55,-31,36,-40,-29,11,-54,167,-79,-46,48,20,183,33,63,-111,97,27,72,17,-26,131,-7,41,37,-45,-109,30,52,-29,80,77,1,58,-96,70,1,117,-48,-73,-18,-158,45,133,-61,-67,-219,-7,67,14,-8,36,11,-27,7,22,-3,-62,0,155,178,70,97,132,-20,89,136,53,110,124,-42,19,125
-51,89,-141,-33,4,-68,-18,-117,-83,-83,102,10,-36,-22,-116,28,3,-13,56,-70,-94,-69,24,-46,-58,11,182,0,-60,14,-16,58,-9,32,3,29,130,-65,4,4,-105,104,47,210,-90,63,-30,14,8,127,-93,123,15,59,-102,-18,84,-49,19,-3,15,71,-15,52,-55,89,103,-14,193,-43,-142,130,212,-138,-64,126,-114,-64,106,65,-24,85,-6,128,143,-29,25,126,-27,-42,69,202,57,68,113,-18,17,59,-24,133
-103,-68,-17,-82,-75,-18,-28,-4,-140,36,95,-30,3,-78,164,-204,-33,-11,-44,-13,-11,90,20,139,-15,4,-54,190,213,140,-22,64,164,71,54,-24,-97,120,116,55,-24,149,66,2,-162,76,53,109,-17,1,103,38,21,15,-9,-64,45,-10,-60,-99,30,126,-71,25,-57,192,38,67,43,-195,62,70,138,-11,-20,59,114,-91,-27,-55,-34,9,-101,92,45,-69,-54,26,-12,-11,14,-44,-21,41,151,184,-20,88,-30,99
89,103,-87,-9,161,41,30,175,38,210,195,-2,21,124,42,62,30,-117,-144,89,34,-67,-42,-34,-48,24,196,125,21,-7,54,-1,12,93,82,-25,-30,121,-43,19,22,-2,20,201,59,27,133,-9,-115,-43,-50,62,-100,-108,11,65,-19,71,150,66,90,93,41,54,-17,137,-17,2,-121,-117,-68,51,-56,38,-94,93,218,10,69,92,111,-79,177,44,23,130,179,41,118,95,82,-66,-180,23,8,9,-124,-94,-63,-9
54,-63,-46,107,-71,70,-9,-110,0,55,117,9,-18,17,146,-30,-118,-16,-42,81,18,149,-11,-215,-62,68,-164,140,162,206,33,-4,-49,-49,-50,-78,-40,6,76,38,-186,145,97,62,81,-96,53,45,-25,28,-13,30,-3,105,32,-94,-8,75,-22,-170,94,-65,-99,131,-13,-105,-13,123,12,-105,136,115,-187,-126,54,1,-105,120,-29,112,17,156,94,66,-46,39,102,-46,-10,43,53,-48,45,177,19,80,69,-9,-89,-66
