-10,135,18,93,-121,60,106,-73,26,14,-103,56,18,-1,63,-32,13,94,43,-104,162,-94,-43,-26,-41,51,60,47,23,-57,20,77,-2,113,24,18,55,6,90,-31,22,76,-150,102,-110,67,-89,-58,34,-15,19,-36,14,206,18,98,-26,16,12,35,3,-24,113,-142,67,46,109,59,-93,-84,-54,-12,79,17
35,-33,73,-13,-95,1,107,-130,-184,15,-62,52,95,-41,42,29,32,48,-89,-98,105,-85,-38,-1,32,17,-28,57,156,-92,-27,32,-69,55,-105,8,108,-59,67,-40,26,82,166,70,17,-91,-128,30,67,-54,-2,19,-46,41,-28,-40,38,33,27,3,63,147,-97,92,-41,-27,-78,-67,41,13,94,52,2,45
-180,-4,24,24,6,-7,89,-50,-53,-157,16,81,3,-108,92,97,205,-218,102,-21,62,71,85,-42,44,30,30,106,52,-37,39,-66,-4,187,-40,-27,49,-77,133,48,54,-7,23,42,-2,-40,-65,-59,12,-24,1,2,-23,104,176,69,-93,245,89,35,17,60,-94,160,55,104,115,14,-19,81,138,-45,-31,-70
171,11,-24,-15,-24,44,-78,1,104,-30,77,36,-77,-8,49,-84,48,11,113,11,-102,-25,39,-95,43,-34,123,-5,-21,26,17,45,41,-86,-83,14,16,80,21,99,-50,-72,68,-82,170,22,188,4,-73,35,66,124,69,7,-30,-123,-9,-104,152,64,108,33,-56,-66,48,-43,-84,40,-2,20,72,-130,36,-34
38,56,53,60,-76,7,110,-72,-65,25,105,55,49,67,-43,88,-20,-7,21,-69,43,20,-108,-35,6,127,69,66,-31,-31,52,78,-80,87,-28,42,7,18,81,26,-69,64,-4,-59,-16,-38,-56,-26,-43,-46,20,-58,-60,38,-90,-21,62,21,-48,-26,86,93,17,-148,27,0,87,-73,27,-10,-109,-22,35,73
-18,-111,45,-71,-75,127,65,45,-7,-3,-32,-145,31,-86,-35,5,91,-14,-24,10,-42,-49,-31,-138,89,114,7,13,-105,-13,-6,-10,13,-103,46,-44,8,-109,50,-53,-29,136,-21,23,-49,-33,17,31,8,-77,134,-5,-23,-78,45,-39,33,-101,-43,-77,46,-41,-32,-63,-144,-113,2,0,-84,-49,-110,55,49,14
49,5,0,-3,93,-7,26,91,69,43,-39,42,-16,-91,49,-31,3,-185,-164,-74,8,51,-67,66,-94,-4,80,50,284,-22,76,45,6,-102,-13,323,216,-116,76,86,63,23,60,196,111,13,11,129,-11,73,-58,86,80,-60,81,31,75,113,9,174,68,21,10,156,99,118,-144,32,112,-24,-69,-139,63,-79
23,123,14,4,-5,-118,35,15,76,75,32,5,44,-49,30,-25,-37,36,-39,-2,40,-44,-68,130,-73,-63,0,11,7,-13,73,101,88,13,-15,108,107,-38,-60,114,0,-29,-48,15,76,100,153,-47,12,17,47,42,44,-11,2,-19,-62,50,-6,33,39,-89,-140,120,90,56,62,-143,74,26,-33,-11,-9,-29
-168,17,38,-30,-100,-33,92,11,18,-38,48,51,-21,-104,-30,4,8,-68,61,-27,130,-45,113,80,4,-55,30,-46,141,52,-107,39,61,132,-8,61,56,-17,-7,-114,120,87,-3,43,43,-45,-73,79,78,-140,5,-110,-18,157,-33,37,72,85,33,-53,-63,142,60,101,56,-51,-48,-40,-58,100,67,-4,38,-46
40,-66,179,-113,-14,-22,120,-66,69,63,76,-93,-135,-37,36,-62,-16,29,-15,-82,-84,-6,-32,11,39,-88,-43,-28,99,-103,-181,178,111,39,-87,13,73,-139,-14,96,58,32,97,61,9,-94,-47,97,3,78,129,45,24,92,-15,-108,99,30,70,-37,-6,-95,-127,43,24,-126,-29,70,51,-64,136,15,7,39
21,3,10,19,9,20,30,-122,111,-70,-3,-16,-101,-11,21,-21,-5,11,102,2,90,-18,-70,-138,-68,-82,189,-10,31,-87,-46,31,38,80,73,34,19,-86,24,-74,74,-62,-12,4,-43,29,6,-44,79,-40,9,78,16,97,93,18,62,98,-6,38,-26,75,-7,4,7,36,53,21,-67,124,12,-38,11,-18
-71,6,10,-90,-70,5,-109,-27,35,5,-87,66,-65,-34,87,-4,-15,-24,56,3,-54,53,76,-100,32,-36,76,17,-7,87,155,4,-19,3,0,-7,21,9,-102,42,141,-43,-42,21,59,31,87,-100,46,93,74,13,116,23,69,-76,45,109,77,-52,-49,-166,93,82,82,88,31,75,84,80,211,-61,48,94
0,26,38,-88,-61,-20,84,42,105,-17,-5,106,74,13,-91,44,31,88,166,-17,-4,32,126,60,25,-179,89,28,20,132,24,52,-61,-116,40,48,1,-4,-33,130,169,69,46,10,4,13,48,-75,76,178,116,113,225,33,80,4,39,-46,12,-2,-40,-41,38,38,66,49,-82,155,-77,2,-33,43,26,126
65,-47,-40,-48,-85,78,8,-29,-54,-2,85,22,93,10,122,-6,108,-82,-127,-63,141,-65,-89,-53,-40,62,35,-4,68,-2,-83,-98,124,2,-75,3,101,-38,25,8,41,-47,101,216,51,-93,-61,13,-26,-56,-54,-79,-35,15,102,-30,36,17,-27,61,-39,88,-48,110,-77,35,-6,51,20,-28,23,129,-6,-14
-52,39,13,-67,-12,28,5,90,-72,-98,-84,-7,39,28,-49,104,41,-13,124,-73,28,-28,147,17,5,43,12,158,80,48,19,-81,-140,28,-22,-1,-38,13,41,-49,50,25,73,-63,-25,-8,-92,-52,77,20,-32,46,-81,46,134,72,60,37,46,-54,49,186,16,113,-6,27,-94,50,16,131,-16,75,-65,31
13,-40,35,5,-83,11,26,-124,69,-145,-57,-43,48,-66,-8,-12,15,-59,-41,-92,-8,57,70,-15,51,-129,55,-70,39,32,-28,-68,-40,-22,13,-46,-19,-88,-64,4,-25,36,46,31,96,-11,-84,32,-1,23,3,185,-56,-55,52,-92,63,64,110,18,-21,-46,-27,122,-21,7,86,105,-7,9,66,-19,-89,-6
-93,21,-73,16,43,20,77,-38,139,25,64,73,83,65,-118,46,53,65,80,48,137,-13,74,97,-180,-46,162,-62,-13,99,60,-55,-62,-25,-8,140,-121,96,88,58,95,-2,-11,-93,-220,13,23,-124,-49,79,-149,32,-25,-50,-31,-74,4,76,107,-101,-108,140,100,-10,55,79,62,49,-44,48,-104,121,-77,160
-14,105,-90,110,95,-30,83,-92,-53,-23,74,55,87,20,12,-27,-22,-139,67,-95,-16,10,-52,152,21,-21,51,-64,18,82,95,-34,12,-39,-28,67,29,-23,-55,88,26,43,113,42,117,90,3,1,89,26,-33,106,68,-39,-47,-4,92,14,28,75,-31,62,42,-4,111,63,-33,100,-100,86,-72,-18,-13,25
203,-52,9,163,45,111,-41,182,28,8,36,-70,-93,114,-61,-28,19,-67,25,7,-108,25,-9,74,25,62,57,16,48,50,2,31,145,113,60,118,93,-46,136,-16,-20,77,-36,121,107,113,26,97,-11,79,107,58,158,-183,38,48,-82,19,97,72,43,-46,-21,151,-19,-21,69,47,-13,88,-92,53,20,27
106,58,-19,31,80,3,30,69,-88,-35,56,-6,-97,-51,41,62,-78,50,-90,-4,49,-38,-39,88,-108,17,-23,104,-3,-22,-50,52,0,61,-29,93,-84,-27,152,-51,24,119,103,93,-107,-158,-68,-26,5,-115,62,-155,-103,-33,-115,100,121,34,20,69,5,75,-6,79,40,-10,-39,-41,-18,85,-9,100,-26,-2
88,162,-97,47,13,-31,-73,133,-6,20,0,49,2,71,58,-97,176,-32,13,24,-96,134,118,32,132,-30,12,141,-22,145,-38,37,88,22,92,-2,-41,-148,35,105,170,-5,46,-49,-14,-14,108,-41,-45,145,119,98,97,-129,92,-112,-83,-18,9,-19,16,8,-146,90,9,101,40,55,-33,96,-5,27,-3,16
90,44,-63,-74,-37,23,-45,96,7,16,65,198,116,74,199,102,121,-35,43,44,-110,-107,110,-4,53,4,104,-75,-8,73,-28,-66,11,-55,74,58,5,-14,-78,87,126,1,-46,87,74,-66,2,-33,26,-29,-19,98,116,119,154,62,34,-49,90,-10,-3,-25,55,38,-35,150,-48,60,-46,-40,-123,35,63,9
-43,69,28,56,-61,37,52,-20,-30,-22,-15,-34,-43,102,-45,-5,-160,-49,-28,-87,172,83,-12,40,-88,-55,-16,-44,186,-50,-69,-41,-72,117,-50,-12,-66,18,-15,-115,37,51,12,13,-60,-69,-69,-117,-24,-25,20,-69,-113,77,-25,-53,18,102,-29,-90,-45,58,52,44,-2,13,105,-26,38,-77,11,173,-41,31
86,-86,-49,-65,-16,9,88,102,20,-88,-59,51,-144,64,25,-44,178,-168,75,3,9,99,81,-64,7,114,56,-69,91,202,115,23,11,-31,-18,98,133,-89,45,53,1,-127,19,90,149,23,85,-59,-13,83,35,79,-3,75,73,-46,-31,73,143,171,-53,-64,60,144,-30,72,127,42,-40,35,140,-76,11,-48
18,-143,-15,-74,-9,87,-19,103,-118,-37,-160,-8,-88,49,-101,27,12,68,21,-17,10,-54,73,75,126,85,127,111,33,-35,64,-131,-6,-23,47,-37,151,-17,17,-96,38,-42,48,71,-3,0,87,-31,49,-36,86,74,24,-31,14,49,-34,9,80,-16,-45,-63,-81,111,-75,20,15,63,-2,-84,85,6,-40,2
-8,93,51,47,-98,-86,46,88,-28,-12,15,-61,93,30,75,-99,95,57,-52,-65,47,-20,-32,98,-172,16,71,130,53,-16,-30,27,75,23,60,79,59,-74,-13,25,151,-64,18,4,-83,139,72,-37,13,109,50,-64,-74,29,76,-124,-219,-23,55,-60,-14,26,-60,109,0,-63,139,-18,42,36,103,124,-34,18
-21,33,27,61,98,7,-15,-6,-57,111,99,187,38,111,84,26,-140,12,-73,50,-48,28,-75,286,26,65,-84,21,101,-129,73,76,20,-9,-22,80,61,63,121,130,78,-106,50,-35,35,-15,-85,-39,128,97,11,47,75,16,-95,84,88,126,213,93,36,-49,40,-28,67,59,0,22,134,-128,108,110,-21,84
71,-56,-86,-5,-23,-7,-101,77,145,5,150,-34,14,-44,44,73,-23,-62,-157,32,-6,50,67,79,-43,-28,79,-29,51,4,108,-142,33,-170,27,132,135,89,-5,32,120,97,-10,10,194,-94,64,182,-19,24,-65,63,28,-194,-44,-120,48,60,84,10,38,47,2,105,102,-5,61,3,48,94,-60,8,-51,-104
-136,46,60,-9,-24,-26,89,49,-83,13,81,-7,107,94,35,66,52,-106,97,20,-86,94,-110,31,109,47,-45,28,106,-56,-56,-119,47,-15,-14,-47,144,-22,37,-114,87,-40,68,42,61,-161,-119,33,-5,-181,43,-47,69,156,71,102,162,142,85,-2,15,89,-25,37,-5,57,-29,-28,24,-27,-9,49,40,8
-107,-24,97,-113,18,77,98,27,-31,47,-24,45,-42,-27,6,-16,123,-51,15,8,124,-9,49,-4,-13,-19,21,25,90,110,37,-124,37,42,30,19,0,-23,24,-85,62,110,80,129,-85,-18,-71,-136,34,31,-43,-64,-40,-13,39,82,59,23,45,-54,-92,-28,150,93,-126,17,-22,93,-121,16,-19,78,-24,13
52,-95,51,28,-60,123,29,64,51,-58,32,-108,98,4,18,23,151,-75,-82,81,8,-39,63,12,25,43,96,52,33,113,-40,-47,47,-40,96,78,214,-117,-1,50,121,34,-3,117,-57,-11,65,138,13,16,-29,104,70,-54,86,31,-25,75,45,186,39,-51,1,226,36,84,14,135,66,50,-15,50,46,-33
-51,86,63,-33,99,121,-100,139,-23,48,-98,112,94,-66,43,23,64,-44,19,-30,52,-72,-8,-64,92,28,47,0,21,-31,-9,-71,21,154,-2,52,38,16,34,-89,-180,34,58,106,118,47,-71,-88,37,10,41,31,-14,39,-5,198,-35,43,28,-21,-71,60,79,80,-173,46,-60,5,-37,-70,-95,-65,-10,-60
-19,84,19,-39,-21,-33,134,54,55,64,44,19,64,-56,-25,-77,56,35,-11,-19,-67,16,19,80,-146,49,-37,-47,37,42,65,-37,80,10,-95,171,122,13,145,121,-50,-97,4,25,84,130,51,13,66,-75,60,33,44,47,-62,-16,19,85,170,58,-12,8,55,95,-63,102,-49,-2,-8,-87,48,-41,-81,51
100,90,78,89,-113,-8,12,-35,59,-24,3,-71,-46,136,92,-10,15,-14,-43,-63,-44,0,22,18,84,-36,72,50,75,6,12,33,8,25,-39,-4,111,-66,-51,45,78,43,31,8,180,94,-17,131,-73,64,72,-70,68,-122,72,-32,38,-21,78,-16,-24,-81,-15,9,46,-73,95,78,38,46,29,-22,98,67
-48,54,-86,23,48,-128,82,95,143,55,52,79,-18,142,-38,5,-33,-129,146,43,-74,27,31,39,0,-18,79,-37,44,110,-19,-57,-157,2,-18,124,82,21,-52,24,54,45,-12,-70,33,-168,15,-8,87,-84,24,87,53,108,-26,-61,10,168,92,-127,-1,51,90,104,6,103,-35,-115,15,64,-83,16,10,18
-25,28,-8,-14,-5,-137,116,98,32,-76,53,107,3,74,-141,120,23,-29,142,-21,55,95,-27,84,-63,119,86,22,70,45,21,-28,-138,4,-83,14,67,-23,16,49,29,-18,-113,-64,43,75,0,39,-9,-2,-40,-48,64,50,34,-60,-156,127,-26,-86,13,63,-78,-38,130,74,168,-18,-40,69,-25,-58,11,66
-7,57,-22,-14,-7,127,-61,113,157,-99,43,16,-39,3,20,165,25,-152,-11,38,40,-66,102,117,10,23,101,98,-5,136,60,37,3,18,0,-21,21,72,1,10,131,-6,-110,84,68,-55,61,16,-6,41,88,-18,-30,76,24,22,-61,81,123,-38,-7,-33,105,11,16,-7,152,62,20,36,39,102,-22,-85
65,4,97,92,-27,-39,70,-139,-134,9,-20,19,34,-11,-23,24,-49,68,-52,-91,-15,-24,-69,29,44,-32,-69,-64,84,-62,-66,30,-47,146,-15,-114,-86,-20,-12,43,-54,-66,93,64,15,42,-150,86,9,24,-10,-39,5,-10,-14,50,71,-37,-10,-25,75,92,-4,33,-94,-58,-39,112,31,-125,-7,-15,85,31
61,27,122,19,-108,137,-135,76,142,-185,44,22,-30,52,52,78,145,-76,-70,-66,64,-53,109,-29,-5,3,44,36,10,60,-54,34,2,-27,-13,32,82,38,19,-83,114,49,-18,54,-52,-27,-81,56,-146,-60,26,56,30,-17,226,-12,53,-97,0,152,-6,-32,44,11,-1,-36,25,-14,42,-12,-34,54,-30,-52
7,69,81,-134,159,112,132,6,1,-32,26,7,-81,106,11,75,28,-51,62,4,-8,38,-78,53,-73,84,-66,52,30,46,81,-1,-29,138,-16,-11,-89,15,65,20,179,124,-72,72,-21,-105,-11,-47,-11,-17,71,-49,22,0,39,16,42,19,217,-106,16,63,4,87,29,8,128,56,-128,184,7,178,70,-2
24,57,10,-27,16,-141,59,36,35,11,95,69,-88,76,89,112,194,-10,89,113,-55,88,146,1,17,2,122,121,114,-126,-41,9,47,10,-71,173,90,53,-10,9,221,117,15,-123,80,-68,21,75,-28,115,-9,21,82,87,67,33,1,199,22,-91,32,92,-147,29,136,25,-35,-43,58,155,69,12,-59,-28
-60,83,-78,-15,3,-48,90,189,102,19,75,115,87,-39,37,36,162,-193,-32,18,-40,-19,76,-24,-109,32,6,-78,91,39,-72,-2,91,51,-151,211,215,17,-96,-22,115,-41,-135,47,154,-74,-37,95,-53,-18,-82,40,115,131,121,12,-23,23,-54,24,-85,129,22,98,6,-9,55,28,17,78,-86,6,40,-79
115,64,177,2,27,59,-7,-40,-39,-129,172,108,-83,-87,25,171,95,-68,71,-86,101,73,79,-15,68,-29,33,6,19,90,-149,-3,-15,136,-8,-65,14,-55,52,46,-4,150,160,57,74,-7,-122,236,-60,11,94,93,58,17,-58,16,-40,46,76,86,7,153,-5,173,86,30,-14,76,-19,88,4,-40,52,-26
58,93,34,-11,-1,-142,85,213,71,72,77,50,-44,71,11,-20,166,16,-7,-44,-90,41,110,63,56,164,-34,53,-29,119,1,-56,3,-81,48,151,92,16,40,29,142,39,134,21,39,-16,-50,61,8,120,38,4,35,6,26,-140,-14,-51,36,-17,-4,-7,30,107,-1,56,84,34,97,-13,-1,84,-75,-21
-51,81,12,-19,-168,105,-9,-26,120,-53,-67,23,86,47,2,13,120,-190,-54,-22,28,5,47,-3,45,-34,78,48,40,180,-21,-23,5,-28,30,121,169,-13,82,-7,-28,22,-125,-31,-25,-112,59,78,-93,-36,25,135,43,76,20,-14,-1,68,-12,61,81,102,13,-28,60,67,-128,-56,-21,-10,-147,-49,16,-7
10,-114,-27,46,-60,-51,57,42,-95,7,4,134,-58,56,121,20,-91,28,92,11,-77,20,76,106,-46,62,-73,1,80,-26,70,8,43,-59,21,-55,55,-67,-16,120,92,-74,-86,100,38,136,4,-38,159,-32,7,1,-2,191,32,141,77,84,111,24,123,-14,-15,70,78,47,-35,47,-20,-43,34,-58,74,97
-195,-23,-89,-85,-29,-61,-17,-6,227,-61,-26,43,150,-172,77,-53,93,-138,-42,67,-13,-163,61,51,-71,13,43,-23,-69,120,119,48,1,43,9,160,-35,-20,35,64,-44,-79,47,-6,-15,115,96,20,78,70,-28,0,-68,-89,87,-31,-171,49,88,-55,7,-43,40,80,-42,82,-103,-85,49,30,93,-56,-9,-29
44,12,15,144,92,69,-67,80,5,16,-72,170,-28,3,-15,-17,7,-104,-14,-56,-23,-25,39,7,25,109,34,-93,61,-18,-52,100,-64,116,-62,184,114,37,66,-112,-10,-37,11,-28,66,75,-191,4,22,69,-38,54,163,30,60,55,91,-4,-23,50,-20,144,79,30,124,-65,-38,-58,88,38,-139,-146,-8,2
-10,36,51,-98,8,66,61,37,59,-79,-72,16,43,-24,34,-52,32,-11,81,-85,-30,-104,83,100,33,1,68,123,-55,39,-2,4,-31,-50,134,-23,-34,-56,33,92,28,-117,51,27,13,138,-35,-2,59,25,102,-44,-97,53,140,68,-31,-41,162,73,-51,-45,-29,76,5,-2,-28,-5,3,-51,31,-59,26,-15
-54,-55,83,5,-31,-53,53,19,-17,-12,120,43,-12,1,-84,70,-99,169,29,16,65,74,-1,113,-130,37,-22,-9,18,36,-36,-41,-46,-43,121,-4,-73,0,33,81,2,20,-59,41,-211,148,55,11,62,-58,-89,-51,-47,-10,-114,40,-10,70,78,-49,51,49,12,86,57,60,-54,39,2,72,56,16,3,56
11,-71,123,4,-165,-31,121,59,9,-14,27,36,41,-72,127,116,79,13,-19,-47,109,-50,71,80,17,1,32,-36,165,4,28,57,-18,23,-31,36,62,-20,121,74,111,0,10,191,-32,41,-40,-39,-44,39,105,-161,35,108,-13,37,45,18,-2,-2,-6,45,25,-12,63,-54,2,43,65,-50,135,14,41,40
87,155,-30,33,87,101,77,-8,142,81,121,25,17,-50,-29,-28,-32,9,31,-59,-21,16,-83,104,-31,-56,25,-80,42,50,72,54,68,0,-71,100,-58,124,80,75,72,109,-34,-5,128,70,82,55,-53,-4,79,-14,120,-99,-29,-57,112,14,104,-13,-7,39,-41,-45,69,-58,43,-28,-65,12,-74,33,4,39
18,-22,4,157,-21,5,7,-75,-24,40,34,1,48,112,131,-53,22,61,39,28,-60,81,31,-32,125,50,13,15,-38,-104,35,-41,114,39,11,-15,16,33,-18,-40,105,125,59,-53,-40,112,-60,18,-42,-31,-75,58,35,-64,52,63,95,31,-5,-1,1,-9,-125,-104,-39,43,-14,18,-133,-14,-12,6,136,163
-25,-18,35,139,-112,-12,60,-10,-37,55,-49,109,-13,39,30,-112,29,-54,-4,41,115,49,66,-51,-2,-35,148,-6,163,6,-56,-41,15,121,-40,41,204,29,-42,2,27,-16,32,2,40,31,3,-65,-6,-66,-47,31,0,72,-32,-53,-77,103,22,61,-42,72,-12,97,-50,21,78,-17,-109,0,82,-96,58,-37
-101,-88,50,27,-51,84,52,-22,-5,36,28,84,115,-126,-30,0,-89,-53,-146,-95,-15,-65,46,157,-90,-34,-134,-113,109,9,35,37,70,75,-46,26,132,7,-74,50,118,-95,65,97,99,90,54,49,31,-41,-58,-55,13,56,-66,-22,78,-110,56,47,-24,178,57,136,96,-184,-57,111,47,14,-4,34,190,46
-10,-1,-13,73,115,72,2,86,28,-7,66,20,-78,18,69,-89,-22,-48,4,16,29,13,37,137,-60,-35,27,24,130,13,77,69,141,73,63,143,16,11,139,-27,-41,-31,100,32,105,87,-74,-129,120,88,2,4,100,-105,-14,120,43,120,93,95,-95,-2,101,71,-39,-18,48,-3,-114,117,43,67,-79,-5
-95,88,32,76,76,-14,72,-31,178,122,46,33,161,41,42,-48,17,-12,67,131,-36,94,69,-17,-49,-22,30,25,88,-98,93,-120,-6,100,86,154,-74,163,121,140,135,48,102,-84,7,13,44,-156,-52,74,-55,-4,57,-4,-68,25,-60,29,71,-101,-15,-18,52,-42,102,48,59,44,-1,-55,38,116,-39,-18
-75,-44,60,-70,-16,-26,115,4,-19,24,84,-14,66,80,151,-91,9,-43,-7,-41,-77,-12,-107,93,57,24,-19,62,-50,9,159,11,16,10,150,12,-19,-106,60,-11,78,-74,78,-40,-182,-71,-55,-119,91,124,-63,-13,-18,-147,-3,-3,61,52,104,1,-45,-65,36,10,-39,122,54,63,12,34,-5,109,30,23
-42,-26,67,-106,132,37,-14,28,103,-46,178,200,-159,-60,218,42,-13,70,29,-9,105,-99,-38,-10,-183,37,73,24,-122,48,24,45,10,-66,-15,-26,-18,32,65,23,-22,95,-21,95,-167,-38,-48,-18,75,-135,-72,-49,-99,-81,68,43,-65,81,14,-5,-106,25,-87,-39,9,101,-103,-148,-201,156,-8,84,46,-8
8,122,183,50,43,-15,-31,210,66,-138,73,146,-66,-113,112,170,181,-19,142,18,-47,25,119,45,28,16,-15,-34,27,218,20,40,-19,28,120,29,15,-11,29,46,64,6,86,37,53,123,-7,49,-52,102,95,0,15,91,28,126,40,-33,132,90,52,28,153,150,3,-26,-21,16,8,149,-84,-97,126,95
30,-102,13,50,-69,-97,62,93,49,51,32,27,15,21,-44,-44,-26,-61,-74,24,-63,-19,103,139,51,42,18,-15,104,-10,17,70,0,-9,11,49,122,-26,-40,124,226,-18,-87,-117,35,31,51,97,99,94,101,93,175,29,48,-213,-28,49,84,37,162,38,-92,-35,64,38,58,-5,-10,55,27,-20,6,68
6,53,69,-64,-2,11,12,-11,112,85,83,64,-127,50,52,64,-19,-71,-94,67,-30,147,-62,137,-50,-20,-18,90,110,31,-6,86,12,15,5,89,33,60,-4,70,-9,65,-62,-5,48,-89,-18,-111,26,178,26,48,104,7,-125,-7,48,192,154,-69,32,32,118,-9,99,-84,55,-45,52,73,58,127,-13,-56
5,143,49,75,47,-192,42,81,21,72,-19,-15,-52,-13,-77,33,-24,29,24,-65,63,109,-37,139,-35,69,40,60,80,45,43,11,15,129,-62,149,77,2,107,-49,12,80,41,28,-33,137,-13,-14,12,96,1,-22,133,-73,-52,-51,-157,116,25,-62,-54,41,8,104,63,122,86,-26,91,39,33,19,24,79
-78,-5,43,32,18,-104,128,52,-29,-34,30,126,22,-44,14,13,54,7,70,-28,151,-26,-194,93,64,110,-65,-55,73,-88,-85,79,132,75,-45,-86,14,-88,100,-96,65,1,-54,53,-108,71,-81,2,-32,-74,57,-186,-2,181,67,53,-26,120,35,59,75,22,-164,-122,-27,30,154,-100,-93,45,26,21,116,168
13,59,105,-72,-64,163,18,37,-23,-41,150,220,-45,-43,275,81,23,24,-4,-131,57,-164,113,155,16,-69,62,22,51,-86,-99,5,202,209,16,59,66,-26,-152,-38,108,107,191,152,31,97,-124,18,75,0,35,-36,18,67,50,73,97,-2,87,53,-104,103,-85,121,43,-14,55,89,-49,45,71,38,141,18
19,79,81,44,52,-63,58,50,-74,94,29,63,-22,6,68,-28,98,28,-36,52,18,60,-35,90,67,-6,-64,-14,125,4,0,93,143,117,-115,82,121,35,-29,4,201,85,16,58,62,13,27,61,18,158,14,103,211,-21,2,-40,42,34,111,94,74,149,-81,120,-21,-6,37,94,2,151,121,17,81,40
121,137,122,3,-71,63,3,35,-17,-121,44,-24,61,-27,19,204,25,3,-137,-94,46,-56,-59,108,-39,36,17,90,29,-9,48,101,23,73,-83,119,12,-24,75,-15,43,173,22,142,131,63,-8,30,30,-26,137,-119,74,25,127,62,6,22,15,36,158,157,16,69,-13,5,4,75,65,49,-121,79,15,-25
37,27,69,157,-33,23,96,47,-87,-49,33,-13,-26,22,93,61,78,-83,0,-55,-39,60,72,-31,-38,80,55,95,56,-21,22,70,25,147,-130,75,33,97,152,-19,101,75,105,-16,9,-57,-150,-78,23,-34,15,-55,30,126,16,59,62,190,14,1,60,122,41,50,8,-41,17,62,-49,78,-34,112,-52,127
33,-45,-80,-108,30,1,-127,133,-42,-19,-37,-2,50,-62,-86,86,62,17,-32,116,-71,5,-126,-78,37,-81,-65,27,-59,1,-105,117,97,-64,-51,7,5,-76,-19,-7,128,54,-149,-12,-74,-163,119,64,-113,-32,163,14,75,131,35,-20,5,-73,-106,-18,115,-35,-18,0,-41,4,-57,-16,-8,47,-101,1,42,58
41,139,54,-78,0,-23,-14,-18,100,33,89,49,83,49,144,-49,59,-50,68,27,43,-150,-59,18,-53,57,197,130,-26,-9,-9,0,53,110,41,142,-7,-23,51,170,-92,54,-50,-2,96,113,-22,37,97,60,39,54,26,59,8,115,-106,141,78,63,-19,-73,40,-4,2,102,56,3,-165,-96,-25,-53,-6,-42
39,-149,-105,41,44,223,39,-150,-20,60,25,4,8,13,26,87,-140,19,-62,106,-105,-51,-66,70,2,18,-12,44,83,-81,-22,119,-28,-9,60,-12,-52,61,68,26,14,-55,3,45,-88,-88,17,-90,126,61,18,37,94,86,8,111,19,115,-31,-4,92,98,-40,-8,29,-6,-193,30,55,-23,1,241,81,31
29,179,-142,123,-31,15,141,-98,74,-31,-21,-12,44,64,-130,4,-106,-95,25,-17,-1,125,-19,64,-62,-43,-3,-9,-40,165,14,90,-91,14,-65,124,-4,-29,-25,16,46,-13,61,-17,50,44,-27,-42,100,-61,51,-9,-41,40,3,-33,163,71,-1,29,59,77,62,88,156,89,-18,-24,177,102,-16,-23,-82,31
55,-12,89,30,69,57,1,158,-68,28,100,-15,-28,10,169,-31,17,17,-58,-21,38,-132,-109,138,-35,-37,25,-19,99,-83,-17,5,92,29,-62,1,54,-23,-73,-57,113,-11,154,113,-86,-43,-65,53,-59,2,-4,17,-153,-22,-44,-55,46,-25,66,53,-18,24,-84,63,-78,-43,-3,-35,15,-76,19,90,82,114
-7,67,164,47,30,-10,86,-100,-47,-10,206,210,86,38,71,-60,-195,-84,-30,-10,84,-100,-100,123,-151,-1,13,-74,25,-24,-62,-11,14,145,7,36,51,47,-162,29,-37,-66,30,42,24,78,-132,67,139,-64,-136,-17,-45,-15,14,77,-54,-52,92,77,21,-16,15,119,43,98,-90,-5,25,-7,1,20,66,-99
