59,-30,-18,46,111,20,13,-1,52,-103,-23,-57,134,-93,14,58,-14,9,-166,49,-61,-5,99,18,13,-56,112,138,-19,64,78,69,-111,-5,94,93,-55,146,39,-9,-67,17,94,-106,59,187,39,-33,-3,-69,-14,-95,-51,-85,-63,86,70,-51,63,-47,99,6,-13,80,-156,84,22,-9,32,53,65,-49,76,-14,150,156,-48,-70,-58,-112,-19,8,-30,-124
92,16,9,4,-103,136,-53,136,30,-129,-6,218,-31,-34,-52,-179,-30,15,51,-116,70,-5,-7,34,33,106,-52,-49,-13,26,-63,84,-196,-50,43,63,9,107,-45,91,2,-52,-9,-24,73,115,-61,-55,53,-9,-77,-37,-13,-27,19,-84,127,12,82,26,-70,-84,95,62,49,213,-164,-8,45,42,-92,5,-61,25,144,72,57,-102,32,68,182,-10,25,13
54,23,-65,-46,51,-21,-100,-14,12,15,69,-4,-35,57,50,61,-37,-53,-81,43,-1,34,-34,-39,-21,0,-110,31,-14,-45,26,-35,13,-43,119,102,61,48,104,161,-108,24,56,-66,-85,99,-26,-128,-14,35,139,30,-35,91,9,-51,18,-41,36,-43,12,6,-70,-71,-62,139,-78,104,143,65,-117,81,31,66,114,-27,-22,-86,-41,26,13,25,52,-18
56,-17,5,135,97,35,19,88,17,30,-16,69,13,113,179,4,49,24,19,22,53,-53,-4,82,-128,83,-22,35,111,160,-26,66,187,-28,-23,72,113,58,231,-128,51,258,190,60,32,13,51,132,25,30,7,111,-42,78,217,52,-74,-37,-51,130,138,39,121,9,41,-117,140,51,-2,71,120,-60,-177,40,-101,27,-9,-68,25,115,-16,96,9,6
-45,-51,23,-35,92,100,-29,-81,5,-50,0,-9,69,-61,2,7,-1,118,74,-121,-16,46,-44,-104,16,-28,174,39,-35,47,-46,-120,-53,-49,65,147,12,62,-145,-11,-33,-196,-43,-91,57,26,24,-60,146,-24,-86,-59,67,-78,-132,27,59,66,-58,15,44,-57,78,-14,26,61,-15,59,-54,-33,-140,57,18,-92,80,-142,25,-29,20,57,63,30,37,-145
-43,88,-142,-42,49,32,68,70,-90,131,65,-19,60,160,-28,40,-44,62,9,-5,-49,91,-72,221,31,-23,22,11,164,-1,118,40,74,94,179,-33,78,91,205,-12,-33,77,158,17,-11,-25,111,-69,31,-53,53,73,56,34,57,73,110,68,-69,101,-32,0,31,82,-50,36,158,-11,56,-114,4,53,75,-11,-23,-31,136,38,34,79,11,65,27,-81
-16,-109,83,-22,-98,65,30,188,-24,67,39,-88,86,134,98,-71,-21,7,-2,29,98,-8,158,0,20,-16,72,134,123,284,140,69,88,-7,-81,38,33,209,156,-109,-17,67,144,5,49,91,-11,55,47,-2,15,168,94,21,96,11,-28,56,47,-16,111,103,56,-4,64,45,168,-58,43,44,120,-17,15,131,33,-20,56,6,154,15,33,60,38,-77
28,33,-34,45,-39,4,62,178,-50,52,16,25,33,32,21,38,82,47,34,-27,125,-99,-85,-20,-19,-57,-28,-93,95,8,67,-12,78,-21,-53,53,121,73,122,-29,-61,92,43,-5,-100,8,85,36,50,-39,125,32,-58,95,67,16,-23,-1,75,47,71,-56,-16,-67,-37,-25,-3,134,32,64,-37,-65,15,-159,-1,-60,-14,-55,106,45,19,85,67,58
44,55,-21,47,-63,-74,1,155,44,18,88,-46,41,47,9,-92,-97,-16,-30,43,-37,-11,-44,5,-21,-118,21,-20,-153,-10,-95,65,15,-127,136,166,78,59,80,-42,66,10,-129,-175,-34,-60,-12,6,77,-86,-113,-8,-20,-92,-72,72,-165,160,-59,1,78,-33,46,23,1,-311,1,-4,58,-20,111,-42,18,-17,-56,-31,56,19,32,-23,-87,54,23,100
-57,57,58,163,-80,-14,83,12,64,100,-15,8,-67,129,-17,71,3,-42,58,-96,31,-77,-7,-21,-17,65,-145,23,75,45,-52,-98,-90,76,167,-92,145,40,-11,-16,88,-35,37,177,-48,-18,9,-70,188,-93,83,-5,62,-8,3,107,-9,-84,26,205,155,35,-105,9,46,46,19,50,-80,48,134,-153,55,-23,18,-10,48,25,62,95,132,-17,1,109
16,1,-82,79,-35,-71,155,-71,-57,116,-88,231,-93,111,54,34,-20,-13,155,-32,18,155,12,69,-59,45,-100,41,110,-7,-45,-2,-155,74,53,-28,-32,27,140,49,-81,156,-36,80,8,31,94,-41,69,14,-95,77,131,135,-95,122,78,-73,60,158,9,134,58,193,131,121,-9,165,152,-176,-43,4,42,-24,43,122,78,66,91,96,141,-56,215,28
-88,49,3,74,-44,33,-62,-36,117,-24,37,-17,10,105,112,43,-61,43,-35,62,-56,50,-26,32,35,40,20,136,-137,87,44,-61,76,-16,122,-56,-9,-88,2,117,67,124,-32,142,-47,63,100,-77,-23,50,-10,197,-44,37,-7,12,-28,37,146,165,-38,-29,-81,-49,184,46,-16,-10,-66,-14,158,82,51,22,0,9,19,107,49,8,109,159,26,99
-72,128,78,303,96,51,8,20,-62,-33,79,100,133,29,-13,153,-2,60,20,-23,-19,165,48,60,-41,48,30,113,25,64,70,1,111,58,95,-4,119,151,21,-24,-77,46,107,-30,113,-12,-7,-43,47,8,-22,5,-9,118,214,85,-68,-110,-191,21,0,134,-36,-41,142,-33,-12,-27,-95,5,79,5,25,-78,-80,-203,-28,-63,-26,-31,-141,-18,-36,-93
-116,36,21,93,27,21,-9,33,89,120,92,45,78,89,102,159,36,-71,74,-11,7,113,7,74,97,59,-84,-91,-99,37,-7,117,-76,28,20,9,-11,114,154,-33,9,67,116,-12,213,-15,-29,154,252,102,61,58,24,9,-4,123,-10,53,-100,36,-72,206,131,87,167,-56,115,62,82,45,30,-60,25,42,129,6,-20,49,120,85,-29,29,58,-20
-128,64,-83,200,-3,9,93,111,36,154,8,106,103,62,166,102,-45,42,67,15,-70,112,-33,145,13,-65,5,161,124,-23,-86,106,12,38,95,-79,-107,-95,20,66,22,17,-34,25,-105,1,7,-35,-25,97,-21,-48,18,98,1,124,83,67,-4,170,87,0,-22,48,30,59,-71,83,136,-47,60,61,-46,-150,7,60,-135,-24,-15,-85,153,-112,12,11
74,0,16,55,-36,-1,89,130,-47,77,59,81,-107,37,112,145,0,-12,-107,141,-10,119,12,-24,29,89,-74,8,31,82,145,23,11,49,47,-69,-105,18,32,-145,108,56,-45,166,34,-49,59,196,16,-49,-30,91,118,64,123,109,118,-78,-90,0,-111,60,57,-47,43,-6,23,189,12,-52,120,-120,-132,-4,50,27,70,60,74,42,-23,-107,13,103
25,-266,-45,-22,-31,-18,49,74,33,69,-23,-19,-8,26,41,-64,-84,73,63,-44,90,115,4,128,40,35,-74,161,-85,32,-22,132,30,132,129,56,103,177,53,-97,-25,-16,41,40,92,20,125,24,154,-84,-70,66,149,74,-12,-51,15,33,195,47,-12,13,91,39,-20,-144,109,3,77,-28,56,46,6,-4,149,58,118,41,44,52,176,-58,46,19
6,154,-92,-72,-2,12,-28,-25,45,33,-8,-54,-5,24,-6,47,-97,53,87,-76,-40,-3,9,80,110,79,80,52,-12,28,166,-114,127,111,164,31,101,9,151,95,16,44,16,-61,26,47,-15,-85,-5,75,9,69,-28,53,79,-61,67,-16,1,150,97,-11,-87,14,-9,138,5,-55,-99,-38,64,8,62,24,51,68,7,21,-18,99,39,62,0,-15
-66,-80,-44,46,-13,26,113,-193,-5,-9,-65,-43,-189,23,-36,72,28,64,16,7,55,141,-122,86,28,96,2,124,58,-13,94,84,20,182,-98,-142,-25,81,32,-3,-80,142,151,137,-40,75,124,7,-29,96,-82,64,-25,82,1,-11,182,81,88,185,-97,40,24,23,138,4,-41,25,188,65,-6,45,-143,-15,24,102,-104,57,-25,-18,77,-65,-8,28
122,23,-66,59,-21,-44,28,44,-11,144,73,-26,-62,270,-32,86,-51,-37,-115,33,83,2,51,116,96,-29,-27,108,21,39,-21,61,103,121,74,51,-24,-2,83,4,159,58,44,109,29,-105,110,203,-27,-62,64,118,70,-53,-34,89,34,59,0,-103,-51,51,129,-37,175,-78,210,-40,-24,9,15,151,-47,-29,-119,-58,129,151,-49,136,-11,17,2,104
12,24,3,135,-1,-51,9,33,-1,5,78,-112,125,62,85,-66,27,82,-56,66,-32,3,-101,136,-10,-80,-87,4,49,116,51,-33,13,-95,69,134,103,-95,114,-21,138,51,34,100,-86,105,26,-64,96,-6,41,56,59,36,10,-99,20,53,8,263,38,16,-4,10,169,-3,12,249,-15,56,247,-130,35,-157,132,-124,11,-29,197,-128,110,123,166,-34
118,-12,87,61,-15,146,70,-52,41,-53,-57,114,-38,2,-88,75,12,52,-95,-40,25,57,22,34,-2,28,-11,55,26,23,74,-14,-78,89,-132,-58,88,8,-14,-14,-19,5,86,4,36,-24,38,20,109,14,-48,11,21,103,1,-3,73,-7,69,43,-4,36,62,117,-45,214,-88,23,72,15,44,-18,-230,-36,26,4,67,-88,39,58,93,2,12,32
-22,-102,-38,128,-148,86,-93,78,132,178,112,148,-83,114,146,103,-99,-28,-63,125,-26,82,20,12,149,59,-27,156,62,34,127,105,-55,101,37,-13,-155,127,63,-87,37,-56,37,130,75,38,-11,109,135,-31,-71,184,24,78,-118,17,78,-66,53,57,-186,101,-28,62,148,-2,5,91,52,105,-15,-15,-50,-27,217,29,46,103,-36,14,58,-81,-58,7
-42,54,-17,92,-170,2,-94,118,93,-51,-43,53,43,157,63,-37,-2,47,-11,19,-48,-18,122,24,12,16,-162,31,1,60,-11,-10,-74,-61,117,89,-61,-32,11,66,-3,-53,133,20,90,100,18,-57,91,-86,-6,107,22,-103,-85,41,-128,46,24,-72,84,-5,-6,94,50,133,-114,-51,45,-125,27,-41,-35,30,63,-20,58,-69,-39,-1,109,-99,-34,140
-2,-14,104,-19,-127,165,65,146,-68,29,51,201,65,26,6,65,38,-13,-7,52,26,73,102,-11,83,66,-42,-38,73,95,35,80,44,97,50,-76,20,31,18,-63,27,26,10,162,157,14,-15,-40,122,-41,106,36,104,100,100,65,63,48,79,-61,55,113,-29,53,-51,75,-33,125,5,-39,-73,-71,116,-27,131,12,82,-3,23,-19,90,-45,94,39
81,128,87,-76,32,62,24,8,123,-10,-37,-7,3,-65,-52,98,51,45,-48,-57,-14,0,82,23,68,117,77,6,-43,108,94,-170,-47,152,-106,-86,118,195,-120,10,110,-133,106,1,-31,-37,40,25,187,39,12,3,44,89,12,-92,-27,29,72,54,169,-21,-46,-6,-49,83,-98,17,-57,2,16,-84,-28,52,88,12,-143,20,-42,53,102,81,146,8
-167,10,150,201,15,-43,-39,-31,140,81,38,-100,41,38,-19,-33,167,31,34,25,48,45,-59,-24,59,-43,97,-33,-22,-89,-36,81,57,-5,-31,-73,-49,5,37,32,14,8,93,-47,84,-37,-103,26,116,23,102,-39,-139,40,22,66,-121,117,51,11,-51,52,13,-7,64,-134,-130,-16,-10,95,-71,-29,47,-16,24,7,-40,-44,-164,-36,-155,-94,-94,78
-187,33,-22,14,-31,-114,-30,-67,-102,63,-13,-20,60,75,-33,92,-66,222,171,-136,-243,166,-47,100,-25,16,20,10,72,-65,117,-35,-106,-4,-2,-75,-39,-32,-26,15,-101,28,22,-13,57,94,-59,-48,54,-61,68,92,85,37,-137,-10,60,12,-59,155,-113,-20,-143,-98,-12,72,137,84,66,-113,-11,-42,121,-94,54,-143,-54,90,15,-45,-68,11,11,-46
7,-23,66,-32,-47,-43,12,10,10,-25,27,92,-25,22,-37,-12,-8,-97,71,-7,54,49,150,118,125,43,-13,64,23,-43,48,60,-113,23,-89,26,-91,78,-48,45,105,-41,18,89,145,38,23,24,-82,32,-29,141,33,1,-11,75,12,-14,3,-13,32,-31,87,84,25,130,-48,-104,65,37,-67,73,-131,65,30,159,-20,72,-119,44,15,115,-8,15
-20,54,-10,76,68,15,3,50,23,-40,24,36,32,-68,-53,58,19,29,-102,69,48,-26,12,-90,-90,-85,-83,85,46,82,52,127,86,-47,63,-77,-43,-55,56,122,-122,-2,78,-64,-129,23,-35,4,113,9,-71,34,29,196,108,-155,-7,-183,21,52,-47,-26,-82,50,-18,76,-9,110,124,-147,65,-158,149,-50,27,26,-90,-58,128,-116,-24,-53,4,-5
-14,-4,35,42,34,-11,128,19,-59,24,77,90,44,63,13,59,72,-22,-63,92,-16,25,109,-30,47,-82,32,-52,74,29,73,17,103,-17,-58,-60,-58,77,102,-106,-58,55,152,104,73,-116,43,121,162,105,36,129,-110,127,11,111,6,103,97,-9,-53,80,86,81,105,-70,71,53,102,-1,-18,70,22,-1,101,71,131,-50,78,62,39,-101,-43,-144
-91,1,86,112,76,80,-37,-18,105,24,20,-59,1,124,-4,76,-36,1,32,26,-10,158,104,113,18,-28,-28,28,34,134,75,31,-55,83,-74,-49,54,135,76,-27,12,62,107,60,147,135,31,-120,-39,85,-24,94,34,-20,32,-56,81,49,106,14,79,121,-87,57,65,40,52,-90,-100,18,18,94,61,95,0,10,-92,29,25,-11,38,160,63,-168
-120,11,7,-9,-74,82,-69,204,13,117,121,19,38,69,88,62,-59,47,-118,-4,-48,74,110,85,161,2,-57,25,-150,47,81,113,37,-14,122,27,34,41,-76,6,38,-52,-27,150,160,1,32,24,29,-137,-9,156,50,-40,74,26,72,14,99,32,-40,-35,36,49,-5,-41,145,-40,18,-41,23,37,152,15,81,-50,9,38,58,-87,-3,-89,-16,16
3,-71,65,13,-31,175,74,60,-58,-66,43,59,103,-70,8,-14,133,-54,93,18,40,85,76,-58,-19,143,61,-11,155,25,-64,157,-2,20,-8,4,38,14,0,-18,83,0,136,9,185,108,11,131,146,7,50,-69,68,126,54,56,169,-18,40,93,49,170,2,56,-13,118,-9,16,102,-88,-31,7,124,145,189,55,37,-123,71,-17,16,-4,-1,-144
-71,6,13,54,-13,14,-63,34,-19,49,-114,52,-5,-70,97,50,-12,115,23,-118,-57,47,-79,-72,91,64,80,88,-129,18,-54,-3,40,63,190,8,-5,-73,-100,22,-139,172,-63,28,-114,124,-17,-149,73,4,97,-8,107,122,153,70,-24,-116,-61,1,-65,-30,102,-27,-64,53,58,116,-49,11,0,-84,138,-55,27,0,38,71,-102,-35,46,-91,-60,26
-19,120,20,176,63,-4,57,89,-15,24,-13,79,55,179,20,136,53,212,-87,-22,25,45,-89,-7,-76,-82,25,-56,30,-22,49,187,65,-35,-148,-130,-13,-19,152,-63,-58,125,166,128,60,-69,-6,174,199,16,5,67,-128,105,62,55,104,70,44,176,62,100,-46,14,167,38,-7,56,234,21,89,-162,-104,-1,17,-48,42,-58,41,-80,-63,-62,-89,77
15,-1,60,8,-118,199,-15,202,48,-29,-14,78,181,-35,118,-19,101,5,88,-37,63,87,-4,117,141,180,-21,127,-46,93,-126,15,-63,-25,83,172,84,133,-107,75,173,-10,-16,25,280,122,-77,18,81,-14,-83,188,34,51,110,122,21,17,46,28,105,110,67,110,-25,135,120,-45,143,31,94,-76,76,130,105,44,130,53,148,22,138,181,41,118
-18,27,-95,59,32,48,-75,61,1,50,14,-35,32,-8,75,127,-20,31,-108,80,122,62,-19,-14,92,91,24,159,-19,-28,4,125,74,122,106,120,2,10,56,-33,18,-64,46,-56,18,34,40,7,33,-13,-38,129,41,-2,15,22,97,-132,-18,-30,-53,149,-68,-36,19,21,32,-15,48,-46,80,-6,111,64,80,-41,17,76,50,-124,-6,-60,-32,57
-99,-43,-42,20,13,-61,-46,-13,-42,-13,-35,46,244,-86,-139,131,-74,85,-75,-53,-8,-71,-40,189,69,-35,-82,30,-64,158,123,87,56,10,7,3,-11,-2,79,-49,-53,-5,41,40,28,70,37,58,124,59,102,177,34,80,157,-94,-68,34,33,130,2,-62,95,-71,6,77,126,11,182,-11,156,-119,55,-120,114,-94,-15,12,159,-16,-54,38,-18,111
39,95,-83,22,17,152,-6,-28,35,70,184,-55,-69,20,4,210,-11,49,-60,57,101,62,-15,-78,39,-36,-46,85,-54,127,188,-29,30,54,-5,-68,28,153,22,56,63,-91,-32,-2,-5,-22,85,107,-33,92,-113,99,-22,13,28,-39,58,47,137,84,1,31,-74,-78,39,52,6,-80,58,9,114,16,18,74,-136,-34,-67,130,38,22,41,100,105,10
-9,-34,2,20,-33,106,-92,47,-5,-83,-143,-27,168,74,156,77,-1,26,-93,-4,28,105,67,100,-102,51,86,53,17,17,56,-24,-103,-90,-25,69,66,26,63,-11,32,28,120,-17,89,119,33,12,63,-86,-96,83,24,71,-11,-4,52,-3,49,22,172,157,20,95,-3,208,26,67,102,-111,143,-154,27,79,134,-82,-99,-30,154,-101,46,-1,41,-43
-163,-162,65,-100,-102,138,52,-37,-66,82,-33,-91,12,-217,109,-109,-3,70,-64,56,11,120,-30,28,125,58,84,130,8,139,68,-68,115,85,-165,14,46,90,-31,-60,173,-110,-78,8,-22,-34,18,-108,24,-24,-65,-103,-107,-35,-12,72,-26,54,-87,14,-8,42,2,-13,-90,22,-49,-57,-114,106,22,-100,-176,45,156,6,25,-84,6,36,-88,20,-4,57
90,-34,-91,164,50,81,18,144,158,79,40,190,68,66,132,160,-83,-24,-91,149,25,70,189,0,31,110,-71,36,19,-34,64,49,110,195,119,7,-54,-22,232,13,114,123,3,-54,-66,-49,90,116,-20,-8,55,95,-3,179,31,137,-26,-161,22,78,117,196,-21,25,102,8,-53,77,30,-54,84,-76,-153,93,92,15,58,-90,-61,88,1,-26,64,151
-135,8,-75,-143,145,-48,-16,-117,129,-45,86,-115,56,-138,14,-78,-4,140,-98,47,-2,101,-100,107,-79,-17,63,9,-5,-19,18,-124,40,66,-124,-14,73,-151,-148,25,-99,27,41,-55,-50,27,48,78,-45,88,56,20,-78,64,96,-75,-38,18,176,-34,-55,-38,72,5,49,74,10,12,39,8,-145,35,75,-111,104,-28,-28,-121,55,-126,15,103,4,9
19,-39,10,16,94,13,102,47,-232,-31,-69,85,154,66,91,62,-4,-34,-108,147,74,-75,157,-48,-5,41,30,57,20,53,7,105,-14,33,6,5,-146,-31,-9,36,-9,27,48,92,-18,21,33,159,-72,54,89,74,-8,54,13,23,146,-119,155,-88,90,142,4,53,259,64,94,25,107,21,126,28,-65,103,36,8,-22,40,168,-92,26,-40,59,-109
152,129,-8,215,-11,-9,71,187,-31,2,24,-33,2,138,-45,-48,-48,108,-9,74,192,81,115,107,157,42,52,-9,-36,125,68,69,-3,87,42,110,-37,237,195,25,114,-77,32,-44,-3,51,134,119,107,102,-1,-9,58,92,192,152,13,0,-37,83,95,116,29,10,237,-26,98,-69,-2,22,170,-80,0,128,-10,-119,165,-37,156,38,-147,-6,28,-3
57,41,-78,-49,-20,43,41,117,-7,76,12,-5,41,107,-38,150,-192,-77,-35,-8,-26,67,36,31,135,-57,-61,-50,-26,92,-21,-36,-133,56,133,65,-52,46,32,82,85,-1,-154,3,-95,51,78,-50,64,188,-29,60,-36,23,100,56,158,53,-87,92,-77,1,-55,-29,29,-12,130,-18,3,-159,97,-12,-1,34,69,31,-36,98,137,-46,13,-30,81,-33
-95,68,-44,-40,28,-82,10,-14,-36,60,-45,-91,-56,60,-21,107,78,39,90,0,-78,-29,31,84,-6,20,48,-1,63,38,133,-101,63,-30,-79,-48,-16,-20,41,45,19,-53,136,19,20,60,-28,15,-44,1,128,110,154,91,-35,-8,125,89,-4,113,71,-42,-54,-30,42,28,19,28,51,-123,22,84,39,4,-109,51,6,-23,-18,-19,-59,13,51,-38
-16,31,9,32,28,-46,99,80,37,42,-44,-19,61,105,70,159,-39,-90,2,85,78,-55,40,5,-6,-69,57,70,-15,58,84,-98,38,65,64,33,101,94,7,10,125,-9,-6,96,-51,50,23,-40,19,44,89,146,13,84,55,92,26,20,-15,122,66,-90,-57,-27,115,-95,109,89,45,60,40,-24,-34,-179,-60,-32,52,62,107,106,77,117,99,47
154,14,82,130,18,76,88,214,43,-14,174,13,51,27,137,58,27,-54,-146,30,128,125,-19,120,13,94,-129,157,142,99,98,32,35,-23,163,-62,124,82,197,74,236,-5,-68,41,93,11,55,-21,62,-41,-152,137,-8,155,113,-25,160,-18,149,54,101,144,-128,45,-12,168,70,20,179,19,160,-81,5,114,93,59,19,173,35,9,100,84,29,143
-121,83,-153,-45,53,76,-64,95,164,89,-2,44,3,83,74,56,-54,-4,48,76,-127,81,19,55,11,74,-37,-14,-60,-63,-107,58,-87,93,85,95,-27,96,-132,33,-94,45,152,5,-140,67,-101,-16,-81,140,159,-25,-98,1,-6,143,-48,75,-189,66,-12,11,-2,-146,-54,-64,-145,41,50,53,-101,-22,-39,-13,77,-23,-107,-89,-48,-98,115,85,93,42
36,-65,-44,-70,43,5,82,-78,-21,10,-82,215,16,-90,79,68,19,-35,-38,15,-56,-15,-70,-10,7,124,-21,49,1,66,26,-11,-3,47,-28,-1,-18,88,-44,-75,-109,138,90,92,-45,63,12,80,84,58,106,22,-125,21,119,-17,40,-74,113,1,-129,-42,20,-25,19,74,44,90,82,29,-26,55,-119,10,256,102,-17,7,-31,77,42,-67,-40,-6
45,-38,-80,38,-2,141,-5,172,184,-99,76,85,219,40,104,-25,24,36,-98,56,23,-5,124,213,77,119,96,76,43,12,42,-40,-84,72,66,129,2,-32,-7,21,134,-26,-19,-97,17,71,46,1,-41,-89,49,18,118,-23,-156,38,-15,80,8,-79,118,50,90,-3,1,126,-57,-32,-24,33,105,99,-97,-44,173,-82,-95,-106,-80,73,41,62,27,127
38,42,69,135,-50,74,-26,70,-58,108,72,-4,153,-66,89,-53,226,155,0,33,88,23,10,86,74,109,145,84,10,84,-11,14,162,15,-10,87,13,87,29,81,160,-116,-38,2,50,15,57,19,24,7,48,-6,29,59,86,195,-60,-5,13,15,106,95,-27,31,22,44,54,72,-46,113,118,-54,79,51,27,-51,74,49,45,-7,31,183,21,66
-5,-85,42,-17,-55,-36,-37,-66,-15,4,51,87,-32,-84,-33,-15,-42,12,-142,-6,-62,-44,-99,-2,8,-17,20,74,46,18,-83,25,31,-74,30,-22,-54,-56,-101,-90,-6,50,-123,59,-108,-130,-10,-86,-84,-49,-203,62,-40,11,4,38,-107,-96,-179,55,-123,-56,38,-1,-4,-41,17,-75,-40,-28,-30,-56,-50,6,-11,-44,25,43,12,-99,-58,-34,-21,-19
76,-40,-60,32,64,-77,-130,53,27,55,122,-69,-139,-11,-27,-140,-73,28,-74,24,-49,80,-61,95,134,-32,-28,-60,8,-149,-13,98,66,-130,68,-4,-121,-110,44,-7,70,63,-12,22,27,-15,-122,135,-1,12,62,-50,20,-71,-60,-64,110,-121,-13,43,-206,51,-22,-71,-107,17,63,-89,-24,69,-33,7,32,59,149,80,159,-36,-128,-89,-202,-79,-88,-35
3,-68,75,121,37,-127,87,-10,-39,71,190,39,156,-80,78,58,38,-47,-104,27,140,66,-20,52,94,-82,80,210,106,135,61,215,15,-3,139,-17,-40,14,168,-96,18,92,-25,-65,55,86,92,98,24,-9,-21,22,-74,-39,60,106,81,-15,91,-65,43,112,108,64,175,66,96,-17,214,155,22,-54,109,21,61,72,-26,71,-46,-35,-41,-76,-39,14
171,-38,-42,108,-110,-45,-92,157,42,-11,60,16,-21,-4,12,-127,24,-47,2,-10,48,-89,-76,-64,-29,-20,-87,45,-72,51,14,29,-154,-67,120,152,58,26,59,-19,7,-72,-58,-113,-9,40,43,-33,52,144,-68,133,-6,34,53,-23,-61,6,-93,108,45,-92,113,158,46,105,-144,-57,11,33,43,-159,-17,34,52,12,0,11,23,-51,-5,-80,85,-43
-30,55,59,39,110,122,52,79,13,58,24,-58,44,46,-2,52,147,103,82,-74,-70,73,-31,63,-15,1,-45,-1,107,7,87,19,-8,-121,41,18,68,211,25,-37,-8,16,8,-31,119,-21,12,-102,-4,-26,-18,107,18,53,-30,24,-59,66,67,176,125,-192,112,-15,-96,187,-141,-64,181,12,-11,-15,-9,20,7,21,-47,-65,51,-46,-33,121,108,-17
46,-5,119,-98,-69,70,65,-13,16,-37,-47,-36,23,17,1,-23,84,-57,-58,23,-4,-12,-28,35,-51,79,165,107,62,136,84,-20,114,65,-10,12,240,215,79,-121,-34,91,172,31,-1,59,211,-99,60,9,-27,96,-136,59,118,44,-29,228,83,-25,-4,-85,17,56,10,-27,0,77,25,32,-43,85,-26,77,63,31,63,-27,-8,161,63,216,-77,31
46,0,-138,-55,-25,-26,157,178,97,-65,-40,59,-51,-9,112,65,-34,30,-29,110,41,3,165,97,135,-8,45,81,-10,47,81,124,28,117,-28,-137,-73,-90,109,-33,110,19,19,6,-185,6,22,16,-100,-44,-133,49,152,-1,47,31,47,102,-61,-53,73,-11,99,75,130,6,-7,-59,-6,-60,126,-42,13,117,19,102,-30,11,34,43,78,-30,18,68
-126,-43,-2,31,-50,-50,-111,76,107,-8,-16,-84,128,87,-15,-31,14,-82,-63,-66,-187,61,85,153,-79,38,14,48,94,83,13,57,-22,51,186,-59,22,61,116,14,-71,84,134,-11,1,142,14,-91,-8,-75,138,43,96,71,-77,127,29,46,25,88,102,114,40,26,20,77,36,-50,63,-130,99,109,110,82,-9,-90,52,42,35,-69,88,57,29,-18
126,47,92,133,60,217,33,110,136,33,190,-63,127,-99,73,57,164,85,-211,-39,128,76,-37,10,95,-37,124,170,93,231,113,-89,94,26,-55,134,135,156,17,6,184,-57,-15,-120,-4,66,188,30,25,75,-26,-125,-26,14,45,77,69,-60,163,58,228,102,-35,-107,-61,171,-2,-73,2,43,244,-37,-47,81,126,-31,-106,-81,-51,-164,17,190,50,71
-70,25,18,93,-25,-71,-29,22,7,83,39,47,13,140,-55,88,-16,-68,-69,105,-107,-103,16,-96,-168,-32,-154,-66,-53,-88,-115,86,-66,-66,44,44,-12,36,-72,-42,-95,43,67,131,33,30,-51,35,-7,-59,112,37,-53,37,-69,73,-73,-15,-50,24,-132,-129,-58,-12,-4,-188,-52,212,43,-22,3,-63,-71,-101,-28,-5,13,-21,31,-185,62,37,36,-11
-107,97,27,-100,-154,-19,-1,5,75,-20,-5,-33,-43,54,-51,-38,6,-113,5,-57,-2,14,-65,-70,42,-35,7,-124,-95,-28,42,-88,-1,20,-24,-44,28,-112,51,1,40,-4,46,86,26,3,-29,-79,-85,7,93,81,94,-7,19,11,19,144,-24,-79,30,-92,96,103,-8,46,-39,53,-47,11,-110,-24,83,-22,2,64,45,61,-40,-66,83,55,11,56
-70,5,-72,-38,-115,45,-119,177,-1,31,49,-67,-23,40,-14,-47,-24,-34,7,-55,-17,-11,-82,-75,103,-149,70,-22,-124,-11,53,83,151,-71,53,-72,-139,45,3,-82,-80,-3,-54,-4,27,-11,-56,8,-23,-154,28,-24,138,3,-107,66,-33,10,-47,-23,-21,-42,34,19,-121,-49,73,1,-13,27,-6,-48,151,-10,110,-74,132,49,-81,-66,-128,-58,54,20
-49,75,-81,53,141,127,-12,18,142,-8,1,-44,65,-43,2,61,134,181,27,-112,-87,108,-130,136,71,4,8,18,-15,71,75,114,-16,151,249,94,4,60,99,136,9,35,12,40,28,139,36,-28,21,-5,-34,28,87,104,82,18,157,41,-83,218,104,42,-15,33,-21,153,19,35,116,-106,63,-17,100,-6,82,-123,38,32,17,88,56,-43,86,3
136,2,11,-13,91,133,144,170,-49,-64,-21,152,-38,51,70,-13,92,136,-28,142,28,-75,8,-4,156,-12,-11,-15,70,20,58,139,62,-95,-78,91,21,-7,185,22,97,146,62,-59,97,1,-70,-8,104,12,-79,83,-48,-53,-19,-47,128,49,22,98,90,-4,27,19,40,23,-16,22,111,90,121,-30,-137,212,81,98,83,-201,81,74,-71,-60,54,-56
115,228,22,15,-26,59,77,169,33,-28,10,4,96,22,3,74,73,-32,61,-55,-58,-101,-11,-129,6,-85,48,70,78,-44,-78,-26,119,-34,45,35,-10,-84,10,36,156,-80,-4,35,-29,86,48,-16,3,-81,-37,-161,83,-36,-112,76,-35,88,-33,77,257,63,29,56,-121,-16,2,130,-120,-57,205,-218,163,105,-154,-27,59,-12,69,42,82,106,-16,-46
53,52,-48,-30,-63,17,-81,159,66,-51,101,110,69,56,6,128,-149,51,-225,29,120,134,39,37,100,37,-63,80,-160,52,-18,58,-40,35,107,76,25,13,20,145,-121,129,38,-30,-31,159,137,18,83,-16,50,215,22,80,197,65,59,-56,119,-92,-85,68,1,40,91,115,152,-79,219,-205,103,-50,83,156,44,-90,-16,88,119,-222,24,-28,47,95
-3,92,28,77,30,156,-69,-47,-39,-63,-102,234,81,99,-39,80,-58,48,107,53,-93,45,-29,43,-27,-36,-83,-102,5,-83,-10,85,-27,12,-56,-5,-85,-85,99,63,-77,108,-5,94,161,7,-47,-1,92,30,3,138,65,127,171,-8,-62,0,6,24,-13,41,58,228,138,22,53,104,85,-42,30,58,-37,-9,-53,-38,176,-20,13,47,-52,-40,-137,-139
-9,41,3,114,52,70,74,60,36,-109,-62,-25,110,-77,31,29,87,162,-86,14,139,-53,-113,30,-59,17,85,35,-8,114,24,71,116,90,-32,-16,153,-2,129,-68,48,-4,6,8,-142,-5,144,-84,25,90,-46,-2,-7,60,166,6,-9,74,21,81,114,-5,-2,-37,79,40,-38,-16,32,11,125,-97,39,35,36,-88,-34,-56,157,11,7,183,-48,77
-67,-86,7,24,-141,-36,-51,35,-35,255,-60,55,27,117,124,54,-142,223,43,83,-50,178,146,0,235,98,89,136,57,46,54,19,50,3,198,39,-183,34,9,-34,-103,103,-46,-2,110,50,5,20,132,8,-117,81,134,37,29,179,-122,-27,-92,-39,-105,74,-67,-8,156,30,55,-12,-70,-47,76,-31,-27,-4,46,33,109,37,-22,-50,23,-1,-34,-33
30,33,-6,-26,-38,-59,-4,107,-6,-68,32,-10,114,46,-77,-1,-14,12,103,-126,-5,-100,-27,-26,45,-2,53,-16,-10,39,-73,13,-70,-53,72,178,-4,-23,17,11,48,-66,8,-111,30,107,220,77,39,35,75,1,-106,-114,-102,169,-7,47,69,39,67,-77,98,14,43,-32,106,-149,-5,-106,179,-65,-23,207,6,-53,-7,-1,75,8,51,5,-73,26
151,153,-65,120,125,71,102,74,163,-29,-9,-83,3,9,-22,93,46,23,-55,19,36,-39,-67,97,-12,84,65,33,14,76,53,-26,-128,122,59,27,73,131,85,91,140,-36,-14,-54,-67,145,60,80,99,145,-5,-1,96,3,-105,-26,160,50,33,260,188,137,-82,2,72,19,18,103,-30,-38,237,-50,-80,14,-23,-78,-112,100,167,78,86,160,205,90
-110,-87,-26,-115,60,99,7,-61,-49,131,-15,14,-15,21,-22,-10,34,127,2,30,7,36,76,133,-29,-15,-9,87,74,129,115,-4,73,11,37,-13,56,-66,44,102,-69,56,64,26,-32,49,93,27,28,-16,-8,74,203,118,28,1,78,15,18,175,40,-41,27,73,-15,124,77,83,94,-165,138,17,-50,-50,22,106,-14,-25,11,-55,108,148,156,-10
-85,64,-32,-10,-12,162,9,38,60,-75,30,44,14,115,7,32,-127,43,11,-42,-87,72,32,146,34,21,61,213,-18,191,132,-72,92,127,-39,38,109,-81,89,38,79,9,123,-91,-9,183,140,-36,11,25,88,108,18,37,-43,12,111,266,35,220,200,-104,69,12,53,131,-38,2,108,-59,124,-1,-84,-75,64,11,-93,-111,0,69,79,-17,85,79
-21,-25,-126,22,-44,38,-89,145,85,4,-61,76,26,20,60,-19,-47,-54,-140,54,31,-57,15,57,4,10,-42,48,-98,80,-12,88,-46,70,103,27,1,-96,18,28,-16,6,5,-136,-132,-16,-15,-82,8,23,31,29,126,15,69,-31,20,-49,-42,-50,-56,73,-3,20,28,46,26,-149,-13,-133,146,59,3,-17,-27,-34,8,19,-85,-55,-50,2,-40,99
-31,55,76,97,18,-20,-39,-66,-38,24,98,-4,-65,161,111,20,-158,8,42,105,37,87,156,18,-20,56,35,-7,-66,52,13,-65,82,-123,-56,-102,-153,-22,65,-8,-38,24,-46,128,86,15,-154,205,-18,113,-80,112,-43,33,45,40,-14,-1,-26,-91,-98,232,-87,-78,155,-51,96,15,-103,65,80,71,32,96,-30,24,78,104,129,49,-60,-75,-60,-60
-77,124,-75,7,78,66,56,12,-92,96,47,169,48,19,45,101,37,81,-30,46,-11,85,65,3,105,136,-57,-98,-113,73,70,-36,-38,-35,64,-60,-25,165,-86,20,-61,-63,22,78,-19,-15,-1,36,33,-31,-10,24,7,18,161,138,-35,-59,-61,69,10,-76,44,-79,104,64,-55,67,71,-9,153,-10,-20,25,-3,-119,-42,-10,88,-65,90,45,120,-8
-36,-18,92,-103,153,134,105,-100,33,-23,-27,120,125,-104,27,132,44,29,2,106,54,-6,112,-97,145,7,51,105,-7,78,-51,-45,7,117,6,75,-38,-118,-177,87,73,-10,43,-50,3,38,89,61,114,12,34,-48,82,-7,42,25,-39,-60,174,-93,160,8,78,158,87,68,55,-67,59,-62,16,32,-37,135,32,70,-14,-96,-22,62,13,83,88,-65
128,99,27,19,36,39,72,136,24,-132,-28,-2,-71,-58,-67,74,106,-72,116,-77,32,-42,-21,-232,41,5,148,-124,11,-72,25,61,37,-80,27,-27,-104,12,-17,-20,14,2,14,60,20,4,183,33,-7,102,17,-5,-119,-1,8,117,160,30,138,95,37,-11,-27,-19,-99,32,-46,-31,-23,-41,-62,-33,137,159,-2,71,-11,38,-37,82,-35,71,-94,-23
-85,-71,64,55,-60,-46,98,37,-60,97,181,12,102,71,34,4,-81,-35,-36,37,68,224,97,176,151,-41,-74,64,38,63,82,-80,-27,112,113,30,6,9,85,-145,73,13,-76,40,46,41,200,-46,-31,-89,-6,24,69,30,1,83,-60,41,-19,-165,36,129,143,66,12,54,103,-72,-96,-107,100,2,65,-65,41,-111,-4,43,85,13,-42,-111,41,-61
0,-21,169,-1,-69,53,53,16,52,53,-48,157,-53,-42,-3,-37,115,-77,-10,-53,-32,-96,-151,-98,24,-51,35,45,57,123,-56,-6,-1,-189,222,83,70,119,-45,66,-22,99,12,37,22,94,-4,-143,31,-114,-162,48,-24,-29,12,83,-117,-17,49,28,-9,-30,124,107,1,-36,3,46,-22,58,-37,-29,26,29,-107,27,181,-20,39,156,139,9,-16,8
