-45,4,21,77,19,14,10,-2,38,6,-77,-156,-17,17,-116,-1,5,-42,-23,119,-57,90,-187,168,47,66,-140,30,74,91,93,-76,-35,-2,4,96,174,45,0,8,-44,12,8,-72,164,-10,82,60,-15,191,34,72,3,132,-9,95,60,4,-112,81,-27,1,-19,198,44,-67,-95,11,14,-7,41,20,27,51,-45
82,46,31,58,77,-17,163,-61,91,34,-19,-62,32,85,-71,23,69,21,-10,26,176,17,-34,33,24,22,-16,-53,-104,51,-101,-84,42,-58,83,-57,26,-78,-21,-69,-89,29,-6,-8,59,36,46,45,65,54,47,32,-32,28,104,72,0,17,-16,-61,92,37,51,-50,-43,143,87,25,104,30,-86,46,105,-104,-23
153,43,101,11,-26,-32,144,-6,-12,28,-101,43,0,84,-38,15,96,41,-9,38,181,42,69,-75,-48,141,92,146,14,-34,22,-25,30,-28,9,85,2,-33,96,-16,14,-35,-69,-164,31,-29,111,45,-31,3,42,-29,124,50,58,50,35,70,-71,47,-40,-45,49,-3,-74,159,43,-1,-10,-85,121,-30,69,-98,53
-52,82,-44,20,117,23,3,6,52,6,-16,9,8,-18,-4,72,-28,-32,76,15,-12,25,115,151,74,23,28,141,85,-48,90,-2,9,40,23,-11,-5,53,114,-92,-126,70,38,124,63,24,109,-37,-8,-19,82,64,-38,18,50,37,-60,53,172,3,76,-7,78,109,75,-128,10,42,103,20,142,20,124,68,-28
-15,135,115,56,115,-14,87,79,-27,38,-68,5,11,94,62,107,-103,163,-159,-56,93,-59,31,-6,33,82,110,5,52,40,-29,100,52,73,40,63,38,69,27,143,36,126,-21,-34,58,-84,-130,58,92,53,72,-87,168,-8,124,-23,-147,9,10,25,36,62,163,68,-65,-4,234,-73,-53,152,100,31,110,56,114
89,66,14,-69,-32,112,-31,112,193,13,37,88,69,87,100,43,20,-52,32,24,-4,-19,69,-74,141,4,23,59,-115,15,75,169,61,169,-69,173,171,-90,94,-40,20,11,199,87,-35,41,86,39,69,91,-73,-67,47,-18,44,133,-40,-23,-1,29,64,32,74,-52,41,93,79,172,147,10,153,-66,235,31,-37
16,34,44,62,22,77,110,-30,152,-35,17,-53,13,-1,80,26,9,31,41,-54,62,87,59,-21,-28,38,-11,12,73,58,24,-52,136,-27,10,66,-76,8,68,78,55,96,60,63,121,-2,117,-87,-26,-46,53,9,29,55,75,15,39,-19,112,49,86,-33,42,78,90,-92,-44,37,65,-88,-58,-49,-45,-72,-109
129,-59,-45,50,-8,81,45,-22,16,-6,-103,-21,95,-7,5,-107,89,38,37,61,24,33,68,-12,90,-47,-50,-100,-1,-41,86,14,-86,4,-161,139,154,16,-110,32,-18,-51,-169,12,-30,83,-62,17,95,69,127,-124,62,161,28,-45,-69,-87,48,59,-17,43,55,-21,-9,76,-15,16,-16,33,-81,-78,-57,-73,66
88,-1,60,-27,41,-130,-15,-12,87,16,78,12,-101,6,110,11,29,32,-57,-55,101,-68,50,10,44,96,54,132,-39,65,-47,2,56,9,139,-110,-70,-70,-3,-7,51,23,29,-26,33,24,14,184,-8,-7,-15,40,71,-17,-13,60,81,53,41,-2,121,-25,24,84,-21,-105,72,-90,161,48,98,54,85,-19,32
-43,-1,34,11,47,20,73,25,-46,-48,14,9,125,34,-47,32,3,-2,-5,41,11,46,-61,44,100,-12,47,-24,-49,-41,30,-10,-38,-57,-26,23,-56,-41,2,-24,-81,-65,-11,42,140,45,-73,-6,-53,122,21,2,-9,8,-29,37,-15,-90,-77,234,40,-26,-43,71,-141,100,-1,4,51,-130,-114,120,44,-10,64
56,-21,-195,125,45,163,-18,88,130,80,17,19,102,48,106,-59,33,36,98,63,10,-74,87,-60,78,54,92,118,-27,64,35,-19,44,128,-58,-76,81,-13,27,-52,21,70,56,138,105,10,43,38,43,-20,83,65,63,45,-46,136,-156,-86,98,84,38,65,-5,36,131,-93,-30,-34,70,-7,-21,16,138,142,33
94,-54,-29,24,88,-123,8,-120,17,54,-17,79,115,103,171,-94,23,-9,1,62,5,-48,118,64,61,-41,121,10,93,-30,25,33,35,-60,59,96,-53,-52,69,49,7,125,11,41,126,77,48,66,76,-98,149,15,87,204,15,112,-11,65,100,-59,127,-64,-17,59,81,-131,70,-23,69,52,39,-42,23,51,187
61,78,-38,-34,27,-33,-13,-34,90,45,132,66,91,76,68,12,102,7,43,27,72,12,88,-28,-148,-13,110,170,-115,34,-73,-16,90,36,33,-90,-33,-44,-20,-74,-116,165,140,-32,34,11,54,151,-4,62,54,37,92,4,41,76,37,-82,60,104,44,50,-119,-13,-42,-9,35,-65,11,-13,-73,22,-32,70,119
-105,15,-140,-36,-35,61,-74,-19,101,115,162,85,17,11,80,5,16,23,-83,-45,56,-66,21,19,36,98,31,31,163,128,104,95,45,29,-9,32,21,-143,-2,88,-47,34,41,-36,35,3,179,22,83,48,15,108,50,36,-46,7,-9,38,130,77,-32,40,-81,66,71,-9,39,48,-8,-115,71,-43,176,109,78
27,10,-33,15,79,37,-7,-87,130,-33,-54,46,122,57,36,31,17,92,7,22,73,-93,48,28,2,120,98,70,-136,65,36,-27,114,-34,93,35,15,-53,149,-59,-37,72,120,-16,77,-40,75,2,-25,102,40,18,66,94,24,57,-10,13,29,95,134,20,91,19,75,-22,21,70,31,20,59,127,76,13,80
-48,8,-92,13,-9,-7,5,-43,-43,-107,-39,57,-76,92,-52,-22,-107,21,-10,58,64,11,175,23,-8,0,148,82,-33,-79,-151,7,15,-62,15,-73,-88,49,37,-11,-101,-77,-59,-54,48,-32,-70,-35,14,-132,-114,41,60,-18,-91,-17,-51,63,13,-54,-79,-136,131,-18,-68,-70,66,41,-65,107,1,27,99,135,46
35,60,-121,84,-84,42,104,77,-42,96,25,9,14,78,68,58,88,2,15,-151,54,82,168,-28,-11,100,125,124,23,51,32,-41,-38,65,98,-25,-78,38,65,62,-8,60,-82,16,-147,-78,-85,-49,15,-132,-24,15,-6,-54,142,49,-48,-112,46,-67,67,-44,-40,13,44,-46,28,37,-12,-18,-71,-94,-13,55,53
-23,78,-46,62,0,108,-81,-94,76,13,108,116,39,63,55,-22,39,-1,113,67,-21,32,6,52,49,23,144,30,-18,-8,-63,38,1,93,71,-8,76,-50,98,18,40,-14,171,-13,41,110,-88,41,74,99,71,-27,35,115,33,108,57,220,111,143,-19,-22,-41,39,-2,4,44,-8,45,75,170,-44,-59,157,-35
45,59,-164,41,6,69,85,-2,-67,133,-57,-73,202,-9,-9,-66,53,84,25,-90,-81,-83,91,24,74,68,-8,118,-63,-63,123,79,-7,-6,86,-24,-35,-33,10,-97,-30,-86,-22,-10,-59,-20,-111,-82,-12,7,-70,-32,106,5,-27,-20,-12,70,29,-18,-44,-130,-23,-43,111,35,-60,110,73,35,132,57,214,-14,9
-24,-21,-6,-15,120,-11,-44,95,-75,-58,-96,-148,22,13,-45,27,-159,-7,75,-3,-58,27,-93,83,-124,-51,29,-68,-21,-103,-67,-49,-81,-65,9,-17,-59,-102,-61,29,-4,-26,-75,-27,46,-24,93,-26,9,-14,72,-16,-81,-45,-189,-12,-41,31,-31,44,-30,30,-19,34,-20,-81,-43,17,-83,-141,-34,-5,-9,-42,-32
-101,84,-114,10,72,-54,-108,63,-24,66,-15,-86,28,56,-52,9,27,-109,-82,-45,5,66,-126,75,-10,81,-32,-77,-7,138,39,-159,-9,-53,-82,51,56,-5,-5,25,41,32,-30,40,-22,-35,51,-51,-10,121,220,28,13,60,5,66,57,-20,-60,-31,-13,-57,-125,-56,-18,22,-123,5,98,-90,-9,-4,69,-78,35
-112,-38,20,-110,84,-41,30,26,-40,74,77,120,41,168,93,8,93,-34,-56,-30,29,28,237,171,-35,141,101,118,72,-57,125,68,-98,-39,141,84,-13,59,141,70,-24,27,-24,-24,-133,-81,44,-24,87,42,-82,-22,1,30,-37,191,-5,-44,6,-38,62,-55,-37,13,45,156,107,141,85,170,114,45,103,36,164
7,172,-5,-25,65,33,29,50,9,69,119,46,27,18,-76,106,3,16,28,-107,8,47,69,72,-119,36,174,43,86,-86,47,-50,-1,-50,37,119,13,-2,75,21,68,64,17,52,-74,-18,173,11,1,15,63,54,-61,8,-59,21,-35,22,42,-17,91,-31,0,31,62,59,95,7,58,-8,145,-164,52,-95,-14
-45,0,-48,-137,50,-68,-71,74,109,-8,-79,158,30,108,90,16,16,-110,173,101,135,41,-32,189,74,63,73,52,14,-22,17,152,-161,176,-16,55,91,192,61,-54,-6,-94,-97,1,-25,169,75,-24,45,134,117,-3,-106,111,-82,72,-44,123,75,29,127,32,6,-84,49,-9,153,59,51,14,185,-54,48,87,125
118,-21,-49,-18,151,10,-85,-61,145,-38,131,108,-31,90,36,11,98,33,177,-1,131,111,91,54,35,127,57,77,7,15,71,-61,-15,11,-21,24,-1,91,82,-134,99,2,77,53,-75,26,9,25,7,98,-8,24,43,52,45,56,50,112,164,-109,177,-38,57,-47,54,13,64,131,105,-11,15,109,29,81,44
5,115,-122,69,-20,2,-5,-63,-96,108,5,24,152,67,17,-48,4,100,-78,-45,-125,-1,-178,93,78,20,-12,66,66,51,-32,-85,-2,-113,127,50,-65,-43,154,2,-42,-44,10,-31,63,-83,-122,-27,101,-35,-128,29,56,109,119,-60,170,110,21,-130,42,-201,-49,15,-23,50,44,140,116,119,101,-10,114,-19,-54
-24,119,-52,-21,20,-15,-123,24,-47,-54,133,-34,11,-87,-141,-74,84,2,-21,-78,-22,41,-12,26,14,-20,-74,-56,-36,57,93,91,-16,44,-2,55,119,38,-13,-152,-23,38,-37,79,30,91,33,-9,34,134,-54,-23,8,87,-42,-43,53,17,30,42,-17,-11,69,109,25,-8,-82,64,-8,17,55,110,45,8,-13
27,147,90,53,33,-27,-67,84,-38,39,82,73,-2,33,124,-1,96,-105,116,125,15,225,41,73,-2,150,-4,68,105,-135,4,195,-28,69,71,115,125,69,137,15,31,-68,29,-26,33,-27,-7,-24,-3,15,33,68,-103,-1,50,184,36,132,61,99,62,66,59,27,42,32,16,149,48,14,89,-17,102,135,191
-201,27,-22,23,56,9,23,0,143,61,67,-18,-54,46,-18,72,145,204,-84,-48,62,-106,-173,181,-32,115,137,-9,60,144,85,-52,90,-14,90,91,14,65,-17,79,193,100,-26,-134,-89,13,89,226,69,247,128,31,22,67,-9,-27,-50,-14,41,-83,-2,41,-83,-26,62,100,61,-44,-16,25,169,80,94,68,32
7,19,152,-110,114,76,76,77,132,-109,23,-61,-92,61,22,113,-21,-7,-69,-20,80,49,-98,30,15,40,2,35,137,58,-30,21,-53,26,-36,57,155,16,132,-31,4,46,8,51,70,-83,106,105,129,14,-1,-17,36,108,87,129,52,-40,-28,2,48,97,158,128,-46,-49,62,67,72,39,66,-51,59,-70,-60
7,107,111,68,19,60,2,-65,-8,-113,-40,85,7,-36,1,93,67,-19,164,71,-13,111,-44,35,27,181,-12,67,24,-145,17,15,-17,-72,31,126,-46,43,5,46,80,-27,-61,-2,37,87,40,54,60,112,79,134,-140,2,-87,-56,-35,87,89,75,53,108,75,15,-33,19,69,51,183,-100,-14,7,11,6,76
116,68,60,-8,118,-5,106,21,30,33,103,-56,6,73,47,7,100,-35,-13,6,51,48,-36,15,-60,-29,81,-55,38,-117,-64,82,-56,45,28,47,102,15,-41,18,-72,55,90,58,94,13,27,102,59,21,-10,-6,-30,-14,-3,130,-15,-89,-62,72,55,174,75,6,47,62,138,-80,43,5,88,-15,60,-79,92
-36,-35,62,-129,-61,-84,35,-113,76,-52,31,124,-35,110,26,58,84,71,-28,129,63,-39,-58,-112,-27,-39,-21,25,173,83,115,27,48,89,-14,11,41,76,129,-107,-17,53,111,92,68,53,19,33,-51,-33,53,140,116,87,38,-21,74,-35,-6,-15,-49,173,51,-32,-51,-67,93,-56,33,-99,70,47,-85,-110,12
-83,61,42,69,27,79,70,166,-33,-6,97,-97,-1,106,-125,56,28,-38,56,35,-58,29,-60,38,113,2,72,3,249,-27,59,64,-79,35,2,131,156,121,114,-103,30,5,4,46,172,187,-107,82,158,-45,210,-97,-28,158,81,75,-62,-2,-22,48,-43,107,141,80,32,27,30,-215,40,48,21,-86,-61,-3,96
-62,11,151,26,23,66,-10,-14,139,91,74,63,91,-67,92,58,74,95,59,127,171,-57,-49,-38,50,78,123,87,3,-3,-76,7,141,68,19,86,-89,-45,110,52,75,21,106,75,43,55,148,26,93,98,157,4,31,56,64,34,91,-82,123,25,91,50,129,46,-40,63,28,-100,109,-34,-3,-38,92,91,30
-63,-4,24,8,-129,28,-18,-56,89,23,67,16,187,-103,175,28,60,-30,-228,-45,120,-41,13,18,55,-38,27,-37,23,103,55,-47,148,-84,-28,116,-69,56,1,67,-79,89,12,-14,-19,29,112,30,4,65,36,-74,31,36,165,25,60,-54,56,-48,44,-18,-105,-50,73,103,-48,-36,32,-36,-16,-94,-24,-98,63
-58,-84,-77,43,117,102,-101,-73,-24,7,-34,59,98,-63,121,38,-125,16,-20,16,33,35,27,169,128,-82,129,66,-84,3,-85,8,-2,-69,-64,-33,11,-12,20,-60,25,-56,-49,160,83,69,-78,-100,125,53,41,-61,12,0,72,-1,8,45,166,-69,152,-119,36,1,-48,-57,-38,54,101,29,80,-54,37,117,47
-61,42,-23,0,-59,-59,9,114,51,23,-3,-58,-7,191,16,-99,69,52,-84,-23,-80,26,-44,48,124,-61,154,-28,-65,-6,122,92,80,39,82,105,43,237,-24,-39,22,33,-62,-75,-11,-20,138,74,63,8,14,-93,-16,184,-21,44,-81,5,68,-35,31,15,92,7,-20,108,130,66,-124,133,137,-42,195,51,70
84,1,83,-54,14,93,56,-50,50,27,53,70,-11,-33,115,58,64,18,-64,100,121,27,67,25,10,91,-35,-5,78,41,55,201,120,117,48,153,134,-54,-19,73,52,22,125,53,143,-10,120,-37,-17,112,20,-36,152,80,-2,93,6,23,-22,175,101,-6,155,174,139,-24,-31,84,107,32,57,40,76,108,114
-6,38,86,57,49,148,9,-34,31,-19,98,97,20,12,-99,61,92,1,-58,52,117,81,15,-66,37,51,-71,-45,-97,-30,23,-25,-20,151,15,39,121,-97,-20,-63,54,123,94,104,-21,143,58,31,-1,119,37,-104,84,-19,40,130,-19,26,-61,108,95,177,39,107,-29,-15,11,-45,35,-61,53,56,62,18,-46
-46,129,-89,-36,-39,-37,52,-85,-45,62,-58,82,1,28,-40,-40,94,136,1,11,6,-92,45,-27,-56,67,-4,-119,-117,-12,52,-37,-72,-94,111,-30,-109,-117,43,-2,72,30,-62,-23,-61,-32,23,26,39,-44,-68,-30,-21,-25,3,-8,-49,20,-61,27,43,-18,-201,-53,29,100,116,160,28,21,4,48,116,-109,-74
6,69,-8,35,27,58,53,-74,15,37,-12,128,18,13,108,-15,-25,-6,-66,63,62,71,67,21,89,-42,60,115,84,24,72,108,124,58,63,119,-13,98,-54,36,-107,26,26,-61,146,120,83,50,-105,1,51,30,10,15,6,-3,112,49,199,-100,-85,-6,18,0,61,-131,0,-60,-23,32,110,19,-24,91,146
-99,27,116,-65,63,6,-73,-68,126,-61,71,-77,-72,-4,-105,48,11,56,-82,15,-3,18,-111,-8,55,91,-17,132,73,209,-13,-57,120,24,40,134,44,78,98,-71,43,47,76,24,67,-70,153,122,99,125,-50,84,-15,8,57,-63,184,-3,49,-59,-57,41,89,102,71,-12,-29,25,24,-43,125,155,121,-22,-28
6,-4,9,-84,147,91,24,-2,-60,43,23,35,-12,-87,2,-76,-11,2,-71,21,-74,21,63,76,-46,-24,-37,62,62,-66,135,122,-6,79,20,97,-12,-11,-6,4,-133,-7,-26,-54,-53,-65,119,-88,38,166,-85,-84,108,-2,-34,-7,89,-34,62,24,-16,-18,24,109,48,63,-84,102,-96,58,102,56,-58,12,59
-46,40,44,86,99,67,-42,69,138,42,148,-56,77,-42,7,63,17,114,-47,-54,43,78,-101,156,-121,5,134,76,20,55,-87,19,156,-91,174,7,23,-43,-10,-4,35,28,80,-51,69,20,111,-54,-26,-4,-40,34,-137,-3,-86,3,141,85,130,-32,-33,-94,-57,67,64,36,-32,112,-7,-15,98,122,169,144,58
-25,-27,15,-76,30,16,-81,2,65,31,-102,151,-37,-3,-58,17,-1,-14,-60,23,1,190,-70,57,53,48,-202,-42,35,34,-38,-86,-73,-85,20,68,76,-103,142,-151,-21,25,0,22,30,-57,23,60,-22,96,12,-28,-33,5,92,40,51,-23,2,-34,112,-27,-1,-41,32,77,-35,141,72,-41,-56,1,59,7,-92
57,8,-4,28,56,56,-26,120,45,-74,34,67,18,20,44,278,147,3,78,-41,128,57,-3,57,49,99,76,86,-34,107,76,-35,-35,65,-38,-4,126,-107,24,77,-41,18,130,-36,-94,81,-163,126,64,70,-23,-14,93,21,190,-29,-2,127,-21,80,46,63,34,39,-65,-67,75,4,65,-26,27,115,-44,48,121
-27,46,50,166,-113,8,91,-27,-28,36,-39,48,155,-58,-13,24,-41,87,32,4,-91,16,113,24,23,85,3,52,-71,-44,7,-98,-11,-120,159,-73,-97,97,184,83,-63,-41,-54,-19,14,24,-98,-92,-28,78,-76,13,31,-27,29,39,-27,146,1,68,-38,-127,-4,-39,-132,53,107,31,14,17,-7,9,-11,-97,-69
38,91,146,37,100,46,161,-72,-28,113,-48,67,25,88,-7,2,124,100,-159,1,98,22,-69,118,-6,73,-29,141,-44,96,51,100,86,32,145,82,61,65,82,66,172,57,-49,-150,167,-78,-15,230,-29,152,33,-102,216,83,91,-24,25,0,-112,31,42,17,-3,59,-11,-54,69,-3,24,119,171,24,225,30,74
20,-69,-86,-114,-41,-36,-85,-105,-10,7,-87,0,160,-8,-13,108,-29,-104,62,76,12,17,-126,64,-119,-8,-62,14,-155,190,-64,-90,-19,81,-60,16,-193,36,-18,-13,-110,120,59,-25,-80,-42,22,-87,4,122,60,71,-94,-91,14,-124,16,-73,6,110,-47,-5,-43,-148,-39,-42,-16,-36,59,-162,-180,18,-101,139,65
-168,19,-36,-25,82,54,-97,12,26,-14,125,24,-1,116,-43,14,-72,-32,-94,41,49,-59,32,59,25,41,-5,26,104,92,35,11,-40,-36,-35,55,29,51,82,20,-153,44,-100,-22,100,-64,88,-12,127,-16,-60,52,-89,94,22,-109,48,-115,84,-15,24,29,80,38,9,-40,-59,-48,-83,-35,-85,-2,-15,-35,56
-217,-55,-111,-99,-24,63,133,66,89,97,14,113,28,43,-4,74,84,117,-21,18,98,-43,-14,67,78,151,148,57,83,26,55,18,-21,-111,46,-56,-80,38,199,-2,-9,-68,-57,-40,-23,-66,113,34,-51,46,-38,97,-110,-103,-70,87,-22,-48,62,-146,-30,33,10,-136,96,119,60,-5,-11,-37,51,-13,161,73,55
46,0,-52,-8,48,21,26,-11,0,69,4,174,141,-70,78,-82,-5,15,97,101,43,37,121,37,92,-26,-45,47,-120,-21,111,117,53,17,-14,14,-86,-41,140,-137,-18,-41,0,95,41,25,48,-3,-94,61,-54,3,-5,-11,125,91,133,-101,118,26,163,46,-41,0,5,3,-90,127,31,-110,-92,83,66,18,44
12,139,18,-55,161,-38,1,170,-1,7,49,-51,-97,69,-87,2,10,8,12,-13,-207,17,37,-23,-37,28,97,27,179,-35,46,-6,-133,-51,56,-74,43,41,118,-79,-44,-10,-11,-120,-123,-98,-35,124,48,45,-41,69,-130,-2,-71,-4,32,59,82,66,-35,-25,-138,48,-23,99,74,-71,-123,133,166,85,-21,9,-38
-114,-92,-65,-31,50,57,62,-32,57,127,-67,211,56,79,-60,-5,117,135,18,-28,-56,91,-137,63,158,88,-38,114,46,-68,34,51,-15,33,181,-17,-17,31,68,-31,-35,-38,-23,-25,-50,-1,-67,-36,-84,142,18,21,52,16,-48,-78,46,21,112,-41,24,-5,69,68,45,-3,94,18,55,78,42,81,27,87,-13
-50,-29,-80,69,58,18,33,29,102,50,104,-73,-72,-96,-58,-36,-42,64,-102,47,92,-204,116,22,101,28,93,-76,188,206,91,-19,43,-15,-16,80,48,-102,-108,48,205,-54,-6,91,91,81,-34,179,87,-42,86,60,6,90,-11,83,-7,-37,27,-21,-76,9,-22,152,237,-8,-65,-104,6,17,-55,67,12,-42,33
15,-51,-41,-112,45,-16,82,38,81,-13,-58,47,-21,7,-70,23,-14,83,-5,108,17,-35,-71,29,-100,45,58,89,-70,77,-6,-12,49,3,22,-57,-41,14,17,40,-9,82,152,-52,28,-55,128,-22,-16,84,-71,80,22,-4,-187,-65,1,17,-4,50,-74,-7,47,-52,-10,-107,-16,-46,-48,-47,86,30,28,133,42
43,71,52,-30,214,-88,-32,14,-83,16,-23,32,-59,-48,-101,-114,20,-6,-54,75,-25,-35,-19,73,36,66,-37,95,-16,-92,36,-24,-27,-14,12,-118,-13,-41,138,-81,63,-15,78,81,-56,-125,-56,-129,-3,-22,18,-36,-21,15,-58,101,78,-29,39,59,96,122,24,118,49,77,-79,106,97,89,-11,72,125,0,7
55,-14,173,2,193,-10,-58,-17,-94,27,31,12,54,-108,38,-92,46,-67,-4,90,-122,22,45,192,126,148,65,136,137,-137,28,66,-56,30,51,84,91,17,67,23,-70,-80,-73,-26,28,44,-13,108,56,131,107,-56,38,39,-100,99,-42,159,47,125,68,-7,-16,108,127,-93,-33,-35,56,104,276,28,47,-25,213
-93,-25,-59,77,24,96,103,-27,135,-74,-172,153,16,76,38,-56,20,63,-37,22,196,78,31,5,112,56,31,11,-186,55,-64,-78,-1,8,70,30,-13,30,4,34,0,-12,-23,-24,-19,116,-26,86,22,116,41,-74,78,131,172,31,47,-45,0,-8,92,-64,-39,-8,-51,-70,79,69,-77,18,-60,118,37,86,-43
97,24,-16,73,90,130,-72,-15,53,76,30,35,-19,40,77,-32,-180,19,38,105,61,4,89,47,34,-40,33,-14,-30,11,-119,14,9,99,16,79,80,-29,-189,123,83,28,-97,2,41,44,54,72,105,10,-45,14,57,148,-133,127,30,92,-42,41,-172,-36,-17,-22,-97,-75,92,14,138,9,87,109,71,8,-4
2,-3,-38,19,-4,11,-19,-37,62,-13,29,0,13,-47,45,-37,-28,-160,-77,78,10,-11,9,109,-15,155,-41,-13,43,182,40,106,-16,6,98,44,133,0,-38,-1,28,-12,39,-47,101,-11,-34,85,-16,158,71,142,52,52,-87,235,94,93,13,80,-46,-56,-65,71,148,-112,-84,55,59,-51,64,-22,-128,63,88
66,-11,81,51,91,57,-100,25,16,24,145,47,90,-97,5,8,-50,-3,-21,-10,-80,10,9,19,-4,78,143,158,-39,-8,-79,-47,56,-94,0,-18,-22,117,4,80,90,-45,122,12,42,-66,-93,-63,65,61,-60,-91,152,31,-32,-79,11,146,49,24,6,-202,54,23,-45,24,80,41,111,60,19,2,-2,20,36
-18,84,35,-41,4,3,-72,-96,18,-24,38,16,73,-54,17,71,-120,-75,-71,134,38,28,-15,66,-50,53,-39,58,68,-21,9,-71,25,72,10,10,-10,115,55,-94,-206,92,50,68,-11,5,167,-32,-85,118,-6,139,-23,-67,-32,165,45,46,-1,-8,52,107,39,12,34,9,50,4,123,-1,-25,20,-28,-42,22
57,9,94,16,172,-21,134,-122,47,39,13,101,10,-46,-15,26,49,43,-4,135,32,-68,-39,123,26,-16,25,102,-34,6,-48,21,117,69,49,-68,-91,138,131,-113,198,-5,64,152,96,-71,-3,-99,8,91,12,29,87,-47,74,66,-11,38,44,20,180,75,102,96,-13,11,36,22,56,-46,61,150,76,-61,5
35,-16,65,138,135,4,186,114,71,-59,-58,-123,40,70,143,20,-120,24,-78,-74,118,23,103,122,-16,-50,40,-37,-24,16,38,18,37,-38,112,54,-62,101,44,84,-24,62,-131,5,167,25,76,-10,-64,-49,88,-34,-56,26,18,146,-124,-65,-24,96,157,-3,43,59,4,-9,31,-15,-97,-67,-47,20,82,23,139
-40,86,13,-20,24,48,52,91,34,-38,87,10,81,91,123,137,75,-14,-6,-81,65,16,-18,64,-166,86,100,86,-6,-15,127,-1,24,44,57,79,-53,86,30,-19,7,93,124,38,-34,45,63,79,-36,122,157,2,51,32,53,70,56,-84,6,135,76,46,8,43,123,-31,0,-64,9,-77,30,-58,37,77,148
-49,15,43,-101,-32,-23,5,-92,118,38,75,89,58,72,14,17,58,-17,112,19,62,7,101,49,-24,47,122,138,6,-81,-56,91,25,-38,36,119,42,3,77,-93,93,93,59,-19,-7,75,138,90,108,0,38,34,-115,-3,-42,48,-39,75,5,-37,5,13,-18,-46,90,90,-10,-62,95,-20,224,-47,46,78,39
24,40,-73,67,-47,-59,27,84,115,26,-111,35,-32,-34,94,52,-1,78,38,47,63,-69,-14,63,71,-55,48,106,-85,34,-153,77,132,3,33,23,-42,59,-18,40,163,-35,-53,-6,52,55,-42,100,72,-74,47,-7,134,65,25,42,-49,38,-3,-81,-76,-20,105,14,-83,-135,104,-16,39,-26,58,3,142,63,66
44,151,97,-14,80,-17,70,11,59,-41,19,-69,22,124,-52,139,-15,-2,39,-16,91,-47,104,42,-49,131,129,40,45,65,204,21,63,-2,-12,104,64,68,59,-24,3,5,-49,-60,56,-20,117,32,-20,117,61,109,31,-11,-78,8,-113,47,-72,68,66,10,-5,-61,-73,49,56,44,13,-152,132,74,41,-180,104
39,12,22,65,23,0,28,121,82,-26,-70,-54,185,-51,-14,81,13,21,14,30,-136,-42,-135,-45,54,-79,-1,-14,9,51,0,-77,53,33,-18,-86,51,-28,27,-70,-58,64,105,33,-17,26,-42,42,-45,101,51,55,-12,-7,25,-32,-77,-11,-33,116,55,77,-84,41,4,-54,76,-70,-44,6,42,73,15,10,-87
-23,136,83,71,49,107,23,111,45,16,0,16,-26,-86,60,125,119,-15,-6,7,57,154,134,-44,-9,80,61,89,109,-31,-35,39,75,26,36,109,141,-30,53,49,-34,80,0,65,29,32,24,173,91,32,-14,32,-3,37,95,116,-4,-59,-52,-3,-44,84,57,28,-2,72,-7,-21,120,68,133,10,58,53,58
-33,-51,32,-79,-2,-27,-64,-84,4,65,81,123,-40,-10,132,-66,134,47,17,135,65,22,136,29,-18,141,156,201,21,-53,23,-11,33,30,57,98,-55,110,152,50,111,63,39,35,8,-4,58,42,22,-88,111,-85,26,55,-9,130,56,105,129,21,11,1,72,32,156,88,32,-42,172,110,166,-88,-1,9,207
87,60,-82,-44,-75,-66,121,-7,45,65,67,-88,16,-37,-55,-77,-7,13,-31,-91,129,3,38,68,56,-17,61,-43,-10,107,19,2,143,-27,-21,-32,-85,74,-172,43,5,-26,-34,-34,-46,-83,42,23,-113,-58,-82,1,4,46,12,56,65,-94,-11,2,-98,25,-27,-15,-42,32,5,66,38,-9,-137,59,0,-87,-28
-41,39,-14,-53,157,64,30,52,-24,38,19,19,-97,11,-85,131,82,163,77,-12,-60,-38,-130,81,-62,-65,143,43,132,75,-18,115,-5,88,98,-103,18,-73,74,-43,90,-30,17,-34,5,100,15,50,120,55,45,-82,64,65,-49,-176,-17,101,101,-104,-36,-3,-36,-16,-113,-34,104,19,-40,13,226,47,34,127,-115
