-88,86,21,-45,13,-3,57,12,32,46,107,-75,78,60,142,55,-97,133,36,58,-127,-117,95,68,2,84,2,107,-150,86,97,-35,-32,-42,125,29,51,46,68,-14,0,38,12,-11,126,155,181,42,122,59,-63,114,200,26,253,33,-164,19,-87,144,-54,108,10,54,-47,2,120,108,95,53,78,-47,-9,47,137,67,156,79,36,-58,115,30,132,-36,-14,-74,7
48,108,69,-90,73,169,-54,9,219,25,19,-106,31,49,99,32,35,-16,-154,-11,59,13,31,-72,79,-39,48,-86,219,-54,94,-102,124,38,29,-68,31,48,-10,95,0,108,36,-16,-54,146,188,-81,-33,-7,26,113,159,-154,77,-102,125,31,-16,103,102,78,103,40,72,12,146,196,74,-50,-64,2,95,33,-112,31,-166,111,67,-72,58,68,28,-65,-87,3,-67
85,117,-35,72,97,-72,141,48,0,-51,121,-104,61,20,-149,114,53,-26,53,129,-22,-31,117,102,97,-87,-118,78,-34,48,70,76,62,60,81,-96,-21,99,96,-10,92,179,18,-82,90,98,29,-32,-6,120,-87,43,14,232,-14,20,37,14,181,29,-16,-44,9,125,-52,-149,-29,4,122,26,60,10,-131,62,132,-12,-44,11,186,-2,-51,77,101,-60,177,-17,50
-31,71,15,-66,193,37,-82,15,104,100,-91,40,-13,-5,153,46,-2,157,96,48,7,-51,-31,61,11,-89,12,37,-155,153,-94,-46,-37,-20,19,64,78,141,-140,121,-9,14,-9,43,5,120,33,100,-6,63,101,22,141,16,-174,145,75,37,-112,-83,54,-117,161,58,126,74,41,37,182,-71,50,-50,14,0,125,18,69,12,64,-12,67,7,189,100,30,5,191
104,-83,55,54,68,43,40,78,88,108,-45,-10,55,48,-44,-61,124,-56,72,-49,71,73,109,60,72,-3,39,86,109,-132,-35,-96,-17,111,63,42,121,153,45,72,109,-62,40,-64,1,36,22,24,-56,48,-76,-45,112,-77,-73,-31,69,17,99,2,74,73,107,-65,209,99,19,26,-11,-33,68,-70,140,2,-60,-136,-95,-7,131,64,24,123,7,-37,17,-52,-6
-10,23,22,-20,-117,-33,89,246,110,194,24,160,102,83,-90,21,93,42,38,-2,-122,60,95,97,116,38,-129,131,183,-75,105,113,-54,22,156,-157,21,74,58,153,-30,138,-61,-158,165,77,-100,47,-82,-41,15,44,70,-16,-15,88,0,61,-78,60,10,-48,91,80,195,-26,125,98,96,115,138,-201,55,-58,84,41,-2,139,52,24,65,43,109,28,147,112,197
-131,7,53,-90,-47,22,18,96,75,49,63,41,87,-37,64,83,30,-92,-55,98,-60,85,29,175,-21,-75,117,143,-11,1,19,56,-64,1,-35,-11,13,-8,-74,-87,13,35,65,-179,115,53,-37,-88,27,-94,-35,17,105,13,21,-34,159,12,5,46,-28,122,-92,55,-9,-120,14,111,-102,-70,15,-10,-49,29,-84,37,-7,62,11,174,-32,111,55,47,-20,48,57
-24,50,-44,-7,4,4,54,-117,31,-16,-127,146,-3,-5,54,71,19,48,110,28,-61,-91,17,131,-25,88,-29,-48,-156,9,7,77,-66,163,-41,56,39,5,77,47,-99,33,-5,20,72,40,102,19,108,30,60,53,-133,75,98,126,-33,-45,-108,-128,-39,-56,-20,95,-30,-106,-76,-67,-21,12,15,56,63,-159,81,58,15,71,-32,67,-67,-59,42,26,68,32,1
60,11,94,-21,177,8,45,11,119,-16,-34,-8,39,63,16,-69,84,-54,53,133,17,-33,-82,19,51,-89,9,145,88,25,149,-122,-109,110,75,-19,-4,-23,16,17,120,-3,31,-127,59,95,124,-13,-25,5,-36,-9,88,-18,-125,42,70,50,145,-106,81,97,85,62,-103,76,-55,36,41,9,-29,94,-74,166,-26,-43,-72,-10,-9,35,-30,92,28,28,157,102,115
-11,95,105,-35,-22,-29,226,30,199,136,-96,129,157,103,22,-85,15,86,-60,6,-67,-160,9,41,145,301,-26,-151,182,-42,44,59,-81,192,259,-165,3,149,186,-62,-31,46,25,22,295,173,76,47,-61,74,-137,55,-15,-40,89,-60,-112,118,-56,63,64,-79,64,92,196,60,7,-124,-169,-10,188,40,66,-69,21,96,-19,63,137,19,110,117,153,-58,100,5,-20
4,102,34,-68,88,20,13,157,74,63,17,32,173,27,154,145,122,15,-14,210,-51,-100,132,76,132,59,47,106,43,45,196,-80,98,33,169,46,41,115,140,124,16,211,70,37,143,-10,116,38,-11,55,71,87,66,-43,165,-33,47,97,11,28,0,8,-33,97,13,38,46,60,59,33,155,98,141,154,170,44,-58,152,26,68,87,75,-8,39,67,-45,44
-42,-48,52,-117,-63,-5,-159,-50,-20,20,44,17,-65,-9,3,34,-50,-1,-76,-61,19,-22,-23,-143,-119,-74,-64,-63,-3,51,-68,-3,-6,-65,-108,8,-41,-70,-147,-54,-49,75,-4,17,-5,42,-64,-176,-116,-56,12,-138,51,-132,-137,42,80,77,-40,-111,-50,-179,52,72,8,122,-61,-123,16,60,29,12,-66,31,-157,-8,-109,-115,-19,-111,20,29,-84,-34,-117,41,71
188,69,49,34,59,62,54,23,44,1,170,-13,97,104,25,92,115,93,-38,-76,166,-5,127,46,97,-8,68,87,85,-46,-13,118,88,-6,90,24,9,73,217,4,-59,30,-72,-31,105,0,132,29,-3,70,19,22,13,52,79,38,137,121,35,85,45,-54,60,-131,108,-79,160,119,73,35,-26,35,147,88,14,-5,6,25,168,51,-24,79,77,-40,-68,16,59
-112,25,106,200,89,129,-23,94,189,-25,-110,18,86,-70,-77,155,-1,-30,96,15,72,73,-8,153,72,-44,194,176,84,-26,-21,-64,84,-128,-39,-26,42,79,-126,120,103,70,35,-86,63,-7,40,107,13,-48,63,54,3,-14,-96,-12,143,-44,25,24,-90,84,26,-43,173,-139,2,269,39,2,112,-93,118,3,197,-151,-108,-14,94,234,24,20,141,-34,118,82,61
56,-13,38,121,-5,38,-3,-79,-9,84,231,-10,72,65,180,-22,33,176,-74,-14,104,61,32,175,149,20,53,-23,133,0,-19,61,77,54,35,-26,-19,138,113,59,-79,86,59,37,126,8,114,18,28,21,127,-18,57,47,47,21,-60,149,82,56,90,-119,36,-4,148,6,-9,10,-2,28,52,-17,0,123,-44,93,-54,23,33,118,71,96,-20,52,-103,-31,49
176,242,-6,27,11,-69,78,42,83,-10,-9,-22,-49,-23,84,80,127,-13,97,-137,-5,-105,-37,-34,-41,59,-37,81,180,-64,98,-46,25,64,70,35,-41,108,133,61,-76,77,-19,-38,80,-7,-41,227,-10,106,57,20,22,110,11,-104,-38,-90,118,31,112,62,-14,66,48,-15,50,149,246,174,-32,59,102,-23,228,91,-58,35,-45,-27,171,-86,86,149,58,29,62
29,1,-21,-88,-86,-298,-19,97,-79,95,-38,135,189,77,-38,90,-110,10,11,55,43,-39,173,43,177,71,28,54,-139,90,61,64,-76,45,66,189,-2,-87,128,-19,50,79,34,76,115,15,131,-65,-64,93,113,-9,89,102,24,11,134,-20,-119,32,-30,54,-252,-25,-209,43,-50,-40,14,83,138,12,46,36,28,27,65,45,112,38,42,26,-44,-14,-11,78,-81
107,48,-15,-51,51,-49,-39,14,-56,20,-19,-78,-7,89,-4,43,44,136,105,106,8,-114,63,11,154,102,-39,161,-23,-29,57,-33,14,-49,60,61,-52,105,-8,95,-32,-53,65,146,92,68,24,-1,100,124,10,145,181,102,152,-79,-107,-17,44,67,-25,102,-70,129,-84,-6,-76,47,224,13,122,73,126,38,122,73,-19,6,161,47,-5,-101,-35,54,-54,107,15
15,-18,-47,53,144,31,-20,104,55,6,218,-222,90,71,-34,-92,87,33,15,-8,-156,-34,-28,15,178,81,9,-1,61,-33,168,32,169,29,116,-85,-81,49,15,-26,58,45,78,-198,36,91,15,68,23,39,-106,-68,169,53,160,106,-33,79,108,88,-5,18,64,-72,34,-90,126,181,-65,-112,31,8,23,-138,-117,-2,-27,93,5,-9,62,-112,125,60,45,-199,26
27,-76,-77,-12,-44,107,15,32,19,-90,-87,0,-70,-71,-61,48,-5,-37,-28,-55,-23,54,39,-21,121,-166,120,32,-25,135,26,-64,-38,137,138,-88,52,26,5,27,-1,-47,52,-91,23,-21,-80,43,-169,30,-21,22,40,49,-127,-57,-18,21,-54,20,136,-7,42,32,19,-8,114,100,20,-76,-4,-102,-8,34,-22,2,0,62,29,-12,-41,42,-33,2,61,-14,-35
-10,108,97,-132,33,232,-3,136,168,182,101,-34,-13,-101,-53,31,110,-178,21,78,23,-99,22,20,47,-90,-76,-10,-24,-32,66,-193,-95,-74,55,-31,135,93,-46,154,124,-102,-44,-5,75,34,119,2,65,-14,-39,138,143,-91,205,-64,-28,70,-59,-37,93,45,191,-15,36,-19,42,59,60,-22,-25,54,197,164,15,-49,77,89,200,-130,-4,88,-22,-78,55,-82,117
-93,-78,-111,23,1,-82,-97,-98,-98,-3,14,96,-1,-79,-61,-75,11,134,11,129,85,-122,-151,-25,-55,-65,-67,-1,93,-46,-32,-53,78,-33,-69,-8,-117,0,26,-28,-109,54,23,-12,-54,-23,-24,-72,86,128,94,60,26,-44,36,75,-80,55,-40,-44,-28,63,-28,-43,134,-45,10,-57,73,55,10,64,-59,33,69,-66,-10,18,-1,-4,76,-29,-186,-26,-37,94,15
19,118,64,-60,56,197,72,-98,75,20,12,129,13,150,159,-65,0,128,-8,67,-52,-171,-45,75,20,231,9,92,60,-34,131,32,-34,143,-61,43,69,82,-29,132,-17,-70,146,96,134,37,49,39,-72,-51,53,67,18,-74,40,83,85,15,-63,-47,26,-79,95,100,45,57,-69,66,17,62,-66,51,137,40,89,109,-87,-24,45,94,-74,66,32,202,-7,56,152
-103,2,82,123,45,19,79,125,41,-20,68,28,67,-3,-78,82,105,-9,-55,-20,44,121,-76,-35,142,-17,122,240,100,-61,145,58,87,29,64,42,94,-41,-82,-28,-104,55,106,-22,70,2,-33,77,53,19,-99,36,-44,69,-51,-150,80,18,183,40,90,-47,21,17,90,-2,-50,98,-24,-68,133,115,-165,68,-1,50,-178,118,55,121,-68,-45,94,80,79,-29,-87
-51,-16,182,-89,142,132,134,83,185,57,-128,-2,-71,-16,18,235,73,10,177,121,-125,106,-16,4,67,7,5,45,126,81,67,-79,-101,100,145,-67,-24,187,17,92,28,126,16,14,212,52,36,-27,87,80,-126,121,-77,29,81,22,112,171,131,32,48,146,164,20,61,19,58,144,-87,-26,101,7,171,183,74,-33,-130,149,0,16,-90,24,93,-69,15,55,-25
43,42,12,35,30,50,32,-79,45,-39,-56,-72,72,59,22,66,98,-26,-51,-99,-39,-51,-39,33,-17,80,28,-75,64,83,-83,20,-37,-4,109,-39,17,129,85,10,55,27,33,-32,6,-24,-2,5,-91,-62,-1,-142,30,44,-155,-14,12,26,-26,-133,-2,-52,29,-8,-5,-14,166,9,-89,-15,123,85,105,-71,14,-62,-4,50,68,19,26,35,53,39,-23,-67,5
118,-46,-12,42,64,-84,86,90,111,67,-72,38,13,-102,31,-116,50,-5,80,35,-132,122,-18,-15,74,129,-14,-7,-5,124,-140,-69,-6,31,109,-6,-49,77,-2,-11,86,27,-52,-33,56,23,-147,51,-32,15,-70,11,21,-56,-60,-24,9,7,-69,43,252,-25,200,-55,63,46,90,-130,-176,-182,57,-21,-14,-16,63,-6,167,19,-39,-66,104,15,-12,-9,28,89,-9
114,182,97,75,77,115,241,42,10,65,168,34,140,45,-48,-22,122,-23,267,99,-31,-146,-9,14,76,56,-14,-112,123,85,115,5,50,84,-38,39,-74,155,88,90,53,-12,14,59,67,-117,-194,114,35,44,-8,-16,31,-93,-60,-29,93,68,3,216,29,-87,58,74,118,10,-80,-26,-35,-1,-32,-105,10,97,-40,-10,103,-103,31,46,49,190,72,-54,-47,43,114
63,-29,65,111,56,-106,64,90,-9,-13,-57,111,-44,-69,110,123,7,60,74,-63,154,-1,70,10,34,-116,1,-28,26,59,89,-29,-20,4,56,4,143,-145,58,-50,5,-84,59,-101,83,117,148,40,31,54,44,-58,192,-103,-74,-70,122,-101,-22,144,41,42,-8,-58,106,116,-69,110,25,85,229,61,124,180,95,-68,-25,121,81,121,75,31,95,-27,122,41,8
27,67,20,28,-138,14,21,8,126,170,-6,109,58,72,-69,65,40,-166,53,24,51,21,28,-22,78,103,35,-27,67,-1,27,171,97,0,140,-100,-19,124,81,-38,-1,271,-22,87,128,53,99,15,-35,19,-154,-3,-70,53,115,-102,-40,25,-1,-103,45,-69,-38,173,-46,-44,-18,-105,52,106,40,-87,-118,-92,38,-16,-177,-1,93,-3,57,30,8,31,-63,-49,70
34,-62,-94,-101,220,-85,45,27,72,11,-24,-171,-40,-7,18,95,-51,21,15,-82,-38,113,123,-29,118,-77,-84,-37,-236,106,75,-58,34,22,69,64,-106,-46,5,33,100,14,33,-123,-84,180,115,-122,17,98,27,3,129,101,-92,57,-6,-56,111,82,-11,0,25,-36,-66,49,94,14,154,135,74,-85,-36,-23,78,-13,-11,111,54,42,-8,-1,69,-104,-11,-12,70
-26,-45,-32,-97,-69,42,146,27,-22,-95,-61,158,-38,-82,26,34,82,-113,26,-90,-71,3,-17,32,80,-120,133,36,-76,141,38,117,49,57,-75,-113,-29,42,-106,45,-112,78,-17,-67,17,-100,-110,-168,-112,-18,68,49,-68,30,-129,38,122,87,-215,34,-32,-9,65,27,120,-111,78,1,6,-124,97,-51,-4,-74,3,-24,-46,-90,-21,118,47,-29,4,54,8,-26,74
78,68,66,-103,114,86,31,49,127,2,-48,4,27,131,-42,40,16,69,76,-7,97,-85,160,0,123,-13,44,53,125,78,119,-127,-91,163,80,52,82,-8,30,77,1,18,85,-83,154,83,66,44,-31,132,105,80,120,-40,-33,30,90,130,-34,-5,100,-33,-9,48,-12,153,49,194,59,-1,79,72,251,55,15,-6,-27,50,111,-4,-129,61,-3,34,-11,100,33
-13,107,-77,81,9,-99,-144,-10,13,-31,-8,-22,0,39,46,-15,-68,85,-190,34,133,28,30,-18,41,4,-90,121,-8,6,92,39,-123,36,123,-73,-17,-34,39,-12,137,-94,14,-52,92,223,99,-105,-16,-73,214,4,30,-106,67,16,117,-121,95,47,81,-6,104,-166,29,-6,42,61,28,127,121,4,53,148,110,-199,47,69,109,-18,75,74,36,12,73,82,-12
107,-20,123,-89,32,214,100,-14,63,55,-58,66,-66,119,44,52,51,17,125,-4,5,19,138,154,-2,35,30,6,43,1,-1,-157,19,-23,39,-1,80,158,44,84,50,51,3,96,75,19,95,76,-132,158,1,-26,-8,-48,-74,131,43,202,-68,-42,-29,121,-3,40,21,43,4,193,62,-122,127,110,275,33,-43,-109,35,14,-8,18,-53,47,104,127,87,-146,165
192,166,-12,-33,102,155,105,-32,68,-23,59,-150,-71,-22,150,55,216,-10,-82,-142,159,-145,184,-77,68,-120,50,-127,-69,31,22,-39,-6,73,78,55,-67,109,127,55,89,-62,-97,46,37,85,158,105,43,87,80,-1,130,-110,135,-60,-30,98,50,92,141,132,38,49,-73,-48,96,-87,155,26,-147,-50,151,42,-11,60,-71,4,-22,61,102,-51,16,-90,63,61,42
33,33,119,-48,86,-71,66,10,119,-60,-23,-5,65,-148,-127,163,-18,33,153,79,-62,-73,-86,-3,-84,68,158,88,-48,-13,50,-34,76,-69,3,104,27,5,1,48,-1,88,174,-96,150,-101,98,-13,98,58,-40,82,-56,34,43,-125,10,-59,63,-58,-114,92,14,5,36,-54,-57,13,56,118,56,136,-3,-33,61,-79,18,23,154,120,-8,-14,40,77,66,-59,-38
53,-30,-37,23,54,-26,44,26,-36,57,106,42,-34,40,26,70,-31,133,97,158,119,23,200,37,117,-77,70,74,62,1,90,-89,-122,28,89,27,80,-176,102,69,-157,107,66,179,158,79,209,68,36,128,69,39,195,-76,62,115,-35,58,-28,50,97,-64,-37,103,-43,24,-25,6,115,60,1,-123,51,139,30,43,85,110,171,119,-32,88,3,-33,-142,53,182
-34,70,206,-45,117,-9,68,65,95,200,-53,28,40,119,138,65,27,124,56,-117,-19,-10,65,77,18,238,68,108,92,-144,133,52,-40,39,45,-50,-14,116,30,-73,-55,-39,-40,-32,153,84,227,-24,115,-71,74,67,139,33,103,-71,43,5,47,76,-4,218,46,63,45,-8,159,198,129,59,84,89,144,-82,-13,27,4,46,19,28,49,-40,132,82,125,39,53
40,-21,-111,-28,-7,-19,161,18,48,-2,0,140,28,-39,-16,-74,-21,106,85,16,-51,-74,51,31,65,-15,20,119,-37,13,-11,-82,-17,-62,-11,71,-8,9,-69,51,108,61,30,75,141,52,66,55,-49,48,61,-60,178,-54,-23,-40,66,-39,-109,115,157,111,64,8,16,74,-65,80,168,-77,104,-7,-23,168,-5,-73,157,69,191,137,100,163,118,4,-28,13,145
-47,15,7,7,-64,39,-9,74,107,1,-98,2,107,108,48,189,-21,8,53,23,-5,-111,61,-55,24,-21,-130,-17,91,-57,156,-86,2,-69,-57,57,27,-39,164,16,6,50,-28,-34,3,-14,220,-40,68,24,-65,29,-59,87,-10,-56,4,10,50,16,61,-105,-94,32,-64,18,-65,-105,147,251,0,86,-45,1,41,82,-106,105,-56,-145,-139,21,19,-76,-74,-44,-39
52,-31,-24,-1,-21,-15,130,122,59,29,-40,49,62,65,21,-61,48,-69,17,114,-76,145,37,154,260,-62,-27,71,-1,56,33,49,74,7,-67,-117,44,21,-118,65,61,121,76,-26,44,-43,-69,-36,-64,-38,14,55,-79,-24,-131,-35,106,102,-75,174,117,47,99,28,37,-90,-63,59,-100,-177,247,-55,15,-10,21,-54,40,-78,137,203,92,97,3,-23,83,-56,-70
135,38,39,16,83,99,2,121,16,91,80,-98,124,47,49,-17,102,-28,-28,40,26,-43,21,8,87,86,-80,-39,65,-162,51,112,136,18,22,-116,57,198,61,63,-81,139,108,-5,33,-12,165,91,17,5,16,69,76,-9,165,-20,4,-51,35,93,-214,122,72,99,144,16,48,56,80,-10,158,-3,176,-126,3,24,-107,-95,161,65,230,48,177,13,78,-69,12
-23,-38,-5,-15,-61,60,76,-42,-27,19,158,-14,-101,-32,-11,161,0,22,59,193,-82,9,24,-24,63,119,28,263,-11,-57,95,-134,-20,27,-84,-8,-36,7,2,139,-136,121,101,-4,185,-2,82,-38,110,-58,-134,35,4,-24,43,-68,-97,55,31,165,19,80,30,47,62,-30,0,109,22,112,79,85,37,-18,51,27,47,24,97,114,101,46,30,-31,-177,-70,94
8,46,89,95,187,131,60,36,4,87,33,-22,-53,37,126,70,46,84,28,-41,45,134,167,71,119,67,166,34,-27,17,207,7,10,137,16,81,-36,8,-15,163,181,90,19,41,-30,92,125,113,-42,-97,53,-21,17,-98,118,75,218,-57,92,113,3,-8,202,-168,42,126,123,230,-22,-51,-44,13,165,63,12,-133,31,176,-69,83,37,-86,183,-68,64,-138,35
37,54,190,-132,20,68,70,34,89,4,-28,37,9,53,-44,214,98,-47,189,-5,-33,-84,37,230,44,21,95,-18,-5,15,92,-71,83,54,13,119,-87,125,-44,0,-13,55,-2,125,221,-19,26,56,45,27,-55,-1,105,31,25,-32,52,103,-18,89,-23,167,67,106,6,-138,-20,-3,62,-19,121,44,109,64,53,-6,128,139,40,167,25,-3,-25,-27,26,-57,-81
-87,31,-126,-37,5,17,116,48,-46,-8,-98,217,-5,32,-89,122,-10,26,93,22,-64,-33,54,84,-88,-7,-4,7,-45,67,114,53,-107,92,-11,143,-31,-117,-67,106,52,222,61,3,-63,-131,-80,128,-81,57,-86,-5,-5,80,-38,44,-9,-46,-24,-59,-43,47,-39,-67,-118,30,-95,-32,-94,187,56,-18,14,29,138,-69,34,-2,14,85,34,-6,-64,-44,-119,-91,52
42,111,14,8,-12,64,63,11,56,-51,-51,101,15,-19,74,36,102,-28,-67,17,-11,-78,-53,-43,-62,-41,-194,-43,53,128,36,-55,-69,23,19,-69,104,18,60,-22,34,17,-48,38,-54,147,-92,136,-30,127,52,-9,14,-137,-34,30,10,22,87,68,152,-80,-13,91,38,20,-65,-11,30,63,54,-13,86,109,12,-52,-95,-10,-90,-25,76,73,153,-2,10,93,124
-50,-95,-24,-80,-18,57,38,-47,-81,49,97,117,17,93,36,52,66,-8,-26,-37,-1,48,-19,42,-66,-19,-72,-16,-77,-44,-137,-1,22,-29,-105,66,62,28,-13,-98,-24,-25,89,52,111,53,-5,63,1,35,29,-69,-77,66,-26,83,21,84,-41,-82,84,78,-77,57,-77,-77,28,-49,24,-50,100,99,58,-62,-54,74,16,31,13,13,-74,85,-66,37,99,-82,-15
4,-75,49,138,47,-8,-8,10,-27,43,15,-17,-83,-49,45,100,143,-23,51,43,147,73,43,36,46,67,32,-3,-21,-91,39,24,147,32,-89,113,16,-29,68,-7,87,114,7,-33,-16,3,211,-84,59,-74,-32,-27,130,56,100,-155,111,-101,44,26,-14,63,86,-54,54,40,42,-30,-17,32,29,79,53,80,-78,-58,-44,-11,38,24,54,-195,32,-4,-35,-50,-78
22,63,38,51,179,10,52,98,80,40,32,179,67,71,-49,73,26,-3,-47,31,129,15,60,28,-37,33,76,114,110,-17,-135,-60,77,-55,225,12,128,32,51,-108,-4,29,60,27,127,89,229,119,-35,0,-46,-158,-27,49,-78,-29,28,-15,31,-132,80,109,49,-131,62,4,18,38,-10,-75,204,237,91,16,34,-1,110,6,82,-114,17,42,38,55,80,35,-28
54,25,-11,202,-94,-30,112,118,0,-35,8,131,141,75,-124,-163,71,156,-47,3,9,-67,234,93,18,24,113,8,90,-165,16,38,5,30,15,-94,14,-40,112,-25,-65,47,-88,105,19,-2,-22,96,55,122,-6,92,26,12,131,-68,-18,56,55,73,46,-7,-92,38,80,-7,-22,21,-26,-130,40,90,32,-134,-58,-35,60,22,63,-25,27,-3,71,-26,63,69,70
81,-12,87,7,128,-55,151,-94,-79,-85,-111,128,49,129,-39,96,77,107,235,118,46,-102,-39,31,159,36,-21,-21,91,91,135,-30,-23,150,-21,-11,75,162,192,30,97,4,-63,6,141,-11,2,56,-67,206,-25,89,27,3,-104,-85,-2,-7,34,85,-3,140,52,61,65,75,20,-42,160,65,-50,37,27,165,42,-16,61,15,81,111,-46,74,89,117,105,66,63
7,32,61,27,42,-11,125,20,32,15,46,138,43,65,48,55,-14,12,-79,83,146,-173,-16,2,106,91,73,30,238,72,141,116,28,171,29,-19,46,-14,39,-95,-79,25,-54,-50,118,72,103,-31,14,15,-18,35,94,-198,65,-12,140,30,12,51,58,-29,20,6,91,38,-95,17,-17,40,18,93,2,127,60,107,-76,-12,37,12,46,-40,158,19,-49,47,60
0,-64,10,-72,-20,24,182,74,-1,-1,61,-53,33,-41,-132,219,-113,-48,88,92,-23,88,111,20,-38,-19,-92,105,-78,-10,30,58,-71,21,40,42,-81,41,72,33,-33,118,-6,-12,242,-7,55,51,54,93,17,103,-62,-62,105,-8,-44,-72,-57,76,-96,201,76,-15,-22,-149,145,-47,2,98,108,82,48,-57,147,3,217,-57,169,106,116,156,-18,-6,131,14,61
-10,-126,50,-28,-35,90,35,81,96,65,-230,69,-119,-40,21,92,52,-39,121,3,-75,-15,139,74,-61,-9,2,92,54,40,112,-181,-7,63,214,-32,231,56,155,71,-44,178,66,-11,45,-102,157,74,6,55,-128,81,30,-4,25,-72,-171,-8,31,61,-2,44,-65,-1,207,90,56,-72,49,108,184,7,218,45,115,-168,-37,48,31,-39,125,40,102,-36,-51,-144,25
118,76,-38,1,-24,99,53,69,-22,73,-9,-80,80,42,8,21,-1,88,-60,76,58,-26,51,67,120,59,-91,29,125,-69,-39,-16,49,40,76,10,-31,71,49,-68,-88,84,-39,-31,68,149,84,66,-113,33,-8,-5,71,6,-3,34,-79,-37,98,-133,141,25,1,11,-7,-215,-94,-75,6,-21,74,-118,15,85,90,90,-9,78,41,-5,85,10,50,-63,-5,-190,8
-45,56,1,-106,-103,-4,64,-23,-110,-15,-93,81,-97,-5,31,77,21,122,23,30,-128,56,15,41,77,142,-32,30,27,-88,33,21,-119,58,41,-127,92,115,88,115,-142,62,144,82,83,-15,144,-114,-94,43,-32,99,-101,47,109,57,9,119,-4,-14,-158,106,-35,146,-13,-16,134,45,-39,109,-16,-99,170,-55,108,-51,-125,131,-52,49,-21,2,-65,52,14,-89,47
81,13,-19,24,69,76,121,6,106,-63,-41,14,-53,55,115,-127,56,91,208,37,-28,-12,80,68,99,-74,52,30,137,-62,134,-111,66,18,-12,18,97,70,-145,71,89,105,64,-76,66,14,24,138,-19,-1,-125,22,117,76,-125,-10,47,53,-33,60,95,-38,97,75,58,238,-101,138,94,-33,-54,-73,-92,151,-66,-44,-27,118,-51,52,-52,52,101,68,-25,-47,104
154,-5,114,-120,88,22,33,82,153,-62,69,-74,26,35,62,28,46,4,121,103,-99,-155,117,59,115,24,-47,35,-22,53,202,-126,230,7,-70,118,11,45,-45,-13,-56,94,166,-246,92,73,157,102,154,-16,7,102,159,-22,31,3,-43,17,-29,143,112,33,78,55,73,70,-7,81,125,70,49,28,110,-19,-63,99,13,16,2,87,38,27,-24,9,-1,-70,-45
3,-110,18,-25,-82,-34,26,36,88,-68,-141,17,71,-18,-53,-37,-29,19,6,105,-49,-28,-42,-11,95,-39,-104,173,48,23,-24,-214,-128,87,121,-73,87,41,170,111,-47,68,11,-125,149,117,172,-26,-37,153,-123,116,1,64,58,60,73,82,102,42,88,187,19,-8,0,2,-18,155,1,-32,19,50,184,172,1,-106,-124,67,65,-21,39,70,62,-36,11,54,55
109,84,58,9,181,111,95,-105,-7,-75,85,-96,-23,47,143,99,17,244,177,24,35,-150,97,18,227,39,104,-8,70,192,138,-46,104,229,21,-49,-13,189,40,24,-49,7,-3,54,193,133,146,14,58,246,-38,98,155,-2,-52,17,15,130,45,155,-15,7,69,32,156,62,-6,21,56,-83,51,60,49,99,7,76,-7,14,99,34,100,-21,201,95,-70,64,65
-16,-88,-69,-66,-146,200,-21,102,80,19,-122,59,-98,-125,-4,-106,-99,-7,104,71,-213,47,241,40,35,-108,-60,140,60,67,121,-61,-38,47,96,-5,26,119,-18,156,64,121,11,-96,40,-52,-53,109,-5,-20,-35,151,-56,23,-82,190,47,66,-154,122,51,-94,56,-105,11,-45,-86,22,-30,-12,19,-179,114,125,33,-3,17,74,-38,8,-51,133,47,13,-28,-25,119
35,33,134,-13,15,145,114,-8,43,89,63,131,114,102,53,88,77,61,-165,-127,11,-128,-56,43,-59,34,117,-60,204,-61,70,40,50,-4,143,-13,-48,107,165,-11,-57,44,-6,26,92,129,80,11,-21,30,-41,47,91,-107,213,-140,-146,125,-17,43,101,110,12,84,151,-130,22,27,105,-28,156,81,31,24,-14,101,-112,99,88,65,129,12,48,78,69,-42,124
-39,-186,-6,-53,-110,120,69,86,51,-70,-84,93,-78,-28,-29,-26,64,-97,69,136,-146,43,168,-61,121,26,46,-24,4,-32,151,-30,12,158,7,-57,-8,-8,-21,129,-17,11,-33,25,118,54,25,9,36,33,-77,129,-113,-89,173,-10,-55,34,-57,3,53,145,90,-11,-80,-54,-82,-29,-234,-64,39,24,90,-3,-24,5,1,123,-72,63,38,-10,-46,2,-17,-8,-14
71,112,107,-57,-45,107,39,-35,104,-1,60,-10,-49,50,98,88,33,44,28,0,-7,-58,131,60,37,-9,-14,32,114,22,187,-93,112,41,41,-51,5,0,-7,49,-15,117,26,72,26,5,-68,71,38,-39,47,127,-27,-108,-58,-40,151,75,28,129,25,-149,46,111,100,62,73,125,-20,2,75,40,163,113,17,46,31,26,-78,35,12,27,-44,60,163,-11,85
49,99,80,-43,226,85,-139,-43,51,23,55,144,206,126,-67,-18,-21,137,-22,-24,112,-201,31,166,-24,1,52,-77,148,-178,92,30,84,-29,-40,194,2,145,4,9,-8,-73,57,-111,-7,16,125,65,-50,-14,65,83,97,1,78,26,35,-105,-138,-55,-137,7,121,-114,15,-19,-122,106,213,-31,-34,117,53,-50,-46,148,12,31,153,-9,-40,76,-30,53,89,-10,20
212,92,50,29,94,33,115,112,-94,-90,46,-97,-61,1,-68,-16,-15,118,63,-50,41,-39,-149,-10,-15,-35,-18,169,-27,64,36,58,-58,28,102,-93,45,-40,104,-6,-28,-4,68,55,-29,-18,105,41,32,83,-33,77,61,57,84,-6,28,59,209,104,-60,17,42,114,12,39,142,-4,-35,158,87,-82,65,42,201,-80,23,-67,68,10,89,-71,78,121,14,17,162
9,108,-222,128,-145,62,3,-69,-109,-9,199,-122,15,-15,7,-110,21,84,-74,-37,5,66,121,100,73,-68,-55,10,-57,3,-38,-40,25,1,-143,-106,-22,149,-43,56,42,-14,95,51,-109,-11,-122,-78,-17,115,68,25,77,2,77,49,87,57,18,43,-76,83,92,-65,-27,-30,110,159,-15,-151,-37,-114,13,-101,-141,-83,21,61,-5,-43,104,17,-149,49,-103,-98,21
131,36,5,31,74,49,69,63,-19,74,-68,252,106,-6,-83,64,9,0,-57,157,-4,-104,-128,52,151,85,-72,23,125,-1,58,-21,-95,-77,72,-39,15,-15,185,32,114,69,-118,5,-103,-6,44,-10,-32,-60,-60,69,94,-73,-61,-56,-48,-106,-20,3,64,-87,93,-73,125,79,-45,-92,20,130,90,-50,44,139,110,102,140,82,99,13,36,48,117,-41,-7,43,120
27,-62,-12,45,27,95,113,41,-98,18,-44,3,-75,-39,-28,-64,-1,97,18,100,27,97,76,77,66,-60,-69,28,105,25,-29,-96,-20,61,57,140,0,-9,12,107,-115,54,35,10,14,-9,10,-30,-105,59,188,-45,-32,45,-63,71,51,7,5,-114,79,-52,37,-93,132,49,57,58,-130,-44,85,-75,78,91,179,85,75,83,-16,-55,26,-86,-38,5,-27,19,56
16,90,-157,64,79,-49,-31,-6,-3,-121,-38,135,-29,-91,-6,-134,193,46,-43,26,47,-121,16,76,46,-67,65,-64,25,-64,21,-2,105,30,16,-83,45,79,79,64,22,46,-80,7,-115,-83,23,25,-6,112,13,10,-45,209,-13,6,-126,29,2,-181,14,-79,9,-4,-10,-34,-34,43,91,1,-142,9,28,-37,109,-28,-133,38,-82,-13,-43,-114,-176,166,128,98,11
132,-117,14,6,53,10,213,134,95,-12,200,107,38,98,-65,18,6,1,57,42,-119,-79,102,100,22,61,-40,75,35,-24,141,105,-58,100,97,-2,-9,-18,96,-52,3,158,50,-84,171,14,79,57,64,36,22,152,39,72,176,154,42,69,50,88,90,-38,-38,-8,-107,-36,-36,19,-78,87,93,-49,143,-2,104,-13,214,5,-28,69,62,60,191,33,-50,-65,126
49,-22,134,-94,1,127,211,-24,14,2,-2,-2,-165,-108,-71,83,-123,-145,128,28,-174,6,132,191,-45,6,26,4,-61,9,-60,-94,30,-20,-56,74,-16,4,-98,-28,1,-16,-55,35,173,46,-27,57,33,-100,-151,-138,-60,-34,11,57,24,99,37,12,139,57,196,-3,42,-121,15,1,-115,-20,19,-62,-49,-20,114,134,92,156,-124,55,6,-125,70,-18,101,-65,47
0,-68,96,-34,-11,117,133,19,30,41,-78,56,-87,37,2,-11,-64,-24,67,-196,60,-20,65,8,40,-23,21,-71,59,-29,150,-60,-49,42,25,-90,-90,-1,3,-72,4,-135,98,-5,77,81,41,20,6,-11,60,79,38,-37,-64,-28,48,7,-77,228,18,59,102,59,-13,-50,29,41,-59,42,169,29,113,-23,59,96,89,-20,-26,104,-1,-13,16,50,83,-24,82
26,28,-33,-23,93,-50,-28,140,2,13,-19,39,-12,8,-64,83,56,-116,-102,4,19,-40,-71,85,62,11,109,34,53,20,19,-14,-17,-64,76,158,-4,-14,-63,169,52,49,76,160,-30,-65,-173,109,-28,-8,26,-12,139,-137,146,-23,58,54,4,-96,50,-19,80,22,-23,89,-41,60,39,-60,1,-89,16,12,152,105,58,105,69,39,17,-86,-72,93,81,104,20
-60,21,-61,-148,-180,39,-158,-94,16,-106,-99,-41,-95,-151,-10,-118,-134,-139,-144,-105,-53,-26,19,47,-62,-232,50,30,-103,46,-9,-41,-92,-44,-89,26,50,-184,-76,32,10,-24,-6,-52,-134,-75,57,-32,-103,-76,61,19,87,60,-37,31,-58,-13,-237,-35,-16,19,-94,-41,-93,-40,-26,124,10,38,-105,-8,11,29,52,-14,-41,41,73,22,-13,6,-44,29,-40,-4,37
92,114,35,-6,63,4,-19,115,16,-66,24,-59,61,38,-15,118,-53,-12,7,18,-60,23,-13,-35,73,11,25,83,-38,91,47,-26,27,-38,101,-120,6,6,60,-30,-79,-5,-30,29,-76,34,108,-1,113,-129,19,-62,46,15,-102,-41,-95,-19,91,27,91,-21,69,197,-23,-76,79,-28,42,21,71,-68,-87,-31,54,79,29,93,18,5,-17,20,-68,91,40,44,6
36,24,44,-54,79,-81,-84,110,-65,-162,-65,-1,-58,-38,-11,-2,94,54,-88,-33,12,-168,-108,-17,3,-104,35,45,-19,19,3,69,13,43,11,107,60,-27,105,-82,-108,-31,-30,-211,1,149,160,-94,67,-9,31,-49,120,161,6,-41,29,7,53,-64,0,32,-132,47,30,-50,34,-23,-22,148,95,34,51,-36,142,71,-77,63,-48,-72,176,-124,105,54,39,68,-55
-17,-11,109,49,94,6,216,182,37,59,127,211,9,96,-81,155,42,-15,193,202,-131,86,193,81,261,-6,-5,124,35,21,294,-21,25,68,9,38,-75,4,-19,27,103,151,64,-80,187,133,61,57,-38,27,-96,53,-126,-28,-22,75,74,54,119,15,195,69,166,-65,-22,-97,-112,72,-78,-1,4,-19,-27,145,158,52,97,66,-62,85,79,40,35,-9,133,29,210
32,-21,-36,-37,76,-84,52,-35,-23,-14,-49,36,15,-88,-14,110,18,19,27,147,20,-96,79,18,-38,-32,92,59,-51,60,81,-72,-28,89,-66,63,77,-59,17,8,165,13,96,40,1,-48,21,-110,20,-11,3,133,23,-115,-78,11,105,-26,-14,36,-83,79,-107,-18,-94,160,-96,-56,71,124,-77,-26,63,200,13,-49,39,-94,-77,49,-45,183,53,-158,7,165,-18
54,33,56,-40,152,18,109,49,-67,6,20,37,79,-4,45,-54,-131,18,22,112,0,-14,-1,3,71,54,13,21,14,49,-79,-86,-95,64,2,116,-101,40,-1,19,16,-137,-57,-37,-2,109,116,-62,10,-89,159,21,21,-119,-115,116,95,-22,-177,-6,2,91,160,-91,171,60,142,-41,-79,-124,110,48,150,64,116,79,257,32,16,35,73,49,-55,-37,36,59,40
-31,-111,-16,-68,71,2,-56,120,44,46,128,-81,-83,20,107,-28,-18,-64,94,-84,100,-69,76,21,74,-191,116,11,-104,51,17,-51,-2,51,-69,63,-80,85,-95,13,78,-75,-71,-99,-7,84,-14,35,48,-18,31,1,101,-21,-40,83,43,37,-87,120,96,35,120,-15,110,52,167,60,34,-48,-27,57,30,-112,18,10,138,72,36,53,133,-80,-26,109,-70,-135,112
70,152,-88,-130,56,66,194,-30,105,-38,-89,9,-40,25,82,-14,245,-93,21,17,-109,-37,-51,1,68,41,42,192,98,-103,76,-6,91,16,-51,77,54,12,-19,28,-2,154,20,39,-4,-147,-17,-5,-26,-71,-73,156,-45,78,-140,-109,-20,-5,48,-76,-12,-97,-19,165,58,127,4,-147,94,87,93,-29,-10,104,93,81,-113,-171,10,94,-62,-54,64,81,-202,66,-70
163,157,-123,6,73,-59,-61,-8,63,-3,140,-101,28,-28,-26,-4,118,63,-35,-96,-9,-94,23,-4,-7,-81,36,-47,85,25,-56,17,123,143,61,19,-178,107,58,79,35,45,-52,-152,-38,32,-102,1,-3,126,65,0,187,43,2,62,91,82,126,-32,125,-91,10,-73,148,0,117,83,100,-35,-42,-72,5,-18,-19,-82,-140,74,165,6,35,-17,-68,79,-123,20,24
156,148,28,33,-84,32,73,-65,-74,24,86,-86,0,105,117,-90,42,29,-81,-33,-34,1,103,139,91,-25,-28,-79,43,23,20,-30,16,-102,21,-20,44,137,115,-67,-83,57,41,20,60,91,158,49,-16,100,91,-1,26,88,83,70,-126,204,-90,79,19,20,-38,53,43,-51,119,83,17,60,53,10,44,-51,142,83,102,114,-36,-48,12,-31,50,-21,-62,-107,15
-60,-9,138,118,-10,107,70,42,8,-9,-48,140,-28,-66,-18,148,-22,42,96,52,31,57,97,97,136,35,91,94,30,-32,94,-15,76,41,178,-10,53,81,-13,-3,-171,-74,80,18,90,-7,120,104,-18,-20,-34,129,-166,76,34,-12,-40,6,42,109,-37,75,90,-11,94,-190,-110,-2,-97,-5,184,10,77,113,201,8,57,108,21,150,34,-120,48,-75,9,-97,-90
