16,146,52,15,97,93,65,5,56,-22,183,-12,30,-71,-37,-38,110,11,17,87,-22,96,-67,32,83,13,78,43,-68,17,2,57,-14,65,12,-25,78,-7,-9,-8,51,180,52,-15,100,-98,58,56,-1,81,-66,30,-9,113,-99,-28,47,62,-65,81,-22,-15,30,39,-95,1,38,89,13,69,-27,49,-16,-44,-31,27,-55,46,-48,149,12
-49,-68,97,3,3,126,-56,106,70,-152,-25,22,63,-34,63,100,133,30,29,90,65,-17,-10,41,90,125,59,60,-73,125,-149,35,64,2,93,16,111,-47,10,-40,-32,37,-30,-6,73,79,-51,12,-134,91,-49,25,64,-53,37,-95,33,-71,-92,-51,-54,-18,-8,95,29,16,170,119,-43,-14,1,31,255,-24,-63,32,38,-56,-3,141,-61
166,70,35,-14,-2,47,-48,35,287,41,23,257,-91,-37,-53,21,113,35,6,125,185,112,-33,4,-47,166,44,-16,115,70,24,94,-84,96,-100,9,-24,-26,68,150,117,127,76,91,10,-28,71,23,4,25,81,106,95,99,13,-61,-15,187,181,-114,-37,39,-80,-17,-45,64,117,-5,56,128,18,-75,77,50,61,155,-122,18,47,161,-37
-11,-10,19,-168,-99,-17,24,94,156,69,-17,26,-124,141,-57,69,-17,100,-41,48,-64,-20,29,31,-37,-64,9,93,-44,136,-80,-17,-56,-5,36,-13,-38,49,52,65,11,-20,72,-41,9,-113,-29,81,-39,118,31,105,-39,13,55,123,88,92,73,94,107,103,-121,96,-87,68,-33,80,57,-44,-21,-180,169,-69,108,150,-10,-13,17,38,116
7,-28,51,99,-19,-68,-180,20,12,22,47,75,146,31,106,76,-97,-4,-28,-65,107,20,-33,93,10,-10,-26,-25,66,-22,-26,103,-16,67,4,-6,121,-26,-28,-6,65,19,5,66,-110,33,43,-23,-126,-67,-79,2,-9,-3,76,-115,6,-86,-78,-130,161,21,41,-14,104,1,181,48,-77,44,-61,296,-6,-99,-89,-12,14,5,28,64,42
68,83,97,-64,209,-141,34,18,53,79,54,-173,13,7,155,-97,61,-25,47,-9,-9,-37,-16,34,20,-4,77,-6,-61,4,-21,141,-9,39,33,95,102,63,62,-13,90,66,24,-74,-43,35,-45,168,18,-70,39,109,-61,52,-29,-25,46,4,-46,43,19,3,61,-78,-57,37,-50,38,78,-30,135,-30,-33,-116,1,-8,23,41,45,22,111
121,-24,63,25,-12,-15,-64,28,103,77,93,86,63,14,74,33,47,-44,-27,27,73,14,94,-76,-57,93,74,53,50,-65,88,50,67,49,4,-132,86,-45,-40,40,88,131,-3,43,-9,-32,164,22,-16,73,151,65,101,107,13,-135,11,119,8,33,104,21,63,29,-36,-61,53,22,70,72,156,58,-148,-40,-45,-25,72,13,53,48,161
1,29,1,11,-34,64,113,-32,44,6,8,-28,151,12,133,7,106,127,-104,-23,123,-14,194,145,60,123,41,-43,-15,65,4,56,-23,48,1,30,-88,-120,23,122,-69,131,77,-21,70,-22,182,-79,-40,-23,-77,-8,84,99,16,-64,114,84,131,17,102,123,-90,116,15,156,-2,-16,-72,35,-50,193,186,-32,-14,-106,47,-13,87,-52,17
241,-81,39,44,99,25,-101,-70,-35,13,101,74,-17,-83,-27,-8,119,126,-3,71,17,100,85,158,81,106,101,-77,48,21,-108,-141,-119,56,-12,15,39,-81,124,-15,57,121,-36,46,-75,-22,125,72,77,-111,0,-24,-166,123,-7,-25,125,101,-135,122,-49,-21,-73,18,50,19,-61,-73,30,76,15,-43,16,264,-126,10,-8,34,12,-70,98
20,-109,81,50,20,59,87,-27,85,-82,-30,147,17,-26,47,-124,42,94,-23,31,-86,134,-19,41,21,5,209,104,-80,7,-41,38,-55,71,34,-26,108,-116,-66,-85,153,-81,-40,20,-84,39,-66,65,108,66,-26,-84,-26,34,56,56,62,29,-60,122,-4,97,-4,-20,128,167,57,-72,-1,-8,-41,37,1,107,6,143,64,134,109,-20,217
126,-54,8,65,-44,55,50,-51,-52,-76,-11,87,26,43,-29,5,10,-125,-58,157,69,-42,41,154,113,97,-7,-58,-37,65,-89,12,-31,113,-8,-162,114,-164,92,-59,63,7,76,-46,216,-17,66,121,39,-89,114,38,-146,-12,-40,29,91,54,-38,-88,-107,-77,-124,-62,101,-73,64,108,-115,9,-136,-23,38,182,-100,86,-114,-36,-58,160,13
-4,151,118,-41,290,-47,-98,43,159,41,109,-18,42,48,230,6,116,145,82,159,87,150,24,62,-25,150,41,-57,-7,123,-33,70,-48,2,93,47,34,74,60,102,29,71,72,111,56,155,138,62,-16,122,89,193,127,243,28,131,28,67,69,84,136,45,151,30,-115,98,107,26,33,-7,112,8,7,-68,125,24,126,85,146,126,81
-16,79,110,-118,38,169,25,-1,28,42,7,91,-50,-108,10,169,20,-89,-40,52,18,140,75,-26,191,116,7,45,125,-8,4,-95,95,46,126,98,-85,-153,114,-34,-8,6,-146,237,-113,-84,76,54,45,-21,-101,104,142,47,-75,-136,104,95,26,-12,-14,82,-29,32,-14,48,-68,-67,63,-42,79,129,-73,164,-76,-47,-20,-27,90,-109,95
-32,35,26,-92,61,70,138,42,78,73,-61,-51,83,26,33,-2,97,223,9,-122,-46,101,94,-47,87,148,83,-121,-36,28,16,-81,-51,-26,-85,66,38,-5,82,85,21,25,-96,14,-25,-71,144,-145,-40,-13,63,93,45,19,14,51,42,119,118,198,27,104,50,136,3,75,-15,21,-34,-50,122,-70,74,-77,1,112,-51,-6,137,-63,112
197,-50,49,31,-7,40,18,24,31,-72,90,56,48,-120,-33,-76,115,1,32,23,95,-75,177,-17,49,-19,-37,-16,-68,-71,-45,62,-117,-80,-103,-113,199,-100,30,-40,-14,-61,8,-93,-5,25,68,-71,27,-136,14,-64,-243,40,-159,48,65,138,-184,-160,-56,68,-67,-18,114,-128,-4,-58,-81,180,-14,-90,-26,170,53,89,-32,-37,-60,10,-54
72,12,93,136,41,115,28,-25,55,-56,78,129,-21,14,-51,30,93,-12,86,-99,111,27,73,-11,-89,-73,25,-9,124,10,116,5,13,-49,8,63,-6,31,42,159,-27,64,5,46,-79,2,-54,-1,-29,125,125,-159,131,-9,89,-9,165,125,63,33,120,-31,45,-7,-65,34,-69,-180,30,147,-37,-131,-121,99,-51,-34,-50,204,-1,-74,34
80,31,-58,79,67,-67,61,100,79,104,96,67,-12,10,41,-4,-132,39,77,-61,-9,-154,56,-57,39,-42,46,-22,-13,29,77,25,-48,-85,-165,-37,-22,-49,-72,59,20,61,93,-212,35,4,2,12,-74,-6,112,33,-83,119,1,10,30,79,75,45,208,80,124,16,39,0,116,10,22,125,-15,-14,47,-156,110,33,36,-17,16,92,5
-46,178,240,7,22,138,207,-8,143,-45,45,-55,-51,51,36,20,11,-15,-97,7,96,32,125,-17,99,58,-18,94,180,69,76,244,-44,46,-1,153,72,-162,52,-5,57,61,190,-32,78,64,94,-42,-8,129,71,-88,87,90,165,-45,18,99,77,-101,107,127,-1,90,20,198,126,-58,74,91,-13,91,81,-26,19,142,-37,228,-12,-38,-10
31,29,4,162,132,213,-30,120,85,-68,-5,-16,24,42,182,-73,168,92,28,-119,18,60,158,87,172,108,96,-51,-40,-40,91,130,-92,22,3,4,66,5,48,162,-17,20,111,-60,47,95,17,-60,147,1,43,42,17,62,142,41,11,86,25,31,-1,12,0,55,-20,145,-17,78,44,-59,136,-153,16,-5,45,78,57,36,115,-81,-55
44,14,135,27,94,-17,-5,17,56,-45,-63,47,86,-58,75,-106,183,118,257,29,-19,3,61,-82,148,4,90,-128,61,9,24,-22,-131,-50,-163,9,83,68,-40,45,12,202,96,58,149,-38,73,-75,45,-49,70,-90,-17,-5,59,122,21,60,123,99,9,197,126,115,24,139,-69,32,-55,-19,40,24,227,-58,6,81,178,-28,25,172,-20
-31,41,-50,22,119,-19,-76,67,-38,48,107,-179,52,-31,63,-132,49,140,-9,-113,41,29,-107,62,-41,-55,100,50,-131,40,106,112,-28,11,101,-42,3,141,29,101,43,44,188,55,91,-172,7,153,88,60,39,52,93,198,95,51,-10,22,-31,236,106,-67,55,150,-139,93,76,-12,-75,-51,96,-22,84,-8,-5,37,9,69,-43,-58,48
-3,-40,-64,-14,58,110,-33,15,-90,-119,-184,-22,-50,160,115,7,63,114,11,2,43,-105,91,-37,62,-45,58,-48,28,-76,98,25,-150,-20,-131,68,47,53,-55,64,-34,119,-51,-166,98,95,61,-143,16,-23,-40,10,-102,1,-20,-42,-45,-15,136,-33,-56,196,-86,133,148,27,38,67,21,-73,8,-30,61,-33,8,-105,-65,61,-60,-7,-123
85,-53,52,7,32,-29,-55,138,60,-50,5,-45,60,41,115,-5,2,64,3,-93,-6,14,166,45,-74,-121,20,-18,-2,-67,-8,15,-51,-40,0,-30,-42,30,-23,-20,7,-61,34,-121,-69,-36,8,18,17,-1,-93,-72,-184,97,52,15,68,-12,-13,21,-55,-17,71,119,91,80,-2,28,47,-25,-60,73,43,153,55,9,82,180,116,-5,81
112,-28,8,151,96,115,-19,-115,-19,-7,-16,204,-11,-25,14,44,19,-109,-12,96,29,-19,55,18,25,33,-13,-12,-6,-57,46,-19,-16,39,-10,21,-13,-64,-88,-65,70,27,-23,-80,20,71,-20,-69,11,-57,-5,-11,51,140,53,61,-13,-26,10,-11,47,35,55,-128,55,-9,71,-79,-60,77,-113,-16,-67,63,39,20,47,144,-135,-78,111
164,172,78,68,59,111,21,-15,42,-59,-14,9,58,34,47,10,129,-1,162,153,52,10,4,102,-81,-115,27,-6,39,100,22,61,-2,77,17,-6,81,37,76,-19,-97,58,32,41,50,-20,37,-130,-102,25,144,-60,59,6,-32,29,111,22,-65,72,-13,4,29,-22,-99,43,-168,63,-15,115,-79,72,-41,85,14,33,89,134,107,100,5
50,157,36,56,70,108,-11,35,142,-9,25,-213,187,-5,206,2,-179,-30,44,-47,65,111,-7,43,-115,-77,-23,-49,101,63,80,63,36,9,-15,-84,55,-57,-92,-41,72,111,-124,-136,-64,-155,13,-39,-2,129,-30,-145,-37,147,36,-219,-36,-85,-71,-13,78,-34,12,154,62,38,21,-16,12,-39,-17,209,-27,-86,4,-65,-53,159,8,-57,29
23,-63,134,-130,38,7,11,34,101,-52,35,-5,8,14,49,-42,-43,-25,3,-108,0,87,-36,-85,-74,-69,3,13,-62,-32,112,62,50,83,20,-2,36,-113,59,-54,121,49,-100,57,-32,-24,-145,102,129,130,10,71,-30,-82,21,29,196,-4,-59,44,-21,31,-36,-27,-8,140,-59,76,105,8,123,3,-22,-16,6,19,-105,105,57,51,147
78,54,-46,-40,-188,66,-134,120,-38,-90,-111,-26,99,-41,-28,-7,-3,45,13,63,76,50,-61,76,54,-29,-21,-42,66,135,-19,69,10,30,-97,-61,96,18,82,-73,-96,-14,24,-36,109,-35,-47,78,-102,-29,8,-82,-24,57,13,-130,-83,-85,-50,-47,-48,-68,69,37,88,35,136,66,-43,9,-91,191,153,62,45,-10,14,25,-2,53,-56
-131,52,-53,17,8,-60,123,-66,-13,11,-63,114,-77,132,-14,-52,-69,56,19,-22,-38,56,-106,-21,-6,28,114,-20,76,42,80,54,-34,-128,-96,76,26,55,-32,6,114,-8,-52,-27,56,103,159,-23,-75,-49,41,-72,12,92,47,65,-50,-87,50,60,14,121,52,11,132,-12,147,-86,-66,18,-63,3,93,-97,41,-11,-60,25,-92,-36,-16
-16,64,81,-56,18,-35,-65,39,-90,15,-130,-7,120,74,16,-19,46,164,22,-102,96,40,218,33,76,14,-70,-188,101,102,-22,31,-14,38,-15,90,17,127,230,-42,-40,89,50,160,88,-15,28,-108,-84,29,7,-1,137,-114,119,25,122,39,144,201,69,-28,10,31,-135,105,-51,106,-25,-78,-2,75,12,13,-24,-70,34,9,85,18,-49
-10,58,-27,-4,56,-45,-65,171,-78,161,33,31,-106,160,-48,45,-16,-51,0,32,34,-57,-120,16,-13,-71,67,77,-51,121,120,92,95,34,122,-35,126,157,-51,30,-31,-7,6,-47,35,68,-92,96,-64,-9,45,144,48,-22,-5,95,28,-190,77,63,-52,26,4,-130,121,138,66,74,-18,36,112,27,106,-6,114,33,147,-133,-50,-37,158
164,-15,101,-11,-7,148,93,4,108,65,138,114,-140,-92,-95,-92,174,-24,-80,182,91,81,-66,113,181,227,40,37,67,-4,100,32,-73,3,-93,18,44,-92,-24,136,89,19,-1,34,-13,137,135,-28,84,105,15,131,69,50,-12,-11,-66,178,-65,-34,-95,226,-109,35,48,134,85,50,80,77,105,47,162,140,36,123,51,25,-10,81,-59
67,59,118,42,75,6,113,-10,-31,-153,-37,81,28,-102,-4,-41,260,59,-30,-17,4,111,71,42,115,9,-23,2,34,18,-60,46,-66,-59,-81,67,58,-45,-3,-73,-78,-42,112,79,65,-84,23,-136,-109,1,-54,-166,104,8,38,42,83,0,-88,9,78,-96,3,-56,-12,14,25,-54,50,115,-41,55,109,-19,-93,-7,10,214,6,52,-53
17,-38,33,-18,12,-91,-4,-8,104,138,-9,-109,5,-110,138,-42,-46,19,-63,118,10,36,-33,208,-61,144,85,-113,-46,99,-8,12,67,59,55,141,28,7,90,52,86,-10,-110,35,-33,79,249,-2,6,-69,81,104,93,95,51,-97,29,31,-27,123,119,110,92,-68,-68,170,-49,-1,-59,63,99,166,111,-75,4,-6,135,55,86,-118,171
-75,17,-33,-72,-25,65,97,48,71,-25,-114,-204,8,85,41,49,-20,-83,30,-149,63,94,72,-25,125,-9,137,152,155,-24,56,135,-37,59,58,81,148,-123,57,21,148,-6,-11,-39,-93,89,19,-69,-58,47,21,-77,59,-93,147,-62,3,2,83,-5,-36,47,47,47,55,97,53,21,142,-29,87,41,125,-89,24,-14,59,174,58,-99,162
-144,-31,116,-97,30,49,60,-18,38,82,9,68,-3,-22,0,80,42,4,-4,-18,35,-46,-16,37,70,88,-144,-48,54,31,25,69,-17,142,-22,122,87,-140,-108,-9,-73,87,55,3,-69,111,-109,-156,-13,99,20,33,201,-77,125,-12,-54,48,114,18,48,119,38,42,136,138,78,23,94,2,70,104,129,-123,-40,210,178,88,-18,40,-28
4,15,128,-168,39,-131,68,85,13,72,-37,-13,128,82,19,50,-9,86,-7,80,118,167,-62,28,134,68,-2,-23,16,67,-49,-34,106,-18,20,-35,11,4,19,-96,14,-12,-63,60,21,34,109,15,-67,-59,41,-101,-5,9,65,9,9,-62,36,-9,63,38,8,28,109,16,-8,-74,162,-43,-77,157,8,-28,74,-51,-32,40,84,-14,164
1,69,100,-126,32,81,-47,-13,70,32,21,11,71,46,24,63,107,-11,-21,72,97,-2,-65,51,43,43,-109,61,-75,25,-108,64,-38,124,74,33,167,-67,-18,-2,10,-7,9,-16,31,114,-79,58,-110,-88,-17,107,65,43,-3,-50,-20,-39,-1,-49,11,-14,33,-134,83,-156,66,53,19,15,131,5,79,-132,-56,86,-66,75,-74,177,125
100,92,171,161,36,83,-62,87,116,-84,88,15,83,139,181,-7,113,109,-12,-55,49,109,106,45,104,158,115,-8,115,-6,3,195,-4,34,-48,-15,127,45,39,125,69,184,43,95,143,130,65,33,15,-63,-22,-102,193,56,89,25,47,105,-7,-19,83,110,-9,-33,21,61,122,46,73,-50,54,160,12,37,-59,11,177,79,24,60,-5
19,-8,93,-41,25,6,-127,2,43,6,-27,26,111,-32,42,42,56,104,156,4,3,-12,54,-90,-5,-57,-10,9,-69,108,-18,3,47,29,-109,22,62,-14,26,-22,-44,-35,47,13,127,23,-7,56,-58,-57,-13,15,109,219,-69,41,56,39,50,-29,77,110,87,-3,123,-137,68,-6,38,62,25,-26,72,-72,133,13,83,-134,-84,168,78
-37,-60,134,-144,50,-27,-34,4,18,104,122,5,-93,-37,32,33,-20,-2,38,-76,22,46,-40,40,4,7,-78,-23,-18,92,109,47,3,24,-54,119,113,12,-105,25,110,-36,-24,106,-82,37,28,60,64,59,27,-10,27,-33,-22,52,-5,-69,-73,54,-101,51,59,68,-52,32,34,101,88,-48,21,44,36,-14,-58,85,121,-37,14,-16,58
-10,146,-10,-13,91,156,159,33,-60,21,-65,-50,-35,67,-78,93,94,30,48,-39,186,73,-20,-59,127,-46,207,121,-57,-18,41,-45,-19,-106,32,-97,33,28,15,-16,79,-104,-5,-55,36,72,111,-53,14,-2,108,-68,-43,44,-30,102,80,56,83,68,-28,1,27,108,-16,-41,21,8,17,13,-34,-55,36,110,77,80,-51,90,-111,-22,199
26,102,32,-103,42,26,-20,108,-17,30,26,49,-39,-9,-47,46,-199,-21,-10,-39,-78,65,-41,10,88,-86,-151,64,-180,-9,-1,-37,6,-10,69,-64,-63,24,13,-41,109,-74,11,129,-39,-11,-130,149,-120,-26,-33,47,-12,46,17,-4,34,74,-21,80,85,96,197,-46,110,20,108,-64,31,-118,-41,50,142,86,116,62,3,81,82,109,157
-61,-69,79,-11,64,86,73,100,113,19,6,5,57,96,136,1,-38,43,48,-23,-38,68,18,28,92,40,230,199,27,41,91,43,196,84,213,-59,-28,-84,-91,74,76,43,-58,122,159,-53,67,94,67,205,-134,-36,89,68,197,-56,103,64,73,33,53,65,-28,66,-11,200,45,4,144,-59,55,38,50,11,74,-146,76,16,107,38,170
51,93,-47,-34,-40,27,130,67,-28,-7,90,-181,-77,53,-154,-110,-128,-53,-113,-90,72,86,91,28,-45,-76,-135,-65,53,17,180,25,40,4,15,74,-1,-25,163,133,61,-10,-37,-36,32,-24,76,26,-8,-9,218,171,140,41,20,36,170,154,45,67,103,26,-4,-20,-48,26,-97,103,-67,-55,3,-8,-75,67,-49,139,-77,91,42,-49,108
-53,13,113,-59,154,67,-57,74,105,75,37,47,107,-49,-4,48,98,23,38,97,90,71,-103,-47,77,3,-24,89,-42,60,-12,18,94,28,135,154,17,-9,59,61,-53,-67,39,18,-37,146,-50,77,19,100,-34,31,59,83,-5,1,155,9,105,10,113,230,104,-4,-69,102,78,4,61,59,14,28,56,44,125,41,37,-33,95,87,35
8,-89,-68,-130,-53,-44,-17,113,0,27,-60,8,-13,-37,-53,-29,212,117,36,-99,-59,62,71,7,68,5,34,-33,101,1,44,-40,-54,-12,-58,68,12,9,17,-45,17,-105,-108,100,12,-18,-79,102,-44,-59,-69,-28,-129,-129,7,-1,-7,-137,-77,93,-112,-63,75,81,52,27,-11,41,67,-57,14,-20,103,174,-34,-90,-2,136,112,-90,19
-41,-36,-71,25,1,-90,118,21,22,32,-21,-42,15,38,27,-5,-70,-32,-7,-59,8,91,48,-80,42,-55,46,-42,89,76,57,-56,70,-12,60,-26,-54,135,108,-84,-75,15,-15,-20,4,-47,23,27,83,28,9,-2,-125,17,122,79,-1,59,-5,213,136,113,135,97,-9,129,-16,21,-46,-18,-86,70,85,48,82,72,60,-1,8,-30,15
-3,67,34,2,-3,76,-61,7,77,-63,97,-3,31,55,95,20,108,34,38,102,53,183,12,27,98,132,134,309,171,150,15,45,81,51,76,-83,34,-53,-16,17,79,96,176,134,16,-31,81,57,83,201,-68,67,132,238,122,-8,33,182,67,2,115,-21,4,44,-16,80,168,-26,101,55,78,24,29,-11,66,90,6,-48,127,72,80
-2,29,-80,-61,115,-47,74,41,179,57,118,66,-100,58,159,80,70,44,33,-39,9,-83,159,-16,61,154,148,-25,-4,-15,49,64,8,-80,77,-42,-28,47,5,32,43,106,47,-27,-109,208,45,-37,-87,6,-6,58,12,65,-44,70,11,193,-30,132,-95,143,19,14,-76,124,35,-89,131,-27,28,-93,77,-43,109,53,166,150,187,-58,97
12,31,34,-78,87,49,19,-61,-76,21,165,-189,-34,-26,81,-64,63,36,-11,-66,-86,82,124,127,9,28,-37,139,36,85,128,5,10,101,9,124,54,-47,27,26,50,78,-41,86,46,21,57,48,35,-4,-67,70,88,138,-65,5,191,-5,-129,163,15,54,-51,-4,-21,26,-137,25,117,47,133,14,-37,61,-104,-95,-5,-36,66,-152,-25
165,33,181,23,48,12,-110,57,22,-57,67,-40,76,-21,119,-1,-7,-69,176,102,-29,69,-64,79,-38,-69,5,-8,72,65,-47,5,31,31,-117,-46,140,88,64,34,-17,25,-59,-87,-4,18,72,31,-40,3,117,-49,59,-22,6,20,146,-42,-23,-84,-105,73,59,0,22,-24,17,174,47,-55,26,120,142,-9,9,6,211,-23,-60,128,-24
38,86,157,68,210,24,-56,10,21,82,131,-3,-26,129,44,115,159,136,-88,-29,142,217,19,-58,59,37,20,-25,105,69,86,141,-103,50,-23,45,88,133,28,103,12,210,101,78,15,-85,151,-17,198,38,-79,-4,27,34,33,56,1,141,93,17,34,-4,-74,61,-22,94,1,73,-2,36,45,72,-18,98,2,35,-7,11,-145,37,-56
-52,92,0,-57,28,-58,149,-137,34,-127,-166,52,66,101,145,12,-77,-95,66,21,-55,167,70,-24,14,-127,45,-12,11,180,42,100,61,-18,76,2,27,24,-85,-105,-80,-13,-46,44,-4,141,-84,-148,-21,68,17,-83,51,95,115,61,127,-49,-20,59,-30,79,89,-79,-77,149,-83,-38,-70,-21,-130,41,-22,-72,156,34,15,44,42,7,129
142,161,3,-48,50,78,11,123,152,-44,-14,-52,48,66,157,-13,158,65,76,20,61,316,71,112,-40,-1,100,-18,292,307,59,-3,91,24,-8,70,-32,-26,98,4,-127,162,-72,189,-64,-107,102,23,91,23,30,-52,55,185,6,-139,145,14,66,128,18,-50,91,61,-107,190,-143,51,112,-16,-30,117,60,45,37,-78,67,29,211,-21,90
69,-21,177,-10,94,-21,33,-69,27,112,194,-36,36,-64,94,57,152,87,-22,41,97,108,73,82,165,105,-109,-28,102,24,-116,116,-60,37,-23,31,175,46,-22,-16,38,73,68,152,1,140,53,36,20,-39,50,2,70,90,-6,10,13,122,-38,66,23,0,4,35,87,20,123,-72,105,21,51,67,-49,27,-5,140,-1,50,-32,47,-41
57,-75,157,14,102,7,-29,103,100,-10,20,26,39,-44,102,23,202,48,86,-7,65,0,42,124,49,87,113,-115,55,33,-61,90,3,-13,-54,81,166,31,65,62,-13,7,62,17,-6,75,54,13,35,-40,108,-65,-102,-35,23,-41,131,-36,-6,70,-31,-113,64,30,-83,113,-42,30,-12,103,-26,-81,103,55,-34,34,8,94,108,13,17
-41,51,36,-142,18,152,2,49,15,119,82,-63,-12,-136,-13,54,82,83,60,-117,108,20,-32,-97,68,-87,-70,68,-63,130,74,-55,-100,3,-41,-26,82,-43,-23,65,50,36,32,-2,50,-62,18,34,27,131,59,97,-3,-54,-27,-62,130,-27,34,127,59,-12,37,66,25,-22,17,126,-59,107,97,-112,108,-14,55,47,15,-141,-11,23,21
175,-13,105,87,13,1,4,27,115,14,141,54,65,-40,46,-126,76,-59,15,8,21,-40,162,68,-45,-59,-30,-100,-76,26,17,13,33,11,-39,-72,-99,-80,13,49,11,31,80,-80,54,-50,36,75,142,88,101,-26,-73,43,142,91,126,31,-34,40,79,-3,44,7,-56,-13,-16,62,-44,25,18,-99,-114,122,45,-6,31,192,-41,74,64
106,-110,-91,25,-62,199,0,218,132,75,-71,58,6,-153,-125,132,97,-6,-204,80,147,-85,130,-155,162,45,45,41,-18,-48,18,-9,21,-7,129,-62,-1,-164,10,-12,-23,-146,-22,-55,17,-1,145,22,-78,77,23,16,-78,-7,140,-37,-84,26,-4,-145,109,14,36,31,-100,43,170,9,-33,53,78,-33,-2,16,98,44,-45,61,26,-69,24
87,20,-29,47,-35,-1,-65,67,34,122,25,114,-85,5,-69,114,120,-20,28,65,35,132,15,42,40,-66,33,57,201,185,75,0,-9,76,-56,-43,50,43,9,15,23,-73,-4,128,-53,3,-124,192,61,49,97,-16,7,-8,-52,35,102,29,28,-7,-5,-34,-56,-132,-14,126,-7,34,123,126,15,-30,6,68,113,69,20,-2,99,-52,103
-37,-108,109,-61,-71,128,126,113,243,97,17,2,114,-127,-2,61,212,-14,-37,-102,50,36,119,4,114,89,84,13,110,-3,-128,-24,75,117,9,118,-67,-214,25,10,77,-42,7,67,-33,6,79,24,85,101,21,61,39,-33,135,4,59,31,29,93,8,129,114,178,2,102,108,136,149,43,96,139,-31,32,31,65,29,53,174,129,61
38,-13,-18,50,-24,20,-27,60,121,-147,12,86,70,-58,61,-53,107,-131,70,-5,128,59,61,-55,48,47,43,28,193,32,22,306,-49,-34,-128,63,111,-45,-1,64,9,73,18,94,-16,-2,-95,68,-13,11,26,-62,53,103,-60,-29,-78,18,-95,-60,13,48,78,39,21,-25,198,-30,29,-8,53,141,-3,-51,38,-110,-10,2,129,23,-187
17,-8,21,171,170,-22,-103,14,-119,-41,13,-128,-65,79,99,13,14,55,3,-133,-15,21,-44,59,31,-23,17,-62,-15,-2,34,3,-86,-5,-1,72,36,193,-105,-40,22,175,32,-48,-33,-95,-56,-18,-6,63,-145,-12,21,-24,32,-54,-169,-112,-70,45,-105,-18,-132,59,67,-28,30,66,-86,-79,13,38,57,-72,-45,-73,118,7,-88,-29,-84
78,24,151,-130,8,78,27,52,97,-68,-30,-22,24,28,30,-70,48,-2,38,-32,92,152,67,-39,30,166,47,-42,4,74,49,73,80,-16,-151,30,154,-37,34,-73,-12,148,-178,23,-18,18,75,25,13,47,-105,21,64,113,-50,-69,-23,-79,-12,67,69,157,-53,36,16,50,31,-24,-55,-63,110,32,82,-67,-133,-8,-136,122,-28,45,110
214,-77,-52,15,-79,-13,-28,71,75,82,110,119,-73,120,60,-9,-17,91,-76,-21,63,94,49,75,-2,-45,-44,87,48,108,-43,-142,16,-5,-93,-139,-10,101,120,88,139,35,55,-33,90,10,-21,180,-15,-89,32,-16,12,-3,128,109,-127,39,117,13,108,147,-12,-85,133,20,107,-60,-35,123,-13,-66,-25,84,80,154,18,16,107,-11,203
3,64,21,-36,73,35,65,-40,84,62,197,81,57,110,97,-77,65,161,15,-38,80,-89,-111,8,-5,35,-74,90,-63,-56,66,91,5,-17,22,103,-187,56,86,139,43,250,152,17,120,45,-51,147,41,-13,-34,119,133,136,95,188,5,117,57,133,129,154,120,-50,-55,102,146,-27,29,31,81,30,109,-105,108,15,64,96,145,-52,-14
128,27,30,64,115,99,59,104,137,73,-51,24,42,47,138,109,120,-29,93,-98,107,127,115,8,52,18,67,-88,121,86,-56,103,12,-52,-9,139,-25,19,112,163,42,-47,-75,-4,-82,-84,63,79,0,-141,132,42,118,68,-36,61,66,56,181,-17,-70,85,128,77,18,19,148,92,-29,-72,38,20,40,44,104,-14,-1,157,136,-12,77
-5,38,-36,-66,134,-29,-144,-48,20,98,-34,34,104,46,98,1,218,-57,18,48,148,142,-57,37,-5,-43,-71,-25,139,97,-14,2,64,39,63,117,79,60,159,129,1,76,-7,115,47,35,27,-8,44,11,47,120,71,17,-14,95,38,-117,96,-26,-10,3,118,22,-136,76,63,87,-37,79,48,71,-38,88,6,-57,-47,-25,66,51,104
-5,-26,24,-80,50,52,-36,-36,70,-32,-64,5,12,-202,-103,-46,105,-33,10,-26,-56,26,14,-131,46,122,4,36,-87,-139,-54,4,-95,0,-30,48,18,-73,-7,-48,44,131,-32,87,-27,-41,49,-107,7,-93,-132,61,-95,42,-43,-96,-85,-28,4,1,59,43,103,26,45,-65,-79,-140,-22,-20,95,-49,-13,-8,-140,-46,-73,-9,39,45,36
56,73,53,112,114,111,23,40,30,49,-92,-61,25,-75,-30,75,1,-22,103,53,36,159,-128,-38,191,102,155,-57,7,68,-24,-69,22,-68,4,40,-42,106,70,29,51,-2,-2,-50,-98,-44,31,-2,7,55,84,-19,11,-76,82,-14,14,21,122,93,27,-5,68,53,-62,119,4,54,-27,-68,-22,15,147,28,17,89,-9,147,17,36,58
38,0,-43,11,-20,-83,1,33,198,-5,73,110,-24,-19,13,-45,46,27,64,31,162,84,-66,148,-56,64,-8,86,-53,114,-44,122,-9,39,-58,-17,164,-50,45,37,131,43,-16,-13,-34,51,5,73,-74,-56,143,3,108,88,33,1,-40,103,-67,-147,64,-5,43,-20,55,-69,144,-29,-30,66,-47,-109,102,-68,-6,139,51,-92,3,-18,39
27,-122,134,-179,3,-104,40,-17,106,17,28,117,49,53,81,-66,159,63,129,2,72,128,121,8,-37,32,1,-69,64,82,42,54,-2,106,-101,59,121,-46,26,10,91,80,-74,117,117,122,127,35,-27,165,5,20,121,5,46,17,50,-46,120,84,-110,133,0,91,30,144,59,93,25,29,32,19,150,-48,97,-87,-27,26,66,183,114
12,18,-35,50,125,-143,-13,-8,177,68,137,19,55,45,112,-28,19,-63,41,119,-56,-2,80,75,-138,-81,102,53,-25,23,-30,46,53,95,134,32,-107,-44,13,47,36,110,77,-10,-29,91,33,-2,-16,113,-22,-29,-42,53,96,3,36,87,-56,11,72,21,77,29,-129,140,-136,-37,142,25,-39,-11,-89,2,6,-98,144,85,84,0,188
77,-27,-90,-3,-38,90,-78,124,12,23,32,51,61,150,-12,-120,216,176,65,52,75,-6,39,-3,-3,53,-3,89,52,19,123,63,69,-11,-31,-68,97,66,157,152,-72,-65,-13,75,100,109,-63,107,14,-41,133,16,110,-57,9,107,40,13,167,24,79,55,3,9,56,28,41,35,58,-4,81,-152,12,99,95,43,59,-38,29,-4,-63
-48,47,72,14,55,-3,31,-85,-20,24,49,-51,-26,54,-102,-75,57,-4,-46,107,-19,137,84,-90,94,51,28,-13,11,8,8,35,89,-60,-28,124,4,-12,19,41,-8,37,-34,110,92,146,60,-17,143,30,-64,98,88,102,-64,9,27,103,-85,74,44,205,40,-34,-88,70,-46,8,29,82,94,134,-62,76,58,50,-34,-75,-13,101,124
107,-4,-3,7,142,-51,-120,113,193,47,15,-2,43,-34,178,51,35,110,-74,7,46,78,101,14,135,51,31,-107,70,7,6,10,-57,-56,-2,48,128,-16,26,-41,78,125,-12,109,-96,101,111,-120,135,38,-13,-1,-26,-4,15,-90,82,65,-39,38,25,84,18,136,-77,75,-14,73,112,-32,1,135,8,73,-9,37,131,-49,101,30,25
21,10,-20,28,8,33,-58,85,3,13,43,92,-20,118,26,-24,52,23,84,13,76,58,-7,15,-25,58,156,125,80,166,196,145,25,-125,63,9,12,70,21,79,95,39,7,121,94,4,78,129,-49,164,28,14,26,153,-35,17,244,6,-71,88,69,19,-28,142,-70,2,56,51,122,27,-123,-32,57,128,87,-154,31,-39,25,-62,-24
75,71,-37,-14,-44,39,-21,-24,19,-17,-55,79,-74,77,28,7,-43,-77,85,55,-141,30,71,-75,65,-33,16,16,74,-53,162,0,77,24,-16,-44,-21,-21,-84,27,-53,-76,-185,1,-119,44,-92,-36,-18,54,14,41,206,-30,42,25,-6,33,40,-104,-48,79,-51,-74,5,4,-39,82,49,-118,107,37,-5,-99,70,22,81,102,-59,30,24
5,30,-82,-102,-92,147,-57,44,56,92,8,-72,0,-54,20,91,-86,36,16,-29,-113,47,-30,-18,-107,33,-46,-39,56,18,-21,7,6,9,-9,-3,-39,-89,-17,12,-27,42,-162,-53,-92,-1,-15,-24,-38,13,-67,110,-103,-19,-126,-64,99,1,-66,2,-72,-55,-10,5,-13,55,-66,107,93,-13,51,101,68,57,75,9,-55,120,96,-6,-95
120,-29,116,-99,16,-126,102,39,179,50,16,-10,6,-26,24,73,-68,-25,-51,88,19,-22,75,-45,-2,-88,-26,-83,-8,55,-101,21,52,-29,-78,24,5,15,114,-38,10,-38,44,71,35,-103,172,17,17,71,87,-1,8,14,95,-13,-23,39,14,22,62,97,41,63,-106,15,67,27,-56,62,-117,-6,34,-25,120,78,48,-20,56,102,118
