3,19,-46,-15,-39,-100,-7,20,-40,34,-20,49,-40,67,-60,65,5,-136,-3,-37,-1,-39,4,36,18,-10,12,7,39,71
-42,-13,-19,32,43,45,50,43,11,-19,13,49,1,81,55,-1,-25,102,80,11,76,26,-20,24,-2,44,30,26,-39,-103
-79,-29,-74,124,-18,-3,80,15,-63,-91,39,-51,60,77,-91,5,-12,35,22,-25,85,-15,-56,-60,4,22,-14,35,-37,0
7,47,3,-29,54,37,6,8,5,-103,-4,27,-4,-31,53,45,-40,46,-41,34,18,-31,18,21,-38,37,7,-4,60,-6
-51,-31,24,-28,84,-12,-42,3,26,-25,51,39,-15,-46,-21,-20,-47,55,10,62,39,22,44,0,-52,-31,-1,-7,42,-64
-22,61,19,18,9,49,-2,-52,50,-71,-28,-82,36,59,96,-46,10,-6,-39,-94,40,35,-80,-36,-26,120,-28,23,-79,15
29,-19,1,-2,-29,-24,-25,-30,-90,35,-41,-52,-56,59,-45,106,4,0,-28,37,62,-8,-18,5,-35,28,61,-49,29,-12
82,-64,44,-50,19,-68,-12,-25,-66,50,-10,-32,-64,124,-3,52,95,-43,70,32,23,14,46,-1,-13,-3,-67,-107,81,24
-76,-30,-56,1,7,61,17,96,70,28,18,21,64,-75,35,18,-52,-11,80,-4,-77,15,57,-34,2,1,51,61,8,-51
0,51,6,10,-29,15,-22,3,-23,-24,15,-39,49,-88,-42,-46,-72,37,-14,-13,-48,34,9,-22,-16,17,-46,39,18,2
-22,-5,-30,-10,-64,-38,37,-16,61,43,23,6,50,12,-86,4,-12,-49,55,-36,-23,-53,-1,-5,-7,41,-8,42,34,13
-24,-15,-68,-18,-7,9,18,-26,59,-80,80,17,48,-97,19,-30,-7,-55,-22,-15,-37,-31,-28,13,-30,-94,-4,31,35,-10
7,62,-57,-41,-12,48,50,-18,-9,-65,92,-29,33,-48,-31,-35,46,3,44,-47,-59,33,32,27,-14,11,-94,23,57,-23
-53,-12,22,-9,17,-34,9,-18,-15,25,-54,64,-21,-38,1,4,0,39,-44,19,-4,7,-41,5,10,10,-60,-6,19,-67
-11,-18,36,46,46,32,34,84,0,21,80,-4,-25,-25,-19,-42,-20,7,34,51,20,3,104,-16,23,12,53,23,-23,47
71,27,-3,-75,9,-9,-54,9,25,76,-40,43,28,14,-6,19,-21,-25,-18,-3,-12,11,40,59,45,99,-29,-61,14,-14
22,44,-38,-9,9,53,59,27,62,42,-27,36,-32,-100,62,86,-7,-60,-97,47,-67,-77,-31,52,71,76,50,38,2,28
-82,13,-55,-3,-29,5,-33,-45,25,61,-1,2,97,-55,-26,-46,-63,2,-33,-35,32,-13,-29,-34,-19,-44,39,28,-83,-33
20,21,-18,-36,8,30,19,52,-1,53,-25,53,69,-90,32,-32,-6,60,18,59,77,15,85,73,10,-21,100,3,-17,-93
37,17,90,27,55,-38,-50,-26,-24,16,-64,23,6,113,39,-15,-61,-39,8,14,56,-2,-40,-14,35,11,14,-33,-65,56
-71,121,25,40,38,43,81,-23,-4,-30,13,5,48,-54,-22,-59,-28,7,16,8,17,-31,14,8,-25,60,-13,56,-12,12
105,-103,57,0,-19,-108,-104,-61,-97,42,-69,-20,-107,6,10,88,63,-3,-36,2,-34,32,-32,-80,82,-83,-67,-50,55,57
22,133,10,-27,18,74,61,-9,-12,-72,31,22,14,-23,-3,11,24,75,-71,-3,64,-84,66,12,5,19,41,-29,5,30
49,20,-82,27,-81,26,73,35,60,35,40,-27,-21,-30,-59,78,64,24,-115,33,73,-4,-8,18,20,28,64,-77,35,-1
-14,-51,-57,8,-9,14,-14,39,28,19,-47,-38,33,-97,-20,-25,68,58,-62,55,-17,60,-21,30,-32,-4,-45,-68,-12,-68
-70,54,18,-35,-84,51,159,-20,21,47,65,-46,35,-23,-5,-24,97,19,-37,-26,45,15,74,-39,7,49,128,-17,-38,53
23,16,5,-7,-69,-52,13,20,53,9,-54,-44,-39,58,-53,-5,-38,-19,2,27,61,-69,-14,13,20,5,49,-62,-32,8
22,-20,-26,54,-16,-35,-47,10,-114,74,-41,37,10,-16,-111,16,-27,18,-38,10,-19,-1,2,-26,61,-28,-55,-10,27,26
-27,65,26,-4,24,141,34,64,21,-85,84,-22,68,-129,86,-61,-33,116,2,59,80,-16,63,10,-28,36,32,30,-65,-43
13,-13,-64,0,-20,-82,-26,-21,36,7,-81,-55,-8,49,3,-18,-41,-108,45,-34,-21,-23,-81,8,26,-11,-53,46,-31,8
