17,-33,1,-15,72,-12,15,49,-42,-100,15,9,8,-75,58,39,-23,81,5,100,27,-9,101,44,12,6,-97,79,-11,-42,-24,-16,1,-26,-105,48,89,11,67,29,65
13,18,5,19,39,-31,-27,38,41,14,20,-22,-63,-21,-50,-41,-54,-16,-91,77,38,-32,-17,-7,-24,-25,-64,-13,-44,-3,19,20,-4,32,0,-24,63,-26,75,37,86
-70,8,-7,-49,55,-43,8,74,53,-100,22,-25,-39,19,45,-100,-54,15,-11,69,-130,-29,-3,-71,-46,-126,15,-40,-37,-15,9,51,-16,15,-15,30,-34,89,68,53,40
-8,-15,46,39,-8,43,-4,-18,-32,18,74,29,-3,28,-2,52,75,17,101,-44,24,45,-12,74,-23,111,-33,-9,13,20,-44,-2,50,-13,16,-34,-60,4,41,50,-53
97,-94,-14,-7,11,3,54,-51,-8,-18,-48,-27,-12,-11,27,14,62,40,27,-17,-12,51,55,48,87,-22,104,-48,-12,63,-41,-47,-18,48,77,-25,-114,40,21,34,-5
57,-78,58,6,-75,-7,12,-2,-8,-29,-32,1,40,-38,84,31,2,-1,122,-69,-14,-30,75,22,-4,30,1,-68,17,11,26,-16,58,-1,97,-69,-35,20,26,54,-5
94,10,108,28,-12,-51,49,-45,-11,-5,-75,-47,-22,84,-16,-30,-59,21,12,72,-145,-70,7,-5,5,-44,-28,20,12,-26,-24,70,-73,85,76,-14,-27,-37,39,-44,2
171,-40,57,-66,39,-4,-79,-51,-80,-27,-70,49,81,-33,17,22,-4,88,33,-97,21,-111,83,169,143,10,-22,79,94,-91,35,-61,95,84,50,41,-15,-100,69,-23,18
31,53,18,23,-27,-56,30,28,-12,54,-29,-8,-14,-15,-24,16,40,17,95,53,-68,-16,14,-15,39,-30,76,20,88,6,90,-20,-25,-5,77,63,-12,-36,-38,-49,-8
63,-13,45,19,8,-68,30,-15,11,122,20,-5,-18,57,5,67,-13,6,-3,-47,64,-38,47,2,60,32,-13,93,-6,18,17,30,55,68,103,-35,-9,18,59,-46,-110
4,94,63,78,27,27,48,-31,17,38,48,-91,32,-19,-82,10,13,15,-21,54,-49,-9,-109,31,-92,-38,97,-42,4,64,-62,-55,-95,35,68,-3,6,-19,-35,37,-19
-5,51,-45,24,97,-57,84,95,65,-17,-7,119,37,-31,50,66,-38,55,75,37,60,27,48,71,-14,53,-82,127,13,8,3,-84,107,9,-14,64,70,-67,11,-22,31
-16,41,38,9,-8,16,-54,-17,11,52,56,16,-47,18,-42,9,56,87,-19,14,-13,42,-18,-75,-7,-56,64,-45,-84,-51,10,55,-71,-5,2,37,8,-7,45,-34,36
34,11,8,-24,23,-13,-30,10,-43,-107,-25,-72,30,-2,-36,3,-48,101,63,-9,-67,-25,54,99,17,18,-86,57,10,-73,19,25,16,29,-47,6,11,17,47,25,11
82,-24,72,44,72,9,-61,-46,-11,-45,-79,24,-110,43,43,0,44,-7,-33,-29,-19,4,-38,83,-44,35,49,-28,-33,27,-88,18,-8,14,0,8,31,-29,6,54,20
-102,-19,-5,54,6,24,18,-51,22,22,90,-4,-20,43,-27,54,-71,-11,-21,-5,-96,-80,-31,6,-39,44,23,30,-48,68,-27,-72,-59,-22,47,-62,-36,82,61,-51,-13
89,-13,-34,-14,-26,-62,35,-25,13,63,-48,32,-15,53,61,45,13,-27,-54,-12,2,23,2,-115,13,-41,58,23,20,-1,-32,18,-115,-12,82,68,-105,30,55,-3,-32
-41,97,27,13,78,-36,-10,63,-13,-45,-2,-27,11,40,-71,60,11,102,106,122,-97,-37,-39,-52,-44,-71,20,42,7,37,-44,51,-37,46,2,59,-67,-8,-43,9,90
59,-56,-15,77,10,-29,10,58,10,-25,24,36,-14,36,42,98,75,29,123,38,-88,48,63,20,-109,46,7,100,51,5,-26,-38,-26,-8,0,-9,119,57,24,-8,17
30,82,48,21,-67,-12,48,-16,26,71,46,-88,44,-44,13,-40,24,105,-21,74,-8,-58,1,-37,10,18,93,12,-132,32,15,-42,43,9,-85,-1,28,19,-37,71,-45
52,-12,7,-16,-43,72,22,-6,-63,-11,33,1,-5,-9,-38,-6,124,-37,-44,-64,4,-32,7,23,51,-37,-33,-67,75,22,-39,79,-83,10,93,-55,-133,33,45,63,-99
48,-19,-12,-18,-23,-67,-46,-15,5,-49,-39,-64,78,-5,45,0,-11,99,92,-109,48,-29,69,53,16,-9,-106,38,24,20,-44,36,-16,18,35,-2,-5,26,-17,19,9
50,13,38,-25,16,3,-36,-47,76,47,-22,10,-27,-11,22,-49,22,4,-107,66,82,40,-10,-56,6,11,9,26,-96,-44,18,13,52,39,-102,-7,84,-95,14,-30,52
61,-66,59,-42,-35,-31,-10,-3,-65,-72,-36,-31,-4,-31,101,-24,-7,-70,-4,-8,-6,-68,54,53,4,49,-45,27,31,3,-20,3,81,-33,-48,1,-40,103,25,62,-74
14,86,66,2,219,-22,-101,-51,-24,55,-19,112,-48,5,-27,46,96,129,-25,-10,11,-29,12,71,69,-30,61,85,34,46,-87,-54,-12,30,50,95,-5,-115,-6,-77,138
103,78,71,-47,58,1,32,-10,108,52,2,50,-35,-93,62,-51,48,100,-87,36,112,-23,36,-15,92,32,26,32,-77,46,-40,5,88,30,-20,58,-23,4,42,82,1
50,3,-86,-21,-41,92,77,-24,63,30,50,32,124,-90,25,44,102,11,39,-36,86,92,51,23,50,32,-38,-8,49,-24,3,-9,89,-29,-45,22,60,-106,27,15,-21
-44,-15,35,3,-20,0,-8,32,-109,-91,61,31,64,-59,66,30,137,-4,4,-8,14,10,61,114,-27,-31,31,-3,-7,-22,-38,-47,19,-16,4,-12,42,61,68,94,-57
47,-26,38,64,-36,-21,31,-14,-76,-25,-5,-64,86,-10,31,87,91,14,-51,17,-39,75,38,42,-61,-114,57,-33,86,-72,-85,22,-207,41,107,27,50,3,4,4,-70
-36,44,54,-9,31,59,-82,49,61,10,37,-93,11,-19,35,100,24,115,23,-16,30,66,12,-54,28,65,-29,-69,-69,13,-43,91,58,36,-22,50,-44,0,-56,69,68
-29,-8,-66,47,161,4,21,-23,31,15,-7,3,-61,-30,32,-67,-52,50,-66,-1,41,62,19,69,48,17,-52,-14,-1,-20,-32,-30,55,51,-67,52,68,-129,-42,19,40
-19,42,-88,114,33,35,27,10,-7,34,28,5,7,-31,-51,30,83,62,-69,-20,2,71,-3,45,30,-15,5,-9,50,4,-33,-29,2,65,-9,28,-35,-44,-27,13,-37
32,-94,-14,-11,-32,24,39,3,19,25,24,-56,-17,99,32,-36,-4,-103,-32,-14,-90,0,-60,-76,-10,5,-10,-59,41,24,-42,84,-53,53,41,-83,-43,10,73,88,-40
14,56,-23,-5,-13,-51,30,1,50,108,30,51,55,-27,-6,-19,-89,-24,-116,66,33,-73,68,-71,-26,73,11,61,-26,-27,53,-72,78,20,-37,-63,-29,31,53,-12,103
-6,25,-68,-31,16,-58,25,66,18,28,-65,36,-22,-2,-15,40,17,-103,10,57,101,165,7,-55,26,53,25,74,51,-19,-5,-50,-8,-96,-120,52,131,12,-82,-27,56
87,-38,7,64,-35,-34,78,-30,14,3,2,-51,54,39,-67,107,-31,-18,49,41,12,26,-14,-28,-85,34,95,42,79,74,-56,-90,-97,33,-4,-77,-59,86,66,17,-49
-1,66,61,-97,-53,31,16,16,21,20,19,-2,133,52,-38,-23,29,48,89,29,-55,-11,63,35,55,-61,51,-1,26,-27,73,17,-47,19,87,-7,40,22,107,-3,55
-29,39,75,25,-32,-3,23,-51,22,-30,82,-60,49,-82,-41,60,16,108,179,82,-13,34,89,87,-9,111,26,-19,1,122,-57,-23,45,-54,-75,8,-67,128,63,67,8
54,-10,13,-116,-21,-2,48,62,-13,-66,6,32,93,-62,96,47,100,7,38,-39,75,-82,74,43,36,13,-56,83,58,55,-2,-9,74,-5,53,47,17,42,14,32,-63
29,-48,54,-51,-18,-83,0,-1,20,-29,-60,-37,38,-78,-9,50,-108,1,14,42,76,-16,74,36,42,88,54,58,4,49,86,-120,91,32,-4,-43,33,61,67,-25,82
6,-15,17,-24,32,-64,-15,-4,2,93,-22,0,-45,-14,62,-20,-95,-10,-65,-23,26,-8,52,-52,125,-20,-72,-61,-58,-62,30,61,74,-24,63,31,-57,-75,6,-14,37
