-56,-49,25,21,65,-83,85,-18,89,-9,-52,-9,3,21,10,-46,-30,69,23,47,-11,22,13,-13,-33,51,-31,25,47,63,-10,-35,92,-19
-45,64,18,-11,46,64,-69,73,-102,-83,-63,-53,78,-88,0,-106,64,-83,3,117,-38,2,-4,-46,36,2,30,-13,23,-18,24,31,-93,51
12,-9,-53,-22,-53,14,-2,3,98,40,34,54,-57,68,-45,101,-68,33,106,-40,-16,-7,-69,10,-90,25,29,-48,-31,23,-7,-29,39,-13
61,-174,49,4,67,-71,-45,45,15,-101,-2,18,34,66,-23,-30,71,-9,-58,51,-35,54,5,68,13,50,-47,3,56,23,-3,53,34,-25
61,-67,29,-76,-32,21,-1,27,-46,-78,-110,7,-47,15,-90,-51,1,42,19,45,-37,51,-4,40,-35,41,-20,-50,27,89,-55,-2,123,0
89,-50,-6,30,-39,32,-38,-16,85,108,90,100,-63,-10,42,139,44,26,-83,-9,78,7,127,-42,13,6,-79,-2,20,95,-25,-2,79,14
-41,-35,118,43,-4,20,88,-64,1,-44,-13,-74,78,44,12,-1,-11,-7,66,-7,-9,6,-19,-46,55,59,107,-45,-68,-49,26,54,-76,-36
-8,16,-25,-20,-16,-62,-1,44,25,14,122,31,19,13,12,12,-10,-86,-24,72,-37,53,31,-53,71,67,1,-28,-34,11,-17,-10,-102,-75
-60,-71,28,56,83,-96,57,-37,-40,-38,-48,-16,10,62,68,-61,-29,-76,-4,29,-68,0,-5,65,54,3,27,-21,-6,-18,21,20,-84,42
-20,-55,-19,-35,-70,123,-34,-16,9,-6,85,62,1,41,13,101,25,58,39,-78,-11,58,-36,82,-24,-54,10,-44,-34,-76,-41,9,120,-49
66,46,32,-7,35,88,-47,53,-11,29,101,11,19,-51,80,40,-7,-17,-18,36,19,38,-10,-2,25,-5,-4,13,12,-9,37,76,64,-36
-21,-36,14,-49,14,-6,-16,37,45,-75,-53,-92,-64,13,-36,-14,20,9,1,-88,38,-73,-27,-4,52,51,62,-19,21,73,38,-29,-21,14
37,5,-85,45,31,20,-46,78,1,-48,-7,47,-14,13,22,47,79,-7,-9,30,-48,70,-46,-37,27,-15,-50,-3,-37,25,-18,-17,54,-97
75,-102,69,-27,18,-15,60,55,29,41,-90,0,-57,116,10,48,-37,-84,54,-23,20,-26,-17,31,36,5,-45,-37,64,86,46,-18,-28,57
-22,-27,90,11,-58,-89,67,-63,2,-45,-49,-58,-7,5,-34,-67,27,-24,10,36,-14,10,12,-33,43,41,86,3,-128,-42,31,26,84,-30
26,5,-33,-5,-50,-44,36,-26,11,28,30,55,-25,-37,88,37,64,-24,49,5,58,70,63,18,13,1,51,-24,28,10,24,-28,75,47
41,-18,95,-50,15,52,106,3,18,49,-1,39,13,-41,29,-13,-67,-13,-14,70,12,88,101,3,31,67,57,-12,55,83,-39,40,1,93
-58,33,-89,-16,8,-14,-63,80,-24,97,50,-5,-28,-83,24,-45,38,2,15,53,15,-112,105,-51,17,49,-18,37,75,65,-44,-45,-150,14
-1,-51,16,-26,-78,14,11,11,49,95,40,-27,-78,-75,37,15,7,35,108,-30,28,-2,26,72,-30,61,-7,-13,79,42,55,-39,71,75
9,5,103,58,-20,34,23,-47,20,-85,43,6,36,5,18,-33,24,-12,94,72,64,-10,57,17,19,-19,1,-33,45,-40,0,103,55,-21
12,7,87,-10,104,117,87,57,63,91,-37,16,43,24,128,18,-27,-34,46,33,58,-21,38,-4,44,26,-29,-25,120,114,83,-6,21,83
63,46,53,-112,6,-12,-11,55,3,-58,-72,-61,-35,-9,-16,-31,0,-5,21,-22,112,-82,-68,-10,-20,-10,70,34,50,56,9,37,-2,38
-88,-5,37,74,40,8,-95,-19,2,-30,61,-40,7,-96,78,-43,15,-48,102,11,-14,31,55,20,24,-21,17,-23,45,-100,124,118,-9,105
48,-9,34,15,36,22,66,8,56,-18,-14,48,4,80,4,-17,-81,-40,58,48,25,19,3,38,-22,-1,-7,-8,27,70,-51,38,-27,30
52,-42,55,1,-19,-78,16,-4,-24,50,1,-2,-30,-12,6,19,64,22,-18,-52,30,-25,-15,12,-11,-39,13,11,50,-7,77,-9,7,42
-50,50,28,40,21,-3,70,19,-17,-104,-30,64,64,0,1,-12,63,-16,27,140,32,88,30,-64,4,3,35,1,26,7,-55,46,-40,-31
77,31,14,-25,-8,140,-40,73,70,2,29,-51,-72,4,19,-8,80,29,32,-72,33,-92,-25,50,-64,-10,6,-30,132,96,63,-62,59,45
-36,3,-92,-22,19,36,-11,40,3,4,-15,14,13,42,0,39,-9,-41,8,-11,0,-95,-16,-17,-9,-33,-40,82,9,-3,-47,-65,-27,-98
31,-47,61,-2,17,47,58,-6,68,-51,-52,-18,-48,94,-8,31,50,61,-20,-114,50,69,-29,2,-2,50,94,-54,48,-13,98,-37,133,24
71,-61,-28,-31,-48,36,-54,-10,46,8,73,47,-8,84,10,73,-17,31,81,-74,-22,-5,-108,133,-91,-6,-30,-21,-52,-5,-1,-17,91,-51
65,-48,70,32,-31,41,85,17,34,129,12,-16,-79,-55,11,45,26,53,2,-24,36,21,19,38,-21,23,-16,46,59,30,32,-37,98,57
19,-1,52,33,7,170,-9,1,9,80,26,-74,-6,3,46,39,-21,-5,70,-95,-18,-74,-13,29,-11,-15,14,16,18,-13,85,13,7,-7
-11,15,136,-10,33,-12,74,-92,-29,-43,-61,-66,14,-3,-30,-104,11,45,-59,14,77,-77,2,26,-36,39,70,91,-4,-42,-13,34,56,13
-61,-44,-1,50,107,-97,11,-15,-10,-50,-15,-37,6,46,-34,-69,47,15,-38,-48,47,-33,-25,2,62,-34,26,69,-18,-34,-58,47,-65,-23
