25,66,-54,135,-50,-65,-65,55,64,-25,-41,150,-109,81,-30,83,43,42,-45,-96,-115,-7,-32,20,59,38,142,-23,59,0,-2,-71,3,223,104,16,-21,31,34,126,39,-100,-110,103,-129,-64,-21,70,-77,64,164,42,102,-104,1,-67,-128,54,-50,105,88,129,114,5,69,-28,-2,-20,-88,88,18,-30,108,-10,61,11,96,-65,-7,51,-42,-1,178,142,77,214,52,-12,44,183,6,107,71,-3,-46,123
99,-28,-47,-3,70,77,-75,37,-25,74,109,60,-7,1,-24,74,19,165,26,-70,14,9,152,-154,40,-104,-90,-36,32,-139,-53,159,58,103,-41,28,84,79,171,100,176,-20,56,89,19,15,124,85,41,177,-2,38,-82,76,56,89,-31,49,-92,40,-108,205,69,43,15,42,-8,49,-31,49,-63,34,32,78,14,14,-34,-17,56,73,-40,-7,26,39,-12,94,212,79,88,180,-29,-119,38,66,26,-53
-174,-18,92,79,-150,78,-200,-28,-47,101,-24,-16,-114,37,123,45,116,61,33,-72,48,-80,70,-28,-117,71,-39,113,-53,90,-22,-3,-16,33,51,-9,-162,114,86,-24,-121,-127,-43,5,-80,35,-53,-57,13,23,-73,49,-47,46,27,68,-3,-222,-112,-30,-22,57,30,93,34,-86,-143,-30,111,93,10,67,-78,120,-9,48,42,-84,40,77,127,0,50,10,175,-72,-7,-62,-10,-26,11,81,-28,50,105,-31
41,-45,110,228,-29,97,47,-43,-83,26,-19,54,67,198,29,119,-80,38,-11,31,45,37,-69,94,-85,47,4,56,83,-37,68,-146,32,71,160,104,11,-47,56,-53,130,262,-82,35,53,-57,216,-11,-131,-9,-63,85,88,32,42,-19,-54,181,-36,48,-27,-12,2,-142,-50,192,159,156,120,79,109,1,-153,-87,-84,57,257,-33,101,89,139,-31,48,82,-42,25,-82,97,126,194,93,154,85,161,-14,14
264,142,45,4,76,49,-123,-2,32,75,121,133,-10,31,150,-4,65,43,14,75,125,-73,-53,19,111,28,-90,97,-20,-7,-24,-9,54,77,-59,-35,79,84,-89,-83,56,-10,75,-51,-101,-34,3,-11,68,117,-25,45,1,147,211,-39,-64,46,-36,56,48,31,-86,94,79,4,200,-11,69,-55,-10,43,-33,56,-34,1,62,86,128,4,48,-61,39,25,-24,56,80,24,-120,65,57,-197,2,90,-197,56
109,47,-26,43,41,94,-87,-36,167,18,-9,-2,71,90,130,187,143,182,-12,-52,137,114,13,23,-45,-52,133,32,45,-52,-13,52,-49,-19,-46,20,118,43,119,72,-41,-85,-7,92,-65,-27,177,-31,31,-2,99,8,34,-4,50,-37,-81,58,-38,87,119,162,119,-25,-43,-12,160,43,173,126,67,46,-16,76,214,-31,111,-58,37,25,10,-9,-80,71,126,15,128,-112,99,-47,-7,-70,-63,35,-29,48
-49,51,-50,116,-125,87,90,122,88,31,81,135,125,-2,-49,122,58,34,15,44,-56,86,157,-106,68,40,61,221,-25,65,138,106,90,36,166,17,-138,6,113,101,40,-159,-13,142,-125,17,-20,101,-1,-52,-24,100,44,123,-28,-40,16,-31,35,40,-22,146,4,171,180,56,-24,111,38,-9,70,-123,-119,65,102,66,126,-19,70,121,-28,-28,-26,99,130,45,114,58,-22,182,-40,-37,168,61,-58,-69
-4,53,184,49,39,111,-15,51,24,202,-110,97,38,11,-3,77,33,-31,-35,158,-91,-27,156,175,-40,43,-134,55,71,120,54,-34,30,54,177,-88,113,12,48,-16,47,140,18,176,163,-182,135,-5,177,24,-30,77,-29,146,33,13,7,104,-20,144,-27,17,21,87,-29,-62,12,125,223,-21,63,-115,19,61,-62,78,112,94,1,-89,-96,-201,-8,17,76,61,-58,87,79,130,24,41,-67,-35,121,50
3,-9,41,-79,-25,187,-94,90,-60,11,64,36,24,-108,-79,-18,-66,19,19,-77,32,-105,-62,18,-5,-64,25,94,65,0,-63,-27,40,26,58,57,-74,162,16,97,15,63,-78,15,-46,-48,-7,64,58,42,-36,-38,-1,-25,63,29,63,45,0,53,61,34,-170,68,-18,-20,12,-28,-28,11,141,138,-30,-74,-36,48,1,41,109,74,76,83,23,14,-7,-48,-42,-115,32,80,95,16,24,43,-16,-60
36,132,-14,-69,131,-34,86,105,0,-101,92,62,151,72,-89,39,27,98,19,-56,-13,183,-73,44,-52,42,199,-173,52,97,185,-68,74,49,113,-99,81,68,93,74,136,7,-83,177,-38,150,0,103,32,-63,180,3,21,-117,39,-79,-116,128,-31,-67,34,-50,124,-82,53,-1,-44,28,-38,44,-106,21,-39,-102,155,-28,-35,-62,136,59,-37,93,18,86,40,117,144,-28,66,86,-177,-66,-37,-26,-6,22
39,141,-1,67,-236,46,120,7,79,11,41,-103,93,144,-149,170,-84,-119,-46,-50,11,-21,93,-58,-24,-37,49,86,42,60,-34,29,-71,162,50,17,-115,-10,-46,138,128,-45,-109,86,-14,-133,2,34,-16,14,-67,35,76,63,-112,83,18,-190,120,-46,4,60,-48,140,60,49,-75,-46,74,58,-32,95,-104,10,110,-37,92,109,-167,72,131,-190,60,-16,20,77,64,75,-2,-9,-30,-1,-44,108,-41,-89
84,-41,-38,-83,-140,-129,-55,-60,-159,0,124,-41,-66,75,95,110,-15,90,-1,-42,7,109,32,87,-34,7,108,-69,-80,-46,-19,105,74,41,-20,47,-58,136,57,56,1,239,105,-20,33,-70,45,-147,-69,45,-62,-115,-60,33,55,-129,-8,-55,-150,-36,-29,70,-26,77,75,30,88,-185,-234,-67,-109,74,-15,53,50,-55,-149,16,42,-26,80,120,101,-37,85,64,-4,24,-94,-58,-54,12,-12,-132,85,-45
-14,98,21,196,-9,94,152,96,-51,-12,-127,239,-32,69,136,194,-82,-49,139,134,-74,108,112,-6,56,161,76,98,-36,100,31,65,-10,-9,135,148,38,-144,248,214,94,74,-113,122,195,-34,140,50,-118,56,181,74,63,81,-86,53,-36,173,4,192,52,39,-34,-23,-68,-9,-32,178,-16,12,16,14,-60,-29,95,201,181,10,31,119,4,50,-36,68,102,67,-45,41,74,94,127,107,65,-19,75,2
114,0,-54,117,117,111,-107,25,-76,81,173,73,-64,-45,-34,101,-82,52,88,-99,127,-21,-96,26,-54,-98,80,100,78,-69,-69,131,47,116,-142,-35,16,25,114,163,98,168,103,-103,83,96,87,-29,77,62,37,-65,15,49,205,77,-24,8,-83,8,64,24,-124,245,121,25,12,54,-73,-7,-30,19,-17,90,86,40,-146,-22,80,-15,96,53,-21,-19,-80,123,22,-56,-32,2,-100,-91,-73,-21,53,-215
43,140,73,-53,97,-16,18,131,-18,-94,-11,227,77,1,-1,-76,57,86,30,-120,-62,-64,12,114,-64,173,72,-119,-19,52,-115,64,-60,-32,-2,-35,186,159,17,155,-35,99,39,70,77,-69,33,56,50,62,149,14,109,11,-54,31,67,-27,-3,101,29,-73,-102,89,-103,-121,-78,110,77,16,8,-74,-108,-163,-146,-167,71,-3,102,-97,-153,60,-31,-145,-11,83,-8,43,39,110,50,-35,86,-89,121,9
13,59,-47,81,78,120,37,102,39,40,-101,137,147,-28,85,53,138,-12,-8,71,21,24,77,114,-144,-8,39,-8,55,8,53,184,-55,-111,-46,-129,52,-77,9,148,-2,18,128,-43,9,164,-4,27,-130,-20,-83,-37,150,-11,81,7,-40,-19,-158,-46,150,82,150,-91,-9,-134,19,51,-100,132,-75,34,-109,56,90,31,-62,-90,-6,-17,-17,3,-114,63,20,119,39,-70,127,-38,109,-75,-55,55,29,-74
5,-93,-35,94,-72,-37,-102,-154,-81,93,-63,122,-162,-3,147,-111,-66,-39,-60,13,28,-117,-28,59,-76,-78,-42,100,55,-91,-147,2,87,-125,-14,80,-97,-48,129,-89,-50,7,-96,-162,-83,93,124,-43,-103,12,-129,42,-76,22,-33,-13,70,-170,-121,-66,-47,-40,-5,-97,-42,-120,32,-68,-72,-37,-63,-44,154,-145,-43,26,14,-128,42,-141,69,73,-6,-49,89,-104,-104,-75,1,66,-138,-46,94,-69,38,-16
140,-74,164,91,-35,70,32,-58,-194,39,-76,-15,88,-48,124,54,2,23,62,-106,-63,54,-8,-7,-95,37,-50,-165,134,-13,-99,11,-61,81,33,54,90,54,105,-50,55,198,-21,-43,-29,-191,38,30,92,12,-97,150,104,-60,-22,132,-84,69,32,37,-74,-11,-28,-5,41,98,157,71,-35,78,3,17,-23,-30,27,-19,78,65,122,-79,237,47,-3,-62,-130,57,-23,-51,14,-24,-127,124,-3,175,-91,-84
-98,32,-7,43,94,16,-91,152,64,46,150,-85,-9,53,8,-90,25,253,130,87,152,-45,-49,-82,124,-125,-48,31,-117,-65,145,169,49,-24,-67,76,-89,-16,117,-55,-31,-25,86,53,-43,216,-32,90,10,58,6,-47,41,172,71,-42,60,25,13,-30,77,112,16,35,18,-95,-49,-1,61,106,95,33,-13,136,67,113,23,-23,22,-19,30,-24,12,8,-75,16,60,49,11,33,206,-159,-93,62,-82,59
31,-57,-89,-54,-18,1,52,67,-22,-62,-25,176,-60,17,-55,43,-76,12,132,-66,-106,3,14,109,-68,-19,149,-22,25,-6,-24,137,7,-36,149,-39,-31,-158,161,102,122,87,50,144,103,-103,205,-57,6,40,-109,157,-14,-75,-40,-50,-16,73,14,7,-25,115,-153,25,-122,75,8,-4,-18,-3,84,3,61,-22,67,34,-105,-121,-56,-7,-69,-61,-101,-44,62,182,25,-156,33,31,-101,-11,60,111,95,17
81,133,-94,68,11,-39,75,120,-20,-137,32,52,46,78,-129,70,-1,12,70,59,-32,76,33,21,116,-13,52,2,-41,37,74,81,-39,76,18,67,56,10,-102,140,64,-77,4,52,35,-111,14,149,-38,-14,29,-125,124,90,32,-1,80,-179,6,-73,130,4,-52,95,96,78,92,12,135,-43,-31,35,6,-131,63,37,29,-36,-11,-50,-94,-41,110,14,14,75,-44,-55,-58,-59,-15,-51,35,-20,54,19
-84,-136,-123,-22,97,40,18,-66,-68,-131,-109,-133,65,-31,122,-83,-40,-39,75,-32,17,107,-10,87,-102,-3,88,-126,-50,128,117,-112,-68,-40,-66,-29,-78,-16,59,103,25,-38,-180,-133,-6,105,36,2,28,-55,-111,-9,-17,-178,-161,-93,68,15,16,15,86,-19,126,-156,-61,72,4,93,15,44,-1,83,21,-134,111,-49,-75,-8,-77,-69,7,46,48,-40,-1,-44,-76,-40,87,-38,-96,65,-235,39,-33,56
191,-56,-30,48,117,182,-187,48,79,-120,99,72,87,-3,170,-62,70,219,125,-7,57,117,-7,36,95,-15,249,-38,-31,89,51,84,-5,55,-71,85,201,101,79,68,23,-58,-40,-33,-17,82,218,53,52,140,-25,36,115,44,-18,76,110,99,67,51,151,-23,36,32,18,46,84,103,185,60,31,40,8,-42,79,93,59,121,153,135,134,19,135,44,-90,179,98,-43,16,12,35,-123,-95,110,27,-30
47,76,80,-43,151,49,-105,69,11,-5,120,147,93,126,237,-93,77,125,26,-35,133,-37,-80,70,1,84,34,51,37,-86,33,48,42,80,82,4,-46,29,-7,126,87,7,44,32,10,71,311,31,12,85,42,-14,-115,68,175,9,-52,8,-160,70,-17,-38,-73,64,19,55,26,54,36,-71,-126,59,-145,-22,-33,-2,96,237,206,240,-64,0,99,172,-116,115,35,71,-46,95,9,-50,-32,-12,76,-8
-30,-31,121,40,-39,180,48,-128,74,120,-64,-8,80,-39,33,93,38,62,-110,142,10,-6,-89,76,26,56,-9,99,16,28,6,-169,84,-59,121,20,77,-14,57,-118,-4,-31,-29,-30,-99,-13,51,-80,33,-123,-9,40,80,57,118,-82,91,25,159,17,44,30,-29,-84,131,68,208,75,158,28,123,-46,22,30,1,-3,224,-60,94,35,60,-18,43,18,46,-26,-39,64,120,102,-12,13,-25,-5,-238,-3
103,-44,82,231,123,149,74,144,57,94,37,86,-108,157,155,107,5,36,-73,131,91,-29,59,-143,9,-81,95,87,100,-76,38,126,-45,77,-21,183,120,-4,172,92,51,94,120,149,185,104,125,138,-21,136,-39,-28,-147,158,49,43,51,184,-6,64,-176,97,177,85,132,13,117,18,-51,36,-50,-55,-29,38,101,55,89,53,-43,40,-59,-74,240,137,51,64,60,120,105,40,144,78,21,8,77,-6
46,56,-16,67,183,96,-77,181,91,-170,156,101,27,-42,-3,-81,22,48,199,-95,67,-56,-19,96,-42,3,262,-13,15,-30,123,96,-47,119,0,101,47,61,40,77,-165,19,278,66,167,77,224,-65,88,69,167,80,42,-48,182,9,148,101,-14,36,176,172,72,54,109,18,-76,67,-56,39,-30,-120,-69,36,20,114,17,5,164,13,-26,156,26,-27,33,214,113,22,-200,85,38,28,100,51,-9,86
90,-147,64,76,45,31,-55,19,-8,105,43,-63,107,-62,55,102,-7,74,-74,161,44,24,-54,-29,-4,-68,7,-167,-12,45,1,83,101,-153,-118,-7,21,62,-28,133,-106,-1,150,-13,3,65,-33,87,-54,100,-141,-25,35,178,70,-112,177,-38,-47,-29,-8,75,54,-21,79,-12,79,25,-180,135,50,-3,-21,-13,50,49,-93,31,4,-73,-143,-86,149,57,46,23,56,90,180,108,71,28,-67,-22,-113,47
95,63,51,-32,208,-46,152,85,103,2,40,20,15,-147,-88,90,-58,-39,0,26,-108,194,114,-37,61,-118,-102,23,43,-74,106,42,110,127,-51,-127,132,-74,-61,120,219,25,71,84,20,75,-99,62,145,-92,99,-125,8,187,-12,-9,32,-113,61,42,-54,90,109,-136,-66,41,12,50,-123,104,-94,-81,-77,-47,115,67,-41,146,-30,18,91,6,161,126,31,185,-10,73,55,130,95,41,-111,40,5,2
4,-16,33,-18,23,108,-120,227,39,67,72,83,92,68,33,144,63,71,55,-161,133,29,19,-11,119,-122,-56,43,-40,3,60,38,94,-141,-64,-16,42,-33,142,91,-144,-59,102,51,52,77,76,2,-9,-43,-102,43,-56,41,-25,-42,11,-148,26,49,55,-39,-113,99,-2,-31,62,89,2,73,-59,-76,80,-105,13,77,4,-38,29,-5,58,116,-30,1,41,-35,25,-6,8,76,-175,-158,-88,82,40,-102
-20,-136,5,18,66,39,69,-78,19,-80,46,-38,197,-16,-147,100,-83,42,-25,-25,8,10,-32,-91,24,3,86,-57,45,-120,-24,163,-54,5,35,78,120,-24,114,25,-45,94,76,87,46,-58,72,-129,3,-83,-96,-38,-9,-30,-6,7,27,-25,38,10,64,-7,-11,55,-103,97,150,113,-31,21,-48,-83,-88,18,-15,-94,103,19,-26,80,-20,-78,-107,-51,49,-44,93,49,50,226,-189,-31,102,41,-52,-137
-38,92,1,28,39,-34,186,-45,30,44,11,30,68,-29,2,44,39,-104,-103,-1,4,181,126,-103,-19,9,154,-36,30,53,8,92,-24,168,192,58,36,-94,63,-92,-51,33,47,66,-55,19,-101,130,-98,-4,114,73,162,189,-22,11,-127,29,-39,-28,125,143,42,-27,33,-78,-55,26,-82,71,-21,-16,-20,67,70,-111,-4,35,86,-52,-69,-120,56,64,56,67,40,13,11,23,-35,24,-7,59,15,55
158,23,114,-65,-42,3,47,182,78,165,-53,73,163,-55,112,-69,19,46,-75,59,-63,33,-63,-17,32,83,-44,-7,194,-36,6,45,-1,-81,-86,23,-121,-16,82,23,73,84,28,47,-56,-1,28,158,-188,82,34,-2,16,34,41,20,-102,95,51,-79,-137,54,91,38,-1,4,76,-45,52,118,-9,162,-57,-33,-91,36,30,68,36,106,-72,-33,-8,267,-109,-23,-63,105,119,8,-4,15,101,-6,10,34
26,72,26,-68,133,74,235,-41,136,72,197,-16,105,295,12,-14,19,-16,-141,185,116,-35,57,189,75,34,116,-38,-110,29,-131,10,17,47,-38,-58,51,59,76,12,174,87,-63,-90,-11,62,193,97,-73,4,77,43,-103,59,-50,-121,29,169,-15,-90,-94,150,99,-165,-104,-49,-68,21,-9,-196,-93,-10,-49,-243,12,14,-32,-43,-78,-145,27,49,48,-24,169,7,-51,-25,79,-12,126,-51,-37,-111,-1,116
3,-36,0,49,-59,52,91,-56,95,-40,-78,-54,186,3,-103,-77,78,10,59,-17,1,108,-29,186,3,65,197,100,164,72,123,-87,32,60,92,-12,3,-45,-126,-42,30,-65,23,9,40,-5,176,-154,-71,64,4,31,-115,5,104,93,-85,218,47,-7,85,78,-116,-18,26,188,-46,-2,206,-33,97,-86,-112,-34,78,57,91,17,107,94,44,-12,-156,28,43,-2,-86,-7,97,-196,-55,38,-41,301,-106,40
119,114,66,61,93,36,34,136,49,68,-32,33,127,130,164,-85,85,-10,67,215,-42,113,117,-3,122,65,-150,-24,82,-19,-5,-75,-37,245,17,59,24,0,176,5,189,-72,-72,21,-121,-84,198,62,192,-20,116,31,-61,73,-51,15,64,96,119,-17,-204,-31,135,-17,10,-83,-38,117,129,-115,-137,-98,33,138,53,139,126,154,-113,43,-104,-38,81,245,-19,136,62,105,-25,125,91,176,62,149,-110,47
79,55,138,-48,-67,64,49,44,-39,74,123,73,106,-42,-40,130,50,-65,-26,102,-7,112,-46,-75,104,98,-44,-98,-58,51,-48,42,-61,-12,26,149,47,-95,196,24,104,-1,31,116,-98,53,61,115,-27,-17,-4,-121,117,90,78,69,194,83,183,-135,-28,144,-136,66,115,52,166,-52,27,151,-13,78,-4,24,-23,115,41,-80,-81,-102,-40,-65,126,151,4,-18,-46,22,250,-125,67,26,115,44,-108,-66
54,-1,102,40,53,4,-28,17,166,157,-77,-138,76,43,-5,161,-76,-10,0,-40,88,-14,113,-1,164,16,-73,183,87,20,7,-17,88,49,-119,151,-8,170,-49,168,85,-139,-85,-131,-106,116,-165,201,-2,99,127,-14,-107,162,-56,64,8,68,-44,34,-33,-107,-70,-18,-13,-214,-98,-26,72,-78,195,-41,-36,-24,7,120,-40,125,34,1,114,8,60,100,-101,-122,-49,32,53,-97,143,53,-26,62,32,-48
-26,6,38,10,122,108,-32,237,24,101,-66,33,145,-100,-49,-3,116,71,83,106,14,-107,32,-41,130,-11,-79,12,162,57,51,107,59,60,-74,-81,59,-42,111,111,135,-105,118,20,-2,82,-51,64,117,73,-51,10,12,-4,128,86,78,53,147,75,5,136,165,25,13,62,-45,43,118,181,19,5,25,94,0,99,-62,64,-62,102,15,-60,145,124,-48,67,69,38,42,109,-10,49,-79,211,-22,57
101,-44,116,147,106,19,131,108,-1,153,11,39,54,-57,35,-7,23,-167,46,89,70,-77,-24,63,-92,108,-102,-4,23,-58,-44,134,-19,-35,-99,-23,-6,0,90,-46,326,220,141,-65,-95,-6,-6,124,56,127,-139,-38,17,66,74,7,-25,9,32,80,-67,96,-90,47,-36,-3,35,113,-99,-79,-80,-16,-109,-131,-36,111,-5,49,-47,32,42,-17,43,67,-176,15,37,-96,17,-70,120,137,43,42,-45,-61
-83,192,182,150,-77,144,120,22,47,129,38,79,30,113,-11,-26,123,48,14,39,-73,43,73,-104,-19,65,100,-43,16,-50,37,-47,8,43,128,70,10,-67,56,-88,110,7,-79,44,13,46,158,84,57,15,24,39,24,-58,17,28,-9,14,26,156,99,-22,106,-108,-37,35,-93,-37,64,128,-28,56,42,-14,-49,12,121,100,-169,49,7,-52,15,37,-93,27,-62,105,72,55,124,92,136,111,-92,191
65,78,-72,43,-173,127,160,-55,58,-12,-29,-61,43,-57,-173,81,19,-108,55,-82,-135,-42,107,116,54,-126,130,124,54,1,41,-40,-46,-13,-164,29,-141,17,80,-54,-100,-29,-18,87,129,-111,79,-27,119,61,-56,18,-10,1,67,83,101,10,38,59,51,178,18,-37,-30,46,78,-59,-70,71,-22,138,18,38,78,-77,26,71,-81,-31,128,41,-38,33,125,21,-114,136,24,145,-18,62,144,154,-136,-1
72,17,-27,148,-40,78,42,-57,54,-29,111,-65,82,94,-13,80,28,-47,67,29,-80,73,-19,-172,12,-41,-1,-45,-40,-43,155,-127,59,66,109,139,-22,-39,25,-28,56,-68,-67,73,161,62,67,180,37,118,-2,30,-45,-37,-47,12,70,173,151,-18,66,16,-36,-18,20,153,-121,25,12,139,43,-30,-16,-10,48,-57,81,206,120,31,205,-159,78,5,-119,4,64,91,114,38,24,63,-39,18,19,123
81,-40,-91,-71,69,68,-22,66,-57,-77,120,-31,48,-37,43,45,-51,58,-77,31,-36,79,-27,21,41,94,-175,-184,11,17,72,32,99,138,-49,25,1,21,106,-23,75,102,84,131,62,-159,47,62,201,50,47,5,153,8,-109,90,61,34,-115,-49,-119,61,-12,99,155,123,139,150,153,-146,27,-45,13,72,83,157,5,-56,97,33,-87,-114,52,-17,-94,70,96,26,-163,17,-75,-31,32,96,-48,69
6,-82,135,70,156,-26,46,231,73,21,112,92,13,-142,-81,109,41,-16,-80,-109,70,58,-43,-13,210,128,-31,19,-89,-52,58,-48,65,-1,-41,-90,93,-1,84,59,108,68,-22,145,77,42,36,2,28,-81,148,-41,-112,69,62,30,53,120,-57,82,-139,113,24,20,-3,115,2,158,16,63,-27,1,-98,12,7,18,110,122,100,25,135,162,112,174,-1,128,85,163,121,56,46,83,-15,-62,126,4
17,-26,-43,34,72,68,-5,-5,57,68,18,-88,149,-6,59,38,-31,-55,100,30,-1,-11,-67,39,-27,-14,41,40,98,63,92,-67,-20,-56,-66,-1,85,-52,-35,-101,-46,140,-59,139,85,33,-59,58,29,-75,-88,-66,-64,74,117,-119,-125,41,115,25,-25,-155,75,-42,30,12,124,75,-3,36,-10,25,-57,-51,-38,118,-33,-4,79,-6,27,-41,61,69,147,-200,28,53,94,97,-104,32,-90,41,-55,-101
8,-13,131,111,54,173,45,93,170,217,-41,23,116,77,-18,63,79,81,2,62,132,-8,-38,101,182,36,51,22,-34,-172,77,41,-62,-91,-62,98,175,81,152,18,87,-57,160,32,82,127,204,102,144,130,27,26,-222,86,67,-18,22,143,-51,100,-8,95,18,14,26,-108,-64,-85,-96,-66,-116,-71,6,49,101,-65,-5,153,-9,177,-57,-11,108,131,31,17,30,31,117,14,124,-118,271,70,-120,162
92,-59,158,183,-150,88,5,122,31,76,-97,34,-110,-84,68,162,65,-24,81,110,-22,46,53,-81,24,-7,27,45,88,170,-14,32,59,-15,-54,5,-108,-23,25,23,89,-9,25,-111,41,137,10,25,-60,119,118,-60,-35,133,34,74,-95,-63,84,154,39,-128,-35,146,93,54,-61,14,-78,22,126,64,-45,101,23,195,-10,181,22,106,205,-21,13,30,-73,-82,-132,-117,53,40,-8,4,103,66,79,-49
13,45,165,175,-43,-35,50,26,-118,148,-26,139,-159,12,-68,34,-57,98,-146,44,35,24,9,40,46,58,6,66,241,-54,-94,26,24,-41,194,56,-113,69,-78,74,18,12,-8,-6,20,-23,-54,5,-108,87,34,-28,-70,115,38,137,-51,161,-174,51,-76,120,23,7,9,116,14,-2,-15,83,-6,-37,-50,8,104,69,-57,-14,-34,-98,-148,55,39,90,33,34,46,136,149,58,178,27,64,-55,-75,106
-67,-51,92,15,-140,67,-81,6,89,81,-31,55,6,-80,-122,-29,-8,-40,74,-86,-40,-121,-48,-196,28,71,-18,-36,-32,-165,-119,18,85,138,24,-31,-56,114,27,45,20,-18,-10,-22,-81,-105,-108,10,68,-13,-104,-32,-172,-22,4,58,74,-94,83,-66,-79,-23,-112,208,62,36,-77,-133,-106,18,-81,-18,-101,-28,-76,134,168,39,-129,-25,16,-49,129,-97,-15,113,-54,20,36,52,-72,-22,54,14,-29,18
-43,63,14,-8,135,11,70,-4,117,-51,66,57,140,20,-28,-25,112,67,-56,149,35,-69,-76,91,133,99,277,4,-2,103,-135,104,-16,-9,101,-15,107,88,42,104,-132,-84,126,-75,-262,59,28,65,-11,-43,118,-41,-87,38,48,114,-41,123,10,3,86,150,-64,107,185,27,-34,81,-9,39,-107,-92,87,-11,172,-6,0,81,82,49,-123,3,144,-28,142,-34,34,-51,42,-10,-23,-160,-73,-136,-181,46
-61,-96,89,19,-93,-9,-24,-25,-24,58,122,-69,-91,-40,3,95,-7,8,-105,74,79,233,-12,47,-3,111,86,-170,-4,-102,180,-127,169,40,94,-164,-85,114,132,-27,193,39,30,36,105,12,23,-36,65,25,48,-57,34,-145,113,-122,59,82,-146,19,-103,184,169,-69,-58,201,46,-59,-29,19,117,-21,106,53,66,36,-148,-56,97,44,-61,124,29,103,-32,30,-40,-86,75,-47,44,148,-27,47,34,96
-135,60,39,25,115,161,-119,222,85,-28,-39,102,165,66,98,147,130,127,265,48,-55,100,-60,120,-63,105,4,-18,27,178,185,-1,-227,49,279,22,139,92,163,58,31,5,-139,229,-1,-47,84,-30,94,-2,83,96,73,-208,72,-29,-61,30,-41,133,133,35,56,23,60,35,80,120,133,78,-35,11,-103,41,218,-41,185,-144,37,1,-1,179,39,145,65,72,153,33,-25,153,23,98,-50,160,-12,-23
-123,36,34,54,0,8,75,26,-38,-29,46,-90,107,12,-4,32,138,95,65,95,27,95,46,58,-71,166,-58,-29,-124,-19,113,-71,-77,136,91,-130,84,89,7,-120,126,66,14,-80,60,-65,-2,-84,-4,75,115,2,91,41,145,-26,-87,-23,-78,-148,137,23,21,-15,10,42,-16,23,81,-65,146,-7,-21,163,-36,54,88,-26,84,24,83,91,-235,138,0,92,-127,22,-21,-135,120,-55,12,28,204,58
-20,-21,68,159,22,118,138,98,120,106,-2,-9,161,20,26,97,-35,-56,2,126,-8,38,-157,31,201,43,5,-36,-45,-6,115,-37,-46,116,43,136,87,-15,175,240,110,-111,35,99,57,34,100,59,-12,22,17,-47,64,103,44,160,233,114,115,52,-39,54,84,-18,66,29,80,-65,107,33,11,67,82,27,184,61,173,229,-66,-23,74,-85,178,179,96,86,-56,54,187,86,16,41,50,-160,-138,40
146,120,73,232,-78,177,-34,100,68,210,-14,130,19,7,11,110,71,46,-38,-5,-26,38,-33,-124,67,-7,109,52,6,-129,-5,10,166,-38,103,54,113,34,42,9,45,-14,83,101,-7,124,32,110,-40,-21,-12,31,-122,106,1,123,2,67,97,102,180,-31,-149,191,-20,-44,19,2,90,138,117,-113,61,100,-143,98,231,133,-59,36,30,-118,-24,41,-41,148,29,22,112,141,115,-22,231,32,44,7
144,203,-52,75,11,-21,-38,83,91,-70,86,91,108,-20,62,117,148,116,-54,17,-9,142,23,-39,80,-108,-50,76,-42,91,28,72,-45,30,47,-19,44,58,-85,104,-10,-181,-7,124,-6,154,-51,90,-36,-51,47,89,-32,104,-38,-39,59,-47,152,118,137,-125,-14,208,-4,-51,71,-41,75,-10,153,-67,88,71,-52,-53,25,137,148,-1,166,117,-5,-10,44,151,56,5,12,93,-122,-97,25,-81,136,-64
64,13,5,136,-6,52,66,90,66,93,-72,78,44,-36,104,151,14,-51,95,-21,24,-86,-21,22,20,110,36,192,63,45,-95,33,-12,4,-21,-21,-78,111,108,230,44,-139,42,-58,-167,-68,-68,95,-31,-51,-30,66,20,15,-25,96,84,-155,91,3,94,-14,-68,138,101,-14,-27,26,-122,42,-142,3,-19,71,141,63,-30,14,20,46,101,55,28,96,164,-57,57,81,-10,141,34,-57,140,31,-187,-79
-54,106,41,-61,-48,11,-17,102,70,33,54,66,-8,-76,-138,144,-36,-184,-50,-9,-11,-58,-44,58,-3,92,-27,24,-11,70,127,-160,77,-106,52,24,-121,-48,9,-116,97,-52,-73,99,10,-35,18,55,-62,-181,-34,-54,-51,-32,1,-14,63,-84,85,-104,-44,141,-103,69,32,-31,111,-78,156,68,111,132,41,-52,-58,17,22,16,-99,-90,44,-17,148,40,82,5,-43,81,-26,-26,93,-23,143,46,-18,58
54,167,-64,170,-63,120,227,34,31,47,-40,151,46,152,-60,147,69,6,-19,90,-89,265,92,1,-49,-41,50,8,60,-47,33,-72,-128,142,175,32,-15,20,229,99,28,80,-25,177,246,-6,134,-80,-96,-26,-1,-7,-3,84,-34,-40,26,144,97,109,9,-2,98,27,90,43,166,24,64,81,32,-39,31,-67,13,-41,186,86,19,55,-18,20,89,-41,89,-38,-5,111,161,174,-80,122,202,60,-36,-65
7,-41,-132,91,22,85,-51,106,-3,58,-16,-70,125,-131,159,-3,-3,22,115,-119,61,112,-97,62,60,32,91,-132,75,-52,-5,8,26,53,-16,10,-84,4,-80,-106,-42,75,-8,63,181,-51,142,69,64,-30,-46,26,-32,25,-13,119,-107,62,-48,-30,57,136,-14,65,45,143,63,113,63,-38,142,74,-23,56,89,102,-35,116,68,28,58,11,-8,40,-59,153,-32,208,15,2,-18,67,-173,3,29,16
-5,-13,0,-52,64,56,80,-17,13,-37,83,74,235,31,-4,-22,87,70,135,105,-117,-29,114,55,-41,-33,64,53,149,131,25,34,-30,88,13,49,111,-86,132,89,34,55,70,23,-16,-17,138,-61,30,-32,72,77,48,46,26,-15,-45,98,144,39,-101,69,-11,-100,51,111,-29,192,92,-19,-32,-25,-179,-17,125,23,24,13,176,-33,109,8,88,-82,30,128,26,50,10,86,-168,11,-41,59,-60,-94
59,-85,-30,146,13,102,55,6,83,47,-52,-22,19,89,148,234,75,76,-5,63,27,116,-14,23,77,39,95,-24,47,4,9,139,25,10,-37,153,-17,-63,96,108,180,-129,68,136,28,106,149,128,8,109,-57,-47,21,207,-46,92,39,-67,-31,-13,-56,43,48,113,38,-43,143,7,83,-42,30,-110,105,-19,37,140,95,10,-112,217,-70,-119,75,140,-36,-1,46,51,142,-8,92,132,110,115,70,3
161,-25,-21,39,5,127,-127,115,127,-29,-84,168,68,-210,20,-17,50,111,69,-32,-76,177,-160,46,-32,66,92,-10,91,13,92,55,-28,-12,133,-83,182,45,33,0,-36,-4,48,51,159,143,-35,-109,-13,72,-15,191,49,-99,46,119,28,160,-3,22,59,60,26,-26,87,62,16,-52,104,151,113,-1,9,4,110,40,1,-130,85,84,-6,92,54,42,16,177,-20,-12,11,103,11,-89,-19,165,32,49
114,30,118,-20,58,126,-205,208,9,61,4,-55,-105,-101,76,87,-48,-21,4,-157,-46,69,32,-20,195,23,9,-38,-55,-76,23,20,52,124,-14,18,-12,164,-51,-1,-103,-54,14,96,65,-44,38,121,164,62,-28,-51,18,83,90,122,118,10,45,-58,26,116,-17,73,-18,13,182,38,67,80,167,-2,-32,74,23,134,-27,61,-8,-9,-78,3,82,-35,-12,193,-18,56,20,83,233,71,-73,-36,-31,-106
9,48,134,148,40,77,74,0,-57,-69,-1,212,-8,-23,54,37,37,-22,-57,-109,145,37,189,42,90,-110,157,67,-19,75,75,62,60,8,253,11,43,26,146,41,74,-113,21,157,-74,32,252,87,35,-194,-75,55,-52,14,-138,130,171,-62,23,119,126,33,-15,21,12,43,-24,123,56,44,-143,-107,-58,-75,15,78,199,-2,-11,38,43,-9,147,6,81,248,89,126,12,250,0,-52,5,90,41,-75
-22,64,-53,-18,45,89,48,167,3,-111,5,68,-92,125,108,108,40,133,-14,-114,55,167,71,41,81,23,105,-75,21,-8,68,-13,48,65,-41,-61,138,106,-10,31,106,0,61,-3,116,47,71,2,-7,28,43,-196,102,-83,52,-69,-44,-35,-93,20,63,-46,73,57,18,154,56,86,11,-18,-118,21,-3,-141,98,97,-34,-112,-9,84,89,248,29,-1,-64,8,117,-134,15,-147,40,10,-43,81,31,-53
-142,20,-42,15,118,-274,94,-17,29,80,42,-142,38,46,143,31,-14,64,37,212,27,103,107,8,34,75,-50,9,94,13,67,201,-43,83,-55,-29,-22,-171,-3,90,187,-123,-58,58,-16,-11,-63,28,97,58,132,-71,21,204,38,-61,-186,-84,-6,71,-107,-15,75,63,-130,37,-147,-11,-60,-43,78,19,-35,106,258,96,-148,1,53,17,6,-40,-136,44,-88,102,-28,-58,44,-161,126,-50,-230,-131,73,59
-167,-138,-53,-75,85,55,8,27,54,33,19,118,93,-182,-13,-142,107,25,-117,38,78,-18,-53,-4,-46,27,12,-28,-72,-235,94,81,157,7,24,-121,16,-50,85,46,79,-8,125,-98,-112,87,101,-19,23,-89,-63,-124,-117,56,169,-91,139,1,-40,23,16,150,16,-1,137,66,86,-22,-171,40,-98,-94,-95,69,41,-26,-43,29,92,-32,-138,-56,69,124,21,170,15,-21,97,-20,-15,-165,-62,-88,17,5
192,17,25,94,-109,-123,5,17,-7,65,48,-60,33,-94,73,-36,40,12,3,47,-8,121,22,-35,89,35,9,3,22,-12,51,-16,138,134,-15,17,43,20,14,18,239,-36,-12,89,-46,97,35,12,-39,-44,-53,22,-73,139,34,127,4,7,131,-41,-79,-18,-22,192,59,-52,57,-38,151,55,-17,-114,15,-35,-28,146,131,34,56,-11,34,51,14,16,-32,67,19,191,88,32,27,49,1,41,97,-102
-30,18,17,47,99,61,48,-15,-5,45,24,-56,-136,68,-2,41,-59,21,6,75,-116,-77,7,-4,27,-29,111,77,18,-30,71,29,26,11,-37,75,47,34,2,12,-106,-84,45,32,50,-98,79,43,115,42,59,-73,-6,-57,97,56,-27,57,-46,-2,102,93,-1,-7,-63,145,-14,142,42,-103,-50,24,-70,120,209,17,-45,-60,-22,-133,-46,-9,1,-41,-7,96,29,-34,48,-62,40,-53,-4,-111,-92,5
-24,-28,-103,167,-56,-125,-74,-3,-11,134,-56,83,-218,2,-25,7,22,-111,-41,-46,-68,58,0,40,-13,-7,6,153,67,-43,139,-59,52,105,277,57,-50,-71,-38,-19,84,10,-119,37,3,-88,41,-129,-45,-62,-56,120,10,27,120,-115,-95,-40,-22,214,-63,-11,62,-1,52,120,24,-67,-20,32,145,-17,131,103,51,71,-31,7,116,-82,81,-39,68,94,-27,89,-61,-54,47,28,-5,127,28,12,23,145
39,-54,-125,-24,-27,135,130,17,75,74,-20,-117,167,-15,-45,178,-10,-46,91,-56,-76,103,80,43,123,-22,-38,31,-64,31,-7,-47,-5,17,-61,93,16,115,129,111,-89,-48,24,30,-71,27,-132,88,61,-132,-13,25,-174,-17,-154,28,152,73,35,66,32,76,-39,0,-16,-56,-92,-56,-69,57,31,66,-14,173,71,-110,-41,111,-77,9,166,-9,120,-45,98,-86,37,-50,68,84,19,8,125,12,-89,-29
14,33,1,160,-130,14,13,22,55,75,152,40,128,25,-112,-6,-7,-87,-48,42,134,5,-56,48,3,23,13,-133,65,-151,-126,89,94,35,-58,-50,-59,-122,150,-43,25,36,5,12,60,85,106,71,-83,54,-8,-22,64,107,-62,215,34,41,42,-56,-71,67,-95,100,110,-58,-106,-58,-86,101,18,-20,27,-33,-77,130,81,69,73,51,134,-104,143,28,-56,60,-102,62,84,19,-6,-74,-4,38,87,-76
14,-26,-15,-144,100,-25,66,112,-11,-31,60,-19,-1,20,-9,174,7,115,60,-53,19,-21,103,-116,81,-26,146,143,70,153,-15,190,57,26,29,159,64,-85,65,238,-73,-156,58,85,1,40,-16,-16,-63,34,15,89,30,114,110,-34,-1,-50,93,-67,79,61,-114,124,81,37,88,27,-30,50,21,-20,-27,-29,85,132,-12,-96,169,31,46,87,-16,-5,35,-45,79,-17,-28,51,-72,-38,-37,69,40,-108
56,50,118,62,-131,32,-29,-24,-63,71,99,102,-51,39,-58,-63,161,202,34,68,-78,159,68,-21,-49,-81,-87,23,-13,-9,-102,71,2,105,122,-91,-71,157,90,-39,-34,67,-16,31,17,-110,49,-197,44,-3,-18,-1,17,28,88,-32,19,39,-49,60,-121,131,179,12,28,42,36,-40,58,-28,-66,-30,-24,51,22,113,201,-91,-36,-72,-21,8,19,-41,47,63,-47,-56,169,49,20,107,-41,4,8,-17
39,65,-46,14,140,-112,-29,185,-140,-37,-71,76,-18,-24,-69,-8,-13,42,75,191,-69,77,-15,25,85,-46,15,-31,18,68,-108,51,-112,11,59,7,115,38,-21,164,-59,57,75,60,52,68,80,-13,-23,82,166,60,24,71,75,41,74,83,-79,79,146,-31,-6,42,60,-51,36,-1,102,122,34,-48,104,56,-72,4,47,29,115,54,-134,-44,-31,53,-144,71,23,3,23,54,-3,-17,21,-74,74,22
21,25,116,50,34,-19,-160,80,35,87,45,87,-25,38,36,98,-22,-29,9,82,11,-61,4,-73,15,54,44,9,-16,-21,67,-27,-23,-55,-12,-13,9,15,-24,142,119,57,50,122,17,11,31,106,32,107,52,16,-114,20,120,-166,-35,143,74,195,-90,29,98,36,-12,71,2,57,-18,138,125,40,-52,45,-80,46,-46,117,124,-88,-8,-91,156,45,-23,47,147,-71,172,54,38,-23,-55,-191,56,94
78,54,-5,-6,153,-98,-42,-23,73,-199,-51,76,1,-53,-21,90,-30,15,-65,-1,-24,126,-7,37,96,176,147,-52,18,23,69,77,-56,99,6,29,217,60,-3,89,162,55,-84,39,-48,51,53,-30,1,-14,160,-99,72,-8,11,24,49,74,-26,-25,58,49,75,-109,-117,-23,179,-12,24,75,53,29,-17,115,61,-205,-66,-58,0,-33,-209,118,-89,73,136,106,-37,97,143,25,103,170,-4,36,54,8
54,-13,129,125,111,162,-8,70,-41,105,-66,-93,32,-13,56,56,-48,130,1,-74,111,-38,82,2,38,19,109,18,61,63,95,-40,146,-137,83,-44,52,67,118,-101,227,88,1,-42,25,82,-70,204,184,-3,123,-16,90,-17,7,178,-29,-60,59,19,39,-1,67,-19,59,107,42,195,176,25,20,17,84,-63,102,-40,41,-17,19,10,23,103,-37,53,-36,39,104,53,-138,40,26,86,-164,50,42,-25
20,24,16,47,24,42,16,72,154,68,23,-16,110,220,-27,197,5,110,-4,55,79,-55,186,-31,75,-9,54,148,70,-27,108,149,-13,30,-115,-40,140,127,59,302,4,-135,13,137,39,-12,-32,-106,-38,56,38,-59,165,105,-40,-53,37,-83,-126,27,21,-61,170,-12,34,-116,18,95,45,-75,-97,32,-116,152,67,-44,32,94,-41,45,31,6,-8,152,169,-16,227,119,28,233,56,3,95,53,29,-72
46,-12,113,9,134,32,100,-39,47,68,-89,19,-26,-44,36,-82,-62,93,11,-114,87,-36,-89,93,94,-73,72,103,-38,-20,12,70,36,-159,-55,77,48,51,70,-23,22,66,158,-131,10,-32,76,44,-32,57,8,56,29,-113,25,69,-12,-5,-55,42,-23,27,-41,-75,-156,83,71,127,145,-206,43,52,-57,37,77,37,52,-2,81,119,-50,77,76,102,-79,24,-147,-6,-51,39,-114,-51,46,-36,29,35
3,13,164,60,-33,136,-13,52,44,169,64,36,18,4,-137,-64,10,21,-4,140,-34,40,96,-12,27,-101,29,59,119,-2,-72,31,-24,102,-43,-51,-27,74,32,-104,22,56,23,91,1,-128,122,8,219,-31,35,-127,-43,101,115,16,64,-33,2,11,-68,127,77,101,76,82,-1,57,179,-22,23,44,-68,126,6,31,119,2,-243,-44,-124,-108,33,85,-14,133,37,24,32,24,-1,77,-15,28,-101,-30
126,-84,57,51,218,137,-43,206,-83,118,98,-35,310,-129,-131,-14,31,107,144,121,-102,31,50,82,86,-74,-22,-40,106,15,-54,53,19,-17,-79,-19,77,118,150,158,120,84,124,78,-147,37,41,58,166,35,55,-4,-135,66,77,92,60,102,18,39,-73,101,-73,99,122,-17,14,163,88,5,45,-32,-55,56,103,74,-15,89,25,-93,-84,-40,21,98,27,137,67,25,163,100,-29,-55,-53,6,16,-146
172,-90,-191,-53,-5,89,-141,-106,96,10,26,0,18,-43,124,9,-6,-41,60,-118,-62,89,-57,123,51,44,7,37,17,-15,-12,-63,-23,30,-63,4,-5,44,2,52,-26,-22,32,32,48,-6,-1,-28,8,62,-155,-15,-133,-4,-16,-1,-14,58,-13,-112,-20,57,-11,-49,-41,43,59,-101,78,-27,10,33,-37,-46,75,52,43,-72,68,-14,61,-52,-2,-93,135,-105,5,33,120,105,25,81,-55,38,-41,-59
-3,17,-3,-30,38,170,-129,76,-99,111,-8,79,55,192,-120,-36,139,48,-129,-11,-16,-31,102,60,13,109,-122,-2,-48,-51,-41,-146,-14,64,46,-53,-169,97,130,185,171,30,-149,-35,77,70,71,26,88,13,30,-19,-184,53,-25,-66,93,3,-154,-74,-184,36,60,45,82,10,-45,64,227,18,-12,10,91,-129,-43,2,-10,172,-14,20,-118,-2,85,79,101,56,-41,-6,49,88,-51,6,-13,-25,155,86
59,138,-34,111,57,-77,38,211,93,27,-90,152,55,135,9,58,53,3,199,118,-25,213,28,163,40,46,151,14,180,91,50,156,-222,169,126,41,153,42,100,43,111,186,9,264,119,46,211,-82,-10,35,153,-2,22,-18,-6,-18,-114,123,-53,117,37,52,150,25,65,14,10,48,181,3,15,5,-75,170,104,101,12,-50,14,31,34,30,28,94,34,88,9,132,100,50,-54,9,-29,126,-13,-13
47,15,-9,-117,59,28,-9,86,-64,-28,65,-121,92,-122,75,32,-132,-78,60,-33,-26,32,-97,26,55,69,-70,-123,-46,69,85,54,27,114,-157,-37,-40,-3,-46,86,66,158,127,32,39,0,-101,152,177,1,66,-154,104,65,83,88,21,-1,95,-40,-68,-7,100,-9,29,75,49,-7,2,120,-46,87,-132,58,-4,33,-114,23,7,88,-115,-115,84,-73,-163,111,19,3,-93,-56,39,131,-163,-90,-83,-78
-63,98,-13,33,-111,125,-51,3,4,-65,54,184,72,203,-21,79,24,8,-20,60,142,-100,26,93,-91,22,168,24,17,76,-34,56,-28,-74,206,46,36,118,84,-67,55,120,-19,176,-10,10,121,50,-73,-94,-54,-58,62,-112,20,-138,-58,166,34,24,125,73,-96,155,150,-70,77,8,-74,-57,6,-21,82,-82,-13,66,126,-79,-55,-3,-64,23,-18,20,177,-41,125,-129,40,-39,32,-43,-41,-4,-17,-155
85,80,9,153,-110,-79,175,-25,15,34,-52,-123,5,-19,40,62,-99,-118,-18,166,29,272,162,-56,37,15,170,59,115,56,110,-6,203,186,160,-70,71,33,-102,3,279,20,-32,50,82,55,-14,50,-19,107,-4,-61,-40,106,-57,1,11,89,75,69,20,-35,182,48,-45,-45,-36,-15,114,-24,7,-16,-21,99,-45,155,15,134,-41,-17,-78,-158,121,72,-141,49,176,44,73,10,82,144,-4,139,-39,78
23,-107,96,85,7,1,-15,-71,97,173,6,-5,-15,-90,30,161,-67,12,8,204,19,56,78,118,-26,47,-129,29,30,121,46,11,73,-13,0,49,-104,45,117,-11,74,-27,34,142,-99,-100,-45,28,73,27,-16,-35,34,305,188,44,29,180,-88,107,-185,181,-72,21,75,120,98,74,-31,-10,212,40,-29,136,6,232,188,-46,-38,18,-70,-85,131,155,-7,-99,25,70,236,-61,295,239,35,136,-151,94
-139,113,12,10,27,36,2,33,18,-37,110,-86,172,74,-18,11,134,140,-19,96,14,-78,114,-100,49,47,-8,-69,-55,-154,57,18,31,58,67,53,-55,-7,110,65,65,-159,-37,-44,-228,-34,50,173,-3,-4,71,-73,10,10,77,-32,-51,-71,-11,-118,84,142,4,-47,106,-8,-102,65,-57,54,-57,-81,85,52,143,27,-27,97,-12,-31,-45,-44,105,177,46,23,3,101,8,-36,-4,-137,34,-22,-27,64
162,49,68,-38,130,-89,-47,180,-155,73,31,119,-94,-8,-6,5,-106,20,192,34,-36,-54,45,-71,99,53,-118,-29,137,68,-1,93,135,41,24,-17,43,22,-10,187,209,88,180,202,153,-70,-41,-10,146,167,119,111,80,40,1,135,-3,56,14,68,-102,28,-151,125,-42,114,-147,-31,86,57,101,-32,45,58,-45,95,-102,85,-9,17,-52,-88,-88,12,-40,70,-24,19,-143,1,35,134,-26,107,162,166
49,82,3,-11,158,79,-17,23,45,114,27,-45,273,69,-63,-1,44,120,38,143,-153,9,-72,39,45,141,-12,-115,-39,60,12,52,-34,98,4,52,213,29,63,130,98,-87,-99,8,-175,82,-162,43,71,16,-28,44,-40,96,11,15,-10,53,78,-84,0,119,11,-54,26,-62,16,39,136,9,-46,-17,-72,53,31,-79,90,-21,-178,2,-190,-50,164,23,157,77,164,124,136,220,30,-15,14,68,-165,95
-78,-169,27,-18,26,136,-16,131,-26,-89,24,19,138,36,49,100,-76,-8,18,165,-27,-30,190,115,80,62,76,-34,-89,102,93,96,-8,-111,22,74,69,72,225,138,186,55,29,-53,67,118,143,61,4,102,-28,-60,26,25,38,-67,159,106,-21,122,-1,42,77,-52,6,64,17,84,-57,46,41,119,13,73,-26,-13,40,82,-37,-48,89,24,7,38,-71,8,127,-39,210,48,113,31,2,-16,145,-29
-10,90,-70,-39,-62,-8,54,205,39,-21,-2,54,-4,-80,62,-13,-68,47,35,-28,-117,-90,21,53,116,47,175,-5,129,-2,-47,-20,101,100,14,-19,-112,-99,12,-70,19,42,89,108,71,-262,119,63,24,71,130,87,164,17,147,133,-146,52,-44,137,-5,126,30,54,-23,86,36,84,79,-4,79,124,73,-10,44,88,54,-55,-6,21,-60,9,-19,32,-99,98,26,104,-93,72,94,24,58,28,12,99
