-10,-23,31,-72,19,54,-74,64,55,132,52,38,-90,93,-46,-57,22,99,5,-95,-100,18,45,14,44,4,21,158,-49,-70,7,16,123,83,-28,62,-49,75,2,4,7,35,-7,12,-82,81,-44,3,71,-16,-87,42,-54,-5,44,27,-19,23,-84,92,82,39,59
-47,2,111,-40,6,45,88,5,58,-7,33,-61,121,17,64,100,22,174,-36,-65,93,-59,6,18,116,-6,102,60,45,121,34,71,139,-43,43,-64,62,32,-22,20,111,41,1,-133,12,-12,-58,-3,-112,30,58,38,-52,-66,-50,75,53,-3,-31,38,-2,3,42
39,-5,35,108,52,14,-78,145,-48,81,94,-39,72,36,-8,49,-116,131,6,-47,60,-12,-48,-18,-19,-17,124,45,87,34,36,-3,-10,155,41,44,14,0,27,-41,-78,95,53,40,63,108,-48,-45,6,13,30,101,-80,-61,68,-5,44,41,87,78,39,-38,18
-6,142,78,128,169,49,10,-18,29,-7,-51,10,68,107,58,143,-12,23,155,75,116,32,-19,-44,38,13,60,38,12,54,12,9,-135,39,47,83,39,137,24,98,-51,-15,128,-4,27,65,137,41,26,9,190,39,14,42,13,102,-82,33,156,-43,-53,59,97
57,-87,121,8,22,92,-98,96,-72,119,32,47,52,24,-4,71,6,135,-19,-38,8,145,-34,11,66,52,15,-39,101,49,144,-30,-3,121,49,-45,83,-90,-31,43,8,8,20,17,-8,13,-18,-46,58,131,-96,15,-53,65,68,19,-7,137,-39,43,25,49,-94
36,-45,37,45,17,34,-55,-4,-22,1,119,50,64,-75,0,-42,130,39,149,-65,2,-9,-81,-65,80,58,102,74,-18,92,-60,-15,-13,114,-75,107,119,90,47,60,-63,-52,-36,99,72,88,74,51,-85,-49,-21,84,-83,-25,-8,95,-61,-30,47,31,-83,-5,29
175,21,85,-39,149,177,86,-149,-67,19,42,75,64,130,137,102,14,-35,90,-3,-11,2,-62,54,-37,83,86,102,-9,-5,33,-46,-82,-66,-31,61,145,51,-41,89,-128,-31,53,122,-50,-5,159,115,-23,-4,136,-56,103,86,34,-1,-26,23,72,-17,-21,35,104
-36,-74,38,19,49,57,-43,-1,6,-29,-19,-58,71,-74,9,-56,69,16,-46,71,-68,107,111,-64,9,-42,59,-84,17,-81,62,-15,-86,-56,164,14,16,-69,46,-25,-48,42,-84,43,84,102,-117,-80,-49,49,14,42,-16,-19,-48,-152,20,-60,-17,21,65,-16,-16
-2,120,170,89,-62,-1,-6,56,4,55,90,-150,77,84,20,3,46,21,-31,-26,91,65,48,51,93,8,21,162,112,21,167,19,136,53,-80,-13,44,17,101,76,27,17,-2,16,-6,73,-44,38,-10,124,-68,-115,34,83,111,60,-72,105,97,81,-20,143,78
91,17,-10,41,45,-4,-49,106,81,58,36,34,-112,54,-19,-41,-14,7,88,70,-65,25,36,80,18,202,41,-37,7,154,-13,-31,35,-4,47,-31,52,-10,-21,11,-49,-24,29,73,-130,-8,21,53,76,31,-75,-7,5,80,-16,56,67,95,62,-72,-89,0,-23
54,-10,-35,-34,111,29,-28,36,100,186,-50,138,-60,82,-38,35,-37,-41,72,99,93,-46,-72,32,102,86,68,94,18,-97,-74,61,-38,44,-68,5,175,125,-14,-16,-44,-37,55,-33,8,40,78,-29,107,20,8,39,-2,63,38,68,66,-86,-18,-54,51,18,-7
75,19,34,7,33,35,98,-38,-45,18,4,87,-36,27,85,-48,-19,-37,34,134,-56,-5,114,-70,-68,60,117,32,27,-34,-102,19,-97,-19,68,-57,-40,-63,44,-61,-54,15,-39,66,108,52,-59,-37,17,-126,-70,32,-16,-59,22,-96,59,85,-104,-42,-19,-56,-30
-31,-41,32,9,38,-21,51,35,83,5,-64,-15,41,-70,-14,32,-10,30,-37,50,-19,48,-4,113,58,6,68,-1,-22,-15,-69,93,71,-53,182,-7,-65,48,-67,-85,-7,41,22,9,-22,85,6,43,-23,-105,-132,48,-11,-46,-32,-31,65,-2,-78,-85,100,-75,8
18,23,-52,-70,-81,30,54,83,-106,0,92,70,0,104,118,-108,43,-9,103,-5,46,-131,-85,1,-55,25,43,7,93,44,-4,-25,30,93,-186,8,192,-6,10,96,15,9,91,90,108,45,41,-9,42,22,-76,19,-69,-74,39,-56,34,124,36,50,-54,-32,29
125,175,13,58,-177,-9,-135,-34,-116,42,-45,51,-31,-35,74,65,57,109,42,-37,-99,157,-2,-34,-16,-83,-20,35,-67,-53,38,-122,127,171,-116,15,88,-122,-17,31,-97,-4,150,20,-84,61,20,85,-14,97,-59,-87,-45,-77,107,45,-75,120,27,-16,-31,24,-27
-67,74,165,147,152,14,67,-3,58,-22,53,-17,0,18,-8,-62,81,165,83,-6,34,67,46,-32,29,-39,208,72,23,-25,79,-68,-65,72,45,100,-11,32,130,79,83,68,-1,-8,34,175,-16,18,179,-17,78,-39,59,122,120,89,28,23,223,149,78,89,49
1,145,15,-30,-121,28,-51,-34,27,-64,-12,11,-2,109,76,-164,77,17,185,5,-80,27,60,-99,-98,135,-7,53,36,14,4,-57,-15,33,-71,24,87,11,-52,-11,24,49,51,-88,-28,14,-4,61,63,79,-10,-131,144,-107,64,-39,36,100,37,-36,-23,10,10
-57,34,46,19,28,-59,43,84,31,30,56,-23,-10,-45,-60,44,46,-35,69,-90,-24,51,20,-19,101,92,33,-62,48,-185,45,-27,-87,-22,61,51,-94,-82,-27,-5,-57,12,-6,2,-23,-93,12,90,82,-44,22,100,5,112,-12,-132,-67,-111,2,-19,193,34,47
-26,63,-13,-15,96,-58,53,37,53,10,4,86,-28,150,70,-37,-102,108,36,20,-10,128,11,-12,-113,-30,-53,67,113,58,125,-64,-9,-83,-58,-23,80,59,21,0,-86,58,85,43,-50,14,-21,-34,116,114,-14,-1,-34,43,22,-23,-41,51,-60,-73,-18,74,-38
59,-49,-123,-14,-4,43,113,-3,-34,80,30,21,118,106,56,119,38,-86,32,-99,4,-37,-12,59,-60,133,20,76,29,-5,-13,-13,67,-3,7,-13,22,36,-11,22,-17,-6,27,-15,-7,-103,79,10,45,-20,32,-61,56,101,35,-31,15,-35,-14,48,-7,-71,-8
9,164,43,-10,-23,-95,-20,-42,85,66,32,-63,37,75,10,85,3,252,99,-39,95,85,15,-17,120,-126,109,-150,15,174,116,-34,72,-32,88,-3,34,-42,72,-43,-38,38,208,-22,-172,-1,-96,59,108,5,53,0,-49,62,-47,31,21,-22,-65,22,61,-17,38
-36,143,-142,125,-40,-2,-24,113,-67,43,55,-6,5,52,-93,42,134,36,28,-87,-14,34,20,157,-38,1,120,59,28,94,32,-36,13,18,45,70,17,-66,116,-66,-10,-42,31,-77,26,35,21,61,163,-26,-4,-25,22,129,31,9,-4,17,32,65,-68,44,8
82,74,10,46,41,125,-25,37,-9,-64,-51,-19,-24,-5,51,39,6,163,50,-86,-6,103,6,128,-23,29,103,44,-13,188,97,-34,57,-77,81,76,105,55,43,33,-71,76,-118,-31,-77,-21,10,72,45,-31,14,-76,145,-89,-24,80,-8,-4,52,26,-167,-30,114
-78,-54,111,23,-73,-82,27,-59,48,22,-101,58,-17,84,-69,-46,-26,81,63,70,40,47,-50,-2,-3,17,-34,-54,47,-21,-26,74,-62,32,4,-2,-45,82,46,-15,109,85,-45,27,70,79,-66,-6,73,15,82,-5,34,-68,63,-11,-14,-17,40,-43,124,-45,-80
-46,187,93,88,55,-64,-14,103,116,115,83,-116,8,53,-135,-132,84,-35,58,-128,117,-41,140,-85,155,65,133,77,122,-12,7,-44,-50,-19,112,-70,68,109,88,-22,-99,-4,81,-34,-10,88,0,-57,17,12,-174,85,-22,-9,94,-10,-39,11,-27,81,9,32,49
-21,-62,134,52,-19,-12,-107,51,13,61,-26,-64,8,-26,80,-38,96,142,-3,-53,-26,169,11,-23,124,-102,30,-27,32,55,35,-14,6,81,40,72,100,-78,-64,-28,30,58,64,20,-61,46,-5,-49,3,40,-42,31,-30,57,25,2,-65,-26,-3,48,-12,20,37
-49,-45,97,74,81,34,12,26,19,-43,33,-5,27,58,13,-19,21,153,-40,71,134,8,-26,-18,63,-49,66,8,77,124,95,92,-24,-75,-37,-18,16,-52,57,58,149,-30,-24,-30,56,77,-30,68,35,55,64,17,38,-49,-12,98,27,103,93,64,-37,-12,69
45,-16,-16,96,-58,-12,23,-132,-17,-36,-104,-17,3,-53,85,-72,26,-62,-27,55,-40,104,-32,-64,-62,-119,-43,-9,-4,-78,51,-83,-60,42,-123,115,91,-6,-65,48,-73,3,44,41,-4,12,-47,36,-13,77,-6,-52,89,2,73,-82,-15,-54,61,-24,39,29,14
101,35,99,-66,-35,27,128,18,-36,13,16,22,2,104,96,62,-78,13,73,-72,29,-99,27,26,37,89,-5,51,86,37,47,-19,71,74,-14,-118,193,30,12,33,-64,-32,76,11,8,10,6,-96,-107,86,6,53,44,-8,135,-52,33,182,-36,-59,-3,92,37
124,72,-14,-46,-4,18,-8,-32,99,97,59,-29,-17,26,-50,-26,-64,0,-11,66,1,76,35,-35,89,-64,12,114,50,-29,24,-48,-9,44,-37,-91,72,6,-5,47,-96,-91,-36,24,0,64,-63,-103,-119,43,-97,-1,58,57,66,-37,28,9,-31,-37,-75,127,12
-76,11,115,-73,31,-69,56,-75,-18,36,41,86,-81,-114,-56,10,4,-69,-20,88,43,-57,-38,28,39,0,15,-7,106,-148,-57,115,-3,-24,-43,-195,58,1,40,-111,-65,22,-67,-43,58,63,18,-99,-80,-50,-78,193,15,-42,114,-29,95,-14,24,-37,19,-5,-2
53,127,131,-11,-99,-16,46,53,-20,-3,21,-12,3,71,25,-2,5,14,41,133,79,-80,36,25,-5,153,-67,29,100,30,55,136,46,-13,4,10,12,-2,49,5,11,-33,-1,73,16,70,42,103,53,51,-32,105,4,7,80,-6,113,-21,77,81,102,31,6
6,57,14,-87,-16,82,-50,2,22,-8,46,106,24,17,13,-71,33,89,26,-30,6,29,15,-63,59,-1,134,-75,-25,-32,32,-63,57,20,57,80,0,-18,-5,-60,5,102,82,26,-167,97,-38,-11,135,42,111,-51,-31,-24,30,43,42,-122,5,119,62,-16,139
71,25,32,-8,5,52,105,-77,31,84,-132,11,14,37,82,64,-68,-28,28,13,88,-52,24,-26,16,-55,70,75,-60,-70,-58,-56,41,21,63,36,34,223,30,-71,-97,36,-45,28,-58,61,85,-47,-81,-1,-5,-73,-49,5,54,-15,-75,6,-55,-48,48,-125,23
-64,23,84,-3,52,-85,35,87,44,38,31,30,49,71,-64,-31,2,-52,-125,-67,-1,162,29,-26,27,62,101,106,45,-118,140,-42,-63,-73,9,-91,29,-59,-18,51,31,-40,59,-58,7,-4,19,-104,118,153,-64,42,-1,63,105,42,-46,-12,17,58,59,73,-6
71,93,100,-146,-36,121,45,-81,28,9,-27,70,87,-13,35,30,139,14,68,67,55,-109,43,-13,150,57,5,102,4,-12,-66,23,-20,36,46,15,53,38,-20,-70,-49,-56,14,69,-50,17,-9,93,-203,-7,-7,54,80,-56,26,-14,-85,-38,-55,122,-7,46,59
65,-23,10,-20,44,22,65,-157,72,-20,-3,11,36,-11,47,2,84,-57,4,-13,17,38,32,-7,103,-22,60,-20,71,52,-54,-81,-23,-1,-49,-12,79,-4,-14,17,-24,45,12,46,56,-9,-21,-44,-195,-57,32,-42,72,-74,-116,29,-83,-76,-53,-65,-158,7,87
-83,134,13,-23,252,-5,-3,-22,77,-12,21,36,66,23,33,4,-80,-59,88,82,61,40,104,-41,118,60,10,63,-61,52,3,48,-129,-29,-4,-25,15,4,-12,22,7,-67,119,75,-24,-23,-11,13,-34,40,65,92,39,-13,58,28,-128,138,38,21,-68,54,96
-10,7,71,24,31,-23,70,-141,35,-67,85,-65,-18,-101,-9,9,121,-162,-21,10,71,9,-15,52,56,-7,68,69,-21,-62,-82,46,59,46,-46,-34,-22,36,23,-38,-120,8,62,47,-37,16,-83,115,-96,38,-40,-48,40,49,80,-44,-38,55,24,-55,75,31,10
-9,-25,-55,-2,-56,35,-60,74,-4,-67,116,-69,126,-114,17,-67,162,84,-34,8,71,-10,22,4,159,-67,68,10,-40,-9,212,-34,82,23,-16,-18,43,-42,85,48,33,-35,0,81,34,27,-45,1,-53,71,-60,-46,20,-113,74,13,48,-31,52,162,-66,-23,30
35,-54,33,-6,89,39,50,67,49,53,2,-6,-48,52,49,55,116,31,-81,-10,63,57,16,8,73,-31,108,-21,13,163,124,28,148,35,-41,3,154,-112,81,73,45,-59,-32,55,-4,42,-175,-38,96,144,-29,53,119,64,137,-23,94,95,91,62,-31,36,31
60,179,-29,35,2,53,120,96,-52,13,21,153,110,3,103,88,-63,-56,133,163,-1,81,104,-42,137,140,158,88,48,-30,59,-12,-67,-7,128,60,41,-20,-9,-46,-116,54,76,51,-81,28,54,117,-7,36,-16,27,35,77,51,-56,-86,57,-36,4,76,28,136
63,90,10,61,-25,54,34,-28,13,-49,36,127,-12,40,-52,56,108,-26,-26,-18,35,12,-23,-19,132,-17,138,39,24,-83,43,-30,-43,-66,-31,-81,92,5,-33,62,-28,-58,93,5,-101,1,22,28,56,87,66,-12,7,126,206,80,-17,88,-10,-62,-70,136,45
81,82,-3,-28,68,17,49,56,109,-43,-121,84,-108,43,-52,95,-23,-27,-63,-52,-3,55,5,38,90,-3,11,86,-7,-102,1,3,-76,-116,14,-91,147,23,16,-18,-20,-91,21,-35,79,-70,106,-93,16,1,-13,93,109,45,91,72,-42,-30,-140,-216,-81,71,-22
-19,95,159,81,180,-66,36,-38,164,79,-20,85,57,6,27,81,-84,105,109,159,57,48,-9,1,87,73,153,59,73,-28,19,94,-119,-26,36,-43,89,61,5,85,104,-34,144,74,98,150,115,-65,59,8,16,124,50,35,124,129,138,39,124,-2,-8,-16,46
-14,102,59,67,9,80,95,-77,66,-86,-44,-98,69,-83,77,119,27,-5,65,-7,-28,-16,118,-32,122,-69,106,-102,-104,128,-25,5,-1,15,53,103,-41,131,-74,117,-13,29,11,65,-49,36,-74,70,-30,-31,97,-97,-77,-30,-49,-99,-54,127,28,-58,-111,-87,166
13,-49,17,-59,-33,74,53,-89,58,7,-80,20,131,45,53,65,22,7,-90,158,-10,22,30,-110,16,-45,0,-76,-2,49,-16,69,38,8,-9,36,16,39,-163,40,145,88,-58,-87,0,11,-125,-18,-36,62,34,-68,-128,-4,-58,-7,16,-50,-103,-25,52,-66,-94
227,101,-16,-26,2,117,22,66,-83,8,61,117,-42,-42,30,14,36,113,31,27,72,9,40,-20,98,-37,-40,138,40,122,17,13,-55,39,-73,28,64,-68,111,10,-128,-112,-83,18,8,-38,47,67,0,-15,91,115,52,51,74,42,-61,22,68,8,-19,140,108
107,56,76,-23,0,56,-129,-71,-51,95,8,-29,89,39,30,50,95,-52,58,-61,-67,29,123,-37,24,140,-19,62,-21,-56,-134,-23,40,95,-22,16,23,-6,-90,-1,-63,16,82,17,-115,-6,82,72,-99,60,31,36,-70,25,48,44,-115,45,34,16,66,-11,0
-113,-9,9,12,-2,1,-44,89,-38,35,106,222,53,-16,35,-85,92,84,213,27,44,33,42,-78,-70,140,87,57,118,31,88,-99,-44,69,35,116,13,36,32,9,25,158,4,87,-3,87,91,-23,136,69,-72,-52,5,-54,67,-61,-30,112,1,47,-17,-63,52
161,-25,24,-44,-25,125,-145,-54,-65,-3,-8,20,-66,115,55,31,-15,-46,-51,-18,-119,144,69,-73,-51,-4,-78,12,41,-47,-44,-28,-68,107,-47,102,-22,-62,-102,-6,-71,128,66,94,-35,-71,71,87,-31,16,75,-16,0,125,-27,-47,-103,45,-60,-33,57,-60,12
-38,90,75,19,54,-52,91,63,154,-14,-87,-71,78,10,-25,-30,-84,0,48,62,99,0,75,-143,108,97,29,-23,6,-22,-12,106,-90,21,54,-50,51,3,-49,24,-25,-58,-76,-21,107,78,-110,-6,8,49,-16,141,27,-32,47,-11,-47,-95,33,72,83,22,-42
47,-28,147,-95,-24,48,-23,-35,-42,174,83,14,-22,-88,0,47,40,-31,-17,-42,-72,83,-57,39,41,82,139,-47,-41,4,-96,42,160,131,15,-35,81,-113,-49,5,28,49,-22,-21,-71,142,26,-19,23,108,-113,66,-92,92,-7,39,59,58,80,41,14,-57,26
-33,3,45,-103,-142,53,41,-11,12,78,47,169,-9,25,-30,-118,-5,54,142,86,-21,-74,18,44,-18,168,34,-8,54,45,-9,-16,67,22,51,-173,11,-9,-69,-95,-83,48,151,-43,-41,70,26,22,48,-21,-49,16,15,8,49,108,139,-35,-34,82,52,62,-26
21,52,8,4,81,-19,-14,4,38,-16,-45,-65,56,-35,42,2,77,58,-51,4,-2,56,-23,7,128,-80,47,-125,-56,18,69,-42,19,-115,-6,-20,168,-157,101,-14,56,-84,-11,-72,4,17,-27,54,44,39,62,45,12,10,-96,42,-12,-199,30,4,-1,73,-37
10,96,19,10,-87,-83,-138,-61,101,76,-1,53,96,-11,0,-54,51,186,-11,54,63,99,-68,-134,8,-101,50,42,-28,54,59,-52,-62,26,2,10,-16,-130,26,-42,92,-151,31,-80,-19,57,-8,-14,37,112,51,-74,46,97,-21,87,7,32,20,66,-79,34,-57
-40,39,50,-40,82,28,122,-21,-77,-33,84,36,-53,69,59,18,14,-84,33,16,-59,38,72,58,34,60,33,-48,160,41,-17,104,-79,-9,77,6,37,-45,71,-46,56,99,-73,138,45,79,-97,-45,-111,-44,-45,97,-7,-29,6,-92,-110,67,-72,104,-82,-54,71
-18,8,124,-11,-120,18,66,-14,15,1,-51,12,2,37,20,-48,45,55,9,4,63,48,41,-40,76,-18,-20,-27,46,68,96,-57,114,-21,21,4,4,37,17,9,47,91,-11,14,-82,6,-59,65,9,74,-68,-79,32,-12,14,28,-110,150,-30,-20,-17,45,46
29,82,44,43,42,-76,-96,5,-30,82,79,-12,74,36,-138,-73,32,100,-28,-38,-52,-42,131,5,-46,67,78,144,-22,63,-24,-57,38,27,-119,-16,28,-3,41,-15,47,101,-30,-53,-86,-32,50,10,126,34,-16,47,-69,65,88,70,3,138,140,50,-78,8,25
-47,82,64,74,8,-43,20,57,9,-34,-22,-46,-20,34,0,-70,101,94,201,28,22,24,87,0,-27,94,-39,-69,-48,30,24,23,-43,-14,107,-1,-23,-66,56,50,-7,48,28,84,16,27,22,58,100,-105,33,-26,32,-13,7,-15,-84,3,68,14,83,19,-53
-7,195,86,104,92,-66,100,-7,93,117,39,-14,106,98,-42,37,25,144,66,-90,70,-54,29,26,105,1,193,54,60,133,36,-86,18,-14,61,-80,106,18,43,25,-20,-26,104,-31,44,168,-19,-5,43,62,9,-6,116,-26,163,9,41,63,27,-49,-49,30,30
22,-27,4,-50,119,-10,-5,-32,168,140,12,-78,-7,76,-6,7,-122,38,129,41,-21,-15,-18,-15,37,-30,-56,31,40,-38,-108,62,-8,-10,-27,-2,74,89,-71,45,8,18,41,42,21,31,79,-45,-134,-64,-30,126,39,73,-50,-44,23,-75,50,-69,98,-48,49
33,-40,97,5,-103,15,-81,42,6,-36,-67,-5,-135,115,56,-1,0,47,-41,43,-72,118,-80,3,-30,-52,-47,-4,-33,-112,44,34,69,60,17,61,13,-28,-44,105,64,-9,155,129,-44,70,-40,90,36,63,-125,-34,-22,-20,22,-27,-8,122,-52,74,104,-45,-59
