-28,-54,11,41,47,56,38,-35,-7,-20,44,39,7,-12,-56,5,32,-25,57,19,-49,-22,-31,39,39
-64,9,43,31,68,-26,32,12,-88,-3,47,1,17,-18,27,42,-12,-72,36,-58,64,4,49,-45,45
2,-4,44,-111,53,-1,-23,23,-9,-66,-73,15,-10,17,45,29,-8,-37,-35,-29,7,-13,-28,-56,6
-42,-7,38,-2,26,79,50,-35,5,-34,31,77,-124,4,24,36,35,10,-7,16,46,-83,33,-13,-59
64,-34,-47,37,94,4,69,-32,8,37,37,79,-39,40,-46,-8,15,-8,27,10,29,40,-49,31,-72
-40,-5,75,-63,60,64,-35,39,-17,-34,18,13,-56,81,53,36,-17,-31,-37,53,10,-46,-64,-58,24
-3,6,23,-5,40,-58,17,33,-76,44,88,80,-76,-12,73,-16,32,-45,92,17,-3,-14,12,6,-54
-31,0,-87,56,-5,-57,-2,18,-35,75,7,17,36,-35,-63,-55,-30,-47,24,1,11,107,-14,10,-17
9,-31,-64,41,4,-16,-30,6,0,63,-11,-7,44,49,-101,-36,18,-4,-23,42,-42,81,-98,11,-31
33,18,-18,-8,-9,32,5,-82,73,-13,-41,5,-23,-24,31,21,-3,12,-3,12,-46,6,-61,57,-15
7,-8,-47,-59,-51,-57,-60,95,-50,18,13,-7,82,2,27,15,-41,-33,-3,17,-59,95,-78,-9,21
49,-59,-5,-60,-55,-37,25,-8,66,-27,20,88,-51,55,73,1,-6,54,23,9,-22,-50,34,47,-77
12,-2,-40,-11,-4,21,43,7,18,-45,-46,-1,-15,39,-64,11,-50,8,23,-51,61,4,-56,-15,34
2,-23,58,-77,-51,-121,-34,102,-2,-43,33,-65,-2,10,-43,-33,-48,-67,8,39,-157,-66,-15,-74,117
-11,-27,-32,57,-2,42,39,-83,-18,9,15,73,-13,4,-12,-39,116,-55,-17,-53,28,-10,24,11,-115
13,-36,-16,-6,-32,-13,7,19,-14,42,73,51,-3,0,47,-19,3,-28,41,17,-15,48,-41,0,-26
-16,0,11,80,12,-10,86,28,-48,71,80,45,8,-40,44,32,-32,-27,72,11,-1,69,-40,25,-29
-46,10,14,106,35,-34,-34,-45,-1,109,-9,-40,33,29,14,-15,-23,55,-15,25,7,47,44,26,36
-45,-68,-49,51,-1,25,16,-13,-35,-5,48,-3,26,-38,-50,-13,54,16,10,42,-40,-29,20,42,-4
0,12,54,36,-43,-14,38,31,34,5,70,32,-35,-22,24,-13,-1,35,53,18,-1,-9,8,41,-13
0,-17,27,60,-28,-77,88,52,16,29,43,38,15,-18,-12,-1,-26,50,19,-6,-26,5,69,56,-37
32,7,-53,31,63,23,87,-15,0,-40,22,34,-32,66,-19,88,7,19,78,45,-33,40,-43,90,-103
-20,-31,-12,-1,33,15,14,2,-49,-24,21,21,-49,-32,-45,-4,54,-36,24,82,-79,-37,-23,4,-24
13,-94,2,-59,-14,11,-16,54,13,-36,8,8,7,51,8,-54,11,-74,-3,82,-108,-46,-71,-29,-8
-16,-3,2,34,47,-41,20,19,-18,31,-10,2,27,44,35,54,-4,71,-13,-1,7,16,0,71,-31
