-16,-30,-13,32,12,15,63,-36,-14,19,7,-94,8,23,31,-3,-65,-58,36,44,-22,13
44,10,-2,-62,-82,55,-18,-29,1,85,-33,75,52,-72,33,9,69,-49,32,-50,56,8
-27,-54,-23,45,23,4,-31,-24,79,-9,-18,29,4,-23,39,-27,8,-3,-33,2,-13,37
12,-38,-27,119,-4,-7,-9,-40,17,-14,65,-40,7,-28,19,-18,-82,78,-16,34,31,-17
-55,17,-58,28,-9,0,25,24,23,18,-3,-15,14,23,-36,-5,-77,58,-40,-6,59,25
-22,14,-19,-22,55,-107,-15,7,-9,-84,-24,7,-25,31,-17,29,16,38,54,45,-87,46
0,14,44,-32,-63,4,-34,-3,16,79,-3,30,-40,-67,-15,-5,6,-60,58,-40,15,-24
-34,9,6,43,-2,-43,-3,44,6,-67,59,-42,-13,62,-17,57,-77,26,18,53,2,-16
-83,-29,-35,90,54,5,-13,4,49,-49,36,-16,-75,10,32,26,-23,55,-21,-20,-1,12
-3,12,-55,-68,-13,32,-3,-52,27,62,-120,7,10,-38,25,-52,56,-47,24,-13,-46,90
-54,-50,-1,9,10,-22,45,74,30,-60,16,28,34,15,17,98,-39,33,49,21,30,25
9,-30,4,120,100,29,26,-76,-20,-3,-1,72,58,-2,51,15,8,33,34,38,59,53
13,12,-12,-16,13,35,8,-4,6,44,-76,66,59,-6,-22,-78,41,-30,-25,-33,-67,6
25,38,45,44,64,-36,12,-59,-103,21,10,47,-47,-27,-60,10,15,36,27,-21,26,0
71,-11,28,-5,-101,11,-54,24,75,3,82,8,8,-55,-18,64,-25,0,-16,11,18,-11
-25,-61,-43,40,-34,-1,47,-31,40,19,21,-53,-41,-43,-8,-106,-55,-80,5,-66,20,-7
-6,-2,-35,5,-9,23,-1,-18,-20,41,-40,-39,0,-8,16,5,-12,-10,-11,29,-45,3
36,-33,9,-46,-53,6,-55,57,56,9,39,90,2,4,-39,-3,-7,-28,-55,-18,10,31
-19,-24,-18,-15,-40,-16,3,21,87,-1,16,56,27,-111,29,11,11,-12,47,-53,68,-7
-2,17,26,-31,-1,-11,-54,29,61,-72,18,5,45,3,77,90,73,20,40,16,-18,-13
31,-26,-39,45,-2,-1,63,25,-2,18,-32,9,74,-36,-53,-49,-51,68,-20,11,0,-11
-9,-19,-38,63,-47,29,36,18,23,-48,74,-46,-19,-3,34,-1,-27,3,25,-42,99,-46
