106,8,45,44,12,140,38,-22,24,-19,144,47,-57,-23,-31,44,18,16,87,52,102,144,97,15,55,-37,-28,26,-81,110,30,16,40,135,-84,19
38,-2,6,70,8,13,-72,23,43,-47,-15,13,14,-80,54,38,-38,78,-18,40,-29,-105,-30,-1,37,31,-9,-9,13,-39,50,74,-89,-40,-11,-22
-36,26,13,40,-12,47,42,13,-35,89,3,-5,-60,19,5,61,70,20,-28,77,11,43,40,58,28,4,19,74,48,-84,49,39,47,-48,-50,60
111,-18,45,27,36,-21,-54,11,43,-86,73,41,-13,-9,36,5,-26,1,42,85,59,7,-20,-26,65,-2,26,-43,-27,76,-9,-49,-27,36,-55,31
-1,-20,-2,66,85,30,0,-52,35,-66,34,6,-23,-56,-31,39,-12,-5,5,6,16,46,5,116,-13,14,18,87,0,-103,-4,11,-2,-11,-70,66
29,-70,46,-2,6,-78,15,-48,-19,-46,42,-20,-31,18,-79,-51,-20,-59,105,-23,59,-5,-15,-19,7,-11,-37,31,-20,10,-40,-88,33,3,-31,-50
53,-63,-20,-47,89,124,18,33,-44,92,100,-84,-20,-10,57,121,51,29,16,90,161,37,-33,25,84,91,-38,36,-33,46,0,-31,-32,41,61,60
-22,-16,-83,43,-28,-11,-16,-3,-89,62,0,-16,-60,-4,-28,-47,7,-6,-39,20,-1,31,19,-35,-35,22,-84,3,-53,64,52,60,-12,27,95,39
72,-86,76,-48,40,-21,-77,25,17,-57,39,-90,9,-13,-96,13,94,40,124,23,81,16,-59,0,38,-8,-126,77,-47,15,17,-17,-37,17,43,66
-18,-10,-39,-94,-28,61,15,97,28,8,-31,23,123,-39,88,-33,18,-20,-75,-86,-23,-23,35,-37,-11,19,-43,-114,67,9,-3,78,59,18,-66,-67
11,123,-42,88,3,-85,-31,-34,6,39,-53,62,-12,114,24,-110,-94,-72,39,-4,82,27,-35,1,26,-9,57,-38,-72,47,-28,47,-27,-4,35,2
-74,-25,-29,45,64,68,25,-11,1,91,-28,8,-3,19,3,-3,-61,-27,8,34,-82,-75,52,5,54,44,0,-80,42,-62,-20,12,-107,20,6,28
54,2,-46,45,45,77,-7,-45,55,-63,23,-8,106,4,111,26,-152,-77,13,-82,76,-26,47,50,17,-20,-60,-67,-81,117,-52,69,-61,35,-21,-22
48,47,-8,-13,57,4,51,56,48,-39,1,64,5,8,7,39,21,3,-19,-12,89,91,59,22,131,-19,-11,-50,-36,75,48,-69,60,79,49,43
-6,37,-24,-24,97,-80,12,-33,102,27,69,75,24,88,53,-30,-47,-30,-22,80,-50,28,-74,25,89,-34,30,-26,-36,-3,-18,-47,-27,-17,59,154
-25,67,1,3,-23,88,93,-46,-28,109,71,-35,10,49,12,-19,4,-82,70,40,50,5,-23,27,98,1,21,-30,-28,33,44,-47,54,41,27,28
93,-51,-60,40,-10,-42,-52,71,31,-106,108,66,-56,-102,102,79,51,110,-75,99,24,14,-14,-73,6,60,57,43,-22,23,14,45,67,-118,-10,-2
-5,116,87,45,108,27,-45,-2,40,-28,27,-22,-1,41,64,42,-65,-13,63,31,-20,-15,-9,65,-5,-60,20,-21,68,-47,113,85,-32,42,17,18
103,1,-98,-71,66,-49,-50,-8,6,-30,-7,-39,72,-24,57,2,-88,71,2,-32,46,-30,-23,-26,124,22,-73,24,-19,27,-23,19,-42,-73,50,87
19,-6,26,-9,-44,82,-39,25,-13,28,72,-51,18,-60,92,65,33,-26,-18,64,10,-103,-72,-58,47,17,-30,-91,-2,54,28,27,-30,48,52,-16
85,63,63,-66,20,-24,-13,60,-70,84,98,-24,-30,78,-1,-63,25,59,92,12,145,-5,-113,-15,43,51,27,29,46,39,41,36,39,34,95,44
-99,-22,-67,-50,-28,6,-7,-28,2,83,-55,-23,-12,67,20,21,-4,-63,-16,-14,-15,-12,-38,68,4,42,5,14,74,16,-12,-33,3,-14,34,23
0,61,100,0,-17,72,46,-71,-49,97,87,-24,9,33,51,56,26,-6,37,58,-60,-43,-48,-12,12,-57,-10,55,134,-51,83,19,20,25,-11,95
50,-54,-78,39,38,71,47,-63,47,69,45,-52,29,-53,36,78,-16,10,33,125,-70,-60,40,-31,88,21,-106,-25,88,90,-9,9,-141,19,67,114
10,17,6,-34,7,-50,56,-9,-22,16,86,22,-37,64,-55,-108,48,-1,98,32,149,85,-54,-24,126,12,85,28,-110,39,-26,-144,72,-56,18,10
21,-28,-94,-37,-31,-57,-62,79,-59,-30,-51,5,2,-54,-83,-77,42,162,79,-8,91,-3,-37,-73,30,32,52,96,-47,38,11,-33,60,-141,-20,4
39,-142,-46,-22,-22,54,-54,50,2,-31,73,-16,-12,-44,14,87,4,1,-3,-5,-43,-50,3,-121,13,36,-110,7,-21,24,18,18,5,-4,-36,12
-6,10,44,20,-28,-68,-46,-61,-18,-6,28,37,67,28,33,-79,3,-45,-49,11,3,-69,-42,42,-5,-31,52,-31,-37,97,-118,-37,-97,15,-8,16
80,143,-45,46,-17,-21,70,-77,-14,-7,-20,43,57,39,-23,-108,-57,-24,75,-15,36,76,16,6,-88,17,49,-19,11,72,4,40,14,24,32,-87
67,32,20,-125,-16,6,71,35,-73,-3,92,-42,64,-36,-1,11,10,48,-9,-20,-45,-51,-16,-14,29,60,5,-62,69,6,63,15,17,71,26,-45
110,31,-18,16,-41,-59,81,44,-18,3,5,62,10,19,-62,-33,-78,13,77,-6,70,39,43,-42,28,-35,-32,3,3,67,22,0,16,70,-61,54
-5,47,-29,71,-36,41,15,-39,-11,8,39,41,49,-25,98,-20,-96,-23,-42,-29,1,-42,32,46,44,-6,94,-35,-87,55,-66,37,-57,10,-109,-14
-25,-13,-72,39,19,55,-60,-70,-1,-73,2,31,79,-6,27,-33,-28,-34,-10,-24,77,4,5,63,36,32,3,3,-146,63,-90,4,9,-43,43,-1
68,185,96,14,-3,-84,36,-71,31,-20,-41,45,-39,60,-26,-14,-11,46,96,95,93,109,-129,41,73,-41,120,38,-103,-41,54,-103,56,-3,35,32
47,56,74,9,58,2,21,31,57,-25,77,31,33,-7,12,16,115,68,20,106,139,109,-27,49,15,-19,-13,56,-108,29,-12,17,-4,28,62,139
100,-5,-26,-43,68,76,-16,82,4,-56,4,-42,36,-62,-15,72,-24,54,-32,-90,-16,-7,102,-7,24,30,-107,-20,35,4,75,86,17,96,64,-92
