-42,-92,-31,-44,-5,-59,-7,87,-49,75,-16,19,18,47,106,89,11,-84,131,-46,69,-46,48,-9,54,192,11,-74,-15,4,23,-46,69,96,103,19,-4,26,-113,64,28,45,-1,-84,-35,9,128,-9,-123,93,-119,68,-75,-47,1,31,74,58,145,65,123,-75,64,45,33,-47,45,6,-56,22,-111,-45,93,116,127,72,25,61,77
53,108,91,67,77,-54,26,-53,-21,-40,-42,40,34,-5,24,115,99,-22,41,13,54,189,54,-49,63,77,-49,-88,59,-53,-46,38,58,148,16,-32,8,51,52,-138,-137,59,-172,-13,-40,-3,56,-129,-21,2,-58,155,-2,-2,17,-44,-16,33,-60,26,-25,-34,42,-25,-27,24,42,-124,36,57,111,18,2,168,-7,8,48,80,-107
91,-30,-14,88,93,-32,38,57,-53,-68,54,93,110,-67,-146,138,94,92,11,4,64,30,1,69,54,41,159,64,-15,69,40,66,35,18,-20,-4,74,12,5,-30,44,63,96,72,-151,-65,23,40,94,160,10,89,-62,40,-88,33,111,62,-67,36,-38,-36,13,108,-22,132,3,45,-11,158,55,112,89,70,173,75,-21,-72,20
-15,41,131,123,64,55,171,-45,106,151,-21,98,71,56,58,50,15,149,195,74,79,93,14,89,28,-8,51,41,82,73,158,-82,111,120,-9,-100,133,45,-5,157,153,-48,99,10,-23,68,32,41,78,156,-50,177,102,72,94,166,195,-9,-82,204,-28,126,40,133,-43,-96,81,36,9,-40,51,85,60,151,39,-4,-67,-23,-1
-43,20,-166,4,-50,-130,-43,-108,0,30,8,1,119,95,-45,12,146,31,44,23,-74,49,66,-25,148,-60,-32,-82,-72,-9,-165,21,-28,-54,98,-210,-95,202,-194,83,-97,158,38,69,62,169,162,5,-86,63,57,-105,-34,26,33,-55,17,-21,8,14,66,77,-5,-122,-18,-117,-88,-91,25,-2,-49,-56,-25,45,-10,0,129,-37,-36
-129,64,73,43,56,-22,17,-40,51,52,-4,-182,-9,17,64,53,-91,-59,67,-73,-57,78,-41,-16,1,-67,-97,-109,90,-198,-43,-193,17,85,-177,-20,-23,82,54,43,45,-44,-89,-161,-36,-150,50,4,24,-14,-43,-1,98,131,54,80,0,-50,-3,44,71,46,40,-7,-67,-87,-69,112,9,-127,47,190,38,70,32,4,-156,11,-67
35,157,113,26,0,33,178,-66,14,83,86,96,58,-29,-7,136,-31,119,83,-41,-26,36,54,61,-80,41,38,34,106,69,-25,-10,260,100,-94,-4,30,-14,-52,-19,87,-24,26,7,38,-86,-13,-86,15,18,106,159,71,70,-24,-23,89,134,50,-42,76,81,-35,221,98,103,87,-123,-28,1,66,5,-74,106,37,10,-62,15,64
31,42,-117,185,-87,31,19,81,0,-73,-11,62,-100,5,11,6,-18,28,-41,2,12,-125,-116,38,-84,-38,84,73,-158,-17,-20,-18,-82,-45,-95,131,-37,-86,-37,-52,113,191,58,46,-13,28,-40,-111,-106,177,-12,41,-68,-36,-33,-1,2,47,12,25,38,-47,-77,69,-84,-42,103,89,156,1,72,52,8,-64,19,-5,-64,-79,148
108,70,61,81,83,-18,10,-10,69,47,29,-13,-60,-122,142,-16,5,-19,130,-95,-67,127,19,-102,-45,-5,-52,-93,96,-61,-44,40,87,97,-42,100,50,36,-78,-75,29,0,-35,0,-46,5,6,-84,19,-46,-4,142,5,-39,45,-64,91,-100,-1,14,-34,26,28,-81,74,11,14,109,128,31,74,52,19,156,-113,65,28,82,20
-53,-7,-16,-48,-33,-18,-32,31,-61,-25,135,71,89,23,-93,104,-58,-101,19,-37,29,27,22,-85,-16,91,-2,-40,17,104,61,80,53,124,112,-21,-26,-12,-57,-50,11,-85,-17,117,-99,43,-33,-25,-64,-68,-51,34,51,10,-51,-139,-4,71,-26,-96,-22,-125,-32,41,68,12,-12,-58,-50,50,-117,-42,14,135,12,-5,19,97,71
8,-42,-4,-20,-75,-13,-13,189,108,39,19,73,-100,-78,26,60,154,-26,110,-38,99,-93,-25,3,-148,-7,113,-11,67,28,64,125,80,100,-108,58,118,23,26,-37,-21,-128,28,84,42,-63,-83,-37,-47,84,141,91,61,-15,-51,-74,29,101,-147,5,49,25,167,106,24,75,51,47,-44,31,-48,95,-159,65,52,45,8,-2,120
100,24,113,65,132,68,41,74,84,247,94,114,192,69,178,11,-41,-18,118,31,66,-17,81,-25,-25,16,-60,4,-21,86,101,-47,25,-69,49,-6,-43,-41,-4,4,119,-35,79,-45,76,38,121,100,-25,141,-59,13,32,0,99,-11,14,-39,21,-5,-41,40,158,155,-11,-4,9,17,48,117,-157,21,6,18,53,-34,95,90,7
131,-19,178,87,114,-11,66,-54,-19,12,33,36,12,80,73,-29,35,22,30,69,49,0,47,15,5,189,-92,127,13,71,233,-132,107,164,92,-39,-23,29,17,112,161,37,23,-27,30,-34,161,2,13,134,-52,146,94,1,24,120,60,38,104,24,-6,28,146,159,-35,-43,43,-20,-164,61,-47,-35,0,152,34,-15,-100,176,-2
-106,44,14,49,29,-51,-20,-34,21,109,-61,51,-9,-90,70,26,-30,64,121,-25,-24,177,57,-5,-12,25,67,19,4,81,129,42,-171,75,25,-37,110,15,20,175,72,-21,-32,-98,-6,144,-121,43,-76,20,-54,158,-55,-138,-26,9,48,-130,-4,168,19,-25,154,54,-9,-31,-118,40,82,-98,32,34,111,80,-52,-7,67,18,68
67,-8,54,-84,278,204,140,-5,59,-7,59,11,-6,-69,171,22,172,117,203,74,-17,56,81,58,33,-3,-20,-22,3,-68,38,122,190,-8,83,-17,99,11,87,-68,-82,73,-81,-28,58,27,-78,28,151,20,-48,136,-24,246,112,-64,85,95,-142,85,5,4,16,107,59,-23,18,-53,18,147,14,26,30,238,25,58,-18,-149,-80
-5,60,-16,147,29,70,208,158,45,-22,90,-33,71,41,26,33,-40,-45,53,62,94,-16,-31,-106,24,51,150,-97,-42,-137,-189,-32,184,30,-140,88,60,116,-33,13,-35,-81,-6,57,13,-41,62,-93,5,130,76,-14,-96,7,41,-62,2,113,-66,-61,-2,129,50,115,50,34,44,-9,41,96,-14,112,105,115,232,-122,149,-7,172
-218,54,-19,30,16,12,60,-28,118,22,110,51,-22,45,87,12,77,61,152,-39,-14,19,-84,14,-106,-15,98,18,20,104,-62,40,-29,38,-15,2,79,49,-9,73,-135,75,82,-52,-13,-64,32,-9,-39,29,-75,160,64,-97,81,-20,5,-60,-41,10,31,158,26,-51,29,-2,21,102,-47,-203,111,80,38,-58,-53,-15,72,-37,78
99,-23,24,45,4,4,-12,-57,51,108,28,141,46,77,60,16,64,88,52,98,59,10,-138,30,3,136,45,-141,-23,58,66,-29,2,-12,22,42,-42,57,-61,114,43,41,167,-121,65,26,121,38,-78,88,19,174,55,37,46,77,197,-101,33,119,-12,-16,48,120,-50,45,80,33,-10,62,-100,-6,25,-76,59,-98,-13,-45,-65
82,124,112,64,48,-38,154,-115,69,-16,77,4,251,116,162,16,-80,-1,-26,67,38,199,78,-46,106,-107,-38,44,93,78,-131,-22,106,59,-73,-34,-77,137,-1,105,113,-8,-34,-52,-24,-115,199,-108,54,54,1,80,50,237,162,35,126,-9,-62,22,-124,75,-19,-17,-49,49,-44,69,-54,-63,124,-24,-15,173,21,-22,-23,48,-155
-65,-53,-55,-108,-86,31,30,98,48,-16,-75,4,-117,57,34,7,0,-68,-12,-15,-67,-134,58,-70,-79,-74,5,110,-66,-31,-51,97,118,16,13,80,151,-38,-16,44,-2,-37,-13,-62,39,-109,-91,-3,33,-39,25,-79,101,-57,-127,116,-7,114,87,-73,42,36,67,66,63,-25,51,19,-2,-146,-1,-4,50,9,94,13,46,-18,41
57,41,158,64,137,14,69,-140,92,21,100,212,119,67,48,51,106,183,-111,77,6,91,44,-18,-58,-27,30,119,-40,41,28,81,62,145,-33,141,-3,-1,16,53,-6,168,-44,-106,-35,74,4,-106,5,73,-13,158,118,-21,-15,45,-70,29,-16,15,14,-119,92,58,41,36,27,138,-1,-13,-70,128,2,200,-108,-44,-39,55,-66
-32,56,6,-52,3,-2,-1,-23,-78,28,71,-53,27,66,9,-1,-26,-33,31,43,-132,181,-38,-11,27,-7,57,-94,-41,-66,-33,-31,-140,32,-114,79,0,54,70,9,100,-32,-17,-117,-116,17,23,-47,-125,-26,90,99,-12,64,-47,-1,86,-91,-31,97,17,-69,-38,15,22,62,-48,45,82,-84,83,18,108,45,-2,-70,-113,83,10
14,-63,15,107,26,-27,82,51,-33,157,96,26,132,107,-15,98,-64,13,55,153,88,47,-62,-72,62,-20,136,-39,43,-14,-61,-58,180,130,-173,10,66,117,-20,4,122,-39,82,-29,-100,18,73,38,-38,149,-36,100,25,159,-128,59,103,5,-62,211,119,40,69,40,-144,1,88,-27,-69,141,-25,151,34,117,257,9,-23,59,37
65,-51,91,55,-7,-61,41,148,66,0,88,28,84,127,12,-10,-101,49,129,16,-19,-99,24,91,-105,63,51,1,-59,47,28,-17,-56,18,7,10,-26,-46,10,70,15,14,120,-116,107,-22,17,-76,-73,236,98,9,48,-128,-13,-33,11,-29,14,9,-105,1,125,81,-30,58,123,42,-81,-9,-110,59,-88,-22,9,-100,-31,36,182
4,-5,26,-38,-3,47,11,-59,46,-28,16,73,-41,49,-16,-30,94,178,49,19,-76,172,35,52,56,69,-60,41,36,24,95,50,-21,-16,6,-130,44,48,13,12,-24,-33,-35,-78,89,117,-2,-51,130,70,1,55,-20,61,41,-90,49,21,-114,31,-24,-108,-45,101,45,-45,4,-127,52,57,-58,14,4,124,-70,-116,-38,-91,-93
47,-42,38,12,-24,4,31,-79,42,153,77,28,101,-35,70,117,86,-16,156,-77,7,7,56,26,40,120,-2,-40,-45,43,21,123,78,46,-59,127,36,32,41,-82,-3,-55,-41,62,35,37,76,45,-168,25,45,230,29,-99,4,-75,-22,-60,79,20,-73,-9,121,105,114,47,37,5,85,56,-27,77,-73,139,43,97,89,39,12
122,86,107,30,31,196,109,47,68,16,-20,34,-118,-99,25,50,25,93,182,-24,53,-132,36,157,-18,131,115,89,142,0,126,58,190,-69,-29,-3,52,-61,-88,-142,125,-141,29,49,81,-115,56,8,-36,-19,14,-4,122,64,34,-81,57,-92,26,-31,-40,134,-45,57,102,57,36,-11,99,48,232,9,-91,2,57,97,-121,-95,13
44,-18,90,92,41,99,-32,22,89,98,79,173,0,129,14,101,122,46,180,21,41,4,-3,-18,4,77,-7,-81,176,-52,-17,14,26,-4,48,-50,1,109,-1,99,66,69,-18,-6,86,81,39,-71,-49,126,-103,-3,67,162,32,-49,192,-22,-143,84,47,3,100,85,-119,-7,-25,-66,-9,20,-41,117,-48,128,-67,-38,2,26,163
18,-86,91,34,-24,94,17,-41,-5,-94,6,150,-21,11,-34,-71,-39,16,-18,-87,34,-39,-104,-31,25,25,-78,-52,116,-34,71,-95,-53,-53,162,26,40,-78,81,-76,-65,-70,-35,27,-96,-41,-27,-69,27,30,24,8,-48,-210,-14,101,119,-83,-60,-81,-124,41,-88,-77,146,76,45,13,-33,57,-4,-46,-53,-28,-116,71,-7,-17,55
-72,38,-7,14,55,53,31,20,37,76,-30,-48,-64,-151,57,-159,37,28,85,17,31,-7,-26,-43,-107,-58,-4,48,33,20,88,83,55,91,59,12,134,-18,-166,112,-21,-13,-23,-3,-33,6,3,25,95,-119,-50,16,136,-8,11,11,113,-29,23,58,16,16,82,2,98,110,-46,-21,-3,-107,191,-6,61,66,5,41,-14,58,-82
85,-32,104,82,88,53,150,-117,108,61,43,119,61,-90,55,86,77,152,33,29,-30,73,77,100,-149,-148,204,17,81,42,80,86,184,-26,-68,17,54,-69,1,-94,49,26,75,58,-60,57,4,118,186,77,97,125,15,17,51,15,116,-41,-56,-10,83,-10,12,-88,196,27,29,6,90,130,40,58,-19,81,-65,170,-89,-32,-23
113,37,112,125,88,61,169,-82,157,153,23,91,48,21,170,-1,90,55,32,89,43,-63,13,48,39,-206,102,91,-35,146,62,142,188,33,41,-44,70,-24,-60,-118,41,-57,116,-7,85,-12,24,53,83,22,99,113,101,-111,-27,141,113,-176,-40,66,-107,129,126,-23,132,48,-70,-6,16,-8,70,94,11,19,6,-49,48,-6,72
-20,-49,10,-65,23,19,127,78,38,-82,73,65,-59,6,88,66,-32,60,117,-43,105,-121,-31,35,-72,5,61,-38,-51,128,161,99,64,67,-17,36,85,-72,-9,-77,-47,-47,33,41,12,86,109,-117,-57,-43,102,0,49,-33,-14,-81,68,18,-101,-164,-22,101,93,77,127,58,-23,-4,-103,151,21,-15,-94,81,-12,110,3,17,51
122,67,30,141,54,38,13,-160,14,5,-65,117,55,-71,-33,88,123,29,4,29,111,65,-48,18,-68,-36,91,-32,11,64,-70,-103,55,95,54,79,-34,-54,-11,36,-51,10,-23,135,-188,-15,-76,-18,-60,75,6,207,94,-53,-4,78,12,-52,-3,-42,-13,32,-59,20,-63,76,-17,61,25,18,-33,18,62,11,9,-35,106,9,-76
-24,35,52,60,15,-69,-2,-124,0,172,18,215,111,44,108,152,38,-15,27,26,65,149,24,43,2,109,75,-38,-107,219,177,47,64,66,18,84,-49,19,-12,35,263,2,97,-1,41,9,-58,121,73,131,110,193,55,122,89,67,208,-59,25,-15,-15,-91,245,222,-37,-17,-5,49,98,126,-97,-6,123,43,101,-81,-56,-49,88
75,85,22,13,24,8,-65,2,-7,21,-46,84,-49,46,76,-12,54,109,128,-37,93,71,49,33,93,31,-97,91,-90,116,218,147,58,48,-47,37,43,-125,130,-23,58,99,21,26,33,-18,5,-16,170,-8,20,64,87,-20,19,69,197,-138,34,41,-42,-88,37,-29,17,-62,-95,43,25,-59,17,-13,30,-58,-24,-24,-127,-35,24
29,56,-117,26,37,44,-32,-1,49,-83,152,32,49,-28,-25,113,127,30,18,79,45,49,-11,-23,53,40,115,-15,28,-22,37,-1,-2,36,-20,-100,-112,154,13,32,-1,32,-12,-44,48,-42,93,17,80,181,18,73,-149,156,73,-12,120,88,-128,-49,-11,-53,150,130,23,-80,-52,16,-135,116,-37,61,90,189,125,26,-49,-39,51
119,46,-83,61,-46,48,14,67,117,136,59,1,92,-66,36,74,104,82,74,32,42,30,2,50,41,109,92,33,-89,69,35,130,225,43,-41,-12,35,21,-66,-89,46,-85,58,46,96,-32,56,64,56,47,-4,143,-23,-34,34,-97,98,-65,13,82,51,-9,-4,109,35,-79,114,-46,95,97,8,126,60,60,106,24,112,25,167
44,69,29,21,-106,-53,-54,-9,-4,171,-71,77,160,75,-15,-71,86,3,-60,5,-32,72,88,10,193,34,-2,80,-11,120,3,166,114,62,-55,-37,100,26,-65,69,138,51,4,11,4,185,57,56,145,120,-69,45,-48,105,-45,59,26,22,19,129,3,-181,59,-21,-38,-99,-59,73,35,-10,-1,62,120,177,17,45,-13,-55,-5
-4,34,-89,54,-16,-9,177,84,23,-80,-61,21,0,12,115,10,-4,69,-8,89,111,-150,-19,46,10,124,136,18,2,59,-51,67,104,93,-113,117,46,10,103,23,40,-21,-80,48,-58,-21,17,-109,23,20,-24,128,-79,129,30,131,58,190,24,60,-40,83,21,66,13,-45,136,-11,44,-27,220,18,-6,5,235,-66,-6,-185,-37
-31,-132,66,73,-28,-6,22,-88,74,22,14,68,114,166,71,70,82,73,-79,65,-59,6,29,68,92,31,64,82,36,75,-136,-8,117,-27,101,-85,-68,119,-117,-7,-48,38,-36,60,-44,-32,128,-100,-68,61,-123,93,-65,-41,69,53,58,69,25,-19,119,53,-121,-57,75,44,65,-38,26,29,16,-31,37,11,59,-56,132,32,10
-48,45,-4,128,43,-15,-36,-129,-64,-96,86,-107,32,38,12,-100,-7,-4,97,3,-92,57,53,1,9,-33,-110,66,-98,-82,-2,-175,-156,-121,52,-85,-151,28,-46,60,-38,55,-83,15,-15,73,30,-3,43,106,-110,-135,18,37,100,-109,-49,-88,-17,35,-70,-48,-72,-70,33,-120,-174,-17,-19,-56,-26,-4,44,-25,-96,-42,-21,-41,7
97,-63,79,-12,24,-68,163,59,88,-86,25,-16,62,99,75,-18,6,134,132,95,128,-21,-24,8,-48,42,0,2,46,-13,69,67,54,84,-36,83,71,90,16,165,38,11,-26,5,75,-77,25,-4,140,114,60,73,54,43,64,38,152,-10,-142,17,-49,26,124,53,-54,-52,16,252,60,-82,101,-49,-23,154,15,79,-3,-40,114
-84,34,66,-23,51,-2,178,-142,-58,8,72,28,13,33,46,148,48,23,117,2,33,192,50,74,78,-40,126,-123,101,87,131,84,112,197,-140,51,38,38,79,-7,38,-69,-17,28,-67,-165,-43,-20,190,64,73,181,17,58,88,13,143,-29,-100,-30,-70,-55,38,170,134,-8,-50,57,91,-12,17,150,31,85,77,-41,-125,-133,-71
3,-7,13,102,23,-39,121,118,43,44,-39,117,43,170,121,-131,-93,-39,-120,5,-44,38,-2,103,-136,60,-49,9,-37,72,23,-96,-75,26,80,80,17,18,-99,125,182,-29,57,46,185,36,122,-71,-151,23,75,-44,-75,-62,73,-4,8,64,86,-104,82,55,204,-3,23,30,15,30,63,67,-62,-95,-4,-59,-21,-76,101,199,167
99,-2,17,125,-28,29,151,-45,-25,28,67,161,10,41,-37,121,93,102,80,16,168,-49,8,-58,48,106,-4,74,85,289,148,30,96,25,-43,-10,98,119,-61,103,87,12,98,60,48,-1,108,10,51,-8,-130,-27,3,133,-22,69,95,-97,4,-45,-92,-70,225,81,51,136,-109,31,-32,-31,162,76,151,-72,40,-27,19,9,-25
-24,-24,78,199,120,41,95,-48,0,-52,57,110,119,-39,62,26,-9,84,-8,100,124,97,-47,72,35,-23,28,181,94,190,68,112,-5,89,-30,-15,65,-26,87,99,91,-55,39,-67,74,45,-59,-3,124,27,34,-13,22,23,157,94,-26,-8,-91,69,-85,13,22,39,3,4,98,37,2,41,67,136,12,-43,-34,-45,54,-15,8
200,-152,46,2,88,88,137,200,155,-43,-95,-56,-134,-29,-47,-122,73,54,-8,119,-66,-125,50,35,-53,62,-40,95,167,-145,-141,70,112,-14,83,-35,144,209,-11,-3,-33,-43,-13,27,94,42,-122,43,133,51,-63,45,-50,53,-44,80,21,113,-82,81,-41,93,73,83,-19,-46,93,38,3,-6,106,70,-49,129,-55,-7,22,-94,88
72,96,-39,-10,69,-24,105,-50,66,136,-62,69,54,-66,30,-64,44,73,118,-18,117,142,60,61,11,-45,-36,50,39,-108,-70,11,102,6,51,-89,100,29,-16,25,-24,34,-35,18,-99,109,138,31,38,-73,82,76,85,36,45,44,35,-1,-14,26,38,80,123,55,121,2,-48,-121,-55,-27,68,82,-33,194,-16,-15,7,-6,-46
49,65,7,148,11,40,5,39,13,66,105,92,-15,-72,55,141,31,-8,-44,105,136,66,-111,-92,-11,-40,171,-50,84,258,86,162,16,149,11,-5,54,40,-71,50,46,-83,88,92,-31,25,-45,69,52,64,-21,14,-5,7,-12,35,68,-45,-136,80,-65,-33,15,84,-38,28,59,75,78,-2,66,2,134,-15,4,-37,64,14,-65
-5,-114,133,28,-9,6,32,74,126,-35,-41,-22,-45,28,-46,-88,58,34,-31,-23,-99,-50,-20,108,28,64,1,-2,57,-6,37,-29,-11,-29,-24,-40,-8,59,-131,74,22,-16,40,22,86,-35,60,-75,14,6,102,64,26,-68,84,7,37,41,0,-137,10,9,30,79,-5,98,0,-21,121,42,14,91,33,47,21,-111,30,77,162
45,-4,-15,14,195,101,138,121,161,-34,193,-56,-22,-28,133,79,14,12,190,51,99,-35,-71,54,-114,-56,63,11,-51,52,31,202,42,39,-58,39,59,-38,35,2,-5,-20,93,77,-56,68,30,31,112,87,8,-37,116,142,34,-40,102,42,-19,90,74,72,10,15,18,66,102,49,21,47,126,12,-12,115,35,136,-41,-133,31
-28,-11,53,86,111,123,20,96,78,-25,-56,97,9,-158,170,26,-16,18,58,-61,59,-3,-17,-72,-104,50,-53,29,82,-9,97,104,113,171,20,117,68,-109,20,3,54,39,-108,-101,-28,-41,-68,9,99,-55,36,151,65,34,6,12,82,77,37,-40,131,-106,88,85,82,92,122,-29,133,10,70,-57,178,87,22,70,-35,28,53
34,-65,33,32,-13,21,-21,49,-158,-62,11,38,59,11,-69,-33,-38,111,54,-45,-58,48,-59,11,84,43,-18,-66,51,24,-47,0,-42,-157,-10,-90,-47,71,-60,-23,163,-14,-1,-130,87,85,103,47,74,17,171,-70,-101,77,-58,-38,129,-1,4,15,127,-103,-49,73,-31,58,-57,31,79,169,10,-98,-27,-17,46,106,13,-27,84
110,219,41,-109,90,41,74,35,151,-27,-54,64,-86,-26,38,93,81,46,31,207,-53,10,67,228,21,-166,0,127,-45,3,152,124,75,83,103,-1,181,7,-52,8,123,13,50,-36,126,100,-28,-115,97,9,82,125,12,117,73,184,74,99,-6,42,-6,165,50,94,23,-33,36,84,-102,-48,81,173,-78,230,2,48,-10,-145,20
-7,98,30,35,-17,88,13,-48,85,-18,55,-87,-50,15,39,135,134,-25,137,0,9,84,43,67,31,-65,-12,-43,-14,1,122,-70,8,43,-26,-88,-92,-24,22,67,-3,122,1,-16,13,-3,92,-131,-22,94,38,-3,121,-24,35,55,78,14,62,38,47,-35,-16,-16,-28,75,-59,-131,69,-167,36,69,47,48,-36,138,-148,0,-21
-120,-17,-53,46,-55,-76,-21,-104,-6,57,-22,-27,175,-12,-11,-30,-46,191,-105,50,50,-37,-74,87,-22,28,-2,-10,18,87,53,-65,35,14,13,-112,-52,132,-65,91,58,22,15,11,-92,-160,134,-3,52,22,33,164,-18,112,80,66,135,45,-79,63,82,92,-47,83,-32,-153,165,42,23,35,62,111,-12,-9,27,-62,-46,24,54
-14,-1,165,65,27,30,70,-61,56,-46,178,89,-62,-158,-88,87,142,57,-71,48,-9,27,-30,-50,12,-48,72,5,75,69,-33,22,-48,6,-114,112,35,102,-60,150,46,-11,16,-38,-31,-54,-190,-66,44,90,153,192,-32,-12,-81,112,108,43,-92,149,59,-11,-4,58,-32,195,-19,166,-4,-114,59,95,-90,84,-179,107,8,-18,-15
-30,19,-82,-21,-59,-20,52,12,-30,-44,120,9,-10,112,97,-33,-41,49,38,-4,6,12,-48,-15,-61,21,66,-10,-37,-37,39,8,-19,51,-145,133,-8,22,19,53,-109,-105,16,5,10,-95,47,-70,65,56,-39,-31,-19,-21,-3,-146,41,66,-92,-17,43,-21,60,-16,97,-71,-22,82,58,-15,27,62,69,-46,65,-31,-13,-47,26
106,-42,-138,59,39,58,5,90,56,-91,81,59,10,-28,98,21,165,55,54,78,80,-29,33,-40,-61,35,60,45,124,59,-4,83,-82,160,76,-24,-10,112,37,135,25,-68,-66,57,40,88,28,-59,161,117,19,177,-114,114,82,2,115,98,-94,30,55,0,-26,120,77,-175,80,72,-9,-14,-7,-66,-73,123,-7,-37,50,17,33
-13,-173,109,91,18,37,116,-60,-28,-6,158,275,145,131,-47,-2,48,64,-15,-79,66,38,134,-39,-27,-47,-23,80,141,114,43,-141,-13,-37,150,-88,86,63,-91,176,100,37,144,61,67,-9,34,33,91,96,18,77,-26,9,-42,61,-4,45,50,17,54,19,1,-42,3,131,-60,114,-55,-51,-61,-46,8,37,-56,124,-30,160,100
8,69,-8,45,72,140,-48,3,-11,-82,-62,0,-54,-38,17,-52,23,80,49,91,-44,96,-37,12,12,129,-43,-5,14,50,63,148,-71,68,30,87,-9,23,31,69,36,-21,-79,-120,36,56,33,-90,46,26,10,-62,128,-28,30,-23,211,-161,-3,53,-57,-68,15,47,77,26,52,-63,-34,37,91,98,-6,8,-76,-37,-68,-43,-44
77,-13,-16,-140,-1,22,-15,-61,90,26,45,6,-22,93,35,103,21,-34,29,74,16,-136,70,16,-43,36,-75,55,-15,111,73,4,95,24,88,-78,-51,11,-13,-40,73,26,-29,88,-4,-90,-32,46,-4,60,5,-23,101,77,-90,-22,-13,56,66,-19,86,85,-24,-1,-181,-54,18,-82,-158,0,-21,-97,-123,17,-51,160,-35,-7,138
102,42,98,40,128,-74,28,-34,191,76,145,130,140,71,-40,134,29,177,110,6,15,72,-40,73,-22,193,91,38,-33,105,41,64,119,52,-60,24,20,80,-21,-84,73,-68,106,138,0,27,114,63,-83,43,30,128,143,-3,30,-134,99,-59,-98,-26,-74,83,57,67,-53,123,11,34,33,98,64,68,-32,178,120,-7,7,18,24
-12,55,-44,-17,70,-5,82,62,96,23,83,78,107,25,144,168,92,-11,72,11,65,65,98,-43,3,-41,-6,11,-31,-20,10,148,-13,140,0,61,55,-3,69,57,-65,98,-48,-82,29,-76,-6,-61,106,171,70,188,6,-74,-35,52,108,-10,42,58,93,20,147,28,128,36,20,36,-17,-72,-33,71,2,205,55,16,-52,-36,-24
173,74,88,-156,-54,25,38,-32,75,-41,25,64,52,-26,-21,91,79,152,-33,44,-59,-104,-3,-22,-9,-45,99,-74,-107,15,72,3,126,-59,-107,78,-12,14,3,33,-55,19,83,22,52,-69,45,110,124,66,193,-22,1,116,-17,-5,138,-26,-89,-95,29,-71,65,61,-92,38,-60,5,-35,78,8,67,-4,73,100,-3,-111,42,-41
-38,130,68,31,-87,-64,123,7,17,42,64,32,167,6,67,111,19,-71,27,-9,101,-4,-95,63,-32,-51,312,39,-43,95,-1,132,36,154,-77,114,2,-155,88,1,-26,50,78,-31,20,94,101,-64,67,146,27,-22,-11,42,83,-62,36,-103,-61,15,-122,-17,-95,4,132,106,51,-9,11,24,68,-27,-72,46,24,-3,-60,-106,25
76,-34,-13,37,61,169,8,113,19,-118,102,166,-35,10,-84,-78,39,118,-56,134,22,-6,22,4,-41,-84,-15,23,-3,14,69,101,-21,-135,72,32,-32,4,-57,-81,42,34,69,103,145,-8,-75,19,90,18,138,-78,18,42,-26,33,63,47,39,-6,-26,-1,55,1,82,25,3,115,42,16,13,128,2,-29,-54,84,-10,-43,87
-62,-12,44,22,-84,-61,67,-75,10,126,112,71,57,101,78,179,-67,21,72,-87,7,-11,40,24,69,57,146,-78,-10,142,159,12,102,178,-53,18,60,4,16,-53,51,-186,-11,83,-36,36,25,-53,-24,75,-70,91,-26,-112,-99,-83,63,15,-72,53,-50,-9,92,17,70,-96,-59,-16,-19,59,-67,124,-65,89,66,57,3,-31,37
-47,-20,18,-92,1,129,19,42,133,16,-19,-7,-117,13,191,66,71,131,71,23,-67,-6,34,54,-111,75,74,40,2,9,137,249,9,97,-57,26,126,28,-37,-15,46,-76,-11,94,32,33,-31,-87,94,44,-27,114,1,-42,57,-36,112,124,33,100,155,30,-6,133,88,37,101,86,143,-54,78,77,-23,244,23,58,-69,-69,-20
2,-26,29,-12,31,40,50,-28,121,-91,82,91,-20,-49,59,175,48,151,-21,-21,75,77,-33,9,-67,5,-37,18,-21,219,102,9,-26,69,69,-109,52,18,59,33,-76,-146,-76,137,-49,-82,-61,29,10,85,57,8,15,-65,-100,-22,-5,92,40,-72,180,-24,76,118,24,-5,64,-52,8,48,-12,70,106,63,7,42,124,28,-35
-30,-23,98,104,-91,39,-51,-66,39,41,180,68,-74,5,-8,110,189,-88,0,82,-60,130,101,-12,-115,-32,82,46,29,-3,-1,110,-20,36,-17,-4,-120,31,23,26,67,-27,14,5,-17,53,-199,2,61,72,-116,110,58,14,-98,4,129,59,-44,201,29,-1,-22,66,-34,33,29,-35,-19,-19,-44,94,65,33,-60,39,-60,-54,42
92,74,-60,-40,-122,-88,-27,-78,43,129,-55,29,-53,85,72,166,-4,-136,79,-2,-77,-6,70,-42,87,-11,-79,66,-132,134,-10,32,77,-103,-57,-37,47,-44,-50,-190,96,-7,31,27,49,-41,3,58,-115,-8,-53,-62,-42,-64,-87,39,10,-171,156,-2,-33,-18,3,29,91,-108,-35,-69,29,-40,-55,75,142,-52,30,46,37,-20,18
70,-16,-14,123,4,104,96,48,20,50,58,-166,-83,-76,2,44,49,-108,103,-25,-89,24,62,51,62,-80,-81,13,84,-33,129,-87,34,64,57,-107,14,227,-96,8,17,-151,-27,160,64,-109,-7,16,175,144,40,-6,-31,-85,-30,-8,80,43,74,19,89,133,253,-88,49,-44,-94,19,86,30,55,112,4,62,-94,69,78,41,150
64,-242,77,30,16,-47,84,59,-95,-62,114,135,47,95,76,36,35,0,149,-125,84,-51,121,33,0,130,45,-25,108,193,76,-116,31,-52,6,-27,-39,48,-36,120,212,-89,128,-23,110,-190,64,-12,77,166,45,7,-33,135,19,-52,199,2,-2,12,49,-49,144,117,25,83,-10,-26,-2,182,-60,14,-41,-37,148,22,-104,54,27
43,2,62,54,76,7,-155,153,200,134,-84,88,1,74,68,-58,38,14,25,41,-8,-23,99,61,-54,80,-13,18,-38,54,21,156,41,71,-77,128,-27,22,-92,-61,101,57,31,83,55,76,29,-29,-20,80,-26,18,209,-48,8,-101,45,8,36,32,33,-111,123,23,-16,113,64,72,156,-13,-80,148,24,73,42,12,-83,-74,-2
90,0,123,97,66,71,175,50,122,84,123,79,120,73,81,22,105,80,30,131,22,-28,-8,76,13,161,-36,66,11,99,102,64,147,-3,25,-40,53,168,-94,47,90,-74,65,72,119,19,89,66,99,173,50,87,24,62,79,86,143,121,-26,121,27,136,175,84,12,-103,135,-8,119,179,49,58,-47,201,75,166,41,-69,33
14,-75,55,141,93,80,124,27,61,-138,102,56,106,-10,80,73,75,185,-36,59,140,152,50,-17,196,-2,80,10,-59,73,64,-18,9,48,3,11,20,163,46,215,119,-10,-74,130,23,26,-5,-103,105,125,83,156,-159,146,204,120,75,2,51,97,65,-30,43,74,-100,78,62,156,158,29,50,1,-30,142,128,-142,120,12,139
-5,-44,57,-29,21,-23,9,-3,86,-15,-19,9,-121,-30,101,69,-27,62,-37,114,59,-51,-120,-59,23,-115,94,139,66,143,-37,71,-104,-19,5,-7,19,78,17,44,44,-64,89,-101,68,-20,-134,7,-14,31,-59,-30,-50,-52,-40,52,-70,42,-122,123,57,105,20,83,-69,-21,86,143,73,-50,86,57,102,49,-86,-41,120,-72,6
