122,-63,-90,41,64,-19,-9,115,67,21,57,18,28,-79,9,132,-86,141,-180,-5,-24,14,20,-10,-18,-15,-185,-88,-64,128,-74,8,-30,86,17,-27,13,36,-29,-30,-16,63,-171,90,70,-3,105,92,130,103,198,-98,96,97,6,-1,48,-27,75,-50,120,114,-6,-14,136,76,-46,63,8,73,59,43,43,-135,114,-102,98,-9,113,-63,50,-12,6,-73,138,166,69,21,-18,-46,-135,-252,110,-123,-132,-56,-23,-29,65,87,-91,-55,-24,-16,-61,-36,-62,7,-38,-75,3,-16,13,-68,140,83,19,18,46,81,144,115,86,30,86,-17,-190,-53,-52,-63,-112
114,94,44,76,47,-274,15,-93,5,-207,122,12,-24,161,-8,87,-49,0,-15,-111,130,51,-2,0,-17,215,112,-23,28,-6,137,-134,31,24,13,56,-13,-71,-49,240,80,-32,-47,-78,-36,-2,14,126,34,-63,-105,-27,-43,-35,185,76,-91,92,-151,109,104,98,36,-8,40,64,77,5,177,47,53,218,9,115,107,-67,23,50,76,161,-38,61,33,345,-33,19,-142,66,-3,168,61,35,102,253,126,257,54,66,-105,61,-177,-135,38,-3,-1,-37,-272,-89,-92,-92,87,69,-19,-71,128,49,9,-32,-107,188,24,-38,32,26,-47,43,58,44,52,0,14
36,117,17,-39,42,-3,48,105,34,109,-7,14,57,132,56,32,136,86,-112,62,18,124,64,-90,-57,-12,86,67,-2,-167,-116,108,66,96,71,22,79,-25,103,112,24,42,76,42,-13,125,66,112,39,-7,118,-117,194,110,69,65,-113,163,-89,-31,32,-16,63,120,99,61,-49,-1,-16,-38,144,16,-143,3,-5,-54,-89,-28,10,-23,-38,59,147,-104,41,-31,39,-159,118,56,-2,1,173,60,-115,60,19,10,-162,-108,-155,-41,53,-11,-105,-84,-37,-5,-145,35,177,3,-48,164,71,1,67,116,-134,99,57,-38,102,-76,-142,-7,83,-133,32,-80,45
-79,-39,-45,18,-66,-12,245,-135,-174,-25,12,14,15,-10,50,-82,40,-92,10,56,-4,-168,23,-27,127,88,-5,-98,175,-138,-127,-139,-39,115,26,78,-97,-100,86,-59,39,94,-4,110,72,-8,-81,16,87,61,-89,-29,21,267,-13,-43,-96,-76,68,64,-6,20,-27,91,-2,-85,1,-68,18,130,157,-52,18,-171,-20,98,-42,38,8,-27,31,-46,21,-133,-63,-53,-63,-13,6,-155,213,-175,-17,120,86,-214,113,227,44,72,70,-15,79,-1,9,-107,-78,64,65,-25,12,59,-20,32,-30,-31,-11,-14,-31,-31,19,-58,39,-21,-42,-7,93,-44,-8,-37,9
50,31,177,-71,39,244,82,15,32,236,115,41,203,19,-9,-4,264,79,30,-9,-26,24,139,31,36,139,-54,112,-37,63,100,117,66,-38,-133,138,22,138,-55,136,83,-89,0,294,37,-45,16,-43,14,242,-11,20,54,-126,90,15,32,-47,20,-32,132,-41,341,33,217,-48,69,-39,-46,27,-54,104,105,182,107,-101,113,158,-37,-38,40,33,55,-61,109,-22,-106,-18,87,-102,59,-116,-75,-134,-128,35,-27,-53,66,117,-148,30,174,263,278,-28,-87,-204,-85,-116,-101,-46,109,115,-324,1,98,-42,27,-34,126,74,19,244,-27,-152,139,50,-57,-44,-65
131,8,-87,59,95,-32,91,6,-13,0,27,38,-15,-96,-62,41,-2,11,53,88,16,29,25,195,14,-52,1,41,163,59,42,35,-99,52,91,81,86,-58,58,192,-88,-44,92,-52,-2,-104,27,68,97,95,149,-97,108,109,69,-103,73,-113,71,73,-37,88,-195,116,75,73,-195,89,106,10,46,123,142,40,-2,-83,-18,36,23,26,29,-60,-58,-47,137,31,-8,76,-99,-37,68,-54,137,-19,111,-115,-10,144,184,79,55,16,-64,-15,145,-29,13,-60,169,22,-81,41,147,130,135,-7,-35,134,249,5,-18,1,188,-75,230,-55,58,117,35,-30,-38
-143,25,-39,179,0,85,100,-61,-21,166,93,130,-120,45,-32,-46,-21,-67,108,61,-31,88,151,136,54,-136,-214,157,-96,41,-90,132,-12,72,-52,-67,-138,72,73,87,69,-29,-26,73,-29,-89,-62,-111,-22,40,-16,-61,-57,-22,1,237,100,138,-22,-71,57,132,-75,-132,38,-28,-40,8,43,-36,69,-31,20,166,-30,133,176,30,-72,-11,-13,20,-86,-121,149,-56,94,128,-57,-253,70,42,-29,-5,84,-112,-238,-106,-70,94,-22,213,-57,37,-93,-37,-41,10,-58,80,79,-60,-30,-15,-65,-64,147,28,38,-158,55,38,102,25,123,90,37,-126,42,118,-139
186,-11,7,31,175,-140,46,111,151,-41,175,110,118,49,29,-53,59,-43,100,-40,-26,141,46,45,159,110,77,-24,-70,-7,96,114,-11,93,66,-23,-10,142,70,-12,-38,72,-37,93,104,-107,-42,-30,-4,-49,103,16,-125,-28,-21,-168,117,112,-75,55,-89,-51,10,69,97,-27,-16,-150,119,-3,-115,101,-50,197,-9,-45,-59,-92,-159,-33,-53,151,164,-93,36,50,-18,181,-45,-100,38,90,66,-61,-18,-181,82,-91,-21,-178,-87,73,-99,147,-23,11,-21,24,-39,-40,-18,-1,-25,-124,-22,102,114,-50,166,-158,173,1,184,-138,3,-25,28,65,-159,22,24
7,82,-80,-76,119,-116,120,24,63,14,8,-21,116,118,-100,43,139,52,-172,-81,237,21,-101,69,149,119,-31,-3,51,60,163,-3,-95,21,-48,-9,160,137,114,48,210,-59,26,15,-22,54,37,44,-4,-33,-24,139,111,75,-25,-141,-131,52,80,94,41,86,-200,-54,-26,-41,49,23,25,17,-11,-55,147,11,-96,222,-184,-89,84,-22,63,-4,124,63,-123,141,-75,-37,24,46,-8,-81,-100,-11,-115,55,57,-121,-20,131,-59,37,37,116,-8,21,-10,18,-172,70,40,-147,28,-114,11,160,-117,76,-14,-47,-85,64,98,128,-222,-181,-43,130,-20,-179,-46
-82,167,150,66,132,10,-133,139,-13,21,-221,111,55,143,-61,18,214,34,-36,-63,149,66,56,-39,56,219,133,0,-88,118,-58,164,-62,41,-44,68,49,25,45,-5,4,13,-83,-69,-89,-149,-24,244,87,-2,-18,188,15,44,25,11,-24,-43,-122,51,-19,-159,-230,-15,194,-41,-132,96,-21,68,-72,332,168,-8,-83,-10,91,30,119,84,89,-20,-106,-201,145,-34,101,-16,115,23,73,-39,16,88,-150,-97,260,217,201,65,41,107,49,50,-214,41,-116,14,9,-11,166,26,171,81,34,17,-97,-12,204,122,28,-5,34,-191,1,87,-16,-39,-43,13,-34
49,45,97,16,29,158,38,176,52,23,-17,39,27,145,59,2,160,31,40,149,92,67,8,49,112,-8,93,124,93,40,-68,28,-92,232,20,-88,183,119,8,118,141,34,139,118,-92,33,-79,179,41,56,23,-4,-82,116,160,-3,-49,-158,161,90,85,-21,9,-46,64,-11,-44,-19,-100,-16,26,-95,-1,25,-10,180,84,88,107,155,67,147,22,49,-157,116,-17,251,44,-80,113,109,-98,-3,-1,174,44,7,-1,121,119,23,34,-113,65,0,71,-23,56,41,23,-120,59,-74,117,209,-83,-85,94,128,-51,64,11,193,132,119,54,117,6,100,-97
-21,94,-5,102,130,-14,69,13,181,-91,77,75,82,32,11,-77,183,-54,58,137,69,15,23,-73,173,76,144,44,54,-151,59,-71,196,7,-27,20,99,-28,-106,-106,10,99,-15,24,42,-61,65,161,197,144,115,-14,8,31,81,-95,-68,-210,14,127,-83,-192,21,162,39,90,-26,-176,257,150,-124,-155,66,-51,61,70,-134,-111,67,47,-44,22,67,-36,80,-12,12,95,-42,-59,30,-36,13,128,-66,13,-15,40,38,18,61,-40,222,-35,90,183,95,-57,-173,156,-45,-116,-13,-67,10,70,-147,-74,151,212,-79,97,-6,-43,199,-86,-34,116,-139,-98,70
51,48,-20,-41,37,16,-35,58,105,116,26,191,-198,30,-99,-11,50,-110,-111,-3,41,28,-74,-6,318,108,85,-11,3,141,-34,153,-57,71,39,94,4,167,137,121,60,-64,-27,17,-99,-84,151,-103,216,59,96,-6,25,-19,-30,233,-70,125,-30,214,114,116,-6,-120,170,-39,-47,148,-30,-86,-80,77,5,-66,45,149,-40,24,40,-23,112,30,39,120,9,-37,95,-20,100,35,-79,123,59,261,114,-86,-116,5,-67,18,-26,-41,-58,48,-42,-118,155,104,-15,79,-17,161,24,15,11,-104,62,-146,69,53,82,-71,9,51,44,-99,-130,142,135,-27,195
98,154,99,66,288,-72,-33,109,101,126,132,96,32,34,-35,192,-20,193,-196,137,85,88,178,-64,43,276,-55,-103,39,192,150,143,25,141,-24,-66,189,211,-10,203,143,-105,-80,-75,61,-74,8,158,75,83,78,-16,44,2,19,23,90,-61,176,19,7,93,-76,-88,124,27,97,109,64,-48,-28,238,-140,134,52,21,162,83,240,225,216,122,-6,17,44,-10,214,-54,129,32,-72,-10,2,28,98,-34,113,160,82,173,56,6,105,63,-126,69,-80,11,-146,-98,66,32,171,-23,-24,181,110,25,97,362,66,6,136,-52,144,214,-24,111,96,-168,-146
-128,66,15,149,-150,119,-5,-37,79,65,180,206,158,-18,22,105,-93,8,-57,87,157,25,82,-66,31,-71,-17,-49,-1,13,40,92,-89,66,98,47,92,248,19,166,67,135,86,125,12,-12,87,30,-46,-12,66,140,-15,58,-72,-4,224,-57,142,-91,91,136,48,-10,121,62,188,225,96,64,-50,112,160,76,189,-12,153,93,-25,57,84,-72,6,23,35,-44,-4,1,18,-60,-25,-47,-132,55,-85,44,7,27,177,169,-24,270,44,146,24,57,26,95,35,67,32,-159,67,5,5,40,81,2,90,118,64,114,12,20,-28,79,89,131,-33,-69,65
14,101,57,-33,1,-81,-269,10,-125,244,86,33,99,-186,38,178,51,130,-106,41,35,-6,10,36,120,42,-129,-119,142,127,-38,39,119,162,-44,-46,9,257,73,43,176,56,-101,-38,96,55,29,212,33,-91,-17,81,87,61,-27,-166,13,3,-28,68,-54,-87,-34,-20,22,-111,2,-75,106,116,-54,229,38,26,2,-1,71,-30,-70,25,151,38,-29,128,153,27,31,-125,44,10,-71,2,48,107,166,-69,21,81,82,-79,-156,105,161,-17,96,30,-88,-18,91,14,15,48,60,151,-40,-45,-25,-40,-13,-33,100,-61,-11,-40,126,65,-60,36,85,-69,188
44,163,290,132,128,66,-125,156,13,39,-5,22,149,163,-138,59,233,149,21,1,-29,106,-56,-2,271,265,70,126,85,-10,133,118,187,-51,78,175,330,63,-27,104,58,135,-164,104,108,83,42,-8,-80,75,-73,69,66,-33,254,16,-85,-34,-101,241,92,-55,-2,-81,295,56,36,-28,115,-38,-26,202,92,178,64,-106,-75,71,82,109,24,-17,194,34,-70,102,-85,119,147,106,56,-40,-21,19,-19,39,116,76,111,53,-62,191,146,138,47,47,-12,3,45,-19,114,-2,146,201,-90,96,36,43,73,-13,-49,-38,19,116,-51,-6,-14,104,181,-6,183
163,183,117,176,94,175,72,176,78,191,-3,80,-29,61,30,-47,107,142,82,14,75,56,-5,-131,17,-43,81,-35,-81,-9,118,242,-4,43,194,-58,185,67,-132,167,13,42,140,-36,-75,-102,66,0,-4,80,23,15,-23,13,114,269,137,178,107,145,167,124,136,6,103,134,78,-23,6,7,-93,19,104,128,84,29,22,72,-53,-1,-242,-15,57,-121,80,-11,48,79,51,-63,-37,106,119,65,-56,39,22,102,73,43,4,100,24,116,8,-165,-89,15,-21,151,-110,-47,45,29,89,130,-80,29,186,60,-42,376,51,124,86,134,109,-130,220,1,-125
-116,-10,177,273,4,50,65,270,-16,272,-123,56,238,62,131,72,84,36,174,14,7,-80,312,-168,-41,113,207,29,-17,4,-296,107,217,79,245,159,108,75,148,154,-173,145,24,-99,27,133,50,-18,115,-149,1,114,-16,-83,157,-133,-115,-134,32,175,50,-110,24,85,123,-79,222,-215,133,-105,170,149,-4,143,-56,90,65,55,100,2,-26,-37,42,159,60,120,-4,-30,59,-99,115,39,19,92,-34,55,29,-24,14,-118,-8,9,42,45,102,-51,-50,-76,14,56,52,18,163,121,-197,-89,174,-32,33,-56,17,218,39,-7,-121,96,253,-62,213,-9,-103
44,11,177,171,2,7,110,-115,-103,-95,183,125,-3,54,40,61,5,77,4,11,30,-88,129,19,157,-40,10,-54,-99,-29,89,-57,97,42,33,-18,-58,133,150,32,63,70,-56,-125,75,-20,64,-228,89,-40,20,30,-157,-78,52,83,-44,43,113,-20,49,34,-36,-4,162,-26,-7,35,145,57,7,-75,-148,107,-81,61,54,189,-10,44,-48,23,76,-2,106,0,102,97,150,4,-13,-13,9,-5,5,-26,-31,-100,94,-60,-52,15,86,67,-27,3,7,6,-123,71,-5,104,72,-62,-7,69,-82,-51,81,42,65,95,-25,-69,-39,60,-73,-146,186,-80,133
12,-29,48,-33,96,-170,32,108,21,17,101,-145,-34,-132,-18,-93,-196,152,-48,-10,41,144,-23,38,-121,25,-126,-71,206,21,-175,27,-46,60,26,19,75,122,35,-41,24,78,55,-67,25,-6,-80,115,-212,43,62,3,70,13,-30,-110,44,-19,-83,-15,110,44,-244,99,43,22,-67,-147,79,125,71,43,-68,180,50,163,-67,13,-34,-68,52,45,-11,-64,127,70,121,28,-75,159,-8,8,105,120,-57,112,-124,173,95,35,-151,116,48,-11,-50,82,123,-51,259,-20,-49,-17,-197,4,-5,5,70,-20,-72,79,28,103,-3,-73,133,88,-75,195,108,-24,125
16,-33,20,-23,135,-52,24,-50,116,-38,91,-41,127,50,-24,8,-3,17,-53,-17,-59,-126,135,120,7,52,-16,-40,234,-143,40,-14,-118,-45,35,12,64,-170,-106,-76,-3,-53,-45,76,-48,87,24,167,-164,102,219,-8,-25,243,-83,-114,-23,-95,40,-18,35,-49,-113,34,80,-209,-52,-52,28,145,-75,-75,-102,23,8,-40,3,-130,47,-31,64,-44,-20,81,-13,38,211,-1,138,90,107,-39,-5,17,-215,-42,129,43,359,112,-43,17,184,-24,26,270,-211,129,-80,-186,-51,-31,-92,22,-11,101,-106,15,-45,182,-29,-179,64,76,-111,-4,-23,68,-6,28,135
-96,63,21,66,0,-22,-129,34,95,-19,-49,-100,39,-35,9,74,92,-3,-14,-142,-16,-111,-36,-36,-55,50,-23,-4,-8,53,30,36,-72,2,57,151,150,8,-41,-76,8,131,95,28,178,14,83,68,65,104,-72,54,6,-15,233,-49,10,124,61,-110,-71,49,161,91,-10,182,53,19,72,157,-29,9,246,49,177,8,-125,-54,3,95,-107,-53,118,-18,8,-21,-167,23,-45,90,24,-77,-84,100,51,55,100,-109,-46,-75,55,-106,83,47,272,63,35,-84,-112,147,-107,-50,-59,5,-55,195,155,111,141,145,112,104,-10,152,93,14,-29,-12,-35,175,91
128,86,40,36,162,76,-60,58,26,67,27,-61,-76,274,-39,118,-33,199,228,95,93,130,65,30,62,181,23,-196,26,191,-10,128,-88,79,21,47,255,133,178,157,49,134,-110,-60,-10,34,161,77,92,-5,25,7,95,-77,148,25,41,-82,47,107,190,181,29,29,217,176,5,18,-115,-121,45,51,149,49,-149,141,-28,92,207,71,142,-138,-82,118,80,41,0,122,101,174,62,-160,-3,21,65,11,70,113,-12,47,24,-36,-29,222,-12,17,142,225,-38,82,130,-73,239,199,142,113,-142,-128,-35,61,-58,125,91,249,-59,65,1,12,138,11,98
104,111,-85,168,-93,116,166,189,80,63,37,63,70,42,97,140,43,-25,20,5,13,244,166,89,96,153,-83,3,10,109,207,91,-61,74,-26,-71,78,-40,95,104,25,73,103,50,115,-40,-146,-120,-24,117,-36,-45,227,149,74,145,199,-30,180,49,177,145,-12,-55,67,134,130,322,4,3,76,-42,37,132,33,43,-111,183,187,218,57,45,64,19,83,65,144,83,35,95,94,-92,-37,-110,-16,92,69,43,81,20,-6,115,-46,34,20,-261,-26,85,-63,19,77,-32,63,189,2,-23,-33,56,131,39,-181,9,-37,227,-54,-83,153,-58,-171,-25,-20
-79,-22,106,81,-90,2,-8,-80,60,106,-50,87,117,82,-10,120,100,-67,-45,-111,-102,36,151,135,20,-3,-119,24,16,133,16,201,-8,66,15,119,32,118,-2,41,76,243,-197,171,159,79,78,24,-68,-8,-127,26,-146,-54,41,75,26,-29,106,-86,45,84,20,44,-31,23,53,30,-52,-57,1,22,176,42,98,37,6,-29,40,54,97,-32,-55,-9,-94,83,-6,-102,-64,127,13,-6,53,-166,30,29,-175,-155,6,-66,85,-16,-88,45,-2,34,9,-103,14,-186,8,-20,27,27,-96,99,-32,38,108,-9,-63,43,-56,77,69,46,-61,147,108,-68,93
-124,134,-68,-90,-39,68,44,23,116,-253,30,-35,-96,-10,54,63,-19,106,26,48,148,-124,-49,85,-29,17,7,32,-26,3,9,-180,-281,170,-47,-102,11,177,-65,60,26,-67,-38,107,19,-58,-44,116,51,57,-43,5,-19,52,178,74,51,-42,35,51,-109,115,98,-77,159,-11,41,36,4,-45,26,97,116,-219,104,-62,71,36,-132,28,100,96,122,-96,-58,-114,-62,-118,-60,40,-17,-192,-22,3,12,-13,38,-16,-8,98,-51,-2,-121,-162,12,-31,20,2,133,-10,113,97,2,86,-118,139,-49,-65,-67,207,28,-12,29,-52,56,-98,-155,-23,83,9,11
94,65,251,-35,216,-33,-114,189,95,43,30,60,12,102,107,149,-37,184,-10,49,-120,142,55,39,6,-21,144,-76,-16,48,-11,19,72,-62,56,75,73,70,-160,88,-27,27,-44,152,149,81,117,-64,-137,-53,38,-104,-48,-90,-43,57,69,4,6,39,44,165,122,119,126,23,168,-2,50,-22,76,98,-17,166,26,-51,-116,-53,38,16,-88,63,240,125,-136,-46,77,70,-89,233,-49,-96,137,85,-40,44,-33,-40,76,-56,-14,-43,42,-38,-148,235,74,-14,142,-165,8,-6,105,64,43,22,160,182,163,12,2,0,-205,-116,8,34,53,-78,148,14,-11
-9,15,102,-13,-24,17,115,-72,-5,-110,39,-27,-73,-120,-54,-13,-63,183,-66,160,-34,-31,-196,251,-43,-66,-24,32,28,192,105,-85,-155,22,33,-156,21,48,8,58,121,-27,-57,-60,101,-49,-54,-67,-31,-17,37,-45,5,21,31,98,40,73,-104,73,24,168,-42,4,-144,-51,-48,-60,-12,65,160,189,-158,49,-116,-1,90,-89,109,-3,125,13,-112,-21,73,50,-19,-81,-85,26,-44,-99,-112,41,35,99,-60,29,-49,123,24,-153,-40,2,-30,-145,135,64,-8,114,75,-31,61,77,79,180,-33,109,-16,-111,23,55,16,-62,144,3,73,28,16,-137,-19
62,103,11,110,-154,-7,35,1,271,41,-42,48,53,114,129,-78,-124,8,13,59,-167,69,70,35,-74,1,56,-155,125,-156,25,113,-31,146,21,75,31,-39,34,89,4,43,-73,109,123,-41,44,33,-55,84,-121,150,-91,40,70,58,49,-126,-22,36,121,55,127,70,158,46,-23,68,7,-41,111,78,54,-42,200,-12,-43,23,-7,148,56,-124,135,163,151,-80,192,90,-11,108,-39,-44,148,-58,-94,227,-71,-93,-32,-30,11,-35,84,-154,64,23,-6,131,52,-240,31,192,68,163,101,118,-3,-26,-1,113,-125,21,-72,35,-29,-21,92,57,74,51,94
19,114,46,-48,344,-73,-93,253,91,-31,44,17,80,64,-42,-169,54,41,160,38,269,-111,101,-76,76,134,83,65,61,19,-86,50,11,-69,-92,-61,65,76,8,0,-90,-90,131,-35,-16,-19,117,90,118,-38,121,111,-37,5,2,-36,-136,-124,257,40,-3,-61,26,-26,-10,-94,53,-246,133,-85,6,14,-75,134,80,-35,99,-21,-47,-101,-112,115,-59,171,-29,133,146,70,123,-6,27,77,-45,319,-35,-79,76,114,102,21,57,40,205,111,111,128,-41,-107,-61,-72,-117,36,127,139,-197,-109,-19,-58,-64,-82,-105,48,22,-63,115,25,177,85,-119,158,-20
21,183,68,99,111,-77,-202,77,68,120,151,36,112,205,63,176,-34,-20,28,43,-28,242,-18,-10,35,116,-53,72,89,66,268,270,163,49,88,192,263,129,213,84,-36,39,9,13,79,189,171,-49,-33,30,-44,-50,76,113,169,-38,-23,97,69,1,63,88,34,59,8,172,41,7,129,-1,116,101,104,132,-46,90,-68,-47,204,100,61,-18,90,113,3,65,40,165,132,142,94,-86,144,120,-121,173,-13,-63,54,70,-6,-59,100,-101,95,-100,54,-145,54,52,-46,-12,113,101,120,117,-89,101,-9,164,-130,11,-78,289,1,-82,49,208,163,-107,56
104,195,48,44,101,-147,23,-67,-100,148,165,181,124,36,-89,18,118,-24,68,-149,3,-59,18,-161,7,16,37,-122,-127,110,220,249,153,50,139,18,-31,-38,95,202,-29,28,-77,-65,37,49,66,55,-32,-106,-26,-83,-69,-11,-117,49,-155,103,-131,10,175,22,-3,47,-154,52,15,-57,-80,-69,-29,135,-157,-22,-18,-102,-61,61,-12,72,-168,92,-185,55,-132,20,-71,75,3,-84,59,0,-19,-40,-154,134,-107,50,91,-43,2,12,-52,-60,-74,-119,-6,-92,-52,35,-129,-18,-104,-17,-3,130,-178,59,-135,-64,-139,133,92,96,-106,4,89,179,9,-183,-49
-16,8,-6,93,90,-4,-33,65,100,141,-91,93,203,40,-36,-137,74,-35,138,168,-127,-123,-119,-112,59,0,196,-21,269,-82,89,19,-23,219,0,-98,-31,52,-14,193,85,-45,106,152,205,243,120,30,-45,-72,86,167,-207,180,-186,-48,-74,55,-8,163,49,164,168,154,139,-31,116,31,-24,42,183,-36,53,-77,24,56,-69,-133,45,48,128,-12,217,18,133,139,114,54,-7,9,110,-9,-289,288,111,11,-30,-73,32,28,46,9,-26,50,235,74,103,43,38,3,21,23,-9,195,82,-36,52,-51,193,-193,128,-119,-8,88,-84,-144,155,-50,160,64,253
46,274,-64,-11,86,115,-68,232,-15,164,181,14,76,17,128,28,3,114,176,255,192,91,63,-121,65,63,-130,-13,100,65,-5,-55,20,71,206,-29,20,216,215,146,-7,16,169,32,55,150,99,96,56,56,53,97,188,107,78,97,126,-104,273,183,21,91,40,92,206,-95,88,38,34,88,-3,-1,168,-60,6,188,100,-27,174,11,139,42,121,138,131,164,106,72,143,23,-89,-12,-64,242,-24,35,63,97,165,140,-57,-14,-132,57,281,-4,76,41,-169,147,-39,-10,71,135,-85,186,110,71,-58,140,67,30,46,84,218,-10,18,42,-5,26,59
-13,23,233,29,79,-81,52,65,-38,128,20,14,67,160,-44,-5,108,74,78,-48,105,-39,1,35,158,237,-22,-238,-17,293,66,179,88,97,125,63,282,108,63,196,178,188,59,50,100,74,81,72,52,-6,85,-6,-86,-7,224,67,-245,-178,-81,198,27,126,-17,236,7,26,-19,-52,117,182,106,242,-5,40,-32,12,55,208,86,144,-140,3,-18,169,-109,-43,119,23,83,-88,182,67,70,143,50,134,-149,-32,-125,53,219,18,86,32,194,0,28,-17,47,143,8,4,106,-85,47,139,46,28,-93,-37,-51,12,62,108,-21,66,182,241,153,101,31
6,-102,-83,86,110,159,256,2,107,215,129,75,84,-4,57,76,162,87,22,174,107,62,-30,15,139,150,61,21,83,62,267,147,0,-33,17,-130,70,294,-54,128,208,29,184,10,64,-14,-42,-97,45,102,151,35,-73,7,190,132,8,-165,226,178,-53,49,-51,88,55,5,-56,117,120,110,32,35,65,-25,4,165,102,-78,181,-74,122,6,144,193,49,17,192,15,111,-122,78,122,55,25,-59,-68,56,-23,4,129,8,102,-4,71,336,106,43,-6,-105,46,-48,-58,186,-100,56,149,-17,-5,3,63,-32,46,49,86,153,13,85,73,21,79,-69
0,-15,63,76,61,30,44,147,76,209,11,64,186,101,34,15,82,216,190,169,-1,137,255,113,-39,-47,60,-14,-2,121,68,250,-44,159,7,134,168,162,40,80,202,142,-17,103,277,-6,-74,20,155,-73,-118,290,51,128,70,-46,83,107,75,82,66,50,57,36,225,108,-70,136,-10,147,194,198,167,-152,125,-85,-86,60,-25,57,5,-105,45,-151,215,-34,169,105,119,1,154,-136,51,35,93,-14,14,12,110,171,-7,26,53,101,132,85,8,66,4,162,59,84,173,253,-19,140,-70,36,86,44,-46,79,117,-10,55,-14,91,83,202,185,62
-125,-102,158,-82,124,32,44,101,-35,-6,-4,37,13,-3,-58,54,-167,111,54,114,68,102,130,109,41,138,-44,28,76,136,-109,60,30,38,-46,76,90,-33,-9,-63,159,-53,114,-75,47,33,5,235,-105,-112,14,131,235,-12,169,14,64,-1,101,-96,10,-2,-150,7,93,-211,175,90,1,38,157,211,-10,181,-1,111,170,228,36,-36,119,-82,-20,40,103,-139,131,58,134,-81,-119,83,67,98,-94,117,148,-15,48,61,156,-54,22,236,52,-1,53,-103,127,-9,-7,8,127,-67,-115,55,159,-167,137,50,14,-84,-65,8,-86,88,-3,5,18,-85,-74
-20,-23,97,158,109,-134,109,58,159,-181,-23,-61,129,8,-2,96,59,45,93,68,34,143,-22,84,70,-44,79,-109,14,39,14,-86,-126,30,116,19,101,65,104,45,44,173,-138,73,114,-90,79,-109,67,-67,148,9,-7,44,223,79,116,-105,62,177,112,55,18,30,155,127,-19,2,190,43,56,136,-4,-33,-198,-107,-17,40,27,-121,20,78,-80,11,89,-54,109,-59,87,130,115,-205,50,138,-56,-180,11,243,-69,12,104,-69,-27,141,37,121,0,34,95,87,80,-126,65,140,132,20,-10,-95,76,-66,-18,51,-94,-123,137,123,-49,-75,59,58,82
100,259,117,69,-110,-32,-150,104,173,19,128,-30,74,118,77,37,-18,127,24,-139,7,38,176,-64,-82,-19,-56,159,-14,79,-23,-39,-57,-27,26,166,58,191,-46,114,-29,87,-88,32,-139,191,165,34,-85,48,-37,-3,-1,146,61,180,14,76,128,54,93,86,96,60,209,5,-79,115,147,135,121,18,157,75,135,63,88,-6,96,173,53,82,153,233,-45,30,27,157,117,88,-87,-39,10,-47,-117,96,-4,9,201,124,-117,108,-205,-48,-36,153,-129,39,3,87,-137,-61,102,75,39,215,-3,158,-15,266,-14,-155,101,140,219,104,-34,106,266,-43,115
-140,66,95,58,-29,80,31,80,-39,16,110,111,25,11,-49,150,171,125,-81,110,236,-46,-6,-22,190,187,57,139,-102,-18,56,6,-20,70,47,151,4,384,147,94,12,178,36,13,98,122,29,-131,-143,127,274,-69,21,-184,251,63,-49,-58,224,32,91,66,131,-5,-26,245,263,61,25,41,126,-25,15,94,-80,113,-67,73,-93,108,-39,53,232,38,71,78,-139,17,-63,-33,-120,6,-118,153,-6,51,-2,-72,-111,-54,-215,194,37,-122,51,-24,167,-45,49,153,174,-264,-42,26,57,162,157,98,81,-63,172,38,55,141,-74,-52,-50,-138,37,-69,14
51,221,-26,24,165,18,-163,119,106,265,188,72,86,-203,-58,-122,150,167,154,70,-92,13,116,121,-72,-69,-11,-41,-17,12,14,95,79,184,66,-32,65,115,132,85,-98,3,3,48,45,-68,144,167,-97,117,64,-16,48,67,12,192,95,231,-53,5,170,-55,248,66,83,-20,91,-19,124,140,40,174,5,14,63,-82,-77,141,-60,261,-89,8,-1,53,146,2,76,190,-27,-70,-36,141,-9,125,-25,46,-134,257,304,238,-65,171,163,-16,-50,22,-222,22,117,76,9,81,-46,180,-32,-93,26,19,96,-50,-62,117,142,11,132,35,93,57,46,99,152
-8,85,-58,159,151,123,-39,54,88,41,177,150,88,78,-26,-16,-123,102,136,49,59,152,18,-60,3,-11,116,-72,67,-109,113,170,41,1,-61,33,-108,120,207,239,-199,20,-46,-160,17,-42,-7,-201,-14,34,81,3,-169,-107,-116,189,12,88,-4,44,48,-9,59,-61,-65,-9,50,-16,-18,-64,93,139,-15,13,-177,-16,-45,53,159,-28,6,-99,167,-134,88,40,43,1,-17,48,198,-26,42,32,-12,-128,4,76,-20,117,6,72,47,-62,29,-47,161,-88,75,51,67,46,87,85,65,-181,-107,-128,-101,-44,63,236,2,41,82,-50,-99,-29,135,1,44
-34,-117,78,-130,78,85,-68,129,-7,164,137,-43,-4,99,171,-62,116,54,-111,226,33,125,-16,-67,114,104,45,62,103,-32,-39,-6,49,145,12,-155,111,62,8,8,39,79,88,-46,-25,74,47,121,144,62,68,23,72,19,-211,-99,17,-163,-36,25,-55,221,-10,-123,-89,35,109,110,-4,-17,28,10,-1,-85,127,132,-92,10,54,-154,85,-96,-34,192,58,-41,96,157,15,-65,70,49,-90,185,-251,-82,16,-159,-7,66,-153,182,-28,-39,156,-116,17,116,111,-1,1,-32,109,-120,200,53,-36,61,-18,-59,-28,28,29,-40,-68,72,69,68,114,14,-13
75,-198,61,134,-11,-100,172,124,25,67,120,19,200,34,135,39,22,164,161,9,253,164,191,20,-151,81,129,-72,91,10,81,-105,-69,-108,128,22,19,-49,-10,239,118,122,53,-68,73,-32,-126,46,-79,69,219,-60,98,18,-14,265,139,-77,116,155,206,78,70,-19,52,-7,128,66,166,68,197,53,-144,172,-2,162,-54,128,269,148,171,-116,21,24,-30,-61,63,241,-203,67,160,50,-109,30,-4,47,263,245,170,51,66,92,44,134,54,155,-82,265,44,-17,87,-89,144,166,83,106,61,-5,-17,18,89,62,33,112,81,205,159,109,105,-70,-9
-48,-298,-75,131,82,3,52,144,47,-55,-2,41,-7,-29,208,-36,-240,-67,-16,231,2,97,156,55,-22,74,-128,-96,99,11,-199,53,40,48,115,22,40,-11,31,-8,0,106,154,84,84,51,33,-41,26,104,120,-30,232,-11,160,110,56,-109,-17,75,18,98,-24,68,193,171,-102,63,108,107,143,44,22,260,133,-57,14,147,-9,79,-105,57,119,161,30,-16,155,140,66,91,141,26,-44,227,8,210,-100,46,-10,88,67,-47,30,9,54,65,91,-94,-2,133,40,-4,-31,54,-18,74,191,62,34,121,-62,-1,155,92,-11,94,95,189,-19,58,-30
55,5,253,-74,151,21,9,139,0,124,123,-59,-72,-4,59,0,95,170,34,96,-45,128,22,0,72,59,-66,-71,155,115,162,-36,15,122,112,4,38,170,116,78,-133,93,-70,101,79,148,71,74,-26,152,41,-44,-4,112,119,99,105,43,4,-66,130,99,122,-51,138,146,58,76,235,169,99,14,41,32,119,-57,108,112,-24,-38,-71,18,-36,-132,21,-73,101,109,1,-31,196,1,-34,12,-99,47,-75,64,153,158,-25,149,-55,46,56,-110,76,-45,75,153,-66,-78,58,56,-7,212,66,155,13,150,4,-52,4,7,0,31,-21,107,126,-28,113
-156,-130,-39,290,136,180,81,-57,-132,95,-171,206,95,111,-9,-85,32,-124,301,137,46,-116,20,-57,151,-48,244,49,-106,-53,-77,245,110,96,83,-36,-108,102,-76,97,13,81,90,52,42,-76,-63,-101,54,52,-75,-34,-43,25,-4,42,-56,-24,12,4,-11,-88,-129,79,187,109,-17,32,-2,-175,0,14,160,95,-41,31,-133,64,109,101,-112,-96,55,-224,115,-60,13,-28,5,-100,324,-5,-143,138,21,-59,-44,21,-100,91,61,31,18,107,-19,94,103,-145,107,337,175,45,63,112,39,-108,-34,-166,66,-78,78,86,75,-37,-135,-55,139,-24,137,100,-49
125,-92,-19,142,-41,219,251,-85,193,76,146,262,-63,78,78,-98,62,63,87,-9,163,-109,120,233,-22,109,84,31,-154,-121,113,-18,-124,36,-96,9,-1,147,-169,-18,-56,78,-9,229,21,95,-37,-30,-112,94,134,98,45,30,-27,163,144,-103,193,8,49,66,138,9,215,51,146,-118,78,170,84,-25,181,1,-118,-148,92,8,-72,-11,-131,106,133,-44,122,6,31,48,14,-100,-18,-52,62,-68,-70,81,109,-60,168,131,-96,103,34,69,82,45,-96,-143,-103,-22,-84,-235,98,-18,-31,115,172,-24,212,-74,80,88,82,0,7,-138,-103,-50,-12,119,-112
67,2,56,16,127,-170,-38,39,-26,-183,-91,47,123,272,-125,3,-31,24,-97,98,96,201,-32,11,69,110,-95,82,12,222,112,33,-87,-121,-35,36,24,-2,-28,-71,73,89,-197,-24,93,-105,3,-168,38,-71,-45,-20,99,-14,128,79,90,35,-50,180,3,-97,-83,-18,103,144,-78,66,202,-5,30,179,-37,145,46,10,-69,-7,101,149,109,101,62,-3,80,25,50,-48,28,74,-36,24,140,-41,120,-119,-15,-85,-103,-125,99,58,-91,128,-127,124,-37,118,171,-173,259,-34,78,-17,63,102,-8,124,86,13,-117,5,72,72,-34,107,40,2,-29,43,-36
165,-88,70,-35,134,-29,-12,113,141,-43,-55,5,68,16,-47,54,-6,74,4,-44,151,-66,63,48,3,142,-14,93,87,121,-51,208,69,-23,110,58,128,157,16,-85,-132,94,-101,15,-19,112,186,71,-9,23,101,54,274,-17,272,57,137,-42,139,38,139,-93,-50,96,238,18,-68,129,22,134,112,224,104,28,112,-194,91,226,-67,86,-69,91,-64,88,-2,103,62,148,19,151,-45,-4,148,58,18,115,-91,-111,-55,104,3,-74,-95,129,60,-97,-1,-161,7,132,-154,162,117,88,-58,66,-60,29,90,60,6,-121,-2,85,75,17,57,178,140,68,-32
16,-116,34,20,106,90,-140,67,164,141,36,-55,237,-53,-112,193,61,-42,119,158,-34,123,-38,-69,-158,-1,150,1,136,118,-31,-15,24,64,249,126,91,-61,5,106,-114,3,-46,17,32,148,155,88,-37,108,188,-13,-154,-5,71,-40,28,-144,29,23,67,-68,110,66,244,6,103,-91,-81,240,248,225,-43,-99,-46,-58,15,107,106,190,50,-137,-27,-116,160,108,-111,64,-66,23,-66,-61,-22,-29,-45,-48,83,44,38,3,57,-267,-60,-121,126,0,-16,40,141,-17,-18,141,55,-82,51,186,-10,117,254,116,21,128,-23,35,-105,-91,-87,-11,216,-13,89
63,-41,-49,80,104,-171,-6,131,36,15,84,31,154,88,-33,-51,-106,-65,-22,88,146,100,44,-97,-39,221,-59,-106,134,214,-78,235,12,155,60,176,196,73,216,207,-8,91,20,-138,-14,261,-56,74,72,-17,51,54,-17,119,156,-71,1,-54,149,-116,-40,45,-149,110,67,47,-98,-77,-63,88,174,187,15,125,168,160,84,78,114,17,108,-123,-32,58,163,-11,94,109,-21,87,88,-99,-24,162,-53,308,114,-57,-62,131,71,-39,-69,-105,44,80,57,102,-79,40,-87,-83,79,23,-81,64,114,-137,44,215,23,17,-6,146,72,88,140,264,124,101,92
-95,-3,-96,93,6,139,163,194,-13,96,-37,71,256,55,-83,63,46,-125,-174,175,139,127,112,-7,138,-10,22,107,31,7,19,38,11,50,106,119,-137,122,65,84,42,104,-4,156,170,-116,-115,-169,93,33,166,-66,-30,-58,59,173,-14,134,149,248,-52,137,-16,-27,170,110,124,122,20,86,13,83,17,191,17,106,-61,73,8,-81,27,-108,129,23,254,4,-12,1,18,-16,109,49,139,116,6,135,126,131,-101,-56,-84,7,14,190,48,155,177,63,84,133,54,44,7,154,-91,7,-66,-64,116,-23,84,158,-138,66,31,149,-18,-175,162,176,21
-19,188,-72,121,64,38,-43,202,35,18,86,140,43,17,9,138,-95,112,69,114,-55,191,149,4,42,45,95,-89,11,82,143,193,38,39,-60,-1,104,40,84,177,123,-51,10,232,91,22,35,52,129,125,5,-18,52,75,130,77,-73,31,173,9,136,36,28,8,-26,181,-34,47,58,-127,3,22,-175,184,52,-36,-15,17,48,25,117,111,35,77,166,108,70,-146,177,135,-2,-160,52,9,107,70,-50,0,-16,-188,128,-29,351,-87,-113,8,69,-81,-46,91,42,171,177,288,20,-101,-11,-24,-15,203,-122,-27,-161,-103,60,-41,224,-3,-79,102,192
119,-40,134,10,83,157,15,78,-80,124,33,217,17,34,108,-67,15,79,264,123,37,90,39,-21,181,96,14,-5,31,153,-65,19,116,-60,28,-10,97,-5,-26,95,98,180,95,42,-21,154,38,-10,-15,98,147,117,53,-178,-80,18,74,-73,65,41,168,-111,106,48,78,192,29,66,53,-18,125,49,-57,67,-139,72,145,31,28,170,172,15,-70,29,22,16,-35,48,320,21,-87,-43,-56,-21,31,-126,73,104,33,52,52,13,51,71,-34,63,20,-82,31,98,-61,-137,-28,25,-107,43,165,-141,123,-55,107,-172,-68,16,18,26,-5,102,-52,-52,128
-45,-81,39,-88,20,-77,-99,-14,-43,201,-1,-31,43,-2,-128,-12,81,81,80,11,4,188,3,10,-129,78,-33,37,27,24,-38,-103,2,-139,42,-8,-27,18,131,92,30,-105,-14,-53,50,38,65,74,-273,105,-81,-36,89,-15,-104,159,-200,85,-33,-14,1,-92,101,40,68,-48,-129,84,-137,192,-19,5,114,-21,-169,116,-93,85,48,78,80,107,207,-1,-45,-42,-101,12,73,143,130,-1,96,-123,19,-21,6,51,174,-3,-148,-71,53,15,-43,151,-43,66,66,18,224,100,10,-18,-99,-44,-68,111,-54,46,3,26,96,167,41,-94,-62,22,-60,-29,155
33,-53,185,121,36,-66,117,56,91,-20,45,20,36,127,-194,34,18,148,-101,171,72,115,8,70,345,146,179,79,-156,171,25,-2,77,91,125,-8,181,196,13,74,-102,121,-122,-25,202,-1,87,87,-178,-128,125,-111,12,-13,174,5,-46,1,-16,-35,259,70,64,-53,179,24,97,-57,52,-61,140,141,101,236,16,145,68,-27,-63,-70,-78,-11,58,95,0,-61,-2,160,104,163,118,-128,135,178,-63,55,-76,-92,-108,45,-28,-122,135,61,-86,144,139,-45,16,128,62,-33,112,122,-134,116,20,10,96,85,53,77,-48,-198,36,63,85,194,196,-34,-40
64,3,-34,50,51,-180,202,173,124,34,120,65,41,-79,182,-63,-149,48,16,-10,173,72,151,119,-199,86,98,-24,132,-11,-129,-126,-147,42,-118,94,-70,134,25,-17,-19,-14,75,60,-59,-113,-68,33,-15,15,115,55,-36,107,49,85,10,130,7,164,-68,165,-26,147,158,24,38,109,42,124,19,80,154,189,89,120,-79,49,86,-41,196,33,59,206,223,9,70,111,5,170,-1,65,129,179,-109,209,128,268,98,136,-96,40,14,40,-62,128,-117,-134,254,166,24,-109,48,8,49,146,204,11,56,210,100,95,4,-4,204,281,117,156,9,95,51
-6,-121,75,169,-174,4,16,-27,7,-136,166,47,-150,88,203,-48,-60,31,181,163,86,221,97,89,-99,39,83,-116,-27,-154,-34,-21,45,45,-1,-65,151,145,105,-48,-18,61,123,-22,75,66,-175,-18,-228,27,28,-1,26,-100,46,51,-3,-123,47,-55,-7,90,90,60,217,115,-6,132,-82,-35,111,189,194,134,-41,21,-146,75,-51,22,155,-21,150,110,146,22,60,137,-106,182,20,-92,-10,139,12,-14,-10,95,-15,-91,4,54,39,-92,-59,21,132,13,174,153,211,-18,150,68,165,54,117,29,123,97,53,95,19,-2,46,-87,103,81,-49,99,67
147,103,93,57,57,40,147,195,-45,60,64,55,46,198,36,154,23,-39,69,-24,228,27,-12,11,140,81,28,-42,-60,-69,25,-8,59,-91,85,70,36,96,0,131,276,83,50,93,-26,125,-56,-57,56,82,211,-20,36,-62,63,-187,19,-78,137,265,18,316,-29,2,-128,4,-3,55,-1,-33,78,-9,103,172,-73,93,-1,133,172,-69,-61,60,-72,125,-85,-33,-124,254,-14,-136,-28,-176,-61,168,-25,93,88,-43,-74,60,161,46,9,200,93,95,83,-74,71,129,-82,-170,131,43,149,211,73,68,27,-58,79,-116,-89,179,11,102,213,152,178,2,-153
68,114,140,175,84,70,52,90,15,59,191,15,102,61,-9,10,239,40,101,48,117,39,236,-84,157,105,66,164,63,-103,-42,21,-19,25,108,19,119,45,-14,73,-11,-24,52,-37,160,9,20,-54,46,99,35,69,132,60,104,53,-68,-179,171,64,163,-145,41,-59,225,-22,282,-228,152,-127,100,6,-72,199,47,193,31,-55,104,57,-86,111,-76,-45,259,-33,254,115,216,-35,39,111,89,134,-94,-7,3,-9,175,12,262,-86,183,52,271,159,41,-86,-121,-7,99,-113,84,95,-132,167,28,-24,88,64,19,207,59,62,79,108,83,-51,59,132,-197
70,18,105,13,108,92,70,116,-47,10,-9,6,-58,0,77,28,-11,132,96,240,-85,26,17,236,231,-17,9,-116,64,-31,-89,-11,26,125,-29,-102,187,100,43,63,10,88,-107,129,134,-20,-5,-10,-112,56,77,-63,80,63,113,13,51,-11,143,2,110,28,144,-62,184,319,0,145,69,118,117,110,97,-41,45,-122,124,-65,3,27,14,74,-1,75,-11,62,28,45,129,-41,197,-80,17,39,19,-19,-42,121,9,39,-156,136,-75,-59,193,31,191,107,257,64,-95,127,202,116,61,255,21,-21,46,63,33,83,166,47,247,-170,-9,29,33,-87,115
-4,-52,37,153,-234,147,6,-11,-115,-89,-73,79,1,45,26,-32,-4,-20,-31,10,167,15,-122,52,-80,27,93,99,29,16,-201,-80,-61,-103,135,-18,39,195,167,100,150,37,-21,25,198,-42,-99,-67,41,99,-2,151,67,-2,30,59,-50,-14,76,-119,-26,-43,-27,148,75,5,-19,-229,-23,-47,151,10,-46,84,-119,33,43,24,-99,-155,106,-63,-35,67,138,65,68,-142,146,126,-36,120,15,-41,129,71,-130,-41,-14,-62,-69,1,-7,143,-24,-171,296,-24,19,56,315,-62,-32,76,-21,-22,52,-146,-66,-229,-55,84,18,-175,-21,-6,29,59,30,228,124
-5,-3,31,168,5,13,47,166,193,311,-10,5,95,139,43,11,-25,7,107,-19,128,-103,127,-135,-122,61,123,-71,-9,-87,9,89,230,199,192,55,244,140,-58,131,93,41,92,169,137,168,65,119,36,253,-20,99,32,-174,61,-90,15,-4,-11,-11,31,72,113,-63,105,85,58,111,48,12,50,122,101,5,-78,-224,-37,35,12,54,-141,97,148,-132,-34,-105,-100,8,70,-150,121,105,63,-34,-194,70,49,18,56,25,74,-16,121,-36,33,-56,32,42,-107,179,100,8,20,-46,162,71,-63,27,70,87,7,-53,81,45,-71,-9,30,-43,-105,-36,-129
24,82,-3,11,36,96,26,5,47,78,-166,163,-75,31,-64,-17,0,43,14,-126,-5,-38,-61,-14,-2,100,-54,-43,2,74,54,322,-108,24,37,48,42,99,-110,93,64,-30,112,57,49,-141,26,37,-40,250,-51,121,14,46,59,219,118,209,53,51,121,113,74,59,-34,80,-43,-17,34,37,5,-30,22,-54,-42,12,50,7,9,52,8,45,205,-140,79,208,-168,-32,29,1,-34,-193,170,30,6,-52,43,-92,34,44,-141,90,99,53,39,-6,-124,-73,-143,-71,-81,50,-10,98,-16,14,161,69,-17,46,138,74,1,-6,-46,-20,-21,-178,32,116,126
-54,156,17,102,172,7,11,11,92,122,38,65,94,170,-90,77,4,33,96,-105,12,58,19,18,-30,-57,-61,-119,51,119,61,123,96,179,28,60,47,9,34,245,57,126,33,203,76,163,165,138,111,52,-3,51,-100,279,60,43,-115,185,-16,87,197,9,126,138,140,6,135,47,-25,209,96,232,123,-90,126,108,154,-99,34,60,-111,3,117,-35,124,75,-12,61,191,-107,93,-61,89,139,-162,-57,-25,-40,16,102,119,-114,71,81,115,-134,47,-46,-170,112,31,127,40,35,-90,133,8,25,24,68,108,152,35,99,-9,-172,-42,137,73,31,90
85,-165,-29,186,49,-37,31,9,-19,195,62,37,-57,-29,25,57,-46,65,165,44,-75,150,80,-32,11,138,-22,-23,136,90,95,80,208,154,-198,43,100,-36,-59,51,172,81,52,47,-71,137,-31,-34,21,-147,-1,-138,0,8,-16,-156,-96,-147,51,82,-18,266,-2,43,72,91,-80,-32,-136,-59,-158,59,-5,174,-53,37,35,-12,118,-50,95,-67,-65,28,118,-106,16,-1,138,114,196,-43,178,-57,43,316,63,-34,6,-21,119,-82,80,-124,19,-32,-58,-120,100,77,-100,-91,199,69,-125,-71,-4,6,137,79,46,59,-227,-2,11,32,27,51,58,2,131
-24,-152,308,46,77,145,111,-86,-63,-72,-66,210,-153,194,17,-64,64,106,79,167,87,71,-30,14,155,-119,161,-67,-122,-44,12,-25,-65,-62,-5,77,-93,20,-78,11,-34,5,-98,32,-68,-54,92,-127,32,-140,10,107,-89,-186,26,-8,29,-80,-52,132,118,-61,-101,-53,242,-61,-103,106,-17,-93,-21,61,60,158,81,-49,120,-26,-113,25,62,154,-140,-92,86,66,81,32,31,29,16,188,-53,192,96,-9,-115,36,-127,97,-42,-37,48,-2,-33,50,79,-124,7,-16,168,-11,52,-19,-12,44,97,-149,107,83,-3,-84,20,-75,-4,138,28,179,-48,-95,66
-132,115,-15,-50,61,-23,-47,-39,-22,55,141,-75,73,-10,74,77,-36,-16,-15,-10,-216,-85,122,78,146,60,-154,-116,-137,78,35,60,-35,-14,-47,122,-29,119,110,152,-61,21,-99,-91,14,28,128,36,-35,-51,38,-41,4,-108,131,71,-81,-38,-75,-50,35,224,-73,-74,55,15,146,8,30,-26,117,-9,-135,18,-37,150,76,-90,9,67,66,-53,-38,78,-95,30,90,-78,22,-172,5,-45,-70,-112,220,38,-77,-114,-72,-53,-28,25,-51,32,43,70,30,100,-190,57,192,18,174,-118,-10,18,-29,-48,-162,160,-43,-105,36,77,-122,148,159,27,252,-198,-114
-48,-42,-12,-2,40,-14,2,17,181,20,122,39,88,112,66,-86,138,276,125,191,-76,-15,33,85,-41,-58,-102,-44,-36,-12,186,-10,89,47,17,119,42,-65,-54,-78,80,178,-83,136,123,88,28,70,27,6,31,63,27,51,115,-21,-7,10,97,84,28,21,-38,161,16,147,21,-85,152,52,-41,20,-64,-55,75,70,-67,-17,-87,144,45,73,10,96,-11,56,222,197,-158,-79,-137,131,15,51,-13,99,-122,57,31,-24,68,21,-49,53,63,137,45,80,-108,83,-65,31,78,-21,33,158,-137,20,-42,65,117,112,64,-42,50,52,-162,-46,56,129,2
-81,11,-177,-16,222,-95,-87,-8,80,51,-90,132,-9,15,-177,20,277,-58,-6,-17,25,163,-83,-117,140,144,-86,95,-77,217,58,32,16,31,73,-22,-14,144,121,-136,97,13,106,-53,-19,46,68,164,101,73,-18,134,167,-34,10,127,11,-60,-10,-98,70,0,-199,42,20,30,-139,96,-12,135,-131,38,258,107,-43,95,-102,-65,-46,54,33,-35,4,-213,62,-27,-85,53,33,41,6,-90,-122,69,-77,112,87,-135,40,66,-46,159,-85,-56,-220,-20,91,15,-229,214,62,-99,-35,27,-181,19,75,6,54,-2,2,-21,15,32,-50,58,-131,36,-99,-149,55
68,-218,-111,118,-168,-31,183,-88,183,11,14,83,-38,-39,153,30,14,-72,60,-32,-140,-242,99,-63,19,-18,-35,-84,30,-18,12,134,-102,103,-91,12,-68,33,-128,42,-94,-35,0,22,82,75,-139,74,-68,-2,57,-43,-150,182,130,119,-77,70,32,-114,42,-33,-46,-61,40,-159,-184,77,41,48,77,-50,-52,-94,30,-124,68,19,-51,29,-67,-38,-13,32,106,-121,56,-5,-69,-155,80,-15,-66,32,-23,2,-30,7,46,124,-70,69,35,-139,41,-81,-42,-77,-90,-12,-173,-20,-68,-7,46,3,17,6,95,112,-1,-98,-2,-113,-111,121,9,-52,129,19,46
264,65,41,111,87,-16,68,70,69,66,69,-28,170,107,62,-36,-13,67,317,60,38,25,133,-161,-80,-127,186,87,46,64,4,-84,146,-62,122,107,168,-85,160,17,-158,100,9,15,-10,127,227,-118,-17,-77,51,190,178,-62,67,-41,54,60,144,20,164,-67,108,221,167,28,-52,157,100,80,59,44,152,-2,116,-137,-11,166,161,99,-62,60,29,104,21,257,-37,68,140,167,102,-18,-15,4,-53,-43,18,-19,196,16,-88,-42,-15,48,166,-120,74,88,16,142,38,-15,-51,146,90,-13,-79,12,85,-63,-28,99,35,156,25,36,95,25,-1,101,131
-232,-12,-85,-100,61,-48,111,-81,63,-107,65,142,-36,-42,53,19,33,16,-53,108,-57,27,30,-130,90,-14,172,-9,-16,-37,180,-31,43,153,-11,90,-141,51,-22,-10,112,-40,62,119,112,-58,-48,-75,181,-79,-65,69,-118,83,-6,87,47,174,15,39,-140,206,60,62,-8,-39,78,44,34,22,-65,-24,113,-107,-19,68,-18,-77,14,-102,-7,112,116,-131,-96,0,87,42,5,-150,60,80,-30,118,-74,-99,74,104,55,75,-23,20,-66,-46,78,-51,76,-54,-88,29,-43,151,49,10,137,169,-15,-94,81,-17,37,-109,33,-146,100,-78,-140,51,91,-59,-40
73,-95,180,-69,54,-43,-1,145,-55,-2,24,-160,217,-30,-6,195,58,-18,-89,55,83,33,66,53,-20,165,-27,15,-40,179,122,-38,106,-38,167,72,12,12,-16,56,127,143,63,19,172,65,-25,20,-115,-71,-53,70,239,-96,89,36,95,-3,5,68,66,42,-64,11,45,80,101,36,108,199,91,120,18,90,64,-41,102,161,95,77,158,77,-13,-7,18,93,77,125,32,150,-9,110,65,-2,11,31,181,163,100,151,-70,49,-97,153,239,0,-19,-56,-11,93,-118,80,54,-55,10,93,-9,79,-6,103,9,-19,119,238,-27,-22,6,111,102,45,-136
88,64,6,103,13,73,-19,82,-74,74,2,26,201,174,12,190,110,-142,212,189,103,175,150,-13,-29,-105,-3,125,-15,149,-56,125,-16,25,112,21,-4,16,293,146,-13,222,6,46,110,54,5,26,5,107,47,-29,72,88,-4,-60,-5,-77,-18,98,53,50,36,-31,86,119,64,244,-138,78,59,-48,76,-37,113,22,48,82,119,46,75,-12,-111,91,230,108,-95,127,94,56,115,100,-160,219,20,62,30,189,11,-18,-66,51,-87,174,89,-70,147,71,99,90,186,15,-33,254,124,34,18,37,86,67,-39,-8,224,149,-67,42,152,167,-6,8,151
-52,-25,-11,-42,145,13,-33,48,89,210,-46,112,100,-84,208,11,-11,94,95,-37,-41,39,26,-49,-53,102,-81,-155,135,92,42,119,8,291,-51,-40,163,2,-85,-108,41,47,249,100,71,92,39,233,146,69,-154,40,-15,110,-33,-111,-83,-141,-85,99,-30,85,-21,-11,58,116,-33,146,63,90,181,-3,81,-17,-39,-2,15,-66,-24,11,134,-72,105,138,27,54,57,77,24,30,96,-197,30,-21,3,-8,233,176,130,-81,28,148,27,22,145,41,-26,-62,-111,81,-161,78,69,81,-95,-65,127,-96,134,119,-32,-40,38,-48,23,4,11,-150,-178,127,-17
158,111,234,175,0,47,192,130,148,131,134,-45,186,90,-68,60,29,45,52,123,-51,108,111,173,105,133,-13,-57,209,-77,1,79,-20,194,122,81,147,20,-46,31,162,128,-33,130,-57,3,-72,16,37,43,59,-139,-122,-72,275,35,-37,26,185,82,37,-35,134,68,80,99,-150,97,54,194,21,178,74,65,109,-117,47,64,77,-7,-2,-65,-23,19,145,13,157,114,0,20,116,-17,-4,26,-131,18,82,224,-33,0,6,144,77,49,297,195,158,155,11,-59,-130,58,189,50,83,171,-31,63,186,-30,156,116,86,225,202,-66,94,-39,68,-39,104
27,158,-108,29,-137,48,216,244,53,191,74,64,108,-45,-34,-89,109,23,14,36,-8,-81,-63,69,75,12,-43,82,-36,-48,-56,-58,48,42,218,69,-45,-6,107,-101,68,-81,31,38,53,53,32,-75,149,11,87,-16,-59,-40,214,42,-89,-6,-61,-100,-10,-52,134,50,110,45,7,-126,-27,167,43,121,56,16,-102,21,-47,81,73,-64,-150,8,-64,-26,-46,112,-4,138,-5,-66,-104,82,44,50,41,126,-50,52,124,72,18,3,25,120,-99,42,114,-87,78,-63,155,-31,-37,140,110,20,15,25,68,-235,-246,69,143,159,49,54,105,-96,98,84,-12
62,-53,18,30,-32,-74,32,257,-102,-10,58,20,53,72,69,4,15,-15,72,63,25,55,-45,-33,53,192,59,-45,-61,73,-45,107,27,182,105,-78,37,-50,-42,228,54,50,-11,36,59,160,-46,56,-45,-15,77,41,70,-120,113,14,48,-50,124,60,34,47,-55,71,79,72,44,-104,71,-146,172,63,-175,10,53,-18,-16,129,-47,17,12,119,72,43,-42,-13,-104,52,-40,58,47,81,105,61,20,256,-121,-127,-46,58,-92,-78,-89,-22,57,-34,-104,62,49,-61,-38,-1,68,-47,-31,173,72,-94,-152,88,-104,42,92,-64,-132,0,110,-195,-31,116,64
92,166,63,107,-84,88,-3,106,110,119,32,28,-111,114,21,119,125,116,174,35,119,24,98,-187,-50,9,-115,206,31,45,-28,76,74,-4,-27,192,136,50,222,149,18,-42,56,-27,-43,105,49,-23,-186,-161,61,-103,-10,37,62,34,-119,132,139,23,122,59,107,186,87,24,-34,123,-161,37,23,-6,147,201,126,113,77,241,-104,45,-21,-12,0,174,143,178,-90,90,-20,-77,45,137,-56,180,-72,362,-98,27,-41,11,-83,79,29,46,-45,-135,-53,-71,-107,199,97,-191,100,159,37,93,-35,108,70,-65,49,219,-51,-12,48,174,100,-68,-39,45,-13
260,211,-54,221,277,34,28,62,68,59,176,-10,70,271,66,136,107,-157,181,134,97,238,-40,73,244,172,6,90,50,-11,302,91,6,108,53,-8,157,51,113,148,144,-34,24,225,-4,97,105,-86,-56,134,80,-76,118,145,179,-11,-75,6,123,80,183,313,-18,-51,45,109,-65,20,79,19,71,-66,39,253,169,124,-52,-109,134,29,-71,54,91,129,38,86,90,261,113,177,214,24,152,251,-124,235,-46,-89,174,84,-87,-23,68,-177,165,-95,103,95,-123,-141,91,-93,20,269,-6,213,-77,30,-67,5,-104,-125,-100,280,81,-81,170,188,153,-74,223
70,170,-22,165,65,134,11,57,54,110,234,136,176,-13,156,149,-15,78,61,174,153,-48,153,-170,10,70,92,89,40,-48,22,-44,170,166,180,17,73,261,160,65,-56,111,88,73,75,80,46,128,98,110,144,138,107,35,103,10,9,-208,87,261,117,-78,-51,92,156,60,-47,-225,126,120,90,87,174,70,67,-80,-82,72,-25,-37,-112,79,93,42,182,83,-16,60,17,-207,78,-32,10,110,74,30,-139,75,69,12,131,87,88,18,160,-68,70,-231,-185,283,53,-143,43,-49,61,146,-44,60,138,68,-24,264,104,-91,166,66,15,-10,61,198,-265
36,29,-19,-123,40,41,30,165,-80,21,-26,109,-31,24,49,12,78,102,-205,89,-216,-36,128,33,17,-50,-324,-59,-56,19,-102,41,-105,28,-89,-38,-112,34,-163,100,-171,18,-123,44,73,62,1,165,55,-45,73,-13,-98,35,-114,-64,-141,-103,40,-29,50,57,-129,17,31,-110,123,38,-18,31,165,-9,-24,-67,60,4,157,-40,-36,56,102,-45,-118,3,197,64,-26,-262,-4,-140,-96,-27,47,-118,156,-129,-89,14,-44,-46,35,-67,1,-49,-46,-25,-55,-147,30,-39,13,138,43,10,-51,-36,-68,54,-14,76,10,-64,190,-61,-15,154,54,47,19,-174,-67
37,107,-185,203,-48,-66,-30,143,152,53,-8,92,81,75,210,-72,-37,-16,191,-73,149,59,232,123,-67,-52,21,-44,67,-46,-89,102,19,-41,-4,67,-39,61,101,150,241,111,-134,220,35,7,14,28,138,146,24,87,139,55,140,88,11,147,255,125,-49,276,305,-36,-33,135,59,59,67,-21,-100,176,-44,-13,100,25,-68,44,65,27,-112,-3,174,167,-90,53,-147,106,71,118,56,-29,148,-15,108,62,-5,-65,68,-14,86,-64,33,144,-62,84,92,126,-3,88,112,65,17,321,86,-97,127,14,-76,-13,131,66,1,17,125,-38,90,-73,76,188,150
-34,143,47,-13,-106,-185,-10,-20,-35,60,132,-125,155,-47,21,89,219,-25,-57,-16,108,91,115,-15,116,26,-45,-38,-71,-1,41,-38,-157,81,118,-42,-8,27,52,112,220,97,46,-7,147,-119,66,-54,81,144,-95,120,-6,162,-117,14,-109,4,25,40,3,111,-157,-66,-3,-201,-41,62,20,56,-37,-81,65,59,110,103,-121,-12,-75,9,31,162,-80,-191,84,-49,-10,47,-45,48,61,-75,72,28,16,-114,10,-129,128,-41,53,98,-7,-47,49,51,-50,43,-166,81,-11,27,-74,-53,-31,97,-49,17,67,124,88,0,77,127,-3,88,84,-30,61,61,-29
7,-55,38,-81,211,113,93,261,-19,-67,-36,98,-66,197,-33,-103,18,37,31,93,11,185,101,95,157,195,-76,-55,68,89,-40,114,-102,-167,-101,2,32,35,-125,146,51,-129,72,-51,38,-31,61,-56,75,117,44,144,-61,-81,-12,153,-119,12,49,112,-73,105,-73,5,129,-92,-87,64,-18,-21,56,123,101,239,-83,63,31,-64,116,-208,198,146,92,41,102,21,160,88,317,-42,-72,46,104,59,-42,89,-69,149,163,135,28,81,-111,140,87,-31,19,11,12,-256,102,32,142,20,-23,-34,97,-223,1,142,-245,61,134,244,-17,44,64,185,-33,-93,34
54,107,-35,6,12,-33,84,39,7,75,84,30,-40,-34,14,37,-64,346,-82,-34,112,-21,61,-36,-12,-169,4,-193,44,54,-25,10,12,94,79,-78,-30,75,-28,85,206,24,-71,-17,47,49,76,87,110,-42,34,21,89,92,200,-65,102,135,147,-21,134,36,114,33,6,-144,220,-81,58,-10,124,149,-93,-180,11,23,182,99,95,-15,68,29,71,21,58,29,63,44,-36,107,-251,-33,-45,-68,70,-145,1,-63,-150,72,-91,-75,-28,2,84,-49,56,-32,-68,50,-95,82,-91,130,16,28,97,-131,-20,16,39,43,51,-8,142,-182,-82,-52,8,-54,-29
-27,-98,91,65,-10,57,-57,183,14,-34,4,-18,92,33,-98,56,-106,35,-134,232,-72,100,79,124,138,53,78,143,-25,135,-19,61,-30,56,113,36,189,169,66,48,-41,131,-189,186,142,22,-59,-139,-66,-136,22,52,-10,-88,73,164,-63,54,-10,-2,79,56,-35,-168,160,123,5,44,84,43,129,-4,11,72,62,104,47,0,67,22,39,3,128,35,34,42,124,74,103,137,102,-43,-31,-63,-93,26,-55,-170,143,-18,-189,-8,31,-76,1,78,329,137,71,71,89,1,193,136,66,130,-100,81,69,-70,-188,-117,-62,9,77,-104,-75,34,209,94,45
134,139,-65,-53,105,93,-24,108,128,20,10,8,-21,27,99,-78,49,-47,102,-22,-2,47,-8,122,6,102,69,-34,39,33,4,74,21,31,-54,73,73,77,-121,25,-91,-111,151,145,50,-12,44,40,9,162,34,39,47,-13,-87,50,-50,-119,11,66,-33,95,163,83,108,177,-21,-155,95,48,21,25,-102,-137,-15,-52,-119,-160,163,84,104,-49,-22,-64,20,179,-131,41,56,127,51,-110,111,-8,-8,37,-58,243,48,81,158,-129,-52,101,-49,170,175,-45,48,-36,38,-40,18,175,57,-15,-77,125,-2,85,13,89,9,41,157,-81,44,58,-68,93,126
138,-97,-103,106,47,-131,-100,139,22,-52,12,145,66,193,27,-8,-192,134,12,19,-93,52,156,109,-2,151,-80,75,36,87,4,92,-69,54,-60,86,72,23,32,31,145,117,47,45,59,48,86,55,44,62,71,-72,90,-4,102,6,1,-110,195,-12,24,93,83,82,-92,230,-117,-50,97,-10,-88,-124,29,206,-28,-170,35,-20,-17,-9,146,79,62,10,19,32,85,145,44,-39,208,93,-294,-16,26,488,53,-71,7,-50,116,61,115,-169,190,137,-39,16,228,-212,21,33,224,60,208,59,-202,62,116,203,-39,13,160,164,10,21,115,183,22,-13,97
34,91,86,81,99,103,30,121,-88,72,-26,197,62,25,110,74,-114,87,112,243,1,-36,250,48,72,32,113,-48,42,132,-58,108,-48,99,-96,42,-20,128,-60,63,-32,-70,81,8,101,-69,-40,92,-89,95,74,101,43,-34,-122,124,-6,-43,29,162,144,-10,12,-41,165,89,135,86,-18,24,88,-6,28,-17,-74,-169,-22,116,-66,80,140,190,-19,-115,177,61,-16,100,146,-137,20,-83,39,-56,34,-35,-53,206,122,138,-107,63,109,-42,46,26,-63,-253,82,3,62,-124,141,61,81,115,149,48,179,35,-46,59,67,141,-44,-31,139,-46,-1,-136,-130
-12,143,-29,76,-6,-205,-26,198,104,-105,97,123,-32,-29,23,179,-218,-128,100,63,-10,87,198,-114,69,-60,-39,-9,42,142,-135,-88,94,227,-62,66,-29,11,112,-105,-53,-30,59,-16,-235,91,15,-105,-33,-98,187,-77,117,-39,72,28,124,60,217,-54,-13,104,114,6,-171,29,44,175,-75,105,99,-87,-55,-10,-148,48,65,181,-66,41,30,28,-128,-31,46,40,-88,-8,-33,-2,-23,-145,-33,5,-32,143,17,-20,7,-220,-4,180,-145,-262,-36,-76,124,125,219,174,-182,71,-5,-135,16,-74,58,-30,139,190,96,-96,-97,-45,57,-95,-31,-84,-49,-104,123
51,114,149,140,74,116,149,298,-148,143,43,22,-42,162,46,36,-75,22,-77,46,53,136,-85,100,-33,137,-6,-108,-113,-34,76,43,212,-1,100,78,182,-105,-84,231,142,-6,97,123,42,16,-50,-116,-40,50,-41,-19,65,-246,15,65,24,-26,-88,107,143,-13,29,33,146,157,125,-51,-39,-117,226,68,-48,154,-38,200,21,25,75,47,17,-2,234,38,21,95,53,-22,44,2,56,-44,116,63,-36,-3,20,-26,-140,47,97,-143,113,84,1,152,76,-33,111,35,122,83,188,-63,-83,167,4,97,-85,-8,53,114,41,140,40,-64,2,88,143,23,-203
-6,25,4,96,-34,151,-37,76,33,-93,148,-51,20,73,-83,304,-65,-85,-29,136,172,84,-54,79,5,-48,83,210,-140,122,186,-26,-71,-51,-66,-8,-28,120,74,-100,-3,80,-202,61,55,3,-30,-53,-29,-2,130,-72,108,61,10,-14,230,-47,56,-21,15,-22,-193,-18,20,-21,18,98,85,134,-65,20,188,38,-37,-57,22,-17,11,-95,-197,44,-80,-81,123,-4,80,45,-69,32,96,47,148,97,-50,85,19,-62,97,77,10,103,-58,-3,-36,47,147,-156,159,141,23,-215,197,-20,28,246,-14,54,80,-104,-102,-61,-106,13,-56,30,-86,112,205,96,-3
3,178,-70,4,60,-65,-93,109,139,69,-71,-158,-20,89,13,11,-24,143,161,32,23,127,159,11,-106,-168,22,94,10,154,-69,120,-15,-28,-45,183,84,1,36,-41,-20,38,1,159,-16,197,199,69,-14,-29,-38,-16,174,-58,217,28,55,17,189,-77,270,38,150,-2,144,166,-77,10,39,-61,-83,-10,64,-43,113,125,-174,-68,64,77,90,17,32,11,-9,232,3,46,50,60,-172,-173,50,117,58,74,-196,-11,-39,-22,84,-132,152,-63,-38,100,59,11,119,85,4,-119,1,269,134,6,86,157,8,71,11,84,-88,217,1,-72,95,-33,32,122,118
66,102,-144,118,-7,-169,55,38,261,56,107,-161,-27,76,76,-90,-34,170,64,-162,198,-73,62,-40,45,-123,111,-57,24,-190,132,-73,22,46,-5,-40,45,60,-20,-18,49,-99,98,18,15,51,31,11,-11,-13,23,-93,-265,190,78,-8,-235,-22,-32,66,168,120,7,-207,-58,-79,78,-160,178,-38,-84,-79,-13,45,121,346,-9,-32,125,-4,10,-124,-27,42,53,-16,-5,104,-99,4,-53,-49,-14,109,30,-55,-18,-6,-79,17,198,-160,32,1,-60,-42,81,-162,-77,55,-2,-12,-116,-36,20,-77,-7,-15,-18,35,62,132,-135,-97,35,56,112,-53,71,153,-6
176,153,42,56,10,25,113,104,-16,137,-52,140,143,16,45,-20,181,14,54,86,-164,125,100,84,110,114,50,33,64,101,11,236,22,190,-41,31,29,70,122,241,105,196,9,29,178,50,121,51,168,38,-59,93,46,94,24,179,-106,29,-38,49,15,-19,86,-57,225,57,-132,182,73,24,126,226,155,-15,165,-24,-16,23,3,-20,120,-40,92,28,226,-36,-21,-37,166,14,72,-128,-182,228,103,79,160,31,-40,268,-64,30,145,6,20,-25,72,47,48,108,104,-103,76,447,107,133,124,-145,254,-6,-94,-5,218,157,99,62,73,263,221,-26,169
159,175,-110,193,146,-31,-2,85,51,196,7,113,78,-18,-67,177,-84,9,33,171,-16,25,50,-39,48,133,110,-32,215,-89,34,134,-7,81,193,99,89,48,63,16,-77,70,-147,73,-151,-54,120,49,127,58,139,1,96,72,182,-154,62,-70,53,151,189,-98,-75,101,-16,46,51,-67,121,50,143,-13,-40,-48,-24,4,-63,-9,150,113,8,-25,-11,29,105,187,-10,-179,25,9,68,-1,122,25,15,-177,-18,99,135,-151,-50,-2,57,-92,59,59,-33,87,-47,144,-27,66,122,89,-36,138,10,118,-13,74,181,-129,138,-60,214,-128,56,-30,5,-144,47
-65,-41,-67,-172,74,-97,112,128,-93,-87,161,35,-13,-44,152,7,-83,48,-50,-13,51,-93,166,-20,112,151,-171,-116,-64,48,43,-111,-117,132,10,30,-219,119,5,-17,50,-139,89,117,68,42,39,-20,58,87,108,8,96,-16,-7,173,99,31,176,42,109,220,198,3,95,50,12,206,-37,47,-155,-43,104,32,43,49,0,-35,-67,-65,105,280,-20,-126,-83,-200,198,148,7,-66,73,42,-177,-6,70,118,-92,-46,67,97,84,170,-17,43,182,18,190,-50,-60,0,-86,140,163,-59,-124,151,84,140,-24,160,51,33,92,113,120,-31,71,188,-134,-109,-20
-17,16,-34,-24,-5,-20,-142,31,70,85,78,-99,-17,-34,-93,-48,113,-13,159,161,-66,243,-160,94,26,-39,12,133,40,-4,-64,-59,115,85,23,19,109,-50,-45,-38,119,-202,191,121,-86,-139,131,-131,-94,-114,68,-109,-23,-26,144,60,122,-7,17,-17,-13,0,274,90,58,-88,3,-134,14,184,25,177,95,-92,45,128,109,117,11,-168,13,-172,23,96,-56,53,31,92,-7,56,-71,79,49,263,31,75,-80,44,-99,41,27,-63,-33,-53,105,-131,-28,51,96,-115,114,151,51,148,-43,-123,119,-87,65,-128,-133,86,-79,27,225,19,-17,2,-22,16,126
217,82,100,184,82,37,20,195,-14,13,-49,42,106,212,83,58,240,58,164,116,188,126,38,50,54,192,123,-67,87,101,-28,-59,-32,-51,-38,44,133,130,-91,141,213,97,102,229,150,-49,65,4,37,43,72,186,292,64,126,19,53,-54,292,309,-59,-99,27,296,169,-70,66,-16,88,73,45,103,189,31,52,20,118,212,242,-69,45,189,169,181,115,150,89,-102,220,144,-18,73,74,123,127,31,142,104,120,-54,68,-16,49,126,304,98,105,12,-74,6,29,61,325,292,-67,302,149,-44,14,-43,-93,-28,68,107,207,65,141,195,-31,68,72
68,119,26,182,42,-31,44,194,111,84,-34,190,-91,23,115,-17,-53,186,-22,97,115,-1,131,-67,117,62,69,127,-30,-27,-48,-9,81,74,50,51,84,152,37,-29,32,0,-170,-78,25,84,3,-55,96,-150,59,-26,75,-13,176,76,-206,4,65,100,85,-82,71,-57,180,112,100,-109,100,6,281,-7,-45,64,22,29,2,8,34,136,61,26,69,56,74,-46,139,59,45,97,-69,106,-15,152,114,56,-40,80,-48,37,30,-115,221,-83,-67,-12,-27,91,15,181,198,51,126,173,124,27,-67,107,52,-86,85,-27,-45,-192,202,111,60,-92,242,53,-87
132,71,-179,189,8,47,141,132,7,-49,-140,43,84,15,15,-14,-21,52,72,-72,10,115,148,-44,-35,129,-120,64,-36,11,-44,90,-117,-50,82,35,22,161,-106,-53,-102,30,-145,111,-95,-103,18,89,113,45,37,-80,-8,194,333,90,-26,-52,173,1,87,-147,119,-70,208,141,21,-101,177,59,134,-97,-25,0,72,54,138,-8,52,-8,128,23,43,-2,102,190,-93,78,70,2,95,-184,-30,-119,68,-72,90,70,-27,-4,26,-35,24,-4,-56,51,-79,-29,75,19,150,-44,55,183,-216,-83,55,66,-50,55,61,-28,52,-76,175,173,-4,-52,21,45,10
109,133,-91,-14,-39,87,5,-39,19,43,143,42,-8,-90,96,147,12,-46,-143,129,104,-117,-182,-85,-49,64,-52,-66,4,-106,224,-198,-65,-9,64,74,39,130,-6,94,-7,-93,17,110,-93,-74,40,46,92,-21,136,69,70,-2,-58,16,109,-180,123,178,10,180,-14,-5,51,-16,-34,-45,-78,-23,-127,-39,13,-121,-8,-8,15,-102,-95,-54,-12,82,-98,-37,18,13,1,-129,3,-18,-13,-18,48,-3,33,-69,37,24,68,-21,35,111,-157,-51,21,-23,113,-9,-97,-26,-35,-99,150,-44,47,122,-25,200,33,23,6,67,-35,8,246,54,-39,-66,92,-127,-202
-48,167,130,73,-147,169,85,24,136,23,151,45,122,66,39,-33,165,64,157,24,74,-54,76,-4,57,37,179,-23,11,60,122,65,108,62,79,144,17,-12,9,201,-69,38,95,65,-135,166,180,125,88,50,109,213,-36,62,-44,5,117,-110,-46,106,150,-131,176,28,92,-156,129,24,50,97,107,265,68,-236,-76,139,31,0,61,23,118,-12,-42,-8,125,117,-92,186,62,-75,41,-252,-126,233,-126,-36,-91,-68,14,92,167,5,-25,21,135,-29,-10,-1,101,83,-159,-127,182,181,82,162,-1,17,108,-98,-25,49,-46,55,-33,-90,214,128,157,39,106
61,-33,26,258,-96,69,153,111,96,79,-6,79,46,156,190,-75,170,15,91,14,131,-24,55,-167,11,-20,100,-21,-92,-121,4,-57,94,-102,107,-90,43,26,145,29,60,151,73,18,72,58,13,-155,49,28,208,5,34,28,3,-11,54,10,4,79,-33,-74,-26,87,103,85,-20,104,109,103,-47,53,169,172,57,-4,-116,80,-52,25,-173,134,186,194,12,54,45,151,93,-124,140,194,27,136,-78,79,-20,-74,-1,-58,79,-31,6,124,37,-56,-63,8,-37,241,149,-128,41,-4,46,127,-50,-43,99,-231,-54,131,112,-27,52,91,159,113,-103,73,-42
100,256,-33,130,-31,12,-108,129,13,101,126,-15,72,56,42,167,-114,-29,66,-53,200,-33,140,-28,-23,-72,123,135,86,-74,-102,-90,105,47,39,48,-85,194,-69,-28,57,-187,106,-54,-264,3,142,-81,-46,89,56,-2,135,32,-46,-5,66,19,201,204,127,34,137,51,10,-12,194,55,15,-84,45,-46,-98,73,-146,60,58,44,69,38,30,146,31,73,31,64,27,116,11,14,-75,55,-68,100,38,-100,-41,263,1,-71,17,153,18,98,-41,125,-35,24,155,165,59,157,59,-44,135,-105,-111,231,-49,196,223,8,109,-17,183,35,113,-132,89,-44,-35
-144,-87,125,32,50,-83,-86,90,-56,5,-165,-53,-7,146,71,3,-72,-20,-39,-36,-35,33,56,-102,-80,107,-9,-235,122,-59,-165,79,56,183,22,29,-53,11,34,68,67,94,55,-64,12,149,78,-49,83,85,-145,56,-48,-12,-30,25,-62,-102,-5,-75,-38,80,-177,29,116,17,-104,121,-7,129,167,-5,86,50,29,138,-19,120,67,38,90,-67,139,-38,68,-50,219,63,3,149,40,-46,-139,48,175,53,93,-91,-106,153,-2,39,44,-34,92,26,116,5,-53,124,-1,196,-38,-185,-52,112,238,-142,12,155,92,-120,62,119,-123,3,36,181,236,114,-38
-74,133,-38,17,164,72,60,55,10,98,112,15,174,75,-48,214,198,19,75,-123,-55,44,-9,99,-28,134,5,23,-163,199,221,27,115,97,-97,153,3,3,96,22,18,-4,107,68,-50,134,190,-135,-34,46,60,-74,117,54,27,85,96,-61,102,29,23,203,-50,221,242,5,66,57,12,51,-155,135,-32,57,32,96,-29,116,87,134,-30,-16,214,15,-109,156,42,158,-61,85,2,-134,-77,32,-105,226,156,-147,59,134,-21,-31,-13,63,114,-4,13,-46,-60,-64,-28,134,68,78,-103,122,52,37,63,-21,84,144,39,237,-257,-185,-41,114,163,-29,108
64,31,-113,74,100,-103,102,-1,-131,26,1,18,-11,76,-29,-85,-53,-76,64,187,-23,-117,-3,-136,24,86,59,34,57,117,-29,150,-112,9,-61,-17,101,-44,-72,38,-108,-39,77,-9,38,-174,16,-56,-13,21,63,44,123,-98,-39,115,-8,17,50,-51,-7,-166,42,166,16,-9,48,129,22,-32,-193,33,39,-169,18,-92,40,14,67,-106,-35,25,-63,-44,170,-16,-19,-202,42,62,125,9,23,-20,-8,-84,0,6,64,102,5,-42,141,-59,123,87,-40,127,8,29,-32,-105,19,39,-43,-56,-57,-25,67,79,-10,217,53,113,110,55,225,13,-118,32,-98
-52,-69,26,-10,150,-26,-34,-3,-10,124,146,32,-35,21,212,131,-21,104,32,255,53,104,85,50,16,-153,-29,-123,-10,154,192,129,51,116,-16,-4,15,-4,39,-32,-82,-54,20,41,151,-47,154,-24,-44,2,154,22,247,90,-36,56,137,-93,48,-97,229,69,-22,51,99,51,117,179,-85,35,-120,67,37,31,54,-53,-21,231,-21,-39,97,-2,-179,-97,183,65,162,-39,-121,77,91,-85,193,-53,65,-147,-46,22,-17,-31,83,10,70,59,-2,-63,-41,-66,31,90,92,22,-56,118,68,-111,-10,23,36,107,131,191,-13,-59,29,188,115,110,5,146,-13
-26,108,63,113,66,123,64,-6,37,-40,92,89,-82,46,-1,-16,116,38,39,126,65,-59,-43,49,216,70,39,74,-134,57,92,93,24,8,-34,60,-69,153,-33,68,153,0,-19,0,39,-61,-82,-106,27,-106,-19,-30,-101,-126,204,27,-51,37,61,65,-48,-111,160,14,84,16,14,100,23,111,-4,-73,127,-95,31,17,106,119,20,25,7,39,23,60,-8,-16,46,108,118,-10,36,-77,-90,-79,43,-5,13,-9,-41,130,-90,46,28,71,135,-31,-17,-52,81,65,50,-140,16,48,39,85,-22,-5,-11,-80,20,61,-66,241,45,5,60,-13,52,-69,-56
-40,-61,-59,32,70,96,61,-9,-158,220,17,-13,115,39,-189,82,10,-28,105,60,64,59,17,-119,-27,21,60,16,-91,48,99,44,-82,-43,133,1,-82,42,36,22,127,-38,39,116,48,-3,60,-60,-71,-42,77,-32,-67,-63,39,123,-240,-27,64,-19,-69,-51,37,-16,65,-35,-70,-7,-197,-66,-106,-73,69,-38,-64,17,147,-20,93,-94,75,17,-66,3,24,51,93,105,53,53,-11,74,-214,66,-66,115,46,237,-54,41,-56,-118,-13,119,168,148,-36,57,17,-26,37,-138,-24,53,-4,-41,23,-92,-86,-49,-51,90,110,272,-91,104,-99,-39,-32,231,11
-74,89,102,137,18,31,61,50,-72,14,204,5,150,-183,141,365,-86,73,111,-168,39,-53,109,160,-118,107,-118,-27,-5,-58,68,-20,-63,143,61,57,40,76,-121,127,310,113,148,216,152,-76,18,-63,-48,139,-35,53,-63,19,-18,-5,23,-16,74,160,37,66,91,46,217,-8,53,49,-211,-10,46,89,136,117,22,-77,160,-87,-49,-81,58,203,129,-117,37,-10,127,31,16,22,108,-24,-154,41,-28,100,-42,-59,69,41,31,46,22,19,238,-39,29,-57,45,-58,-100,125,234,-11,53,251,-72,-26,178,-34,-38,82,33,161,140,-23,172,-51,-1,18,-63
-21,66,118,126,33,83,-37,106,-31,42,22,6,124,-103,83,89,-101,72,-20,210,168,87,-13,20,-25,-128,28,-171,280,-28,-114,150,21,207,117,-61,130,7,7,86,226,4,156,174,113,89,-27,275,-26,61,-5,45,116,81,125,-95,95,-43,214,44,119,-25,-63,146,31,57,-175,48,-2,162,89,-14,-55,107,82,128,16,221,120,39,80,34,105,52,182,104,111,28,-53,107,-122,-100,136,22,100,-48,-19,112,34,-157,151,99,147,8,115,88,247,-60,-13,71,-34,73,0,106,63,-3,114,-2,33,39,-7,36,-59,82,95,-50,74,-11,-112,80,128
93,176,64,184,-35,17,64,69,105,79,91,118,112,44,2,222,43,8,62,219,64,269,107,-64,63,-3,309,203,50,-39,43,233,-70,174,146,113,128,102,239,306,-34,-126,22,22,-53,-88,136,-29,20,-224,-34,98,28,198,22,78,117,231,9,162,74,124,131,-47,375,-31,105,130,-97,-5,64,191,189,-32,156,151,19,106,83,21,124,-68,163,101,185,137,81,138,246,-16,7,48,149,263,-96,14,118,40,-9,216,-96,-108,66,12,24,-146,-120,-4,-17,84,88,-39,117,267,260,294,-31,97,319,13,180,153,25,39,118,229,139,140,339,-98,-32
91,199,128,-12,36,-198,77,31,-78,52,39,-4,71,38,-286,-7,76,54,-18,29,66,109,-24,-97,78,-23,25,26,118,79,4,-8,-133,66,45,98,228,-100,119,192,54,1,-111,126,-52,19,-10,95,-60,-140,145,20,-134,20,168,-146,23,40,90,-39,211,34,-50,62,-12,45,-16,36,59,70,-101,-18,-11,14,133,47,67,-98,-36,73,-36,75,-118,1,39,67,34,57,184,54,-93,-62,72,17,7,116,-1,23,-9,-185,19,49,65,-63,106,11,-7,110,-116,-52,-194,-64,-60,88,-16,205,237,64,36,56,11,142,-37,147,65,18,118,17,-9,-235,114
-9,291,192,19,20,-17,166,195,21,-26,215,185,40,133,203,-114,4,162,116,184,59,78,51,261,-63,120,27,-57,-11,-52,149,15,5,106,113,223,65,-3,115,237,3,64,43,137,-25,115,-14,-9,36,76,164,76,-108,-38,259,80,101,39,59,138,-13,-6,170,52,118,75,71,46,265,0,341,155,-68,48,10,65,182,-27,8,209,236,135,42,34,118,123,-59,179,-4,-19,13,-52,39,89,17,146,67,54,56,189,197,80,63,-121,116,66,14,-64,108,25,64,51,315,191,-8,252,159,142,-86,99,170,-28,60,42,227,60,184,165,80,-161,9
145,149,-32,108,65,61,48,-5,261,47,160,33,-67,-102,118,45,-9,134,-42,58,32,-36,-108,17,40,111,-89,54,-87,108,79,-109,24,154,-26,19,49,181,-29,42,78,-94,98,-44,-75,96,53,144,72,201,73,8,69,205,51,113,9,24,38,125,-9,162,5,-15,76,68,-121,-28,168,233,125,-81,149,60,6,51,325,17,-26,33,-57,11,42,116,62,6,-72,92,-19,-157,35,-151,-25,179,143,284,121,162,105,181,-84,230,76,17,-112,3,-113,-142,-79,-50,-21,-76,41,-35,7,149,88,-48,106,82,34,-23,109,-43,72,240,7,27,315,17,14
182,61,47,128,207,-67,27,184,78,65,91,73,-120,212,137,63,35,104,149,76,279,261,3,-147,-4,109,30,-58,17,31,-23,146,-112,116,108,-10,106,93,137,95,97,1,61,86,-116,-45,90,52,103,154,210,-52,99,31,-66,-34,102,118,-5,90,59,30,70,20,117,-95,12,238,104,-87,-73,166,164,70,99,105,143,225,125,-257,10,-62,69,147,163,175,103,151,-16,39,25,-38,-5,185,-141,114,89,3,89,-61,-87,128,-8,97,88,-42,121,142,87,80,9,-60,-5,144,212,84,134,-205,51,8,190,75,-38,82,-10,35,164,126,-166,150,3
-6,76,-86,89,-107,-19,114,198,-89,-21,165,-1,-1,-31,85,101,-88,218,-32,-55,102,75,84,136,-64,26,-80,52,19,116,60,-60,-200,6,87,48,41,-19,-16,47,127,31,14,99,119,-130,160,-75,167,98,5,-68,196,59,208,121,132,122,147,-82,13,-2,15,42,153,7,-31,130,63,46,92,-28,100,-48,52,119,45,60,64,-176,163,27,72,-49,61,-52,339,-116,50,174,-72,-62,15,-97,126,-125,84,46,12,66,-20,-47,21,75,134,16,-55,44,110,-6,-2,162,76,78,-4,94,34,14,-33,53,-15,-55,92,104,194,-22,-30,128,126,108,27
-34,-102,-141,136,-166,32,144,38,-143,-86,17,-66,14,-35,91,113,67,35,-112,-34,54,149,50,102,-38,-37,-5,-126,-172,-32,74,22,5,-58,98,24,59,8,70,-79,74,14,118,-70,265,-51,-259,-75,-173,-96,47,-122,216,-48,178,141,37,-22,139,55,-12,285,-57,-25,223,149,53,-47,38,121,41,30,-71,36,-146,7,-79,127,67,65,24,-34,128,13,-120,-18,-75,199,-13,-60,49,-103,66,-76,100,102,153,61,-31,46,-156,-199,112,12,58,-77,104,-37,2,-57,35,-7,145,197,91,174,-44,116,137,-48,-200,-3,-67,-71,-34,60,39,-60,68,-9,64
-251,10,166,-13,90,-50,55,114,45,72,-48,138,23,89,57,73,-2,76,215,23,31,86,86,11,-12,103,146,-36,-62,58,-46,135,140,213,-21,113,149,4,227,-40,140,127,-26,-121,68,128,81,130,119,67,-145,209,136,34,188,3,0,-64,-67,5,138,-38,-114,52,75,100,-67,262,22,1,74,152,191,-24,45,125,-87,150,91,194,-67,-28,-62,96,44,-185,101,246,36,113,108,-206,-46,136,-58,63,73,27,9,22,140,192,-6,78,-108,21,88,-70,21,193,11,-5,104,78,-49,-29,116,-160,64,-17,-15,-15,-8,111,-171,-37,36,-54,39,86,25
123,129,184,-46,-29,-32,198,126,29,6,153,133,167,-25,107,5,222,110,-36,7,41,-146,165,62,60,26,75,43,-126,-27,69,-22,212,22,68,115,40,-67,133,245,-27,213,-89,6,138,89,182,64,56,-108,171,3,86,40,43,110,101,62,6,147,36,5,215,189,116,-73,5,1,-13,38,82,-68,40,42,69,22,87,79,4,65,-143,121,-169,-94,-48,42,-63,47,47,-101,114,28,49,33,-6,133,-3,-39,125,254,89,140,58,87,-41,68,-62,-194,-126,37,-84,-86,156,113,90,102,-56,-13,35,6,-82,-69,149,34,77,42,143,154,101,-198,-91
-89,77,116,41,-32,92,4,17,-48,-77,19,-68,30,40,-201,32,118,196,-184,95,99,-34,-142,16,63,-61,98,19,-208,89,78,-125,-8,-43,163,-39,5,108,-51,49,-121,132,-28,-5,105,-70,-108,-21,-70,-35,31,-39,-38,88,128,153,-12,33,48,-4,53,-83,-150,69,93,-104,-48,-59,142,3,87,60,-3,97,178,20,1,-22,-53,196,-136,-37,64,-59,28,-52,84,-63,-137,-28,-31,4,-134,109,-77,125,-82,30,-23,88,-181,26,54,73,-93,-55,56,64,-54,81,120,36,-18,-48,-92,165,-10,159,-110,29,47,115,69,-120,-108,-43,-94,51,35,57,2
31,108,29,-60,-56,21,37,16,-134,-223,-50,173,66,-4,193,62,79,-87,-7,-51,29,34,7,-82,-121,-47,23,193,-102,30,59,61,-81,54,-6,-32,-127,134,239,160,-8,-49,71,-61,52,34,-76,-52,38,-163,25,74,73,25,-108,-72,49,-29,100,40,-42,119,14,146,18,181,-42,87,-165,24,128,93,-64,-20,24,151,86,42,69,-18,43,11,15,94,-57,-12,-72,-73,230,-66,22,62,207,-130,113,18,31,-123,16,61,41,-24,-103,-138,-135,-200,20,-129,112,-54,51,195,54,-8,10,13,-57,-59,-45,-92,-109,-12,125,-15,77,-98,135,59,33,-163,-144
80,-52,-94,143,85,75,8,70,46,212,-186,199,118,180,-277,23,12,140,98,-60,33,-9,27,-43,40,126,140,78,-24,237,-45,167,-48,-3,122,48,81,17,-109,24,18,-40,-4,75,-97,38,163,-60,216,169,-127,-95,-34,12,-64,106,-78,-49,136,-12,176,101,74,116,200,217,107,-22,0,-3,-108,-8,173,121,-7,-47,-66,-25,100,60,59,-8,22,40,27,103,51,-60,206,138,-35,-72,34,-107,-73,51,132,-53,72,-40,-120,-160,167,187,19,68,-50,1,-13,33,-21,182,176,81,48,6,-142,106,177,170,27,191,48,62,-67,-105,136,74,97,-7,177
44,52,88,-76,40,157,136,12,122,-167,82,56,77,98,57,27,-87,13,-85,-20,104,30,-61,106,-100,52,90,119,-65,26,119,52,-217,-133,-62,59,-94,107,-3,38,-70,-35,-80,79,-30,-69,45,1,-6,24,134,70,11,-122,-86,118,137,53,-83,182,62,-87,82,-46,113,31,43,133,51,61,126,42,-80,-2,44,50,156,-10,-51,-164,43,-25,-79,8,161,121,-87,-106,-1,8,12,-48,-89,36,-36,45,18,-112,-82,24,14,25,32,74,-54,72,26,-45,205,-69,74,-45,54,9,-39,96,-33,23,73,29,-5,11,-90,-35,-89,200,91,112,94,10,-71
