156,-51,-217,-12,-112,198,-37,-18,76,111,88,67,88,73,87,109,220,23,150,93,64,63,220,192,-10,43,100,87,158,84,64,53,155,64,113,-55,-43,-62,2,-100,-16,-65,53,123,75,91,91,204,118,-30,232,251,-11,55,59,249,4,24,57,79,279,57,-75,226,-36,-8,64,110,18,56,142,-94,70,-122,90,37,12,-74,-20,-19,38,20,88,-40,-45,238,274,69,50,229,90,18,9,88,-17,-2,122,116,70,220,120,84,2,36,101,-78,81,-119,101,-112,-59,-13,98,99,113,41,114,26,308,181,234,98,102,63,77,-84,-30,40,-50,7,102,-44,23,102,164,13,136,-14,-137,70,120,71,-37,121,38,137
96,90,187,111,172,77,-41,22,97,2,115,189,200,-49,-108,153,6,117,233,168,105,10,68,237,4,46,91,76,34,153,217,84,129,-81,124,33,218,-125,227,55,266,99,-33,-21,-40,49,-15,-148,128,14,227,-2,-44,57,209,194,172,102,18,148,-17,18,-16,-6,29,-49,-11,13,5,272,93,22,-51,156,205,-12,-103,-6,84,-96,-61,128,35,125,-13,34,57,20,-51,-168,142,-18,32,140,4,113,43,-52,29,43,-185,21,-32,285,43,-96,34,72,-159,39,58,38,-92,27,15,21,33,97,53,-72,62,-32,158,-159,94,8,-35,128,21,72,6,176,37,-95,-184,-67,186,327,142,38,-1,16,-45,165,-101,-28
-94,165,-9,-41,109,42,128,19,-171,168,-6,130,-56,-69,75,118,19,146,235,127,66,-81,287,133,93,-39,-79,188,166,87,91,184,207,106,224,84,141,-42,-70,32,52,-161,-68,130,10,76,64,-99,17,61,46,226,81,30,190,107,-23,-103,41,57,12,-146,100,100,89,94,119,-143,-11,-73,-12,229,-77,-34,127,5,104,-39,129,192,152,12,-56,-23,236,-4,110,249,10,176,-52,-25,223,165,65,-145,-97,-1,-44,74,219,145,-18,46,117,103,84,-82,192,-114,-117,88,75,159,40,-36,135,85,161,149,113,43,-20,17,24,57,186,-128,12,144,173,226,10,-123,51,-214,124,78,3,179,-6,154,-10,139,156,70
-36,121,209,110,-20,23,-70,339,-62,-93,88,24,120,99,13,269,80,-105,-26,58,181,145,128,83,70,49,6,49,196,152,103,-47,13,20,193,152,124,-1,-33,-89,-174,156,-13,171,115,43,67,126,168,61,121,29,-8,128,-52,193,149,173,22,160,-18,-56,214,71,-128,167,-45,198,109,45,113,130,-35,-12,35,74,20,44,30,154,199,81,195,-16,-22,71,-17,116,7,89,230,61,-24,67,86,0,20,-17,31,233,-64,7,154,143,201,-35,179,-149,30,205,298,-29,-51,54,-215,260,58,180,58,23,201,309,113,177,135,131,61,137,88,-107,110,-69,207,13,-52,57,75,181,-53,13,-82,130,23,123,-91,-109
32,-31,-131,170,-123,191,43,66,176,20,157,198,252,-170,-103,59,64,172,171,139,-139,67,37,192,77,339,191,21,83,6,8,-56,31,81,-66,58,-113,-87,9,126,1,-49,23,122,31,211,-26,76,65,-5,146,0,-87,76,156,127,96,-122,182,197,85,132,132,-99,190,-35,-25,85,141,12,158,13,17,24,-72,-30,84,62,164,-168,97,152,239,-70,41,58,39,-143,228,160,121,-46,-21,152,175,67,155,87,-3,-34,-44,99,260,122,147,92,174,236,106,-199,-37,106,129,77,-21,44,-16,-36,71,23,52,2,122,12,187,27,50,188,-151,122,-137,61,118,99,-42,117,93,134,107,28,185,69,-1,-25,-34,17
7,147,46,205,12,6,129,23,47,-41,84,65,118,57,101,122,-41,186,197,293,132,-111,68,77,-43,142,156,83,168,106,-25,75,161,40,177,168,66,-93,-84,226,126,127,55,-19,-47,127,-20,-70,-1,-14,153,57,-90,-122,281,43,93,-210,5,-93,-50,1,58,26,93,85,-208,-76,87,286,77,138,187,-21,23,-12,179,117,86,57,17,233,155,191,319,164,90,127,117,-44,78,-72,93,102,-80,91,-84,-32,-71,-68,46,114,277,256,119,148,151,192,294,19,-199,135,66,137,-58,-2,149,188,146,65,128,-215,22,-24,167,27,-53,11,-45,1,-27,286,80,-32,64,169,-14,120,-72,-8,168,3,-81,-47,60,124
-16,82,116,14,-64,3,67,-119,42,-55,236,44,133,79,-43,-12,-126,281,95,56,-126,261,77,147,62,-24,159,-85,205,-49,201,199,-45,-53,71,224,-161,-13,64,308,146,30,-66,248,77,37,113,74,72,83,58,-42,64,-51,81,-117,121,-24,224,91,4,-8,125,-28,86,27,-49,245,-135,196,-14,139,25,-1,89,-11,143,-126,170,-100,133,-10,-9,-32,116,63,60,46,175,142,2,-186,102,176,11,112,-4,-18,-44,111,27,-106,223,248,104,-14,251,-17,145,99,6,-26,-61,130,27,139,236,-32,39,77,-2,111,85,-42,125,-236,-71,-41,-58,283,38,-81,79,-117,82,107,58,51,7,74,96,138,75,54,24,-15
158,-67,-17,-10,113,117,191,187,-99,68,110,166,36,54,109,-31,-46,145,-93,131,-87,-1,184,75,2,-3,56,123,9,-104,-22,169,53,-43,54,-8,34,-16,68,-63,53,-178,138,247,46,93,21,44,-62,98,222,275,-45,80,100,-126,-39,-21,154,225,-4,-33,317,22,156,103,-62,110,31,74,124,-37,20,-20,-43,102,-17,91,-113,-66,-74,34,-72,94,43,61,139,67,55,-72,123,-57,54,51,36,-76,-34,-41,61,103,151,-171,-54,50,73,86,-42,13,139,-141,54,193,99,-81,-43,88,73,-83,353,78,97,85,147,99,-15,42,174,-42,170,146,-10,86,117,-47,-32,-122,-1,51,-25,80,18,104,44,27,-19,28
183,-277,175,41,192,45,-114,-64,152,-199,167,49,207,88,-72,-154,117,75,98,-83,-136,70,-25,51,181,-36,120,92,115,110,47,145,55,101,220,64,106,173,196,-98,57,20,-36,-78,223,-15,87,74,81,-96,59,160,-119,127,29,210,267,29,69,218,165,129,109,77,-12,-49,-67,187,-146,-91,7,-19,-4,-73,65,-85,-9,-9,22,98,-183,149,-105,208,-49,-33,177,-63,127,23,89,176,11,109,33,131,11,18,143,164,104,105,-80,35,-94,-151,-90,-26,57,12,119,2,18,-50,57,2,-113,-137,117,-81,166,34,-19,-54,-36,38,159,250,171,-92,92,52,238,118,-135,201,118,145,101,96,21,16,18,150,-98,-170
-87,55,-122,-68,72,-128,186,21,70,-38,-16,-166,276,62,-185,23,35,-35,133,136,-70,-22,64,76,60,31,-63,89,-88,-109,-115,-3,-22,131,-98,-32,164,-61,-74,13,-2,-31,196,128,3,-56,-111,-138,53,129,-275,-41,128,100,109,-7,57,-7,211,126,-129,40,-23,111,-74,203,84,25,14,25,141,165,45,-31,37,1,35,-32,56,133,82,101,7,-17,-15,48,137,48,-21,-88,86,56,186,119,89,6,9,40,75,-35,14,146,110,41,134,7,42,65,-97,-21,110,-87,-64,80,29,44,-38,11,1,13,168,117,-21,54,-29,66,-54,-37,1,0,106,-179,68,-25,5,58,-102,-84,32,93,149,189,-65,96,40,-85
56,51,55,28,53,-140,18,-38,121,48,46,42,46,6,106,-170,61,181,245,151,36,-132,58,263,98,98,231,75,189,-118,136,206,39,80,44,114,-118,3,68,214,65,38,108,156,-29,-64,-113,-101,193,130,-110,-18,2,145,31,-88,30,112,182,242,115,88,280,-63,-152,-2,-23,-172,118,33,48,134,129,45,0,-8,161,-29,239,197,-46,-16,80,7,209,15,60,126,-29,160,-17,69,217,94,123,6,33,-6,-68,-46,107,20,220,78,242,100,-7,6,104,5,120,-11,60,171,-20,213,173,-1,-40,-149,184,101,88,14,10,-41,73,-47,51,202,59,-18,226,-61,-141,165,99,178,18,-193,-43,156,55,95,100,53
-21,-93,-24,147,99,-39,241,111,41,156,15,34,-10,101,27,-62,-78,33,-81,-53,-136,62,-57,155,147,10,-54,12,-2,216,-98,41,82,109,41,138,153,48,-50,125,-66,234,-62,62,12,155,154,64,-175,188,-250,20,15,149,-104,-22,-125,87,-168,13,-72,0,-131,-81,-17,-133,192,-42,130,24,66,5,-15,126,75,44,7,-12,-157,120,-21,-107,-178,193,-38,0,-83,-139,147,-238,95,-61,-84,85,-101,22,-60,-194,-180,17,-149,130,45,-68,81,-4,101,-14,-86,-16,83,204,-24,-73,145,-50,47,-22,-96,-75,92,-94,244,-36,83,169,37,182,85,-83,-74,-27,-82,89,110,-86,36,11,-112,13,-69,72,53,-15,84,-26
50,62,-12,309,6,25,2,-21,29,-3,1,52,34,46,24,-44,-38,70,24,81,-14,67,193,2,88,17,-107,245,-33,-22,2,70,123,-133,-23,-39,-55,67,86,-40,-44,-137,-18,-67,194,157,-139,60,178,87,-26,104,67,-147,193,91,-39,191,100,92,-79,-2,209,-67,-42,61,75,169,-180,-182,204,83,-11,-48,-18,67,125,-63,20,34,45,192,-118,-124,-146,9,60,-114,24,61,-40,186,107,71,-1,-93,40,-29,38,60,-49,99,16,83,118,21,87,65,-124,-135,27,60,149,68,89,62,62,-4,53,100,5,125,-116,109,60,84,-105,-52,126,-48,-68,-64,153,-76,46,170,174,195,-78,130,60,34,90,20,60,-283
-155,191,-115,-16,174,-4,-85,148,322,-221,119,244,153,140,64,-104,-82,31,292,196,171,-24,83,106,-146,130,106,65,108,49,108,56,-32,122,94,157,92,53,-68,51,116,-88,227,81,-116,-7,-113,30,60,-12,163,109,-89,127,-29,139,69,-42,-62,67,176,56,302,107,-94,-6,-124,-33,-2,-14,-80,-86,155,71,13,-19,83,-60,68,111,-84,-70,12,14,9,-91,17,153,-9,60,79,-83,58,109,61,199,187,101,155,-77,-1,120,19,279,162,4,52,146,70,42,70,-32,134,97,-113,-13,-12,148,-58,-29,61,-19,44,0,-1,118,-2,63,50,-100,62,-16,24,94,22,68,170,-24,80,-2,97,-200,-92,85,-42,133
-143,110,194,99,-75,-25,-30,84,-97,41,108,105,112,-57,-9,65,7,50,103,199,37,19,175,83,-82,59,-64,84,32,171,-71,-53,177,-80,67,-74,-7,-114,-64,2,-36,165,125,14,159,146,-17,31,17,107,117,78,6,-113,212,65,-34,167,55,171,-45,-139,216,-80,51,7,-104,132,-124,46,83,96,-8,208,157,94,1,-1,129,-37,219,156,105,-18,312,20,91,2,109,223,79,57,52,121,90,70,151,82,69,121,-21,108,208,39,-65,43,230,55,8,20,83,115,11,69,9,169,-29,44,93,171,-41,-8,-22,35,130,147,48,85,106,-104,95,69,149,-100,-158,36,52,192,83,35,86,91,-27,7,140,-44
10,199,-31,302,46,7,-153,30,244,-22,-45,-104,53,-241,-72,25,91,28,137,-36,1,-24,77,15,-47,124,83,252,135,71,-42,117,169,75,165,177,-60,72,-76,-38,79,-22,10,-114,146,-103,-69,58,53,-136,53,105,-111,-130,203,355,206,-63,241,-34,5,-31,201,45,-68,-149,27,32,28,-155,11,47,35,-40,174,93,404,111,133,122,-41,233,82,191,83,-15,58,-62,-29,140,-144,-66,113,139,-77,-102,34,185,-83,-42,-78,138,73,244,-58,222,35,155,151,-95,137,151,123,128,-80,-115,31,-41,-62,90,189,-40,-152,-32,53,7,2,271,94,52,93,88,117,48,66,-3,166,197,-34,307,-128,136,40,-11,-105,-60
152,28,27,58,9,45,107,-31,-101,35,43,-81,174,82,-77,70,-120,-102,-18,-113,-43,-67,111,-1,-114,83,121,131,66,83,16,-254,-45,24,16,-132,-4,84,21,198,2,-24,137,-119,18,143,-79,-131,-53,168,68,-13,-12,-159,122,14,24,-78,9,104,1,7,35,-141,-3,52,-99,155,8,87,138,-59,-80,-179,-28,68,137,112,-24,-59,103,157,-61,-46,-19,55,199,-104,25,-165,-71,74,-118,49,2,49,-10,-157,53,123,113,-6,54,-20,122,-52,35,-16,-64,-146,-46,102,210,196,139,91,200,-50,100,-40,-5,103,211,-9,54,148,-60,-125,16,-12,85,141,242,-36,11,197,23,-16,-117,54,138,13,-18,-96,-17,48
22,-53,79,-9,-13,49,-25,120,159,136,-12,287,124,-71,-36,28,182,236,152,-22,-39,144,168,208,20,79,-34,32,81,69,-14,111,72,-45,134,180,-93,79,116,61,8,140,17,-35,43,30,54,155,124,53,30,74,-118,7,173,115,29,-87,79,67,42,-87,262,20,141,-65,-195,19,105,-94,61,128,-30,125,122,-137,-78,163,179,6,147,167,-72,112,97,40,71,31,57,164,62,59,240,100,-33,12,147,32,60,233,-138,80,76,119,209,-55,181,79,176,-23,-80,60,-57,58,-96,7,237,45,272,56,47,-67,249,121,11,-11,-40,-4,-95,-56,24,63,92,-22,-118,72,281,145,-18,-153,108,123,150,158,67,158
-176,-164,-57,157,171,-24,-162,-3,-28,-73,-97,11,78,-172,-79,230,94,230,62,-231,38,41,-19,199,18,294,110,-86,-50,89,14,281,32,169,107,56,134,-38,27,-22,-15,-32,-110,127,-120,50,38,88,112,-204,-107,-2,-47,92,197,60,-75,-26,92,83,87,14,108,43,15,-89,80,-109,77,82,-14,44,-46,-104,51,-59,13,-10,138,-9,81,-24,50,84,119,81,186,-43,16,65,-3,147,170,164,30,-136,-36,135,216,-116,96,238,94,248,78,47,-111,110,147,95,-95,24,43,215,-55,39,115,155,-112,108,231,-34,-24,92,-221,58,39,17,-124,102,62,9,-77,-70,40,247,107,22,57,-21,57,32,98,-8,-30,72
-23,28,167,114,107,-32,-222,0,178,-31,114,-162,7,37,36,94,46,-3,70,115,139,27,69,135,-112,102,81,319,-93,114,75,86,38,68,59,33,196,-92,0,-5,94,19,-78,-19,106,-24,123,-57,131,135,149,15,37,171,58,37,132,168,56,3,75,146,-8,106,30,-52,-77,-18,231,44,-181,252,-36,2,53,36,57,-77,-30,-81,131,29,112,194,4,89,67,-114,10,66,-150,119,34,69,-37,58,227,46,-24,-124,204,59,-69,-47,-192,-78,77,-14,97,-15,94,-48,105,3,-63,6,-11,26,89,-99,95,-149,113,-19,-86,146,-49,159,74,13,-92,24,-13,46,-8,-50,77,16,32,85,-69,17,48,295,1,49
128,148,-16,70,79,62,155,42,81,15,200,-58,128,243,183,-76,103,231,123,182,77,95,129,80,-78,-13,261,20,239,49,-1,114,4,-111,152,132,-15,133,50,53,196,101,1,50,123,152,-152,-50,-39,50,99,82,-107,166,25,103,49,69,-96,46,62,-26,118,184,-69,157,-104,-33,130,8,342,-69,284,104,-30,-157,165,254,63,292,9,182,-36,174,163,73,59,9,24,85,37,79,188,-32,-65,173,-119,2,-27,25,-13,29,204,102,10,79,-16,153,32,161,0,28,23,-201,7,-26,220,95,92,77,104,101,-109,198,135,-62,-5,1,-29,72,96,11,267,-131,-95,158,188,-120,-45,-97,59,-5,46,143,-68,-90
-47,-102,79,108,16,96,-19,74,113,132,165,107,-75,75,-17,-86,2,161,124,299,5,45,-97,164,4,152,-47,42,-13,88,98,28,-108,1,40,-80,90,-117,-28,212,172,126,74,284,139,126,224,-77,-1,65,85,56,44,-5,62,22,-59,-37,127,117,37,-23,181,181,-114,39,-185,-30,71,84,171,41,-128,-59,18,79,111,-22,113,-39,133,151,-5,140,143,75,94,165,197,-31,211,-46,7,102,123,-35,-33,115,28,92,48,-13,221,191,134,243,-23,49,281,7,207,-62,68,-56,-81,125,97,52,-42,-46,284,111,-78,27,116,28,90,13,250,89,-39,-34,161,14,-152,55,-39,72,-39,43,82,160,-94,73,27,-39
-36,4,44,212,190,22,-119,88,22,152,-139,181,125,-129,-64,-173,93,126,53,0,-13,7,242,85,69,160,17,227,110,-19,-60,132,117,97,6,108,-2,65,105,-24,35,-16,69,98,21,14,-116,85,99,175,40,-1,67,158,-24,114,85,118,10,-72,19,110,132,5,-75,-153,-39,-30,99,-161,-78,22,-84,169,112,62,105,-59,111,188,-33,-147,-9,63,-116,-56,111,9,-58,-25,0,-33,67,46,-51,-3,-46,14,75,46,3,189,6,202,120,-130,-36,40,-54,-65,75,226,279,80,-59,-7,-23,51,-116,-109,147,72,93,88,180,313,86,147,23,64,9,-28,117,42,27,-201,155,183,151,180,7,105,4,88,3,45
81,70,51,13,-3,-19,24,-18,60,-104,60,-20,-41,-53,60,-80,-88,2,133,119,68,-16,159,-63,-122,-125,179,124,-105,133,43,206,70,56,325,-45,116,112,-125,-51,94,142,-52,-11,-70,-68,96,177,139,105,-41,82,-95,-109,-1,60,16,54,15,70,70,80,-86,-49,-35,-139,167,91,-52,127,-115,-9,-41,59,-7,-34,-140,-47,188,-64,-57,-129,49,275,59,54,111,-46,-59,-57,-82,-112,171,312,-114,237,78,-107,51,184,116,-49,-27,35,-100,-124,155,11,70,-57,-91,79,71,16,25,251,-101,-92,-16,-128,54,-105,-46,-116,111,133,69,33,121,15,-16,83,89,-193,-279,-24,-162,-54,164,115,-102,63,11,72,-73,61
22,-118,-208,45,64,158,100,196,53,121,139,91,304,-107,97,12,237,262,253,94,113,38,87,206,141,-12,109,49,-3,92,262,94,124,167,103,27,-20,85,57,166,119,14,-22,242,67,188,198,128,0,-26,166,192,50,-26,242,57,10,135,83,99,255,61,210,423,-26,-117,25,87,-89,-94,231,-78,65,118,47,118,101,155,69,107,-32,227,3,230,-182,23,62,24,-136,371,72,21,320,-39,-3,323,-128,-24,-12,187,-202,35,144,108,115,197,57,102,70,33,280,106,26,187,57,0,118,-18,78,135,199,33,27,-48,129,16,-40,121,29,104,29,110,144,-118,118,101,189,33,-41,-74,-31,-50,-63,-54,-33,20
185,126,-67,166,30,-74,100,97,-1,24,49,31,217,-71,101,25,-6,182,135,65,132,74,-20,46,-108,243,67,-1,16,-26,-6,20,176,39,133,-176,0,9,3,76,-104,60,10,91,-42,13,42,34,-54,89,74,185,-57,12,26,13,-106,205,108,122,103,-5,103,-87,-144,-37,105,8,75,162,-5,-5,26,27,23,-13,219,59,144,33,66,-23,-1,116,105,119,-90,1,209,15,-41,125,104,69,-64,-69,-14,24,66,-14,-68,84,-66,-41,109,114,30,183,-6,61,76,108,119,42,93,131,-14,5,32,-16,67,-157,-120,5,95,10,-26,-24,-8,27,-29,-18,29,6,-82,121,-18,80,-153,-30,158,128,89,84,19,-17
66,33,141,-76,99,-73,45,-65,68,34,153,-104,-34,177,184,59,-45,-1,252,-17,-131,50,26,-20,-46,96,35,97,-145,-15,-133,44,91,-87,145,121,36,126,261,-11,87,43,158,34,168,166,-44,24,12,163,-94,-15,-96,-205,-40,112,18,-65,86,41,-39,-125,31,293,-64,135,47,45,230,-16,78,-112,-73,79,23,7,-16,81,-109,194,75,61,-56,167,-256,29,52,-27,142,60,-16,262,1,-63,110,-4,-131,43,-10,-23,18,14,64,-50,-53,100,10,-14,-18,114,-17,-23,-48,-194,-3,52,-117,-57,126,12,134,108,7,-115,-166,118,44,90,83,-78,-98,40,-21,-24,68,50,-5,-115,27,-33,27,7,188,21,31,29
-64,63,138,-25,156,-43,-18,205,26,-181,131,94,-78,-27,135,91,5,98,-71,-208,15,108,84,-98,-35,91,24,-120,167,66,-108,-93,81,67,25,260,-30,75,-50,217,-101,-118,-66,30,113,183,-23,111,69,56,111,22,-6,41,15,48,76,47,128,-76,116,196,121,-69,298,-69,-55,207,3,-148,-44,-68,-130,47,24,-36,-32,45,121,-2,-69,3,-111,-102,-122,54,-76,43,138,-64,11,31,23,67,-157,98,51,-23,-33,57,58,101,112,-12,42,-155,-38,73,-27,-50,45,-41,52,66,-67,-45,-170,69,1,-242,-62,63,264,-10,129,-38,49,-33,-65,-156,10,173,-31,-1,19,44,6,-11,41,24,55,5,94,-132,59,67
-63,-44,-71,-41,5,138,-221,-28,98,-151,144,-62,44,-34,95,22,-49,-10,130,-41,-20,6,-84,46,37,-242,86,167,-10,50,62,-8,24,-46,12,-115,128,-54,124,142,28,-119,3,116,78,108,141,-61,-14,95,254,166,74,-111,-163,-37,37,-72,21,39,38,-10,36,293,-51,26,-174,140,131,5,21,-29,11,205,-121,38,106,-33,-95,-82,-217,32,40,95,145,91,126,49,-96,71,103,93,-58,-149,9,158,111,135,57,-70,-24,-37,9,-89,-4,40,87,-27,125,-37,-63,-37,65,16,-109,79,20,187,143,137,57,53,40,7,-37,-85,167,40,25,35,-137,-56,-177,170,165,-188,-39,94,67,16,118,42,-153,81,-19,163
-113,101,-35,-49,7,-34,82,155,69,-11,42,167,-29,158,12,26,241,118,66,200,184,47,38,180,-28,91,39,89,65,160,-59,-110,70,32,33,367,-108,-83,62,-7,-77,169,47,247,42,173,181,-94,-57,-18,-66,50,77,-99,59,58,36,122,69,34,154,-154,152,144,-54,86,212,-96,65,113,223,17,-98,-272,-26,37,10,60,43,219,114,169,-63,166,-25,74,-108,27,3,-110,82,-171,36,104,15,161,88,-33,-123,-40,227,114,-8,-8,322,86,61,25,48,-81,165,108,-245,117,-91,148,24,171,68,-181,362,73,196,23,119,66,67,98,15,-84,-17,16,33,-37,97,220,39,50,80,-85,124,79,125,69,-17,166
-186,38,191,95,46,-32,106,130,25,132,171,124,-20,107,95,11,-8,7,213,290,146,10,-129,168,-108,300,-23,-36,175,189,89,-88,-75,-22,59,-79,-78,-83,-80,261,9,-60,71,-86,57,89,41,-56,-76,17,58,-53,198,-17,117,43,-43,206,73,25,163,-120,67,-39,-89,35,120,130,-49,84,209,126,133,69,37,237,154,71,270,69,177,132,79,-76,278,113,93,67,70,85,70,-149,6,-39,-41,67,108,98,46,-158,21,-139,131,167,97,45,141,127,96,104,118,45,-22,70,-36,11,163,2,-110,-113,151,-52,156,74,263,-56,-114,44,183,75,-20,167,-26,-140,1,-59,52,162,50,-23,-1,-50,-26,4,-13,30
117,-8,-3,126,4,137,-55,-47,-105,73,206,60,-244,37,129,65,-19,9,75,136,118,111,13,-23,-235,135,-52,46,-73,81,65,3,98,-78,104,-109,-119,-61,-66,-17,54,0,-76,67,196,194,153,-84,-147,12,151,132,-91,88,-79,206,84,-13,16,56,25,55,-44,-9,-89,109,58,113,15,-45,82,33,85,89,-45,93,69,-37,9,-45,-45,149,174,57,92,-41,48,52,34,248,41,-214,-38,67,-79,35,-107,154,-82,29,127,-142,138,146,-81,181,-19,64,126,208,140,10,69,-46,-70,142,-60,-21,-14,46,97,-78,49,64,-35,-111,33,-132,170,28,-158,94,54,92,48,76,-10,123,-91,102,-51,75,-18,233,-35,149
-89,190,49,-64,82,-136,-85,-97,61,147,-54,-117,-48,102,-120,-95,91,62,-157,260,37,48,85,-64,28,38,42,107,-85,-64,8,38,165,-74,-83,25,-55,-205,111,30,107,20,108,-54,161,-175,-110,-92,5,-114,-152,56,106,-28,188,4,179,14,157,-74,5,66,-89,-6,85,263,-95,113,-59,152,142,153,166,-124,40,166,-47,-6,112,69,34,130,416,29,25,4,-4,139,198,-128,35,-43,-95,-43,25,-34,-18,-82,29,101,204,-62,282,180,-146,116,-56,10,202,80,-131,16,120,39,-300,-73,-95,79,117,-91,175,-79,-18,45,18,125,-134,1,-73,74,100,89,70,-70,-97,110,-101,-27,179,163,135,-8,-64,101,-55,232
-79,161,0,71,178,-35,-39,-12,35,-141,40,-43,65,19,9,106,-112,-49,217,72,94,-119,279,-88,26,-96,22,180,-88,50,-87,-14,57,81,220,-29,-1,55,-51,50,0,76,152,61,196,-61,-56,-166,39,307,-78,-66,109,-102,137,-15,-39,-63,17,41,-61,112,-64,115,32,-26,1,61,-12,-81,-94,63,16,116,223,182,394,35,144,-29,89,15,91,182,240,3,162,47,-52,114,-19,113,44,153,107,151,78,-13,53,-25,143,-24,-9,-33,-20,-23,4,4,94,-154,79,84,47,-20,-35,162,-43,63,-133,120,217,149,75,-120,-36,-9,37,-38,-16,80,-158,85,135,-96,48,64,132,91,109,7,-108,135,-131,73,81,189
-1,9,-38,60,-140,11,-63,5,204,105,70,18,140,-59,-205,-55,33,-90,165,54,219,52,148,104,36,70,57,181,45,27,-31,18,-27,-89,171,-1,-42,-63,-4,36,6,120,10,-76,130,13,29,75,141,88,-2,-65,119,61,24,-22,23,115,-107,-13,30,-131,-78,-150,-162,152,-102,-3,73,56,-76,77,-53,135,93,-147,-64,-103,102,-7,227,5,292,58,6,11,2,49,140,104,67,117,-114,194,72,115,-69,65,81,165,84,59,135,223,149,41,59,-78,100,45,45,123,136,44,51,83,16,-40,23,171,46,-50,132,254,133,194,4,145,-163,-48,-53,-101,80,-54,40,98,189,14,12,13,244,157,-50,120,6,151
159,116,72,57,17,-51,136,-15,87,-7,102,-1,110,47,75,-76,14,8,44,-61,5,-56,-146,24,-16,66,188,-99,61,-194,85,65,-11,-39,-60,13,62,99,25,144,51,-134,63,35,-74,-32,-108,-99,-22,-27,-125,71,-93,205,-75,130,143,50,204,10,12,-80,25,-115,-129,155,53,0,-38,-39,92,100,144,-61,49,-62,154,-63,3,118,-30,6,130,-83,25,-3,-192,-49,49,27,-147,61,8,61,61,-46,0,16,-1,0,-49,-88,-86,133,23,76,-215,90,-116,10,181,-86,106,58,-52,23,79,-45,51,-151,-6,-44,10,-32,-97,-113,-59,43,-68,112,18,67,27,31,47,-102,221,-37,-63,-66,-14,42,268,74,-87,-124
-6,-66,-99,151,-118,-28,26,111,180,122,-36,99,37,-167,12,-31,32,128,68,-28,37,-35,190,189,72,5,86,67,44,-127,101,42,-98,-166,40,-106,-167,70,-4,28,48,-13,196,180,73,199,41,96,171,217,83,69,-32,-43,94,-37,-205,70,155,79,89,108,117,68,-169,96,-148,40,-4,-54,235,-202,130,52,-44,52,-14,-9,-186,-8,-2,-88,178,14,59,-2,49,98,98,127,101,272,-71,143,58,-93,58,226,39,205,-133,52,252,153,48,302,56,168,-59,-82,-95,55,131,-70,-120,35,-46,67,120,157,53,104,162,121,18,92,9,109,-63,63,17,-3,127,-139,43,150,85,12,-134,-78,24,136,183,-142,-7,142
-78,-116,42,-16,102,64,83,209,41,75,100,24,-53,-33,156,-16,134,66,50,169,241,-81,-76,118,-17,158,58,1,-203,82,-33,43,-25,-32,95,-98,116,37,7,108,-29,90,111,19,-38,14,-16,100,22,10,121,-17,93,30,30,42,-101,-22,-54,220,-119,-91,-87,216,23,-9,161,-47,-8,-58,61,-53,-15,-38,-96,-51,130,-15,-17,51,181,-21,-28,286,-65,-54,22,-152,38,-12,105,10,-87,33,193,-130,120,-16,-98,-8,88,18,-66,67,200,58,-83,-5,-88,-20,0,56,-100,5,-68,226,-28,-67,56,27,143,248,8,-76,48,37,-45,-40,-71,-76,-203,-73,-54,-67,51,60,37,-88,-13,112,-26,-117,-107,147,-74,-78
-93,-169,25,-13,35,49,115,-3,49,72,213,-76,29,82,-38,-18,9,52,62,191,107,-37,81,44,-162,117,105,63,173,263,10,-87,-148,30,86,-37,114,-161,-19,240,28,-13,-99,-23,-16,227,29,-102,143,120,17,-126,-7,146,54,7,29,4,-126,107,62,60,-2,51,-14,109,35,38,50,-6,9,103,117,-189,58,-256,142,76,27,38,192,-30,-74,169,97,105,10,59,314,-98,101,-14,-184,77,28,61,13,53,-41,47,258,220,122,-95,170,-23,-120,94,226,-1,-46,-59,159,-38,26,146,16,-3,155,-74,174,-65,-26,89,130,145,14,74,64,-218,24,139,57,88,-81,-32,-129,-51,37,8,-16,121,-268,145,109,107
-57,-60,-39,-49,146,112,17,96,85,13,73,225,-22,-97,89,-10,-228,150,-51,-106,87,-8,-10,160,44,-28,114,-99,112,-68,52,186,125,67,193,56,109,259,51,127,68,22,-46,80,-17,44,-42,-32,-148,100,130,168,5,-53,-77,35,-115,88,-13,63,86,-17,65,-200,-129,142,11,68,9,69,83,-50,76,93,98,56,50,-74,59,73,-9,-15,-39,-260,29,-19,-31,22,5,170,83,143,43,-116,-32,-123,-234,-236,-65,32,-118,90,65,197,133,-7,-42,9,-51,105,12,169,131,70,77,-73,162,74,-71,-120,68,201,70,-44,29,133,-132,89,116,28,-35,72,189,-36,217,99,186,79,-194,-121,-27,23,87,132,122,-62
239,7,-74,118,20,60,57,5,68,-8,5,-288,128,3,-35,77,179,129,-38,-126,-104,97,-19,-8,83,-90,-113,-103,-45,-56,47,94,-42,-34,-43,-31,119,-22,103,0,-61,-79,-70,77,75,-87,35,45,182,89,-47,-257,92,75,142,-52,-82,-35,87,-15,18,79,-122,146,105,-59,45,65,-54,23,-78,18,-12,99,20,22,218,98,-100,-196,234,-144,85,-57,-37,-52,154,1,-99,-10,-59,128,113,-52,-7,-61,40,62,207,-18,-122,51,-40,0,21,108,-39,60,118,-15,44,-138,-232,49,43,-12,71,-20,91,203,69,69,-64,-63,18,85,-27,108,-12,199,24,-81,45,125,6,147,48,-36,139,-79,-27,68,-135,-61,103,54
32,-7,-16,-182,36,-50,-125,-28,95,-60,148,-153,239,20,-73,272,-57,237,194,29,-17,108,129,19,-100,57,-9,84,-46,41,144,55,125,138,248,-1,277,-80,60,-211,-13,109,108,181,-26,27,178,-176,33,-68,-96,110,-17,87,103,74,97,173,110,-20,-57,-31,-105,110,-148,-183,157,-15,59,12,156,-22,-153,-45,159,-2,-76,-74,21,72,-83,-2,165,14,-18,170,-16,-54,137,8,57,160,147,213,114,-61,-85,11,103,157,70,40,-57,-56,122,-28,-65,27,-8,-80,226,-120,-164,42,140,336,161,71,-42,-12,215,129,-173,-28,-5,-120,135,76,-39,53,218,7,92,-70,-40,70,-59,-93,-100,106,-21,98,-26,67,-70,-138
-179,88,-69,-89,-18,-33,-168,3,-133,11,6,-74,-98,-67,-48,-29,-157,-38,-115,-77,-75,-56,-162,-101,-71,46,-102,-24,-219,-111,209,-47,101,-103,-83,216,-176,-180,-38,-71,-72,-109,-27,127,-58,-30,80,-44,-61,-89,96,126,-54,-208,-68,73,57,89,70,99,-158,-23,9,-7,-58,-173,-203,-106,-11,-59,-108,34,-3,65,-91,-24,20,-65,31,-61,-28,-81,67,15,-68,24,-139,-168,-88,16,-62,-12,-29,-67,218,14,159,-57,-141,-54,65,30,-14,-32,37,33,-18,196,-120,-15,25,48,37,16,-93,-109,-179,155,-67,-117,-49,-81,-121,107,-155,-13,-142,-104,-101,66,-16,-42,-176,86,175,24,79,24,167,45,-93,-26,31,-250,-15,-27
3,36,-113,42,-78,109,-286,0,287,14,94,-74,-66,37,16,-16,163,49,144,-79,58,-89,-17,84,81,150,45,-86,66,31,-56,205,70,88,5,70,-39,-9,-80,163,-104,9,9,-2,15,-125,-124,-98,31,-220,-58,59,-93,-114,85,198,-152,-150,-155,47,-41,-30,126,15,-72,-52,-29,-194,26,216,59,-14,177,-64,122,-102,164,-72,145,-130,32,-120,178,-16,245,26,110,-183,-114,47,60,-92,117,-14,25,7,99,241,18,-127,204,202,15,149,-59,-114,-133,23,158,-47,-56,81,-61,240,42,33,160,36,-148,0,219,128,-3,168,-89,57,-99,-51,-62,221,-107,-96,-82,148,101,64,271,-136,86,100,-22,-46,-14,-48,-78,128
-128,90,-14,175,-1,76,54,97,0,58,58,59,190,89,7,-129,101,58,211,98,0,72,64,73,-35,-167,-6,8,-44,4,82,266,118,-87,20,86,-105,-21,142,110,-138,29,-126,-14,175,202,-2,-65,15,111,112,40,-2,-35,123,144,31,13,-21,119,8,85,74,-71,29,191,42,170,-37,47,359,99,111,36,-38,-18,84,-81,0,-24,35,80,59,41,74,212,81,-67,51,43,19,-78,189,-133,-55,113,101,-72,28,-9,67,76,36,91,56,-1,135,-25,81,64,-59,-11,98,-5,-158,20,60,-25,168,-67,204,6,55,-20,47,4,-43,155,25,202,-90,104,-108,60,46,-28,126,18,74,41,31,-30,-35,-88,-80,54
-8,91,-154,-35,-38,95,272,207,-106,-8,-58,127,71,23,-143,-24,188,-35,-59,35,128,138,4,128,123,127,-44,-88,135,-148,-38,54,26,7,64,-8,91,6,-105,53,-15,4,68,-22,-27,75,50,-18,-201,-58,-52,-13,-46,159,-49,-50,40,15,-39,135,-132,140,-11,23,187,65,-7,24,115,-24,36,24,179,-138,-84,-120,-25,129,-6,53,-115,21,25,89,-111,-52,-242,-121,-63,-137,59,-125,-6,56,54,54,-89,-90,-123,-85,149,25,168,12,60,-53,62,-112,-43,-136,34,6,-102,45,127,-57,-74,-123,-35,-186,230,56,45,-4,-31,9,-83,94,59,90,245,78,-21,-104,-97,137,-11,16,41,123,74,-13,-80,17,-77,-86
33,-155,42,11,44,-8,149,90,78,65,133,-5,83,45,165,-152,-47,96,83,90,50,230,80,113,-110,144,34,36,70,-102,-69,88,151,53,149,-4,41,103,294,98,-20,77,260,99,-3,68,109,106,-80,84,-131,-38,-34,69,29,97,109,66,86,87,2,131,50,-41,152,33,-45,155,77,111,0,-2,126,138,61,57,-53,89,138,302,-49,97,41,-47,56,42,-226,283,203,163,118,-118,96,169,-77,-236,-142,-37,-28,153,69,-76,343,356,174,187,-77,2,101,-44,-65,238,132,62,-88,-11,97,108,170,-171,179,-73,132,-77,-103,58,62,275,83,12,98,50,77,-41,-40,235,-92,-69,-90,23,110,127,96,99,-2,198
132,103,25,-22,-191,-157,-136,131,143,52,-69,126,-13,82,-46,280,-128,-95,326,66,37,-169,267,179,147,-99,-121,233,53,109,115,6,181,175,169,65,98,33,11,34,-27,-196,36,69,-92,72,-30,76,-58,86,19,88,-134,-171,70,-5,-45,-111,-83,-10,212,-67,-20,32,67,-110,58,97,-59,21,142,-52,63,139,160,353,92,-16,13,122,76,61,129,-156,132,130,266,104,-135,55,76,31,74,79,76,-107,30,2,163,23,-6,-88,35,84,37,67,79,36,81,-107,-209,-19,-117,146,-18,-33,136,19,40,19,172,84,41,-38,-37,-44,82,211,55,100,46,173,112,-69,81,-169,23,169,-106,193,-103,-136,61,47,26,83
31,-10,-39,39,-5,113,-102,-25,173,-42,-10,-26,-162,81,96,79,268,138,125,89,103,72,146,-46,120,4,118,82,-33,73,69,105,36,17,-5,52,-52,92,-52,110,156,185,-52,89,233,-134,25,-120,68,15,-219,139,179,146,58,184,53,30,233,47,27,-22,178,38,35,-10,6,-101,83,71,35,37,63,9,-18,35,-37,41,-227,31,6,-22,92,138,-46,-167,116,16,131,82,88,47,45,12,150,49,56,39,-109,-23,122,20,281,-70,-59,-98,-62,-37,63,-18,31,-52,-2,-39,31,-55,-37,-9,-38,61,161,-38,25,156,29,-56,-109,-67,120,116,-149,124,138,23,-7,-82,169,-3,-42,143,-14,141,151,96,65,134
114,-92,61,-55,26,134,34,138,151,-45,80,28,-73,7,196,-23,112,108,372,177,25,-68,-11,56,80,136,-157,38,108,87,68,18,75,0,-3,45,48,-35,133,82,31,25,98,194,-147,-2,2,234,51,85,69,267,67,13,200,350,-151,16,104,138,30,-13,379,-1,83,-129,48,119,-45,25,-92,85,157,96,107,-13,132,196,151,173,49,-28,121,114,70,-7,95,-75,-183,361,146,380,196,-97,34,72,128,94,80,64,33,133,120,25,9,56,-9,92,213,55,-40,148,-43,32,90,-106,42,124,-72,-70,90,56,94,158,86,166,4,70,220,158,-77,52,158,126,69,-26,285,114,101,-68,-86,145,118,-155,161,61
29,27,57,-24,171,-255,-41,126,132,97,104,18,-235,77,123,-98,91,146,-42,141,155,-147,155,13,132,87,203,-119,219,-132,89,56,48,87,284,54,128,166,-87,-66,57,-71,-10,-180,-38,-171,-100,-41,24,-29,-30,-2,2,172,-15,117,29,184,-23,73,135,177,84,21,-9,-3,-145,8,100,-61,136,41,-29,21,-21,-32,-66,-22,144,26,-30,-113,24,-121,11,-32,186,-19,170,-140,-161,-79,79,81,-113,-98,-43,-61,124,42,167,86,40,71,-44,-171,29,83,-43,-86,185,-17,-91,-1,87,96,64,-9,106,18,17,45,66,-70,-59,-25,-33,-95,91,-78,242,-18,178,-142,-28,45,59,49,154,-94,-12,-40,-18,25,91,-183
16,-16,16,188,198,206,62,265,159,-59,232,-6,47,-58,125,110,147,231,159,226,9,66,123,8,-68,-79,-23,85,47,250,-6,102,49,155,29,49,176,134,247,84,246,115,-69,247,8,120,127,87,-6,256,223,61,174,133,60,207,30,20,-9,27,-28,38,139,146,14,134,-21,162,110,41,14,-32,-47,14,33,58,155,68,-86,-10,110,48,-83,278,-89,36,190,-24,-36,-36,311,-121,112,11,-46,133,120,41,-4,50,58,119,-105,155,137,26,70,13,179,-42,-18,79,32,-40,51,-98,57,-76,84,46,201,50,95,-12,158,154,98,214,34,45,-56,62,43,-41,139,-88,150,85,-2,-33,-88,113,-151,171,-169,188
48,50,-62,23,-79,64,55,107,-131,-35,53,116,211,80,-81,85,0,31,188,39,-7,84,297,30,-100,56,-25,-67,-57,-183,28,6,35,-77,-136,-61,-13,-19,53,-28,83,128,166,73,92,120,122,41,50,12,225,160,-25,-44,22,-21,30,72,49,138,-146,176,18,43,15,5,-192,3,79,82,-29,-4,11,168,128,22,257,68,-6,-69,-63,83,298,-5,60,26,-21,82,22,67,163,205,-73,57,62,235,80,69,-61,-134,-25,33,105,71,124,41,256,181,-93,-20,-21,146,201,104,-33,188,-133,97,60,223,115,79,88,74,113,-78,78,-71,-113,1,-88,3,-39,179,-29,-54,32,97,35,-10,271,147,-32,-3,-45,204
143,-143,124,-37,60,10,-3,56,83,-13,158,57,27,49,-14,13,135,-36,106,268,104,35,-110,162,63,42,28,181,-8,54,130,-133,-63,24,92,238,-194,55,60,4,-11,-110,-58,33,-138,-72,60,-21,60,124,-195,1,-112,126,18,99,-49,-234,108,119,249,-49,135,128,-161,-121,-53,-151,-31,71,-61,235,138,-60,118,-54,242,16,49,224,183,20,-16,142,93,23,47,160,84,10,48,-199,54,37,39,86,82,77,268,75,-37,67,-21,102,58,25,-184,229,134,124,20,136,31,57,-12,113,14,30,-62,-80,-50,-50,54,193,-63,-5,67,-160,-34,71,-163,159,116,-31,79,-39,94,-27,-24,44,-150,-45,124,93,90,137
158,190,-8,264,63,-51,-172,38,73,-18,27,161,-59,98,80,-90,-74,-55,-17,23,5,-39,-44,69,28,61,60,121,16,-20,-46,143,85,41,26,86,-135,-32,-3,45,145,70,-87,-17,185,-60,-57,-26,57,33,109,4,10,-61,59,133,60,184,49,164,194,174,13,-3,-46,-55,94,-91,-45,115,-22,138,50,-1,51,175,92,-246,282,-30,45,86,105,147,-145,16,122,-149,32,-130,-46,-157,-66,47,-52,281,131,140,27,95,-94,153,-41,271,-40,76,-21,185,73,103,183,-5,-33,34,-47,13,-77,30,-113,-78,65,121,-44,-117,-44,85,-35,82,80,-26,-51,20,91,125,6,66,66,1,-32,115,98,-17,-15,60,-77,-37
158,47,-118,-85,-53,-47,68,-40,-61,-31,-22,-121,223,56,-32,-128,-139,-76,122,-67,165,-16,95,28,198,-28,134,-38,39,154,71,111,198,81,115,-11,118,112,135,1,-176,-29,36,90,68,27,231,88,-148,-85,-69,242,-68,82,139,-182,238,-168,74,30,112,-98,-27,220,-93,-74,83,-4,-142,114,-13,174,173,21,227,176,131,-6,-38,-51,146,-29,70,-3,-51,-143,39,-2,-92,127,-145,130,77,103,33,11,-52,-125,76,149,-71,208,48,-19,-111,44,-100,83,27,139,133,-12,-82,46,43,-5,137,6,68,65,98,-3,-215,-152,-41,-77,37,46,113,221,94,69,166,-13,-121,84,-18,-64,-14,-56,-46,-43,-36,237,-49,-58
71,-96,-148,-74,97,329,-4,-29,142,-124,74,35,206,217,122,51,97,-62,308,112,-65,2,123,-78,185,33,32,269,56,-95,205,1,133,163,12,26,54,85,-37,47,-30,75,-26,-2,207,-36,137,-92,85,40,-5,128,46,153,160,158,57,144,52,98,162,151,142,27,10,-37,-203,-70,117,113,-56,110,37,99,65,0,238,121,72,44,-38,125,102,134,13,46,169,-75,221,20,-19,86,102,143,-9,100,100,16,57,183,-10,217,184,46,17,-64,120,105,14,74,-9,110,149,88,43,243,167,153,-25,51,73,-22,20,61,192,4,41,1,113,84,5,87,-7,132,95,168,189,114,82,176,100,127,74,111,114,-54
-62,41,-101,35,-64,-65,52,97,-4,29,279,137,-121,182,70,63,-17,206,-33,287,106,124,-120,148,-51,131,-52,-151,-20,-47,32,73,105,-28,184,-8,8,73,204,80,203,17,8,48,133,255,18,-114,9,-103,-135,89,56,18,107,63,23,-58,-115,121,165,-112,90,-31,59,-80,40,106,-22,134,33,43,-88,30,52,55,-28,-32,189,236,198,-48,-147,104,119,-15,-31,13,101,-86,63,-200,99,93,105,-3,-138,-63,-61,-14,39,-51,146,282,99,57,-164,80,223,-49,-30,41,-118,-54,227,104,-18,48,-142,-46,153,125,-28,-46,27,-40,126,168,66,53,-93,-5,215,-129,-11,261,-96,-34,-60,202,-44,69,-63,51,85,-165
125,153,-7,243,-31,-103,128,3,-12,141,-20,-79,-51,169,-41,-40,-14,144,-109,113,13,-95,125,21,-6,-6,72,-64,140,40,17,-1,92,-42,48,96,-171,57,58,106,185,-70,144,75,139,-33,134,144,70,169,-131,131,-32,99,136,-21,34,-77,49,177,129,173,-32,39,-149,36,-223,79,154,135,73,194,131,-35,175,67,69,-28,233,-49,-77,-144,88,-103,26,-76,114,197,21,-3,104,21,-43,90,-202,8,-47,-33,22,208,-23,16,215,198,38,117,-9,102,117,-88,-190,143,146,6,8,28,-16,124,54,-118,-86,8,245,12,80,44,39,95,86,72,-11,-21,171,190,-11,60,-107,-55,-180,36,201,6,-77,212,-4,117
223,-167,-32,49,-50,-92,-130,160,75,-19,-114,-85,56,-7,121,-18,92,-125,32,-59,-136,-5,16,-31,194,142,-31,-30,54,-49,-8,-120,138,106,78,-25,-50,24,0,-97,-10,-56,91,74,-66,-56,89,14,-69,106,81,87,1,-43,40,131,-39,114,149,-69,65,80,116,64,-17,233,-69,-49,100,71,-28,-40,-93,-24,7,-60,-19,-104,57,94,-47,-152,90,-53,100,-23,59,110,8,94,-156,-161,7,-58,93,14,185,80,85,45,55,162,-10,136,-88,34,-19,-31,15,49,92,-73,110,118,37,73,-120,98,-35,-26,173,74,52,23,-120,157,151,-89,-24,-127,-33,52,167,194,60,-7,192,58,35,-3,25,59,73,-283,-41,73
45,68,115,17,16,2,150,130,185,-173,119,225,184,133,-14,11,71,226,200,126,150,-4,-53,34,-40,248,-67,-59,184,57,164,175,104,79,55,206,46,145,55,81,203,-67,216,289,-21,98,-152,-22,-66,67,10,195,-89,24,101,194,13,-10,139,270,81,50,137,190,-66,-205,-221,127,115,-90,37,-42,-82,247,280,54,154,-38,0,177,66,-74,-28,-15,12,-2,74,116,33,34,64,264,192,81,35,82,24,-6,25,72,-158,-63,104,111,80,25,74,72,-86,27,68,215,-10,-105,-19,18,-117,29,-90,-94,47,107,189,-141,89,75,97,210,51,6,-35,194,208,-28,-99,22,157,69,68,40,70,72,78,199,57,-106
-239,-126,69,50,37,105,-51,-103,70,154,11,42,-62,36,-41,-71,33,4,14,42,-231,126,-136,126,72,20,-127,-6,-45,4,43,67,171,-104,7,-16,-227,-77,184,-92,-13,-91,224,64,57,47,3,-73,211,-88,-126,30,64,-41,22,6,-41,-34,270,36,98,-68,28,-51,-127,-117,147,-16,-160,176,-59,0,52,93,-45,90,-34,-56,-82,11,64,-158,-125,-107,-150,-31,-42,16,11,-203,10,69,-143,77,135,-69,96,224,64,122,83,84,70,171,-13,57,-113,65,-23,9,80,61,49,-125,-145,193,-153,141,-18,12,-10,0,86,252,-41,147,243,-3,-127,-34,26,45,-76,87,-115,75,64,105,262,46,37,204,51,-19,-7,21
74,165,-24,66,75,5,31,70,-168,-101,-161,43,55,95,271,127,31,-63,117,79,-37,219,210,197,-80,58,6,16,127,34,-131,57,241,116,325,4,34,-70,-40,-85,24,44,-2,85,70,75,16,115,-77,50,142,26,23,62,34,221,46,117,183,-207,133,73,115,107,233,87,107,62,-29,40,-96,120,31,11,171,147,31,11,140,63,62,294,17,3,39,-48,164,15,-27,184,-15,23,78,15,-104,-1,121,128,-46,62,2,-82,111,-5,36,-36,36,13,85,121,116,66,-119,-6,-85,133,192,162,185,98,132,-12,-80,36,-23,-158,93,-57,174,-101,108,57,-93,305,-75,69,185,28,-87,58,53,98,-17,88,56,169
114,147,-90,177,128,76,-17,16,172,-68,8,89,117,161,-49,122,112,-32,168,-57,85,15,68,111,-30,73,99,170,-22,34,74,259,165,17,-25,126,165,279,142,20,262,-66,-93,232,102,268,60,30,-24,83,121,83,28,14,15,3,155,-75,57,75,74,-9,-40,245,-134,102,-13,-68,39,-44,47,44,21,103,33,3,-59,-30,-185,40,10,87,82,232,-87,36,255,28,-59,-29,20,65,99,100,-113,232,-15,-7,-38,-149,21,120,198,185,201,131,49,181,-24,1,-107,77,-68,-17,25,8,102,-11,-24,12,47,-46,74,78,-8,117,156,-57,16,12,-13,105,-32,62,124,31,92,76,-10,42,46,17,81,402,-6,142
-15,-103,173,-214,176,-84,67,8,-52,-141,-73,109,111,137,109,53,69,-80,151,-143,6,202,103,128,147,76,68,99,-57,281,-44,-8,-107,211,222,2,191,96,68,-14,-71,127,-43,100,-63,150,90,3,50,-32,54,45,89,3,152,74,69,62,-102,179,-26,158,35,57,151,-14,156,-63,-8,128,105,-81,113,51,-88,117,38,120,-180,103,32,-230,-29,147,6,2,-22,-184,-23,38,-32,224,-9,-62,81,81,53,117,76,-59,47,158,-110,-123,-137,42,210,-134,-185,-50,-11,103,-3,-24,42,80,-24,-18,-121,118,-19,135,118,-212,-108,-63,234,94,101,-119,40,41,-148,-72,159,68,90,96,335,-67,-71,-29,78,36,-27,-91
-64,92,8,207,-82,-164,105,5,178,-144,-200,88,34,-64,-195,38,-130,152,194,-128,99,168,-240,197,185,128,78,97,-13,70,80,176,144,58,170,-23,45,-136,38,-14,-6,133,61,-135,-24,158,-32,28,-177,-35,26,-19,-126,-98,55,-26,33,23,-164,78,21,-109,-4,-182,-28,-39,79,26,16,41,28,-118,15,-5,-112,-123,26,-60,29,50,-24,-7,-43,-60,-80,36,34,-122,-2,-21,-22,76,-126,-11,-130,-98,61,143,90,-149,-159,236,106,174,130,-30,111,-70,-19,51,-9,-29,-111,-96,14,23,12,37,-48,73,78,106,28,-133,-59,155,14,205,16,-152,-47,-22,-37,-109,225,136,222,166,238,97,12,148,-41,-62,213,-5
94,152,232,291,66,6,65,-16,177,-44,6,-5,13,176,223,-37,69,-208,55,-4,-35,117,13,-116,104,-57,180,94,1,-58,208,68,180,-137,13,-72,32,218,-92,19,129,5,66,-62,-101,-151,-138,91,146,-99,111,199,20,-35,190,91,59,43,118,34,119,26,194,-6,-182,17,-89,-14,-33,135,-60,-155,78,30,-73,-19,171,91,-73,174,-21,54,-48,125,-7,116,57,37,218,-57,-123,148,-87,-159,-36,29,-13,-177,29,73,47,42,184,76,-175,63,97,45,0,121,-150,68,182,-238,1,170,86,216,239,209,-47,22,29,5,-68,129,-3,45,31,-75,29,149,50,-160,59,-75,218,-33,94,118,-3,34,258,162,75,18
-95,271,75,128,16,303,-52,177,86,-40,-144,142,-48,66,-118,235,92,23,65,291,7,12,-59,32,99,31,-45,284,72,219,105,30,154,207,-2,203,-40,20,-45,-15,12,263,52,178,26,-51,42,20,122,120,119,112,-61,22,178,241,167,35,40,-10,102,-124,119,-135,34,-176,-36,163,13,56,-123,198,-78,14,152,141,150,-66,116,140,81,334,28,-61,22,-153,79,-5,15,247,101,108,38,179,-130,107,187,-102,-147,127,-62,38,36,204,60,-144,208,-95,18,24,150,249,121,-40,-79,-96,69,240,-147,-29,-67,-79,83,-28,134,120,81,146,19,-96,-77,242,40,88,101,-169,319,184,-1,332,-77,13,79,164,42,83
110,188,55,234,-144,-10,90,127,-18,-183,-65,144,72,101,-96,21,45,-216,10,171,94,83,-5,43,-55,25,74,131,104,164,10,-85,-91,-50,98,70,-140,-63,-54,-31,70,-82,4,11,86,115,121,-21,-9,-8,-17,-125,-48,19,81,150,44,-9,-62,-73,180,-97,154,-22,-165,66,122,-58,-58,-26,-57,127,-129,-77,97,33,30,-103,31,67,11,249,3,72,-141,10,-44,77,191,-94,205,-126,-66,161,48,194,-28,-34,46,116,-22,198,103,137,94,29,-54,183,-2,101,59,81,26,79,101,186,-51,-126,-27,-130,209,-3,53,57,176,20,-1,127,147,-155,-5,97,183,84,-125,124,15,-56,-93,83,72,-32,-102,-2,-51,-44
-187,75,-124,46,-3,101,48,114,-141,79,-77,117,241,71,72,67,110,40,-25,149,-41,52,100,-93,-86,-9,13,-50,97,125,72,-78,-24,43,-37,162,35,-140,-46,61,63,-34,141,112,-108,138,47,-75,121,8,-23,-70,45,116,-102,92,-28,-8,-158,-85,-61,-134,112,37,152,123,155,4,-46,-115,32,-11,50,-143,11,-71,38,-90,-108,94,-63,176,-71,-66,45,53,-165,47,73,73,-23,-15,122,137,-6,196,42,1,-52,108,-36,-87,73,-31,75,40,-32,-106,-52,-29,21,54,-36,125,-166,-19,57,172,-87,-38,-79,26,54,115,142,-43,23,10,-131,-129,50,196,-38,214,80,17,60,-60,-179,183,-10,-30,-87,-183,-82,-24
-17,-39,-180,-1,179,128,52,-72,89,-21,112,150,-52,163,5,-124,-109,-29,45,233,-26,65,177,347,167,19,120,113,138,-153,23,113,96,-137,38,-86,182,-55,115,-3,133,-36,90,120,39,115,-100,72,105,188,-170,81,145,104,-16,-199,-30,20,129,175,62,46,112,85,28,-76,65,159,-14,119,-32,180,184,76,95,210,-133,37,54,189,33,-83,-48,72,-24,108,166,134,-86,175,171,72,55,-131,-31,30,178,-44,57,32,71,-3,6,184,89,107,-90,164,105,61,123,186,28,-68,87,9,47,-14,162,28,98,15,33,59,4,78,245,13,208,-25,-30,-118,53,102,72,-37,62,48,70,-50,92,128,120,63,162,100
-42,44,110,29,-41,-1,172,145,98,-115,-4,-78,191,72,94,-65,34,128,308,103,124,114,-168,108,-125,69,95,51,146,-72,311,-104,73,-214,23,81,-142,-106,234,10,74,102,129,79,-9,221,94,126,150,-20,-91,113,59,-93,-45,73,95,139,197,173,79,-114,82,149,-230,-16,165,36,236,345,152,90,20,-55,110,15,97,28,135,86,27,190,23,266,-103,266,-31,53,-17,115,-31,122,216,-40,62,163,132,-18,144,191,80,1,-39,105,50,-5,183,-65,94,264,209,103,-36,-45,32,188,74,148,-18,7,214,22,43,49,-161,-4,-21,-14,325,137,21,106,152,-5,77,67,38,42,31,134,31,137,144,-71,72,-67
64,3,-59,-179,-155,98,-224,-74,195,20,163,-109,261,-54,-70,-35,115,82,131,-37,247,-77,71,43,-172,78,67,5,176,-128,72,241,-59,-13,128,21,-100,-5,156,-12,90,-81,84,-118,247,74,87,-3,1,99,141,-68,50,11,135,69,33,24,134,33,6,90,-69,59,-133,135,23,132,51,-41,250,1,-126,-69,235,134,-62,-263,-57,-67,-3,2,64,130,102,161,65,190,203,-73,2,-125,58,143,-42,55,-60,59,146,47,-91,-29,-17,218,206,-31,-96,93,-98,-74,53,-58,-204,117,25,35,154,-208,177,182,54,-41,44,-132,-51,-82,-7,137,-27,272,284,102,12,-155,56,26,-16,-12,76,-43,3,47,-131,16,-223,29
15,22,-85,86,6,79,6,9,229,161,166,-138,9,187,17,-91,207,13,20,189,-17,71,-36,75,2,98,8,48,-28,28,40,70,-31,-22,75,70,115,-17,60,40,-51,178,100,29,11,41,-137,8,74,-82,-88,24,-2,-49,40,8,-86,3,-34,37,-102,-36,-42,-20,-148,-15,-8,-10,94,97,130,155,206,-21,95,35,146,-3,-42,164,6,52,21,-60,138,26,-3,126,87,55,20,161,-127,-69,-53,97,-63,30,55,6,-90,37,211,117,41,2,-121,-85,-17,-15,-61,-32,-65,-42,-28,84,126,56,131,198,-44,-7,44,-56,75,23,104,205,3,-163,-203,13,48,4,-7,153,160,-12,-19,149,109,-85,-43,199,125,37
103,64,103,169,126,130,211,49,96,26,-84,-187,219,-137,-55,-179,217,46,67,111,100,14,-8,156,132,118,-55,250,-54,-25,101,-37,85,-42,-26,168,171,-195,-15,155,-56,33,145,13,54,136,64,-42,31,131,86,31,206,137,200,-112,8,119,215,126,-7,-61,322,36,-174,245,3,59,53,-54,55,113,77,31,2,-82,142,79,-107,-58,68,148,-28,238,12,-178,228,70,-69,-11,112,141,32,-118,-117,80,128,75,-23,-105,125,-3,43,-31,-116,140,74,-5,176,-35,74,-117,30,-64,23,-21,140,-155,216,92,242,187,123,-48,299,163,-107,8,-33,166,-69,-8,-4,85,38,-16,-41,76,100,169,129,0,-57,15,68,125
73,-147,15,-77,-101,84,-108,40,49,-92,122,52,98,-37,91,-54,68,81,179,-124,58,62,69,113,248,-7,48,59,91,52,-1,0,108,7,-1,-93,-249,-24,19,29,29,-15,17,131,204,124,67,91,32,-62,-31,102,49,-15,31,-24,57,-126,8,5,104,-4,-138,143,1,31,-97,-66,12,79,-16,-76,42,42,87,-61,-61,51,-14,100,-94,-23,-67,194,-57,105,204,16,2,76,-11,-24,-15,-112,210,77,60,39,90,125,37,192,-45,60,-67,-80,76,-13,8,102,-50,97,89,-66,246,217,-57,-124,68,85,60,-31,70,-60,-28,-96,210,56,112,-56,57,-117,49,-175,19,141,-14,-99,-5,170,83,64,-78,207,68,-54
34,-43,67,103,79,-221,60,98,70,64,126,-23,55,67,232,103,125,156,197,188,12,40,152,30,136,153,237,-49,32,-33,80,171,203,98,104,-46,44,62,45,232,208,75,26,307,-54,-8,-35,30,91,-53,-19,255,36,108,13,53,48,100,6,-96,33,-98,131,99,106,125,50,208,149,343,-164,29,-124,-15,128,28,126,45,180,211,-46,19,117,93,36,108,92,188,94,182,98,12,200,-34,81,98,19,7,-48,172,46,-113,152,81,-83,130,-16,-20,239,175,86,-3,56,1,101,67,-12,177,-21,-107,259,17,-94,-35,-49,25,-104,131,97,38,-81,-48,-68,-40,-6,-128,85,58,30,-39,-9,164,79,112,-70,48
123,-78,-18,141,-93,29,190,89,-53,-114,-136,-38,148,-22,128,-37,113,7,-1,35,154,-49,-23,28,118,9,93,-36,-163,-222,-53,128,180,0,12,-94,65,-124,-53,54,-49,166,104,115,145,-23,25,49,115,-7,-33,73,10,-10,-15,-60,-131,120,194,277,35,52,36,137,38,-156,68,19,49,73,-109,-94,124,92,-93,15,233,61,40,95,-157,36,20,139,-63,10,-80,-98,-9,82,116,244,193,-10,61,-9,86,-12,-124,-68,-85,-135,84,-200,-26,69,81,8,22,62,82,66,40,-26,-36,19,-289,-2,-76,-38,207,-27,-35,-245,-29,-58,-36,79,206,52,38,28,-69,4,92,63,-109,103,113,258,1,143,68,-66,159,-202
62,-145,193,64,-106,47,-92,37,74,26,47,-171,17,-28,48,231,-37,-6,40,31,160,52,-40,120,-9,239,-62,-31,141,146,201,30,44,76,83,40,76,-47,-88,-55,113,100,161,54,68,-85,20,35,62,-259,189,151,-42,32,160,215,84,26,304,189,120,-78,143,-27,-1,-120,41,80,2,104,-78,33,18,-45,180,154,119,124,120,7,118,-31,148,-36,-4,17,-114,134,9,151,33,98,-44,49,148,-111,-52,125,-57,82,114,-39,223,212,12,39,67,-12,53,214,98,29,128,164,-150,187,109,6,32,-15,149,62,34,100,35,-13,-14,161,103,-150,83,-50,90,229,-240,24,66,80,-137,320,158,55,130,104,9,-145
46,37,-39,-100,-63,85,-57,-42,-36,-36,-113,99,166,130,-45,32,-15,-1,108,42,-63,148,-36,30,148,-52,-53,-10,-89,89,213,137,30,228,112,36,-19,51,22,-138,146,66,34,104,72,-175,210,-73,-83,-165,286,69,91,-51,317,37,13,26,-62,45,148,-92,110,-25,-9,-213,-103,-110,-14,217,-43,-106,-124,-70,-35,-57,-184,-35,182,18,-184,-10,109,-37,-143,-180,154,-142,-58,103,91,-74,123,-43,-25,96,70,8,42,-79,-38,-68,-40,89,36,-50,121,-69,146,-24,-138,101,3,-20,-18,179,-38,26,0,199,-33,122,18,62,37,-58,228,28,116,140,79,-158,-47,144,50,62,175,-54,110,176,52,-117,25,-17,-59,-36
131,91,-3,-8,128,-156,-47,2,145,49,98,-5,206,20,-46,-24,33,248,311,121,180,-19,-54,408,-22,168,-93,57,73,76,-133,232,150,223,133,24,52,14,163,29,-135,-14,109,47,-49,121,-108,15,-124,53,9,29,-56,28,-21,119,-87,-43,-127,83,137,-31,209,-107,-26,-148,151,-28,187,-93,30,47,61,-83,-12,45,196,69,-97,122,54,199,48,160,-76,-38,88,22,93,-43,212,44,143,-145,54,-77,-62,21,126,-101,-34,21,97,175,157,102,165,-67,127,124,28,64,-52,-36,100,-3,74,4,15,63,86,78,24,-129,-85,91,-50,286,110,74,-5,-6,79,-29,15,134,91,-21,96,220,70,101,-48,232,-59,7
26,98,114,-40,104,54,-125,-78,126,3,181,26,53,38,40,65,21,214,123,-28,18,72,85,-53,-184,80,97,-24,-95,11,20,114,23,-8,106,10,144,-33,136,110,64,-154,47,45,136,-25,18,14,141,-13,115,-22,-101,-189,144,76,34,-25,27,107,30,19,-43,48,-112,69,-140,159,63,69,230,-124,-54,-15,-40,-39,158,2,138,-23,-8,70,88,109,95,110,119,-121,124,-169,198,-23,-18,-12,152,216,35,52,14,13,191,-119,-89,232,-11,-35,36,155,63,-122,-36,137,122,-36,-109,51,11,-30,33,-12,79,72,-5,55,-100,9,-14,191,37,97,-41,1,-82,-4,-51,-47,-41,-105,291,110,-53,-211,-3,240,-175,94
9,53,-30,39,-35,19,55,-47,32,130,-26,134,-15,-32,14,-81,-84,10,-10,78,-26,-29,112,79,-48,123,-208,124,38,-4,-24,55,23,-76,162,11,21,-152,-59,47,0,4,117,58,43,224,70,-192,66,84,106,55,6,96,7,-71,8,99,56,-29,-18,33,-31,-160,1,128,29,-46,-137,-19,73,13,-100,-144,148,-88,43,-116,72,-47,38,38,52,-102,88,-23,-71,-36,-28,-91,109,-103,-58,134,-67,67,96,105,-185,104,82,-15,-44,131,193,26,-37,93,62,-90,147,46,17,-25,-33,-112,50,-86,-54,-114,98,-67,129,87,73,32,-31,-137,30,7,116,22,-31,25,-34,9,43,59,-119,-55,-149,143,4,-67,-20,85
-93,205,56,169,18,128,133,-112,93,-151,-251,-13,143,-60,99,-63,6,60,432,80,27,20,151,-44,28,-14,258,20,20,-23,57,121,218,-68,226,-25,-46,13,-91,44,136,153,118,28,92,-225,-17,-39,167,85,87,141,-61,55,176,81,30,125,160,225,-2,-26,143,38,104,-12,61,13,79,192,81,19,95,42,-42,49,194,90,144,-70,-89,73,240,7,196,-7,129,105,-57,85,15,227,89,154,99,105,99,57,-122,-164,-42,154,7,98,-49,154,148,41,93,8,-117,121,-29,-36,-16,82,15,9,3,59,23,-8,-106,132,152,-24,-88,41,23,149,120,-80,101,32,-70,283,156,309,63,114,107,185,141,-86,41,104
45,-49,-51,-26,36,202,166,25,149,-69,-35,-165,-59,51,77,-39,24,85,243,325,-90,-121,-12,180,72,-29,-24,368,59,-55,48,76,-54,50,86,235,128,-31,-31,-76,19,178,132,169,-78,-61,52,112,96,145,-86,39,132,42,-91,-164,-133,49,-7,71,47,-160,201,146,-1,87,137,-63,117,84,-45,182,110,-36,-112,36,121,101,-128,85,47,65,3,208,142,43,167,118,27,34,147,196,80,-65,2,108,157,42,40,-29,185,40,-62,-25,113,95,166,-122,235,182,49,161,-65,-150,89,91,276,-106,-40,3,13,-30,-44,101,104,137,286,17,174,-51,-182,0,-64,170,63,18,146,87,57,11,-33,111,79,159,133,122
42,110,76,61,124,41,-22,203,-41,-102,-108,57,138,131,9,104,123,22,195,127,66,70,213,180,-24,189,-114,129,108,29,17,105,185,58,36,-20,314,-95,228,36,-88,130,124,-14,173,59,-98,-65,-76,107,120,11,189,-76,192,75,35,-6,-3,114,-13,138,71,233,129,49,33,128,24,56,87,2,-76,-51,313,153,126,-103,109,110,10,50,94,23,228,199,75,116,97,-43,-128,157,156,204,26,-30,35,29,110,-93,86,193,19,103,81,-37,14,-194,8,-51,-50,80,-57,137,-60,129,117,46,64,93,214,131,49,44,2,133,243,69,63,125,36,43,-161,186,9,28,158,107,28,117,170,150,10,40,23,216
45,214,109,-54,-73,91,9,142,-40,36,46,-192,70,41,121,10,21,-110,98,82,-4,-41,78,25,-42,46,19,44,-102,47,176,39,41,-101,95,-12,-51,-133,8,77,28,30,130,69,-174,-132,23,-32,119,-93,-44,27,113,-82,178,-35,-1,-15,179,122,-80,85,146,263,-77,106,-95,94,-67,153,18,114,-34,-59,231,-17,-10,-59,20,-16,64,52,228,0,195,42,159,11,-91,-98,-68,49,-40,59,257,117,36,-63,30,19,53,-22,130,-54,16,15,76,-69,79,-5,13,41,100,173,-42,265,114,113,162,73,92,69,18,85,114,129,-108,-123,-23,186,176,85,51,-30,-33,-26,6,-55,-83,29,-18,93,26,16,85,242
-108,-70,-39,-14,28,-96,158,-11,56,165,19,-1,82,11,-28,-94,-105,263,-178,-34,74,178,3,-59,-37,266,-120,-108,118,-142,-88,-55,15,146,-24,107,114,-90,-56,55,-202,11,-38,53,84,121,-20,-92,-15,2,-90,-119,58,257,161,-39,13,163,-28,-49,-40,43,103,-183,114,32,56,15,78,82,212,19,-40,-19,2,-16,58,-70,189,54,48,-115,22,-250,-82,14,-85,-132,176,-18,-86,-75,53,-46,-156,-36,-181,20,18,-61,-82,-89,44,-17,199,-37,-13,-60,93,-118,71,-107,-80,-68,60,23,211,196,-67,-170,183,84,57,-132,178,40,-117,46,127,67,139,-62,45,13,48,129,-50,-82,-78,-30,112,140,91,-212,80,-56
-10,-34,159,40,-39,63,-57,167,17,78,141,-161,-50,8,111,113,118,7,226,182,132,-82,-104,1,105,185,-67,20,39,62,15,54,89,88,1,63,19,92,112,114,42,127,56,145,117,129,-59,60,-219,147,92,-3,27,105,-90,166,-108,16,121,46,-9,45,3,36,248,75,60,44,-38,-8,8,60,-87,-27,-68,61,67,11,12,5,89,56,177,41,-46,155,222,233,212,40,106,-86,201,73,41,73,68,65,176,-37,161,79,115,201,59,63,108,-8,121,250,56,105,-7,147,-96,-130,57,-22,78,33,113,44,85,17,-35,238,130,-142,-95,37,25,-14,61,37,-3,104,63,79,-48,33,69,201,67,-132,94,16
307,86,-31,188,72,85,81,-99,122,132,51,134,-94,112,140,76,-54,9,243,124,-212,-112,95,108,-34,-42,-142,210,-177,84,-52,189,80,18,15,113,32,96,85,8,171,89,84,175,32,47,-51,19,-22,159,45,-10,-85,85,58,8,-23,1,-89,40,65,200,11,14,-88,-90,-29,-56,122,10,-79,53,106,146,-3,192,197,41,31,54,127,-67,145,103,158,-93,205,16,-171,107,35,-8,64,66,-182,14,42,4,116,-35,71,-5,67,94,47,113,117,22,79,-31,-109,36,161,7,106,-15,278,-56,49,-20,35,-5,191,-57,105,121,86,184,-23,309,-125,72,7,-39,-34,-66,110,64,-119,-29,-75,147,51,87,0,210
150,46,-5,30,-54,50,-63,194,49,-84,-43,-182,-172,167,97,-13,-85,59,159,108,107,32,-103,-69,37,2,-5,152,90,57,172,-221,-122,-40,-138,59,9,-138,-43,-52,-50,48,95,-15,111,-119,33,201,5,-98,97,1,-65,-105,112,15,86,-76,72,23,-53,-95,282,79,22,-45,-15,-1,10,99,-23,-27,62,-21,17,48,-38,110,88,97,0,18,-102,43,52,37,27,-25,-76,142,-30,132,130,-1,-140,5,138,228,102,58,187,6,74,-35,134,-38,-39,57,17,-66,87,-73,-120,77,-31,43,22,-34,124,-42,170,12,126,-38,-106,-60,-46,-151,205,-158,-42,-7,73,91,138,-101,19,-15,-59,73,8,51,-51,-148,115,23
-109,-49,80,189,84,-34,109,0,75,-102,62,17,92,88,192,70,176,70,240,-51,102,-1,371,83,290,170,43,72,134,86,-20,107,139,157,174,126,58,90,28,49,-220,146,96,76,129,174,24,91,186,44,113,16,77,171,30,-87,-96,83,-128,20,112,-31,40,-253,124,-34,-69,-84,238,-31,78,-85,57,212,-53,-107,377,277,-129,29,-27,-68,39,43,49,31,192,8,121,161,41,275,-9,113,-42,36,98,54,-4,104,-52,188,135,78,-23,279,257,-88,184,-13,-66,199,143,-26,49,-25,-20,28,-45,333,-5,-10,94,-38,210,153,254,357,109,-79,4,-60,-5,28,158,273,154,226,223,-28,-95,-20,1,18,92,-70
59,2,203,-74,15,-131,-56,51,68,74,103,44,155,165,132,-109,21,59,212,190,163,28,68,16,-50,152,26,262,183,74,-16,-187,157,57,134,81,30,31,34,105,98,-97,190,19,56,6,-103,-46,-157,28,122,127,-17,-14,188,103,153,181,34,144,161,-137,123,72,64,-77,-76,41,58,89,164,-4,-149,63,39,185,136,79,-12,218,37,254,-28,-54,33,21,151,-26,229,-100,114,52,12,129,27,90,72,-47,119,47,111,51,108,-4,90,64,-27,113,-160,-43,91,259,209,-75,107,200,51,122,75,-118,64,70,93,113,126,52,99,58,162,-107,194,49,35,-114,-101,-23,38,30,22,160,26,43,213,66,-52,-10
50,35,-90,-75,110,-40,81,-91,36,49,61,-12,68,103,104,-5,-92,79,101,108,-68,45,26,188,252,-68,-41,-81,150,12,162,164,153,-66,218,-158,-40,-94,243,160,159,-43,-47,99,-135,26,-44,-254,95,-40,2,120,11,24,316,35,145,-11,80,65,-58,125,30,19,-56,-49,17,9,-65,321,-64,78,121,-36,269,57,-87,-29,34,257,-14,-79,18,15,103,29,46,-45,-156,31,120,-112,38,-7,103,-147,-60,-27,-34,40,-13,-7,-7,174,-32,12,-17,27,154,69,-70,128,28,73,21,56,8,168,162,-48,203,27,133,56,-118,-103,-19,45,64,265,282,-19,-47,23,-3,-33,159,120,23,46,-93,166,-56,-29,66,68
38,171,-178,38,-76,151,54,41,-129,-169,-94,-69,67,13,-62,39,161,81,12,-26,55,194,54,83,78,20,29,9,13,-2,-71,56,31,106,-75,43,65,-44,-129,96,95,59,-183,34,129,113,-58,-10,-136,33,220,102,58,-117,228,187,-77,170,-44,-23,80,-29,53,20,65,-1,104,61,-86,50,220,-7,-63,-124,29,113,201,-8,93,20,-27,38,-12,58,62,64,199,30,30,96,-56,8,62,212,-115,227,29,38,-3,-256,-108,80,-53,-59,70,69,117,-94,-18,-71,34,7,-151,124,71,-117,75,-81,-35,247,-7,136,-190,-36,265,17,-27,-106,-7,30,110,38,-27,-34,69,-39,107,-29,98,16,229,57,28,49,32,12
72,-37,108,-24,57,-136,-44,192,103,103,31,20,-36,-52,135,107,254,210,24,101,181,180,123,127,101,125,-71,22,38,-71,126,96,214,-62,150,-146,8,-15,22,46,13,109,103,-6,196,-102,-47,245,-60,-58,-95,78,12,136,110,15,85,85,96,-26,128,-97,-66,88,-13,-29,70,138,-39,110,88,-157,62,-27,-35,117,-131,99,93,-48,63,-77,93,-47,-187,-110,30,122,9,167,39,-58,33,-43,21,-215,26,-65,226,65,-151,-150,90,117,-25,-92,53,-87,-50,52,193,-120,1,-95,-74,303,-5,-7,244,194,19,101,31,116,12,-53,136,66,191,146,161,-124,-44,-54,-10,23,196,39,57,129,-24,-16,104,63,-81,54
-102,-124,164,118,-60,-83,-11,106,26,29,72,-84,34,-21,48,-68,227,54,39,8,67,5,105,65,88,12,18,11,197,98,200,-121,-80,30,-25,39,182,-16,31,67,51,46,-119,-102,114,18,-100,75,-98,20,193,131,228,117,150,-8,31,195,80,-14,67,44,115,-88,89,-68,-12,28,-156,-31,123,-77,-95,-9,42,112,85,26,-93,-182,143,25,-65,-149,160,51,-10,56,10,-97,-109,-35,31,123,-109,27,172,18,126,-73,68,90,-17,-90,-116,-34,83,-90,-107,-78,133,-183,-96,42,130,-18,-33,-82,58,178,95,-41,148,102,189,90,-51,-3,77,-13,114,-68,94,-126,-10,135,49,124,37,-15,72,150,187,-65,43,-129
-10,15,206,55,135,127,157,-38,70,20,40,102,-88,100,16,-67,56,115,131,85,167,64,152,58,44,178,23,121,102,-21,-148,25,170,-181,146,120,31,29,28,-131,-94,-9,127,-173,226,208,248,26,-4,158,65,68,-111,143,102,-91,90,30,93,194,25,-74,87,33,113,-47,-27,125,-117,-56,38,124,-70,13,165,-29,287,47,143,201,-4,-56,-25,92,115,118,76,132,150,-27,-53,84,-63,288,-3,-4,24,-80,-21,51,103,238,-18,241,105,-13,-23,50,-51,-16,66,268,10,7,154,66,-87,-29,244,-180,153,-52,147,31,203,225,-34,147,163,30,301,91,40,-92,-107,25,73,13,-103,246,107,169,125,211,106,3
111,37,15,152,17,-20,123,120,115,-65,45,57,228,132,25,87,205,5,114,-15,202,165,196,-30,-47,-20,68,143,71,124,83,-105,-38,10,22,-171,116,-19,-70,127,-20,60,33,70,117,-52,46,128,-7,53,-143,34,18,111,158,137,101,171,-21,31,-39,-96,-16,91,-256,231,59,43,40,120,52,82,43,49,9,50,199,77,-9,89,7,38,87,84,68,64,27,94,-3,38,28,-126,49,-66,29,81,-3,-213,-29,113,-65,24,-87,146,14,2,153,-131,13,118,200,35,118,-40,150,44,16,128,-13,-6,276,-44,211,79,33,99,-112,134,120,7,27,107,74,-120,112,19,207,39,-41,62,-26,-20,7,191,-43,76
58,-34,-39,233,-47,30,94,35,28,218,270,-57,-74,120,-50,28,-103,71,-47,221,-11,-85,-70,292,-110,62,82,0,183,20,-38,13,-79,-230,70,121,-24,115,44,12,-49,-275,14,53,181,61,-151,-66,-27,0,30,-30,113,6,68,67,-157,155,149,229,56,2,-1,49,-44,196,-58,155,159,-112,247,128,-82,73,-77,-26,249,200,114,-129,132,62,8,-126,-65,30,134,120,-48,-153,177,31,12,34,-19,-26,36,-62,-94,-5,205,154,-15,-30,262,112,-25,153,16,-68,53,-39,41,30,84,-34,49,-61,88,-120,250,28,181,142,-16,70,-89,43,80,131,-98,-88,120,-56,-62,17,173,-3,-91,-356,85,-5,-43,77,-35,-74
184,33,0,16,-109,197,-11,50,-64,-54,52,7,-102,20,-61,-5,203,-42,-161,185,50,101,91,-139,121,127,-83,33,24,-40,151,-1,19,-6,28,11,-234,88,87,-180,88,167,-57,-30,406,-1,288,88,30,14,191,80,53,100,184,78,151,128,191,9,15,78,120,-102,102,-29,-92,12,-62,-48,-80,128,-56,257,12,46,-76,-195,170,215,-104,-58,13,136,-15,-213,53,77,313,205,-21,34,-31,49,58,136,68,-32,-106,159,33,21,82,64,-12,-96,-95,6,-68,-6,27,128,23,-175,33,-17,89,-34,-11,34,-156,-66,-61,-59,224,-64,258,75,43,52,-67,30,150,131,-92,-106,23,-1,-9,167,69,135,-4,96,139,-98
-139,70,98,237,-10,-40,83,221,3,132,-32,128,121,81,-59,112,151,-7,71,127,69,150,30,139,65,133,106,96,-105,53,98,-50,-82,190,60,84,54,154,100,-55,-17,-26,-7,286,-51,189,191,231,58,23,92,44,229,121,138,116,84,58,91,-25,126,-89,189,136,63,45,126,127,-53,8,-1,16,-46,-5,-75,285,105,87,43,-84,170,192,147,-37,-55,-115,139,124,131,-32,55,-54,46,299,42,114,35,-68,7,17,206,-197,301,201,137,-20,57,119,138,-224,80,-56,113,120,-25,94,181,61,129,203,159,78,262,117,14,-30,39,80,-170,176,-144,115,151,6,56,79,78,59,26,154,15,14,112,153,-27,139
121,136,-49,205,135,-98,145,-11,158,-141,116,-1,151,131,22,103,101,172,186,193,102,-9,40,170,-36,250,183,121,32,-18,53,215,242,214,179,36,149,71,267,70,-26,150,94,104,-21,271,-25,31,-167,122,44,169,-26,12,131,113,12,93,-22,70,55,239,99,7,87,-110,103,52,3,-51,83,78,-45,-13,74,63,198,-120,2,-18,-1,63,32,-2,70,124,168,91,161,36,194,-12,89,37,-231,48,-36,-7,133,-2,-112,-7,185,60,207,-59,126,125,52,-38,-10,70,42,103,-47,94,106,13,159,-30,36,54,-20,-350,203,82,199,61,84,175,-160,10,13,230,109,83,199,-15,-5,211,178,101,-26,6,-68,12
-13,-109,-73,-124,70,-180,47,-71,62,-77,70,-157,269,27,-128,29,112,-116,28,52,9,-29,154,149,63,59,84,275,67,191,-36,8,23,181,-26,157,116,2,-34,147,-70,77,101,-15,-44,99,-7,256,53,15,-3,76,40,-90,-16,146,73,-39,50,27,86,-207,-3,-34,-122,22,147,24,84,1,-99,219,101,-69,122,-17,281,142,68,92,106,-84,121,163,-128,-31,164,104,0,120,4,-109,-58,113,-127,173,84,92,-28,44,67,92,19,25,73,69,23,58,130,15,71,275,105,53,1,20,187,-73,-38,105,-30,-43,168,157,132,164,165,82,44,-34,-185,-165,70,88,90,30,-61,-57,229,55,156,25,-11,77,5,-52
-37,-79,4,-7,-46,-129,-5,123,45,24,155,-19,-52,26,47,45,84,115,-37,137,159,36,124,177,-51,8,-1,214,-15,135,-47,-17,193,57,29,-74,111,-140,45,57,31,-39,87,114,10,-34,-90,104,-146,-141,-31,-99,22,-79,8,49,-29,96,19,84,97,-23,-4,120,-146,80,88,88,53,42,157,-83,79,-70,2,-6,99,186,222,95,47,-71,74,-88,27,-95,36,145,-69,139,231,-62,-13,37,138,-212,-44,-69,-62,-118,20,-39,70,-171,89,85,-48,40,70,-6,100,103,173,56,-113,92,-14,-8,210,-127,273,56,1,-33,150,85,-27,71,190,-50,168,-107,-96,-159,-96,54,-104,-49,-115,55,150,50,-43,172,-87,-1
-24,76,247,167,7,95,-63,138,163,-177,107,-168,221,169,28,75,123,-119,214,-62,113,-198,-10,-107,-1,-119,9,10,158,157,42,56,13,44,79,57,64,12,392,174,-106,61,-22,107,144,217,-25,-40,270,256,117,-4,213,170,139,140,-42,-47,-200,50,113,193,-141,4,74,-115,-91,87,139,142,-213,81,-63,58,217,64,275,-3,-259,67,150,-111,90,-109,158,119,113,53,56,120,115,190,-27,187,34,55,60,-95,185,82,149,299,13,85,99,20,-51,93,24,49,-90,185,63,93,92,-88,-20,238,-119,-47,56,-36,96,48,71,168,228,170,51,58,-24,205,-12,111,52,74,99,-50,-1,91,-17,68,-107,-38,105,-79
139,118,-280,70,72,60,39,7,162,96,114,28,29,108,32,-56,152,88,297,10,231,15,281,-18,-153,96,28,-20,-55,52,212,18,15,56,103,-101,-111,297,34,124,153,-70,38,173,-101,-19,-21,9,-100,189,-29,271,166,110,1,262,-5,130,190,44,-105,63,48,-155,-164,141,26,21,29,2,36,160,14,128,129,141,136,7,-94,-65,98,10,199,3,61,-133,31,64,90,100,-73,-57,226,112,56,80,67,-151,-26,47,73,-76,248,25,79,150,12,226,-17,-136,-2,67,113,-36,88,28,63,89,70,211,2,-81,50,-36,0,-73,14,-104,-10,283,-45,78,194,-2,114,0,273,70,-64,-24,98,188,138,129,-160,120
67,36,-9,2,56,-30,44,49,17,-111,96,46,-148,91,156,-45,27,-12,201,28,2,19,-41,49,-54,10,-72,-75,-131,-30,180,125,50,16,84,-49,-49,27,79,83,107,49,-11,207,-60,-28,47,-128,-76,-15,141,-24,-118,-42,29,170,-92,72,8,106,0,24,259,44,-59,199,45,-115,92,61,-85,-141,82,-51,43,-78,61,43,32,111,-112,18,148,59,-4,-60,59,116,-129,-98,99,-103,113,-187,77,95,-83,166,-38,-20,-63,44,-22,225,-170,223,3,50,51,127,28,-25,-16,45,10,-143,-60,109,-82,11,184,80,-70,-103,-104,59,-126,108,64,125,44,-42,-67,-147,39,-53,28,59,49,7,7,-61,80,131,52,87
330,96,163,317,-196,165,102,12,-19,-107,117,-100,-43,-61,11,119,-21,66,26,-116,-154,59,-198,-159,-49,19,-15,78,55,-125,-2,-13,64,-125,-40,110,115,39,77,-69,-67,188,-149,133,355,122,171,114,-256,110,112,66,65,67,88,217,-118,63,120,29,-38,155,96,-24,-68,-84,180,187,55,-195,41,-36,-115,190,53,42,14,-32,-12,-4,-110,37,-27,-113,-15,82,77,22,104,73,197,132,111,-55,-157,114,-84,-16,-2,106,-101,-71,187,-96,-8,-88,7,120,-151,131,21,14,-55,-85,47,-50,65,-135,-46,14,-33,14,163,-41,125,-209,125,-54,40,143,-192,4,103,94,47,76,91,-48,-80,-4,-2,248,90,42,82,-184
-105,-106,-4,82,81,-90,-51,-51,35,57,-76,-194,-71,-162,50,49,-44,80,81,-110,44,-18,-87,29,-85,68,-33,159,38,75,71,93,-6,178,81,-140,139,-111,-147,-31,-105,149,52,5,-32,-37,36,86,-30,-11,-62,-9,63,-36,156,-26,-34,72,89,-97,13,3,-15,-4,2,-96,72,11,-86,25,3,44,58,57,-57,163,-144,86,54,5,-70,-110,106,71,255,29,50,-27,28,28,-55,-52,53,67,-176,22,-78,120,197,-12,125,57,251,15,-17,-61,26,-65,-50,-37,84,80,71,173,-64,16,106,112,77,-3,112,79,123,-68,-16,169,-25,-70,154,-49,50,-3,50,-139,27,12,-27,47,124,25,9,96,10,-218,223,58
123,-92,-126,-9,-134,190,-94,182,4,55,122,-42,-121,28,-90,99,104,131,84,-25,108,-23,65,1,148,170,-18,27,173,-33,37,45,142,19,-84,134,169,-17,27,151,-257,59,-26,186,141,-63,36,61,1,-68,-116,136,145,-53,238,-57,-146,5,37,27,134,-68,2,22,112,-124,-128,-77,-40,118,-11,-23,-24,-42,-42,-6,7,279,72,-26,220,-12,81,27,161,-31,82,117,1,89,-23,30,106,-55,51,-137,-28,-189,-97,50,215,137,109,94,48,91,38,-49,129,16,19,101,45,63,-96,0,-17,176,-54,9,164,169,-10,53,29,-64,44,-4,39,-67,-48,113,-11,-219,-36,56,93,-8,175,168,-49,115,-54,12,82,10
-42,117,-104,91,-67,-79,79,126,-131,-58,180,35,173,141,-11,26,-98,101,70,43,-109,30,28,54,-106,23,75,155,28,-122,129,191,126,145,114,91,206,-43,-21,-71,217,68,46,162,77,169,10,-135,-139,83,-8,138,-22,-16,42,47,134,115,-10,54,4,127,51,29,-69,75,74,-84,166,59,93,198,60,-142,186,15,-43,-113,25,-28,-55,129,27,-37,8,127,-27,-120,-23,36,-25,-46,206,-6,-1,-22,6,90,12,-167,-13,117,8,222,62,31,-34,175,140,19,79,83,68,73,43,84,71,100,40,2,203,-10,-90,22,120,24,-38,148,144,45,-72,5,54,25,8,248,73,-36,-177,-35,106,141,65,-77,-145,41
30,69,24,-113,-7,212,51,197,15,-72,11,64,-245,56,-116,-98,-236,68,-20,61,-66,69,-63,29,65,118,-73,189,-109,11,-53,-41,27,30,-56,123,-98,-104,-79,-143,-65,108,160,68,186,-8,-15,-132,71,-17,70,193,-41,-114,-12,37,-7,116,42,-87,-96,-30,126,-57,-24,13,-241,-8,22,116,34,-35,16,-70,12,4,-177,110,-37,74,-152,57,139,-15,-171,-77,19,-48,-51,34,-9,242,17,3,14,-40,94,39,-227,-77,43,-29,-43,46,-40,-67,160,-151,-149,-151,169,159,-1,-63,-33,-85,-106,103,-45,-111,-32,23,130,40,73,-6,96,-57,111,-13,-10,-115,36,-115,53,-180,115,113,94,56,-38,130,110,75,13,-5
-53,-38,-69,-33,41,62,53,42,177,-13,-23,91,41,-7,-61,148,-29,133,98,11,15,94,102,127,-119,-18,19,-75,38,212,-82,-66,53,3,134,-85,157,-115,92,89,2,43,-44,113,-19,-44,-27,-77,-97,118,21,22,-8,52,5,-31,-59,23,40,164,69,-47,72,249,138,-4,116,205,-88,120,1,-18,-30,104,202,212,94,92,-5,-29,188,-81,39,-30,158,-78,-38,12,-78,38,20,-26,30,73,106,45,50,2,-94,-18,-99,121,-133,-179,-9,117,47,13,113,30,98,-23,-81,-68,60,-67,12,136,28,-9,237,94,31,-108,65,45,-89,64,-63,57,95,17,-53,-65,-97,19,126,145,-107,-56,-121,182,-43,12,32,175
79,70,-14,-12,-24,-22,52,97,35,-123,44,145,128,-90,28,198,231,78,-14,-48,124,-59,198,186,9,242,51,186,69,77,35,222,-8,166,219,-36,-52,83,-82,117,1,124,-31,172,-75,124,-99,3,42,-6,16,90,-13,68,-11,-9,14,-19,73,-12,189,-12,31,98,-16,7,-114,43,-33,53,31,-13,153,-120,55,-38,60,43,-34,-48,341,-45,122,-72,-87,-22,-71,-44,-17,59,119,-56,97,40,-23,26,106,-76,102,103,63,133,161,51,77,8,148,179,29,3,94,21,179,126,140,101,109,-102,147,187,137,-52,-37,108,150,98,-12,-47,-63,-52,86,-3,151,-155,-92,127,9,-53,37,-117,95,2,30,85,19,46
-140,68,-35,129,70,-7,-57,-111,292,123,-11,-33,-46,-102,-82,10,119,-33,133,38,72,82,47,59,79,163,-26,152,40,96,130,186,-61,91,116,-19,-7,-65,43,2,13,-151,-105,63,4,119,-29,39,144,-47,-43,-12,261,36,116,-68,-42,-49,69,-20,113,-1,89,77,-112,5,15,103,-54,26,1,114,-51,62,-5,113,93,-44,5,-32,172,-69,40,50,-19,10,198,-48,121,-102,-133,-20,147,120,-32,20,71,155,341,38,172,37,218,27,18,18,126,-144,145,-85,-8,-183,54,-15,-127,52,277,3,60,279,-18,92,5,75,23,197,143,-144,70,209,52,-145,70,-91,-16,-1,58,-66,93,117,137,89,-53,71,160,24
-25,-53,-104,-8,137,234,123,-122,31,-63,-101,-115,-126,8,30,-126,2,19,288,-108,-12,-47,-6,-26,-67,97,131,218,68,-87,1,57,-7,-199,-145,-89,-58,-46,34,0,-22,-135,143,105,120,57,-29,-183,-138,228,-28,-101,-47,44,-54,-5,-37,83,60,85,61,23,-32,91,-33,-16,-4,-47,-55,-79,-33,125,211,153,-45,-40,75,106,-12,86,40,29,60,77,62,-40,97,-22,-63,164,54,215,23,-70,-66,9,13,247,23,-69,224,205,-21,56,-1,73,-52,170,163,164,88,137,103,-13,41,-75,26,-36,54,-104,94,109,-55,237,89,199,-61,-133,72,72,-10,49,10,195,64,25,130,-87,55,72,2,83,86,-74,149,205
-109,-47,-158,4,-36,-171,130,-100,-167,125,8,25,66,9,19,66,14,-168,-206,112,56,29,173,33,-33,-21,29,-21,37,-42,-175,-64,-214,2,20,-65,-7,-69,19,-111,48,-143,28,-156,44,80,94,40,7,187,-85,5,16,174,11,-155,-22,-153,-173,-203,125,11,-88,-29,-106,139,-30,-162,-79,-76,-47,58,153,25,-79,35,110,21,-136,-14,178,-143,24,-26,-104,-99,-15,-16,-105,133,-22,-102,-189,-10,-86,-41,55,1,-63,62,44,-34,140,53,-4,45,-158,89,-133,-73,60,41,128,-22,-39,-12,-191,156,36,89,39,-17,-3,68,9,-35,55,53,-90,68,-139,21,88,-33,176,-12,-92,-150,-26,-30,-130,-64,-210,39,-110,33
57,-2,-126,-15,32,20,-139,3,213,-14,54,-11,136,17,-159,-90,141,263,78,-5,88,-93,210,124,118,36,187,160,164,198,14,13,0,132,2,208,-123,-25,207,25,148,7,-107,22,49,96,-144,90,44,135,-42,-38,-78,-154,144,30,198,-231,-20,76,-37,-2,-98,150,109,25,-64,-70,136,91,182,169,71,-106,111,117,-16,-23,-8,-21,152,155,-37,177,-7,35,89,-19,-33,19,-105,7,46,-18,108,90,165,8,117,110,-62,204,80,61,174,-50,-1,238,11,-232,-252,91,-154,117,87,-83,173,126,68,-67,1,71,31,27,-73,42,47,153,-92,70,-68,-43,111,129,-93,329,249,156,18,-61,21,-68,-174,67,-137,88
129,-197,108,105,-16,146,-1,56,-22,-16,133,56,-34,-73,226,16,129,85,-91,-16,58,-37,162,38,19,36,103,22,177,4,25,165,93,15,309,-80,-13,57,70,-136,-17,45,33,48,224,76,82,-42,30,61,22,159,-63,160,20,103,-4,56,7,74,166,57,144,179,-16,-65,13,119,32,-37,9,56,-40,145,66,80,-181,45,50,43,-130,-81,-100,172,111,-64,-11,121,95,5,122,-13,50,96,25,-115,-46,115,1,178,-2,69,133,-28,-66,-112,86,-36,1,-96,15,69,-12,-37,-54,148,137,127,216,132,-11,49,90,46,106,-109,180,41,39,117,159,-113,-5,36,-79,9,-4,126,-68,99,131,73,-32,145,-42,-122
-76,26,172,-29,72,-9,-65,270,-124,-42,72,35,85,-61,26,138,-87,0,-20,-60,149,-30,179,21,59,86,-70,-1,-127,97,124,-23,21,327,51,43,228,-103,18,-38,-39,-12,74,209,61,221,-50,137,290,-1,195,-3,124,138,35,48,220,116,145,-11,-51,84,63,-95,193,56,-74,203,146,-52,-254,27,-9,105,44,141,-62,124,55,-123,42,7,-80,-86,-192,-210,40,131,-35,1,-18,195,-37,177,10,-32,106,133,3,63,91,181,-94,5,7,-68,43,121,94,-16,66,-141,-48,84,21,-61,-107,5,43,-48,57,29,1,-199,74,99,1,97,2,-167,29,-43,-103,37,-119,52,-141,153,63,36,-67,63,-38,45,-22,-147
123,-25,-75,-83,-37,-112,125,22,63,-95,12,-211,63,-14,17,43,5,-53,107,-48,12,-102,95,11,19,59,20,-124,164,26,-16,-24,150,70,-24,51,91,-84,90,42,-233,120,-52,32,-54,-2,-56,31,-2,-32,-60,103,70,37,35,77,8,91,223,54,46,-31,61,12,-67,-76,124,-68,193,52,-23,76,-109,32,-46,1,37,76,86,206,75,-112,-22,-45,-51,56,-17,4,68,93,-19,149,107,-55,59,-195,-49,-61,0,-95,-159,125,-107,-43,162,122,87,-102,-29,106,112,-40,-1,127,-44,39,83,20,24,84,-101,-4,4,-99,117,-86,231,16,-87,-4,42,-9,-130,95,-67,30,-6,93,-9,-98,21,120,-3,-172,95,-168
322,29,149,10,-108,20,89,-64,-64,120,155,-5,9,82,-48,-28,10,60,9,-23,20,13,40,2,-57,-60,-43,-31,87,-30,-54,-19,152,-38,106,-34,76,-79,61,10,-127,67,54,74,43,-137,93,-213,-143,108,-25,-106,86,87,-147,102,-57,54,-17,139,-20,-92,-64,-67,-38,-36,78,87,7,57,123,-44,-69,76,140,-201,83,-22,-4,57,-95,-26,163,-88,36,33,-91,-105,24,-28,135,-6,-85,-111,42,-49,-240,23,-122,133,59,-162,44,44,119,174,-90,-28,71,-21,87,95,-150,1,114,55,-37,50,1,-115,94,56,43,-121,95,-127,35,138,-9,45,-4,-40,128,54,74,-27,109,109,-24,6,93,138,-170,0,-63,131
104,106,85,-91,178,5,-19,-24,127,68,86,-142,-2,-14,-26,-122,143,130,87,187,16,-40,160,72,214,28,-136,60,41,125,8,110,144,-8,292,5,91,-3,147,95,117,151,81,-87,199,-64,119,-52,21,144,-68,64,102,13,225,94,-18,31,-80,4,-25,-55,203,23,-133,8,-118,66,-88,45,93,65,58,-166,114,-40,54,19,137,27,56,-30,-78,281,129,-41,102,-66,110,77,-3,39,134,48,139,-6,105,28,-53,241,149,-56,-22,67,-198,-21,156,-130,28,-166,18,168,25,14,121,91,103,-143,-169,65,-32,67,47,6,55,-95,70,82,-26,117,205,-152,3,18,-43,70,169,112,96,132,-81,151,57,213,-210,-196
204,-45,76,137,-92,-162,-61,259,-31,-72,145,31,84,-27,-27,118,55,156,123,97,64,232,177,140,-60,108,-81,-32,168,-26,262,193,142,64,242,-68,135,65,150,35,73,93,71,238,-36,100,165,27,-67,95,173,47,39,76,1,122,-127,1,47,38,-16,24,62,195,95,-73,-104,2,149,139,-139,-87,-140,-4,259,-49,40,-46,0,-115,-20,-45,200,-89,106,156,43,74,9,-8,58,148,294,-74,-74,-16,-18,35,258,104,17,-186,79,-101,89,54,45,-147,234,-7,-140,78,-155,-12,-26,92,150,145,-56,-42,240,-93,32,115,14,146,44,41,204,130,38,121,65,4,-226,173,107,38,-116,-120,86,184,-11,-8,100,258
67,6,46,130,161,125,160,151,-7,207,59,165,-70,-52,236,19,61,298,226,109,-259,-55,197,246,-40,185,-65,62,49,-17,113,121,207,-28,325,4,-226,59,264,-100,134,-81,179,124,9,-28,100,31,-44,161,61,126,61,-29,131,160,-144,-1,214,82,-36,-57,319,-83,33,113,91,85,11,176,31,127,-55,85,39,8,82,39,-37,165,80,-4,90,-41,74,-30,161,5,181,182,74,107,168,-105,151,-147,117,-29,94,87,-15,-118,-51,41,49,243,241,157,37,-14,17,310,41,-108,-8,57,73,54,217,91,32,-148,163,-94,95,118,228,-67,36,95,82,100,-84,35,44,-145,289,214,23,-68,101,242,165,30,30,40
41,-170,24,254,116,295,22,107,10,90,72,131,72,23,96,-84,55,-56,60,118,59,193,58,194,-7,-98,193,129,69,176,84,91,-102,74,234,-118,-45,98,192,-83,127,74,28,155,252,96,209,141,332,129,60,2,101,144,252,119,91,-156,39,29,198,41,-53,75,-159,-44,96,113,-55,19,11,18,-60,-104,-27,171,23,-39,-43,81,95,54,-11,136,-121,31,127,35,-34,111,112,144,56,77,17,144,-27,62,123,223,-49,49,-44,336,183,-28,-50,-57,133,-86,143,193,106,-67,39,73,12,-11,31,226,82,139,171,133,70,200,105,65,-32,86,-92,28,292,-2,188,139,235,112,122,27,-21,9,-31,188,-73,37
-202,26,-56,-39,-13,21,138,60,-66,-1,-64,4,119,-75,-103,30,64,-30,-148,4,-60,-12,72,-43,46,-138,-21,157,-31,-294,346,-9,69,19,-43,-102,-130,42,-39,-327,7,-6,-13,-16,192,220,131,17,-68,165,95,205,-29,-34,120,-196,8,-9,114,156,38,99,32,-9,71,-45,-43,140,63,-139,-66,-41,233,-13,-190,89,109,44,-139,-52,-222,3,23,41,-165,172,-38,-25,10,62,-203,40,65,135,85,66,111,-38,1,97,-12,44,-3,-28,-126,29,461,-34,-63,-38,-28,3,-35,60,-60,5,-30,29,-55,172,-114,-102,-158,7,67,6,-126,-22,-13,137,191,102,8,-37,60,127,-102,148,63,34,41,-15,-12,-102,16,-95
-6,122,-75,25,-44,-64,127,47,60,144,-120,38,59,40,-110,21,38,62,194,-7,72,35,-80,94,56,-4,150,54,106,-26,91,-138,-33,-14,-47,-109,98,-31,1,48,-112,-64,61,-68,53,-18,-6,172,91,-111,-47,97,26,-71,56,-1,50,114,32,42,28,-148,51,-119,-296,-24,27,30,-103,-30,295,-92,65,-99,-137,125,134,91,45,129,-50,172,-19,-89,-88,144,-20,42,149,69,-16,99,-63,51,-56,44,-12,3,25,39,91,122,-2,127,163,107,-2,-123,-170,-58,135,-97,20,73,192,78,-4,-204,-47,51,148,-48,153,193,-67,-50,66,86,90,-172,97,-99,-65,-14,92,78,138,13,23,-60,-59,-51,150,78,-26,-41
-48,-92,-3,195,15,62,-26,20,-28,-101,-72,-85,-60,-68,163,59,96,87,24,38,-54,-11,100,36,-7,64,6,-17,76,-161,-85,108,42,11,51,-113,0,-113,18,84,3,191,-63,2,94,64,-62,-136,155,-29,16,182,80,62,106,34,-18,68,234,-33,-72,160,5,-34,22,-122,-161,-28,109,251,58,58,11,-61,91,118,-5,64,99,59,-43,40,-1,-5,188,135,-144,53,-23,-23,41,53,-15,117,-55,-163,22,45,-65,42,-96,80,56,39,113,112,-18,-66,80,56,-117,-29,60,62,-133,60,17,25,-62,-82,79,-162,-80,119,87,39,103,-45,111,-81,138,70,-197,109,-209,201,-92,15,-99,23,44,163,-93,28,54,25
73,25,289,65,-39,-36,3,-1,-18,187,-112,150,357,98,122,64,-25,95,159,36,-152,100,-42,124,128,-47,-8,177,36,-3,-31,-269,152,4,-19,21,-43,45,119,46,-140,175,10,101,81,90,99,-169,-120,189,-103,-32,111,94,94,1,21,120,79,-140,126,23,71,-36,205,136,196,153,-125,83,66,24,-219,-130,-89,266,109,108,14,139,-34,147,-44,-179,-54,-135,-77,82,258,-29,44,19,-176,17,6,37,-26,-163,119,67,-7,139,140,-20,86,28,1,181,112,13,26,16,112,134,180,108,127,99,138,-45,-76,-152,82,65,59,114,89,54,-67,142,21,162,6,19,99,238,251,89,23,-78,23,123,102,-216,39,235
-63,-10,38,171,260,184,-7,56,32,-5,125,118,192,-124,-122,-37,-191,18,43,98,2,-192,129,124,-35,2,-10,176,118,-105,-140,8,153,-16,10,111,214,3,49,148,66,82,126,156,-60,20,-127,-74,172,294,151,127,109,115,-117,-95,50,-64,-5,33,8,81,-61,16,81,-45,-74,43,32,107,-1,22,61,-31,30,32,58,-102,60,-163,143,285,-25,9,87,40,-40,86,-13,-42,137,66,26,-54,-42,40,54,-163,72,237,67,-94,-6,172,26,50,51,52,133,0,129,-9,87,41,-51,-62,275,143,-73,-98,-101,41,27,38,3,37,-51,-93,-138,-85,-207,50,119,88,-41,-4,29,58,-90,67,77,81,-116,104,101,74
-42,90,173,79,-148,-93,-120,84,-122,-126,-41,-70,39,-138,-201,107,166,-8,-76,-130,118,-10,115,-112,-56,-3,18,91,-113,-57,-67,180,196,49,4,-25,-49,-106,154,6,212,69,-116,-20,182,54,76,117,100,154,3,23,80,10,216,0,26,-83,-37,16,66,101,-184,-26,99,-54,-2,-119,71,-132,-188,42,-196,80,112,-45,-8,-17,-34,-55,21,-75,57,263,75,13,276,23,10,-20,-96,67,24,68,22,38,59,-51,98,22,36,-31,-54,39,-7,-31,-101,7,-22,-143,-123,176,52,18,-22,-90,-86,46,-55,102,-46,-31,-95,3,76,73,33,-20,-195,90,-76,253,130,-186,-89,-88,-23,86,212,195,29,111,-180,140,27,22
-125,18,95,85,40,142,-122,-77,144,86,11,206,156,-123,41,180,255,10,242,177,192,32,205,118,267,86,130,70,199,142,180,8,262,195,141,73,120,184,164,97,150,-20,103,177,-13,99,26,2,189,5,46,175,73,6,179,171,210,-46,-2,78,100,-158,104,123,41,28,-33,46,107,266,91,72,-44,-144,89,-9,265,138,153,-14,277,107,101,-4,-26,-20,137,14,-134,234,79,-37,116,-35,-103,-58,96,63,69,165,160,163,194,150,-4,-51,181,-35,153,-106,6,215,81,205,148,139,185,80,29,101,218,92,24,180,50,230,-5,60,101,178,-23,-122,110,-42,98,95,152,152,57,65,6,171,188,165,-94,-20
214,-163,122,81,-57,-71,-28,150,121,56,159,2,154,24,166,-50,-74,29,39,151,156,28,-60,130,108,69,1,-15,88,149,23,130,119,21,182,-34,220,45,-51,171,16,87,32,187,8,40,-101,38,111,92,-67,47,-33,147,157,33,-72,92,-37,307,11,110,70,134,66,124,-36,-77,191,154,89,4,125,63,71,-88,-37,11,-17,-13,66,-34,41,15,-61,49,118,-3,35,133,58,161,17,-232,-48,12,-32,53,89,105,26,97,118,238,-148,9,-30,34,-9,101,28,181,19,37,234,95,36,-41,-123,-124,264,170,-61,-88,-83,53,-25,97,292,-121,-191,-19,233,153,-107,146,24,186,-57,-28,47,-134,3,90,-5,-73
-111,-52,6,137,-31,101,-50,67,-128,7,-23,101,-12,128,-48,59,77,-17,-35,60,-24,17,-107,-109,-98,150,-78,85,-15,-10,14,-57,84,-25,-182,-146,-20,-215,-25,87,36,67,-25,-106,26,119,-3,-85,-98,168,28,42,-23,-121,103,98,-140,47,-124,59,31,-87,79,-30,-105,-42,-69,-57,-4,37,108,-117,-111,-122,-117,-16,-25,88,31,48,15,35,-165,151,-19,51,13,-107,115,-79,-172,2,-157,63,12,-100,-175,-132,-80,-13,-47,115,-6,-22,74,154,-82,118,-4,1,51,-10,110,-61,-22,190,94,117,-35,63,-75,91,-117,19,166,297,-80,123,55,58,26,135,-95,-133,24,115,-128,-40,-72,130,61,7,-151,-14,114,-100
311,-42,-47,162,98,113,-101,-7,85,-47,100,-77,112,83,-3,-111,-16,-72,268,-21,125,118,111,223,102,176,118,185,163,97,236,71,137,-25,85,103,-37,49,80,141,16,38,1,218,153,14,98,-4,-91,-49,202,118,152,-81,352,63,27,97,147,129,137,-49,80,25,-184,17,3,-37,-4,385,110,-88,105,153,75,123,-59,51,-24,56,43,204,147,116,48,161,343,130,-10,198,262,24,122,-69,-20,70,31,-91,-61,128,-45,2,247,276,-70,225,86,87,-12,101,-26,185,24,112,-161,-38,128,-53,-160,-13,245,18,238,-14,52,-130,-5,71,124,55,74,102,-87,-108,67,-28,55,103,23,-2,-15,53,72,110,-53,177
217,-228,-53,53,85,225,12,62,208,-122,36,-78,6,-115,93,-120,-8,211,46,-23,-134,-90,-195,200,71,28,79,140,109,5,-3,-44,-89,-44,57,13,46,-47,117,179,-66,270,-92,-22,-55,0,53,56,99,132,-50,45,37,-72,-14,61,-14,-13,12,76,-55,56,12,85,-109,79,149,37,-9,205,63,-26,139,-42,259,-119,-22,103,-157,65,-2,95,-8,175,125,-13,-127,33,-101,70,118,116,-69,-31,-206,-61,-94,36,-27,101,-253,48,-26,171,-5,98,-72,8,48,24,79,28,-90,-79,95,-102,14,40,-27,1,116,-102,147,-194,-44,-16,-36,82,137,-46,-201,75,85,-64,171,108,-84,198,-75,-15,72,17,32,-31,-59,36
-108,-189,57,-147,43,6,-41,147,176,11,-47,65,164,-121,-3,-2,280,78,110,39,135,-39,111,-16,55,209,-18,-122,56,-68,101,157,48,-44,-108,-50,83,157,102,29,-73,16,138,1,15,-94,-113,102,14,42,-83,18,10,127,78,196,101,178,58,160,-69,-60,153,-13,-74,18,73,47,-14,-109,94,58,66,11,16,-62,-165,-38,57,115,98,-124,-106,64,6,-87,-83,122,97,327,32,179,10,-44,115,-162,-45,25,62,-30,53,116,24,-7,103,-64,53,-44,11,86,4,-87,59,91,-21,226,121,-133,119,103,0,151,20,91,6,130,98,293,32,68,29,-143,-6,101,-67,66,85,-24,-38,78,-48,27,81,45,-73,-100
94,-131,-61,85,-42,196,-37,235,-22,-131,229,-111,161,122,250,-57,-90,193,154,184,75,77,-38,162,-122,-2,170,81,134,-47,98,47,233,-54,256,-120,-27,71,39,12,104,281,-22,14,139,1,-16,24,-38,-89,13,99,-30,-58,-66,148,34,37,-23,149,-23,99,-58,176,134,-121,75,99,29,278,147,-193,5,123,86,-70,-26,163,106,49,-262,160,12,312,94,146,32,-15,6,67,169,40,172,55,36,176,-33,-48,-91,138,-171,-162,85,66,56,-1,25,-3,17,190,120,240,-80,-162,-17,209,68,17,-41,-43,108,-60,-37,-135,-32,-94,52,94,233,-102,17,154,-12,-120,-70,110,-56,63,-11,132,-45,19,4,-7,-127,3
89,121,100,60,73,-101,144,-131,13,13,-113,-96,78,184,-14,-79,-58,-95,129,1,-131,156,-117,45,-86,-81,170,218,44,129,213,-51,-2,-100,111,-44,-132,-191,-154,152,226,71,51,43,-88,-132,-49,-199,-49,-165,-63,-114,-51,94,214,15,161,82,108,93,113,-36,72,73,-185,15,-74,157,-140,342,74,92,99,0,3,95,-20,32,244,181,-53,245,43,-53,170,-34,37,95,1,-3,-96,-83,59,-5,-100,131,-43,-41,124,87,-62,-127,89,-73,-165,57,4,118,-17,180,55,31,61,53,-99,215,121,151,54,-139,-91,-156,155,-12,20,-41,101,-86,23,-31,351,104,-23,-21,-81,-6,116,16,71,53,96,22,100,41,97,136
5,-38,-143,94,-61,-51,110,130,31,46,-57,-115,250,10,25,230,-30,153,339,170,137,-143,87,254,24,120,-135,-32,232,-18,72,95,189,-8,185,46,-107,66,152,85,-150,-112,103,7,45,-152,-34,57,-34,-6,69,107,31,-72,252,329,-111,141,111,211,105,123,183,-19,97,-91,127,273,-88,-1,170,-14,62,-50,255,49,322,217,310,195,63,162,171,-87,180,-194,83,80,-110,170,94,48,160,44,-52,-152,101,180,82,23,25,7,141,122,262,241,127,79,201,-80,17,172,8,88,-92,65,68,241,-49,74,282,177,44,-37,-169,23,-7,217,210,245,12,31,90,-33,27,77,129,169,78,145,-86,71,-40,43,-85,-44
106,-129,-30,14,-107,110,77,32,52,165,66,16,14,-108,93,78,-28,46,28,19,-17,-53,-279,-37,-62,237,-45,-137,70,-40,57,-148,74,-60,-88,-29,-44,-182,-21,-104,-43,-146,-32,-149,64,50,138,157,-56,-222,150,46,7,26,144,162,-22,107,-10,160,36,12,116,153,-69,-115,42,60,-118,120,-9,-83,45,41,113,27,-133,34,-55,-32,-2,-69,55,14,97,0,25,-35,92,143,-297,-57,-179,134,-158,-41,-113,150,110,-103,-54,-7,71,-139,-95,78,-33,52,-182,-63,213,15,-82,-22,195,100,-42,10,52,65,-56,-132,74,-41,29,146,9,-29,189,5,69,2,50,-12,-97,-46,-100,-43,-88,90,96,141,15,-60,198,-47
155,12,-69,137,6,31,150,45,-49,108,-25,183,104,-59,103,114,80,311,222,167,97,-54,285,77,83,152,-107,5,36,-96,-16,233,257,-66,177,-58,-15,-97,173,-49,180,95,134,12,163,157,35,68,-6,61,205,-4,97,86,170,108,-4,143,62,29,6,-8,224,-184,85,55,61,156,-95,75,122,-46,13,116,136,127,181,-13,-52,-3,198,78,117,48,136,-128,12,23,179,238,135,85,39,80,-80,-111,-41,144,59,69,52,-27,204,170,199,196,143,117,148,-45,156,108,34,72,28,35,195,-63,49,160,158,-200,-3,15,206,-12,61,228,-5,128,159,123,-43,-18,-116,38,106,319,-28,29,-43,280,-79,-154,-69,97
-114,20,71,-64,121,49,-31,-130,-111,-2,28,9,46,52,-22,-31,-20,56,34,-39,-49,14,23,131,-17,-191,-31,146,-15,135,82,43,19,-32,175,101,-140,-87,125,-163,-34,230,-180,-88,271,137,204,-271,66,138,130,-4,-38,5,124,19,37,124,-21,-12,32,127,-78,-82,38,-58,127,-106,75,-96,-59,181,-85,-106,136,20,-115,-103,-184,211,130,109,15,226,81,-1,8,-230,67,-88,-112,3,-123,-100,-40,-48,51,23,-102,102,48,239,-169,-9,22,59,39,13,65,14,-18,116,-155,-106,10,23,79,211,23,-19,8,50,-98,4,70,58,54,161,45,-17,34,12,50,-24,159,92,115,49,93,-51,-99,124,-83,46,148,13
51,-40,44,42,-131,247,-54,194,158,-14,3,95,-61,-17,42,-122,171,-90,40,87,86,-55,-14,164,34,137,185,45,163,-133,92,-67,-42,-135,-15,-81,-132,19,81,-114,-78,3,213,-76,-8,-24,-41,142,109,-25,-48,156,106,59,108,44,40,-156,280,-81,48,109,9,65,43,-78,19,57,-81,191,68,63,163,69,-73,71,-257,45,65,-114,-32,-59,0,56,154,-6,-18,66,2,23,5,161,-125,120,79,120,86,94,121,43,103,-10,189,128,-48,-256,-39,226,-70,-214,55,64,16,-51,-64,57,-46,100,118,41,-171,23,93,40,-20,55,129,4,98,137,-7,222,206,138,6,-63,102,-6,39,139,-78,-25,77,41,14,-25
