6,-32,82,68,134,-5,-1,-45,81,-22,48,-134,3,33,6,87,26,-92,-27,89,49,-74,53,-1,-40,49,-19,-7,-17,135,60,-18,14,-64,16,193,16,-38,80,-11,26,-138,181,7,44,64,61,54,41,-72,-74,-80,-4,-3,-11,52,105,9,67,32,7,93,-15,24,209,-123,-4
59,-17,27,4,103,51,-63,54,16,104,-27,2,71,-68,9,-30,68,-33,-13,135,19,-37,77,98,19,-66,-10,-32,25,43,-58,-35,47,-61,-26,17,48,-81,-88,-113,30,9,1,25,53,-135,7,-78,-43,-68,7,-24,29,-51,-36,12,96,-131,-17,-56,14,21,-50,84,32,-69,-13
114,-76,16,44,140,2,-34,76,-92,130,106,-38,17,-13,-26,26,65,83,-19,-29,-30,-142,17,56,17,1,-17,-86,57,87,-13,208,-95,-65,52,1,11,32,56,-3,74,-130,-8,51,26,25,-63,-12,-47,49,5,-31,-28,-96,39,97,98,16,163,-28,15,119,-36,108,54,-38,145
28,11,79,145,-32,63,-11,12,149,131,-66,2,-84,-30,25,69,4,-29,89,128,13,75,-26,43,31,8,21,28,121,73,74,33,102,-36,103,-27,101,15,68,91,72,99,149,29,49,-21,63,132,64,57,59,-36,46,9,-33,-62,74,-44,50,21,-47,67,-123,55,107,-38,213
23,-23,-3,118,88,-1,-12,64,1,26,25,-131,58,76,46,-20,-119,-34,32,19,51,75,-124,-35,-18,80,-10,13,95,121,-30,-24,31,-16,-42,132,-61,40,111,-73,36,-16,71,83,-103,106,104,-22,-73,92,-12,-44,-24,-54,11,87,-23,-51,158,59,65,-49,-51,46,-47,89,-4
-53,72,-59,121,-20,-32,51,-9,0,-62,-32,16,-54,43,-133,-59,25,7,-14,57,29,-51,92,151,50,88,-66,79,-73,-77,14,-24,110,-8,55,-66,93,63,86,107,164,96,93,45,96,3,72,-12,67,84,105,64,-9,37,-14,-34,49,0,2,-71,-36,96,-121,-45,-12,102,40
-26,8,61,-53,-82,-61,-102,-82,-33,53,-16,15,-5,109,36,-14,8,60,-38,-8,27,42,-61,99,26,0,-101,79,-82,58,98,-166,-20,20,-40,35,32,-13,45,-37,-66,49,-36,31,163,-105,53,38,9,37,-2,-4,-41,-6,-8,36,223,-92,-6,3,-77,-46,-128,54,125,-27,76
58,-73,6,76,-55,-24,-70,-34,-56,8,13,27,5,20,23,16,32,86,49,42,7,-51,-7,-60,-27,23,10,82,190,45,-11,21,125,-7,-7,7,-49,29,53,8,-43,77,4,45,-11,40,68,157,-61,85,149,153,-4,-44,12,18,-18,-250,111,15,18,-2,-11,88,40,135,86
105,64,-224,22,-7,-132,-93,58,30,36,27,50,28,-122,116,17,70,-103,22,-18,4,-31,-27,74,-89,-31,39,-50,-10,-6,-14,-87,12,52,67,-73,-20,71,-56,-22,-65,49,118,-14,14,76,-40,-45,67,-81,-13,-118,9,-40,-79,1,0,38,42,-77,30,83,-19,2,19,-63,-71
-9,122,135,7,28,117,-13,14,25,-50,-78,-39,116,23,87,2,94,15,167,-57,17,131,95,49,147,36,138,-61,-104,26,-17,-51,-59,67,23,-52,33,-75,-95,-19,-42,63,47,-191,94,38,32,-26,-92,5,-60,-20,75,23,23,-27,119,63,-30,78,96,-36,28,47,-103,-37,47
166,-3,24,-35,71,89,98,1,28,30,32,79,83,73,30,31,16,31,-69,-37,-156,-7,190,34,-80,-32,-4,112,6,6,23,99,35,29,-18,-25,-66,-86,-19,103,-11,22,-36,-141,-86,35,-81,17,-88,-41,64,-51,16,39,72,46,-5,60,-53,-85,68,-9,110,-34,75,11,-172
161,135,111,62,-25,81,126,72,39,90,132,75,103,47,-77,-69,95,22,-38,11,-12,-90,9,111,27,17,22,-28,-117,25,91,92,86,-18,59,-137,-12,56,-74,150,54,127,-97,38,13,35,-49,-27,70,-66,68,45,-58,37,-7,-19,107,233,-25,-13,13,-44,90,-88,-57,-61,-22
-106,79,157,104,28,188,123,7,14,78,62,43,76,44,-105,-87,-47,23,82,-72,9,56,75,-44,35,105,-78,-39,95,-17,-106,114,-56,2,-18,48,13,-32,0,40,94,3,-37,-14,45,-56,14,26,-35,140,-25,35,-57,59,58,-62,-12,63,34,106,63,35,-11,56,-37,94,157
-30,109,65,117,70,44,27,40,-62,55,17,8,-9,-44,68,-45,-33,6,22,18,-3,-26,-54,18,-94,80,52,-52,38,-28,31,-85,-110,-45,-37,-29,-40,92,-12,6,34,-5,48,-28,69,44,77,60,66,0,-171,-90,-61,3,-37,62,58,30,77,22,46,40,32,50,126,-19,50
-66,-57,70,65,24,-114,83,49,106,-83,190,-1,31,13,-20,-2,6,-108,102,78,63,107,-102,-43,-56,65,70,-77,-21,66,34,32,35,-75,94,58,31,89,-72,-117,76,25,61,124,-34,-1,-139,6,-26,-26,-17,-67,143,34,-35,-44,30,24,56,66,-56,129,-10,78,53,-95,56
135,88,16,33,37,58,95,63,34,73,-82,83,174,29,-129,9,-43,10,33,-165,-101,63,70,115,111,39,-49,46,-9,59,-31,36,53,100,-49,-35,132,25,53,131,11,30,-94,72,-78,2,-42,90,79,48,25,-27,-148,66,-60,82,-17,89,32,9,145,-14,-88,-56,-35,63,35
-38,50,101,1,-20,-26,72,-87,-42,22,-77,127,-38,126,-4,-52,19,123,1,-82,-56,57,32,78,67,2,95,-16,44,30,20,98,-137,-69,20,31,23,-62,120,-50,40,35,5,-54,36,-6,59,135,-12,-35,-23,-106,-35,22,56,67,75,-5,29,46,-52,-66,-74,103,85,11,138
152,62,18,37,42,-138,50,8,85,124,-13,52,29,9,-98,-6,203,18,8,86,134,102,-59,108,-3,70,125,-114,13,-62,-133,84,20,-61,56,-9,135,65,77,-131,57,42,64,84,55,22,-18,-14,-59,-7,-20,14,-107,40,17,37,149,33,37,21,56,31,-13,77,-16,-51,69
3,209,52,182,55,45,34,74,152,-27,23,-10,171,-1,-68,6,168,20,45,16,62,-46,0,154,133,49,-13,-125,1,114,-5,-87,65,-51,62,-32,-19,116,9,50,85,17,14,20,82,-41,26,36,80,130,-168,-51,16,-7,20,80,98,44,-31,20,126,43,-51,-35,15,-17,84
-23,-15,77,-47,45,-57,49,22,128,-88,88,67,139,50,-84,-5,-60,12,-42,-48,-55,-109,-35,184,-3,58,19,17,-87,-57,33,-50,-1,-22,51,50,10,-51,-23,-42,104,-135,-54,35,-31,41,-45,46,90,-115,-12,-224,-77,21,121,22,132,107,96,28,26,19,30,128,27,-115,28
-15,61,-156,-121,59,-72,-25,82,26,69,3,35,-115,-41,4,209,11,-56,-85,52,-25,-58,-56,17,-42,-89,-63,201,20,-108,89,-76,81,56,75,103,-73,11,68,-30,24,-84,182,-10,-1,68,32,2,88,41,-18,-78,26,-60,77,59,-10,-11,66,-113,-64,34,-93,7,104,7,-57
-85,-31,61,54,24,39,200,6,122,91,92,47,35,104,-76,0,45,-28,-80,45,-4,-27,100,-106,20,145,25,-10,60,41,-43,120,131,-21,32,119,17,-3,112,61,158,73,111,-47,49,43,-101,33,43,57,27,66,69,116,44,-5,12,-34,-56,-1,-69,-79,15,21,-12,-3,10
-59,0,23,-12,-10,99,95,27,1,-25,7,-36,-8,105,125,-15,-5,27,-26,12,-64,40,-23,-61,66,27,91,108,31,59,155,-113,69,23,31,-35,30,54,38,-47,5,98,62,-10,56,20,-19,55,114,101,178,61,98,63,-9,63,67,-134,38,137,-50,-131,-6,22,-132,-2,4
-23,89,185,54,113,49,37,4,-100,-45,-18,27,29,4,13,26,72,97,81,22,-112,16,210,189,75,-25,34,66,30,-61,50,88,-26,-12,-32,9,169,-33,110,102,77,-132,52,49,44,127,30,74,50,43,13,-5,-54,99,12,111,111,36,172,-48,93,82,-26,169,138,19,85
7,59,41,62,62,-136,80,51,114,-33,12,110,30,-116,-44,127,148,71,8,16,133,75,30,17,101,8,13,-57,107,58,-123,196,151,39,96,115,-42,3,183,-74,153,21,17,44,28,142,-34,-54,20,11,-81,57,58,72,61,107,34,78,13,-53,-105,-69,-103,52,146,59,163
-49,68,-60,-10,48,4,-42,84,58,42,-28,18,113,-2,-36,32,15,-14,-108,79,19,-157,-65,84,27,-19,10,49,70,-38,33,-131,158,11,-37,99,-90,-4,135,21,54,27,180,-56,-23,55,-115,-55,142,-71,-71,-76,-42,67,82,44,49,-130,31,35,-83,-84,-78,7,70,22,-18
-2,46,50,13,-59,13,144,-2,14,67,141,3,-2,116,99,-169,5,29,80,-20,-106,29,-80,-9,-154,69,15,58,46,107,84,-19,79,-3,-51,6,-18,119,22,36,-33,41,132,144,-51,-83,-51,99,85,80,135,-15,-22,72,22,-30,50,-73,155,-34,3,-34,-5,96,28,45,-56
78,-24,39,179,-39,-56,-121,132,126,98,11,-64,7,-62,-51,100,-36,10,4,137,31,-70,-53,-31,-14,150,-69,-35,198,-6,-5,138,-4,25,49,110,-105,39,59,72,-26,0,-54,60,-80,122,44,61,89,52,-43,25,-66,-69,-58,119,3,-48,120,24,-90,-78,-38,23,71,-58,55
-93,-11,28,-67,-70,44,130,123,-5,51,116,-5,66,-73,-58,54,21,44,-40,-31,26,-180,-39,-79,-34,155,41,36,43,32,-44,105,77,-46,14,-15,3,55,111,26,-3,-84,-4,-13,-36,91,12,36,174,23,6,199,-84,76,15,-25,71,70,-14,8,-4,-19,14,33,16,36,63
17,-18,37,127,70,-39,-91,34,61,23,-185,-28,6,-10,-109,-55,-71,121,-60,68,-25,41,13,110,52,90,-30,-11,-23,64,24,70,-10,94,-11,101,110,35,-19,-38,74,104,85,74,-39,-51,3,20,-120,-40,-46,-156,-35,-78,-30,-83,-12,-14,64,175,69,87,6,-50,34,-1,-10
-37,97,-110,-171,37,-16,87,31,-96,-51,-23,56,-18,-53,23,19,40,93,-34,-62,51,-3,-29,10,31,-74,-28,94,-101,6,-8,109,6,44,58,35,16,-50,28,-83,-22,-39,-106,28,97,41,102,-62,-2,38,7,48,50,31,94,45,68,119,2,16,-26,21,41,23,-11,-99,42
59,-10,48,49,-28,10,-16,16,-158,72,-4,27,-19,41,60,78,66,98,16,-87,-19,53,29,-51,33,-141,-40,18,34,64,65,24,-60,-116,74,-2,135,-27,123,89,3,-84,-62,12,14,-83,45,58,-96,-41,8,20,-109,-41,-84,-95,49,0,70,84,-87,37,43,49,87,-104,123
7,160,160,100,11,-56,27,11,73,-29,21,43,1,-69,-34,-93,74,-130,192,151,26,-65,40,56,3,-32,-25,89,26,-146,51,-38,153,-25,-60,-59,80,15,-35,54,42,107,-6,33,43,-6,76,71,-37,36,32,44,3,23,0,-71,-26,-65,121,-55,60,-15,55,-6,10,19,-61
36,-40,6,63,61,108,-48,-41,-29,9,109,-16,-71,45,155,55,49,16,-83,176,-22,-153,26,7,-13,-147,-14,94,115,21,91,-16,117,-8,-84,-10,5,-87,120,132,-4,76,6,-32,31,41,55,-14,50,10,34,133,83,-4,-35,82,37,-145,56,-16,-29,-99,-10,-18,115,1,-31
5,-101,22,42,-18,19,26,71,-53,6,-57,-71,-72,-70,-42,-11,-123,81,22,-61,-77,-21,10,-27,22,156,-24,-70,-15,70,26,31,-124,47,-23,-51,-47,-31,-107,125,-30,65,45,-18,54,-3,-94,-5,35,27,-13,-93,75,50,-17,92,-35,52,33,59,-91,15,-115,-142,-81,-75,31
-71,-63,68,63,45,54,94,-73,127,0,-78,-12,-53,-4,-3,-21,-157,101,-56,-40,-12,2,38,73,-45,20,110,86,-49,-71,15,3,-59,68,20,118,105,-59,46,41,120,-30,27,-35,23,89,-21,75,-35,-12,-107,-111,30,6,4,49,46,109,80,38,-46,4,17,45,149,-1,9
-31,-114,49,-87,-138,42,69,2,49,10,-19,-18,-35,40,-12,-21,-67,33,-33,-58,71,1,-26,-19,23,63,128,-63,-63,106,6,-39,-103,27,101,-35,-12,-72,39,0,39,-3,42,22,115,-38,72,9,61,-5,10,-56,-2,6,19,56,112,-56,-125,-61,-96,-98,-119,0,-47,-101,156
-42,41,-177,-55,-12,-74,-88,-98,-86,40,-144,-82,-105,50,-120,32,59,3,80,-14,10,137,-118,-49,-5,-23,41,-94,41,-42,-84,22,-21,-76,26,6,132,96,30,-167,-33,-26,-74,170,-48,-87,62,25,60,84,16,127,-1,-65,-44,-27,17,-27,2,11,-38,48,-29,66,20,51,-42
1,15,86,2,47,11,-84,-28,40,-102,52,64,51,1,-66,63,97,23,-26,81,76,-32,25,-49,-46,23,-65,-15,97,-3,51,170,116,11,-44,67,8,-11,58,4,39,53,-99,-18,15,30,-3,-26,2,-30,30,128,-94,-53,-35,61,16,-43,13,52,20,12,29,45,97,22,32
-27,49,112,-13,16,-50,2,11,163,32,43,55,170,105,-30,-62,92,-74,73,85,25,101,-58,205,135,83,96,31,62,-40,-40,66,234,-54,38,62,78,24,67,-55,64,93,42,83,4,50,-88,161,117,60,-7,-27,50,97,173,18,130,28,112,65,58,-112,38,159,106,11,94
-66,-48,124,-6,-32,-40,207,29,16,-4,126,10,19,74,96,-106,66,-32,26,148,-52,56,-64,-5,-134,0,29,-34,56,-13,-41,-5,-24,-29,-15,-47,9,37,-45,48,-32,48,83,61,60,-60,-53,-2,7,-39,-85,-79,-47,52,-47,3,91,0,86,25,-82,-10,-26,84,19,-98,49
21,-29,-4,14,-50,-74,233,74,45,100,-30,54,-54,-23,29,-23,-19,22,-42,-56,-6,4,33,52,-83,228,114,-16,-119,47,-70,-26,-28,-46,7,101,38,19,153,-109,77,-71,67,-17,-69,25,37,15,28,-20,-35,-100,-36,23,22,-18,89,73,18,-56,11,-22,-65,93,46,39,79
-5,12,-18,57,4,-57,14,-34,20,21,-94,-22,-26,-34,-111,44,78,200,14,-13,58,16,-2,26,51,-26,81,-86,-84,46,146,20,61,-15,47,1,14,57,67,-43,68,54,-26,129,55,-115,-24,-67,-55,38,101,-11,3,-15,-43,-72,94,3,-55,51,-48,44,20,-83,-121,-34,72
18,-1,97,136,137,160,9,93,38,-78,-64,-72,174,48,28,-73,-35,-66,56,64,-30,-64,101,87,49,-54,4,156,53,41,81,58,115,-22,-139,7,53,-14,14,5,-13,-46,21,120,-36,120,24,61,53,-14,105,113,8,30,-27,-1,-62,105,79,5,64,1,-12,65,91,168,-94
-74,51,-19,79,-32,-65,23,-30,4,67,92,27,0,88,-24,83,-39,8,45,-61,58,-37,-82,-63,18,26,-17,122,119,62,-19,32,-13,66,110,90,-48,7,188,64,178,-28,96,1,-27,167,45,72,57,68,29,62,-114,83,67,45,-51,7,97,2,-43,-2,0,82,32,156,79
34,-2,-3,45,-34,22,-54,-40,43,-43,14,-45,64,169,-47,99,50,-85,1,-50,59,91,-59,-93,26,-8,-117,-55,42,-10,-9,36,8,4,-33,108,14,-14,12,41,14,-84,20,62,-72,72,-76,3,85,-70,-6,54,-150,14,-40,38,-63,121,31,77,12,58,35,-68,48,90,-63
17,-7,-65,-64,8,-91,-24,-26,83,-99,83,-4,-20,145,52,-45,94,50,-53,47,-57,-1,-115,104,13,67,-74,-8,-2,-14,-88,109,-46,93,87,51,14,-167,25,35,29,35,65,-104,110,103,-55,-53,-26,-11,62,-114,-14,74,120,81,25,30,112,27,-29,1,3,66,0,-68,-93
-7,89,-39,84,12,-15,19,-11,54,44,-8,-22,1,90,-47,-54,11,103,47,-12,62,10,6,103,47,116,97,-44,-45,10,20,-70,8,-104,-12,16,19,-10,29,-52,29,-18,70,-37,7,-92,-17,-19,14,14,-12,-108,-7,84,25,-24,37,56,-8,140,45,68,16,-98,-40,2,31
62,-44,140,155,66,29,86,136,28,68,112,-69,98,16,52,16,77,66,-39,4,-21,71,0,-12,43,48,-60,39,91,62,-4,6,127,-5,-33,34,-45,32,105,31,132,14,65,13,-68,92,-45,-93,-73,132,-8,-4,26,56,90,-14,97,43,115,57,60,-76,98,6,27,51,54
69,188,14,-37,-3,-15,71,-10,41,-76,82,62,10,98,-37,-4,56,-65,44,-98,55,-22,-117,112,28,-48,73,80,-5,-118,-96,39,49,-25,-11,-62,-62,63,6,-76,-6,-43,48,-31,-15,141,164,-22,-21,-8,-14,12,-117,38,76,-28,-56,119,89,-29,-41,2,0,25,-45,88,-39
-47,-34,75,32,1,14,-11,101,76,9,-82,19,-22,-47,2,15,-34,4,-43,44,94,-25,12,45,177,18,1,-9,-30,28,45,-26,-47,66,44,102,-102,-139,-12,-15,112,45,28,9,28,9,-39,-31,49,-53,41,-188,114,-45,87,52,-65,-118,-5,42,-54,17,-16,40,-67,-60,35
-26,43,-126,-31,-94,37,47,80,5,-40,3,1,66,-53,138,0,-85,-52,71,-55,-32,-24,-70,33,43,-19,81,164,21,78,59,21,202,-43,10,39,-26,121,131,-18,-74,66,91,12,50,45,14,-59,31,135,174,56,183,-18,74,-137,-35,-51,-59,75,-6,56,13,58,20,83,132
-70,73,197,34,-56,-48,67,-26,63,102,76,14,-104,19,75,60,90,65,118,57,92,27,-50,-133,29,-17,-46,-44,28,91,-4,79,-19,-47,4,-15,54,22,-11,20,-52,-12,-81,24,-13,-51,0,131,89,52,26,99,-16,38,-106,-30,30,-31,33,35,-43,11,-76,29,59,45,47
159,108,72,167,49,-10,3,27,127,131,44,-49,60,73,-42,113,64,3,14,103,116,65,34,92,104,4,-115,112,15,97,68,-13,126,-10,54,42,95,42,-23,45,58,106,15,81,-27,43,168,112,-31,25,-120,14,21,36,-2,42,120,66,123,49,43,6,-67,-76,222,23,36
-103,112,-47,69,23,74,1,16,112,-37,-30,-5,48,-34,2,140,-10,-51,106,-71,55,19,45,58,-10,135,73,-37,-48,61,4,-88,-1,87,22,115,-53,-13,112,-54,89,-32,119,-61,109,7,78,23,116,71,-113,63,47,-15,-42,153,114,4,27,104,131,-22,-114,52,-49,78,-5
-68,39,13,-86,67,-123,225,-29,-64,65,-44,33,-161,29,34,-71,21,81,-99,38,30,-11,79,-28,-79,19,-14,187,-39,47,-70,-109,106,51,-69,68,69,-92,135,-118,190,76,106,-104,-59,-18,120,1,-34,-64,57,-93,-1,132,-12,-4,-3,-149,64,3,-97,-113,-112,67,-10,-12,12
-94,56,-78,43,-33,-142,-12,31,76,31,-96,-78,-66,-145,-79,-11,-81,-40,23,23,91,-30,-9,-51,65,92,45,-62,40,14,-86,-2,69,-33,38,-7,18,134,21,-72,103,-98,62,-2,15,-117,48,62,-7,66,-137,32,70,10,76,-61,-29,-51,-14,-89,-128,126,-104,78,75,19,114
66,82,77,118,-39,12,-28,54,128,73,-4,-44,7,12,121,117,45,97,87,101,118,35,-58,-88,62,-1,25,-71,116,49,-27,6,-16,11,28,108,93,-4,63,26,36,14,91,44,-59,45,-19,74,62,-42,-41,-107,-100,92,-46,-47,43,-10,56,81,65,87,-8,-155,52,23,-25
-15,17,135,115,56,-8,-89,31,-77,-95,-89,-24,8,-88,144,55,74,120,101,11,101,55,54,59,181,-16,54,3,6,57,-10,89,21,29,-22,-6,101,-30,-3,-14,-5,-61,-31,19,59,133,97,-10,-41,14,-81,87,51,31,-39,45,48,83,82,154,47,76,80,85,129,39,142
23,95,20,81,-81,7,109,-68,-10,16,188,-57,-23,118,138,-53,-6,-133,98,20,25,-8,-127,98,-2,-86,28,83,0,-5,-36,14,159,-48,66,-126,93,-34,46,116,60,15,52,54,64,173,241,94,-30,81,24,91,69,54,37,-30,-17,139,135,13,84,-68,47,93,45,59,-4
44,149,56,-26,119,44,44,-6,-65,41,34,38,-29,57,-82,0,75,127,-14,-45,-3,21,18,16,25,-118,41,29,-68,32,20,96,-133,20,74,118,0,-49,51,-47,171,-96,-144,35,35,-28,39,40,6,-26,23,35,-81,2,-51,77,32,84,53,12,-36,100,64,101,41,-28,20
9,166,-113,-58,32,7,140,73,29,106,37,92,167,-18,66,40,48,-61,121,61,-9,-45,-4,108,17,50,73,-3,88,-11,-142,150,49,-68,94,-6,13,44,45,120,-45,69,147,55,44,93,-6,-63,118,16,-19,42,-108,110,42,71,-20,-10,-25,64,48,-39,18,9,-72,70,25
-30,5,-65,-65,76,67,-14,47,-28,-32,21,-82,-27,120,5,-43,56,-41,37,-8,32,-8,-25,-56,-4,67,114,-38,62,-22,-97,66,73,89,-40,16,27,-21,-39,-15,-78,55,83,-50,24,31,45,38,68,93,119,8,131,51,-20,-35,-36,-13,-2,-38,-5,-94,-143,36,-73,-47,-94
89,-101,121,100,-30,103,44,-17,-24,-9,170,32,18,66,24,19,-12,-63,42,-6,-40,6,-12,50,-74,17,-18,-4,8,-26,6,3,53,-48,-25,15,-179,38,-108,12,-100,88,23,15,20,191,-31,10,-24,40,64,-1,133,-81,-73,99,32,7,129,56,49,-55,-34,-44,-72,30,103
-12,215,108,73,1,-5,-8,0,85,73,-6,5,-8,-89,-86,36,34,-182,84,79,-21,-68,-14,82,78,-14,-17,-184,-5,-90,-34,-44,-45,82,89,10,-2,97,-128,25,9,-38,-69,133,38,15,50,95,146,-28,-143,-32,6,-17,-83,120,16,-46,84,-82,17,1,-52,45,19,-48,-51
69,116,-15,85,-40,-52,-57,101,2,57,16,-69,-43,-157,28,105,-41,-143,202,183,112,-82,-15,-167,-33,-11,-73,117,90,-81,50,-1,90,0,45,40,-51,61,-47,45,-51,40,25,13,-20,91,110,55,-7,9,71,187,7,-59,-45,-77,-118,-44,80,-21,-98,90,-29,5,63,101,27
-44,28,27,-95,52,44,-132,51,44,58,-68,62,101,-40,-3,-81,86,14,-75,63,70,-74,51,172,84,-72,16,-3,23,-131,-26,-68,-20,-88,22,25,2,-127,46,-106,29,-87,134,-139,74,60,-45,-65,126,-98,-41,-114,-93,12,170,46,166,-2,88,-21,14,-38,9,121,18,-59,32
