43,-10,-9,110,30,-33,44,-52,42,36,-41,59,-190,15,55,-54,-30,43,101,-75,17,-14,-69,-64,67,-7,101,61,29,-103,-61,83,46,64,30,-36,186,138,-46,7,203,63,68,74,-24,-20,87,-60,-29,-60,-57,-89,-18,15,23,60,61,-96,148,-75,-23,99,47,-55,27,86,25,120,-5,105,160,76,-63,-40,12,5,111
-1,25,88,-82,12,77,-3,85,6,48,-67,-50,21,71,53,102,80,156,-15,3,52,-76,126,-129,6,74,-8,31,110,4,136,60,-52,-17,105,150,112,-94,12,-14,39,-80,74,130,32,82,-120,-39,70,-52,-49,55,-125,-17,51,-174,-22,-13,-38,108,224,70,194,40,-114,54,4,-9,0,34,136,94,-102,-109,-43,-6,93
0,55,25,85,-108,46,-32,-43,-106,13,15,64,-91,9,-127,-18,-152,12,42,63,-116,-67,-68,-84,37,77,-49,-101,-107,-48,-48,12,-81,49,3,-4,-71,-111,-65,65,76,22,-82,-37,74,-70,-79,141,-30,-30,-42,-103,83,123,18,75,57,-73,93,99,-115,13,-14,-100,12,-36,83,-35,51,-62,-1,-31,12,-20,82,12,-80
24,22,29,11,-49,122,-106,16,52,-134,85,58,121,73,28,85,125,64,0,168,87,-38,87,173,17,183,36,92,28,-79,-36,-23,-16,-114,-108,121,32,-38,148,-88,-198,-44,-21,24,64,12,103,102,-36,-13,12,5,64,-107,-25,-101,-55,53,-45,78,44,46,-5,-38,89,37,9,-30,13,-32,-31,-15,139,77,58,72,-45
45,23,-64,78,98,80,-7,-108,57,-61,96,34,100,-79,45,51,-46,-1,-72,37,-126,74,38,80,-45,-28,11,-53,-107,-10,-100,-59,-10,99,-6,-79,74,38,46,-132,42,74,22,-24,-44,-106,57,17,-6,-5,-82,73,-32,30,90,-16,-24,39,96,77,-13,-83,-68,65,4,20,125,28,-14,104,141,34,90,70,5,12,-40
-27,-73,-63,-29,42,-46,-24,-62,-24,89,28,-104,67,-43,-91,19,-181,26,-93,-4,-52,-146,90,9,-46,-109,-28,-4,26,100,6,42,45,0,-28,50,59,-36,-15,-62,92,-72,-12,92,73,102,90,68,69,-55,36,12,111,54,-147,32,76,94,-34,-36,28,-124,-11,18,84,-74,61,129,-2,-85,-27,134,28,111,-19,4,149
22,-102,-7,72,-69,29,-46,98,5,-103,91,50,113,34,51,117,226,124,204,79,33,169,-18,-80,-45,-37,144,31,-37,-98,38,19,-5,-50,12,-15,-44,-28,12,137,-80,56,2,-133,84,-2,21,182,-143,-39,-7,144,-152,83,-26,-104,35,-15,-111,49,134,65,24,-39,-42,154,2,-175,51,142,129,44,5,-19,62,-21,-77
83,-48,-66,5,-73,134,-2,41,64,-153,149,180,63,158,102,-9,72,89,34,12,150,133,7,42,39,2,126,43,-32,-8,16,46,90,-44,-11,93,76,-43,132,65,-32,7,40,-11,29,-53,30,160,-109,-10,119,-78,252,146,6,218,27,38,-55,-90,55,155,115,45,-41,78,51,18,161,20,-35,7,80,31,124,-35,-155
-34,-112,75,30,-31,-14,114,-79,-65,-125,-82,131,37,93,59,15,-8,-43,-61,21,-7,3,-52,6,104,1,108,-14,-58,-104,37,143,-48,-122,73,61,-188,18,-41,-42,-9,-40,-190,29,33,-152,57,-34,56,-11,-22,-89,175,46,-111,45,62,-120,-50,-104,-213,88,18,-5,-102,-61,3,27,-131,13,-97,27,-31,48,89,-39,-111
-51,19,1,148,65,59,70,-51,43,96,47,77,-96,80,34,237,-58,98,131,-23,9,83,27,43,-59,24,128,-48,4,-51,54,54,-36,61,9,29,165,52,47,36,152,25,77,-49,-1,-89,-150,-11,-76,71,38,-122,-56,18,100,-8,-16,45,110,170,133,-58,129,-12,32,21,73,37,-55,-35,37,88,-5,1,-14,-24,28
19,-39,60,25,85,70,18,-11,178,-6,110,-148,75,89,105,-103,36,18,-46,34,89,116,36,148,26,141,-17,-74,59,2,144,65,-55,70,22,-42,32,15,91,-23,26,-49,-23,21,46,141,-51,31,18,-83,113,40,70,93,56,122,-10,4,19,-87,78,23,88,147,-70,28,-26,2,173,-24,-95,-191,87,40,-97,62,73
-148,-7,30,36,78,-49,63,34,-35,-36,55,-25,4,-20,25,-13,27,43,-50,82,69,22,-4,61,-36,-6,-11,8,128,-47,68,52,-29,-48,84,65,1,56,20,-40,40,60,-75,-28,-5,-51,20,25,-20,14,40,-14,-76,153,-71,2,53,56,39,41,31,-53,86,-71,-80,-14,-37,28,-43,-13,-86,-17,46,40,-20,-49,-67
-15,49,47,56,20,12,-97,136,-66,13,165,31,-5,3,97,107,-44,59,-53,115,32,42,15,27,-170,67,21,12,20,12,15,73,44,6,-47,96,38,-44,-81,5,14,147,57,37,-10,86,21,64,27,-49,-46,42,-48,-65,-81,47,-232,55,97,42,155,49,-46,33,95,-26,-104,49,125,-26,115,-54,53,94,-63,83,45
-6,-76,13,15,138,-25,-131,-98,39,-33,-11,32,-18,12,120,18,-7,83,65,109,-20,-79,4,20,33,-82,71,27,-129,48,-21,74,2,-94,11,64,85,0,73,-173,100,-50,126,92,-23,-54,129,-45,45,-128,34,6,53,82,-58,-41,108,-12,-18,-17,-1,16,47,190,72,23,42,81,20,-52,-22,77,-61,146,2,-64,39
42,-88,23,-15,-3,59,-25,83,-62,122,40,-105,-48,-1,87,-22,41,27,113,-93,13,18,67,-30,-30,-87,61,67,81,-43,-16,-20,22,-43,-191,-33,-29,93,-53,60,-31,103,101,-70,-34,116,-52,69,83,96,90,-22,35,46,2,5,15,-43,-44,-193,177,153,13,72,102,-38,44,9,97,145,40,51,-20,-31,-50,-11,86
48,-51,19,-61,33,-8,-83,-82,75,-4,17,172,67,-19,157,-45,38,-77,40,79,-76,70,52,47,53,-87,71,122,-23,-9,156,-229,-8,48,123,-154,-111,26,16,-136,-26,135,90,40,155,73,-96,-161,23,135,-25,24,51,43,71,-8,65,86,-75,-104,14,5,75,265,-80,-24,-4,3,-2,8,-18,0,-147,77,70,-115,81
23,-60,21,-4,-8,112,-83,-89,121,-2,44,-49,66,-27,61,-121,29,-55,24,163,50,-76,104,28,-116,49,-114,52,75,36,-57,6,-127,-106,68,-76,-25,-43,-6,-65,3,-88,-18,-31,-7,-128,55,-79,10,10,-54,-30,22,-115,-119,-14,-7,-19,-28,7,60,-24,-217,-12,-9,-50,-41,22,64,-83,159,-62,-74,-25,-10,-7,-86
-30,94,106,11,-89,-29,-84,37,-61,69,23,-15,24,-60,-24,73,45,-22,-134,-107,104,-59,-102,-70,42,-18,116,85,56,-152,159,27,82,1,39,-13,37,11,4,-32,16,-13,-7,51,133,116,100,105,60,112,90,-55,83,169,96,-111,-49,11,-106,17,30,46,86,20,0,-135,-17,43,-37,66,-98,-7,74,-14,-2,38,101
-46,3,90,-14,20,45,-97,50,-54,56,-34,-59,32,-44,80,40,29,123,-76,113,79,44,-80,15,-3,86,-19,48,-45,-43,-41,98,129,-43,-99,77,-8,55,-91,-72,-36,48,-104,50,93,22,-7,-19,-53,-89,44,167,-129,202,55,5,-83,28,111,-47,22,154,73,0,-31,101,53,-28,-7,129,-42,-83,65,-7,-35,-18,-23
115,17,16,16,61,2,35,2,93,30,15,-41,-66,39,-6,9,91,16,25,73,22,-29,-80,27,-47,70,116,72,65,25,-1,-108,-12,-160,101,125,30,-60,-8,45,-137,-44,-50,41,-240,-46,97,-20,4,13,-67,4,0,-107,-64,-13,-137,89,-107,-43,24,96,42,-32,-77,22,-73,91,60,75,37,32,103,64,-30,-32,125
71,56,52,74,-48,-18,-26,22,35,32,76,73,16,143,-18,27,9,-30,-8,-46,86,49,104,-5,132,-14,59,-93,52,21,-74,2,0,22,45,87,121,9,-96,19,216,83,135,22,99,62,57,109,-9,-1,81,56,-86,138,20,20,-56,110,-41,-41,49,42,121,92,-99,-27,44,-2,119,15,26,-7,0,80,-90,160,33
13,1,-17,-11,144,-33,102,-40,37,12,130,66,30,122,87,185,2,120,34,-15,81,142,99,156,24,25,138,-53,20,-33,121,35,-15,27,63,-53,-4,112,152,55,163,33,-75,-4,-63,1,-38,83,39,44,10,27,25,183,86,23,-30,62,126,101,143,65,123,36,-53,14,-4,49,182,181,-6,46,120,76,-59,-84,-62
-100,-53,-6,57,20,31,40,39,11,2,77,-76,231,-72,5,14,-12,70,-75,100,-109,2,-30,84,-140,55,-56,85,40,115,-41,-27,15,-28,50,52,-27,13,4,-135,-35,-10,38,-55,-38,-36,60,-73,-38,78,-5,35,22,-3,36,100,94,100,51,55,-29,-85,12,21,-46,38,52,-7,11,-86,3,7,65,-58,-53,-42,-25
45,107,183,-2,27,-13,78,14,-77,4,15,-12,-32,-16,-93,-76,130,106,22,96,37,57,-9,-92,19,-83,15,-1,42,-110,-2,106,53,52,-84,130,62,65,-27,55,-24,8,-26,128,-42,-57,-50,-55,39,-79,177,98,-78,125,-50,-94,114,55,46,-56,24,-26,172,228,-23,-16,66,48,-6,74,-24,-8,132,50,52,121,218
-1,71,-28,75,-2,43,47,176,167,-79,-123,5,-26,-12,25,-83,-54,96,52,69,73,58,-42,1,75,-61,-13,-65,16,-27,-58,58,142,-7,-4,55,-7,154,-46,26,-57,-40,6,-49,-37,58,6,-173,-119,53,65,14,-125,132,40,161,9,96,54,-34,6,-63,149,142,-80,95,92,-31,11,0,-122,-68,103,5,60,-21,-8
96,22,51,104,-24,-20,-16,114,-55,7,45,38,83,48,-15,-162,-37,-99,88,51,43,-100,108,-118,-109,-1,-50,8,72,-79,-69,42,-24,-23,-37,19,158,-102,-77,42,2,79,109,-6,87,-100,117,20,34,-5,-18,46,34,-44,-95,15,-15,-56,17,0,7,111,-1,-76,119,-22,69,47,65,-87,66,89,-62,-3,133,1,48
5,36,46,-49,9,4,35,28,-36,48,84,152,81,98,-155,57,-59,78,28,14,-66,-14,152,-3,-57,-30,51,18,-88,-96,-94,-9,-31,-72,61,109,-21,-98,35,46,84,63,-40,-20,61,-50,-66,62,16,91,-33,28,-48,85,-117,30,86,42,-46,81,13,21,-92,31,39,-53,22,-2,43,-81,96,49,-69,23,45,100,50
-112,87,-26,-107,87,-85,27,35,-38,-68,68,123,130,90,34,11,210,-131,126,-35,123,-70,39,74,45,182,113,-62,-2,-131,-58,-97,95,112,-23,-25,8,132,196,206,-67,128,123,-55,-46,82,21,-21,63,5,44,91,-5,4,57,-60,-53,171,-26,77,70,89,99,59,65,155,-38,-86,66,101,-53,35,108,17,38,36,-103
-48,-35,2,-68,36,-36,-115,207,-106,-70,2,87,52,28,46,52,64,22,-72,-1,-46,104,73,123,-38,29,-39,111,74,59,110,85,-14,-74,63,-56,-64,68,33,175,-40,29,-30,-55,196,46,102,30,128,65,-98,127,2,0,72,66,9,-43,1,-52,10,113,-64,-101,7,95,-38,-4,64,80,26,44,8,-66,107,-89,-137
-40,25,62,90,24,7,-112,99,52,-123,17,93,7,142,17,146,116,42,68,-81,84,30,96,-12,83,94,79,-81,53,52,48,44,81,-88,36,186,219,-13,-6,-18,124,-25,52,36,117,-40,-79,9,-29,44,-35,55,-71,95,-34,5,-22,-13,42,-26,200,91,73,27,11,101,8,94,38,91,103,-4,-91,98,-20,10,-68
-20,-70,-35,-26,-1,62,123,-5,15,-41,74,-4,54,75,-16,22,159,119,-6,-88,99,24,16,115,23,54,-45,-49,77,-10,-60,165,-21,-31,-93,9,23,3,62,66,86,-27,20,23,-42,-87,76,205,-53,-83,-15,-24,9,119,-5,98,17,-8,0,20,223,-31,43,-13,43,124,-150,2,61,32,22,50,119,-53,-90,20,-39
34,-113,109,61,-11,-42,-160,61,29,-83,166,134,43,146,90,99,75,42,60,70,61,135,114,10,-64,-21,185,20,53,66,12,-45,-34,-7,117,72,72,55,26,114,136,92,64,50,105,76,79,118,28,-64,-58,138,-87,29,-110,100,74,51,-38,119,110,-59,20,59,40,61,63,137,233,133,81,0,201,52,-41,49,59
4,-40,-91,54,28,71,-63,101,25,68,20,12,57,36,48,70,92,52,74,64,-20,2,75,-40,135,64,40,86,45,35,79,-36,10,-39,-33,106,19,77,-4,106,-4,2,-32,45,115,86,-138,-85,38,32,-5,25,-8,6,50,-27,63,139,-25,-54,58,-61,133,130,27,15,105,18,-69,-3,-15,132,-64,40,42,-69,4
-68,-15,-37,59,31,116,-32,38,61,87,136,99,23,17,72,-5,-51,132,56,2,62,-28,91,-65,-83,8,104,-50,46,20,15,144,-31,-110,-6,87,164,52,60,122,141,-26,91,138,-103,73,41,171,94,-127,41,-11,41,113,37,44,-70,-6,78,-27,123,-23,-50,90,15,133,7,44,36,6,91,23,10,-105,46,188,124
111,66,22,-21,89,34,-40,19,-111,70,-62,-6,-62,-115,53,-23,-27,26,-2,18,-125,35,113,-10,0,24,-33,113,-45,37,-16,-119,-8,31,19,-95,49,6,57,45,9,-38,-89,-42,14,-24,-36,-78,-11,78,-66,38,34,-85,33,-33,69,-11,47,10,-42,137,-43,-13,-30,-40,-9,-19,-45,14,186,9,-170,69,43,-91,67
120,-94,-10,49,21,103,39,-131,-23,112,45,35,7,33,180,105,-69,100,23,52,-24,83,50,3,55,-34,56,-76,-183,52,42,112,-124,22,-29,13,-37,-69,-4,-61,87,46,-107,18,71,-98,-55,11,20,13,9,45,-25,83,-68,-27,34,-70,36,86,-30,87,36,121,-66,-55,49,108,66,88,62,28,-28,50,49,47,-26
26,28,97,118,41,25,2,27,45,-35,63,-4,43,-48,-21,122,3,196,-33,-46,-12,-63,-120,17,31,151,35,-11,34,-9,-16,36,27,67,-32,126,86,-62,-17,-22,1,138,98,75,-148,46,-68,14,-75,-41,23,38,-12,-49,74,12,-1,85,-35,94,37,-31,130,120,-77,-12,97,35,-17,66,21,95,114,19,-30,-11,85
46,51,31,55,-9,-67,-20,-124,74,-75,85,-9,48,-31,119,7,7,-57,-42,46,167,6,2,86,52,-34,-7,-141,-48,61,19,50,29,38,-1,-46,116,-36,114,-72,47,25,12,-13,3,-146,119,-12,-81,-38,70,47,-21,8,-52,-67,4,-44,-76,89,-57,-17,-83,72,15,-63,-117,108,-45,13,-114,-48,67,116,9,59,-93
46,29,38,-53,-25,89,-16,94,-21,-38,81,-48,-81,96,-77,-76,32,-4,-90,133,-41,16,34,-21,-127,149,-148,57,47,-86,7,58,52,38,17,16,-21,-83,-53,-53,-97,-44,49,-51,61,136,84,62,13,-178,-11,34,42,-95,4,-72,-40,-9,9,-25,53,-79,14,-193,9,34,-54,32,78,-92,75,-26,96,-157,-32,3,-7
136,24,60,101,59,120,-39,26,161,-3,101,124,130,95,133,39,-5,128,57,85,37,41,56,171,-52,136,16,-18,51,44,28,68,53,-115,113,109,124,-41,8,-11,5,105,-55,57,-41,66,-18,73,-8,-27,1,10,4,4,-16,-145,-24,12,-88,78,180,-54,-61,112,71,-31,-72,51,-11,83,107,-6,5,24,58,80,-63
-59,-7,69,7,5,58,-92,103,7,48,70,143,-20,-129,178,14,38,82,34,73,23,-134,-75,-74,74,139,-4,-110,13,-6,75,23,98,72,23,33,-68,-11,-53,7,62,80,121,66,107,88,11,35,-41,35,8,6,68,100,67,48,-18,33,114,57,-42,30,126,86,-46,65,-63,-12,-131,15,6,-177,-89,-60,66,-31,-66
45,-33,91,-52,-67,114,98,106,-16,-88,111,73,29,-39,15,34,-88,124,-68,107,98,58,109,58,16,-93,87,-19,58,50,58,101,115,-81,-38,100,-52,-5,-6,17,-118,-35,-14,-9,-43,-46,-47,73,16,15,120,13,99,49,-16,61,38,20,-9,-17,34,20,4,20,-69,-76,-5,-143,-4,122,109,-63,-88,68,-3,-21,-61
57,4,71,90,-77,87,34,62,-116,-97,213,-106,-25,94,76,74,-47,67,-117,39,58,-47,78,41,18,53,-75,-80,-62,97,19,107,27,-3,27,95,126,-5,16,44,8,23,4,-44,83,-60,122,118,-180,20,-17,74,42,-12,19,22,95,-55,-146,54,-23,-2,44,-48,-118,83,-119,53,46,-96,-41,-43,52,13,71,-34,-41
14,-58,64,-9,-4,-83,-1,16,-78,-3,152,89,85,186,-59,74,53,33,14,-110,28,60,34,74,-10,39,2,-110,-10,-2,-17,118,40,-42,-42,28,13,-10,116,56,205,61,42,-7,80,-108,-6,-6,-13,71,71,-40,97,83,52,65,11,33,37,63,49,32,11,58,108,95,11,72,30,-73,-54,-17,96,30,-20,20,-19
-18,-54,-127,-15,-72,68,-2,1,-10,82,137,33,101,55,49,150,-27,52,-40,-10,6,52,10,128,-112,44,51,11,-153,20,22,76,115,150,-44,18,37,-18,54,55,13,78,45,-130,111,-19,52,71,82,14,152,78,21,20,121,53,-76,35,83,92,71,15,-90,34,93,69,-32,65,42,73,-21,-73,133,38,25,122,-91
110,-36,26,119,163,25,16,28,145,-29,23,53,-4,-53,142,-22,56,55,7,-73,-16,171,29,179,-110,-6,-17,-115,34,65,49,52,-61,52,-46,-97,131,95,34,-17,128,20,161,52,-35,117,3,31,-38,-38,159,-22,43,13,97,39,-47,-1,30,-59,83,17,-16,43,-40,40,-8,42,201,174,-2,-28,25,-28,50,-72,-115
36,55,-53,14,36,85,35,61,82,-37,-36,-231,28,74,-45,-66,113,61,-63,10,77,100,51,-2,41,29,13,-19,68,-50,114,26,34,-7,11,122,96,47,-51,-53,-60,-48,-11,-9,-24,23,4,9,76,-3,98,29,-37,-92,67,-129,-103,170,-26,-136,-15,135,75,-70,-99,45,7,-86,136,173,27,-17,45,20,-1,-136,-9
48,-41,-32,-73,33,2,80,54,-74,-88,64,-85,25,71,13,-86,52,-31,81,3,-71,-1,31,42,177,7,-39,133,-83,-131,55,-14,126,-4,86,-2,42,51,80,1,-96,53,54,21,95,-56,141,-56,34,-19,14,1,54,-10,-62,-66,122,101,14,-105,-76,-7,75,98,-112,62,58,63,-50,-8,126,-30,-62,73,67,-77,99
-147,-1,-90,83,-64,63,124,-5,-8,-43,-32,-69,149,-4,3,2,86,-16,30,8,35,-24,109,38,33,-51,0,-39,91,80,12,-17,-21,-43,103,24,-2,69,-15,154,28,60,-25,-70,-43,-135,-98,-159,103,35,47,17,-38,6,-18,-90,-18,15,5,-76,146,13,0,-1,-55,40,-11,-88,-29,114,0,32,-6,7,94,-44,-66
17,-65,48,78,-30,115,-53,-13,21,-35,-34,49,56,-44,125,-76,11,-5,-81,5,145,24,1,95,-32,44,4,-29,49,-20,-1,135,32,56,-18,-21,123,33,64,1,33,56,11,66,-7,95,162,-17,103,96,108,-44,124,-17,-116,-15,59,-19,-14,178,-50,76,5,37,-12,11,50,-19,-25,33,42,21,149,41,18,70,-47
29,-80,144,-69,90,135,-16,75,-61,97,2,58,126,99,-7,64,18,157,-46,103,10,-33,189,-9,-190,111,31,81,61,-6,57,36,74,30,-68,250,129,-5,-94,44,48,37,69,102,140,135,-8,251,94,20,37,94,51,99,107,89,83,155,-113,11,145,78,-44,105,2,117,-16,92,-1,21,11,71,74,-80,95,-49,48
-80,-11,-20,69,148,43,40,-99,146,-2,-109,-10,53,22,125,181,66,161,83,-30,-39,172,-88,41,58,159,103,-30,7,-9,49,12,-2,5,37,-22,84,43,45,31,50,-18,-20,-19,-21,20,-151,151,-62,-69,-105,-112,-85,193,105,28,-43,30,33,59,145,100,33,18,-34,109,-2,-37,-4,170,66,82,76,-72,-61,-180,-73
-57,30,-19,-19,81,-15,-42,-100,85,-29,10,-33,-11,79,-46,47,80,3,67,-115,48,150,-86,37,9,43,91,62,59,5,73,-37,73,73,-98,30,54,86,68,-14,11,55,-59,-10,61,79,-170,-72,-48,-60,-3,-123,-59,46,155,81,-26,34,92,31,100,7,86,29,65,49,51,-6,90,-17,-103,58,75,-18,32,-28,40
37,-138,36,-37,4,32,46,-22,49,-44,-47,39,40,179,134,38,-121,106,74,-88,43,34,49,57,69,38,70,39,-142,-41,106,44,90,94,32,68,138,13,-47,-77,-1,114,15,122,124,162,0,122,18,55,-63,9,34,61,-102,63,79,-62,-13,132,108,84,82,64,-48,10,82,66,65,121,81,58,33,24,16,43,71
-30,26,117,125,-78,78,-19,49,58,-182,46,-101,74,32,33,-66,106,-31,-106,100,166,-55,10,60,-31,2,-82,52,-3,-124,-74,34,12,38,-6,30,-27,-104,-86,-86,-107,48,-24,-1,26,-56,152,5,10,-11,-45,45,30,-119,-142,-63,-8,-80,-91,-19,-39,23,-25,-80,10,-71,27,-28,49,63,-26,-91,110,94,117,64,-87
-89,-33,118,-100,74,69,-86,-38,-72,87,-92,70,169,16,79,102,-93,-10,-83,-12,2,-70,80,-21,43,65,95,-135,15,33,-60,14,75,-79,-176,88,133,-8,-48,-46,83,-84,-8,172,83,66,-110,51,60,-2,96,119,-64,119,67,-26,74,157,-18,95,56,26,-68,129,34,41,39,9,25,9,-131,124,112,16,7,31,71
66,-114,92,75,-47,120,-61,44,-11,-11,34,-145,60,-4,42,-95,-45,77,37,34,-66,-116,18,20,30,150,12,88,48,-69,-44,-57,39,-55,15,7,0,32,-88,-1,31,-62,-46,27,-108,102,-5,39,-87,-125,57,-31,49,32,7,17,49,31,31,-32,40,3,-47,-19,27,-61,15,56,66,77,30,-55,79,-46,-49,-118,2
232,-9,34,168,-17,-95,80,160,100,-10,178,50,37,93,-102,-75,112,171,-55,-76,129,-33,129,103,-101,-5,-49,-144,172,45,-72,162,2,19,44,185,132,-25,-34,-93,107,-20,17,36,-113,-41,71,-9,-119,163,-40,63,96,41,-29,73,-126,25,141,51,81,54,197,23,32,5,-4,86,17,24,58,-50,123,81,-44,48,-23
24,-143,15,140,29,-52,79,-117,126,-34,23,177,201,151,78,64,-15,110,153,47,82,144,95,63,-51,-67,169,-1,12,54,40,67,103,-97,41,-40,56,122,-130,0,23,46,52,76,16,-5,47,103,-12,66,-13,-48,38,114,-82,61,-80,37,12,55,185,13,-12,119,90,-68,-39,29,67,182,55,134,50,150,101,51,47
82,67,103,41,98,-13,9,24,48,-47,10,-42,111,56,-31,87,-158,147,27,102,89,-81,184,38,-37,57,-24,42,135,70,-29,150,38,-106,4,49,-12,174,47,-64,3,-92,-84,20,29,49,43,-62,-40,151,40,115,-50,-35,-31,4,77,118,74,32,-63,1,20,93,-71,8,12,43,11,-103,77,42,-117,88,30,81,46
17,70,127,9,73,-97,73,160,45,25,85,0,62,49,-39,6,65,91,96,103,-47,84,-30,-62,-42,25,170,29,119,-17,44,61,-19,-57,205,94,-15,-19,73,7,16,-12,-79,-6,-30,-7,-86,-64,39,22,-67,-102,-38,145,55,73,-64,100,140,-4,-35,165,214,50,-25,32,3,13,82,10,162,21,-16,30,-107,14,139
112,-58,-111,32,133,-86,81,71,82,-54,76,48,12,-48,-21,13,71,110,-15,-63,-59,-22,-14,101,51,17,42,-62,5,3,-94,97,-82,-93,62,52,-63,-20,64,38,30,97,61,-43,-198,4,90,13,-46,-20,-77,56,-90,29,-19,-39,-15,6,-92,108,98,-109,84,-44,25,72,2,49,-56,37,103,116,-23,-17,-110,88,-71
78,-171,-157,-116,-37,-59,97,-99,11,57,121,24,2,191,119,36,-64,-14,45,-86,48,-72,26,189,3,-8,65,48,-119,-17,65,7,7,37,29,41,12,-104,78,-74,-72,63,126,24,54,-8,111,125,65,-29,-98,81,144,28,-64,-23,-97,-14,-67,-17,83,11,47,61,107,16,-4,73,-45,-68,3,29,52,-14,-91,76,68
31,-132,48,7,-46,-102,-1,78,25,-61,86,75,149,28,120,-32,82,61,20,31,81,28,18,-35,-2,-113,61,0,-24,19,21,68,-4,-30,3,106,5,-75,-32,-112,-48,16,184,-7,45,-78,129,109,3,-46,137,46,71,128,44,50,32,-78,-23,-36,-8,21,169,44,-6,-77,52,92,22,23,-180,-16,-25,-63,19,4,-121
-80,30,16,87,-37,67,132,102,-61,75,-25,-70,50,26,33,79,-127,42,48,32,56,106,142,10,32,-73,57,13,177,79,-25,70,32,-111,-82,-2,36,163,-75,2,-23,18,-21,15,0,-47,-47,-151,-27,81,-9,-42,-103,41,98,2,39,-49,104,-73,117,13,9,64,96,21,32,49,63,-40,-44,86,-17,-31,33,18,55
-29,-52,22,31,60,-74,-58,7,5,-27,44,-33,23,-32,38,-12,39,83,-57,87,57,-16,-82,34,2,-47,-53,58,-91,-37,71,169,64,82,68,70,96,-62,8,-41,-37,52,-49,146,5,65,115,192,44,-50,-3,75,1,83,-99,45,-22,54,75,142,-39,-6,115,91,-57,19,37,-13,-140,10,-66,-52,191,54,-42,70,83
-21,13,-73,-134,25,114,-25,38,-3,43,158,-41,6,-53,26,-19,-35,-52,-91,-7,0,-102,36,-21,-76,-6,48,-21,-1,0,18,1,-32,49,-66,49,116,13,47,86,60,158,166,-9,-61,47,-15,-2,29,15,61,-8,-37,41,61,-6,-129,98,-115,153,223,-10,-20,44,-6,-21,-31,-72,74,-38,52,31,-68,-4,-111,-45,-59
17,12,59,111,-61,-95,56,-39,46,-23,37,115,142,-37,-63,139,-78,142,11,-27,-54,142,24,-74,12,-104,106,-31,-63,5,9,154,-50,49,80,-9,43,72,-6,23,125,65,36,-115,57,1,-40,19,-54,28,172,-135,-38,161,-10,89,80,-113,-23,172,-60,88,40,77,-18,-18,114,10,32,5,34,112,-113,49,54,137,-59
77,-151,-1,-21,-36,-18,25,55,20,59,48,-135,164,74,-42,-177,-12,-53,17,43,-6,-54,-18,-46,-1,38,67,119,-54,-121,113,-88,-68,-46,18,99,-63,-18,-28,-53,-71,55,-42,30,24,63,133,24,91,-31,166,71,52,-45,49,-61,83,154,-152,-92,-193,3,102,62,-144,25,135,-33,38,74,-84,90,-73,-64,3,-25,34
-36,103,-7,-111,47,-18,113,60,54,-66,-41,135,9,119,-22,195,-12,5,66,-8,-9,94,54,1,87,-9,193,-62,40,2,84,-12,37,-52,6,97,6,201,96,82,8,-95,16,8,83,53,-73,-118,19,41,48,-41,105,107,114,12,-3,38,-16,-86,16,71,119,127,-43,132,95,37,102,-11,-55,116,-19,13,56,-99,-59
73,-27,36,121,-49,-86,35,71,99,-111,-22,48,13,63,-68,14,-2,41,94,-215,123,-26,-42,2,-108,-85,57,-32,133,8,101,75,45,17,-21,-54,0,71,-5,-65,124,-63,70,9,10,13,86,78,48,33,94,-62,126,60,38,-1,-56,-30,51,-11,-83,-27,90,37,176,3,-17,21,41,67,9,128,-5,-98,-5,-19,57
-32,-2,-87,3,39,10,111,-117,97,-5,77,-58,134,-10,-62,48,27,65,43,18,110,18,-52,109,-40,-32,37,9,-82,-151,-5,-64,92,-40,-73,35,-67,34,140,-149,-75,-39,20,-68,-91,-95,71,36,-57,25,161,-44,-5,-45,-30,-70,45,191,-24,13,-54,-59,-29,-37,-60,8,93,-56,86,157,30,108,30,35,-15,-17,-74
-35,13,47,-76,26,-143,44,-20,-116,42,27,58,43,28,-65,-2,74,-117,-52,-41,-75,-116,45,39,70,40,-13,30,-55,-128,57,-49,-78,-75,53,32,96,-102,-12,29,26,-20,100,85,-23,-44,101,67,218,55,-33,1,113,-59,-22,10,-30,24,-142,8,-62,110,83,-142,-36,-57,9,-69,-123,-37,-46,108,-115,-149,-72,-43,21
78,6,112,10,-14,15,46,-18,90,-69,123,81,-81,-95,24,-137,116,-113,84,12,121,-4,-75,117,32,22,-38,-147,15,-126,-93,37,111,-70,-133,-53,50,-63,-3,17,33,114,121,50,-127,-97,92,6,-39,12,154,-67,54,-35,-123,106,-41,33,0,-71,-25,135,-154,42,-81,121,-74,-52,23,52,43,-210,43,22,11,49,-26
62,31,104,143,-88,-17,-177,155,-83,99,91,31,96,6,-11,49,110,79,-15,-11,37,89,124,5,-47,-70,78,84,98,29,-96,95,-58,6,-37,124,127,30,-88,129,89,47,48,11,95,11,-76,-6,-84,108,4,77,-141,-69,36,61,35,42,94,-13,137,168,79,-77,105,-87,159,33,180,179,40,57,160,81,80,35,-56
-43,38,50,47,62,29,115,-66,-73,-77,-26,54,94,-53,-43,-123,11,87,-15,192,7,-67,39,-15,-111,3,-92,21,-48,11,-12,26,-31,56,59,17,-53,27,-42,-16,-116,-39,-55,77,-79,-25,42,-21,-32,36,0,139,21,106,-74,-25,31,-34,9,85,-93,-9,80,60,-87,-17,-4,-58,-25,-34,-61,38,-3,-21,171,-21,-162
217,-115,-48,64,50,91,86,143,79,36,13,45,52,-38,93,31,47,277,96,-54,-74,122,-23,44,-9,-97,9,44,-83,-2,-6,169,142,68,57,-17,100,11,32,44,-74,-9,57,-5,19,37,64,151,-172,23,16,50,44,210,18,93,43,-11,-33,5,83,118,120,187,-21,103,6,7,4,161,146,12,43,45,91,-169,-5
