-40,-19,19,37,39,-60,-37,34,90,-25,-17,-34,-25,27,113,19,41,98,77,59,1,-51,-14,64,-44,11,28,25,55
-20,-46,-39,36,52,70,27,-9,83,-43,13,-16,-3,-37,-41,-4,-9,-88,-47,8,50,56,-78,4,-17,51,-85,22,-59
-14,6,1,28,-25,-23,12,8,-41,-25,42,4,32,3,40,-5,78,36,-74,-17,-1,40,18,2,27,-38,-28,22,12
86,1,47,4,7,-55,47,31,7,45,-60,1,15,153,37,42,-7,18,95,61,-12,-29,51,-49,53,25,-12,-18,25
86,-4,45,26,4,-40,17,-31,-85,100,4,44,159,61,7,72,43,40,20,-39,-27,47,45,-13,45,-29,-42,-61,-6
-42,-98,8,4,-29,-57,43,-7,37,21,-23,0,11,-12,75,-81,-22,-59,24,-64,-14,-29,-3,51,-38,107,-17,116,81
66,16,-10,-20,-9,-30,27,-7,25,55,-50,-102,19,77,53,30,50,5,24,67,-29,-15,33,88,61,29,-52,36,28
31,30,-30,-5,47,-62,-23,-41,9,53,17,-30,55,-14,-36,-31,110,2,12,-29,15,-7,115,96,41,-19,-2,114,-22
10,-89,-21,90,102,-33,51,-6,26,84,46,-55,133,40,39,108,-20,55,19,18,33,77,-42,-2,0,-6,69,-49,-13
54,31,-108,153,99,14,54,55,23,-14,91,-8,-4,58,-18,-5,52,25,-37,-17,49,169,2,-44,9,-19,1,-34,-63
-39,-41,-12,6,-53,23,-1,40,-24,-50,29,42,-45,-34,52,-44,-19,29,19,-3,36,64,-26,-10,-64,65,67,3,-45
36,-21,118,-8,41,-17,43,1,9,61,18,25,15,-15,-13,80,63,24,20,27,-65,-2,-44,80,23,-7,32,8,54
-8,-49,-9,-36,15,4,47,25,99,64,-47,-45,18,2,64,41,-44,-2,51,50,-22,-26,27,97,46,57,1,88,24
-3,42,12,4,-16,-14,9,-2,8,7,37,42,15,-29,49,-7,89,23,-5,5,48,76,31,57,30,18,-49,69,-30
51,46,-65,29,78,-64,39,31,-30,46,24,17,107,126,26,23,25,33,-4,-21,-9,36,37,-43,54,-34,-54,-117,-51
10,21,3,22,6,76,30,5,-74,-27,80,-139,-9,4,-87,28,89,25,-41,-22,-16,96,6,61,47,-22,10,23,-66
-68,7,2,-1,-8,-20,-26,70,2,-62,93,14,2,-36,33,8,38,56,-44,-50,92,47,-4,51,2,-69,9,-23,-16
-15,41,1,4,68,57,-29,-23,71,47,-19,82,12,-41,-79,19,-19,-73,49,-5,11,-33,28,-49,20,-6,-42,19,-26
-19,-21,-42,108,12,20,-33,-20,13,-61,19,8,21,17,25,0,94,49,-97,-37,47,142,-4,9,-15,-50,-14,19,2
-5,-50,73,30,53,52,-19,5,43,30,27,6,11,-23,-73,32,20,25,93,-5,-11,-36,-36,-37,-12,7,75,4,-7
-78,-8,39,-18,-7,-28,-74,68,-33,-28,30,115,-22,-25,4,-22,11,17,58,-77,48,-9,33,37,-46,-18,84,37,50
-67,-38,-4,88,39,39,71,5,48,0,39,79,66,-14,24,-23,-22,-26,-9,-48,-75,4,27,25,37,95,-22,22,-16
-19,9,36,33,3,28,-32,16,86,71,81,68,40,-59,-20,21,63,-9,80,-38,89,-25,18,-22,-25,-17,17,-3,-21
-1,-30,-96,103,48,-42,55,-32,141,30,-80,-50,22,82,105,53,-55,-86,-47,96,-21,-23,19,-32,-27,10,-25,4,49
-73,-21,41,-51,14,26,51,72,-20,44,58,-70,-1,21,43,34,-75,-34,25,-63,-30,54,16,130,-7,53,104,49,33
49,29,34,38,14,36,19,-19,-10,-2,7,-67,16,29,-74,88,31,19,14,59,9,-28,30,-27,41,-61,-25,-65,-43
11,33,46,-94,-24,-16,-46,0,52,9,22,-87,-66,-66,-28,-31,99,30,-12,7,52,-9,-55,144,10,-25,-3,61,-1
-39,29,-72,44,-2,11,7,-22,37,-78,-38,-16,-73,10,61,-60,7,44,17,26,-83,-25,46,-6,-1,16,7,-32,11
-3,-17,45,36,-17,27,47,-29,45,-11,48,-38,-29,-50,-35,36,12,-64,-105,-25,-9,-2,-106,11,-68,-10,22,-33,-20
82,21,47
