102,118,24,-53,35,124,79,210,229,70,-52,36,78,136,197,40,-99,181,94,-33,38,-64,138,-17,3,91,-22,101,48,64,39,168,43,116,147,28,-15,168,144,15,247,86,187,-36,-6,209,-27,31,-14,-4,-192,9,-50,106,175,212,-2,163,58,-16,38,124,-9,76,158,65,-65,47,128,-35,29,159,48,-51,114,105,-3,30,86,98,116,57,168,191,132,6,23,82,187,26,172,113,171,205,22,230,-1,83,160,240,129,-137,21,125,-9,-70,121,-4,126,25,88,-2,-34,207,124,-33,-60,116,151,-2,63,21,-116,56,-29,82,43,163,42,-53,22,-116,114,-70,22,-130,144,78,22,191,72
34,-28,-22,-106,2,35,45,44,-97,82,61,187,91,-3,135,-12,142,33,91,18,-31,153,86,108,129,20,-9,-22,-105,-182,25,117,61,-7,-27,-1,35,132,-19,31,-93,115,150,131,-156,-106,91,146,164,2,-33,50,-19,-99,128,31,-67,146,12,115,39,-242,-153,47,33,-76,-58,-5,-75,19,53,50,52,87,28,145,-91,-20,60,-85,11,24,26,56,19,-44,61,-10,5,71,-23,130,114,14,45,-165,142,66,-114,93,-81,55,-53,-44,44,-17,-75,-77,64,-164,279,-161,28,171,25,45,49,197,146,114,91,-143,36,166,29,-11,135,-33,-141,2,12,-156,-163,-88,-61,130,18,-47,26,-66,-69
246,-44,-47,2,106,198,-30,20,77,118,-201,129,66,-13,-10,49,-138,-30,58,30,-44,-39,24,48,-10,106,208,43,-77,122,138,62,26,32,-106,-187,25,-222,116,51,5,128,-77,13,-145,114,21,14,70,-59,-62,43,62,106,23,47,95,21,72,-94,-2,-1,1,103,-7,-28,-12,-82,333,103,147,40,-21,45,63,-9,-34,-119,125,175,-91,-168,-85,2,-136,40,31,-66,170,27,-24,82,101,-76,-57,-17,-96,129,180,3,116,-1,54,53,-143,35,78,-16,114,20,106,86,231,-84,108,139,-70,-54,-70,126,57,-18,-136,-6,105,-2,79,62,183,-71,234,-30,34,-42,70,-68,-44,42,-41,-18,65
54,128,135,-121,67,127,90,-84,98,-86,62,14,63,144,228,-22,117,-154,46,112,105,-152,-112,122,77,-110,163,275,-54,-4,41,-243,9,229,85,59,77,115,245,106,114,210,55,20,101,157,40,143,-99,144,-70,-55,-69,138,142,-43,60,-65,-17,109,-46,-88,83,12,5,131,18,122,125,-50,24,257,64,129,-140,-54,-41,-65,-111,23,-154,-104,-58,100,25,-40,67,156,59,60,-28,-5,108,-49,-206,177,128,-98,126,50,17,-70,115,68,195,30,148,56,-7,-140,-53,237,113,92,234,44,37,145,-88,-49,2,52,45,106,147,63,117,85,-67,-151,-78,-48,8,161,82,-31,74,-65,-49,106,-31
-38,-89,173,-38,-39,-68,27,15,81,14,-53,-56,-93,-24,-94,92,89,58,76,-61,237,107,62,9,-36,167,38,28,36,5,111,-7,-12,66,-14,65,131,0,-36,-5,46,-28,99,-29,11,78,109,14,-1,118,85,20,44,131,56,-121,25,70,79,-32,11,67,-13,-3,108,21,20,-35,-47,170,15,-42,51,34,-55,55,88,-145,-43,58,21,60,338,10,101,22,136,140,91,-88,78,24,70,-21,139,-17,74,104,-34,110,92,45,102,-53,-33,-36,87,153,113,127,138,94,38,5,151,46,-12,78,259,18,187,50,-75,52,4,37,99,111,-74,36,127,81,83,61,67,63,65,203,-54,-54,37
145,30,127,-4,12,1,78,-106,-119,73,15,113,84,95,222,-144,101,40,-144,163,157,78,10,-188,-55,-120,-51,-231,-210,86,-82,65,62,86,79,-23,-23,-5,59,91,69,-59,42,42,-79,181,-28,187,117,13,16,-2,122,27,-58,-109,88,103,-42,115,-62,311,171,-121,77,137,-8,69,-36,78,-74,214,119,-138,83,129,-90,-5,153,160,56,75,121,54,37,-111,97,257,-14,84,-78,-71,123,78,117,140,162,-74,77,82,278,33,-85,-48,10,18,-174,28,207,49,150,-33,22,-52,178,-215,9,17,71,-152,-46,41,188,112,-222,-15,197,-115,0,43,-111,105,76,-66,86,-34,24,120,-9,129,193
-98,70,-107,-133,-56,172,-57,63,63,-61,-17,79,113,27,146,17,18,102,76,132,-97,110,126,71,137,79,-23,-39,111,160,-66,-35,-77,-10,60,79,-104,-112,-164,-111,-88,-58,24,121,192,109,22,336,115,95,57,-188,-12,69,-56,117,3,11,-100,177,53,-4,60,-31,86,-181,7,-5,107,-15,7,68,114,-76,58,56,123,15,16,197,39,2,26,29,143,13,82,6,39,-75,133,1,-25,-105,-36,145,227,-84,-8,140,-1,-40,2,-14,-242,-93,20,59,86,61,119,268,118,-32,72,58,4,85,-9,-16,44,34,-22,180,67,7,-12,178,27,-67,151,85,85,45,129,124,54,85,-8,-102,21
5,-43,69,118,-60,-61,171,2,-169,35,130,-20,49,50,-78,17,-10,132,-180,90,-64,28,11,69,-110,216,161,-7,-58,37,-17,40,-19,70,-50,34,-36,69,-10,-40,-17,149,86,-47,11,68,6,-50,21,-36,-3,133,179,184,-12,-177,124,-82,-128,-92,132,21,-70,-55,3,19,156,-72,98,138,-35,21,21,73,13,-46,53,-100,148,-147,44,-45,-78,-241,75,29,-14,59,-21,-80,58,-179,-6,-4,-2,-72,-9,68,88,58,115,-115,19,29,-121,-56,65,136,231,42,36,50,-103,-113,-77,-82,5,105,120,74,-99,53,16,85,114,-90,19,143,-47,-116,-55,-180,79,-29,12,76,85,-40,77,-60,-68
-114,-36,6,-36,115,-55,-144,68,45,91,-33,-34,-31,-45,73,-203,-181,22,75,15,-121,134,135,-50,135,202,-53,70,-69,140,165,136,133,18,-245,-20,68,30,-32,35,154,-29,57,70,145,88,38,68,-59,-142,51,79,21,-71,-31,105,14,149,27,-68,-28,54,-33,-82,-25,-109,44,138,21,154,11,-112,-42,120,-61,136,-20,-100,-24,129,55,-3,72,54,10,7,-2,-57,178,37,20,302,112,30,148,81,130,-42,-4,-14,58,-23,124,27,66,154,73,49,-86,50,-34,103,-90,182,-11,-144,85,98,8,66,72,95,-62,-71,61,144,-74,-45,152,147,200,50,136,-32,-87,153,24,57,30,51,-49
43,55,11,10,-17,-1,43,44,8,91,-92,43,-66,26,156,61,120,57,65,13,252,-57,78,91,-70,53,-140,96,150,90,96,214,-48,134,53,186,118,-28,148,96,102,125,-21,16,23,39,253,-76,35,147,138,41,134,-86,135,3,212,38,145,43,107,210,32,110,-86,189,-80,-23,-108,-3,-84,71,-130,107,177,21,-9,-56,-20,48,133,148,38,98,38,-41,-94,233,103,58,120,101,145,71,-22,27,-2,-108,28,74,82,59,36,206,161,-21,56,138,-133,33,192,-115,-60,93,192,-5,96,177,-153,-254,155,53,16,26,-109,95,111,98,161,175,140,96,218,34,83,-39,179,-53,12,146,157
81,127,93,97,-161,169,-41,148,72,94,120,-26,18,12,104,47,125,-88,135,-49,214,290,30,205,154,112,75,17,-93,144,171,20,-65,7,140,19,392,18,123,74,-32,164,-42,75,131,101,114,-81,62,-98,84,214,-63,-49,181,-42,149,118,108,91,187,-35,120,-67,29,-24,-11,-63,20,75,-7,285,-92,251,38,-37,-62,36,93,169,11,30,267,30,42,-119,108,232,-41,61,154,-18,-23,106,-55,206,47,-80,23,-84,89,-146,45,19,107,-16,-31,209,-15,-78,-19,123,170,116,75,-25,42,23,19,14,75,-45,162,74,57,101,113,53,100,5,-232,8,50,42,178,-6,-145,53,-37,184,76
-150,89,-115,-3,-74,17,-30,163,-100,169,88,155,104,-100,184,60,-31,33,-94,56,-106,42,187,161,46,101,95,106,272,137,-159,-44,94,-146,66,-57,-10,113,21,-226,-18,-95,-19,211,101,147,46,73,42,68,28,39,-13,-90,43,104,143,-69,93,10,253,-41,-57,32,-28,-84,-39,-23,45,-116,33,-60,222,125,38,-95,-13,114,90,-50,-5,98,58,131,166,-8,72,-73,42,31,253,56,-15,78,-11,-19,48,105,-225,127,-217,179,111,24,-99,-214,81,129,122,104,-17,-56,78,27,25,-157,98,95,-93,-45,-22,-104,-57,180,42,5,-42,-144,160,156,116,108,89,-50,11,72,75,-37,-108,-72,-7
132,79,140,-129,-42,186,-39,215,-109,-3,0,82,135,-108,78,183,100,75,-66,53,91,215,-64,-165,-19,180,232,-58,105,-35,13,21,92,74,144,13,45,115,303,-71,109,-104,-125,-167,-21,-180,-52,56,113,113,206,1,14,-89,-37,27,35,-37,73,-73,-31,-4,104,-51,-31,78,32,-90,-147,174,-39,-82,148,28,18,-59,26,67,60,136,-62,-123,-91,1,69,-76,-52,31,-4,290,157,34,43,-22,55,-1,106,82,63,60,138,27,9,-111,118,189,-48,54,62,-6,73,125,24,32,215,-42,33,-22,28,-43,48,79,-110,102,-23,-135,62,6,-34,31,48,53,6,-61,153,-56,86,89,156,-36,144
142,195,-35,78,-65,110,-41,111,-94,231,-22,-8,94,100,171,11,-4,-55,-121,163,80,-129,-31,-79,216,222,50,77,156,-62,46,-18,-32,146,-39,42,125,107,163,-52,32,50,-117,111,37,47,17,225,61,81,44,208,-51,112,105,117,288,-34,-22,-159,60,-10,-62,113,119,-61,187,-62,122,39,139,179,83,73,61,16,92,-64,215,147,-14,59,-138,9,145,-84,-14,-9,181,87,-37,71,160,14,-77,192,-23,-78,48,212,172,-38,27,-85,11,6,-78,-75,-5,114,-35,-34,17,15,80,253,92,134,153,98,98,174,-95,-155,-18,2,123,12,58,45,-5,35,-26,66,36,211,60,172,48,43,-86
160,114,12,-98,54,47,70,-58,-77,128,-44,95,154,53,-97,-25,25,73,220,83,130,98,-63,29,66,-61,231,17,-54,79,98,-94,162,-33,-53,58,-35,-22,-63,-118,180,44,-5,-156,102,218,-41,89,40,35,54,146,-131,11,-15,-139,132,232,-95,189,101,200,80,143,-50,252,-142,-53,-41,-52,200,128,-24,46,190,73,109,61,83,67,-38,47,224,26,43,-234,13,39,99,260,63,-9,-168,1,-142,217,56,32,139,-69,118,2,207,147,-18,-38,241,147,-74,-150,198,7,-21,110,30,-51,-1,64,166,213,-35,173,46,-105,142,43,2,-9,-86,-139,-42,49,41,-81,68,-87,185,-5,-100,11,122
-17,-14,-36,83,34,-10,0,5,-13,80,-5,16,-62,-1,45,-77,58,-31,79,33,53,62,-70,153,174,142,77,246,-12,-67,96,-89,61,80,-49,3,90,101,22,-34,77,89,-56,19,-15,212,139,90,64,40,-52,116,-75,53,-32,-48,110,-17,38,118,107,-14,9,10,98,50,-133,108,73,34,57,37,-81,36,207,-114,-61,-85,114,-75,-121,58,64,-30,89,-29,63,17,25,18,7,46,52,23,73,63,12,-62,36,25,176,-98,129,76,27,-33,60,15,-8,-41,44,48,64,256,84,65,20,174,114,-12,-92,218,-19,-48,-6,253,-34,114,-170,67,44,-3,57,173,6,106,31,-11,-113,70,7
264,-32,94,139,-49,-148,336,-62,-22,152,29,100,26,-85,123,-284,-170,200,29,99,20,-45,120,33,-116,169,-22,-86,116,-5,112,95,-40,115,-60,-13,-32,-1,23,-130,144,101,98,-96,118,11,115,34,230,2,26,128,126,195,200,97,113,224,-50,-28,10,151,37,-5,-59,210,191,-55,66,165,20,281,158,-40,163,133,60,-30,72,163,103,47,105,71,65,51,38,148,299,171,120,223,80,54,324,134,93,152,-83,-37,249,-97,-68,278,82,113,149,-6,158,42,-76,175,-38,-49,-81,-109,98,171,-20,227,-40,-87,161,-41,-69,71,-90,68,101,-29,-24,-97,68,-63,225,60,267,58,205,112,69
-137,-72,4,-5,-58,-86,-3,-28,9,107,-4,-46,19,-32,11,0,51,88,-12,-91,-13,147,160,145,-26,120,-132,-39,-127,77,3,-13,-24,9,-77,229,-99,130,0,9,-121,38,-19,206,129,16,54,11,-50,29,141,80,91,-73,99,-7,-78,155,-10,28,88,-112,40,19,-37,-13,116,227,33,-64,-26,-65,-2,-98,-7,-31,-29,-46,-80,-56,105,152,51,120,102,-163,-18,-21,27,-117,75,-43,-83,119,-62,170,-173,127,-72,10,-166,8,78,-194,-83,-99,33,-32,-36,-80,-43,-22,-56,-200,71,68,118,175,4,34,59,6,38,168,40,107,37,-36,-27,46,98,173,-50,110,-17,23,-54,149,11,-83,75
-142,-9,-43,34,-138,6,72,174,140,122,15,119,-153,47,46,-40,69,112,55,42,-110,18,-132,-101,-21,47,-62,9,49,117,-38,-44,30,-101,143,-84,7,48,-3,43,-108,-79,37,-5,-36,-59,52,18,-7,245,-73,134,-93,-46,-192,68,-48,138,203,-19,-10,2,28,2,47,-234,-96,-35,-162,-1,0,24,134,50,16,2,57,25,-61,-18,-50,-107,-83,-49,85,-65,-56,-162,135,69,-187,-59,-144,-26,-124,18,135,-28,67,-116,101,-33,138,90,103,40,-11,-114,46,52,70,-54,-147,-4,177,44,-130,-47,119,-41,13,-105,100,-132,11,-32,35,199,-48,-6,-120,-65,62,56,-9,30,-32,112,-29,185,112
43,213,281,108,10,-18,147,40,-145,-77,-1,-26,69,-63,150,-108,209,40,-48,188,37,23,35,-65,-133,-1,32,239,116,89,28,19,-56,161,142,94,71,118,-38,-3,95,57,-37,16,35,-30,144,52,153,104,-8,42,219,32,90,45,-1,158,-122,-73,176,65,271,72,1,97,-20,62,215,151,178,-18,-13,48,82,-4,45,87,181,124,94,31,155,240,103,-135,156,212,86,108,129,-47,170,38,133,-59,-17,104,-151,302,-36,11,-50,153,-6,154,190,87,34,97,81,45,-29,132,84,28,189,131,6,105,83,79,-73,27,-17,139,165,85,65,40,32,-69,145,145,-34,-104,68,46,44,37,110
11,20,15,10,-45,72,-142,-17,-59,75,35,157,75,39,73,70,-71,-19,30,126,38,118,35,72,97,-9,120,-136,95,116,-5,41,-97,-9,110,42,21,-80,44,55,-60,31,-259,200,14,58,-42,59,-125,54,155,21,66,-86,152,144,29,-2,38,117,-115,70,2,31,-28,47,224,24,35,130,16,20,66,227,114,-98,228,96,129,-18,-46,78,107,156,252,19,-62,256,70,-26,-101,-94,41,-61,-29,218,146,-93,41,76,-15,33,19,-117,-100,-32,-108,64,42,46,86,127,71,10,52,188,322,157,-95,85,-9,94,-150,160,-160,-10,95,-1,-41,-13,121,154,-22,234,-9,69,31,73,-26,-109,74
191,62,125,-141,-94,85,-2,10,-49,62,-100,24,-5,39,310,-49,43,119,-12,51,42,40,-20,47,21,-7,175,-1,119,135,88,81,-129,-83,66,184,-84,-36,58,-30,88,197,-93,-13,-44,-129,-66,89,108,10,97,168,-41,68,1,56,81,94,-26,52,-12,-4,61,94,-76,16,218,109,14,-26,-21,-22,37,175,-86,50,84,-31,64,-15,145,81,-69,50,1,-46,-17,-59,22,72,-158,39,236,44,40,-174,83,-67,41,-34,12,40,-129,101,-77,21,-65,-84,-91,-45,213,-10,145,93,142,96,73,165,28,58,-104,-11,-254,58,145,-9,108,-55,62,83,77,-129,69,27,-68,-106,35,156,82,-127,94
39,89,211,-127,-113,-62,-93,-80,157,62,-48,-49,85,-100,51,69,195,20,132,-171,195,3,99,38,68,28,82,-68,-171,59,29,77,-2,89,138,58,38,-20,21,72,144,71,78,25,178,142,69,60,35,42,-154,39,-31,105,-61,141,35,89,46,-13,72,39,-77,50,107,156,99,-24,5,72,-72,71,73,89,21,-30,54,-27,-13,-105,-25,213,177,40,20,-78,-88,114,-42,-92,-134,165,13,-28,281,140,-55,23,-35,-31,114,-101,-259,227,40,28,-21,-48,118,64,-139,137,77,82,-56,-87,43,93,49,375,-88,120,52,34,-38,-16,24,114,103,33,14,14,-2,307,158,44,48,113,97,138,37
-14,8,137,-18,45,4,29,118,150,211,-63,-54,168,160,-131,2,13,31,-23,-67,297,28,176,49,-56,7,-82,20,-14,-2,-1,125,76,144,87,290,-4,-15,169,38,77,-79,109,108,12,-60,-118,-9,-11,-58,-37,25,-88,61,45,-118,75,258,-80,-103,-93,29,114,135,24,9,5,9,-70,93,-1,67,-64,-32,47,-54,29,-75,-143,-162,196,65,106,-65,252,-10,-60,-106,122,-118,-42,39,-50,228,-40,174,12,150,11,35,115,-141,118,-124,186,-23,8,69,34,-93,-140,110,98,6,75,-96,-2,89,134,-3,-18,145,-68,204,-35,67,54,58,40,49,-66,-26,31,69,102,27,48,-8,12,-8,12
75,-28,-202,-7,-54,212,54,89,127,-61,-55,50,-114,43,-30,152,95,-28,92,-1,-37,22,14,128,-289,176,166,16,-71,41,-69,28,43,28,200,-24,150,147,27,-109,-129,105,116,-85,-129,-39,132,-99,2,127,13,-57,99,35,32,-124,-77,-16,67,129,-46,125,60,-40,70,195,136,-102,103,216,21,106,54,156,19,-12,74,120,-117,131,66,-57,37,25,80,77,18,34,-44,2,79,116,79,-221,-62,135,60,102,-11,-11,123,137,263,266,65,12,11,25,159,210,109,181,-18,38,207,225,16,48,31,-76,155,-101,19,34,-27,86,209,353,-7,-133,165,-99,188,126,143,-32,181,172,-50,298,16
-120,53,112,16,-14,-161,8,149,-64,-63,-2,83,0,65,96,-275,74,76,102,144,-47,-48,-29,80,103,2,191,8,103,77,24,57,215,-10,2,23,87,96,-292,-6,-51,-9,-182,-15,-154,159,-164,67,-59,163,34,-74,-18,47,-37,-82,69,-1,-19,151,-10,178,90,-46,-37,47,-65,33,14,-113,56,-72,-42,-162,255,27,139,-73,141,10,-51,15,24,33,6,-2,125,-7,-8,125,-109,-24,-41,71,-16,183,13,42,68,-27,-65,101,197,43,-13,19,135,11,-37,285,79,-38,202,-16,-26,97,41,-100,-99,57,-24,44,-113,-4,-52,44,147,-81,89,93,162,152,-46,89,160,-117,-93,293,-265,34,8
-47,-71,188,44,224,45,-13,53,1,119,29,172,46,-36,148,-65,95,124,-136,135,71,123,25,80,182,-46,52,6,-46,-79,-13,-63,11,193,-87,-8,72,124,-82,-9,109,54,-60,109,52,53,-52,105,192,-72,44,-83,-117,29,-54,42,-75,39,-178,33,125,50,234,-80,67,146,49,-48,47,-153,61,106,135,8,30,105,-54,-108,54,-84,-28,86,-119,-42,-36,-2,36,-43,134,64,-2,91,110,-13,-8,118,126,89,169,22,129,69,45,91,88,45,-11,254,104,44,157,113,193,102,-103,99,-62,123,201,-70,46,94,114,9,-12,23,93,0,155,35,87,213,-25,86,193,153,191,-28,175,-71,74
48,138,16,84,165,-64,165,-63,-108,63,-102,12,133,155,105,-63,95,108,-10,174,15,-41,12,-35,125,128,-199,8,-91,-30,25,22,51,190,-28,77,55,-67,123,84,24,138,84,152,145,67,9,-51,-10,-55,234,-5,103,-171,182,2,-57,30,22,-55,-60,-16,119,105,15,159,36,182,28,161,-16,33,6,-82,-48,119,-26,-119,-19,-60,21,18,-13,135,81,2,-50,101,-20,153,155,122,-2,258,146,146,188,-79,22,60,189,-55,72,-41,-84,116,198,-101,-55,-33,93,98,11,174,144,-156,110,277,-23,-30,157,157,21,-19,-93,96,40,30,25,-70,-28,58,29,25,171,47,-40,-51,73,109,47
90,-55,157,-85,-16,73,-56,85,40,-22,4,-7,134,-44,109,71,94,127,-64,-261,87,132,103,111,68,17,-43,55,4,28,135,11,112,180,-159,187,53,-33,120,-138,121,28,115,14,-16,-177,-163,17,97,19,-128,97,76,52,109,219,-46,105,-68,12,-88,89,13,16,-96,314,135,135,31,86,83,75,-185,-69,-46,119,21,12,53,26,-83,-22,-66,-37,45,199,16,13,106,-5,-12,-18,284,43,-28,17,18,-233,-79,-73,129,-44,40,138,129,165,-11,60,60,3,0,-14,99,134,65,12,101,16,11,-53,-144,136,171,223,-37,211,80,8,15,-27,-154,-68,-135,-4,-159,256,-37,94,72,-60,63
34,33,-2,-71,-106,79,113,2,21,101,-33,141,28,67,-149,-229,194,197,21,71,21,50,67,44,21,-33,84,43,-81,27,-4,-133,-89,-11,-104,101,-63,-10,-148,-185,47,23,10,-34,9,74,169,19,7,-2,-129,-11,-23,25,-106,-171,11,-91,12,49,112,132,35,138,125,-67,-189,-32,60,-34,-123,-43,-73,24,49,102,-114,-60,128,25,-41,51,51,-155,-112,-163,154,-47,53,82,-49,96,46,-75,-100,-4,112,-96,-69,-41,99,23,244,88,-154,71,1,64,32,71,59,121,-49,44,35,114,-92,-7,122,-119,58,194,73,52,-251,-10,116,98,-11,-70,118,-106,4,23,-13,-140,55,94,-108,-242,-89
-39,-166,291,145,37,209,-50,146,-46,-16,-34,109,110,-23,247,0,154,-11,45,-138,230,170,7,67,29,-1,62,29,-38,57,49,24,131,82,71,-8,-3,125,63,159,236,-6,-7,86,-121,-85,-102,19,39,16,27,48,-43,-56,43,2,-7,142,91,104,106,79,59,2,152,-74,42,-125,-34,85,74,60,23,169,95,-71,-119,-7,183,166,-69,-2,147,-91,42,6,-1,212,61,-90,-2,94,33,-67,-95,-36,117,45,-25,55,-39,0,170,135,102,81,133,311,-5,40,231,84,217,202,257,-18,235,124,83,-129,4,92,179,214,-18,58,104,87,-35,31,10,13,183,89,-149,233,126,136,237,48,80
-60,-44,139,66,14,-147,203,78,-131,-17,-145,-27,-66,-64,-4,95,-74,107,-28,135,-99,235,-27,-65,-92,128,7,-152,78,59,88,121,-100,5,-23,195,-40,-5,-195,128,47,74,20,17,-20,-34,-73,124,191,-11,145,27,-42,-40,-20,-67,62,-82,-28,-15,-93,45,123,-5,-171,-98,35,19,-186,116,-60,63,116,-74,-14,-125,38,-43,82,-63,130,95,34,-233,-81,16,-69,-150,57,33,56,83,108,121,301,168,128,24,-145,-82,-81,-28,1,76,0,4,38,83,182,127,119,12,-28,86,110,145,93,183,19,-130,-38,83,-42,-33,-114,12,8,182,82,-19,-18,-2,19,30,39,-79,91,-107,136,-137,121
16,-34,22,-121,118,-2,67,4,20,-81,9,145,170,-4,214,171,143,-63,86,-19,213,41,167,123,304,126,39,274,159,77,62,105,-46,304,133,153,42,63,34,29,64,47,72,38,54,-117,141,-12,-55,196,61,46,-72,90,126,56,84,163,-110,-41,43,-103,-9,52,273,64,-20,24,62,103,159,173,-133,34,-37,-3,-100,-21,-11,183,-86,45,69,106,71,-39,101,78,248,-23,175,-15,108,134,-131,195,73,-81,-77,30,31,-82,249,197,101,-55,67,211,90,71,134,259,224,116,210,60,79,-6,65,-28,12,36,-6,120,128,57,25,333,-104,37,55,111,-155,14,119,179,36,100,41,113,21
-50,-59,79,8,132,-92,6,-32,-8,32,-73,327,-51,30,-19,-9,195,154,-5,-80,-30,100,204,-44,3,-5,85,178,17,-25,184,-10,-50,70,85,71,-146,67,-77,87,93,-37,58,6,-89,76,144,-40,107,21,102,-5,-133,-79,-15,-50,-190,122,136,110,30,89,-12,67,39,103,-107,96,-9,-82,36,-17,-180,-76,-27,-10,-21,62,141,-43,-152,-123,102,95,-48,118,4,21,206,64,-23,158,-58,214,96,115,114,-13,159,96,-21,25,48,144,220,5,162,4,-4,135,181,30,-45,65,43,336,-83,265,14,9,45,194,129,44,-38,47,131,229,-19,-114,-30,148,-128,82,38,86,133,192,155,66,181
216,85,118,8,-5,-47,299,-111,-101,-32,-118,70,-51,41,-99,-28,-2,-48,-54,7,13,38,198,-43,-24,47,53,38,-105,-108,187,70,-42,-32,2,12,-68,-7,-35,143,106,162,-67,101,43,-54,114,-24,61,195,95,-3,5,-140,115,-24,71,67,-35,-108,125,-97,54,-75,35,99,-57,62,-51,118,-54,-13,-106,-90,-20,23,128,38,-47,46,-121,70,107,183,92,-113,176,53,-66,-94,-2,-18,156,-63,58,107,88,-131,-45,35,71,-59,44,131,-49,83,-83,39,126,67,130,75,-135,79,131,88,12,128,-20,-60,-21,107,146,-89,-134,-142,-15,134,8,252,149,-281,14,15,112,-144,124,164,37,-69,69
-132,89,34,129,84,107,-70,-63,-47,-100,20,231,-100,24,66,-129,19,-40,-142,9,111,62,40,89,-60,-211,34,87,-39,-223,59,-46,24,74,31,11,-7,183,-153,142,77,-9,-135,103,-26,1,1,11,106,29,-92,-191,-9,-97,39,-25,-110,148,-13,-60,-33,-26,-4,-117,145,-107,115,249,175,-3,24,31,86,-67,-23,51,38,-140,26,-139,-19,-103,42,-11,56,307,81,12,-15,21,-103,108,-6,278,201,91,-5,-26,-27,137,-12,97,4,-55,119,65,4,-97,92,-157,-84,-128,29,60,-32,87,-70,216,-51,-110,6,-17,-7,42,-41,109,13,-30,-98,-12,-120,-36,-146,-10,154,-12,48,9,76,84,8
125,18,151,63,159,25,78,117,119,82,-58,175,17,-34,121,66,136,42,78,-15,3,213,324,157,-121,133,68,169,18,186,93,-133,114,169,225,-35,185,57,56,71,51,46,4,13,2,172,1,-3,15,103,-111,77,29,14,57,-42,231,23,-75,101,63,55,-19,53,60,21,64,-126,257,-37,247,4,-83,-4,311,70,115,117,45,-103,-99,-116,17,151,-5,206,-59,67,46,-88,111,-36,234,-29,-202,-1,17,121,112,37,74,-25,-71,141,45,7,22,49,62,164,96,160,277,109,73,52,130,67,32,109,-50,29,45,354,78,222,87,2,220,-44,59,-10,123,34,-179,106,126,224,3,-24,165
-114,-96,25,100,133,105,13,-46,138,90,16,194,126,135,250,-10,176,-182,-12,-150,-54,-38,63,47,230,65,57,109,-28,61,-85,-81,121,136,24,71,-138,140,-88,173,51,88,13,45,-127,-66,-17,26,-54,196,85,-169,-94,135,108,24,23,49,-22,148,36,-26,-57,-50,127,-149,-51,117,97,42,190,36,-97,-28,-52,-22,-48,-22,-61,-6,-27,-62,55,215,23,8,113,190,145,218,93,-48,-113,50,-128,181,-85,-34,67,116,-28,-19,84,54,-3,52,104,-31,33,84,45,266,188,35,179,148,202,113,17,18,94,129,-172,82,-87,-2,74,86,20,-145,80,35,-143,31,-114,56,-78,220,-76,90,107
-134,-48,-111,115,-74,136,54,17,-17,9,24,51,-91,105,1,-78,-16,-46,-53,58,-131,40,45,-20,218,-108,51,36,-28,115,175,-168,-107,-93,25,140,-36,107,-131,-43,40,3,97,203,-107,51,-199,171,39,158,12,-23,-94,-50,-263,-56,-107,-46,-36,172,43,-5,27,-11,110,1,14,-17,-51,64,-16,-57,-54,-26,7,65,58,-86,-61,26,-59,59,-13,109,114,70,-48,-10,65,31,-83,-59,-82,-147,-30,22,146,-67,-45,104,18,122,-182,21,74,14,-107,47,108,31,-60,89,-48,-17,-105,289,165,46,70,-74,-159,-22,30,-25,-78,63,28,113,-219,-11,0,140,53,37,-122,62,-59,74,1,-39,10
45,15,42,-99,-29,-5,174,149,-2,-50,108,5,19,128,135,-2,67,-110,14,62,42,114,110,-15,106,68,-86,103,78,48,227,-148,-174,33,214,141,235,-18,60,50,56,70,174,55,140,7,-71,143,98,-73,-36,39,13,-110,209,271,37,2,12,92,148,130,-130,4,-35,71,62,-120,85,-90,31,58,191,215,-26,39,38,-80,42,132,78,37,-30,40,25,-48,122,75,93,251,58,154,402,141,-102,196,191,7,-41,5,-12,-39,80,76,158,-34,-93,-3,-196,210,113,42,75,224,-7,258,126,109,3,-92,39,-85,-54,114,126,-38,16,138,17,99,-14,-51,-1,-101,43,68,136,90,-53,11,-33
-97,-61,24,156,72,23,108,-13,-44,-30,118,-7,46,34,-9,-1,163,254,-26,16,51,82,148,4,138,64,30,246,24,-78,56,-202,33,194,-14,143,-38,-61,10,-11,46,-98,-177,78,232,25,-51,17,-91,-14,75,49,-47,191,-12,7,5,159,39,30,97,58,219,74,37,203,5,31,121,41,-23,81,25,117,215,-52,-157,115,134,-179,-129,28,125,122,-180,-52,118,50,158,76,169,141,163,105,259,149,181,34,-81,99,198,78,-13,226,231,89,228,-77,-29,6,-34,188,150,279,-109,231,-90,27,271,73,97,43,111,-146,-21,13,141,108,29,-46,-61,-42,87,213,125,207,-11,122,254,17,86
43,-78,-59,-13,-121,-82,310,-5,-73,30,34,182,-111,121,100,-18,88,144,52,116,-46,-108,32,-54,-14,99,-153,25,100,-66,11,-21,-102,147,86,168,-20,12,-32,9,-12,168,111,-25,5,-141,21,42,-91,5,172,182,0,-119,263,16,4,172,106,133,52,89,126,44,124,75,111,158,136,107,70,-63,83,64,28,196,-124,-114,-33,107,-26,83,-12,139,172,68,-13,28,146,83,121,-61,219,-2,-117,88,143,54,-15,178,-16,-10,91,145,12,263,104,-54,122,-17,130,273,35,173,215,40,25,224,1,-82,22,-65,-109,43,-35,21,123,16,64,-101,-26,-82,-55,39,10,-1,124,107,-17,97,43
43,-30,-118,-33,78,-24,-70,-67,0,-5,-56,83,62,104,64,224,-34,-45,-92,82,65,-117,-32,-116,138,-25,19,26,-46,19,-261,-27,-74,74,42,-92,-95,-264,209,105,-30,-51,156,-44,-116,-168,67,-219,-162,-186,-9,67,-56,-18,96,-33,-77,0,115,-92,-187,-10,53,-29,-90,143,-223,-31,-79,21,79,-24,9,115,-35,-69,-132,-25,-127,-94,-216,58,-3,82,-118,-100,20,4,40,-12,73,39,-45,146,-82,148,68,13,-6,-93,-127,-163,-45,-75,51,-44,134,-139,87,-47,-113,75,-106,-37,66,-120,16,54,-83,39,91,11,88,92,22,-44,25,-2,122,-117,9,-15,-49,23,77,20,-225,-72,-59,-18,40
170,210,53,162,234,30,67,21,38,179,-83,163,94,-86,-30,24,-16,90,-154,155,93,174,61,189,-216,10,-16,29,88,250,-27,-161,187,182,150,107,18,339,-63,-9,58,109,131,48,-9,114,168,15,33,-10,87,-4,-89,-60,42,40,-59,269,74,148,290,66,27,31,125,226,112,-1,193,44,72,237,75,125,65,-12,71,93,102,-30,-112,26,228,235,133,-137,142,62,-94,103,153,-25,33,45,46,93,165,146,15,113,128,147,274,-30,-63,6,83,-6,55,228,120,-85,-49,270,-30,214,-114,228,7,76,66,-4,294,59,-44,238,190,2,-89,-73,-40,122,-119,224,-48,99,182,160,50,58,49
51,-122,73,-18,113,-98,287,-109,-69,-111,126,-122,143,-109,17,-52,-38,141,-123,135,131,25,-8,49,190,-98,-29,118,98,52,-70,-7,58,110,-14,56,-26,288,22,94,57,82,47,143,27,19,-44,91,-127,-70,-103,-164,-67,64,-134,92,51,-93,-201,-88,49,29,62,-38,198,0,34,230,179,-95,-174,-81,11,-41,-8,-67,-164,-43,46,-46,-21,187,178,18,78,38,-77,54,97,-3,141,-53,7,37,-92,94,103,154,-78,12,24,68,82,-33,-40,-159,94,28,-39,87,-147,153,113,140,-35,-118,38,-137,-47,-59,-33,-101,134,163,52,-2,-58,-43,163,85,170,-41,72,-21,91,79,112,101,119,-6,-68
125,-12,30,161,-3,72,111,63,164,78,-147,32,1,75,13,-74,86,61,155,67,78,139,159,-41,-5,156,103,-51,-10,54,146,328,110,102,16,7,68,65,167,17,110,-66,73,-29,102,107,78,-5,158,-12,74,24,42,64,43,139,134,254,65,-76,152,142,57,67,-62,87,109,11,114,216,23,176,144,117,144,48,-18,-120,56,119,-46,-182,179,-62,36,1,102,88,24,19,76,120,153,144,191,253,1,16,41,56,247,55,-85,152,74,94,12,67,15,-46,1,127,-48,299,-19,-99,245,193,-34,109,13,190,71,42,-21,195,8,213,176,85,33,34,118,144,37,23,153,67,146,136,137
-8,10,-83,1,115,175,117,-26,62,-11,12,-67,46,-28,130,35,-43,-117,72,-47,76,70,73,71,-92,-57,-58,62,-143,-127,130,54,122,181,152,-28,25,129,60,79,-2,22,-21,135,-115,-70,10,-67,-130,-111,-48,-86,-3,76,-4,12,-62,245,52,75,44,138,-58,-122,-109,117,156,-92,77,78,-58,117,87,130,88,-34,-65,-28,-35,-18,-63,118,84,112,-2,-12,45,47,-78,-61,3,213,339,104,117,159,125,91,-165,39,30,61,-22,105,185,-3,-87,-138,-33,-45,-60,93,160,71,-10,148,107,229,-184,122,117,-41,-63,74,-87,260,145,-71,56,9,32,-63,57,140,48,16,6,156,114,51,-23
68,-43,2,166,-70,39,-78,145,157,83,265,17,200,46,-51,62,8,107,49,-55,-12,14,230,143,30,-47,99,-85,-19,27,-35,3,-3,-11,7,120,97,136,38,85,-51,-32,-157,-21,79,79,84,-69,103,-5,38,-115,-3,-53,93,-37,285,-20,-152,37,38,151,108,53,185,21,-26,204,155,60,-210,127,-1,-44,321,203,-60,142,119,-20,82,206,-16,97,95,138,98,41,-7,-154,121,12,95,16,75,-36,111,45,-42,82,189,32,-141,180,91,32,-63,2,26,-53,29,102,41,98,-49,-29,41,-53,64,-94,-60,122,51,239,-66,68,-9,-57,50,73,101,25,158,24,93,177,127,-98,-45,31,99
18,-198,-166,-7,-109,27,41,5,-35,-57,-159,155,-92,32,-13,6,56,172,78,-103,91,-151,33,-182,-71,-190,5,-69,-16,-119,-66,-13,8,35,-205,-91,6,-98,-55,65,209,-46,36,-21,-157,43,-2,-106,-63,93,-211,28,-76,-219,-355,-24,-18,-255,148,-27,91,88,7,64,25,208,14,-114,169,-39,-136,-135,27,13,61,22,-81,58,211,-33,-100,88,100,-19,-117,143,-135,178,7,-80,-24,-19,24,-55,49,38,-122,-36,33,-47,-5,291,100,67,136,-52,147,-123,-158,-31,133,-4,24,56,-46,27,-40,-157,-91,-22,-221,-44,14,115,-90,-84,-23,-204,114,34,-84,106,8,-33,102,-128,56,73,-165,136,108
66,-33,98,97,207,-20,-15,-100,66,-28,-13,122,154,99,274,56,-78,84,44,122,75,-12,-75,75,-61,63,38,118,101,-104,21,155,232,206,-151,-140,39,23,-96,217,-7,106,-19,-147,-114,-73,64,112,-92,107,216,-17,4,177,174,29,43,197,66,-42,-65,95,-30,26,-84,12,19,212,148,40,187,183,1,68,66,57,35,58,80,144,-33,-72,194,182,95,206,50,160,265,141,216,46,30,65,84,148,-1,-34,166,84,-139,82,109,-45,8,250,130,75,63,90,21,42,91,41,70,185,224,-60,1,-65,205,-173,3,22,13,-2,-39,15,-28,-44,-8,59,-10,-168,95,128,161,-1,37,126,184
22,67,146,118,-40,58,44,-12,126,-141,105,-18,-153,31,108,-37,81,31,104,55,169,82,-52,19,76,57,-24,-5,-133,14,158,35,-3,33,101,229,93,59,-151,104,-41,43,-118,47,18,281,-54,168,-106,-51,154,-81,122,68,353,87,189,50,79,82,142,7,-144,-88,152,11,61,81,24,152,70,120,-119,21,15,81,51,-167,151,164,-37,172,145,-66,3,75,104,145,18,87,9,-45,122,18,-7,95,58,-81,74,-6,27,-9,-74,-12,-81,106,-174,170,98,297,36,84,185,57,-126,-20,181,198,-21,-184,156,-29,59,25,-88,12,-81,84,94,-8,10,11,-24,-39,-219,-80,136,-38,71,269,-150
-121,22,-196,72,-38,33,-48,132,-14,-60,133,-129,-100,-131,-154,60,133,-139,85,-48,-133,166,127,295,94,196,141,191,71,-60,51,-155,208,-70,-76,312,140,5,-57,7,-200,20,-82,280,-116,105,-44,-4,-1,94,257,107,-69,81,132,62,205,-26,52,129,172,-11,-56,17,-119,111,10,-80,-98,-43,-3,-66,-74,89,14,1,163,157,80,5,-98,20,-112,96,-156,134,114,154,-197,50,122,21,-68,-4,64,71,137,-13,-172,17,-62,270,125,224,18,-26,-39,-22,-47,93,68,121,-114,24,16,176,35,-64,-31,69,85,146,110,-41,23,135,5,105,123,105,189,125,137,70,-28,-58,107,-137,118,53,-55
124,-110,-61,40,114,184,-4,248,63,108,-189,90,-88,33,236,101,-23,25,61,-18,-37,169,10,2,-48,69,-50,-224,-94,235,115,86,-14,33,-143,-27,-76,75,-42,-60,125,22,259,39,-64,143,5,-62,124,92,151,-174,61,-102,1,-80,-97,43,87,22,-158,121,1,59,190,36,119,-3,27,154,-104,128,-43,-140,-160,67,68,-48,-83,269,31,-19,64,56,136,-20,18,39,48,23,-83,52,131,36,29,-7,79,-19,127,113,41,93,109,52,69,-93,-6,-36,-22,37,241,15,125,-192,171,21,220,246,20,-119,16,162,-37,-40,20,36,20,107,-16,-32,135,107,2,63,-72,26,-3,103,38,148,-25
106,25,-147,-36,79,59,-47,7,144,-77,-88,-123,198,76,-191,-133,-183,-15,-23,35,-4,-46,106,135,17,217,242,15,45,-122,18,-72,22,162,-17,53,-1,-28,25,-164,-196,-14,86,-165,156,33,72,55,-37,-244,-7,63,64,112,-30,-50,41,122,-5,146,59,114,-148,-16,119,154,55,57,92,77,-16,-57,1,81,45,40,-68,46,-160,151,-122,-89,73,87,97,-225,-32,163,-34,-55,106,13,50,0,-14,262,-28,-58,99,114,131,92,44,-15,116,-85,180,23,-103,-132,-140,217,-261,101,39,-12,-9,-9,-11,286,72,245,-130,-6,109,22,-125,210,-46,66,49,-154,70,-10,71,15,65,-8,96,9,-170
-43,-230,-66,7,119,-170,11,-80,0,-58,49,150,-83,8,-102,16,-28,112,-47,141,-197,47,155,199,41,145,188,-47,-119,158,74,109,159,84,-61,-46,174,-7,-87,11,-197,39,123,14,-103,148,-54,-43,-13,6,7,45,67,244,2,-88,-24,80,-120,16,31,187,104,-124,8,26,100,-152,166,164,235,-128,-134,102,244,202,85,-121,40,1,-184,-65,65,154,-10,354,-93,87,36,9,63,55,108,3,-6,33,110,11,-32,24,-24,154,6,-2,2,174,222,-37,110,182,140,147,96,7,-55,9,-7,-60,-12,311,86,-5,-16,292,147,-13,98,-138,169,-65,-41,-29,92,27,105,80,-99,181,-128,-30,-36
180,-73,29,96,43,-57,-24,101,66,86,-80,-30,-37,25,56,0,-2,84,-116,71,90,-89,52,123,-103,44,-38,-119,99,53,-74,-21,88,165,46,127,19,47,86,147,17,113,-64,136,-125,-89,166,-38,-8,-8,84,-208,-10,-36,58,206,23,-105,50,-7,-39,11,111,88,114,135,24,-46,39,2,-84,-33,82,5,114,-31,171,-47,-23,-56,-33,154,135,91,175,101,-88,146,-2,72,17,-31,-241,35,86,-137,-37,31,84,17,118,31,87,-37,65,161,140,-81,-54,-65,-32,-116,-142,-86,66,-29,116,-68,13,83,-23,76,78,54,-101,28,-55,-35,21,86,118,98,37,38,99,-5,-59,8,69,-59,72
-3,-174,39,-181,-140,7,-68,208,173,3,119,281,-28,8,80,14,22,105,23,-79,-78,-67,-59,165,177,29,61,-259,178,40,-148,65,-53,92,-70,106,141,7,-104,-10,4,207,-75,133,-39,71,39,21,10,205,93,69,-44,-91,-17,143,-88,-80,-30,210,-13,212,55,82,18,123,59,-258,-46,-60,54,-236,177,-19,133,98,103,1,113,-20,71,66,-36,-28,239,70,-67,122,62,39,1,-21,139,-100,-157,98,50,-26,73,138,34,133,188,124,-114,-201,94,29,-54,-37,277,-148,212,-60,25,11,157,142,-138,67,-161,16,-122,119,-31,-159,140,-155,-77,44,64,256,30,-92,205,29,102,98,-177,-41,38
-131,112,114,86,176,114,-98,150,-95,-15,147,152,-93,-33,247,-59,50,15,65,14,48,174,14,78,119,161,-12,81,63,100,20,-8,88,1,139,194,-111,111,16,84,131,-10,143,-22,134,67,89,17,-75,5,178,-14,43,-21,156,-35,-14,42,156,94,-19,-7,-80,115,216,158,-69,-96,-151,116,-85,-52,19,10,-234,32,99,-142,1,-5,35,61,82,9,124,-123,75,228,13,-23,81,309,68,83,115,220,231,29,-29,292,46,106,213,21,84,-85,167,161,-37,125,46,-53,-15,206,95,-14,112,249,142,-167,102,287,78,-12,118,205,101,154,52,103,142,52,11,17,17,176,12,19,38,100,-11
68,-66,-35,122,-10,-215,-42,175,-35,-12,55,50,-253,91,54,6,-36,169,-24,-61,-212,-162,-38,-56,91,10,40,-145,15,-198,-80,141,79,-54,34,45,89,-166,-88,27,92,144,-91,-112,99,-22,39,-144,-21,20,300,147,-19,-137,72,117,-31,-176,-45,-147,43,49,20,59,-70,85,-106,13,-93,8,100,-246,34,-26,114,133,39,-122,211,6,-43,-133,-265,-101,-131,68,90,-137,-211,-15,129,-119,209,187,34,53,-33,-45,-43,-64,73,70,33,21,-153,36,38,-59,-73,15,11,-98,-70,132,-12,-49,-111,-105,25,-106,-149,80,-22,-76,-33,-279,-86,-15,62,98,-195,116,-151,-103,88,73,-12,-94,35,-37,-8
37,-99,-6,-16,-67,-131,-78,58,86,32,101,58,-57,104,29,-163,103,190,-21,68,-53,-8,93,43,2,98,20,54,50,67,192,-93,26,132,124,-119,60,71,-155,116,-76,-35,82,-32,-58,-9,0,130,131,140,8,-35,177,-89,26,105,50,137,56,56,193,-28,-21,193,-29,12,-164,-98,77,-100,-8,-149,-42,103,46,18,68,24,3,71,-74,1,-28,9,-117,76,27,69,154,-50,166,-125,95,34,-122,-31,-141,-25,35,161,-259,83,96,64,-45,28,40,12,92,63,58,101,-5,130,73,-20,97,65,-61,-144,-84,-45,94,209,43,88,-84,105,192,23,183,17,-71,49,18,-133,-2,-8,-164,-61,72
-89,61,109,-194,36,-183,-76,62,-7,-128,100,-130,14,8,-45,27,-10,55,-6,65,84,-163,-61,80,-13,265,-56,7,-40,-98,117,112,36,45,-60,74,137,-50,-48,-244,-282,9,143,-139,7,77,-108,48,-11,-106,95,54,18,126,212,-45,-99,111,-24,229,-44,81,17,-28,-108,282,31,-11,-78,49,-69,4,-67,99,17,-88,-39,-65,33,-55,-120,60,71,-42,5,-31,-53,24,-38,133,120,17,-27,20,42,52,210,39,6,-12,52,-7,52,-30,-19,-7,23,95,-172,-43,58,68,-26,37,-57,-53,-91,95,42,46,108,-47,93,123,120,19,70,93,-137,57,-85,-134,-11,120,108,-108,126,2,-17,95,7
149,-116,260,43,72,-244,80,369,1,94,-66,147,44,-39,122,142,66,50,10,-173,68,135,158,74,-5,254,21,11,-40,27,12,-24,41,-91,-112,-15,144,169,-83,85,54,136,41,50,-93,-24,-137,-74,401,196,152,50,-27,-100,215,-70,69,146,-141,-11,206,-48,120,89,244,75,-11,-2,-150,199,156,101,-11,87,170,-43,-28,-19,59,63,-55,9,-67,208,91,112,-100,17,-36,58,72,117,213,-152,7,-13,-49,27,-40,-146,27,-104,-82,54,33,189,7,101,133,82,289,17,91,154,81,150,40,120,38,26,-58,75,79,108,-18,-46,103,102,-39,82,-84,-161,-150,210,65,-32,21,-33,-220,-52,103
-57,12,28,55,-70,150,154,-192,-86,-50,92,31,-18,124,83,-28,-110,12,15,120,44,87,33,-166,15,-30,9,-65,6,-23,106,88,155,38,210,94,38,298,119,61,103,36,150,-22,79,47,90,98,20,108,-3,-46,-25,35,70,-10,96,161,-4,115,83,9,61,-155,26,2,-60,-58,-56,5,41,69,85,44,-34,-49,-93,-230,10,-163,-19,-86,192,-33,-17,-113,59,37,-58,-12,218,-39,-43,126,-178,67,-111,69,16,30,95,-63,85,-60,193,-56,32,190,48,16,-160,-44,-146,223,-15,59,38,81,-36,16,118,34,208,222,-26,89,-31,143,67,-56,-45,-38,52,-68,-39,-4,88,18,132,-29,39
-4,47,128,140,69,122,45,62,-45,14,-105,72,112,59,-121,136,93,-61,-101,75,23,-66,114,30,86,63,13,205,169,277,198,-19,74,127,-119,111,104,-121,-24,27,81,91,8,134,-49,-27,-34,-76,-24,-135,62,148,30,-69,-34,20,307,-40,17,84,23,208,51,179,-45,111,87,-160,251,21,220,51,-126,199,26,81,76,10,233,-52,-50,-45,19,-34,-81,-47,113,99,69,6,124,56,151,-47,-154,-39,33,5,-75,138,-46,-9,96,98,-45,-58,125,114,-75,65,135,67,78,30,60,238,163,56,-29,116,66,46,-3,-20,129,242,111,144,115,99,-6,80,101,-42,101,48,115,139,-26,-8,90
-86,150,94,-88,31,122,-59,-41,73,115,113,191,28,-10,125,-29,-42,-6,69,135,175,46,167,18,131,115,183,-43,66,-5,3,152,8,54,86,-92,47,92,216,71,205,139,-176,123,-50,186,15,39,-24,51,-24,47,109,125,-75,16,85,158,109,199,-48,78,74,13,-7,170,-38,200,11,101,3,159,263,-14,17,15,46,68,24,-65,0,59,56,132,163,-126,92,135,202,66,-6,80,-24,-21,185,189,93,52,154,224,140,-21,62,-63,185,-79,27,-24,128,-37,23,84,36,27,110,-2,84,-111,188,62,54,72,14,-87,-63,-49,135,71,-45,151,87,177,142,262,281,-61,141,14,-42,138,323
81,-179,25,116,127,19,180,262,68,57,1,78,71,17,111,110,251,4,-79,-135,-50,179,112,97,-76,118,-101,93,-122,252,19,68,215,-11,66,284,-171,161,9,-27,108,113,150,69,-29,86,-144,24,3,34,38,38,150,-38,227,-76,15,168,-22,109,-55,104,-8,8,227,96,149,158,24,124,23,-2,7,-32,-66,64,-33,-146,-18,43,22,-109,-40,-68,58,50,-57,-7,16,-10,41,-41,-2,39,-117,34,247,151,-9,-111,105,51,36,7,20,28,-24,63,57,110,87,68,90,84,93,-196,51,190,23,-81,76,35,101,300,54,233,78,213,-53,-76,-50,114,20,-78,-127,-9,79,67,92,34,-46
-45,45,165,11,13,110,48,78,155,92,69,98,112,-19,-2,-19,171,-58,-21,-234,67,73,78,170,63,86,-100,151,213,4,3,11,202,161,83,33,-52,60,28,77,250,-17,59,74,207,59,77,-68,149,96,155,-85,-65,-145,26,179,44,215,25,192,202,124,111,70,7,128,-137,93,51,-89,-154,-53,79,-195,-160,-95,-107,-34,141,88,-29,-26,60,54,-106,66,-175,169,151,29,54,28,-8,228,-3,216,20,-93,3,118,30,121,5,178,121,75,151,72,109,-36,-88,-7,21,241,45,-27,180,75,-172,81,2,124,277,-67,-5,181,-81,116,248,-56,-2,120,54,11,-11,-92,182,99,22,79,78
-17,-120,-16,107,69,206,115,-72,-283,121,-71,19,164,-101,-101,31,55,-68,-22,65,111,136,-11,107,121,-31,245,118,-54,99,153,-86,23,19,-76,185,44,12,77,6,246,78,17,212,73,92,-72,58,27,-120,80,231,-114,222,91,-51,283,217,-179,-26,-106,38,9,-29,42,147,185,216,109,90,195,319,10,209,3,182,44,107,-3,-42,46,27,147,35,-76,-5,268,21,84,-46,61,140,-125,-22,171,144,112,9,29,165,68,135,-10,15,166,-133,-11,174,16,-34,68,286,83,-4,38,53,-98,10,168,201,107,17,103,144,78,123,-44,15,-68,113,-51,38,98,23,158,284,31,48,201,57,120
52,-92,189,45,2,-105,7,60,-78,65,-73,13,-194,-172,-55,0,22,81,-45,65,71,25,117,95,-89,-34,88,-4,-89,22,51,78,-128,119,114,88,61,55,-19,167,126,90,-77,56,47,-145,199,13,140,10,-112,72,-25,-191,76,-13,-19,142,-177,71,117,-10,271,-58,-23,90,3,-45,1,-23,-1,-107,-88,78,12,86,99,32,72,-52,10,182,179,-24,65,28,107,-62,-81,-149,-5,185,85,192,-2,-31,36,44,-103,-54,-40,-12,-76,40,81,-93,22,36,129,35,232,-18,-31,153,218,19,-7,114,-60,6,-33,42,137,23,49,26,237,-15,92,152,-110,47,-37,40,41,73,-70,92,22,-85,58
98,-51,-72,9,216,208,73,-265,-141,17,66,210,53,-44,45,-69,9,52,63,210,-1,-16,88,120,-28,-9,156,415,21,-110,15,-35,236,225,68,-8,31,29,116,114,22,-48,-3,-19,-93,153,94,112,68,177,-90,-152,-47,138,50,24,4,173,-50,13,149,220,-11,62,-48,106,181,-23,134,-32,-28,94,-94,38,127,-86,144,142,158,88,-74,-18,89,180,-124,155,-75,168,209,-70,6,73,-249,142,4,166,54,98,141,240,-77,181,223,182,36,191,198,10,67,146,128,4,15,56,-1,129,-51,79,142,108,90,-19,19,51,61,-41,71,30,43,-13,191,185,2,-42,191,77,253,192,146,0,47
-123,215,35,154,41,165,-252,143,121,85,-93,-66,182,117,163,184,-75,10,-143,-5,196,156,25,45,92,-109,23,-10,-73,170,-16,-60,58,47,64,78,-74,-49,119,193,135,-24,-134,302,248,-2,-79,-18,-17,-88,12,-127,-89,-138,104,168,13,161,73,-168,-3,89,12,29,123,45,130,151,74,-107,-44,119,170,207,53,17,80,-85,16,-75,54,139,120,174,5,-22,-72,32,109,-52,-109,67,-7,138,127,148,130,-70,38,-138,-36,59,-45,-13,165,-1,90,-116,-46,-105,-171,19,32,145,-15,41,43,31,58,-46,-26,60,20,91,-27,18,-102,17,140,80,48,125,102,163,103,56,-92,-51,145,217,-24
81,-156,-46,86,38,55,73,330,124,28,4,80,-78,-65,-134,356,-65,-34,-43,-65,-70,129,118,181,-134,51,124,50,120,72,10,95,-38,2,174,70,76,93,244,-204,-99,61,-49,-82,165,103,304,-18,-30,15,20,48,25,-34,115,-36,-22,111,-26,25,-26,103,43,13,-36,-7,117,-194,72,46,-12,-5,130,36,141,25,-198,79,-61,20,30,-191,101,118,-74,121,-65,-11,38,-10,199,11,-50,45,-21,-1,222,210,-118,88,-19,114,-55,184,124,-102,66,88,-5,-136,-151,9,-114,12,78,-157,60,-71,-139,3,-52,43,-80,123,27,46,-98,-3,25,-27,38,132,112,-225,1,-7,213,-27,155,42,-75
114,35,64,14,76,209,-154,88,-90,151,-77,50,61,118,95,61,103,-138,29,35,-44,-97,-161,172,-81,115,48,180,86,23,1,156,10,225,14,43,94,-200,94,-67,3,31,172,-25,-56,-142,-17,-29,-10,-166,216,115,58,188,-19,84,-68,71,123,67,-5,167,22,136,-196,177,52,-54,37,50,-51,1,-25,72,120,92,-81,81,-37,325,49,-120,-74,37,15,-117,-97,172,25,-22,-58,-102,-49,98,35,74,-21,53,23,262,35,69,71,73,73,46,46,29,-114,-69,-99,-181,-50,-71,87,89,134,89,-69,32,62,105,-84,40,184,97,14,218,-13,-48,117,5,183,-59,-47,79,120,30,37,106,139
20,-151,64,48,-31,-108,-18,39,32,14,-12,-238,-151,35,-32,-26,-158,-79,-23,15,67,-6,188,68,8,247,174,34,-8,-37,-39,67,66,-51,132,142,-30,21,107,-153,-96,8,37,-44,-187,-195,-70,61,-48,-83,26,116,3,80,141,-174,-90,125,-60,-19,13,-34,3,-52,-184,57,8,-48,-95,-13,53,-43,-42,47,-9,-67,141,-206,-111,14,-10,-198,-17,30,89,109,60,-56,43,28,101,-92,-42,130,-64,11,157,107,91,-102,-29,-47,13,30,-65,6,31,-86,47,91,-140,133,-100,-130,-51,20,44,-55,156,26,123,-10,-117,-3,21,-66,79,243,75,-97,86,6,22,40,81,45,16,-38,166,-13,112
88,-29,-54,-50,158,7,46,-53,-100,107,48,73,10,-181,31,23,141,-30,145,-3,114,151,45,-24,-154,14,22,150,-18,82,115,-32,18,52,-9,-19,111,-16,-156,-86,-78,-175,-99,-22,-20,-11,193,36,-106,10,116,75,31,222,61,-57,154,157,54,48,-197,-64,-47,-28,19,-118,-68,48,63,-12,198,195,-25,100,-78,60,0,91,28,147,-73,-159,154,56,-98,62,10,94,-72,75,149,0,-49,64,193,46,81,181,68,88,-67,-115,295,-116,38,206,221,-108,74,9,70,230,52,31,108,-124,-17,115,79,91,379,-44,-18,-1,-64,134,0,126,35,-144,-32,108,-63,100,50,-66,98,-10,-27,-39,99
62,-71,-117,18,78,60,121,37,168,122,-50,190,-64,-174,37,36,-12,160,100,-58,214,165,57,-32,-51,-8,-20,-95,200,231,-10,-64,-52,-35,70,-10,-103,119,108,-30,123,-66,-35,-71,67,235,115,20,1,-14,-169,40,-42,48,38,-153,60,169,-41,7,29,40,-144,69,12,91,-13,175,71,-85,12,320,51,58,22,-68,162,-10,-165,-56,147,-35,99,-13,-8,94,-6,-56,160,-16,208,91,20,5,-42,66,117,135,150,11,-52,1,66,98,-5,-69,20,88,117,-13,5,17,42,100,52,-238,-4,193,-24,84,115,4,5,189,127,45,25,-33,-9,-120,40,116,43,-104,17,-84,73,-7,-61,-14,107
-21,197,113,79,-59,2,2,-58,83,145,-96,124,-5,51,177,-149,140,51,-21,90,34,49,-23,9,-23,26,-117,36,37,90,55,26,31,68,-16,142,-56,139,-47,141,-2,-138,104,73,-14,-127,0,69,130,-83,40,79,-33,-187,83,133,-1,-10,42,30,159,23,210,70,95,-34,69,-197,83,37,-85,-60,165,12,119,126,-47,-90,44,199,49,178,132,21,-7,-37,-35,192,-174,-121,-49,90,232,87,153,93,85,57,-121,-36,159,112,197,182,38,137,-85,-153,-88,140,141,106,-1,369,97,86,32,322,8,-111,-52,27,49,260,-101,219,8,67,-28,36,27,-59,53,4,31,-8,189,-14,24,180,-17
90,60,38,12,-131,-95,172,256,108,231,65,83,42,108,-91,-106,-54,73,-107,136,23,-11,129,14,-115,87,-186,-65,34,163,50,124,-56,145,-37,79,10,83,107,-33,3,-40,-40,-4,-1,120,81,-111,40,-6,265,146,79,-111,90,73,138,144,30,19,-131,237,30,174,92,33,121,164,84,65,-38,182,-112,144,-27,-170,-60,-89,21,-49,203,36,188,82,134,0,59,50,17,28,114,96,63,33,-1,207,31,-52,116,131,78,-25,59,-141,54,-67,35,13,33,-95,-16,44,-14,28,168,-7,148,147,-41,-6,18,-136,61,-7,-226,72,160,-26,-90,-143,-33,-17,47,106,105,-53,18,55,-41,-113,-95
92,-138,-51,-66,-58,-194,68,40,45,-132,11,-101,-202,-31,294,50,-217,79,32,119,-3,318,3,92,65,70,-125,-122,-98,83,174,113,-163,57,34,142,151,119,-50,-15,140,141,196,147,-45,114,184,22,127,105,178,171,-57,74,104,70,62,111,-50,172,-123,82,231,-92,-10,-31,177,-13,-175,116,3,86,76,178,-73,-108,-116,-153,137,99,75,-14,227,-125,33,3,-103,203,121,163,36,19,-3,37,51,162,-7,-55,-1,36,-14,119,-1,23,317,-65,95,117,-113,-118,76,41,39,127,88,45,16,27,154,-9,-119,-37,59,107,55,102,20,130,210,131,125,116,107,157,-22,26,-17,27,115,8,-2
-78,87,98,64,-107,270,25,72,90,89,140,226,46,-7,160,-112,-42,3,41,0,17,129,-101,103,95,-60,62,-80,16,174,65,-82,-90,90,175,-18,-28,230,22,-89,106,20,-76,157,66,20,-20,194,156,192,-123,-155,113,-29,95,160,-30,-2,3,34,197,-62,-56,141,82,-32,-31,17,91,37,-80,279,122,163,108,-111,98,-109,-82,25,131,89,-77,64,97,-122,30,-165,69,-12,-73,-24,179,-62,-137,106,-48,-19,9,212,19,-25,-36,63,55,137,61,78,144,-129,-78,-52,137,24,-25,28,168,159,-32,-140,-141,9,-33,38,80,-75,15,46,-74,50,151,45,87,198,-4,-12,1,-73,-42,-102,77
-85,-73,39,-156,129,-149,-52,187,20,-81,102,-46,-70,-144,10,-98,-29,43,56,-73,82,-32,123,-66,-7,137,-80,166,186,-8,4,144,-236,86,28,158,91,-53,-75,29,-52,79,52,24,125,-9,39,102,158,15,-86,-85,24,104,-112,77,-70,180,2,37,-6,60,-27,13,-59,11,-135,38,-195,25,-113,-68,-79,206,117,-38,-10,-20,16,113,47,-118,15,-4,132,8,-85,131,358,223,-40,66,84,20,5,-129,20,73,-28,12,4,-188,-14,11,136,-67,276,-72,-81,4,103,-81,-320,125,-88,-7,51,-9,12,99,71,-135,-73,31,138,-88,-123,282,117,151,53,-96,40,9,156,-118,47,-69,-36,60,-23
-5,-61,118,-21,136,123,53,21,-32,298,81,144,183,-22,-5,155,-83,-129,73,-32,-4,-85,12,-31,144,42,73,119,40,71,63,49,-236,-16,-133,58,135,-162,92,-68,48,193,-243,180,-120,22,-150,71,34,10,-55,139,-109,1,240,55,155,161,-82,-64,-167,-35,-66,-8,-89,188,39,-6,31,-57,59,131,20,187,44,59,43,138,31,-24,-47,95,-62,118,-28,-54,44,-193,187,2,-88,80,-79,-167,-36,91,91,-19,119,-61,88,-183,-26,49,-116,139,84,-92,-61,-52,-21,-74,131,14,-86,-80,56,-130,-64,105,-36,26,-24,-115,89,-35,9,-163,163,77,28,-17,86,-30,155,-28,36,38,-64,-100,178
-87,11,151,31,-73,-62,-13,68,218,122,-108,-22,-113,75,44,-92,215,-24,32,62,74,159,142,96,-22,123,-37,-43,-30,39,54,7,-78,3,49,79,-32,62,-158,-66,17,-72,71,108,-16,91,207,-58,189,68,64,-131,-5,54,-11,-6,84,156,-232,82,-97,-48,229,46,-60,-88,-10,63,168,149,2,72,9,-1,41,-1,148,-170,53,110,103,5,206,48,-111,25,93,7,-20,32,32,54,-77,50,138,227,24,42,54,54,84,120,-16,202,-65,-148,-30,-43,49,52,-11,124,19,-109,14,120,92,224,47,120,-64,57,135,152,-75,61,-35,212,153,-28,119,-20,248,200,36,-86,7,170,-37,24,126
80,185,207,31,1,-40,-97,55,90,240,-35,102,-162,-103,112,-150,94,119,-3,117,310,41,75,120,37,77,90,-2,-43,78,-57,280,-48,-22,133,-42,48,3,9,0,86,120,-58,37,-77,106,24,-179,34,-60,66,-7,286,-51,130,-47,124,21,-12,8,-42,55,158,52,101,40,14,18,139,278,223,-95,160,-27,97,116,-15,86,166,-39,-35,175,83,92,135,85,-27,44,60,-2,-25,-37,54,94,0,44,98,169,51,95,-9,61,42,-55,-9,201,98,85,263,186,182,76,191,167,31,-204,15,77,-104,74,57,231,-27,111,-26,-166,102,-191,193,194,127,85,155,313,76,-151,67,-70,-19,73,294
86,132,103,-140,137,-141,95,174,22,124,-19,131,-85,-6,43,-266,-125,-91,-62,153,-79,-37,-39,109,82,77,10,38,127,39,-59,-5,-25,184,-17,58,80,-78,-61,42,-15,135,-95,106,126,30,18,85,136,-112,41,127,68,-10,6,179,-88,15,90,125,84,114,215,109,16,-74,42,48,128,31,-3,-57,213,-18,34,21,-148,-12,142,190,-71,174,211,75,93,-49,60,113,12,-37,48,25,249,61,-81,122,161,111,5,-56,191,-57,55,157,28,-141,9,46,0,186,82,-8,-88,52,-26,-16,73,113,-179,-6,-122,1,55,108,-39,30,41,-67,-18,-112,225,-30,-41,-40,65,102,71,2,-19,-40,-77
120,1,24,92,127,-11,-49,-114,127,75,-24,-22,51,173,-48,3,-52,-49,71,-7,64,-70,60,-170,-65,-12,-112,11,48,269,-177,179,41,-116,15,-41,-163,-42,105,34,162,-140,88,-91,72,50,90,-140,-119,82,136,74,-8,-16,29,133,94,281,-16,72,-110,124,-41,109,75,147,96,87,222,23,-22,64,-66,19,-114,38,-95,133,19,197,87,-60,105,164,-1,-59,72,-36,56,-56,-55,3,117,107,-30,131,110,80,125,-34,72,-6,50,78,82,-82,27,-70,51,243,-44,115,15,276,-77,-2,71,58,51,-79,26,-50,116,32,51,-37,85,59,9,-95,185,-37,100,-13,-77,74,162,124,-21,187,169
-42,78,71,-28,-1,-28,132,-139,-84,-3,104,124,-34,-83,119,-46,66,4,-62,49,117,141,-16,137,115,-134,15,-15,166,-24,-43,47,100,-28,129,-57,-99,50,74,-49,150,-33,-50,-78,190,109,2,-178,125,-24,37,95,12,162,158,133,-66,113,-152,139,96,182,4,-23,-16,219,99,80,-9,-93,-9,127,116,-81,19,67,-54,-4,24,-93,-30,77,4,65,-64,-76,108,47,57,168,93,35,-1,158,-9,177,-9,11,55,27,97,183,200,215,173,-103,85,100,51,83,0,4,45,158,4,57,-74,40,222,99,20,62,83,-142,22,-65,-18,-85,22,-82,-123,87,81,79,44,55,128,27,192,71,48
111,120,-17,-1,-17,-30,86,-85,137,31,133,20,-204,-64,128,113,-90,243,104,130,92,-36,61,60,12,-55,-23,214,-7,-52,90,165,-1,219,44,72,-43,-183,52,161,63,106,-172,-32,66,44,46,31,48,101,-14,-85,95,54,14,54,26,143,-35,-42,-91,96,304,-24,16,89,-139,-84,-39,-63,-38,55,-6,-101,181,82,47,-125,19,84,31,86,-20,35,-39,129,78,-17,59,-58,-41,69,166,121,-130,47,-111,56,-115,-2,21,-116,103,17,53,146,187,-144,-7,-102,-21,-22,10,175,167,88,-6,35,44,128,154,15,-140,-23,20,43,116,59,124,-70,39,3,-99,-136,110,-230,-77,-76,-2,-58,9
18,31,126,315,142,-182,211,263,46,224,-58,278,190,148,-2,50,243,1,-101,-72,-165,-64,-114,105,-32,-55,-141,209,23,206,133,-118,26,54,7,92,-6,-36,-84,119,13,34,102,5,121,-79,-48,-18,157,59,59,104,-109,-131,16,-62,59,35,55,-65,104,117,71,170,6,-21,29,26,3,2,161,219,36,-62,71,14,-45,138,142,-83,-27,-27,19,55,-1,-99,-105,78,65,-97,37,-84,-47,-68,122,110,121,132,40,134,-67,-47,34,46,100,152,292,-49,-4,-76,16,-132,-130,139,47,85,38,84,103,32,-44,96,19,-49,206,198,77,102,-40,-192,-241,129,-154,-4,11,82,36,159,-62,-15,79
-62,-93,75,-75,53,-52,200,64,103,134,19,94,79,88,55,-79,-47,-84,159,-53,156,67,-23,-150,44,-9,-76,-76,-3,33,52,72,-111,6,-41,117,-72,83,-66,-49,25,-128,96,-140,11,-61,158,94,-35,33,127,-89,-181,20,52,-126,165,252,-26,-69,-217,35,-77,-131,83,-74,-137,32,-70,147,101,105,45,90,9,-64,13,-124,-174,-18,98,-49,180,-33,110,-103,83,14,239,70,82,54,-84,-45,130,229,3,55,113,-70,84,-9,61,52,53,-37,131,110,26,-230,-44,198,48,16,72,-131,-9,49,16,121,-32,-164,-99,16,-46,29,-25,91,-115,-107,1,-115,-29,145,52,-14,71,130,-93,50,131
-27,12,-91,30,89,251,14,28,-152,171,105,94,290,-16,-22,13,-5,-138,-2,-43,-140,-55,47,18,-75,-48,105,-24,-156,1,-83,38,-138,-19,91,64,-93,-2,48,123,44,40,-151,124,-177,-2,-175,167,-64,-86,-11,-108,95,93,33,19,222,78,-36,-19,-98,84,-154,-25,50,-2,-43,177,9,17,39,41,116,-42,-138,153,64,86,79,29,37,18,-73,91,97,58,43,17,117,-5,8,-7,35,-101,-23,155,22,18,7,243,-126,-8,-51,-251,-152,37,-84,-97,83,5,-79,68,-8,-128,97,-24,75,14,-129,-47,141,101,-158,72,26,-89,156,-23,31,-111,185,66,-65,100,-85,-33,-40,102,69,-182,-8
-31,15,-106,124,109,246,122,191,103,59,-14,196,100,68,137,-69,-71,167,-8,64,66,-55,50,51,76,41,41,-114,-55,185,-95,80,113,77,124,165,-137,-78,115,-25,0,152,83,218,-62,1,-53,-76,-80,100,34,-77,-4,41,89,25,-15,19,123,-115,-115,42,24,129,198,163,-138,37,176,73,-101,56,222,-126,45,237,134,-114,83,-16,-192,-13,-9,131,55,-36,118,-131,216,-47,-42,-17,7,119,-108,66,225,74,98,34,209,239,69,12,-91,-11,98,-49,40,158,114,-24,-5,-148,-8,-55,144,118,15,53,60,103,86,158,-40,98,219,8,141,-10,246,160,50,54,79,1,-124,229,104,115,170
187,-28,45,110,184,-98,152,14,32,40,119,16,85,105,-92,41,-19,96,106,169,-52,-79,24,-65,-22,-2,-78,-29,77,-27,-29,63,208,213,198,205,33,-11,166,-20,-130,-74,165,-131,26,140,-32,-230,-41,-23,128,-31,54,40,64,-80,4,97,-75,-115,153,215,-150,22,71,211,55,70,7,162,-83,-118,71,172,212,124,-17,-134,-124,88,49,12,-166,10,128,-207,-166,247,5,34,-20,-99,77,141,54,131,91,20,91,147,184,237,186,51,28,249,14,132,42,97,-103,-36,-57,122,3,-128,-14,44,34,4,65,22,-98,72,-65,-23,57,-62,-99,-40,-6,166,28,16,-85,-200,173,10,-5,-29,-55
194,22,-55,47,-68,-74,2,152,88,68,73,91,31,31,108,60,4,83,169,198,-97,1,131,80,162,109,-39,-13,-94,50,101,-124,175,189,102,-76,56,31,87,133,-72,-15,264,-128,159,160,17,67,264,121,113,-7,54,29,42,-35,32,-53,56,172,118,304,155,15,75,-74,25,6,-18,64,-18,127,73,-163,-4,93,5,-89,111,30,-178,35,27,98,-104,124,-45,113,-93,154,244,11,-49,113,44,188,238,-3,-194,117,50,72,151,155,70,59,171,-148,53,-69,51,177,-24,161,196,35,52,28,52,31,12,63,128,122,56,34,-35,52,189,-38,15,148,-32,-105,192,-69,84,122,-21,196,-15
75,-66,9,12,94,3,123,-44,-62,92,118,198,-63,15,166,37,-32,-37,8,144,72,-28,67,235,177,204,113,284,39,42,13,143,85,236,217,198,62,-165,67,211,-322,130,-4,-26,155,9,106,129,-10,-250,94,141,136,108,276,78,-56,98,46,273,205,172,126,-202,75,38,1,36,108,99,-32,38,-51,107,189,111,44,-56,60,84,-36,296,139,76,13,-101,136,74,252,66,175,-24,147,78,-101,120,178,-55,-18,32,243,-136,281,172,96,176,82,180,24,263,111,167,39,107,-22,153,5,74,76,123,178,36,-125,117,56,-11,140,242,78,-46,73,94,-17,-142,258,193,69,83,191,128,121
63,90,-90,197,57,-59,128,-126,-43,137,-126,203,-32,96,39,171,48,378,-123,146,82,72,305,186,120,87,-22,221,11,227,44,30,68,-37,-123,184,19,-51,19,80,22,-3,32,119,72,142,64,-70,-94,105,-25,69,81,-14,189,227,154,221,68,-142,104,53,130,-51,285,64,50,36,201,122,33,192,-107,24,214,37,41,-94,55,33,-41,49,106,67,-4,80,25,24,75,-80,86,96,-72,255,171,134,186,50,-9,-17,171,-109,167,167,-23,41,153,26,41,106,146,-3,200,-2,-144,16,-33,122,160,120,64,-14,245,186,128,226,87,249,98,140,7,141,79,13,73,193,17,151,-34,201,37
205,-42,72,12,114,-33,168,-89,130,-155,-109,113,-81,-82,23,-54,-159,99,51,219,-52,137,183,56,24,27,6,127,-115,34,86,-9,-151,40,-34,115,-84,-12,-48,9,23,136,7,94,-151,-6,21,157,52,-53,-47,-171,76,-135,154,63,-19,167,-17,-16,-61,94,185,-15,87,128,10,-166,29,286,-18,40,-122,-36,-37,28,271,57,62,45,-12,2,103,91,45,-7,33,193,73,-40,107,162,46,12,-108,209,25,-6,71,108,-40,30,239,34,-62,74,29,-50,162,-13,156,134,109,20,11,210,-20,6,-116,-87,24,-28,84,14,-95,-1,88,127,157,30,144,-23,-81,100,125,-170,9,45,108,81,-14
-6,-12,-62,78,4,85,-15,-11,79,-81,36,160,-150,90,47,-44,54,55,50,103,6,-77,92,171,-25,223,96,30,-32,-4,111,159,132,28,51,-14,88,-25,-11,-181,-217,-93,-109,32,44,168,-55,-4,-85,-94,-51,81,116,18,76,-71,128,231,29,121,152,113,17,-16,210,19,91,-4,141,-68,-11,42,6,156,189,46,-36,-65,-4,56,-38,-96,32,-147,27,5,111,22,-62,-33,105,109,138,129,-43,84,-6,-221,26,-70,48,-42,143,214,-123,21,-65,102,-8,208,-60,66,31,218,-167,7,49,44,-90,33,65,-10,90,-146,-215,-81,-4,200,-91,8,-214,-42,22,-91,28,-19,9,-182,-50,96,-78
77,76,12,118,-26,82,140,38,106,19,21,170,-102,-72,126,263,11,34,156,-36,-29,112,60,-49,-118,-60,81,54,12,94,199,35,-25,-16,-99,125,64,109,-32,-7,367,166,202,0,17,79,95,-48,41,49,-209,167,62,129,101,-14,80,65,-17,67,-204,181,23,94,-26,114,196,-176,-46,190,-16,194,71,87,0,272,268,99,32,173,131,-74,-4,-100,-37,186,130,-60,31,10,-20,14,129,29,2,165,65,-10,-115,-1,50,12,49,210,-113,6,-73,-13,165,85,74,-156,60,177,-26,56,169,191,29,107,-221,-27,109,94,120,143,-121,225,-37,19,-129,-39,129,-126,-62,273,137,53,85,-52,104
54,-71,170,36,-156,-76,46,-60,-6,61,66,-42,35,34,240,-33,220,139,205,134,62,173,48,42,203,117,-41,17,-78,143,172,-66,-20,-58,-17,108,-25,-4,119,82,63,23,118,98,-93,81,2,0,74,-70,46,47,62,41,118,-46,64,41,-1,169,-34,287,110,-24,-82,227,-10,-13,19,122,130,104,-9,-135,13,97,77,-131,-4,-66,1,93,21,56,135,-95,79,144,106,237,86,81,-46,96,-97,158,203,-120,48,-35,111,-48,65,258,-19,-15,147,100,11,-57,210,129,151,-6,59,104,183,301,-26,-2,-67,193,15,47,14,177,63,44,127,-18,14,-1,81,135,68,44,-113,170,143,90,173
179,184,80,-132,136,-65,64,48,84,-62,-117,-63,86,-110,-142,-15,-53,-157,-23,203,54,-60,-2,142,-281,253,224,129,-19,5,42,-23,-15,31,-51,13,50,147,150,16,-167,-47,245,-238,74,-20,237,55,65,-68,-44,-14,100,106,139,-127,38,58,-153,-29,2,23,-6,68,82,-96,29,-102,-87,254,-2,-1,-69,189,-29,-59,-130,-4,-31,171,17,-41,153,-19,16,-68,-116,94,0,287,139,49,34,67,-7,-113,101,124,-80,111,139,-138,82,-61,-30,196,117,46,-42,-56,10,105,-213,60,5,-86,36,-25,64,121,-10,-53,-127,39,-15,115,-126,77,103,64,125,-250,64,52,121,62,122,5,58,-118,-87
-31,-66,151,-13,75,-23,132,185,104,-63,32,21,-32,15,-73,51,-73,56,46,-79,151,-94,95,145,-49,-89,-131,10,-19,102,-31,13,97,-4,58,176,87,110,-26,-102,107,85,109,-152,-21,91,-92,96,9,186,37,36,-87,37,210,59,55,83,-78,126,134,32,-57,82,198,204,2,92,61,-134,142,218,-164,37,-131,13,157,-172,102,-86,63,25,139,-28,43,131,19,-178,52,145,264,-76,52,6,96,-34,56,2,224,-28,35,-1,188,-31,30,83,130,153,-90,89,32,143,131,199,-40,77,-36,104,186,-113,45,-138,124,41,137,114,113,19,-95,-124,-131,60,-67,85,9,102,84,114,30,-17,-48
46,-84,-15,105,-95,44,-15,134,100,28,137,99,78,150,159,45,-54,79,-30,-87,-123,-103,51,-145,13,26,-19,85,167,-71,93,-11,18,170,149,208,40,67,66,-15,-36,-210,-2,144,-21,-27,-143,-15,-4,51,34,-100,-141,43,235,100,27,-32,-49,-99,141,3,-40,-72,36,169,31,-95,57,-153,57,-12,205,131,151,176,51,43,7,-109,-37,-28,-72,184,35,-84,118,-123,15,-68,60,76,45,-52,-36,62,-6,67,0,-142,135,-49,-30,-3,-24,-4,-237,-6,-90,215,15,69,-76,105,-91,204,-12,253,-122,45,104,45,-110,226,-30,33,-21,155,-50,-85,-104,7,44,-83,-95,-66,180,37,112,2,37
50,197,-15,21,34,-60,39,-4,185,-5,-97,50,28,89,61,144,-170,217,77,102,34,67,274,-25,-68,2,-44,-159,5,129,104,40,-162,42,99,132,65,233,-105,181,1,30,204,46,32,53,132,28,-29,-135,-55,-133,-60,-85,131,34,-105,245,-23,-24,121,-4,-47,36,157,36,127,26,55,113,-273,202,41,204,-18,82,-37,-63,-38,43,127,10,276,189,20,-91,260,15,57,34,36,197,240,193,157,42,121,52,-67,116,12,-27,108,3,-16,-42,-28,-220,-127,62,97,65,1,200,14,159,-88,334,18,43,43,-130,48,159,129,-35,59,117,-19,126,48,30,66,14,65,140,123,154,-6,64,-81
-12,-95,-18,105,92,-38,85,181,72,114,-90,197,65,-7,111,-12,22,16,-115,61,-134,173,-110,111,-12,-72,-63,90,98,371,-125,-4,-49,141,129,152,-46,122,6,-19,105,-99,29,58,17,40,235,-44,-4,38,-136,-29,135,-203,47,270,-75,-143,-6,-84,83,110,151,269,90,21,-20,-47,113,151,-130,52,191,-75,196,16,55,-115,204,28,22,172,27,-78,-14,-77,58,-57,184,99,33,37,105,76,42,152,69,64,-30,104,94,9,253,18,-87,62,26,-44,30,134,57,-52,78,93,18,-54,182,178,74,-120,-248,-47,-108,84,46,126,185,168,46,-3,107,162,-92,60,96,19,-35,142,-87,-31,146
-33,-83,106,173,160,17,-211,173,133,76,-27,195,-97,41,83,9,4,-157,36,-257,-12,-71,-4,0,-27,-36,-148,52,40,-72,12,61,28,62,-5,143,-93,-210,-96,86,178,27,48,-53,-8,-104,55,-134,79,-9,21,70,-153,-112,-40,-2,-150,107,27,19,-227,30,287,-23,41,47,-144,32,38,-13,35,-160,-16,-28,-288,-28,132,43,126,85,-29,-13,133,-78,128,82,37,-92,157,-94,-31,5,33,21,50,85,0,-44,-106,160,-178,75,-68,130,76,-20,220,-16,-87,-38,-132,-103,-43,58,43,-16,100,-51,19,-90,-170,25,110,-59,49,7,-33,0,160,60,-69,43,-71,-131,-27,91,-48,123,179,-89,95
-55,-22,38,-17,81,66,72,149,111,3,139,47,114,-172,-190,-99,103,-67,-74,-61,107,78,34,74,14,-50,7,-71,139,186,36,-129,-73,116,101,211,44,59,197,28,13,-109,-18,-38,135,46,-5,16,79,137,-191,178,38,29,21,117,68,129,129,79,60,2,-49,86,30,172,22,136,-60,25,64,126,32,-107,34,-51,83,-140,-102,16,54,13,41,42,-20,-45,-124,81,34,104,120,-108,130,-19,72,162,90,109,148,29,193,-11,-60,-2,159,1,12,60,-7,-16,2,-33,12,-27,85,-65,-128,-15,73,-79,37,-73,40,-40,-53,180,195,19,-182,147,-99,141,-37,112,-92,105,-16,125,-18,105,-32
-173,-112,229,-1,-120,-22,4,95,-24,-87,77,-201,-15,63,121,70,-56,197,28,48,-7,114,10,17,41,117,-5,233,-74,-7,76,83,43,176,-47,23,180,32,86,32,212,83,45,58,-7,-36,-72,104,86,150,63,47,-41,104,111,74,35,-73,-28,1,-12,221,-28,-39,-162,-17,329,-139,-72,181,151,-57,-13,34,141,97,131,3,235,27,-11,-34,24,-33,56,210,-122,-102,129,109,58,104,29,-38,-12,49,-10,-65,22,-27,47,-158,-6,1,58,97,183,126,147,224,15,236,224,180,70,215,41,98,207,62,89,33,-31,121,133,95,60,132,92,-102,55,-57,195,109,-68,307,86,229,234,153,-2
88,-78,125,114,-43,-38,77,132,-26,97,72,241,-129,-155,-43,-30,28,10,11,-59,29,62,-65,176,212,10,92,-39,50,29,109,-79,-82,-95,34,78,-36,128,59,-13,3,-34,-171,169,60,73,-4,25,27,155,-43,-75,-110,-90,-40,130,-57,261,107,25,-83,-146,162,-106,77,30,-128,37,-145,-2,86,61,41,-84,-5,-11,80,75,-29,-14,-36,98,151,192,60,-167,-50,121,13,26,-149,110,-87,10,207,37,-27,-47,-50,150,20,-27,175,118,17,50,308,-23,58,-130,14,-249,-30,55,112,-201,8,-54,-52,110,19,85,186,-217,-91,58,-33,-18,13,142,-47,97,-113,-30,11,-5,-85,69,-30,-69,139
42,-215,-54,-15,5,-79,115,203,102,-28,8,74,0,-152,-176,248,-215,-132,-68,-91,102,-19,0,-19,99,28,-56,2,75,-41,67,-45,-96,44,52,-13,48,142,119,203,103,45,122,-77,-50,-130,138,-98,48,41,-154,144,-13,-151,121,-72,-133,95,17,1,85,-68,-82,-75,2,-122,142,13,-237,-7,-56,-78,139,8,-40,-56,-57,66,-99,-176,-29,96,34,-39,66,190,-24,106,115,-3,146,-21,14,-47,25,-26,112,17,-6,242,-43,-51,-37,-26,4,-18,-51,16,-82,-68,-66,-31,-237,171,5,-203,70,32,104,-62,16,18,46,-116,15,-41,77,-48,102,5,-115,25,-137,-258,-10,173,98,-246,288,-22,-23
42,61,152,6,57,-121,-64,-130,92,38,-55,100,-92,60,90,-83,213,10,62,38,14,175,37,37,-7,-136,-138,106,-138,204,131,-113,81,171,64,152,77,177,-170,77,112,138,62,65,-22,39,93,85,51,-17,120,50,130,20,-6,-41,-85,118,17,263,74,123,62,141,56,56,218,149,-100,32,-62,119,-136,50,43,119,22,104,-39,165,69,195,163,27,55,-9,-27,218,-21,-79,-179,-117,120,13,62,109,5,0,152,81,26,2,57,12,57,80,-71,51,189,207,132,43,-61,221,91,155,38,257,98,-68,-15,58,221,-3,46,96,88,88,-57,-68,-77,153,-1,300,-170,87,121,179,-3,-22,47
-63,-85,-99,16,1,67,-138,117,171,40,-78,154,-156,-33,-14,103,-51,63,-83,2,52,-90,30,45,114,26,70,-97,54,8,-30,-48,-59,31,-62,40,26,-45,-88,27,-87,-48,8,134,-55,78,32,-81,67,14,-85,81,-151,63,-85,1,16,86,-52,61,-95,-8,21,-88,124,-134,137,84,17,37,67,147,98,146,129,-19,28,56,-92,-121,128,6,-100,-101,57,-40,86,-226,26,-30,-59,92,-34,99,-59,-32,-33,-54,-17,-41,41,-70,92,53,9,-40,42,93,123,-61,3,-88,-110,41,-60,-3,-107,27,98,189,-15,67,85,-53,4,-58,-6,69,-132,63,-187,20,98,-170,8,164,-186,-71,45,-68,92
-23,-173,76,-51,-34,-220,-115,20,59,19,5,22,-7,67,-51,-176,14,-12,-73,13,39,7,4,38,60,90,-109,-90,38,8,-118,-35,68,55,-64,-3,-37,100,-46,57,-144,-135,65,-186,84,-1,72,71,-76,102,53,138,-72,-180,-30,90,-129,156,100,76,111,80,61,10,54,86,-78,194,70,-71,-102,6,-158,-53,42,-86,-58,-66,12,34,-109,-22,57,22,11,-66,-136,140,1,-70,-4,-74,29,-27,1,97,101,-173,173,-3,-51,19,100,253,119,111,118,11,-28,18,-27,167,-180,78,100,-90,-113,-18,-16,4,-104,153,132,90,18,-16,203,16,81,-31,-35,119,-153,2,96,-27,-17,-26,16,103,39
28,16,59,-213,0,-85,97,-77,20,-78,-248,-41,10,96,117,-150,47,-236,-42,110,23,-111,-23,-91,0,-103,-75,17,-193,8,-78,47,-207,25,-254,-211,-130,-10,13,46,-151,45,41,-152,-36,-88,-43,-22,71,-68,-92,90,61,-56,-85,-7,-2,114,121,-83,-171,131,-138,211,5,16,37,12,-77,138,-105,-84,-2,95,68,98,-55,-109,-8,57,-19,-75,-194,-131,-44,-233,-117,31,-13,-41,-2,138,243,-81,-33,-112,69,-177,140,-13,124,-46,-25,151,-59,-35,-45,-149,-31,-228,-77,-99,7,-34,72,-123,50,241,-45,-49,-160,119,-89,57,-16,16,-115,-43,-135,-37,24,-254,-12,99,-19,-49,42,75,-64,0,-54
201,91,3,-10,209,-27,239,222,61,13,-3,163,149,-26,140,-135,-196,-126,50,-188,-112,-15,-1,182,-101,125,153,252,-86,124,-55,26,44,-64,210,-34,-95,30,87,32,0,133,122,97,76,192,-89,18,177,28,0,-34,34,71,-25,14,6,140,75,51,183,-139,-212,161,12,-61,-140,10,-76,104,-73,58,105,87,144,-3,-161,169,135,-110,-98,-94,-16,171,-3,-203,11,-4,122,100,14,261,74,-24,-69,-72,10,303,-171,-1,162,-87,89,-22,104,-136,121,-14,-6,42,14,-235,-39,225,-135,2,111,109,-2,78,-31,-13,179,129,199,-96,-83,189,-184,-111,149,-188,-46,67,-7,57,181,-111,141,-17,-39
145,53,106,-34,73,43,183,50,-86,90,24,147,227,45,-93,-34,6,-148,199,177,30,-61,66,-59,41,-32,4,147,-43,191,126,26,66,56,-7,20,3,75,104,72,29,-30,120,98,189,144,-140,335,-19,-50,14,129,-43,119,81,70,109,278,114,13,85,137,41,98,-75,-110,96,178,97,63,42,287,-52,150,-33,-179,105,-16,-28,215,119,-60,107,115,59,15,10,52,106,86,79,45,-125,-25,-143,195,73,-60,-54,123,-74,-198,64,-40,-97,178,181,161,-4,23,-152,45,-94,-31,-42,-126,278,-37,-207,43,5,-193,81,-91,-46,102,44,44,47,-91,115,-1,9,-150,90,-36,78,31,-128,29,110
-50,-90,75,-140,-91,-19,139,-87,-38,-4,79,181,103,167,169,-95,-7,149,99,141,-126,118,233,252,144,-23,5,360,-213,162,204,-7,61,60,59,85,18,54,-44,163,-84,70,-77,106,-90,180,-47,116,-25,153,117,-83,139,-92,175,152,92,8,52,141,89,148,51,3,-38,111,31,158,28,81,-72,77,-68,46,211,-98,87,51,93,-55,-5,78,-13,143,-26,-14,78,-155,85,-67,59,27,115,38,-137,111,102,-123,-105,94,-152,68,150,61,73,90,68,169,10,61,138,38,174,85,-43,71,153,142,13,-74,73,25,17,255,73,28,192,101,47,70,139,119,-80,44,-58,-133,129,-44,-20,-9,35
-30,-253,-197,-34,-124,51,81,83,4,48,77,141,-141,-38,-25,-100,-79,59,-46,-86,49,-69,128,-71,61,-115,63,30,72,-14,99,-64,-133,52,38,78,-44,83,-8,-192,194,-64,62,107,-6,-45,143,25,137,24,-140,-38,-33,-90,9,273,-40,56,113,-51,57,39,-118,-72,-50,70,-59,-128,30,-66,-25,8,51,-35,24,-10,112,-27,-45,126,-23,-97,99,62,-37,34,122,-73,136,25,-45,75,-15,-92,-34,-93,-195,-13,10,44,-21,-20,-86,96,143,27,-12,-10,127,-84,63,-85,66,-149,-12,-112,40,-185,-113,35,-92,-178,-18,-184,-191,-57,-20,29,-42,85,6,17,-79,-90,-15,46,69,81,-180,-29,-95
204,-83,44,3,94,31,46,117,70,172,-108,156,76,123,57,107,-3,-140,158,-119,30,9,43,276,37,173,52,20,-82,96,10,129,102,14,216,102,-127,-5,327,-44,2,241,211,-79,-59,-20,100,-6,80,-15,98,125,-32,64,171,-33,57,214,67,151,19,-105,-10,62,164,-4,25,-12,-4,73,191,31,42,32,-242,78,-195,-94,-178,-28,6,-102,55,12,120,-89,-7,83,69,45,206,156,-64,146,-38,38,-25,71,59,166,108,-49,7,104,20,-161,54,79,87,-128,79,-14,64,-62,209,-210,93,155,42,56,13,104,-1,245,106,116,38,97,-59,13,77,37,116,-12,-61,32,142,-47,8,213,21
44,-125,45,132,-10,191,71,195,194,126,72,54,-27,169,29,59,177,70,56,-73,79,115,89,-118,183,49,-102,215,135,129,-20,128,147,-104,-107,29,64,224,1,120,303,59,100,53,-190,139,-30,-124,56,127,-59,116,-54,50,-4,133,124,44,230,-32,-12,155,111,129,215,-197,-135,-113,119,89,29,138,-71,77,92,-75,-151,-85,230,65,-67,-43,62,36,-44,138,-63,23,70,-12,15,14,174,133,-65,129,150,-71,-133,70,-28,-105,-56,188,13,-4,-86,16,22,227,101,45,111,184,-52,138,143,186,15,-69,-35,111,75,61,-101,119,20,54,5,167,-54,-109,-79,104,83,-42,78,166,-19,71,-46
76,-67,169,-48,6,-29,127,-51,39,29,-27,23,-31,-207,126,-110,-106,-74,68,-85,-45,77,124,29,70,159,-78,-3,-98,59,-52,171,-206,182,-154,70,-61,94,63,33,22,43,123,-14,73,14,76,-45,125,-5,-33,14,124,182,105,33,128,-29,-72,-147,86,151,-17,55,11,-103,107,-129,-111,281,73,-49,93,115,-71,62,-76,-88,69,-66,110,133,109,-39,27,44,-36,89,63,52,220,362,149,55,-22,71,-47,67,-227,46,-26,9,-24,105,-103,-71,115,98,280,-5,174,-8,-87,134,-51,-69,98,147,-96,33,-48,89,-19,90,-26,-183,-122,-41,40,98,40,-107,71,88,-171,72,71,-55,221,19,-183
-16,-83,-9,0,-83,114,326,-11,-2,88,180,28,-26,33,-35,-23,68,220,-66,214,-58,70,134,187,328,124,113,-20,21,74,225,-128,-26,193,165,285,205,166,93,71,-12,24,26,203,207,80,76,219,83,152,108,-27,-71,-58,93,208,46,-14,26,-13,149,111,-128,-18,61,-14,229,10,90,-18,-90,17,70,39,134,-119,14,-140,-22,11,-124,145,110,65,77,7,-43,-123,32,94,56,43,-23,93,9,355,181,30,-81,32,183,236,151,363,21,-153,59,75,47,95,123,101,87,84,88,260,122,56,22,101,-43,-55,-25,-30,89,56,-14,180,-21,25,210,54,164,-74,199,50,168,260,36,244,-32
39,-78,-199,-98,207,51,118,79,-95,217,65,-19,-94,16,8,103,19,-62,7,-20,37,-89,-102,-28,-73,-19,-89,49,55,87,-128,-17,8,152,236,9,117,-108,54,85,-61,56,15,60,76,56,39,80,-94,32,194,31,50,60,38,36,-56,43,103,107,187,159,-151,91,-2,48,42,-18,-54,-145,119,65,47,128,-53,-24,-137,140,-48,29,-41,66,-33,8,16,-67,-157,149,119,129,83,-64,25,20,-54,206,57,68,1,84,-32,-4,72,25,40,36,-65,-111,-102,61,-61,-24,64,-120,30,112,18,32,-145,-37,118,-18,40,-37,150,-100,63,-34,82,39,-26,182,-107,69,91,54,6,106,115,77,1
-22,72,211,-1,-47,-66,40,12,2,158,-56,-36,45,-55,119,17,89,-7,-103,-79,155,154,-34,152,-49,185,17,15,105,91,-41,-59,-11,71,95,142,27,192,20,-70,87,-7,168,164,83,-70,87,93,35,10,72,33,44,53,237,210,27,-51,34,-65,-26,53,-58,-82,100,63,227,-64,-36,87,-128,68,25,109,-28,-72,66,-164,1,-21,13,89,206,-46,264,-53,-35,-19,97,190,20,23,26,55,173,50,12,153,-150,-118,-84,-88,307,104,152,-55,105,-4,149,25,-49,23,117,115,216,-3,-75,-27,36,-84,-202,-23,-27,11,2,-62,80,94,120,144,31,-12,-81,52,150,19,61,190,-147,49,-41
53,-179,143,104,10,-247,257,163,84,10,43,254,-135,44,222,-56,167,117,26,42,103,155,112,72,77,14,-104,-2,0,70,25,19,19,37,63,-43,100,120,12,135,76,93,168,113,-61,-83,-16,-24,316,59,113,52,64,-41,110,30,-65,38,-162,121,96,-69,149,34,126,-63,230,44,131,169,88,-23,187,97,45,247,21,-39,78,41,5,98,133,151,126,156,-37,18,17,113,174,70,133,76,63,143,-127,324,135,116,111,138,129,-160,98,-43,84,32,69,122,215,42,125,163,107,69,113,328,135,-34,43,-56,64,302,270,29,79,8,-58,-193,-93,-56,-92,5,171,127,60,280,-63,128,158
123,-34,103,130,41,1,39,69,-3,45,-191,119,57,123,-96,-92,-5,137,111,-81,103,148,176,74,-195,-49,-41,94,-131,38,284,-70,3,214,152,102,-6,4,-111,62,91,153,124,11,7,-142,89,183,50,-40,-19,-145,-165,-81,-109,-93,-47,180,15,-35,107,-105,52,238,77,127,-154,-31,81,133,153,76,-229,-79,169,65,78,16,-127,-32,-86,-114,168,32,-3,176,99,-265,221,-32,-12,70,-7,-138,33,-185,-43,-38,27,33,133,-131,-97,63,132,319,112,104,119,10,-120,15,81,101,-6,-29,-22,-26,61,-13,56,8,211,161,-5,70,21,272,21,-53,53,-161,-51,-53,-83,192,172,57,12,136,37
130,-64,65,86,91,97,67,102,13,286,18,289,56,65,12,-50,226,-64,-51,-40,45,2,64,126,-179,48,-49,11,94,166,-71,160,8,80,128,31,38,-23,63,119,45,-123,36,-63,68,177,240,-14,-65,-45,-114,34,16,-5,-60,-68,133,-75,-44,-110,43,156,-131,-23,149,-41,107,20,184,-44,17,181,-34,136,83,-59,-9,-157,220,-14,15,40,45,-32,-46,12,-68,129,118,14,-5,-56,91,54,105,211,139,-76,21,9,141,-104,19,132,-101,8,15,-63,-1,255,-73,73,-11,8,10,137,9,128,10,73,3,-28,-15,119,-71,102,-58,174,165,-144,-79,26,48,130,126,84,186,81,-12,-60,129
-15,17,164,167,-161,-47,107,109,19,15,93,121,105,-49,61,83,112,136,-77,-14,-69,192,-34,91,133,188,84,-60,20,-22,122,217,-93,-129,111,169,6,10,172,-129,0,99,124,11,33,24,-55,-95,229,-8,129,25,103,-161,144,60,113,-97,-107,-168,-144,-79,185,-173,182,66,81,-36,-79,198,106,39,86,-144,33,-51,43,41,57,74,-6,104,-61,-69,27,-62,-36,88,-56,32,-51,72,-81,69,73,132,-63,32,-4,-63,35,-52,-188,-33,183,105,37,183,-15,39,59,13,-87,22,-79,127,79,-101,-6,227,-40,91,131,5,128,78,4,117,-43,84,-179,117,-70,-81,3,-108,-96,7,79,-85,136
73,77,-74,14,150,380,-31,-79,116,67,71,86,169,95,119,81,-10,-53,-43,-45,116,76,84,103,89,-59,17,110,44,72,-62,-36,325,184,-24,82,259,12,115,56,102,71,-69,131,-3,99,-93,-151,33,82,-116,-51,-40,148,120,253,165,126,17,-57,41,262,-96,41,37,220,39,99,254,34,122,233,-49,-49,275,-28,162,-162,140,-19,-143,-121,162,8,58,-39,-21,164,140,-4,42,-232,134,-2,-95,87,-145,-82,155,89,103,20,5,161,45,26,55,26,265,-178,-68,-144,96,-15,-76,-17,36,44,158,174,15,-77,39,70,-25,167,66,108,-46,-64,-70,100,-37,-13,89,-27,27,132,-59,-14,45
15,-6,-43,-107,-65,4,80,-182,211,24,57,-23,56,36,90,-103,15,181,171,9,-99,164,67,-38,81,18,-147,15,-76,62,-85,125,116,-123,-55,-73,14,113,-140,54,-123,66,-36,-47,-88,87,-65,-85,-27,208,194,-113,92,45,111,263,68,55,25,-20,-33,144,-62,7,201,-13,10,128,34,102,31,-85,156,-37,31,117,71,142,60,144,-22,121,-6,85,196,-29,70,-81,58,109,65,-46,-19,-7,28,-25,79,16,-32,-52,-77,23,60,215,-213,120,59,12,88,263,113,142,53,-54,-58,-132,16,38,-123,76,-2,13,4,83,78,-91,-25,-5,-95,46,189,151,6,-110,-27,-163,189,92,-17,168,158
122,-112,49,-78,87,-55,163,39,118,43,103,216,-29,137,129,-127,78,139,59,160,64,17,38,144,65,-41,32,141,-167,110,93,-139,87,154,75,9,-117,66,-36,122,43,93,12,-9,8,229,-45,151,-19,172,160,-68,40,81,216,9,31,164,132,117,124,52,-1,250,62,83,-79,134,42,-125,245,41,58,-59,104,-14,103,19,-28,-102,-122,172,102,105,-37,-70,97,6,149,63,46,96,-39,23,-18,145,104,-64,131,161,27,99,93,113,-58,129,96,105,12,102,181,8,183,47,-66,-113,150,244,63,29,25,19,89,47,10,89,6,101,57,-92,97,-53,17,100,91,-142,228,-40,-179,134,191
-113,-87,91,-25,25,-110,141,105,-20,18,145,137,120,69,-88,-34,28,-109,-96,20,0,-75,20,-45,114,-63,165,136,-23,148,49,-50,-196,31,62,123,96,41,-70,159,-43,-27,-18,31,-142,64,16,8,62,204,-69,18,-61,80,163,92,91,-25,-39,119,15,227,-26,75,57,-123,0,-107,1,-30,87,28,-60,32,-109,-184,122,-10,84,-110,32,115,96,16,80,10,-88,54,22,-29,77,135,134,-34,3,277,120,114,33,19,30,-90,107,-6,63,-36,-190,21,87,74,111,38,88,-89,-25,243,179,-32,144,-104,9,78,-80,91,-81,-45,92,267,-91,98,8,30,-135,115,140,-64,112,62,-58,-51,-116
157,-32,113,-39,88,-17,-165,265,72,-12,-42,18,50,-11,-21,84,-74,-58,-31,-74,55,105,-69,74,24,18,-19,-99,234,39,107,2,-39,-14,153,44,102,44,58,-114,84,89,-83,-71,73,-72,-175,118,124,-45,-175,49,-74,22,51,54,-80,75,19,-24,-75,-19,117,-115,25,253,-17,41,22,-65,-7,193,150,-27,-98,128,96,-112,-40,-8,16,-141,14,-30,80,49,51,-109,145,191,61,65,105,54,159,5,177,8,0,-2,-79,-141,-161,-31,41,-111,-94,-3,51,20,-122,-10,-50,108,64,-72,-54,-22,-130,-79,64,-1,20,-8,87,101,-28,107,-18,49,-54,79,-69,-1,-64,56,54,-12,24,-22,19
-40,148,45,-21,-132,103,-63,112,105,133,-70,145,37,-36,56,-91,-22,-72,12,-8,-16,-4,63,116,105,301,119,-50,134,84,-55,1,-28,116,213,-57,153,39,40,-15,-1,23,-132,176,-77,22,-56,70,115,101,-70,101,61,210,173,99,12,6,-18,143,2,57,86,-3,233,49,-58,-29,93,75,57,116,195,78,246,15,67,31,89,19,-87,23,20,16,108,-41,124,12,63,42,79,52,-105,-53,-151,114,4,102,19,52,153,-45,83,20,50,-73,273,-10,-9,-48,2,52,-110,60,203,-20,-79,155,63,256,-7,246,164,56,258,-49,284,17,199,-54,-3,58,180,102,128,-26,-170,154,269,-10,167
174,-21,50,249,240,162,143,165,-31,126,-11,361,173,166,85,149,-54,172,63,84,-58,54,107,146,-33,30,177,8,95,-67,151,-56,120,4,67,149,104,165,-63,77,217,-39,78,41,77,152,0,153,207,101,-50,-160,-234,-31,135,184,114,355,59,-75,38,28,71,-75,62,66,-104,55,238,-79,-22,271,147,64,125,-75,57,16,142,97,-20,-197,89,87,-111,134,-58,31,112,37,3,123,-22,200,307,335,51,45,105,113,-145,27,150,190,102,123,228,79,-27,-48,-74,-112,194,113,-87,83,29,-78,-72,-112,-58,-15,217,98,-13,214,-13,54,38,-14,89,154,-20,-103,123,42,224,136,-116,-60,146
-104,-92,-252,-139,156,-60,16,-43,-192,64,47,147,56,-156,-31,-60,-20,-48,38,-88,33,54,106,13,-12,168,-7,35,70,-113,-2,111,-202,99,50,220,-9,-58,-11,215,-122,41,-113,128,136,-60,45,151,-64,30,103,-32,-5,-61,50,-12,-10,183,-65,-95,-40,-102,-154,-25,63,-154,-22,174,-23,79,-4,-40,86,-9,103,-39,-142,62,-54,1,160,186,130,104,86,79,4,228,58,-97,20,212,13,27,129,106,106,234,11,85,268,-63,17,-84,97,33,113,-127,-2,-81,129,-2,-99,42,-7,-20,-41,-24,114,28,165,-28,-72,-20,-4,-60,-149,36,59,-46,96,-74,-97,-48,206,90,67,-37,125,-21,43
51,121,-77,-114,-77,-40,-147,-75,-59,-50,-10,-10,-12,-17,18,60,8,148,60,-4,-33,116,249,45,-8,77,-9,-70,97,-23,160,94,-162,-169,-128,-39,0,34,-6,-127,-14,-4,-48,-38,-9,-37,-85,-51,84,216,-70,-15,11,-58,-34,-38,-91,106,-12,-47,-62,0,56,-71,-91,47,-65,114,14,-208,84,96,-40,-78,126,10,122,34,-227,60,88,-149,-95,124,121,106,189,38,-36,40,0,31,-81,-57,55,18,8,-206,-10,-79,-214,35,-10,112,-172,107,-75,-74,-93,-89,-22,-23,-43,-115,-26,7,-130,-153,-129,16,-42,25,-64,30,82,-46,-113,44,53,198,-14,93,-32,89,13,-75,-7,118,-56,98,48
97,0,147,-89,54,-14,-79,206,98,92,142,83,5,35,-31,-76,98,-139,33,-43,-1,-98,-72,264,24,137,123,101,104,-233,27,-79,113,32,41,59,108,-61,94,47,-10,118,-4,-67,157,-105,-73,92,227,-3,119,14,27,136,16,28,-82,33,24,160,-39,128,182,-91,-41,109,-10,-37,-106,-5,125,-26,130,-52,86,5,-63,132,-95,131,-55,-110,-47,57,7,95,-103,240,144,258,4,76,35,-132,111,172,114,-6,-7,56,126,59,-162,293,256,71,114,85,0,-114,-30,60,-123,-11,7,161,17,-198,-84,177,4,17,25,-50,30,121,-56,157,16,-35,71,16,100,32,221,55,183,-19,79,218,20
-36,106,-55,-12,218,266,-42,-15,-50,-94,-40,-221,-93,-191,187,68,-17,-47,-79,167,64,167,45,46,24,140,44,123,139,60,-184,177,3,155,116,-11,179,-80,-90,48,58,119,-149,117,-2,4,108,-86,64,-61,83,59,103,69,73,-31,-121,57,-203,128,-7,22,1,-115,11,104,192,111,99,-29,-25,225,19,108,88,-31,-9,54,52,328,129,-37,5,34,-95,-112,129,249,12,-79,-73,-193,-9,157,182,46,175,-23,100,56,-60,29,101,57,144,20,-102,42,46,168,-35,144,16,177,91,117,-111,-42,127,24,186,-8,42,-90,47,-36,10,105,-53,-5,17,225,-15,20,187,159,-40,-58,253,26,9
-82,-88,64,-134,53,-4,-93,45,20,151,-10,38,-79,-49,-145,-148,-18,-100,-90,-126,56,90,137,48,-114,176,36,77,17,49,115,72,-23,-30,-112,-20,115,153,27,165,-112,-50,87,-19,5,-68,3,78,78,19,60,0,-43,27,-41,114,-22,50,109,-39,58,59,-133,-176,-142,-185,155,-170,-59,-47,53,-45,-156,136,27,-63,-30,169,-22,4,-80,-92,209,28,8,182,-9,154,51,36,35,181,166,-89,84,-93,103,17,-32,7,12,-110,-54,177,180,46,67,-51,-17,104,111,71,-286,39,-39,-89,-106,-8,-87,-47,64,100,44,-36,10,65,28,10,22,41,144,-27,-32,-50,-55,97,257,84,47,33,-44
-35,126,-107,113,89,201,108,40,147,140,-80,159,-18,-162,-22,198,71,104,94,168,-1,135,-19,80,-154,12,6,-40,278,20,-60,-110,92,128,5,127,46,73,123,-135,20,-71,59,96,101,23,30,-4,13,6,-106,-29,-50,5,-3,46,-37,-34,-61,39,14,69,18,30,-150,130,302,24,127,29,30,250,200,35,140,74,7,94,-59,-155,75,-105,-61,85,-75,-66,-9,-147,98,75,-102,-115,4,73,-92,121,67,156,-31,-45,84,144,-16,47,-66,29,72,-85,62,-65,51,-201,122,32,-14,9,-61,199,-47,109,-94,-82,96,10,40,192,109,-147,1,-45,-141,165,120,44,-57,264,95,187,121,-105,59
