34,-15,73,50,-89,36,-62,-18,3,90,-17,-30,59,-4,-51,-61,-16,-64,77,67,30,89,-47,102,36,-83,44,-5,9,22,33,-4,113,15,112,70,84,54,45
-5,9,56,77,61,44,70,53,66,-83,-27,-22,38,-31,74,-71,92,53,34,-6,139,-31,-16,27,52,-10,60,55,27,61,-12,-56,62,2,54,122,27,59,40
-10,9,-13,-46,-48,100,-28,-23,57,-13,-58,34,6,-27,-59,-63,-28,24,52,38,19,21,17,109,46,24,8,14,31,-11,40,-41,-21,-6,108,68,9,55,6
-29,53,90,15,13,-93,20,30,-93,24,-4,29,42,19,71,-42,-60,19,89,42,20,64,-74,90,-2,69,16,11,-22,67,38,-39,11,-41,-29,118,-6,95,14
40,8,20,28,2,66,53,-47,-73,46,-23,42,-31,-26,47,92,-102,-23,30,-52,28,-2,-74,102,-41,17,-103,71,-33,44,98,30,26,-26,19,48,49,-76,73
65,65,-13,-6,-84,67,7,1,-64,-5,-1,-14,-34,-9,64,111,-77,40,72,-66,20,-14,-26,14,-31,43,-25,-42,70,28,133,-27,-19,87,60,-99,9,72,-62
43,73,107,-18,37,-49,-18,34,-15,51,-45,-25,44,82,69,-85,-35,37,-41,63,-54,132,-55,-13,-45,8,28,38,13,20,-35,-28,108,-19,14,57,-38,115,34
36,29,7,15,34,-4,8,27,-75,105,48,-12,118,124,-3,66,-18,-31,52,64,-1,60,-29,65,33,-72,2,120,37,109,-11,-22,174,36,62,69,33,70,56
78,36,131,-46,34,71,6,98,15,53,9,18,-31,-36,84,15,-3,-12,16,-133,65,32,38,76,-73,-66,-3,53,38,58,65,10,95,-5,16,15,12,121,77
36,-31,64,-26,37,46,-37,81,80,15,8,-115,9,59,86,42,24,33,54,59,53,41,7,135,92,37,-5,66,50,65,107,-15,57,-30,135,16,87,34,56
22,58,21,47,65,-19,14,35,28,43,68,-13,17,-9,54,25,18,88,58,-86,53,30,-23,-7,70,70,-37,113,-39,27,142,0,-45,64,-72,-27,19,42,-31
57,-5,136,12,-31,3,32,53,-6,52,-24,-45,24,60,61,61,36,53,20,-51,60,-21,1,45,52,49,-44,123,94,83,45,71,-19,51,4,-48,-30,42,22
-33,-11,-16,47,-17,20,2,-94,-1,19,43,-77,12,56,-23,-8,45,30,-1,50,61,-54,-83,9,11,79,58,-76,26,33,-25,-9,12,8,25,88,11,-50,-54
-111,-70,6,36,75,84,-21,19,-87,61,64,57,49,9,7,64,-73,8,-10,21,-39,-37,-31,35,26,17,21,-36,-60,53,18,39,53,43,-19,-80,46,-51,-56
112,-25,4,5,18,72,90,-19,35,-11,-104,108,57,84,-5,4,42,68,-82,-34,-21,8,-81,-69,-114,4,19,-38,75,60,-47,16,1,62,18,-34,6,47,-74
124,27,53,17,24,66,129,36,-26,-36,26,43,13,-9,77,6,21,23,-47,-12,53,162,-4,3,-48,-65,-19,59,21,108,72,24,25,86,52,41,53,94,-3
32,-36,68,-9,-22,85,-74,21,100,-56,14,-134,-29,54,23,-3,4,67,25,59,-14,57,22,-7,47,16,54,5,-2,15,32,6,46,59,42,-53,-15,83,7
84,-6,-2,-27,-30,50,24,-77,4,-66,-60,83,17,91,-69,-13,-14,40,-113,85,-1,109,-62,-35,-70,83,21,2,29,7,-32,49,58,49,27,35,-30,55,-25
21,8,73,90,41,-8,21,-62,-25,65,56,69,60,-93,-79,-69,58,-79,-69,-24,34,65,-14,26,-22,-7,-29,-52,17,-35,18,67,70,-10,-13,86,111,-80,25
-64,-44,-52,-15,53,51,19,13,-6,-26,-54,125,-17,34,-56,-21,69,-63,12,-8,21,-5,-52,-10,13,31,-14,60,16,15,17,35,-25,6,-57,-42,-72,-8,-37
6,-35,-9,-18,27,26,95,-4,-32,-31,-20,97,-17,-67,29,22,-48,20,-55,-126,64,25,-28,157,38,-7,9,-12,-31,4,66,-56,-22,-116,-32,-27,38,47,-89
-44,-80,-27,7,-55,78,-18,16,29,-29,12,-61,59,40,-20,0,-31,123,22,27,-1,-49,-11,65,81,-8,55,16,-86,10,21,7,-32,54,-14,7,-18,15,28
72,35,1,11,-7,-39,65,72,1,-28,38,-19,9,56,42,74,-68,23,-20,12,-34,-64,-17,-64,-69,-68,-60,71,18,65,-64,-4,9,40,-10,-76,17,9,40
-54,-53,-31,69,-17,8,53,9,0,51,83,85,34,-12,4,12,4,29,42,-4,111,-61,13,47,4,46,-34,76,11,25,44,28,42,-32,-15,16,-65,-24,52
53,-3,46,-51,-37,7,-36,33,20,34,-14,-57,-95,0,59,-65,-39,8,-71,28,18,50,-58,-40,-63,27,-66,12,-103,18,28,51,-95,-10,-21,7,-73,22,41
-46,-51,59,-12,12,14,-36,-62,26,-18,-1,4,33,28,30,5,50,44,56,-107,50,-82,-52,2,-63,91,29,-19,70,20,22,95,-103,-6,37,104,104,23,27
-48,10,96,26,57,111,56,95,4,-11,2,-32,-51,63,8,-4,89,2,-89,142,-47,-13,-114,-31,40,57,86,-75,19,43,-138,-4,7,110,25,-26,48,56,22
38,-36,-22,86,-37,47,21,-102,-121,91,-9,88,48,-20,15,-22,-116,-54,-74,19,15,56,-66,47,-13,-37,-100,-44,-50,-34,32,-18,85,-77,-28,-123,-28,-48,29
31,12,-23,-32,-3,79,62,-14,68,-15,-3,-34,25,16,4,-32,43,51,-35,44,34,-12,-74,-23,-71,96,45,16,85,52,4,25,10,57,74,-4,73,36,6
11,34,3,-24,49,-64,61,86,-64,21,101,-52,-44,18,84,88,55,58,70,-77,50,109,70,47,102,7,104,91,-76,59,49,-11,-24,71,-32,43,-33,127,-34
43,88,-7,24,40,60,60,63,107,-43,-15,31,119,2,99,-34,63,56,102,-84,92,-111,16,73,-58,17,32,41,101,90,-3,-62,57,-20,120,121,36,39,90
84,23,86,46,-1,7,79,56,39,-10,-44,28,98,6,-8,-38,6,102,86,13,21,32,5,69,-15,-55,5,84,14,22,58,-27,104,-24,21,87,39,46,73
-18,100,84,29,38,86,7,-81,-62,87,61,-16,-109,4,44,107,-63,-33,-43,-142,42,77,-46,-9,25,45,-33,124,-111,34,49,48,130,56,-72,-30,16,73,114
-2,57,54,50,52,18,-22,18,-29,11,25,9,41,-33,21,69,-55,-38,54,-36,38,-39,12,76,33,7,-38,7,58,35,69,-17,37,18,30,-45,145,-34,-12
-5,10,68,28,3,92,3,18,107,86,50,-10,127,37,-22,-49,107,103,12,-15,151,-19,-8,145,43,32,65,74,54,39,32,9,114,-1,59,141,24,61,68
-31,-59,-37,-34,-66,88,25,-96,9,-72,-105,-21,133,90,-85,60,61,92,129,10,-19,-36,-45,18,27,32,70,62,22,-38,-12,97,-15,117,4,54,-24,-39,66
-8,21,56,61,21,-24,73,42,16,-65,25,-18,30,4,-2,85,72,44,35,-73,10,12,49,25,91,6,35,6,50,-67,-7,13,37,48,21,-48,104,47,27
95,19,-43,-44,-2,57,54,-74,-44,-57,-82,-17,53,80,26,25,54,14,-5,16,-12,81,-52,-38,-88,17,28,-12,92,-41,-7,20,53,43,5,-60,-29,71,23
-47,1,50,99,-14,1,43,-11,-9,110,0,62,32,8,-58,-60,12,-41,-21,24,-3,72,-13,-42,-7,-105,11,29,23,-15,-34,-6,150,-5,48,53,55,41,79
