422,17,54,265,-239,-1,-62,176,24,137,50,-36,121,172,-137,83,-161,158,263,294,206,171,88,148,40,128,70,-74,11,65,4,-119,201,-1,-57,223,87,-34,37,48,53,186,304,122,0,97,76,117,111,-46,169,46,-140,159,-34,161,-92,8,-135,188,411,17,10,114,-87,35,213,238,18,-95,107,41,95,149,13,238,166,95,111,239,167,111,-37,-59,212,158,63,-32,252,174,16,97,-68,266,-122,32,-44,-47,73,2,-185,146,-44,-11,48,-7,127,210,30,144,87,209,45,-83,-6,160,163,-105,220,55,309,58,-122,-97,40,12,43,107,18,95,218,261,-31,19,18,164,132,267,89,29,15,1,147,81,64,323,-33,-79,196,8,-47,-62,114,7,330,87,-111,-161
63,11,68,-73,124,369,-62,67,46,210,95,-111,-50,169,-24,144,-83,84,125,243,-85,24,130,-28,18,33,-100,59,298,58,-95,17,-69,-139,-33,283,87,-28,145,7,55,127,85,28,-43,61,-2,81,196,36,-150,-55,-172,150,-182,140,-27,116,25,22,80,-32,-49,322,84,38,97,66,126,-5,7,-32,107,219,-31,82,-58,18,107,200,-49,131,222,51,78,152,24,250,45,37,256,112,42,145,134,228,4,39,12,87,134,132,126,109,-37,49,-67,192,105,-237,118,62,58,-38,79,255,177,131,41,-82,48,-116,-80,90,-7,4,23,-112,95,163,0,-29,103,5,87,87,-71,-101,93,179,-267,63,39,20,53,171,174,-78,25,93,226,179,-60,140,-66,-26,261,148
105,107,30,-10,44,290,-42,45,130,271,57,24,142,124,100,106,-61,101,8,72,-42,5,-62,52,65,130,41,105,-77,-113,162,218,9,28,150,187,243,95,27,-78,-82,71,-118,147,122,59,-97,38,-37,62,8,-3,58,96,179,208,-65,143,-15,125,-60,-1,-35,193,195,169,106,70,108,54,-28,46,117,-57,23,35,34,-159,-91,15,43,5,82,120,184,-11,10,138,86,33,105,278,66,-46,-20,146,12,60,-149,-10,-171,16,-146,75,-23,54,22,120,92,-54,26,-41,93,121,-112,109,116,-107,51,94,198,101,-76,3,110,-99,-61,-4,145,-38,187,-64,-47,-70,170,-93,153,-264,22,65,-57,-69,95,2,156,-70,-102,6,241,104,100,70,-2,163,10,-4,-15,124
231,70,0,159,41,112,-37,139,149,-23,-176,112,-88,163,-164,4,36,105,-8,170,78,103,-67,74,100,75,218,-128,-69,101,-23,74,226,177,-2,30,195,233,90,17,49,-45,-45,-92,-16,7,-30,-169,-2,76,17,41,9,47,67,59,159,64,-81,190,19,17,40,140,-16,332,0,13,174,107,13,-19,95,133,-253,-6,186,90,44,89,135,-68,72,55,127,-2,218,159,284,253,192,-49,-7,41,240,120,31,74,193,112,236,29,83,30,-30,35,211,-9,107,-45,23,163,-42,-158,96,-14,111,71,21,-62,-34,58,51,69,10,97,-59,134,-69,213,236,18,163,-56,59,-30,-1,316,78,151,-7,-3,168,-56,209,81,-80,14,-26,230,74,251,129,130,233,62,-34,-317
80,-48,53,-17,54,18,3,64,5,156,-22,-76,-136,-67,-52,86,183,46,-173,41,70,-71,33,30,296,90,-74,73,-37,112,5,187,41,-21,-61,-10,-55,-133,8,290,-65,48,-280,51,36,104,15,-67,197,188,-73,152,-57,-54,-3,-36,1,-2,-10,190,201,-78,32,-14,-213,-206,156,-53,21,76,-20,130,-144,15,137,19,-27,4,171,231,252,-26,-40,-44,-40,-177,-60,16,51,47,-17,2,-171,33,184,192,-31,41,-99,58,-80,41,108,-83,3,-62,58,-27,-26,141,186,-15,79,-195,33,43,-154,-98,-21,-59,-119,-95,-62,125,12,21,114,155,21,33,107,-13,-13,-85,-52,-59,36,-204,196,-146,29,-39,-114,26,0,211,-164,54,30,26,46,9,-39,128,-61,-103,-2,-81
-33,298,156,49,158,71,32,63,18,79,-16,-87,124,64,135,-83,-58,141,54,-148,252,-189,120,59,105,-39,-65,38,104,78,186,171,-74,176,187,58,191,-121,-69,-13,-6,53,98,-95,-11,86,3,137,17,13,-29,-142,127,-74,93,82,24,-150,-62,21,-9,-2,-107,-16,67,-53,223,-5,-11,4,182,-36,226,101,-117,28,-177,13,-61,-75,74,106,131,54,161,-36,-130,94,0,160,22,-8,54,-27,-24,-19,9,-32,37,34,201,77,-65,129,13,57,226,90,30,47,-30,-114,48,187,-38,194,36,79,16,76,39,58,18,63,-59,-25,-180,70,19,-211,-40,182,0,213,78,133,33,25,85,171,284,-82,-152,-127,28,5,178,-67,258,107,116,116,-135,68,182,-19,-74,123
4,-22,44,12,59,8,57,-12,116,21,-32,-85,-16,-6,-10,43,7,40,-146,34,4,-17,59,3,-125,198,-63,68,148,26,-159,-43,2,19,-27,-30,102,36,72,48,134,59,-160,-206,354,231,-72,54,334,50,-114,53,-113,292,-73,101,-39,21,84,-88,-104,98,71,-5,53,-89,48,-33,-2,-204,-53,-37,-90,120,-111,-35,-60,229,24,-134,-4,86,-29,-10,210,-2,58,79,-34,-54,136,-11,131,-83,92,113,-36,6,80,78,-20,46,103,5,-109,29,85,75,-4,-136,-72,36,-68,121,71,151,119,-156,81,10,58,-102,141,3,83,-35,258,-135,144,26,43,-113,96,-12,87,118,-1,56,-76,-55,-99,-22,7,-97,-63,27,-22,243,131,-48,-92,4,-194,-82,-10,18,116,-5
168,153,188,-24,95,-22,-122,-50,-24,-7,57,105,-4,16,-135,68,-47,-94,24,169,105,-45,196,105,-46,107,-101,137,-140,-261,-24,198,152,-50,8,73,148,-96,-115,205,10,46,-212,-116,37,-76,-24,197,157,63,-7,6,100,-149,199,84,-24,111,-161,-129,210,-2,-92,64,-85,-16,23,-33,-66,98,-10,35,-138,62,-104,78,80,-66,56,-21,14,23,-136,146,-88,88,2,-17,67,-13,63,72,33,7,111,-238,-30,-20,-88,-7,-31,-75,78,292,87,-233,175,-116,55,6,-84,-136,6,-56,89,38,4,18,74,202,67,-35,-30,31,-98,110,-153,54,3,-84,-16,50,-20,17,-6,101,100,-10,-17,375,-152,50,-83,93,-84,147,144,-62,-124,-79,10,-36,-117,125,80,144,214,46
60,192,41,42,-83,91,-46,143,48,129,134,-44,199,65,66,3,-166,15,2,126,25,-27,58,-111,53,33,97,166,-2,140,-119,-70,10,279,82,-28,-153,-55,9,-20,22,58,96,52,140,67,11,-93,-76,60,14,-53,-112,190,42,71,180,100,17,299,2,133,70,139,-11,-15,186,237,67,-26,-120,73,200,112,-18,37,-85,158,-96,68,47,19,5,-116,18,151,-160,-174,305,-19,258,59,135,5,86,-32,6,9,-7,-124,-104,31,0,84,-115,-35,-17,-196,78,43,-14,3,117,198,192,3,116,-172,-37,1,33,66,1,176,-140,182,-61,-109,-132,-29,87,20,-80,-158,116,-32,-61,39,139,-30,103,158,12,-68,169,10,-44,-141,108,135,14,-14,165,-16,-4,133,-111,52
-179,177,0,112,105,-45,-54,122,-14,80,-53,37,-124,17,-82,-2,215,64,180,207,-13,-31,45,138,55,-30,-57,85,-97,87,-153,72,37,2,159,-37,18,232,-5,-90,-138,-11,-98,-8,-6,85,-11,-28,80,92,63,-86,-182,113,-1,34,44,-14,-79,46,11,4,56,137,122,-141,-27,2,-35,-29,69,13,-20,59,51,-5,24,-45,43,49,44,-219,65,54,-1,-175,242,28,-58,163,-157,34,42,-72,4,203,17,54,77,97,135,-80,59,-125,121,-68,97,-69,128,-40,22,-24,87,-186,-16,-193,-37,94,35,26,65,-43,208,-21,61,-45,82,19,126,72,85,65,168,-21,-120,-74,-65,-50,124,100,64,145,41,-26,132,-4,-75,75,15,-5,108,62,32,8,21,15,20,88
59,188,134,86,0,166,151,264,30,154,-91,108,123,228,-29,117,144,88,-58,179,76,241,139,37,212,144,-16,101,139,65,-51,102,-27,127,219,3,63,-38,75,68,205,7,70,-174,-18,60,-116,-37,87,26,50,84,-115,46,5,120,201,17,131,231,94,-129,240,46,17,128,95,6,-60,114,118,48,178,106,-101,37,89,74,194,189,300,118,79,73,174,6,293,121,190,66,15,90,20,167,168,6,195,-7,64,16,129,46,58,-36,182,90,159,61,65,200,104,139,-62,11,-112,38,50,22,159,163,71,37,107,-201,116,9,-96,-86,-114,199,-48,-39,-12,191,30,150,0,173,126,4,-11,95,259,-171,-42,105,-12,-86,-34,33,125,38,170,193,86,16,-18,-34
164,-12,-142,-108,102,-105,163,118,186,-6,20,-98,-248,211,21,280,-173,-29,117,-36,-91,148,98,-80,75,-23,-45,63,66,41,-63,4,47,-48,-101,72,-51,153,90,67,18,-88,55,25,226,-152,-6,-1,-161,127,52,-36,61,14,160,-238,56,-2,-115,103,21,84,79,-51,36,206,11,-45,22,-66,113,125,41,-30,73,131,35,-32,-74,126,30,-34,133,126,103,17,-155,-105,-69,166,63,31,116,-21,262,-15,68,162,268,-7,7,-5,178,83,71,-125,38,-139,-145,-81,-55,-166,148,-24,285,-101,170,137,141,99,126,-34,-57,206,60,89,-26,-148,87,78,105,43,-103,0,196,84,72,131,131,202,89,18,174,95,184,138,60,157,-246,-84,-127,-71,58,142,43,155,19,141
97,103,-224,-42,20,121,-74,97,-38,-156,110,-146,-83,-7,117,222,86,182,141,-51,72,-147,266,-126,168,123,-122,73,-165,-44,-14,-139,-154,62,-43,143,14,54,-78,35,58,120,197,-44,86,233,-99,78,174,55,-230,-44,-72,87,-65,107,96,33,72,-46,157,-93,-28,298,-129,102,101,88,43,-71,34,37,54,239,-47,70,-113,-17,130,-58,62,-4,137,158,220,93,63,3,-209,31,136,-91,101,183,-266,99,8,-31,58,55,115,15,14,86,-47,25,101,144,92,38,106,-99,186,12,-62,64,-42,-7,226,139,100,162,-71,-12,114,-205,186,64,57,23,-144,105,-14,27,-7,-46,145,-41,26,36,54,88,-35,-1,-75,-20,206,-112,96,-18,84,-12,32,-61,-59,-161,95,-60
151,111,7,86,57,169,54,-23,242,-114,173,144,-12,-108,22,134,-106,168,9,-65,0,167,-206,-27,91,107,166,37,33,163,-13,55,75,-56,7,-153,226,286,61,17,-94,44,14,49,65,123,-5,82,-56,20,49,-101,-12,38,60,53,79,25,62,75,117,61,-113,-16,105,132,240,-33,66,140,-46,175,118,40,243,81,181,-46,-84,27,3,-29,36,2,153,171,102,179,136,-19,140,180,177,164,42,189,89,200,141,133,25,169,-112,-55,94,-98,244,165,17,27,88,54,103,-32,127,-74,-119,-35,15,83,208,149,49,-78,10,90,34,88,30,136,224,29,58,-101,43,68,100,-9,31,156,-42,-3,37,111,199,48,-120,171,51,109,-61,-19,87,-82,183,24,-8,-56
3,232,34,13,-76,122,98,86,212,184,9,-10,28,-99,-7,100,-17,-78,104,-48,-28,87,-29,71,188,128,-74,-11,-131,-146,21,-7,-10,31,-38,-6,-5,14,105,-76,52,74,-20,82,112,-84,31,34,-198,44,62,42,34,101,-53,-4,262,-13,-114,125,128,-97,-1,170,79,5,6,-41,-44,61,43,221,154,-97,66,64,98,151,126,32,9,15,38,-125,200,-2,-25,3,71,81,-96,88,-21,-129,-2,38,-42,56,44,80,-95,46,130,-170,-12,-78,161,53,-54,41,119,-188,-1,41,-48,-75,-53,-38,-64,146,220,196,29,11,67,286,-149,-221,-57,80,13,300,-56,-81,130,166,-98,-108,137,136,183,-131,27,-90,75,261,28,-15,-40,27,-217,-111,95,60,-65,109,4,-32
77,-74,251,175,-102,28,9,34,-20,-50,102,118,70,16,23,57,173,-52,218,192,294,-220,123,-5,120,95,-121,-13,-107,25,261,76,-22,57,123,29,87,59,-110,29,4,-78,50,61,95,23,169,31,124,-27,-220,1,21,169,62,137,-33,-189,89,111,108,-35,67,140,-55,-40,104,-46,-37,56,63,-35,100,137,40,244,15,15,-17,127,81,95,14,103,1,-52,-34,-48,155,249,237,-84,-96,138,-24,164,-116,-69,-91,127,94,174,64,169,77,-153,57,155,1,-74,53,-99,56,-320,-109,17,67,86,-3,-43,80,48,-84,46,128,156,34,-5,-20,-24,8,147,43,76,88,111,107,-247,-97,32,169,-42,-102,-8,-48,128,187,-83,141,-6,167,0,24,-49,-41,13,240,183
227,52,-49,56,-28,42,-19,29,67,-86,145,60,115,45,171,114,3,-17,-121,-29,-14,16,204,-90,7,-50,-38,196,-33,95,-51,-96,-17,162,55,51,114,-39,12,107,195,5,-62,-15,90,38,-186,163,203,213,179,25,-27,58,61,-46,-28,133,-9,33,-56,194,132,33,-98,256,167,73,147,52,-131,179,63,117,-94,22,7,-155,39,23,148,106,39,115,-36,74,-69,-36,30,0,99,52,-28,145,48,-70,178,-84,-124,-67,16,-68,-20,217,217,155,155,46,-4,-19,34,129,-11,100,71,190,112,-16,209,-45,131,6,-66,-36,-121,-203,72,3,6,5,-117,-102,268,64,9,115,250,32,159,13,48,-10,27,76,119,-1,-26,-63,-158,81,81,276,-134,-18,-203,66,176,94
212,111,-154,-16,128,-95,5,152,286,-138,35,155,13,64,215,-75,-242,271,54,-51,1,244,-77,87,201,90,-42,49,-198,-39,147,38,39,-8,42,-126,148,-33,19,239,-55,-47,-25,41,-34,-30,80,-72,-169,-66,10,21,40,-96,268,107,114,6,-51,0,32,-59,101,-134,112,140,-6,154,78,34,25,-19,92,-46,102,80,210,18,261,46,156,147,10,89,266,-91,18,36,29,180,-114,-133,-144,62,-2,2,138,86,-62,67,8,68,113,134,61,-135,184,273,74,95,241,48,-87,-56,11,148,16,46,74,4,21,-73,14,-69,7,-76,181,60,89,95,82,-21,-7,213,133,34,-9,277,-129,-146,49,-16,105,97,-56,-14,-188,34,12,238,79,116,93,-97,-15,-90,153,35
159,153,-19,12,42,121,5,24,-109,-2,-20,136,-23,-6,-29,41,84,69,1,113,-4,114,28,12,16,-68,55,-83,-211,79,29,-38,-94,126,-53,5,139,69,-169,-116,-204,43,-10,217,28,42,132,116,15,20,101,-13,77,1,-31,35,47,-25,-54,-81,50,-39,66,59,-184,202,59,-58,65,99,-70,132,147,92,-75,75,-74,-45,141,-93,64,-17,22,50,51,-134,41,-162,134,22,3,-97,5,-32,-139,84,-149,13,37,17,-53,-98,-31,-17,95,1,180,-113,12,90,15,11,106,-217,-62,18,124,-237,-60,39,158,-11,131,167,-187,107,207,-130,11,74,157,0,197,137,-5,-47,203,30,-62,-68,204,-116,175,-98,27,22,123,-94,-74,132,-6,-42,28,-23,-25,37,78,-45
237,84,6,9,-123,73,140,144,27,76,91,66,82,25,100,47,123,-27,-197,87,-39,68,159,-27,200,-105,42,96,-146,125,25,-90,197,99,49,39,48,92,209,-50,-92,137,50,151,-91,17,49,185,138,-47,38,205,-72,43,-3,-61,-46,183,-6,44,266,-106,17,163,-115,108,-35,-6,-137,23,54,68,144,65,138,93,45,-105,111,117,97,93,136,-99,124,173,43,177,369,-22,-57,-107,-82,175,-36,111,51,23,75,34,93,134,212,102,-89,263,57,199,129,156,135,14,-37,-146,69,32,95,156,42,33,10,87,-35,110,5,-69,64,171,75,175,31,73,202,41,45,204,108,133,113,102,33,53,317,-72,265,165,-97,172,130,113,57,-87,198,-87,150,25,123,142
-11,162,-38,128,119,144,-22,18,20,-91,105,118,13,185,122,129,-128,50,28,20,-100,-77,101,-13,218,125,102,130,17,-7,159,44,90,-39,141,-15,72,99,25,22,28,21,158,284,-13,34,137,-79,-102,54,70,-53,58,-59,-63,102,2,-60,138,46,-74,99,-139,-12,6,62,103,82,-52,127,-88,96,40,82,180,-30,137,-73,59,-119,18,-31,23,-72,-33,128,-182,46,-43,41,126,82,217,25,-119,70,66,37,-103,-22,160,136,63,-15,-10,-38,91,-9,83,19,74,-25,282,-57,-125,27,145,-72,90,93,73,101,-238,188,205,151,-171,-193,32,25,49,155,-24,75,133,-43,200,-106,29,134,117,30,50,70,-13,68,-219,-109,-12,-68,249,66,84,-2,78,90,99,35
53,169,-16,-65,174,72,129,3,167,29,-78,68,-190,253,-13,21,-50,203,75,225,144,-94,59,91,95,46,-182,100,-63,49,57,33,-143,-50,77,48,153,84,-2,-49,-230,-29,-125,-138,18,90,29,30,124,-90,180,-68,108,12,-54,41,-2,22,-186,-41,62,-53,-146,-51,-36,179,200,-111,-99,56,-45,-95,51,109,-14,-2,186,-164,58,1,69,-5,262,53,-13,94,120,11,230,32,228,52,-57,-249,47,98,-14,9,3,98,158,126,37,-105,-38,-18,148,136,116,-20,-30,115,40,-168,122,305,47,106,38,84,182,222,70,15,-117,142,-92,122,-12,110,50,255,126,-90,128,112,140,-10,-68,162,-21,-154,-9,-68,25,130,121,94,-348,104,-112,242,-14,228,-28,9,108,37
-40,-88,-8,-215,-78,1,33,-24,-86,-23,-35,174,37,121,-70,55,-65,23,-142,117,79,220,273,-16,-23,17,-21,-108,97,85,277,74,56,-36,-164,-139,26,-62,-24,114,-38,-101,21,-100,62,-148,-62,63,158,11,-53,-90,-13,-90,67,-3,-16,0,43,-202,134,-144,236,-67,-5,26,24,194,208,22,67,210,-43,48,-192,-115,138,130,38,-1,-22,183,205,-92,-58,-63,-10,-4,-135,204,1,-10,-2,84,-68,-94,129,135,-34,-3,-6,300,2,17,114,-95,-48,109,-126,-113,-135,48,-111,136,231,-185,-53,-163,-10,-54,202,22,94,-204,-103,160,-4,-168,-10,35,-27,95,-55,-6,198,23,-81,87,73,-45,-11,37,37,107,-7,-171,8,-16,131,-102,-65,84,-10,127,62,57,272,-88
-184,-10,-32,-221,-74,-100,97,225,-128,246,-55,41,54,150,-105,-257,-57,-63,-15,90,-100,-108,45,172,223,99,-46,97,222,61,163,1,-163,39,-34,-68,-96,-47,116,-83,98,10,41,-72,119,120,179,32,74,3,112,206,-68,27,-177,44,-31,-36,36,34,230,90,1,167,222,-70,219,-72,56,0,215,8,43,136,-47,34,-24,-127,56,-53,-66,143,251,16,-23,-130,31,131,21,9,69,58,168,-87,22,-174,-67,25,47,63,-18,248,175,-67,-121,-17,-140,48,9,76,94,56,180,75,200,108,-10,127,220,-25,-15,60,-35,63,-35,59,90,13,-22,84,-141,253,-60,50,104,101,-93,193,50,73,-112,71,118,-10,-133,269,231,122,-23,108,-82,-100,-95,77,197,106,32,62
116,-103,83,-218,73,102,88,184,-96,-195,200,196,53,32,47,12,-74,214,80,178,181,100,181,-15,-35,-83,-67,-101,3,-12,-77,158,71,-75,94,20,56,-10,-83,-137,-79,109,-68,77,-40,-42,-108,-12,-8,-49,17,-132,228,163,32,131,-34,-158,182,-19,158,215,145,126,-3,220,-21,-16,14,153,-53,172,256,25,25,190,-18,0,-130,76,-31,-158,185,36,-34,41,26,101,36,56,190,68,-34,124,177,95,93,34,177,-53,290,179,-6,21,185,-62,48,38,85,31,41,-83,-30,74,51,-195,79,118,77,56,101,-148,-80,86,-127,160,41,38,87,70,108,85,100,104,7,-117,-8,44,-11,31,70,264,147,44,122,33,85,23,90,124,294,-61,3,108,20,-60,29,82
12,92,-172,60,86,104,165,69,-29,-235,148,44,76,42,-52,31,-102,-103,-100,-73,-33,184,31,-53,52,111,-66,178,60,-86,-77,-93,86,-68,188,15,127,155,93,-202,-129,115,3,6,206,15,82,140,17,80,-51,-14,213,159,101,126,197,-8,122,66,93,18,55,66,205,81,32,188,-25,79,76,-13,7,-13,89,38,219,-163,-128,43,24,29,-126,20,96,47,40,-87,-17,89,42,117,40,-125,158,156,-110,65,178,-16,184,73,85,-118,-112,-24,24,-12,-28,-94,14,-54,104,-31,-51,23,218,0,-101,32,-11,145,-36,150,10,105,118,-59,178,-37,71,158,27,-95,67,58,54,63,-8,165,78,96,-88,-51,-108,-94,39,225,-59,31,33,-12,50,-99,122,97,195,-34
98,-216,15,92,-113,129,13,55,118,-92,-58,201,-154,43,-38,-19,101,-33,-81,-10,79,-5,-69,-57,-44,0,155,-84,-19,-7,-52,53,66,-40,22,37,58,28,58,-43,99,17,-72,4,-73,-60,-30,105,154,-35,-151,-163,-63,34,-108,17,96,22,189,-178,5,-73,-78,98,-83,243,105,-86,61,-91,129,-107,-100,82,-151,15,-172,281,136,55,28,97,-20,-14,177,-111,-22,15,-65,-120,181,98,-42,-21,171,-130,74,-2,26,119,-14,51,13,-75,-46,-30,-24,185,-66,-29,-30,26,-96,-73,-28,145,-81,31,-113,-80,18,3,66,-99,-62,81,-22,34,-37,-208,95,40,132,-175,-23,47,-78,128,-6,-70,-120,-23,85,-70,5,-100,140,-18,-113,42,4,166,59,261,-31,38,-41,-46
1,-22,-18,-2,126,56,-257,70,-7,27,227,25,148,280,-70,-24,59,180,32,78,-97,162,-70,79,211,165,83,217,17,101,-211,-120,-109,58,-77,90,51,150,160,-87,298,-37,25,-82,-69,162,-220,-112,112,115,97,-127,187,105,172,100,120,158,-4,37,-16,121,104,85,-99,115,88,-60,-139,-69,-72,-90,-76,-24,-72,173,-172,-25,-79,31,144,-136,284,66,227,-189,8,-82,5,151,122,28,1,123,-4,-88,-111,188,-17,96,56,-143,-76,157,-117,-149,84,59,-35,-3,-153,-163,45,69,59,24,190,-11,176,252,220,36,-76,197,-63,-22,227,-29,-86,112,-113,58,78,215,153,38,163,106,228,197,-27,-14,76,-32,10,37,69,-24,140,-96,81,82,-22,16,103,-50,32,52
72,-109,0,134,91,96,-101,141,67,17,121,5,-94,394,200,215,2,26,-39,172,-4,152,-53,27,18,169,-78,30,-224,21,-23,108,-19,-83,249,19,241,25,102,18,-64,89,-92,214,164,-80,-225,-55,101,-91,-117,-50,227,109,-60,111,90,188,84,-86,54,158,54,-82,6,106,217,102,119,-13,64,44,64,193,34,12,58,124,13,103,-59,-70,-11,-117,103,148,110,317,172,38,-142,-41,-74,100,-43,30,83,44,101,141,97,-101,-69,105,14,209,-131,84,34,-113,-133,73,-74,4,-75,50,178,19,155,72,-43,-65,-109,67,-3,-98,112,-149,-69,73,-31,81,3,87,206,109,-75,-108,-42,14,-51,119,149,-68,141,-72,44,159,206,-77,179,86,-6,-19,159,14,71,313
87,-93,94,129,-2,20,46,-185,83,84,103,73,59,-62,56,144,104,-105,42,26,-31,83,140,70,88,163,-120,192,-12,-53,118,137,19,31,-30,15,128,33,28,-56,54,-58,146,192,67,13,-28,340,118,-129,36,238,-3,-26,291,-74,174,5,9,36,56,24,73,41,-151,32,0,118,64,-17,-160,-103,-4,-197,79,19,150,-111,127,-4,97,118,37,126,-27,110,-24,144,-34,108,31,-102,36,111,181,4,-18,-106,-7,-10,29,-1,120,181,252,75,34,-80,141,-59,25,88,-57,147,116,72,158,-87,153,205,104,16,132,-47,179,28,15,-83,81,-49,16,188,-200,186,220,71,-43,-9,-59,188,-120,-34,92,68,104,147,17,-38,-20,10,224,83,73,121,5,-25,-73,148
20,46,91,-25,-100,31,98,23,25,180,69,57,28,162,206,155,9,194,-22,-61,126,247,49,69,234,98,69,52,329,170,32,173,99,107,-53,34,109,40,0,109,69,1,-2,55,148,151,64,137,116,120,0,111,-136,66,236,134,58,186,110,-105,42,65,195,50,17,92,116,142,-96,-76,185,-51,36,35,-46,-92,-81,40,38,264,299,-9,92,138,234,-82,116,114,35,172,124,107,19,142,159,101,-33,-79,103,14,-8,166,110,-62,67,168,126,-9,22,-10,130,118,-56,-123,82,218,99,100,133,-21,288,-136,-2,-41,252,-88,162,-209,-23,238,175,-70,-146,120,119,95,21,184,59,53,109,12,142,73,26,-5,38,52,109,-218,216,46,-32,190,65,-41,206,100
28,-109,117,98,69,188,127,108,13,-130,53,-125,88,98,51,-62,-170,86,-105,104,226,5,134,11,177,229,29,184,-106,-12,74,-83,-49,-51,-40,97,107,48,60,120,146,112,-4,96,27,192,-131,-73,-6,60,178,-19,340,174,-51,72,194,132,119,-56,23,-53,61,-40,-122,124,122,113,43,-43,-184,-1,-134,-27,285,128,-91,52,-27,-13,54,7,102,-67,25,89,-9,42,122,-183,0,4,75,54,-78,232,9,92,-25,-18,6,-138,134,88,-10,-123,60,50,22,123,95,-111,105,-25,-86,70,-41,-95,164,-24,144,60,-104,110,93,188,-159,-114,-17,15,-152,47,16,196,181,-30,231,21,-18,37,-4,-44,-93,-12,-53,155,-99,-110,99,-28,35,-32,-24,-94,155,83,76,10
20,51,32,165,-122,100,33,184,185,51,100,38,-244,75,24,14,7,181,-84,251,41,53,306,190,79,86,-99,-22,39,-79,-3,114,-36,21,240,-164,49,144,94,135,219,38,-14,158,181,-16,44,138,132,108,-5,-31,118,18,-102,70,160,260,151,40,137,81,-193,85,37,-160,181,-49,81,154,47,41,38,67,-20,-16,14,-86,138,112,18,45,61,123,-82,35,-108,-49,92,-28,76,-91,-214,234,48,-80,28,-81,85,96,-55,-43,35,35,117,72,-19,68,64,-174,113,43,224,-146,-127,156,103,74,115,-55,-118,-128,6,73,-77,-183,204,-60,-3,-76,69,193,56,-78,-40,292,-2,-89,212,40,-126,3,-18,267,42,145,76,52,154,171,15,-31,41,-63,7,64,108,95
297,44,-80,90,79,90,4,172,144,-110,23,190,-19,100,-24,101,-168,-43,59,182,2,-7,63,38,-68,-52,-8,155,49,48,147,109,137,44,57,133,230,163,41,70,-16,-59,102,-3,111,15,-3,166,203,158,-97,82,235,32,185,6,83,208,-105,217,212,0,55,161,-163,51,140,214,193,49,140,98,130,100,-101,295,134,7,73,275,237,21,110,72,59,-8,-190,-26,277,123,-8,-161,-38,115,179,21,11,75,21,28,75,25,3,323,227,-29,174,-112,-218,-9,-36,-120,183,59,214,72,-13,-128,146,-37,111,97,-3,194,-6,-222,161,63,-30,-187,121,-111,114,-9,42,78,172,148,-28,106,-88,116,161,86,170,97,16,233,216,134,-33,183,37,106,223,-95,96,7
-27,-280,32,178,1,134,95,244,-102,77,49,64,137,66,-46,192,-4,-55,101,42,73,13,147,54,-61,134,-90,50,49,-15,-100,-27,-32,6,51,179,-19,100,96,-13,24,33,145,102,91,-56,-22,0,105,-65,171,51,-19,455,70,283,113,-62,65,66,300,-98,72,72,26,185,8,232,-2,-14,14,27,-5,66,-26,285,-51,-9,-2,147,111,-128,79,19,-47,149,50,238,-1,45,41,128,-60,19,81,-5,-52,-70,-48,73,-96,60,-64,-47,21,71,51,99,124,16,-62,1,-96,82,-30,-6,102,-166,73,-29,154,151,-109,22,96,-2,138,-22,-35,93,-246,168,-14,250,54,138,85,86,68,-25,-159,-146,108,4,26,-100,55,-153,136,-118,118,22,169,-95,320,161,25,-49
198,87,42,141,74,17,-165,-27,-109,97,-48,83,64,136,-34,-33,24,-250,53,78,-15,128,-170,32,113,-25,-125,242,32,61,162,-97,227,91,50,152,64,129,51,130,22,72,185,-167,-33,72,77,36,-21,177,156,-119,10,-83,-18,88,111,-114,80,65,102,-191,-76,168,-36,-3,118,70,58,85,-69,24,-53,206,269,-83,145,6,236,62,68,156,27,49,65,68,10,13,158,67,105,66,-8,104,56,16,-13,199,-34,30,155,-14,266,184,-151,-59,76,-6,-4,20,92,122,349,54,132,13,107,61,157,-73,1,72,-28,-52,40,130,38,57,180,3,184,-18,-39,-14,-54,49,-69,7,305,148,-2,14,14,-31,16,128,-186,-19,-46,24,177,183,278,102,5,233,-78,55
-4,147,-85,-69,119,-124,-76,-10,-18,149,2,-80,-27,226,-34,76,-45,120,56,173,57,-5,89,-131,9,47,42,85,19,108,-124,7,63,-7,-51,-70,-34,-37,111,-31,44,-2,-77,-168,89,-93,-103,31,-54,-74,-57,-6,-57,-66,-37,-117,12,-24,-79,126,80,-14,31,-176,130,-162,119,138,-85,-22,-81,72,-26,6,31,-2,-71,101,-5,101,-59,121,67,-142,-156,-78,-35,-201,1,127,-80,-52,121,124,25,140,-42,-38,-7,-34,60,103,104,-176,-5,-71,-86,151,106,122,-23,62,-100,96,-116,-80,22,86,-108,75,82,43,15,84,85,16,0,-208,59,39,12,148,-80,-21,-53,-80,-118,61,-7,-108,182,-107,-90,32,56,-35,-89,-84,-70,-112,82,-203,-8,-33,-116,-91,64,-34
215,71,195,-96,47,35,187,52,12,4,113,-40,166,0,-23,-66,-53,-84,61,148,76,53,169,-201,-32,-7,-56,91,77,60,248,4,33,-18,-44,77,-6,212,-24,58,94,127,148,-20,76,91,189,81,52,155,19,66,118,235,15,40,111,-133,57,278,189,3,14,-88,-18,260,-28,46,41,28,-66,5,-51,115,-33,128,47,-150,55,158,151,288,-114,133,-187,24,45,-159,272,51,121,-68,-8,161,-64,14,-21,149,7,-68,257,80,152,47,122,-124,20,-129,-91,147,-55,-32,57,26,-42,78,-23,163,-89,91,204,162,2,6,80,80,93,-178,-146,142,-128,55,28,109,-25,190,98,138,-94,171,-93,61,4,-25,167,156,216,42,-198,-72,-79,64,296,30,-132,27,269,-71
-26,233,-14,113,5,33,-23,133,-93,63,-36,-141,116,225,-1,124,-100,216,144,143,103,136,134,67,12,129,-42,66,221,149,88,32,195,160,-88,11,86,81,105,184,28,102,82,34,114,89,34,37,30,10,297,-74,56,32,187,159,130,28,69,35,79,69,57,-4,167,-61,43,176,200,151,24,40,-76,-27,37,-101,72,208,-80,-29,131,-59,142,-18,177,47,10,-101,260,50,113,91,208,84,-47,170,41,260,32,63,160,52,51,110,0,92,49,38,120,134,38,18,256,79,139,-5,180,133,105,10,115,-48,-48,58,69,-56,148,-89,-116,122,50,16,27,148,-13,68,132,111,100,183,90,201,-59,82,-28,-121,-165,-42,76,-134,-31,11,118,35,153,57,41,32
46,-44,87,-72,22,-88,-21,140,-116,69,11,-46,9,95,-12,-77,103,-13,-66,43,133,-29,-7,-145,41,212,27,76,-185,81,-16,-51,-8,-48,-43,76,60,33,3,-71,64,102,-190,2,5,85,11,-246,-33,82,-19,-36,217,-86,-33,11,-174,-44,25,-65,-120,184,-18,-6,-44,66,117,-93,-204,-135,-74,-42,-77,41,-52,78,-134,148,-123,-67,-85,105,-70,10,6,-65,-35,-134,4,-153,14,-156,36,-41,-73,-9,-103,67,-101,50,142,-60,51,53,-380,-104,1,-31,164,108,-112,-140,19,-43,-165,80,165,200,155,135,-81,-67,-345,90,-72,-88,-137,21,-47,-159,29,134,43,-24,177,-75,37,138,63,38,18,-12,5,-134,-141,-41,2,114,-17,-168,148,-94,56,-19,110,106,-33,-54
-5,107,58,-30,33,114,57,49,-20,-34,242,113,65,-157,111,91,-16,-172,319,-3,-13,77,84,-59,-23,75,-70,-24,96,-7,-21,-36,-34,-47,167,-51,160,-18,111,67,68,64,222,-45,-60,77,143,74,-164,317,85,-7,-1,-66,-15,-83,-22,21,138,27,270,76,27,125,48,-74,159,-14,150,103,135,64,123,116,-45,234,7,-172,-1,30,141,-151,-28,23,-142,134,-211,-8,18,-26,30,-124,70,-124,20,-126,99,-208,115,-109,4,-101,56,179,53,90,179,-142,-114,-136,252,27,19,130,-127,-11,78,60,96,6,103,-38,-286,-80,60,-91,77,55,143,44,77,-16,-33,51,45,-22,134,258,95,-69,89,87,17,-19,-67,122,130,45,25,144,214,30,59,179,46,18,104,-78
110,128,37,-133,57,35,103,125,100,174,78,140,-83,-7,-23,106,-120,38,-136,19,59,212,-114,-74,3,104,-132,-30,-36,-4,-21,43,54,-130,79,15,-15,154,98,253,-195,-47,-121,-46,16,-76,-8,-36,-97,330,35,10,-29,-14,-66,-53,52,72,87,-43,13,-117,130,-91,52,37,74,-19,-6,40,-9,-113,-192,41,-38,-206,83,-13,-26,11,205,72,3,-102,118,-70,-181,-35,251,-99,-59,19,76,-153,64,31,32,149,136,60,124,29,-41,69,35,49,-81,-122,21,61,-47,-29,-17,-62,-159,16,-63,116,-102,-89,-34,-69,132,-109,-38,17,111,-138,128,154,81,-96,-57,-150,-62,-35,-143,-43,-100,-132,44,-30,20,-167,131,-141,-155,78,98,-7,-71,62,-52,-100,28,-42,-12,-179
-2,0,5,-77,-59,103,157,-36,116,-92,-283,-4,71,-100,122,60,-58,25,-14,-57,12,-17,43,17,118,-57,50,-132,32,-127,137,131,162,107,-21,-14,-41,140,-42,65,-96,136,28,221,-3,120,68,99,45,35,68,103,87,-89,85,-3,17,-12,118,91,168,-213,-87,82,-3,59,-24,198,0,74,99,86,-10,26,67,-263,-1,-97,32,-3,-89,43,113,35,192,-76,48,165,-34,-33,-259,-80,51,-104,46,61,-12,-50,-252,21,86,29,3,148,203,-15,251,-58,8,-45,159,1,53,49,35,67,72,-151,128,-86,125,-33,34,107,-36,-125,-26,165,206,42,-56,111,-32,250,56,-5,2,-26,-16,-4,-81,25,14,-101,-43,-5,145,-32,-31,-113,28,61,-6,68,134,-110,128,-132
-64,82,105,43,27,14,259,71,-23,-38,-210,113,9,137,65,-13,-218,-91,-71,12,26,197,127,-59,93,-135,-41,9,84,49,-30,38,139,124,87,0,197,102,-69,149,-50,221,204,-81,18,-131,112,-99,-77,159,96,79,4,67,-23,220,1,-54,-12,237,12,-109,146,135,13,109,132,35,46,107,92,125,18,-36,113,72,8,1,35,83,317,-361,136,-20,216,80,-154,-14,125,-139,44,211,-49,-104,28,-46,129,278,23,-187,-94,5,84,111,26,-57,73,-38,-37,185,149,113,266,-10,184,-154,62,-245,-30,33,61,43,30,13,65,55,-5,-139,-26,33,-21,-187,49,154,94,99,195,61,134,-23,-151,86,202,-69,143,-8,8,194,192,210,-134,228,-8,120,203,170,42,113
55,86,166,24,30,271,-105,370,122,-122,140,61,43,-7,206,-101,-53,87,217,308,-98,-120,70,34,-51,0,155,54,85,54,58,-126,134,61,20,-70,31,98,172,26,15,-210,-254,-34,124,24,-142,-35,-57,265,69,-108,16,21,202,-6,201,43,-20,50,176,-15,60,-14,159,110,116,138,177,36,-29,125,-122,85,-63,207,96,25,-137,15,-58,124,-29,51,-77,131,77,-23,187,75,81,-208,115,3,-58,72,-62,-15,226,-61,194,254,56,-1,91,-131,283,69,33,32,50,-96,-85,142,141,-3,38,1,183,65,215,248,3,95,49,67,85,1,45,142,70,198,-51,-31,-13,55,73,97,-23,-6,119,30,41,-56,102,-163,-131,23,291,-36,66,-112,17,80,123,30,49,-17
-91,-73,-115,16,14,73,110,73,28,-21,-75,136,-40,52,153,-79,-2,45,140,52,-89,135,-53,134,-5,57,45,64,-10,19,9,-233,72,-281,160,139,105,-46,127,-57,-45,31,-107,155,11,42,-1,116,-136,44,-5,-101,100,124,-70,0,75,-89,220,-109,-20,5,240,111,187,163,-4,182,-94,-43,123,-10,-162,90,-31,89,87,206,-68,119,8,-33,215,176,-18,24,33,31,-108,-39,-72,98,-105,31,35,117,133,24,60,200,-92,-93,243,81,-12,-102,56,65,63,-24,-44,79,44,18,76,-25,1,18,45,42,23,55,184,-108,139,76,2,-68,274,37,-72,47,-37,-36,2,124,-85,140,-75,-68,-120,147,176,-2,-135,45,-61,118,76,-21,74,113,-29,7,-62,61,-38,123
-286,9,175,131,87,0,2,-40,49,-75,55,-25,87,-71,52,-36,210,-153,110,106,-40,164,19,-80,187,2,160,-39,-29,152,44,71,74,17,65,7,30,-8,-97,-18,134,109,83,-10,25,124,-9,86,-5,40,51,153,99,59,-30,48,184,-2,-57,67,142,-70,218,139,92,156,136,58,-16,-76,54,56,1,40,-78,57,43,38,69,121,85,-59,-74,-26,67,59,-3,11,235,32,1,85,-34,158,-141,-28,-121,-110,-36,13,-77,-59,190,53,79,-100,221,17,-33,6,104,221,-153,-67,-29,-165,90,-3,43,-65,114,241,109,44,23,256,45,-46,-145,183,-137,71,-70,-53,77,209,102,16,25,-79,117,-46,77,-70,14,40,65,130,19,53,73,209,108,85,58,114,152,-96
-129,-115,71,-220,-50,122,-123,242,-6,-79,38,6,-214,-105,-138,-6,264,112,204,98,51,27,-18,143,-126,3,-59,213,-35,8,-3,136,42,-66,-148,13,-69,-65,13,-46,225,-128,-86,-100,26,80,-139,44,150,53,35,68,-47,-30,-72,55,21,135,-112,-49,88,-115,142,-204,-86,24,-8,-46,102,-77,38,37,42,112,-42,-54,158,156,179,-16,19,-4,75,48,-29,-7,188,96,80,247,250,28,16,-82,126,40,-99,242,-89,85,-56,-137,-127,5,89,96,-104,9,-69,-235,-64,74,17,64,-163,-31,-88,55,-27,16,-2,-44,-6,-32,6,201,37,-46,8,57,122,-84,5,32,-23,-224,96,-196,35,-126,22,-59,90,42,52,-142,102,-143,105,-53,42,51,125,189,40,5,57,-70
119,-109,53,60,-164,84,15,-12,67,90,-68,54,-8,85,5,155,16,-24,46,30,104,108,-20,34,-74,39,65,-15,103,53,3,8,-71,195,-125,-82,-8,22,215,236,272,-119,139,-17,21,83,-85,-12,44,90,17,119,-221,164,-66,166,133,-114,115,74,-143,61,188,138,41,204,30,-85,138,79,-226,177,-1,74,70,8,72,70,123,-91,65,109,62,-57,67,12,62,-13,125,-56,51,33,2,48,-4,-113,3,127,266,22,-222,133,-5,57,197,-140,-154,59,57,115,133,178,44,119,114,67,68,97,181,-18,-79,111,26,136,92,186,-44,-85,0,6,57,-14,4,-205,127,-23,89,5,-76,-24,203,-26,-3,-54,35,76,-42,1,-37,148,168,-43,-4,38,0,19,13,-24
86,174,33,-168,111,72,-45,123,273,-38,40,-39,179,168,188,214,-122,33,80,162,-138,129,1,231,31,-78,68,111,-15,-87,25,100,185,22,93,124,169,243,-221,-102,95,120,97,197,130,41,-110,204,54,373,181,42,112,51,322,14,175,157,100,165,249,18,173,76,-42,56,71,67,-6,-96,-129,41,46,194,-105,103,-120,-115,40,-36,66,112,195,150,-93,293,150,40,166,182,107,-155,-41,-50,-49,61,-133,163,68,50,140,190,-3,26,200,144,58,-38,-46,-42,-71,40,-16,220,251,10,107,17,-1,-10,235,92,-15,210,37,-65,202,-104,16,36,110,60,63,100,121,21,234,148,-151,339,-49,117,87,68,82,-173,-139,103,-55,87,-105,79,131,193,-3,-45,273,39
59,68,102,82,-55,205,46,87,-81,-45,-190,23,365,-20,-84,60,144,65,158,10,66,5,229,119,104,222,-134,137,60,82,32,-39,104,155,-63,1,-55,122,184,-9,0,38,-3,-21,23,-59,-12,-155,-120,72,326,108,-9,152,89,95,37,-99,136,114,261,57,122,75,46,-9,-131,113,103,131,-29,99,153,-38,200,93,154,34,142,6,101,54,20,42,71,101,160,41,167,262,-57,15,-4,-9,112,62,59,170,136,31,64,101,15,-129,-19,52,98,157,-46,77,210,50,-158,119,103,-121,143,163,5,92,110,102,-115,-37,190,172,100,12,22,62,51,209,-68,177,116,253,-34,28,334,117,-60,168,129,-60,229,38,16,102,78,99,96,62,231,256,-62,16,-153,90
-30,86,-3,124,106,3,50,180,74,20,-35,-9,-73,22,36,19,-51,-116,56,-81,142,-81,-31,-61,66,260,15,139,-129,66,-2,78,122,-8,146,145,184,64,54,9,90,26,-11,-9,-7,40,-109,133,-19,49,187,66,295,275,46,159,293,-16,-31,104,50,-93,72,-3,61,-44,381,58,-110,-63,73,-207,36,-103,194,180,-38,37,0,116,251,-110,72,22,202,-34,-78,-18,27,82,-46,-101,9,-88,74,-108,269,-41,-19,19,-16,-68,-90,55,-29,177,128,-75,-120,43,44,-101,109,21,61,112,170,39,222,38,278,150,-87,226,213,163,-191,-12,37,64,17,303,-62,17,327,94,163,182,47,73,68,-151,55,-238,-29,339,-164,97,-2,-88,61,6,22,27,229,198,-83,90
-49,48,-36,44,111,98,103,66,-93,-109,249,52,-1,38,114,98,46,126,-43,-128,153,-12,61,-18,16,-57,114,51,98,124,180,-10,47,81,53,-31,36,-38,-207,-19,-87,29,321,72,125,43,-111,226,-21,-163,-35,4,-9,-33,-125,-128,-183,-100,95,-71,-16,237,103,-77,-40,58,22,172,210,69,101,208,214,31,185,-90,-275,147,58,-135,73,26,-13,249,-81,-39,-94,182,22,-118,43,120,188,128,120,74,106,55,112,8,22,86,303,105,301,109,-97,92,78,-30,119,74,10,54,-45,-134,-80,71,-64,-163,-17,-14,85,-53,60,64,-87,-130,-8,-166,15,-87,-5,-46,-94,-90,25,-141,58,12,218,106,136,121,124,16,147,49,-103,126,229,28,113,141,-71,-118,168,217
-100,-35,128,94,-36,65,104,-2,11,58,73,-13,-79,201,83,-45,-61,-14,158,101,138,-35,151,106,49,-87,128,-30,-205,-95,-25,-102,126,-148,53,-259,181,10,77,-76,169,200,-11,13,-130,110,-5,260,165,58,92,-1,158,17,-59,-97,69,253,-15,-96,-87,105,128,-158,9,224,117,114,103,-39,-96,-177,59,-130,60,-140,49,35,90,-88,23,-7,138,-14,151,108,175,11,211,-60,110,24,116,74,33,35,156,81,-98,149,74,-79,-27,25,-71,60,-16,-101,139,60,6,71,180,27,-121,107,-17,56,155,31,183,-63,-19,188,84,-136,21,-68,200,-51,-25,39,175,171,175,-116,70,33,51,46,26,187,31,50,203,-40,-70,-57,266,-93,202,8,103,203,46,45,129,180
58,-89,27,-94,-102,-187,4,125,-39,97,-13,148,204,-57,77,-86,-116,33,8,36,-77,-48,-183,-220,55,50,-87,150,-49,140,303,6,-157,-77,-18,-226,77,-13,-51,-234,66,80,-71,-12,117,237,-54,-132,-71,-36,-58,-8,103,193,192,7,143,72,129,98,43,100,28,-32,-1,-155,-22,85,-44,38,68,71,-103,-102,-246,-149,130,9,-54,44,46,53,-41,-114,-57,153,-96,57,286,-103,178,-91,115,93,40,46,-163,-42,-50,-88,-37,46,136,82,88,-15,4,51,-129,50,-131,-71,-113,160,232,147,9,-23,-21,-84,104,0,-13,-80,-146,-54,9,-84,-102,223,110,35,-92,36,-31,51,93,112,-308,-197,-35,-28,127,113,38,-155,-158,23,152,-112,158,-58,225,-137,140,-49,8,115
-15,158,-88,-161,129,-25,-41,26,49,-27,-66,-105,-165,-17,172,-56,211,6,-12,-56,148,-39,27,-65,61,-14,22,45,53,-12,157,-2,-38,54,181,119,-40,-15,74,-97,59,14,75,197,52,-18,-95,-18,-52,100,-18,-41,67,69,-26,-55,30,135,53,40,207,-36,-61,44,-27,89,227,51,-73,54,-26,52,71,40,162,66,0,-154,217,171,45,-79,2,292,50,-196,153,-106,57,-137,72,67,182,-64,167,130,11,-43,-85,-43,80,61,-9,27,126,49,166,13,14,86,-72,101,-103,-57,-33,-33,46,-180,30,1,76,-28,-31,126,-71,8,-60,23,-50,21,16,-25,177,117,149,34,115,-91,119,-92,-42,40,-48,123,138,-52,3,-32,-24,-96,77,87,217,35,56,-71,-111,53
149,314,3,28,209,-55,-50,-99,60,25,180,10,145,70,-46,83,-67,13,62,-27,-29,1,-242,-16,63,130,102,164,152,125,133,-30,-21,132,-18,-141,167,119,-31,18,115,105,14,-232,114,39,-103,32,131,-182,35,100,3,-73,-53,171,-230,-17,28,164,161,30,-84,-166,79,-114,239,37,-128,123,58,64,-102,49,101,-97,76,-58,48,-35,195,111,-110,-142,-72,73,-52,20,-65,-79,100,-63,109,-17,32,109,92,87,-39,-14,11,103,78,280,226,-154,-53,76,-24,48,-141,90,-245,184,42,31,-154,205,15,68,-8,114,-59,-14,-166,-5,-36,67,-103,-123,136,93,-197,-169,48,-106,143,89,22,35,-189,61,-67,152,111,-184,8,77,-27,6,91,118,145,-97,-44,-78,77,60
142,171,116,161,-32,95,-71,-33,-138,-86,72,24,102,114,47,-42,-12,-82,15,21,11,213,74,-131,30,-25,-38,0,224,182,40,-21,14,90,133,-97,-66,-53,69,74,-83,-55,-75,-83,48,14,-7,-111,-96,5,-83,130,-10,-40,120,77,124,26,123,51,-45,117,106,99,-121,116,-89,-29,88,91,236,102,-235,141,-153,97,49,181,44,48,-105,-48,-139,-156,133,80,206,-1,5,-122,223,-12,-70,-62,160,47,25,61,79,-164,-29,20,167,-146,-91,19,-55,222,-57,-46,-127,56,13,3,104,-122,155,-47,-199,-164,-117,113,87,-37,78,46,55,2,72,-41,192,75,89,-99,-40,86,-126,220,203,-30,135,-43,-128,-36,-24,-220,41,-29,80,220,150,106,20,56,-5,102,168,-46
52,-38,114,131,-129,182,129,101,144,154,-48,-183,125,114,2,121,90,-101,39,126,23,63,110,96,240,-43,34,168,203,5,139,-54,-45,95,80,184,283,116,128,220,260,78,191,-10,148,109,-170,156,42,110,43,81,56,185,-153,153,145,85,-57,-73,154,114,297,462,-65,41,120,-37,263,5,-230,128,-35,121,187,3,153,97,264,67,380,-127,48,50,139,162,89,13,-58,-19,31,23,-81,28,-33,43,290,141,138,149,-21,-28,-48,99,-56,42,-7,38,-101,67,102,-55,205,215,170,111,-69,30,325,131,284,159,98,88,105,122,160,183,210,84,-8,13,-12,64,175,-17,117,74,279,102,-34,-64,44,142,-54,-4,5,-33,134,-36,12,165,160,167,2,53,-34,106
177,33,-48,-104,-17,49,-36,-8,-61,-143,231,45,160,78,87,-53,-137,163,6,-69,-47,-57,101,110,-82,130,3,124,20,-5,-189,-40,-57,76,-21,-141,-142,157,5,55,-5,-55,-47,-21,123,5,209,126,157,18,42,-28,-200,32,-58,-32,55,72,216,-113,115,6,-17,30,-64,-49,1,-70,137,7,88,-107,-71,102,-25,228,-4,128,-57,-40,79,297,87,17,47,-2,-29,-55,-11,186,171,10,12,34,-18,-243,-29,92,246,128,-150,163,114,-55,-114,53,23,-29,-266,34,-24,9,9,62,-101,103,205,40,-69,-41,-109,19,2,-28,-3,63,208,56,30,8,0,140,59,-285,116,214,-163,-25,170,197,133,29,14,1,-62,-35,246,38,-180,57,-73,81,115,-67,56,224,54,-89
276,-43,204,96,13,180,78,25,58,-69,92,171,93,-14,126,-164,-203,-14,-126,-61,27,198,88,-180,191,203,-57,111,17,111,-114,167,40,-191,29,16,48,290,76,-48,49,31,95,109,198,9,196,44,-27,28,-57,-86,1,53,-42,-24,145,148,-2,-116,-30,-89,94,198,17,392,-126,109,166,51,30,-47,-31,53,88,118,52,224,-167,110,-22,3,63,162,174,48,-21,143,138,-139,70,233,236,50,48,-38,-131,116,39,-79,21,53,-87,89,129,-151,173,89,106,178,110,-26,2,-73,16,139,20,-241,-71,151,245,77,152,-9,153,29,82,-48,108,74,-111,135,158,153,-17,-24,62,-69,-65,37,87,39,90,-53,136,-32,23,23,89,71,66,15,183,-13,102,112,181,86
41,104,6,-53,15,249,-17,84,-107,44,93,60,-128,25,-97,80,-55,-59,-147,115,-95,237,145,-53,-26,67,70,-21,-72,-22,-77,3,-112,26,153,183,55,76,-48,53,-51,-158,77,-120,-105,-59,-185,8,-52,-12,94,118,82,0,174,112,103,-49,-116,-27,53,-123,231,20,119,83,-65,153,84,93,12,3,96,-25,-64,117,35,-153,-42,-21,-92,-4,-5,6,74,-77,-139,-14,32,116,-156,108,161,147,-22,-12,-43,-27,-22,130,-49,-71,165,89,55,116,-50,-82,76,73,-58,99,62,-38,-53,-179,-51,76,18,58,284,64,20,60,29,-50,47,-213,-54,36,56,-44,43,94,189,-69,-48,-32,-63,-124,11,7,73,-124,111,-6,-30,-2,74,90,168,16,88,230,138,-110,206,122
-61,-122,111,205,-40,79,-61,23,64,-19,73,163,81,106,154,-64,11,76,43,179,60,-9,156,-1,40,50,-22,236,113,21,128,-9,107,166,265,-4,116,78,-104,-42,-20,-65,-3,74,57,145,41,-6,105,158,2,44,-28,23,165,-27,134,170,99,-22,62,128,43,187,-30,-36,-56,92,50,-75,110,152,34,3,-103,-51,-63,4,43,-34,119,62,10,224,124,-97,51,34,107,98,105,-37,67,45,86,-180,210,-49,98,-60,171,174,63,-79,127,116,225,27,78,0,-89,-71,32,63,2,-128,311,106,187,116,290,-47,95,-124,51,-125,52,-29,158,-97,-51,128,-69,27,-97,38,-113,-89,251,30,64,-1,163,180,12,51,-55,22,226,10,114,-114,116,16,4,-17,-47,6
85,42,-101,24,12,-132,-185,212,41,10,-41,81,40,424,-3,-35,-122,97,19,15,-27,-13,-88,103,55,40,106,-28,-190,95,-22,-214,66,40,-23,145,35,-78,-35,-40,82,-78,-4,120,-42,9,-148,107,-37,-131,219,91,33,121,1,20,-49,-5,16,8,68,109,166,179,143,-19,-65,53,30,-179,79,24,85,117,-142,37,-87,234,197,-21,-200,-20,-43,200,158,71,-60,197,-35,68,-81,-106,44,127,10,-99,-140,-70,79,41,-60,-3,152,94,15,47,0,-12,80,100,55,87,39,-144,161,-47,131,144,127,-158,-50,-12,30,-10,-13,136,87,20,-191,-79,103,-9,-35,108,275,131,8,303,-143,-137,104,-33,17,-152,-95,268,-163,-15,60,68,49,-241,-146,35,189,55,-117,-128
48,-115,70,-167,-99,54,144,121,46,113,-116,53,-138,-57,-91,-85,31,-172,126,6,-148,-20,-69,32,71,-54,78,-87,-27,-189,-77,-92,-25,-104,7,-40,11,51,-85,137,78,81,-143,166,7,-48,132,133,146,-96,-50,-5,-56,117,-103,-62,137,122,-59,109,266,112,-132,86,-35,26,-84,87,84,93,96,99,-27,13,-105,-121,155,74,-122,101,34,-9,31,-41,-15,77,-149,-14,49,-88,248,238,75,80,336,58,10,93,34,177,-76,59,46,79,100,-66,-41,-145,-292,-47,-33,-136,93,-148,99,-88,-74,-224,-141,-89,90,-50,108,127,-50,60,12,43,-142,76,-213,-139,-20,33,-116,-168,56,44,55,29,41,45,35,170,86,-58,111,-156,-129,57,41,32,266,138,-108,14,184,-44
-6,88,-95,-48,12,94,151,-8,178,174,105,55,-121,116,28,82,56,184,173,89,-3,-48,-116,127,134,31,-32,52,21,143,4,90,40,85,61,0,119,-51,-41,-29,-30,-36,-17,-93,-109,134,-55,51,14,65,174,39,14,67,37,-74,31,-28,91,74,-37,306,-55,20,85,-120,145,14,-10,222,-153,10,120,-113,80,90,-55,-32,11,-39,72,66,87,225,-113,-14,128,141,229,63,145,-106,-54,-76,136,136,-21,5,198,38,20,150,33,125,27,-43,120,-170,183,5,139,-29,147,171,90,186,-149,-111,139,76,112,13,-16,-116,74,-145,104,176,-26,62,16,17,-50,7,51,55,117,-67,95,22,-55,116,52,111,167,-63,-92,80,185,55,120,-44,233,143,9,-152,-74,63
77,50,25,-20,-47,107,18,2,-51,193,129,97,69,317,114,51,-115,-143,97,191,15,168,94,84,146,81,70,90,-109,196,90,3,52,273,106,41,207,-98,49,145,43,21,-175,-3,4,-20,-84,-37,11,8,95,-66,332,187,96,-97,235,242,-18,-13,98,54,131,144,-14,27,24,145,-130,24,259,-73,2,-71,110,-32,25,81,-52,69,123,-81,209,-7,143,157,176,159,102,31,-47,53,100,137,-9,0,52,-43,-157,-76,31,88,83,140,48,50,95,48,20,14,24,-65,-1,107,2,7,130,50,101,-33,218,-102,22,148,27,79,-157,41,15,34,-26,198,-76,199,178,317,-83,88,137,56,-53,38,78,-28,171,15,-64,16,97,-63,59,157,201,137,258,8,-76,-66
73,192,85,126,42,88,-203,30,20,11,5,124,8,-39,28,45,62,157,197,71,161,-49,73,161,90,2,-30,237,-84,106,62,112,-3,-52,20,48,57,140,123,-178,24,-167,75,137,138,119,48,159,42,34,115,0,167,-143,52,84,28,140,40,-67,-24,68,-31,182,-80,121,102,15,150,59,-70,-187,-17,118,76,253,3,-36,-45,-128,-68,60,57,62,-102,-36,-98,-57,177,65,9,-131,18,30,52,80,-277,43,-176,133,81,44,98,110,-73,-155,254,96,168,173,-1,73,75,-5,27,51,-15,-59,47,-25,-146,303,161,74,97,-153,53,112,34,-99,15,286,125,95,122,-25,117,-29,46,189,200,-98,-118,-3,17,-39,74,-27,135,198,195,-27,-95,-84,125,-115,56,17
144,-15,5,-43,-16,33,-2,72,2,163,98,52,50,66,-41,55,-5,-125,-42,250,-109,238,102,343,-205,170,-30,83,161,140,-196,-20,259,135,87,16,87,-13,-83,4,126,21,27,53,-16,-68,15,70,144,39,118,-49,198,129,89,-2,177,17,167,183,125,111,99,248,58,-130,70,191,20,55,62,0,200,191,128,239,261,48,52,41,-174,130,116,-157,-218,-100,87,38,126,145,-167,227,101,164,71,47,-140,152,-8,213,-127,-110,-104,241,112,-86,5,31,-68,135,-46,145,15,123,76,-64,136,86,-28,92,83,-54,74,135,16,148,49,130,265,118,156,78,172,-92,135,197,-57,18,81,69,-118,-44,74,131,316,57,44,245,172,-7,151,-64,205,242,184,81,22,80
145,239,66,55,109,96,192,78,118,95,10,52,-60,18,121,99,-75,-118,-142,-3,2,115,160,46,108,2,-124,251,209,21,214,247,62,12,231,32,35,158,161,-38,-99,18,81,-9,181,-121,-119,76,-205,203,-102,79,-42,53,173,24,253,-11,59,128,144,63,199,77,-162,244,108,-24,8,53,123,195,97,-32,31,185,97,-5,143,90,185,230,99,40,65,84,58,-149,204,-24,87,114,-92,67,0,145,130,65,-18,-273,211,116,163,-13,-31,-56,26,14,1,118,136,-137,134,-55,229,43,42,-46,170,46,134,121,3,41,151,-39,-1,-184,-120,-74,-64,14,166,88,164,114,72,-11,183,113,87,238,218,-2,142,58,-28,168,11,56,-99,142,167,251,-60,107,89,239
-88,-91,75,141,-121,-45,18,-33,-50,118,-13,-14,112,101,83,-113,-208,164,196,-25,17,-162,118,11,77,-102,-101,22,-10,80,138,194,14,64,124,21,164,-60,101,11,-118,-34,63,29,164,-58,74,-7,-50,-51,76,-50,-21,33,58,58,51,-112,24,114,99,154,36,202,-40,-184,-14,42,212,6,41,2,134,-22,-30,-77,71,-35,43,87,68,-73,119,96,-18,30,-17,-24,147,67,30,-9,38,93,-81,140,-8,34,-115,-96,-8,-216,57,46,139,63,54,-71,57,-143,47,3,54,-5,48,55,88,-76,-55,-267,130,-84,15,173,-54,25,-49,-57,-194,-159,-36,66,-105,227,-165,107,-198,225,84,42,9,113,-109,11,67,-129,54,-182,70,-53,239,193,46,-97,128,-86,-51,13
10,11,45,-36,-181,64,-19,255,33,29,-41,-18,175,91,-22,36,3,19,284,105,12,66,185,40,172,63,-162,201,96,16,147,-110,21,37,-43,90,-14,60,92,49,97,98,227,19,78,233,-167,269,97,-6,99,-57,-5,216,35,-33,119,68,-211,61,122,-67,52,135,49,-116,21,345,187,-37,-10,176,230,202,-67,14,-61,184,-74,109,51,-12,44,-29,193,72,-4,75,316,110,26,-116,63,50,83,54,49,184,303,64,33,-94,142,73,-47,11,200,9,-108,141,0,-120,119,90,116,-46,23,81,33,198,162,268,13,-132,105,13,4,114,52,124,-43,172,-144,-39,-125,19,128,251,-13,144,161,-45,192,-1,98,-72,31,-33,87,96,17,42,137,70,130,116,-25,-65
62,143,161,270,17,169,-14,77,11,30,78,28,18,58,112,80,256,33,67,135,48,13,217,91,167,31,144,-72,204,-3,182,152,-10,206,231,-15,-3,38,132,235,35,-112,49,-45,50,172,32,206,47,-11,-56,-4,63,-2,-76,83,161,-7,-26,93,179,20,11,205,70,65,329,44,134,263,-80,25,265,185,101,29,31,-203,273,63,237,19,-90,85,91,-29,3,38,194,-16,99,60,200,-26,158,76,38,-7,141,61,173,33,273,84,147,32,113,29,162,96,88,19,15,-212,65,31,-194,0,11,-45,223,181,110,112,129,123,64,141,85,73,-79,137,7,127,89,165,-95,-14,196,-2,71,71,67,-15,-35,100,183,84,-52,55,90,44,58,167,166,-140,97,20
-33,-168,180,121,-6,87,16,57,-74,78,36,141,106,11,42,-173,-52,-183,-21,65,-13,76,15,11,-94,56,49,107,41,52,190,131,101,-181,14,-20,108,89,19,217,86,-195,50,146,49,-38,80,89,-22,-13,-45,-93,-99,218,11,29,-4,-55,-23,-36,40,41,87,25,90,105,-119,166,73,-32,137,94,-130,136,58,-32,-74,110,-51,101,-135,43,-104,96,-139,-28,54,54,138,42,-21,179,54,69,101,34,-93,91,6,157,-70,82,-65,125,-29,51,-40,130,-142,-77,-82,-11,148,-2,-48,-91,80,-93,21,-66,-113,132,76,-60,110,77,-74,86,132,-50,-90,38,38,-44,0,8,122,114,-71,-84,-83,-110,-160,-25,17,-133,-41,-31,-28,-14,-72,-44,51,125,217,143,186,-88
52,-137,-40,170,-20,-21,10,-9,-210,6,211,57,84,-40,-111,69,205,102,184,234,-83,104,121,107,-103,-4,-14,87,9,161,-195,-75,124,-103,14,49,113,-13,-4,127,180,86,-108,-3,37,186,-166,206,42,112,129,2,138,163,-162,-102,156,-16,20,11,134,321,135,-79,-107,-65,91,77,92,47,-77,-16,13,-46,79,66,98,-1,27,261,39,-89,-115,79,-171,15,304,56,220,-50,-130,76,-83,91,187,85,91,37,134,3,138,-3,57,-142,-30,74,-122,-169,77,19,181,-33,186,-115,-85,-33,-76,89,75,-22,88,0,56,-29,89,84,178,87,56,-9,-72,-4,94,-88,-65,-38,57,144,245,68,-211,97,109,97,74,139,-134,-67,62,31,42,46,-22,8,113,143,-28,-253
18,243,-69,143,100,83,89,-17,-63,-184,14,84,-150,14,29,21,151,194,-31,196,-25,-154,240,70,7,-53,100,-31,30,-6,17,82,79,28,-7,71,64,-145,-153,110,-3,-109,-62,-180,-38,76,-28,-22,162,-185,13,-79,129,-13,124,62,24,-49,-95,114,34,107,6,79,18,-23,259,11,14,-97,-80,73,205,127,31,51,12,-141,72,76,74,21,28,53,-204,-129,102,27,-124,86,30,-21,-167,-79,-88,-50,44,-77,92,-134,20,360,226,-12,77,-63,35,238,97,12,126,63,0,-216,0,126,-112,153,33,45,143,165,-147,-62,60,-165,-26,120,-123,228,-52,0,260,116,-46,28,128,169,133,-62,-119,8,30,176,-65,203,142,20,-224,91,232,167,-76,206,146,-140,208,28
-32,99,45,120,231,64,-13,-18,-22,21,15,4,13,58,64,103,-6,138,10,153,131,150,43,16,-32,60,-70,34,-88,36,90,32,113,21,206,3,352,-78,141,-101,9,-138,0,-143,175,-106,-145,-191,-54,-148,-32,21,216,-60,77,161,4,58,-4,-47,-48,60,59,94,109,-5,96,-24,-66,60,-11,112,227,-11,60,49,166,-7,-24,-1,-1,-189,131,-6,93,-133,57,145,150,10,76,130,30,36,42,27,-126,-77,90,96,69,-115,37,144,143,-86,172,52,130,37,-83,93,-87,25,-3,-122,61,-34,77,134,28,80,20,88,-18,147,-228,-108,-136,43,27,10,7,39,33,187,-57,-105,24,174,-4,88,59,12,126,11,149,87,111,21,90,-97,85,-132,267,-104,-49,192
20,-42,-65,78,150,-188,78,59,16,23,11,46,73,180,-55,281,59,73,106,54,-66,66,82,74,287,-119,-1,172,171,188,254,100,67,-87,-12,74,25,13,91,-69,5,158,69,-41,13,-51,-247,89,-20,87,-39,134,84,75,16,119,45,87,-176,-1,178,19,220,-33,-212,316,-11,202,71,-131,227,218,13,91,21,59,172,228,96,282,-36,-87,156,58,94,56,158,257,218,-12,-20,93,-186,110,79,221,71,35,99,-6,242,17,-61,52,169,96,97,-15,185,70,-77,3,-103,70,138,-96,-18,234,200,13,69,-108,20,1,135,78,76,52,-57,17,121,20,-158,64,60,-9,30,95,-106,-3,-79,-129,304,141,284,160,-98,76,216,137,-11,-24,66,107,11,-139,-46,36
-109,165,72,-2,-46,277,61,45,98,110,-127,129,17,80,117,118,14,-61,-190,-49,-31,29,-123,-19,204,213,120,21,229,-62,178,118,9,-20,97,-31,164,41,79,14,141,68,170,-65,-227,-80,-133,-71,3,75,-53,29,-4,-59,31,142,161,-22,82,194,127,-139,64,48,57,-47,229,178,116,295,193,-61,33,-65,-72,-50,127,-156,-11,162,169,66,40,-159,19,93,0,24,114,83,-86,105,45,78,-65,59,139,53,-29,109,12,-31,-228,114,135,101,99,54,-116,-52,-62,55,47,151,-159,32,17,-220,104,-43,102,34,-10,51,1,-133,-198,32,-141,19,-128,55,-48,52,187,-32,110,-5,8,-58,-41,-100,60,-178,-4,-74,-57,-116,264,136,199,94,183,152,132,-26,25,25
-19,76,49,81,-44,104,125,24,172,21,84,1,11,-88,55,0,12,-116,42,154,-49,70,6,143,28,16,169,-114,297,130,114,72,-38,283,42,-20,48,1,-36,56,137,-133,26,3,93,80,-34,103,-11,380,-116,7,-70,79,-4,-306,-10,9,-114,188,-28,-16,124,51,-16,-55,101,79,-41,-93,-19,87,20,-129,-32,169,-151,-100,-19,-23,73,134,51,124,-49,-58,112,-92,-2,79,74,-120,154,8,108,-6,211,-95,108,-185,41,215,157,108,159,-34,316,-19,41,26,179,-67,-167,-69,-90,-12,17,78,24,61,65,49,97,-9,92,223,-92,2,23,59,166,-1,151,64,9,182,179,-84,-175,39,55,12,130,52,132,191,-239,116,-95,-145,19,77,-218,95,-19,-77,182,-220
14,-34,115,-225,-116,82,-111,-44,152,-97,-53,-29,-75,-91,123,38,-21,60,47,-233,-11,-124,-46,44,244,172,129,76,145,-41,8,137,70,4,-112,-8,47,105,-18,56,73,-47,130,-198,69,122,-13,102,166,-10,65,200,-114,-30,107,39,-11,-80,74,-7,146,-268,53,125,91,-7,81,-114,57,20,-100,126,168,75,13,122,-43,-121,1,-66,115,134,168,-32,137,-92,-128,38,-38,109,252,-201,105,-159,22,-4,-15,47,203,70,53,335,156,-43,286,258,30,-125,-149,119,216,-7,30,-5,276,-232,-88,12,101,-121,84,-48,133,-68,189,-29,52,-64,-41,-39,-33,83,-75,-138,31,-40,10,-132,-86,-4,78,123,243,75,127,108,-16,36,-73,213,-46,-102,6,174,38,-128,72,25
281,81,-26,45,-164,78,60,60,183,-72,10,-68,96,-117,27,133,-54,67,40,8,-39,-18,219,90,-1,-39,3,139,-82,179,-56,43,-17,-26,103,77,-254,243,-40,11,152,78,71,198,74,150,18,86,-4,163,123,78,-261,119,30,11,16,-58,57,39,87,-121,21,226,-69,318,-104,109,5,-50,63,27,-87,0,27,27,92,-80,69,64,46,173,80,-32,-84,116,76,-110,9,4,-37,160,100,213,113,3,53,-34,-21,-56,-74,52,168,-98,264,-21,142,-98,-80,130,130,198,57,-22,-14,52,16,-9,89,156,-15,9,-34,1,31,119,-61,27,67,55,-29,183,-11,43,-68,18,224,73,-112,109,23,-37,15,123,259,-5,-75,110,-176,147,-128,160,107,116,-122,35,-9,42
166,40,142,83,-37,-25,-32,114,-10,128,-58,66,275,156,63,-26,87,-133,20,-38,-78,112,-43,20,88,141,-43,145,37,45,171,46,109,12,19,208,9,29,58,81,86,-88,-25,26,-137,34,-2,82,220,-38,-40,-4,222,123,-208,-6,69,96,113,-108,160,-60,156,3,87,150,62,37,-70,-90,179,-158,-52,61,136,-110,-91,150,-4,17,70,301,-10,-80,121,-41,54,275,93,-3,29,19,20,-4,-69,100,-21,232,69,103,-107,99,-3,39,-18,33,23,175,-133,99,-49,7,-24,129,30,109,112,123,0,-78,1,56,-23,121,133,81,160,-60,141,98,-111,122,25,160,141,248,200,90,69,-82,-13,-156,96,-267,58,126,78,165,227,7,94,74,72,148,104,201,117,178
-39,88,20,8,13,160,-6,148,201,-37,-1,96,160,121,-62,7,-128,94,4,-33,0,238,101,-76,104,128,-140,98,-16,-98,150,90,128,-120,32,113,147,229,101,41,-152,152,7,93,3,81,111,130,-5,70,39,38,83,-118,-53,284,241,-123,129,79,-3,-128,55,117,246,226,-57,116,172,187,-3,201,-17,321,17,-156,-1,26,195,-60,-64,137,-62,160,183,203,-79,21,158,-13,53,10,-146,-124,-34,-172,-26,101,-62,106,121,-1,20,84,31,162,-1,12,-81,-22,135,62,97,-3,-171,-50,33,264,75,-20,-108,148,187,-86,-31,25,189,-89,113,-22,-83,72,-162,79,-19,-26,70,-101,48,33,137,189,76,-111,-35,-32,118,94,35,120,-52,134,180,173,-141,-18,102,137
44,93,-42,4,50,-76,105,15,-10,46,192,-31,143,-99,-12,-155,34,148,-163,16,-12,133,104,42,121,240,-112,108,68,180,6,6,-31,47,-28,-120,-139,-49,22,-114,37,-64,215,71,40,-26,90,174,-89,-88,178,104,-41,-84,-3,-16,30,1,89,14,151,53,56,-209,-88,-118,49,-34,95,53,-109,-4,175,-122,212,7,-154,125,142,22,55,142,-81,174,-14,-166,19,-164,62,6,-33,-217,-134,-46,-71,-57,151,79,-2,71,-109,67,-91,-211,-34,14,-103,66,-25,74,164,46,-149,121,39,-69,103,-67,-97,29,12,49,74,-6,144,115,114,-9,-40,64,149,226,-1,88,-2,27,42,56,68,-177,0,-11,-41,93,-104,48,31,59,-72,142,-22,112,303,-20,156,14,3,58
118,29,87,159,-6,129,-7,1,-1,20,-72,-29,-6,80,-197,84,-138,-126,190,210,55,92,124,87,-112,140,-40,-49,156,103,-13,-66,115,215,-76,162,-39,211,-44,109,79,182,71,18,-54,-32,191,34,106,164,78,-69,69,118,-62,122,180,-27,21,-37,134,39,-63,42,17,-147,-9,187,168,161,211,111,-51,55,-3,27,-198,192,60,46,104,70,-70,86,65,-64,-168,4,201,-17,-176,-39,-18,54,-6,175,43,48,28,190,176,-17,17,169,20,-48,102,-103,21,-83,25,-154,210,25,90,10,102,236,-5,-43,-47,-85,-9,76,5,29,201,-162,68,108,-47,16,-94,110,-71,219,78,153,122,35,109,-4,164,97,85,46,4,-98,131,92,50,50,79,50,-102,83,110,137
3,-6,23,2,-98,187,92,-55,-39,-105,-43,163,5,-73,39,32,79,-100,-16,139,124,98,-3,181,200,190,29,-245,-157,2,12,-163,0,-15,-59,-86,-80,75,150,21,72,-6,28,99,44,98,36,11,-6,208,66,21,58,-129,-186,-124,-78,95,143,-92,133,4,-78,149,-136,186,23,64,-87,198,-15,-133,115,22,136,-94,135,66,-56,-46,89,-37,114,-31,-28,-68,41,125,-114,-45,-74,-2,87,-33,62,4,128,65,11,196,112,135,-112,-123,-19,-55,139,53,-34,-94,292,121,-135,-44,-52,-73,147,-120,126,5,-9,-183,-21,-24,61,85,5,30,53,162,18,0,-10,115,133,90,-83,-68,78,88,50,-51,63,-7,-93,190,124,-34,-283,-77,141,83,158,37,21,-37,20,-235
30,79,-51,59,18,62,22,-88,58,17,-202,-105,-100,152,84,269,77,58,96,188,104,-78,75,111,85,70,125,90,-13,-65,2,115,106,156,9,96,-118,120,92,65,70,128,61,-53,-133,-39,-120,84,51,-59,117,-55,28,-126,48,-19,-41,112,-13,4,22,73,-115,77,64,-251,259,44,169,118,-168,-29,-28,7,187,131,93,30,139,71,-70,66,-119,-35,-77,164,-27,-12,76,-68,-194,69,157,112,85,69,-5,-111,-114,-3,16,-187,-19,17,58,-7,123,-18,264,122,63,165,206,101,185,-47,37,-188,156,-14,9,-188,-61,18,130,-66,-1,150,104,17,56,-88,94,49,-2,56,-20,130,-32,-40,-81,57,-24,26,163,132,-129,-1,11,108,77,-108,-39,-19,50,-105,40,131
104,-56,70,53,-45,36,13,135,-178,-181,124,32,232,73,-118,-85,-276,-42,43,-17,113,-6,137,-15,1,65,-36,-24,31,-80,30,49,-58,40,-71,-5,2,-58,97,29,-14,-31,-40,-125,-3,-58,-15,-264,56,-29,-34,-47,80,8,24,70,-83,100,101,-41,195,-70,64,-129,-31,13,-99,64,25,76,-10,-107,-196,-62,-65,36,22,8,-158,-98,-61,127,17,127,46,46,109,-22,11,-144,118,-128,38,-178,-218,89,13,196,97,1,-43,-20,-202,36,-113,-99,-45,106,-42,-79,-141,-40,0,247,-131,53,-73,-125,203,83,76,163,-103,20,-12,-62,-9,-118,-105,-132,16,18,-76,205,-5,-58,53,108,125,-82,26,87,-49,-54,-128,-189,-80,-88,303,15,-4,79,44,2,85,132,97,-102
81,-95,21,-10,180,89,-84,98,138,-43,167,-27,172,41,-4,-32,-106,0,-71,230,49,329,113,-25,93,162,-241,-44,145,34,9,63,9,0,73,-57,257,141,124,11,-58,39,145,61,104,35,187,17,108,178,18,-49,147,197,162,50,59,-37,195,61,221,74,23,89,48,44,212,0,12,68,-74,216,20,115,-46,220,-54,52,-52,37,117,-77,21,112,-3,-59,-238,-54,131,-64,-27,192,74,54,-126,5,-150,90,48,-45,173,-14,-2,236,89,-141,121,120,54,-17,216,-70,154,63,149,133,126,-47,239,-44,149,-72,7,174,-110,-62,265,-93,145,92,6,158,-107,-42,185,-67,74,69,40,48,-119,130,-48,28,28,90,175,94,144,-16,22,66,48,139,89,-24,147,204
-27,74,105,-88,6,179,63,219,202,4,26,17,95,162,-33,89,-25,33,-88,88,52,69,44,-164,13,247,-91,115,-109,185,-82,51,-124,110,93,-25,81,28,-30,114,139,231,133,11,38,142,-15,-10,10,118,-30,50,99,148,169,101,186,37,111,167,-56,-61,23,98,71,90,139,201,-46,-19,12,-43,69,207,-176,87,-32,40,46,-58,246,21,171,134,176,73,-19,226,118,92,-13,-94,132,95,85,96,-69,215,78,73,87,41,-75,142,46,-26,81,-24,167,-129,-14,-75,71,-5,-71,212,89,25,0,32,169,-82,30,107,149,-69,36,-156,-164,140,63,-39,35,172,215,158,119,51,10,75,-67,-57,150,-111,95,103,-36,-35,84,133,8,140,47,-27,-5,176,-35,-68
-217,98,194,-157,114,115,-192,-6,-127,84,165,107,-113,181,9,-275,116,96,-83,38,-125,116,-22,-106,77,109,-37,-204,152,124,-187,-16,3,67,51,-134,77,77,-42,90,54,-90,-104,60,-91,129,95,21,-39,-116,98,-197,-235,-86,113,-23,-46,-9,128,-73,7,213,9,93,209,-87,107,2,-92,82,96,84,17,226,33,-33,-166,98,-62,116,-104,104,51,103,-4,-48,161,-62,56,100,87,82,75,248,-62,-198,87,77,-118,-100,-139,-10,-117,-30,-220,98,-2,168,170,20,4,151,-18,-104,180,84,-36,-111,62,83,236,102,81,38,-19,36,53,124,-83,-133,-93,162,86,25,-112,166,-36,-76,119,55,75,82,-5,34,-114,-122,-211,-103,90,-16,126,7,123,58,54,203,217,1
-65,-105,-130,71,293,70,156,31,-5,-37,185,227,72,142,232,9,-190,28,103,112,-120,12,0,50,34,22,-8,17,228,140,-175,47,-66,132,165,-21,16,8,31,12,27,91,12,-12,109,21,138,-31,-93,173,-54,-125,64,200,-13,51,200,-166,178,48,-209,154,-162,177,274,198,164,94,-75,-24,78,31,193,138,66,34,43,77,53,101,40,14,71,24,88,-125,35,115,-25,3,110,34,109,23,169,-44,-8,-70,254,123,102,57,324,81,21,-33,65,-29,213,18,-53,14,-59,-116,-43,139,127,193,-88,66,87,155,4,40,69,239,-104,-93,106,241,-10,118,-14,20,93,196,-19,160,-22,-35,-27,-93,64,44,22,4,168,105,-228,43,124,-42,-9,7,-19,155,203,-54
-155,-67,-52,-1,88,69,246,217,-10,97,-9,70,221,318,-74,235,-42,-13,-65,290,120,125,161,204,154,136,37,-10,-29,147,209,212,57,88,42,102,249,8,106,172,8,13,-88,-24,164,68,159,97,5,192,88,1,197,-45,113,-65,131,221,50,71,46,-131,191,96,-18,111,230,148,20,20,-19,5,87,22,-100,52,-60,-102,51,155,145,-59,247,170,129,91,15,122,103,150,-61,26,241,136,21,208,-253,-13,-100,-85,171,-205,237,244,48,-48,188,66,153,-130,21,59,59,-59,-50,95,198,38,16,-205,-128,25,100,267,167,48,56,-93,-105,105,-66,-85,-175,168,93,139,-51,46,-21,78,53,197,75,-258,-21,248,75,116,-144,-224,87,48,17,203,61,-65,283,-123
80,26,-139,45,-226,108,183,-24,188,120,94,-35,82,-69,0,143,44,-77,21,147,16,215,163,56,6,103,61,61,20,89,151,-68,151,-30,-11,65,31,18,54,-50,197,129,236,-74,150,-147,-21,-19,-28,180,154,179,130,177,-108,128,-4,-1,165,199,-50,86,85,71,-84,71,172,-49,92,-129,69,186,261,101,50,185,72,172,215,115,122,23,-43,-12,-121,-102,67,-79,54,55,31,57,-46,-65,-59,-71,92,76,-171,4,139,68,36,46,-226,86,-139,105,32,-151,197,136,119,108,-113,-93,63,145,120,-162,52,-93,-240,-57,140,-10,90,5,86,102,125,7,0,-161,137,6,-151,213,229,19,-193,158,103,-15,64,106,96,19,-91,49,48,-19,-69,7,-6,69,89,-70
-43,29,124,33,-72,63,38,-9,1,-126,17,75,172,12,196,62,-67,-4,-51,73,144,11,-5,-149,221,-97,5,207,179,-53,168,-79,-5,41,65,6,-62,-30,167,52,-18,-49,199,-71,-108,55,75,-107,-103,95,-143,-94,-97,-82,53,-135,114,104,30,-11,63,190,192,81,-4,29,14,-54,255,-18,82,50,-265,-167,-15,-57,91,29,43,59,164,-8,-89,-42,130,-22,-20,66,104,-78,-121,121,124,-108,-5,-183,83,41,261,61,204,63,98,-54,-18,-175,167,-34,-68,85,115,61,98,-58,-56,-145,252,49,66,12,184,-18,98,-179,78,-28,-57,-85,-54,149,44,-102,29,-18,145,37,-32,48,147,11,237,10,49,71,-89,250,-26,123,52,-2,185,93,40,-47,109,258,111,-34
-35,-120,-178,-50,74,-86,108,7,-196,164,71,100,117,-68,-133,10,-108,-220,-104,-153,6,-137,-33,92,40,54,-169,128,64,-76,-70,153,-31,9,102,10,74,-105,135,52,-57,-108,-62,-108,211,-196,-43,-159,55,-4,-152,99,93,219,1,143,20,73,-111,63,97,-129,43,-50,-45,36,-16,100,-151,-19,44,-7,-118,-55,-155,-125,83,-85,-160,66,50,-156,111,139,-48,-90,7,99,-31,-217,6,33,9,-238,37,-110,-82,-202,-196,36,25,40,-135,249,31,70,-116,-64,50,-154,-83,-141,-13,215,94,84,54,17,-5,9,-19,125,-41,87,-97,22,-120,-36,54,-22,18,135,-147,-114,144,-25,-43,-57,-5,15,-186,-106,0,-69,-108,75,139,-117,14,-179,163,25,-31,202,122,38,64,13
-21,79,195,186,-76,242,187,-5,-174,38,108,145,109,-138,29,88,80,64,33,-58,-56,259,130,184,38,-16,-2,181,156,187,8,99,-23,17,209,135,-16,135,-10,9,125,-64,184,-50,-115,70,-110,89,113,-44,166,60,136,132,-41,143,94,-144,-7,172,8,73,180,-71,-67,-17,76,-1,51,-65,-30,8,148,-89,167,54,-71,159,165,247,134,279,-53,1,90,-105,52,-70,13,106,163,85,-41,29,-19,-116,156,285,185,30,-128,15,32,-81,9,48,-12,-146,-148,121,6,149,-14,6,-139,-40,-39,121,-94,214,226,196,-30,-246,-103,144,24,-44,-46,-179,-31,99,73,19,138,-57,4,97,123,-10,86,-53,58,-7,200,71,-72,105,231,87,49,170,71,88,86,94,119,23
38,72,68,156,85,-44,75,27,-49,63,-1,90,97,-137,-67,173,201,-237,52,-156,-74,-61,-72,41,75,113,-73,182,275,-67,93,150,95,197,111,127,78,198,12,-85,141,-114,75,-117,144,-19,65,17,149,106,-139,-38,73,216,32,123,186,61,-71,41,158,37,-46,32,-8,-39,27,79,40,-2,80,137,68,-53,5,-12,27,312,24,91,92,30,-26,98,64,-224,-14,198,159,2,15,10,-23,-196,40,-63,-56,58,-19,40,4,116,-133,36,171,106,32,-22,-251,97,-87,52,-11,177,80,97,-100,-40,-85,51,94,49,78,88,47,11,287,-121,111,-9,35,80,66,-59,-58,66,86,172,36,59,-72,-128,123,21,226,67,131,151,143,157,56,104,30,113,77,41,186,121
186,-50,2,-58,-46,109,188,153,-16,46,99,27,144,4,110,-173,55,43,10,-2,203,126,213,188,162,-27,-103,396,-9,111,49,341,155,57,92,-52,50,-63,67,120,-40,70,-26,247,123,67,-99,64,13,97,-67,107,70,-65,185,243,189,17,59,165,22,43,103,87,-255,246,52,-32,4,-61,-98,-115,-98,61,-37,140,101,-83,162,123,127,23,83,163,135,-46,249,-52,108,332,210,16,-143,94,110,-63,206,207,-23,-13,203,-24,38,117,-4,20,-62,16,25,-4,277,82,62,-38,-36,92,202,100,41,235,233,88,-97,-3,122,30,36,135,75,141,153,250,132,157,103,1,52,151,212,221,10,85,79,3,132,277,126,55,-9,-36,99,351,-23,123,43,195,45,-36
25,166,122,-17,-150,-21,-67,112,77,57,161,-142,311,27,18,-116,102,-83,223,18,110,34,64,60,145,-25,76,42,148,4,361,24,37,160,-36,58,-54,-36,127,17,160,160,221,191,39,229,46,220,211,99,67,61,82,-110,-116,130,94,60,43,177,126,65,113,54,-112,142,33,71,125,91,56,77,28,188,-17,16,-112,89,129,110,57,-2,-53,23,12,-35,24,-49,76,-97,92,-33,103,-15,31,171,56,226,-36,10,74,88,-91,-33,205,-58,136,51,-89,27,40,101,-18,202,-23,-29,-80,58,89,42,167,99,24,-21,87,-116,164,52,143,41,142,2,41,-29,-24,-145,147,229,-4,99,97,-28,78,-15,157,-154,14,31,-44,8,92,-51,192,145,-274,-175,109,18
-51,-44,164,-17,48,101,-32,121,96,-36,171,25,44,79,-39,91,25,-138,12,165,35,49,202,97,-22,-75,-27,132,50,-77,21,176,189,200,-104,14,123,-3,12,106,156,66,-42,94,26,159,-73,185,-58,143,-99,-29,85,76,133,71,-84,32,49,106,250,103,44,-25,40,37,228,171,-129,-70,-112,19,153,48,0,25,-259,191,184,-22,-63,-16,138,137,92,-68,-117,178,40,24,13,116,128,185,-16,91,30,59,-73,-81,-22,-51,207,205,79,-65,76,123,100,-115,65,-4,26,110,-147,167,-71,28,110,30,38,107,-41,85,119,-20,82,0,-21,-64,-54,3,-36,196,161,92,157,-59,317,163,10,27,151,62,215,161,180,61,-21,-70,64,18,-71,261,118,97,85,66
-73,22,348,35,-15,-17,107,81,-127,43,-16,-53,-94,113,-20,-209,-6,-110,55,124,151,90,87,-80,22,-50,1,124,215,97,182,26,-10,103,115,-36,-35,41,-59,145,126,37,19,-33,19,13,-119,212,-56,104,125,62,76,2,86,64,-67,-63,61,154,-201,-11,265,112,118,-26,-181,145,-83,-199,102,-12,23,-100,46,72,-75,46,-21,17,91,43,-6,-128,-22,-195,217,60,103,57,-61,-18,-112,198,36,56,112,230,9,86,87,-3,87,74,151,44,-44,72,110,132,76,79,-5,-100,-155,-32,218,-26,28,94,111,-142,177,-27,173,64,36,63,72,-97,15,98,105,10,52,97,84,106,-8,-10,18,-196,141,46,258,-15,-122,36,215,57,52,0,294,-45,-19,27,63,-127
211,344,105,-118,-101,43,-142,-66,-101,221,95,33,-24,-135,181,-46,151,-9,232,-97,122,59,-56,-42,234,-38,105,15,117,219,221,105,-109,240,-47,-95,-125,-94,-44,54,-69,-297,131,170,-200,42,71,121,-48,-158,-15,136,-219,-82,41,100,-11,49,-117,-51,17,42,47,-55,-178,90,-95,-136,112,307,117,144,48,5,-39,-21,76,16,169,-46,-35,16,-245,37,123,-158,285,-157,179,-9,176,20,35,-118,-19,19,-152,72,-63,-23,-115,175,-8,2,58,7,119,-16,-176,146,28,175,-291,-96,115,-84,158,-226,23,8,129,167,-85,-62,-2,30,96,-36,-101,57,143,166,-27,-157,187,92,193,176,226,15,140,-60,-20,93,31,-68,124,172,47,124,-17,74,31,74,159,11,215,-66
150,-274,33,-32,-194,93,0,71,-7,46,-92,128,84,103,-98,114,136,-27,-61,172,-107,198,-28,46,-126,37,-96,-117,44,-111,11,29,-21,34,-10,-53,19,68,180,62,74,-30,-208,-53,32,-187,-22,-98,50,35,-136,27,-49,-29,72,172,-31,-67,-120,-6,33,-129,-80,132,106,128,-14,10,8,28,-109,-41,-1,104,-153,81,91,77,-75,95,-151,-61,-50,-8,215,33,-116,124,-106,66,57,-104,-210,-128,61,-29,16,-43,-55,38,-21,-115,-93,151,-131,-90,41,47,-59,-95,-91,-32,-100,43,-27,14,68,91,-123,95,-210,-119,-142,-174,-37,-102,57,6,88,101,69,4,-11,27,48,136,-153,-39,-10,-97,-147,-46,135,-212,-130,-3,178,-230,-59,-100,91,60,-77,96,15,63,77,-125
-107,-161,-112,-4,96,-75,157,330,-21,256,50,-17,34,132,32,210,-30,-68,111,90,125,85,10,61,187,-79,-4,102,138,189,-23,163,178,182,158,-9,21,-62,-4,-76,-163,87,155,173,27,-103,-69,6,-20,75,92,-70,-162,260,129,35,40,-79,-164,7,95,155,135,26,195,-83,69,235,84,13,122,-66,136,20,133,-46,-170,127,-58,91,48,-297,-13,247,352,14,-86,215,120,295,58,165,-79,93,143,39,235,-17,28,-7,274,64,-113,-135,-18,221,88,-110,-19,222,63,1,240,48,204,-73,-25,199,-8,-190,86,-231,-106,0,129,11,61,-13,67,65,177,138,-16,39,35,74,-138,9,187,52,19,194,118,-111,87,225,-282,199,-11,-191,-80,65,155,228,140,-4,-250,277
159,-61,-147,-99,-20,39,90,124,-153,151,21,-18,42,267,48,-153,-120,5,67,203,212,51,37,33,164,79,-10,2,-76,101,7,68,-113,63,-51,2,10,17,75,83,-82,-94,-224,-4,-234,59,43,-21,86,-12,137,-58,206,167,-78,-101,-78,51,-115,121,123,30,96,-127,84,196,113,-37,54,98,40,-163,63,-5,-62,91,62,-148,-89,-31,47,-95,218,-184,66,29,4,-83,155,203,-113,-40,-9,50,-154,72,32,1,-105,-12,80,10,-89,-48,13,130,-12,314,71,-18,-75,-76,28,125,142,54,-17,-69,-102,63,21,128,-24,56,110,-100,5,78,147,127,-197,151,-81,-55,200,115,62,226,10,-50,24,1,-129,-193,55,298,42,82,-7,-128,-62,50,-91,98,78,-183,87,-31
-271,156,5,-78,248,169,19,194,-36,70,143,-76,-58,76,26,183,68,166,49,-90,76,244,-132,143,-75,149,-136,12,55,-64,-46,134,26,-47,125,51,219,64,89,-181,60,56,96,-28,-80,22,-110,287,227,37,254,-100,-9,177,-14,-46,154,52,130,-11,-16,-36,105,-201,152,121,77,64,-42,23,9,26,55,-66,-61,86,-98,135,-136,71,237,57,92,-118,103,41,26,3,103,66,38,102,99,-63,65,-44,77,109,26,73,-30,37,-105,139,76,213,65,-5,-59,26,-53,49,-42,171,-47,211,-132,17,57,77,23,21,140,37,52,107,-39,6,67,-26,-57,13,143,-179,90,-29,114,-37,-48,162,24,134,136,-220,-4,-39,-121,-54,-19,-195,-52,32,-33,-4,-73,34,92,70
68,132,-39,-1,-15,103,-1,124,-119,-97,252,141,52,-160,147,86,83,-123,-221,52,-111,34,163,245,31,10,133,288,38,-19,151,-43,-120,107,14,65,24,108,-49,59,144,23,106,17,121,-4,57,152,41,249,34,-59,18,64,105,16,-1,119,113,-5,239,11,188,161,-125,218,131,-79,73,-6,76,117,-36,-102,47,95,17,-183,108,24,164,-4,-44,-5,30,11,12,-135,76,-58,9,31,267,57,-66,19,-33,-17,-132,-94,18,-48,189,151,46,157,201,2,-40,31,88,-3,-84,-204,69,-127,202,-52,8,84,63,12,68,39,-78,-19,141,61,2,74,92,-85,45,5,67,-90,287,132,-89,-56,-17,-16,170,190,132,106,-170,215,-98,159,29,14,-132,32,94,86,105,-22
169,19,-47,19,-139,9,-34,17,87,15,62,-44,-78,-80,101,14,75,-5,92,63,86,144,8,129,201,189,48,-162,81,98,55,-111,31,-8,-228,-18,58,171,68,92,105,258,-12,-111,-16,22,76,-7,21,-62,59,-79,86,159,-38,-67,182,44,-111,-25,270,-167,-154,149,-55,46,168,157,90,265,38,27,116,-37,213,15,4,111,111,92,9,-93,0,61,143,84,150,-12,87,-132,-24,12,61,122,-139,307,11,23,170,96,-71,-88,-3,213,126,38,294,-1,99,66,235,-17,111,-2,-19,3,-98,-32,171,-73,-156,-30,-6,41,94,51,39,51,-61,48,71,46,-121,31,-82,48,114,90,-35,21,-31,69,-133,-17,187,198,-28,-21,121,36,37,-62,54,70,244,-48,-22,-31
21,-109,1,-69,139,114,2,-78,84,52,101,29,-20,315,109,-17,-173,57,27,177,66,257,131,105,146,111,-95,168,6,-51,37,198,81,10,6,60,96,-80,-27,-76,-132,-34,66,116,8,131,-148,230,42,-69,133,220,161,-17,8,154,122,97,0,-80,-32,-33,74,9,-33,182,113,161,-55,-41,-37,-166,-13,59,-5,-32,98,141,37,-241,59,187,139,99,123,11,10,104,247,180,-19,-157,-37,45,-96,32,23,86,-59,82,142,63,19,158,100,62,-111,156,12,-64,28,215,23,129,31,6,235,16,42,108,17,49,114,-176,102,51,-20,-216,49,92,-100,36,-176,24,308,32,-78,9,-105,32,35,40,74,-111,-39,-36,130,-131,26,-45,56,122,-44,107,111,-94,134,75
-146,58,-12,-2,102,328,92,147,105,33,172,70,-228,90,79,92,14,-87,22,250,-8,59,138,52,88,112,13,-81,-168,20,61,96,22,-86,211,36,35,-39,-37,130,-105,-26,206,193,-13,182,14,79,-23,86,142,22,-14,-12,26,-51,195,168,25,-56,-75,167,-11,110,-40,-26,76,213,132,259,-11,13,256,34,87,52,-19,-116,181,-15,200,-89,-19,-29,91,-37,-53,129,197,-45,-66,142,135,180,140,107,25,75,-97,143,77,117,-3,165,106,9,140,107,79,-323,252,-110,27,-103,-8,-40,19,-151,63,-103,51,-76,-93,13,-47,33,112,-79,133,173,-105,-81,239,73,231,187,57,-54,132,112,20,98,18,14,107,167,148,28,-21,8,15,5,129,180,102,-56,202,115
-50,-69,-90,-59,-146,237,118,4,-18,45,-99,143,92,-66,223,30,-53,-85,54,119,-192,72,72,100,-104,73,-28,154,119,78,65,64,148,32,60,193,46,92,55,-33,75,-225,180,-40,174,-18,12,-40,-76,184,226,95,199,-13,194,-2,268,23,3,66,109,37,61,308,-149,62,-163,290,134,-12,134,60,186,-55,-154,94,192,-80,31,113,32,-24,178,82,-195,12,239,273,-43,238,-70,103,64,-28,120,-206,-8,51,9,-179,-55,46,103,51,-36,205,83,9,-86,-191,71,341,149,202,176,-175,232,-115,58,21,122,-31,-53,-88,391,42,-16,-146,-70,164,46,-99,56,247,79,203,63,161,220,226,-90,5,181,63,147,270,84,52,-48,16,257,39,11,339,71,109,24,-70
-38,98,69,-57,-58,203,43,104,17,-70,11,-38,9,99,2,79,-60,63,-242,-67,-71,24,277,-35,34,138,242,-30,175,-67,138,10,-49,219,20,-34,134,-19,-86,82,48,-92,95,-22,156,177,-8,-56,103,-98,-36,46,-73,2,162,26,43,-47,-12,95,11,-47,167,152,115,68,19,328,32,205,67,68,126,237,-32,97,119,-64,-101,4,-36,76,-14,220,-35,63,100,160,11,138,156,80,53,105,-26,73,30,131,41,47,-70,213,-60,97,11,158,151,181,189,85,38,149,-84,-43,-57,107,-36,-94,36,47,66,131,-73,61,115,-67,24,-33,-5,123,-31,1,137,107,113,152,73,16,10,89,61,-166,193,143,26,-99,67,-35,-43,51,131,110,145,30,161,66,194,-84
-28,48,52,-22,-22,198,97,249,49,69,42,81,-96,6,123,76,195,109,223,210,146,-190,138,112,275,160,-279,154,18,-71,-105,82,2,175,44,53,52,133,-213,101,-2,82,26,201,115,211,-107,-92,55,7,-1,152,-123,86,-144,-12,-43,82,12,164,173,-18,-164,-50,-79,-148,203,246,59,72,-145,-90,104,149,269,-33,-79,-62,-54,-65,118,59,210,107,68,7,-60,-23,214,205,53,-109,28,-77,51,137,33,10,15,26,164,93,-50,39,3,59,159,60,1,-50,23,-110,224,-98,-94,-31,153,-175,39,33,115,-46,-102,103,105,28,204,-199,-106,0,-53,105,-6,210,-19,93,-10,-150,220,59,26,14,-34,135,136,82,33,-302,130,150,155,117,200,-83,-105,-38,239,16
83,-34,-129,-36,90,-73,-138,-1,-159,-24,116,-49,-103,11,39,-110,-102,50,48,-8,69,298,117,308,-93,-98,-170,20,41,87,-182,-66,106,-103,31,45,-112,-64,55,-34,-171,-62,247,-87,21,-127,15,-39,152,-99,222,39,-225,306,-234,-67,61,-54,-111,50,99,33,117,37,-111,-20,-109,168,-52,43,73,27,80,60,-28,114,-167,31,-39,5,144,31,92,157,-23,-32,98,41,163,163,-90,88,-212,-88,-41,-115,8,-19,198,-33,-26,101,-60,104,206,127,48,-27,-182,6,85,37,110,17,63,-3,-71,-153,81,10,-42,2,-4,-287,80,88,167,-41,150,289,-248,111,-30,113,14,291,22,186,137,93,-28,35,98,-151,64,51,100,33,75,19,-137,-63,-126,2,193,-38,-103,27
84,165,-148,181,11,29,-1,-44,230,18,-10,-3,-88,323,5,94,-35,54,260,36,13,-65,-10,20,204,120,91,159,5,95,172,0,151,77,-47,162,262,118,111,146,150,-65,-42,-9,142,105,57,50,72,-59,-4,-106,268,-3,8,-7,157,99,-2,39,4,31,-123,55,-15,125,46,90,201,79,-89,65,41,269,121,107,242,89,-83,117,132,19,132,158,123,12,141,-69,80,126,-10,92,15,92,53,44,63,142,38,28,29,-83,42,345,83,-138,93,-38,-10,-15,-175,-65,202,-46,22,-12,17,181,195,174,107,126,260,85,123,79,28,54,-140,41,95,-96,8,11,-36,48,-52,27,144,113,113,249,8,90,211,57,35,59,54,-27,26,369,41,39,76,-92,-8,32
15,171,152,-142,40,-62,-45,63,-11,122,-67,14,83,31,6,134,68,10,228,-31,141,41,138,19,-62,158,-139,126,159,-120,164,161,63,26,136,30,-140,25,18,75,-170,-177,53,98,44,158,60,30,87,-72,122,149,25,66,120,6,185,198,123,-150,30,191,87,272,2,-267,-6,145,122,104,79,-41,36,-32,225,-7,115,-38,-101,-97,4,59,-18,96,24,-45,185,134,109,158,92,-92,-92,58,27,-56,-27,182,-142,101,-47,109,-43,144,15,-90,80,25,-15,5,-28,49,105,124,-74,102,111,-26,73,-84,15,142,172,125,118,-126,-2,-75,236,81,-101,197,133,111,26,251,8,-36,100,185,113,136,96,-27,-145,27,61,-67,118,98,136,63,130,120,17,26,130,8
-97,190,-29,15,119,200,-116,78,4,-32,-68,-4,43,43,21,117,-18,10,-151,78,-10,88,87,103,-21,139,-52,131,91,-68,29,31,-45,60,123,-95,203,11,96,-10,-90,-100,59,-24,15,-55,-191,19,-76,-42,19,70,17,87,26,225,-218,-11,-12,-75,220,229,17,107,13,-5,-4,49,148,76,84,1,-103,-43,60,195,82,87,-56,-63,-79,-129,19,36,-101,108,-34,74,56,188,13,33,11,67,34,-68,107,-20,4,-8,59,214,-69,28,-126,173,31,324,-33,68,-1,148,7,115,52,-21,228,-63,102,-36,-78,13,94,12,57,-28,-67,85,-19,-103,199,51,110,-169,317,-11,219,110,-36,58,-162,9,-44,11,87,-5,-200,162,55,356,60,72,157,346,54,31,56,130
123,25,97,32,-50,-45,184,-10,-64,91,259,186,8,75,95,-158,-162,-50,-19,50,108,-2,72,31,-32,-100,-39,6,57,-77,21,114,55,54,-70,-215,57,-43,-46,-15,141,41,-8,-15,85,74,64,100,118,66,116,-23,186,-75,-140,79,42,-111,155,103,-115,18,30,-75,-74,88,76,-85,-64,50,27,10,159,-64,191,28,111,91,11,-109,98,-3,141,-134,-55,17,139,73,136,84,142,-168,7,-50,82,-148,10,85,21,96,-139,148,79,101,77,-20,-31,86,-3,19,-130,-27,168,117,22,22,-75,51,2,255,-50,-44,107,-17,14,106,-267,22,191,-70,128,206,97,-238,30,92,84,72,-108,47,142,-82,69,-8,72,34,-102,56,79,132,77,-17,22,-36,154,23,89,-40
142,-30,91,218,-49,41,16,-238,128,-127,-136,165,73,-15,-57,66,-19,43,-27,119,81,-18,34,14,219,63,-22,96,-14,184,238,63,-30,152,-49,-38,35,173,-82,-197,122,-146,110,-103,76,237,-27,-16,-30,-4,116,186,60,67,44,-34,-24,101,156,-8,2,78,3,117,-195,124,-60,-91,50,-99,136,-106,-25,6,123,13,95,42,133,-128,-10,48,66,40,13,-134,118,258,73,-211,135,48,103,19,153,229,-118,-16,72,-96,132,43,188,-114,29,-147,224,244,162,67,3,87,71,-82,-6,50,-19,-15,150,-57,71,184,32,-60,108,74,87,46,-183,-72,247,-139,65,116,-25,168,-31,179,79,50,-33,-265,96,52,193,33,63,-16,-142,203,48,85,-6,84,-19,17,-10,-179
22,-4,8,-30,45,68,-70,-98,-37,-28,-86,52,-51,-221,55,14,-100,175,-93,19,104,91,-55,94,0,-175,73,-21,5,-5,-134,102,61,-152,-119,49,-128,115,-37,-59,-30,-48,-10,49,-52,104,-61,108,-79,15,-9,-11,-78,-57,-91,56,15,-150,51,53,76,13,9,38,-81,-26,-56,-120,-38,-107,-162,140,-2,-9,124,-240,-218,42,4,142,-147,-34,73,-14,97,-25,-34,75,-144,119,2,12,-150,55,44,86,-7,-6,107,-163,127,264,125,-283,-7,-97,153,-77,2,14,103,-12,-28,-83,-26,-109,4,136,78,-61,-113,-24,-59,-56,-49,-89,41,-122,117,133,26,-8,-131,-95,-90,-51,2,93,189,-49,-28,125,50,114,-70,48,-37,45,20,44,219,12,-284,-26,194,104,74,26
179,73,-42,89,-32,-29,-112,57,34,64,-7,-25,-118,89,-54,58,123,325,185,268,140,133,89,155,134,-6,40,18,-49,52,-92,-101,122,-48,-130,185,-8,56,97,-21,-41,-32,53,-66,-115,-15,-113,40,84,-235,223,148,-108,-122,-121,-250,-135,11,-118,-1,75,66,241,-89,-37,-42,22,-38,64,63,-152,-41,126,-110,176,-69,-77,101,-111,-31,104,33,-86,-55,81,130,-126,-235,68,194,83,-218,-91,-34,-154,41,88,-21,187,147,-42,18,6,48,83,83,146,-113,20,135,73,38,-71,-18,197,-229,-3,-64,179,77,97,-25,95,-84,24,26,109,31,50,78,9,94,-58,-66,115,-14,100,7,121,10,166,68,71,141,95,259,-159,17,235,160,-152,-100,158,-34,-16,-55,-177,147
70,308,39,51,-30,41,23,80,114,156,62,-31,10,114,-23,142,-98,-138,-37,-84,59,91,-12,40,-13,274,-69,137,200,-5,117,54,58,102,177,87,210,-149,237,49,133,-22,144,-8,187,-2,128,-44,-9,135,-46,80,-42,-38,-75,50,72,37,-68,86,33,172,-71,89,93,-142,139,4,106,81,134,137,113,127,-50,156,90,61,183,174,-14,150,-100,87,-1,-30,32,123,31,75,-132,267,163,-81,-13,-43,-157,-56,-83,70,90,-2,-171,27,36,-73,-68,8,31,-130,160,50,37,180,-213,270,217,-61,181,-61,-48,49,-106,69,38,138,-50,-71,-49,54,67,-11,39,108,231,171,-50,-9,165,-45,241,101,-115,-139,-38,249,74,25,143,-56,100,22,7,1,286,146,-18,-33
-28,-76,-58,167,16,355,65,228,198,26,-27,69,156,128,-16,16,11,47,102,137,-88,110,63,-4,-233,122,-22,24,80,48,178,45,119,62,196,45,160,-56,117,36,-6,126,-75,206,-76,95,157,125,-96,153,-127,-37,242,153,-12,213,126,41,320,-17,4,106,45,230,239,43,121,166,70,-83,103,14,58,96,-76,26,-17,147,9,8,-44,75,84,-27,158,8,-62,200,107,-120,-149,50,41,48,-76,4,94,0,113,45,191,23,35,91,42,96,11,159,85,-10,193,-91,-42,-57,-225,142,138,260,64,-15,-60,-27,80,34,239,111,44,46,183,121,43,150,129,-144,93,230,-31,58,-7,33,-76,19,174,-134,126,139,-146,234,280,-27,74,-51,-59,-76,61,-135,275,-135
202,69,142,281,-103,157,-66,6,154,40,68,94,-10,-90,105,-104,68,-100,84,-23,50,75,82,30,36,67,-52,119,71,14,124,176,-28,273,45,2,98,45,-49,20,-72,44,-7,-31,92,-58,-116,193,47,94,-132,-39,4,137,-4,143,45,155,29,-174,-101,-136,209,131,-46,93,220,-93,92,-46,-43,162,116,90,-58,-58,-126,97,254,-140,333,172,-63,79,277,-70,-29,-210,275,-81,119,117,122,-177,-195,33,100,-15,-19,46,65,8,-42,166,1,349,139,-6,57,97,-41,25,155,-35,83,23,222,-179,1,-124,102,52,81,75,125,30,79,-141,-7,-142,-1,178,32,94,167,40,104,68,237,-124,179,90,126,28,-13,118,38,-193,205,96,-151,-37,-117,-41,109,21,160,87
-6,49,101,-175,-177,183,-138,205,186,53,-37,33,74,-113,-92,69,-7,-42,41,21,17,223,192,107,3,59,185,118,138,-125,75,156,-56,111,73,53,48,229,-77,-200,-67,55,-41,114,37,196,-11,187,16,111,159,116,-12,243,21,182,124,-126,56,152,226,-42,181,69,101,167,155,128,96,122,15,178,94,-21,-24,109,-8,-15,-4,-141,26,53,-23,-135,4,50,-16,-51,148,25,69,12,140,167,-6,49,105,26,-114,-1,26,12,-10,-43,211,179,324,-183,-64,64,94,209,-39,175,56,-26,-72,-62,56,-116,-10,152,122,-30,-14,-40,106,-113,11,180,-61,211,-59,-56,-69,-25,73,131,20,-14,216,58,241,2,208,-46,-6,-11,-57,202,-144,-2,-80,142,45,45,125,-89
0,148,44,73,-34,167,-219,51,80,-61,-41,-87,117,27,21,-86,26,-81,127,46,222,69,-42,75,-93,67,-14,-113,-7,-69,127,107,162,59,36,82,85,-71,-23,-8,22,-92,140,26,41,14,-289,166,35,-49,59,203,64,85,-37,-65,6,-11,-45,91,-93,71,92,59,-139,114,5,27,255,107,-74,178,79,-7,-90,95,81,267,126,-155,14,-71,94,0,72,-105,51,180,18,-24,57,-89,19,-1,139,-123,11,21,-159,22,119,140,26,143,37,-124,94,91,-90,-41,41,-105,-50,133,35,-47,-13,-207,128,-176,-88,151,56,80,34,134,17,12,-58,-44,32,-19,178,-2,104,80,13,37,55,133,-1,159,-72,-95,33,-186,141,1,49,-54,100,184,-20,98,39,-3,107,-50
47,217,167,205,-130,33,44,-7,151,107,-31,-119,96,27,34,46,81,181,150,90,-35,-83,40,122,41,191,-65,-66,85,-106,301,-171,-5,5,18,-47,-70,126,57,-5,249,92,-4,70,207,256,-150,182,76,143,49,-16,12,-11,42,93,116,117,92,80,98,30,-87,84,-20,-129,-113,107,-44,172,76,68,-61,113,-10,-79,104,117,216,-22,24,-20,-4,108,75,95,52,-16,100,-10,126,-1,-91,118,22,61,43,67,-48,202,0,101,105,-22,-12,2,-27,109,-206,-34,-37,20,19,88,12,101,48,58,42,-14,-62,31,63,91,109,82,62,-106,15,-67,44,7,-85,51,77,235,65,-164,69,195,48,-8,10,28,-77,48,195,31,58,-159,-175,41,96,34,-15,-104,-27,1
-32,92,3,-45,44,-47,-182,93,27,104,-7,-22,-67,212,58,-176,25,-100,41,-45,96,143,-143,-74,64,176,-30,52,87,50,8,-67,-43,116,75,-30,76,39,-50,68,26,-47,63,45,109,121,120,-116,42,19,-150,8,-20,38,-242,-13,-11,95,-58,15,-58,217,0,43,12,-5,-86,80,66,-71,-101,-30,44,79,-74,11,-68,82,97,-205,-28,10,94,19,173,9,69,147,-5,-11,8,-28,177,-31,-78,-159,165,-20,-135,-173,129,19,51,105,-89,104,-88,-18,-52,2,-12,-17,138,6,-40,85,76,-32,38,46,41,-44,183,-19,154,-14,233,58,-51,137,-124,-87,92,143,157,-45,-81,-109,146,-125,182,157,125,-175,88,-62,-20,61,222,-8,192,46,130,-41,-12,-151,49,78
18,79,186,79,46,418,73,234,82,-70,249,78,72,14,-53,81,-2,20,26,249,157,109,126,-56,47,143,-207,56,34,107,0,-45,-116,262,149,34,54,29,45,215,-56,-10,213,225,-24,192,-11,4,-133,95,-104,184,-178,121,-46,78,-57,-76,132,261,286,91,130,228,76,117,174,78,111,-101,96,236,108,277,83,221,-17,167,171,44,282,82,65,137,126,76,-83,20,321,-12,-121,7,150,81,12,-154,54,-4,134,19,-75,119,14,156,211,-71,98,112,-30,75,164,100,-38,-125,-45,-12,125,-55,120,127,78,172,51,-33,132,194,39,-34,-123,-74,8,-79,47,-15,160,148,153,71,-61,-111,182,176,82,-90,22,222,-14,87,114,171,16,79,72,273,73,-3,212,-12
89,62,272,162,88,103,166,-5,11,-158,-37,-236,77,-13,71,-291,-106,-14,189,198,329,184,175,-75,-66,44,-135,-34,212,-148,-6,1,66,174,232,-42,233,179,54,71,-68,235,145,51,199,23,45,100,19,-62,107,6,309,266,116,297,52,-75,-26,81,12,-42,60,0,158,345,107,211,80,-15,100,167,-79,-25,232,217,147,134,-68,-37,149,-213,152,73,68,-2,58,-149,221,-163,143,222,-49,185,-9,-84,70,140,40,-21,0,45,-19,135,112,-46,206,245,123,191,128,-25,43,-23,52,-52,259,-11,52,-20,272,157,63,47,61,62,-25,-38,216,154,-77,157,219,84,114,88,458,81,43,93,22,-88,-18,139,174,-91,207,-14,283,101,-46,-100,108,41,173,64,207,246
-123,36,117,41,-82,170,-10,64,-25,22,59,151,70,82,-52,-54,-146,185,-101,223,90,118,97,111,88,-73,87,51,-233,56,16,52,13,13,98,-15,-12,-138,27,-123,-68,124,44,97,-17,5,109,32,42,137,196,-140,-177,76,100,142,-63,-78,-31,264,-91,23,69,164,106,-19,271,-112,-150,-64,41,-77,107,13,108,-27,-288,14,54,107,265,5,-17,153,60,80,-19,45,70,194,56,51,-8,-6,-110,44,45,19,-69,-46,65,95,66,-82,-99,-44,138,113,189,15,176,95,21,88,128,152,79,-94,-42,113,17,0,-129,-50,-121,146,-66,6,-44,134,-30,298,-163,183,25,165,-59,-10,-59,124,-56,25,-115,-149,31,127,-34,16,-12,-47,71,130,75,61,95,87,-146,82
-38,101,105,119,136,318,99,73,51,88,-60,-20,86,-34,-57,110,-45,-216,128,126,15,8,135,57,177,44,77,307,-136,47,231,148,0,219,103,73,76,-58,160,125,147,-131,139,77,-65,55,56,-98,54,304,12,38,192,149,-77,74,219,-14,48,72,105,22,163,126,-162,128,152,91,160,-2,-47,-48,-79,14,225,142,23,65,216,66,356,57,58,-18,23,-148,62,82,19,-31,-58,10,-1,100,-49,68,42,58,-90,112,300,87,29,138,86,-184,183,38,104,77,272,113,50,-27,-84,49,-33,-81,157,19,33,127,-7,103,176,175,-64,-109,-41,125,-66,-2,150,138,183,86,-37,32,220,164,-105,44,119,-155,97,259,-91,-56,-76,-133,32,300,43,-43,13,-16,-57,-121
132,101,116,47,-130,39,103,56,72,107,-14,227,-91,44,-25,-34,49,-82,126,-7,50,-73,100,219,22,153,-93,43,135,-14,37,21,144,-14,96,-1,88,62,-153,156,-121,114,37,-99,31,-93,51,21,129,-28,56,89,-112,49,164,181,175,84,-149,124,178,-125,-40,-69,-44,92,282,174,86,26,34,53,171,-25,-176,156,165,-22,14,38,78,133,171,37,48,115,49,-43,135,-14,11,10,-2,-122,-146,-51,32,-46,67,71,-23,134,-250,-24,-53,14,125,-60,-53,13,26,131,56,-23,-49,87,189,-158,119,14,177,150,-27,-4,63,-225,145,-52,-32,7,-40,114,-53,115,9,119,156,-61,143,-82,146,146,246,-133,112,23,-18,-268,163,78,173,66,49,171,191,150,162,-113
29,20,-85,-33,-194,166,-96,45,-73,34,-122,-191,98,79,-17,-39,101,157,-96,162,-129,124,125,45,18,-40,54,45,41,-67,-82,-99,-44,109,-120,108,-31,49,75,-25,148,13,-82,-40,-207,-14,36,102,190,-39,198,-104,-241,-83,-34,-244,13,69,-14,156,41,-162,5,178,37,-125,-137,-75,188,-4,-87,182,135,13,-23,25,2,-136,40,-82,140,28,149,43,-62,192,139,-42,-80,172,22,-165,-30,87,-109,124,16,68,107,56,-109,18,-82,27,-79,88,287,110,-78,-148,409,-18,-32,40,194,148,58,69,139,94,-37,-141,-12,73,-36,-17,100,99,151,155,81,-104,29,103,-77,182,65,170,100,70,-86,121,38,4,-111,113,162,-82,-22,-45,117,169,-114,189,-57,74,130,86
183,61,-44,70,-69,51,-49,-110,-22,-59,6,-54,104,206,-25,105,-19,174,-182,28,-125,221,118,40,-95,138,112,-52,115,39,146,99,117,-4,36,-85,100,18,217,22,-156,97,-121,-14,-23,7,188,66,20,-56,-39,-75,-20,-86,160,111,49,102,12,-92,90,116,71,-83,-17,78,172,78,108,47,75,70,-78,-79,36,64,160,56,-41,130,44,120,-98,-21,112,244,133,154,-185,31,61,180,23,55,-11,33,176,-51,-40,-50,-102,-30,-70,-19,-226,-53,116,93,41,-161,121,168,-65,80,64,75,194,-11,178,34,-70,-189,94,-158,148,-77,43,14,168,263,114,16,30,230,135,53,-73,67,6,51,153,226,275,-94,75,67,148,76,31,-24,68,128,83,121,42,-85,130,-13
-93,265,-29,-110,29,135,-100,288,212,209,-23,-33,-176,96,108,85,50,117,18,80,-123,-98,-75,9,96,15,-66,71,74,107,33,91,69,64,-35,43,-3,18,128,-121,34,16,38,129,246,-55,-92,121,-49,249,-41,-118,-25,127,-36,25,203,32,46,151,289,-8,-138,101,41,59,89,98,4,62,169,232,-14,178,-144,43,96,25,139,201,59,90,143,45,-78,-31,49,130,252,144,100,97,98,64,178,71,-19,80,2,-55,-70,56,168,194,93,-43,27,-8,-42,-191,-60,10,167,6,81,146,-49,2,-6,62,67,-4,39,57,127,60,-81,-96,-144,327,194,128,-2,-23,-21,102,51,61,64,118,186,-30,173,86,155,8,164,-30,-30,-37,123,-63,-100,11,7,112,1,121
24,-9,-49,132,68,10,-86,-78,137,68,123,-81,11,17,134,78,155,-50,157,45,-8,40,60,35,119,-157,-109,31,-51,285,164,58,264,74,-43,70,122,112,64,18,-68,8,-107,-31,156,219,-86,63,80,75,75,-23,57,161,2,-7,-32,34,-198,-59,6,99,59,318,15,63,2,0,161,-29,-9,97,127,-35,261,133,220,183,38,73,146,-201,99,151,5,54,130,282,99,28,74,76,-28,-39,96,74,116,113,-154,87,11,42,-8,104,7,-85,102,76,29,-117,229,53,86,5,172,88,-141,180,94,-87,121,94,156,101,-24,46,124,267,139,70,116,7,172,29,20,71,99,3,131,104,207,59,52,-39,212,19,-74,122,-55,48,-21,82,-34,184,57,-44,77,-59
4,22,-70,-106,58,-32,22,25,94,196,-37,38,-178,101,283,38,135,-24,107,221,136,20,48,101,9,13,-187,148,-24,-45,-32,4,46,65,55,-19,100,100,102,210,120,149,2,-41,191,-20,-55,-187,71,159,-175,-42,-89,181,-75,97,-65,-17,-25,142,95,-4,-45,22,-110,50,167,53,135,-160,23,-153,215,22,86,64,129,-65,287,-30,62,-97,126,6,-7,-47,283,40,-49,201,90,49,115,-195,31,56,-40,27,-58,28,121,-23,64,168,-131,11,-62,149,35,-90,110,77,-10,24,-117,153,137,-98,158,37,-40,-67,-67,86,64,-98,88,130,74,208,-94,17,4,42,294,148,-29,56,192,16,-74,59,-54,-48,120,106,266,135,-66,-8,57,183,-19,-7,107,-26,177,-28
-92,-68,-101,79,9,45,104,-85,-89,132,97,48,58,-18,89,-179,10,20,-93,28,66,17,8,-110,68,-150,131,110,-54,12,5,9,-141,-4,47,-12,151,150,84,-2,-73,-86,52,-31,122,-7,27,105,63,108,-112,-94,76,-11,-25,-252,110,128,44,0,144,8,224,115,-65,177,-60,-187,137,-140,59,-151,-4,24,-141,-29,-33,-108,-5,162,91,54,49,-45,68,43,-40,-45,111,-29,-72,-25,139,91,156,-27,-22,-144,93,27,-202,-58,171,157,68,45,33,-151,52,-203,-78,64,218,-31,114,57,-87,-10,-79,29,90,-17,97,-13,28,-144,1,197,140,-48,19,-160,232,-225,-34,-27,73,148,89,-235,-58,-63,-107,-39,-40,211,146,14,-126,-12,-71,-68,-45,105,-11,-44,-7,-24
68,1,-88,-136,13,91,61,116,304,78,3,-44,-111,71,159,-97,131,27,91,59,-72,253,-17,97,47,-118,-82,-103,-52,49,-32,-256,59,147,-8,-79,-15,253,149,-37,72,-38,-16,-21,41,219,81,-19,63,237,118,3,-42,121,31,-43,118,124,105,144,-30,4,19,107,36,262,-118,-13,-37,-136,3,268,117,-102,110,79,-79,-53,266,-33,15,-35,148,-33,158,-29,182,5,123,22,-82,-44,84,200,102,-165,66,40,-6,-48,192,111,95,74,145,-26,165,139,-73,62,111,6,67,6,193,30,85,148,130,-15,207,103,148,129,-63,-51,201,143,190,246,27,113,115,24,80,149,2,148,67,-34,4,67,109,-55,256,6,36,86,12,-61,-14,-261,83,75,30,-169,29,-27
26,-71,-42,98,-33,-74,-25,48,109,-223,-102,102,92,-78,-2,139,-93,131,-6,-291,-185,100,-122,13,54,-38,233,-123,171,-68,-88,143,149,76,-82,-50,-30,149,49,-135,10,-73,21,189,59,96,-175,114,-2,120,210,128,-91,-134,150,143,80,-145,25,9,-17,-39,6,33,125,85,-3,8,83,95,75,63,-124,-4,173,18,199,103,-68,-104,1,21,67,122,68,-80,-58,135,-125,46,10,-14,-25,-29,-145,60,87,80,89,59,-69,138,-60,-2,287,2,170,68,-56,125,132,233,132,223,276,-1,-189,20,173,-25,-92,131,-49,130,-7,-23,44,-93,-47,-224,151,-14,-65,-88,-178,20,96,13,-201,-40,71,7,134,47,-16,-65,-105,14,-30,59,-64,147,35,176,-160,-20,-12,36
-97,-125,92,64,-65,102,35,85,175,54,-212,108,19,126,-68,-83,-4,-46,157,-25,-145,131,-58,218,115,216,37,88,102,-51,123,123,-39,-118,-9,81,101,23,158,64,111,12,-141,-8,98,136,-6,-45,70,-13,109,123,253,246,48,90,246,48,9,76,53,82,88,-7,183,94,116,105,124,72,52,-9,-11,33,-75,7,187,22,-141,59,-47,38,50,98,178,-84,131,87,166,87,133,-85,57,-13,79,36,6,126,92,249,31,-151,36,-47,104,4,99,-2,51,-42,-72,-94,34,71,3,13,-109,8,161,44,82,153,174,27,207,10,10,21,-131,81,-97,147,-44,31,-17,62,-106,-115,-19,67,-21,105,72,-24,136,-56,53,21,158,30,70,186,158,250,25,15,142,80
-104,73,165,172,112,130,-1,199,-19,-42,5,-153,10,-37,35,-79,8,59,58,-31,188,-15,200,64,-14,62,-172,-62,-118,-75,29,25,-1,71,179,-46,-66,58,108,-22,-17,230,141,84,-11,59,-46,131,35,94,-65,125,-55,-12,-142,152,85,-52,153,132,275,-83,-45,48,28,26,72,207,55,-100,28,24,107,45,70,33,-98,53,158,68,40,13,-19,113,169,89,-39,46,166,-87,-86,-13,-61,259,14,13,-63,48,104,52,199,9,-100,-29,189,104,56,57,204,89,146,69,5,-22,-115,-46,-69,-13,45,-214,-102,18,19,260,82,-62,154,92,82,-110,-140,188,-1,165,36,103,-31,57,-29,23,114,78,53,-50,-127,125,-25,-71,226,210,-23,-150,-107,-64,102,62,-120,122
69,121,186,129,48,40,-41,127,56,91,-51,147,-192,-2,58,-59,-129,34,-14,32,133,94,282,33,-10,1,-62,-19,-35,4,155,260,48,-25,153,-64,-34,72,-20,7,21,8,14,186,25,-148,-151,102,97,77,8,76,-38,-7,-61,8,161,-14,-126,163,-120,249,51,86,36,-44,-28,-7,241,152,87,103,147,169,-86,30,-2,-19,-69,152,-39,119,-178,-84,-50,-235,-114,-39,235,114,-10,-21,20,63,71,14,96,-18,88,73,40,-39,-215,57,255,-17,45,-204,-71,60,-31,61,-31,104,87,-96,23,-244,162,171,6,39,-29,-77,119,-134,-27,-98,-25,-32,-107,117,-82,-5,25,144,-142,19,127,250,224,-70,52,-35,89,20,179,157,262,151,-115,26,45,-94,62,164,114,42
-45,67,-92,94,70,-27,10,-18,52,79,11,-89,78,113,-301,-162,23,206,-28,134,-13,117,67,-37,94,173,-67,145,95,15,-3,19,-119,-15,211,40,170,107,176,-107,-193,-119,-110,-22,57,111,-21,23,-91,-39,-58,-30,98,-93,61,-33,181,65,-70,147,-21,71,-35,83,75,-100,-7,106,17,-61,-63,-13,50,1,-174,115,91,-70,-54,59,-30,102,210,222,30,-46,107,-17,17,72,-53,46,43,4,-28,180,-151,-40,194,-15,141,-64,-24,-61,32,-32,286,-32,169,-4,-78,-25,-80,25,-2,4,90,-146,34,-80,8,121,132,-81,41,-110,96,135,2,80,-49,179,-108,191,-56,144,-47,63,63,70,89,102,49,136,-73,156,62,-49,90,28,74,48,114,-25,200,-195,-64,-77
19,-18,186,8,74,-48,-19,38,217,-260,-32,111,-40,-34,-28,-113,-193,-65,-147,-164,52,-47,-83,74,-58,16,142,167,161,49,40,225,129,-14,-31,-101,323,-103,-10,-20,-3,-6,-64,-78,233,-48,0,192,171,87,-210,27,81,75,338,257,163,67,-103,-29,-10,66,-2,-29,47,121,66,-174,41,-90,51,23,-90,111,-265,139,-39,11,-109,-13,-83,107,-51,18,49,-65,86,-44,68,71,242,-116,13,-196,-3,-24,10,90,28,15,90,-34,-74,198,32,-161,-99,10,-129,-97,-185,-95,-138,135,123,-21,123,172,32,166,-67,168,160,-161,-68,-9,-140,40,-141,-110,120,-49,-18,-76,27,-225,149,57,-89,57,104,89,-24,5,-193,-164,44,131,151,137,47,-80,-37,67,31,82,145,-50
-39,10,40,32,-90,10,69,113,306,211,-139,-23,8,70,124,36,152,178,191,65,-54,9,81,-14,52,24,57,94,-40,25,165,19,-73,-36,66,30,287,33,132,-62,152,319,-86,-30,333,181,8,125,47,112,67,32,85,8,44,11,142,232,6,50,101,232,-74,166,-2,5,265,-5,131,39,111,-12,79,114,-59,125,32,-54,11,181,55,14,183,118,122,24,128,-46,246,-55,240,50,142,217,-1,123,96,34,-134,33,164,-13,39,-50,-11,-55,61,218,149,-34,108,34,53,74,-248,239,96,229,203,8,109,-111,86,69,30,-242,-30,192,-94,39,125,-92,198,37,-56,-29,-109,-214,166,76,233,32,134,47,-120,-76,131,-105,66,35,241,94,18,-154,-33,127,-53,81
-47,120,-336,-16,41,42,-286,-5,89,142,101,-90,16,-21,39,65,-45,3,39,4,-95,138,-1,-87,23,44,-2,-21,-112,-18,-126,-143,21,-8,46,-35,229,-23,-23,-168,-9,-7,-2,54,24,-72,-194,-4,-49,-33,99,143,-42,56,-4,109,-209,86,43,-42,-22,103,-38,150,65,-20,-14,-1,-141,34,-89,-19,11,-49,24,-60,-37,-213,-95,-122,-41,-198,-1,169,-31,61,-40,-6,-181,-86,186,83,194,-115,57,101,106,-65,-149,-126,9,142,-78,176,-54,90,1,57,46,-91,65,108,26,133,118,10,70,-55,141,-12,-125,-224,-24,50,122,-206,-28,50,-19,100,-26,-11,177,14,118,-119,106,25,138,40,-61,198,-101,80,20,-39,21,7,-177,-46,78,172,67,13,30,-112,154,156
98,28,80,103,0,6,203,104,30,271,232,91,51,203,70,72,76,43,-159,-8,28,-21,82,142,71,116,-208,-49,27,43,-27,2,0,33,118,-211,81,21,5,-203,-16,110,-252,-3,158,-35,-3,-66,-83,100,145,29,-30,69,-28,-15,238,99,130,34,-138,177,75,61,-20,118,215,-196,-129,-19,32,33,228,29,-20,-30,111,-22,24,45,44,-47,26,60,158,86,113,106,114,189,197,192,-100,-35,22,-101,-81,-84,4,293,-39,-18,-166,5,-50,-80,11,-104,195,-197,-47,108,167,17,-46,191,210,22,20,71,-91,-57,-165,-82,126,-36,-53,-77,93,75,104,192,187,-109,126,285,-99,-113,257,-8,222,211,-40,-78,137,176,140,-74,130,-72,-10,-106,161,111,66,243,37,117
69,105,-181,-203,-13,-39,1,31,-7,-69,-83,151,179,-35,-61,58,-2,78,149,50,-5,-37,156,63,21,-60,-38,78,87,50,-88,76,176,13,81,107,-14,42,4,-63,-19,-47,-56,69,45,127,-67,52,171,-163,-128,-5,249,121,-120,153,77,-85,-18,109,90,162,-59,133,78,-162,72,42,-47,17,-103,68,219,156,34,-38,235,233,9,64,-27,111,155,-104,-114,-64,28,131,-71,-186,-58,192,-49,-32,-31,80,114,-43,-45,106,121,152,-151,-94,-10,-44,17,60,-205,47,122,54,-108,34,103,63,99,134,-81,16,189,4,7,118,-192,54,-8,2,78,135,-31,141,9,-2,-7,37,43,167,-11,141,-76,23,28,144,-13,81,86,136,-60,-61,57,282,66,52,192,11,31,-89
186,38,-104,248,-120,104,98,88,2,160,-14,-22,217,93,-202,3,29,-157,0,151,64,45,108,254,183,274,39,281,103,33,-45,6,58,15,56,132,186,-108,87,190,72,142,-13,-71,156,-113,-58,-12,91,-35,-21,220,168,111,-202,226,123,108,35,99,27,-19,195,-16,-147,114,319,184,72,169,57,82,-54,170,56,-44,123,89,175,70,222,55,8,38,68,-75,159,-99,241,130,24,31,143,-5,83,118,68,212,7,287,-58,-49,37,166,-105,56,-45,69,-3,-144,-30,14,89,0,-183,18,63,-49,-26,223,-33,79,-44,-46,223,26,-63,-130,30,119,-48,209,-54,-80,45,-110,63,101,152,235,-100,5,-114,-66,130,183,146,-68,28,-22,-73,182,15,-25,99,-15,114,-47
-15,14,74,127,65,238,-72,70,330,73,26,87,-66,200,153,-30,-41,-21,76,-59,-135,87,-75,111,89,-9,43,187,-60,86,207,140,52,-212,196,-35,97,83,125,74,-36,-7,-64,-15,-12,76,-29,-175,-61,182,31,25,250,97,290,95,257,149,88,-92,22,176,8,4,102,233,151,45,112,27,-29,76,-116,79,44,106,185,57,-29,-88,-26,93,63,-57,-109,175,23,1,110,-67,156,241,-51,-5,-160,-86,66,129,-13,71,96,29,-122,149,-84,3,16,122,69,-91,-100,-81,-32,-12,2,23,152,252,96,-30,90,19,-78,108,38,-19,5,-160,-50,59,-20,-54,-19,90,173,31,101,-111,128,-26,115,94,97,87,68,70,-168,56,173,6,53,44,43,144,-2,-43,-65,146
-108,147,135,29,-9,242,-164,138,-304,6,109,-155,47,-108,-28,-22,23,120,210,137,93,116,27,127,-42,-63,59,-4,172,7,-28,38,52,41,181,49,93,47,-44,96,3,118,53,-138,59,34,-197,133,-26,65,222,57,-127,79,109,59,-56,-31,-1,61,34,249,211,208,142,-124,51,-130,266,155,97,-57,47,88,-55,44,-93,-55,-105,-1,114,-71,-68,208,168,66,42,18,-45,171,406,129,-23,-49,45,-76,206,222,126,27,28,68,63,-120,1,152,36,46,-108,-3,22,-57,110,130,29,1,-79,29,-71,-103,83,-79,30,-94,109,77,41,74,59,-130,41,-39,256,-17,-89,-29,133,-30,323,261,55,91,-53,32,120,-1,-23,123,97,31,179,206,258,208,-16,0,36,164
6,23,196,-78,-19,52,160,226,59,61,41,20,25,115,136,37,-128,-83,277,101,208,58,90,-64,230,-113,-135,49,78,198,295,115,-71,46,78,-135,69,115,26,72,-89,-91,67,72,20,123,-116,125,-135,137,43,-35,10,85,117,28,44,62,-15,70,42,30,33,173,-102,202,-44,25,33,-163,29,15,82,74,-69,85,78,113,-12,170,95,-80,181,45,257,45,-14,197,50,170,169,1,-156,4,81,-42,281,159,21,45,346,74,-160,-18,19,51,-12,34,-72,8,-77,60,243,94,151,28,-28,103,156,92,53,94,162,-327,176,-18,-28,99,11,-8,115,73,94,-82,190,41,-29,159,72,104,167,140,-37,-23,198,163,-113,-16,-35,-117,-9,164,-64,280,-70,86,-25,31
43,-181,-29,138,-14,-7,220,96,-60,41,91,98,47,10,9,43,-105,-62,-10,66,33,-75,41,127,95,-164,70,9,-92,120,-4,41,-30,15,-36,-33,-153,-57,-113,-65,114,15,5,254,6,-33,-168,34,-54,44,220,113,117,116,-104,62,9,4,-105,210,103,178,-115,-63,-214,127,-130,-37,-15,39,91,-37,-158,-37,61,125,19,153,-19,179,21,-126,-17,-4,-235,62,-54,172,160,-126,-182,-50,-63,34,313,111,22,9,-73,86,-60,-42,19,-77,365,-138,-56,65,-56,0,-46,125,-55,-3,127,-167,-198,36,-164,-7,-59,-34,-41,-85,29,227,-100,-51,-196,64,106,-100,4,12,-187,46,52,256,-127,-82,-184,-293,-10,86,266,33,-11,17,-210,78,-41,121,52,81,-50,-90,-34,-72
159,10,-50,-31,-204,71,-122,-31,128,-4,-58,97,43,161,34,-67,-53,23,-25,26,-62,268,57,139,-7,53,37,84,-128,117,-100,151,-105,-86,85,-62,6,185,-40,-5,-25,22,-141,114,196,16,-80,-132,102,-132,-197,163,160,45,-62,-3,106,83,-79,42,-155,105,115,-20,-29,240,32,53,128,68,16,6,-120,46,-167,82,127,153,-66,8,-148,113,14,-247,114,2,-13,-13,-66,-39,7,143,125,136,81,29,2,35,18,73,-139,-56,161,-54,-20,-58,125,-64,-4,-73,8,-72,13,-129,-42,-67,-74,-98,-62,-112,28,-4,73,-39,107,-115,76,-130,-100,136,-32,176,64,-32,51,-20,107,-128,102,39,149,-74,181,98,260,-87,-30,106,19,34,-30,244,-45,74,-128,46,288,38
