-10,-22,12,-11,-39,-6,57,-12,-22,-22,-7,-11,50,6,-19,-52,43,-6,42
-31,-4,40,-4,-19,28,-14,11,62,-24,49,108,88,19,22,6,-10,24,-42
-7,24,-4,43,9,13,-35,60,-2,17,36,94,94,28,-33,33,2,67,2
3,-1,3,88,4,-17,-69,-29,52,31,-42,4,50,-78,16,27,21,-44,-1
-32,29,22,-35,20,-4,-26,58,-3,30,8,66,-67,49,51,33,-109,46,-45
-35,39,85,-56,-78,61,71,-30,76,-9,56,57,46,55,45,-41,-97,77,-16
10,-28,1,-20,-5,3,77,12,35,4,51,10,-9,20,-17,-15,0,39,51
6,22,-59,31,-79,-36,-20,52,-30,0,0,59,89,-22,10,14,45,25,10
-78,30,78,-44,29,-25,-4,-51,23,4,60,33,-44,35,83,5,-38,-11,1
-27,4,38,-57,44,38,21,-20,86,13,15,28,25,55,51,5,-18,-10,-33
-51,17,27,-41,53,-2,-53,55,-53,13,20,72,-38,0,25,81,-4,72,-4
14,10,39,31,11,22,-21,71,-10,79,-12,48,-7,72,-22,45,-38,74,-32
19,19,-4,54,-1,6,-36,-57,65,-26,23,8,55,28,-34,5,30,-63,7
4,-65,57,52,8,52,63,27,38,27,-52,-15,18,-42,-11,-50,-40,35,-25
72,-63,-60,-29,-49,43,52,-18,-6,-63,-16,-42,-3,59,12,-36,46,-5,-13
30,21,-6,-59,-79,11,43,-19,114,47,25,41,2,79,50,18,-35,17,-14
-6,-4,43,-14,-30,27,16,9,18,13,-34,21,11,4,82,13,10,24,-13
-31,4,65,43,47,3,23,-40,2,42,-21,-55,30,9,2,-32,-3,-39,-7
-8,-21,-5,20,-40,28,24,-51,-18,-6,-117,-83,38,-14,-28,-16,73,-51,40
