11,-104,-19,16,-12,-21,45,21,-158,78,-23,3,-113,22,18,-10,-62,-101,-17,4,-62,4,43,64,22,30,67,23,-76,16,-45,11,70,-105,45,-53,65,-51,18,67,60,86,3,9,-31,-24,-3,31,55,18,13
100,3,31,-71,136,51,-66,-13,-41,-32,15,-48,83,-13,-13,88,83,51,106,32,41,37,-64,-4,-58,26,-24,0,-18,-28,-26,81,56,69,18,-52,3,85,40,87,50,-74,47,2,-60,8,65,110,-18,86,-18
-126,-78,-73,25,10,-68,21,229,-48,116,67,-58,-87,78,12,9,-76,15,-76,-44,63,27,-64,-169,18,-61,-4,48,40,23,36,-73,-10,0,-11,-41,115,-46,-23,8,41,-25,20,-6,-64,-30,7,-26,22,-61,-12
10,50,33,-19,52,-20,46,11,62,-103,4,28,59,-25,18,53,13,-22,35,-71,26,79,12,-9,23,-33,-107,-5,92,-21,154,20,5,0,-3,51,2,59,36,-82,56,14,-92,-2,110,41,59,9,16,-30,10
61,-10,-33,34,71,-32,-46,113,-29,36,87,14,128,47,21,117,0,27,-17,-3,-36,9,127,-52,-60,3,-49,110,-20,71,59,-90,25,-50,-10,92,14,51,88,45,117,8,-51,-35,50,-43,40,-6,84,23,92
44,38,-85,32,40,15,81,-41,-47,-102,-64,-40,8,-8,19,-10,83,21,-66,167,-21,4,-37,32,-126,-77,50,25,-40,-96,20,23,137,22,-5,-107,-58,54,86,-58,71,37,28,76,-6,-80,-5,119,51,-26,20
50,-70,83,6,4,61,-114,126,-47,-45,23,71,105,49,-5,23,-38,25,-8,33,0,19,130,-16,-36,34,30,65,111,-35,34,-65,94,40,-66,4,-65,-17,3,85,94,-35,64,-5,51,56,3,-19,-4,7,111
129,112,81,6,183,47,14,-125,-6,54,-11,-22,8,13,88,97,38,50,6,146,28,-14,35,-8,-116,65,0,110,146,91,62,-55,-7,67,32,104,48,17,131,-36,-6,33,18,-2,82,42,0,19,70,95,-21
-13,-20,56,-155,5,33,-23,42,-11,28,-61,-21,50,-41,-32,24,121,120,-49,-128,-23,-33,8,-166,-61,-104,-34,-2,26,9,36,-60,49,17,66,-15,-23,-39,22,-42,-113,-59,14,91,-125,-97,88,-43,30,40,153
4,74,-2,-51,103,72,5,-30,-56,-20,-23,22,33,19,-17,-4,22,44,6,138,-102,-38,72,-21,-8,-89,98,64,-13,121,21,57,43,-19,20,-107,33,-79,24,-56,6,3,-86,-99,-29,-83,17,97,230,82,47
82,80,-3,9,135,14,-27,30,84,-91,27,-76,144,-45,-19,36,118,62,70,62,27,3,-91,23,102,8,16,60,34,3,67,25,-72,95,-5,73,-17,-13,53,30,16,-46,-62,20,74,-16,17,6,4,15,-15
-73,-116,30,14,1,42,16,63,31,-9,98,-33,21,48,-53,74,78,124,-61,0,-50,-11,68,9,-54,-87,-70,54,-43,-15,-26,4,166,1,43,58,-58,33,-46,47,61,-58,30,51,-26,91,33,5,69,103,38
-10,8,66,-4,49,11,-9,51,43,-52,28,-56,123,-23,-25,24,19,92,-97,4,85,-43,181,21,-24,-10,-27,82,1,-81,-13,-74,-41,51,52,101,-66,41,-39,29,49,-18,34,58,28,2,38,27,26,13,104
5,177,-23,-118,94,61,-28,91,29,-66,65,105,79,-20,-2,23,-25,99,63,7,25,21,58,15,61,-38,-44,24,89,112,147,-76,-49,128,57,48,67,13,15,55,97,70,-135,33,-55,-12,102,62,157,64,86
-3,75,-85,-45,42,-11,12,-66,44,96,-20,49,-86,-11,79,-26,-83,-85,-26,-90,88,55,-129,32,-6,12,-116,-45,69,-8,74,66,1,20,26,35,0,27,-27,-66,-3,84,-35,-2,34,47,92,69,67,0,-63
-28,-18,-41,51,152,5,109,26,-26,3,61,-17,-12,-1,-26,-97,96,16,-90,133,-26,-20,-37,-3,-73,-58,-44,-19,-55,-13,-59,123,26,-82,66,-22,53,-29,10,74,3,44,-43,-43,-2,-15,-34,71,88,29,-14
-43,40,-4,14,43,71,20,-149,31,-38,40,-15,7,-104,-4,-75,3,1,-23,132,-15,4,-3,-59,-96,-5,-96,-20,-81,-4,-14,57,77,79,11,-28,15,53,180,-2,-51,-26,21,78,32,-15,17,147,36,-118,-10
20,-21,-64,-1,37,58,-47,105,213,33,32,-8,113,-55,21,37,-72,57,89,-76,80,71,29,23,105,42,-39,139,82,-5,-45,-3,-74,68,35,90,-4,51,67,134,91,-25,34,-15,2,52,-51,-17,28,51,115
-33,-59,-8,61,-39,31,74,29,-61,64,15,-72,-46,59,-70,-129,25,-27,10,63,-149,9,2,-66,9,68,23,-11,-132,33,-1,-29,53,-164,9,-61,63,-68,17,5,75,75,74,-81,111,-19,-83,39,12,95,84
44,48,0,-73,164,-21,24,84,48,131,59,29,36,77,27,17,128,75,-59,83,-11,25,11,39,11,-72,109,63,77,28,125,-25,-5,-73,-94,-22,-12,31,41,20,86,24,30,-103,183,67,68,64,175,58,16
34,91,44,-60,58,54,-14,-67,18,-33,-9,-21,63,-31,26,-51,-34,58,46,31,29,-76,72,98,87,-14,33,-39,-9,4,-19,82,0,-35,7,63,-131,57,-54,32,24,-34,-5,-35,50,75,89,1,109,0,-18
1,11,5,-43,10,40,41,-77,106,-94,-13,-9,8,-33,-11,111,126,117,57,8,57,9,22,81,29,47,-55,-75,-3,-45,-74,49,10,-6,67,85,-1,123,-85,16,-100,9,4,38,-42,69,-43,-27,1,70,-10
63,-31,88,-64,50,114,-56,-56,74,14,9,-40,1,35,46,-71,-15,-35,27,-44,-6,-5,54,87,11,21,-15,28,37,-99,-103,-20,4,-3,10,-7,-56,55,20,162,84,33,55,-14,-27,68,-21,26,47,96,-18
48,83,114,-9,158,-28,-21,-15,33,3,-79,-32,83,-62,163,11,52,43,-16,29,60,46,62,-1,-9,-43,-42,108,92,107,60,72,27,62,132,62,18,31,98,27,44,81,40,82,-2,1,70,-76,72,-15,50
34,65,63,-39,35,29,-32,-61,-5,-48,8,29,49,30,81,25,45,-1,41,21,-29,-79,13,68,21,119,-4,-21,126,48,94,-77,-145,38,-14,-31,70,45,32,-45,-19,57,-72,-100,29,84,-28,-24,103,52,-47
90,-4,94,-67,16,66,38,-113,-22,-46,2,-29,158,-167,-22,36,-20,-43,23,136,-43,-64,115,170,55,-102,-13,24,17,27,-43,22,23,13,53,21,-72,-64,22,-15,8,70,84,107,94,91,-57,21,32,-35,-62
2,-47,-34,17,1,30,-24,132,54,0,81,32,67,-26,-72,57,56,51,-28,-81,10,57,-51,-29,60,16,-22,-10,49,-44,209,-112,49,-17,-34,60,-5,-27,27,-36,65,-4,-81,-103,76,93,8,20,97,23,83
34,79,-21,-35,105,115,64,-37,-10,70,42,-24,35,85,71,-88,79,11,67,163,9,-26,3,-59,-122,72,22,23,0,58,15,67,100,-59,-12,-64,-29,23,48,-18,19,92,50,-59,121,-5,27,71,97,105,31
-70,0,98,-56,39,65,47,-55,-30,54,96,-45,11,19,96,123,-19,-59,23,76,-13,-3,76,-3,-93,24,-11,139,96,12,-104,52,87,42,25,-11,-3,-38,49,45,-60,-56,3,103,-30,21,-57,-96,28,-5,77
26,111,-5,-46,211,26,32,-74,86,108,4,-40,50,-13,-5,-14,-61,50,74,4,29,60,52,6,-40,46,21,30,78,138,-4,81,-33,83,45,52,54,54,100,84,19,-42,33,-40,34,66,151,137,112,-34,-17
-75,-16,25,138,-48,-93,5,119,23,-65,67,-38,-5,-104,89,8,-59,-2,-71,-31,24,13,-94,-9,124,6,-146,-7,35,22,78,71,-120,-13,39,156,47,42,-10,-97,11,-59,-20,-25,12,49,-43,-8,35,8,-67
64,34,51,2,52,96,-36,-62,-1,-24,11,9,34,-4,-54,53,100,-3,-15,6,-59,-79,117,107,-82,36,136,9,24,-53,-61,-25,16,-141,-22,13,-96,-13,-74,12,4,-29,-37,-73,24,4,115,-6,75,90,29
-47,66,-73,15,-22,37,-3,-121,140,42,81,21,0,-68,56,-31,0,39,-46,35,-88,-56,-1,15,-64,30,-101,-36,-81,-48,-48,-45,-54,-60,-40,11,-41,-3,-84,-80,-12,70,59,-116,155,61,-65,13,-48,-9,-110
-158,-34,105,-27,-17,-59,-97,5,-27,32,21,12,58,23,12,54,-53,-28,-6,-20,27,17,111,-128,-85,-21,-76,75,12,21,5,-5,-73,67,17,-94,35,40,83,-3,8,-48,-43,25,-92,-26,36,7,-29,-137,28
66,3,-32,13,70,-102,64,89,-134,129,29,-73,41,95,7,45,-57,-60,28,78,26,35,43,139,78,5,129,44,106,134,-68,74,-6,-67,72,75,-35,-8,-34,63,70,0,22,49,95,17,10,-64,-6,8,26
40,-84,58,29,110,-13,-32,-20,4,39,-24,-117,125,11,37,49,60,28,-3,-1,82,101,-12,35,-50,22,95,82,17,79,-38,41,19,70,87,11,-11,64,90,91,-50,27,39,19,-34,-12,-83,-61,-7,80,102
-51,73,27,-58,170,24,-73,-94,203,-10,-5,111,88,-55,86,-11,86,52,-44,-77,46,129,66,-33,-144,-59,-13,56,59,56,-29,-15,-63,113,-7,-15,61,74,28,46,-136,-10,85,123,-75,-71,103,-19,22,-65,87
-27,-64,-81,72,-7,-35,-18,40,-49,31,-29,-2,91,-50,21,21,-15,-10,-139,27,16,36,52,14,-70,49,74,-91,19,-80,109,-60,36,-40,17,-67,-57,5,-4,-48,-15,-18,-6,-76,78,22,-3,157,9,-81,-90
2,-113,9,109,22,28,70,-2,-56,57,50,-116,24,-39,62,11,-22,6,-159,104,-8,36,99,-71,-152,-67,-92,-61,75,19,-5,-4,77,35,142,47,31,22,40,-44,1,-120,88,103,4,43,9,33,-16,95,-52
-40,45,3,-99,21,-7,-8,-2,-16,159,114,-81,-10,55,20,-17,-53,23,6,-76,99,3,46,-21,-64,31,-112,-13,90,72,-72,-37,-103,39,16,34,84,36,9,36,-39,-30,-26,29,-67,-20,55,-66,75,103,2
-36,87,-38,-40,-46,26,9,-134,82,98,8,-18,-97,55,51,-32,16,21,-45,-17,59,40,-40,-19,-127,147,-70,-78,29,-154,-68,-6,-17,44,-61,-29,-30,61,46,-19,-129,-107,56,36,15,10,30,31,-64,-39,8
-6,-143,69,77,23,-51,101,45,-10,-37,60,35,82,-73,-19,-2,90,-13,60,72,-84,46,53,54,20,-151,85,21,-25,-8,-120,154,94,-90,-54,17,-12,87,-5,21,-44,-69,39,85,-18,-41,-77,-94,-40,28,61
50,29,-7,-45,-24,79,-17,14,38,9,37,-52,7,-63,7,77,-7,62,7,55,-16,43,-64,37,14,105,-17,-48,140,-22,10,-38,-9,65,21,53,-8,-10,42,-79,-73,-105,65,20,23,50,-23,30,-66,68,39
-23,-147,1,54,-38,29,-3,43,-25,69,73,-10,-11,-89,47,111,43,4,-68,-3,26,12,27,0,40,1,10,7,-39,9,-20,-13,67,3,131,49,2,15,14,5,-32,39,-42,39,-62,2,-61,-15,27,150,27
-21,26,-2,42,82,-22,76,30,-2,117,40,-36,-36,-32,57,-56,-33,31,23,66,-15,-60,21,-34,21,85,-19,-31,18,-20,-39,103,-31,-16,-21,48,37,90,73,76,43,-63,34,-34,5,41,45,19,111,56,42
92,7,-107,36,53,28,20,55,-25,43,72,42,2,-5,-133,15,-27,-21,15,47,-21,95,52,43,32,-8,28,4,-42,100,94,-18,92,5,17,41,37,-113,35,66,99,-28,20,136,71,-51,85,162,122,86,52
-25,-51,41,-47,22,-3,68,-54,22,14,28,-43,24,-42,4,45,54,-78,-12,-55,37,31,38,137,-37,59,-51,16,109,-97,-6,-31,-46,-2,83,23,36,55,17,87,66,-55,-59,2,-22,101,11,-40,-4,105,-11
-62,-75,-24,-35,26,40,-69,71,-56,98,-1,9,53,17,26,35,-146,31,-1,-1,69,-49,64,6,-82,14,44,54,-5,76,9,-77,-1,-56,100,-29,-71,-41,-22,-13,-5,-15,121,-54,10,63,-10,64,-11,-16,-35
42,69,20,30,24,-10,-38,7,28,221,-1,-11,-106,107,30,42,-146,-22,-92,39,115,-20,53,-23,-92,108,-1,53,50,-62,-47,-46,-30,-49,-18,73,3,-5,12,-1,-32,-27,10,-39,21,20,94,0,-111,-21,57
-101,-85,71,-27,-4,20,-118,33,80,84,73,-71,121,63,-31,98,42,15,22,9,-27,10,117,10,-3,134,19,25,50,-8,37,-45,-19,2,-43,18,-64,-13,-56,36,-40,-65,-81,-43,68,53,-7,-31,17,136,-62
108,18,-86,-24,12,4,44,-8,5,58,39,32,36,-16,-85,-51,-65,4,63,14,51,-12,26,104,-32,4,-47,-81,14,-38,-67,-61,37,-13,107,66,-29,56,-9,106,96,-23,44,-39,21,52,-92,106,-146,17,-81
