61,-64,23,104,69,71,58,0,47,78,-48,21,33,-69,121,-87,48,109,-31,-63,66,-58,17,62,-20,-3,-28,-1,-17,-108,-111,81,66,-26,-76,39,33,-23,-17,-55,31,39,-92,45,20,29,16,97,-2,-20,77,17,-26,41
-21,-5,134,18,-27,-83,14,11,46,11,99,42,-48,-33,3,83,-51,68,-11,144,-75,19,8,32,6,13,-163,87,-132,-44,-148,141,50,20,79,79,-28,71,-25,-17,163,-25,-19,-16,-42,41,75,-37,31,89,35,-8,46,-72
-3,58,-42,-17,-32,-65,57,-27,-49,-18,-74,-34,18,77,93,-15,101,-32,44,-82,90,28,-17,76,26,-13,103,-43,-35,-60,-72,73,-50,56,-22,-23,63,3,66,8,67,35,-132,146,2,1,35,113,85,9,19,4,36,-72
-11,94,-18,-23,89,1,56,1,50,16,-17,18,-2,10,88,39,-5,10,59,56,12,30,-14,11,4,-53,12,11,-81,-75,-40,74,-4,23,-14,29,-2,57,27,-58,-6,-2,59,97,39,41,3,50,53,-19,12,45,98,-42
12,16,16,4,166,82,178,-8,31,-22,38,157,89,-101,64,-18,43,19,-46,49,-1,-3,31,42,-77,-47,-26,8,-128,-2,-32,133,-22,101,-85,-9,90,14,-45,-44,19,-65,16,74,-88,167,20,-58,65,0,64,45,36,83
-56,56,98,22,33,-92,-29,11,-76,131,15,-12,-82,61,-45,29,147,-60,53,25,44,103,-49,73,-63,-24,-132,-4,-44,8,-44,211,96,101,32,38,40,-67,107,-30,10,-93,63,48,62,154,83,5,13,176,-60,-141,39,-8
55,-41,29,157,192,93,45,21,-93,107,109,-8,157,-13,85,-36,37,21,-29,-114,34,-69,98,64,50,0,69,-45,83,-88,-43,67,13,-36,-49,59,47,76,2,1,-57,64,-25,12,69,58,-111,90,77,-197,-11,17,30,233
65,79,85,88,41,166,59,-34,21,175,143,-39,123,-63,2,-39,1,24,197,60,70,-12,40,20,-8,37,-48,-90,-70,-57,115,23,35,87,-19,0,129,20,96,27,-19,87,34,68,-62,112,-28,1,169,4,109,42,-39,116
-21,-112,36,-27,34,114,45,18,-28,91,95,58,-39,22,-58,25,30,-8,111,20,116,-109,91,113,125,104,-19,81,-44,47,3,74,11,-79,7,47,9,91,4,109,22,84,101,45,-23,-20,26,-38,47,33,147,17,-87,-80
122,-17,137,12,20,24,34,80,76,35,-34,60,-9,30,5,83,59,-27,-15,184,-109,-82,40,-94,13,-95,-128,-75,21,53,38,-143,64,10,-42,-183,-8,138,-64,-82,40,95,-70,-67,-109,-5,14,-12,4,48,102,130,102,137
8,-171,101,109,34,49,68,-32,-36,40,96,-52,42,-1,18,32,45,-13,42,11,30,8,67,56,35,-49,-68,39,-51,0,-106,2,112,-39,-71,41,77,14,57,-79,27,100,-93,-33,145,-85,-14,7,-60,32,45,16,-76,35
106,-34,113,53,15,128,-2,-23,137,38,39,87,122,60,-42,-5,44,-51,-3,-13,114,-94,-51,77,-19,61,30,-132,-1,11,68,97,-38,-6,13,-10,21,67,-67,-19,-26,72,27,-12,-8,94,-18,33,167,89,9,20,116,63
13,8,81,-26,72,62,25,-93,41,21,109,-76,116,9,93,-39,-65,0,36,1,-93,3,33,50,32,-55,-7,-49,24,6,11,-69,-21,-77,-98,21,-55,82,106,-34,51,102,-27,64,96,-36,-17,54,21,-38,-31,12,-2,64
-3,4,152,35,11,27,67,-73,67,77,-12,-3,3,-125,179,-31,-64,114,-58,102,20,48,43,-40,128,-36,28,99,71,-91,-13,105,13,-5,-9,-2,-79,79,61,73,44,44,19,45,25,12,-18,73,-7,11,6,60,-26,84
62,-31,-3,-32,191,-39,86,29,42,-88,-27,-12,57,-37,27,-102,14,67,-13,-56,-74,1,70,-18,95,38,21,-10,3,63,2,-26,-57,-66,-65,5,21,8,39,-64,69,55,36,52,-43,0,-5,-14,110,24,-138,-61,25,-2
-11,-56,7,-32,-133,3,-103,-80,60,17,44,-48,-3,-3,7,-75,-5,-8,2,10,6,-37,-38,8,-23,65,-70,-60,6,-25,-9,-9,-2,-12,-60,-11,-42,-54,-21,52,-18,-34,-38,-7,21,-44,-50,-31,-11,12,53,-58,-36,-31
-88,-120,53,85,99,-1,63,-54,-114,17,27,-111,18,19,90,-17,32,112,41,-14,-45,95,63,93,61,-41,62,45,147,-43,-8,35,82,-42,-63,13,89,10,61,25,-20,62,26,-91,79,-50,12,-30,-7,57,-79,-8,-43,150
-29,-94,111,183,28,40,69,21,-6,209,-20,17,-113,115,62,90,79,66,48,9,127,7,17,102,75,-142,92,111,138,11,36,70,89,11,-1,145,-9,36,61,133,-145,-11,-24,26,179,-28,62,203,-52,-44,-6,43,-29,-42
-99,36,134,32,98,-139,76,62,-22,-4,-56,-96,-7,-5,119,94,-3,105,14,-1,-34,59,48,-71,-7,-28,57,83,90,46,48,-35,34,-14,24,-72,110,42,93,34,-9,117,12,25,84,0,41,72,-26,-27,-131,103,-15,56
-23,17,40,-5,14,-124,0,59,-78,1,-41,18,3,-61,1,-16,-8,0,70,-84,104,48,-34,35,10,47,102,-33,-8,4,46,-25,-27,-36,6,120,-40,-10,23,37,23,36,-38,52,8,113,127,75,-41,-65,26,-11,-124,-29
-35,-8,82,40,44,-26,19,15,41,50,-23,8,-70,18,-24,51,40,80,-72,124,-76,103,8,-32,-19,-71,23,13,139,-140,-94,59,157,91,88,-151,45,23,-37,15,-12,-11,-74,-54,-54,-2,100,47,-43,101,-20,23,19,20
37,-16,22,-19,-104,-23,65,61,-29,31,19,-69,9,-51,175,-43,5,58,-129,-7,105,111,111,9,135,1,133,84,-58,68,116,25,-107,-62,128,107,-46,8,-51,30,61,26,-9,92,-102,-38,129,186,19,-57,16,95,-39,-58
122,19,53,101,105,53,-13,44,3,69,59,63,32,-40,26,3,52,42,23,58,24,-27,57,72,-23,-104,-104,-35,-1,25,5,31,9,53,43,-56,88,65,-26,55,-33,15,-23,81,-69,71,-55,-7,80,-54,2,47,20,91
108,88,42,-27,-58,-18,-2,70,4,22,-125,-8,-13,-29,-94,162,14,-44,10,78,-35,21,6,-103,40,-16,-78,32,-45,-94,30,-13,102,18,34,-92,-10,12,51,8,39,29,-18,3,-54,98,-27,30,-35,-81,44,25,22,-16
48,-18,-71,-9,-34,-62,-86,30,-43,62,-3,-59,-114,34,-19,-21,20,29,-31,5,-14,66,-73,21,-10,16,25,-94,98,-1,-93,71,-14,42,116,65,7,-73,19,71,-41,-121,71,69,-28,94,53,31,182,88,-71,36,-65,-40
66,-17,37,-9,-33,-11,-10,46,-29,-7,24,23,-20,-10,21,40,-46,32,129,-42,132,-87,-58,81,-37,46,49,-44,-21,3,59,-45,25,-13,-6,106,-54,12,11,42,8,93,-21,5,33,53,-14,64,102,-88,56,45,-61,7
-60,-138,29,34,130,21,27,50,-99,-26,27,73,-82,97,62,100,87,84,-3,41,10,47,52,-46,91,-120,78,40,32,43,-70,89,61,-84,-63,21,15,9,-96,-126,87,13,-19,41,74,-44,62,9,6,-96,56,-101,-84,40
-34,64,-7,-42,34,-54,76,-46,34,-33,104,-73,10,-58,40,51,-11,37,71,8,48,45,-19,-26,14,58,51,-26,27,-125,-91,156,101,54,-12,50,121,-137,83,-56,153,29,39,6,35,45,96,-77,77,127,-94,6,6,-74
-22,85,188,90,-79,-27,39,-40,10,106,43,-50,-22,-68,-11,121,-72,-35,-66,-24,-41,-104,105,-27,66,3,-80,99,-56,-52,14,-3,-9,57,121,123,-119,130,54,61,-6,46,-129,36,133,-60,-13,98,-43,-74,-3,130,-61,-60
9,-64,-28,68,-10,190,37,-144,15,82,86,68,3,4,65,-150,-26,-60,-52,-14,-33,43,-29,160,7,-29,8,-60,-29,-25,-4,-3,-47,29,-32,142,-93,69,-36,49,-96,-10,-17,-9,45,71,-5,-4,22,-16,97,38,2,97
28,30,46,2,-33,-85,-17,3,-75,44,127,-55,33,-19,45,-45,-51,-31,-88,25,-52,26,28,27,-1,-117,41,-91,67,-15,-32,43,-110,28,118,-6,-28,-11,24,50,42,-10,-107,16,4,68,-45,-53,143,24,-31,66,-119,97
86,-66,50,-26,-75,66,-8,116,57,111,20,-90,34,-65,-4,-77,3,8,97,-53,128,16,86,77,-17,-20,-39,46,-5,90,28,73,2,-4,151,150,3,-68,15,15,-52,8,79,79,35,39,51,135,48,7,3,92,-43,-33
39,-56,2,-24,-42,-14,36,76,54,54,21,-23,-50,-60,148,-63,-12,111,123,96,37,-41,44,46,-53,-22,-18,-7,37,-62,-100,70,76,73,27,24,56,-41,-82,33,1,45,-73,-32,41,61,76,29,114,-2,111,186,0,74
76,69,94,130,-28,-11,39,-7,24,178,-6,-71,-63,45,92,70,19,-37,83,63,101,-21,-58,20,-54,-68,72,-119,93,-54,88,28,103,16,31,-17,-18,-3,153,17,15,154,-44,39,88,97,17,143,123,-63,32,11,62,75
19,71,25,83,-95,95,-45,-131,140,66,-46,49,8,-70,0,-61,-89,90,-17,-40,-32,-83,5,55,-88,-19,-20,-41,68,-52,4,30,-26,68,52,54,-6,-12,-29,59,-106,-13,-49,124,56,7,10,23,80,-8,-46,16,2,-40
-96,21,-67,26,59,-9,43,-63,-48,117,91,-74,50,-15,40,25,-44,-53,25,-25,21,96,117,46,61,-45,153,107,165,-95,-82,105,5,-13,-6,96,-43,18,52,117,-22,3,-41,79,191,-37,28,58,13,-77,-21,26,-120,45
36,-34,32,146,106,143,83,-72,35,112,123,7,54,-142,74,-46,55,68,5,-39,46,-5,58,99,5,-29,-25,21,37,-85,28,120,45,54,-14,48,138,-5,36,112,-51,16,-80,7,77,28,-11,120,-48,49,-55,123,-66,-26
95,91,78,-41,7,60,27,0,36,75,-19,-11,-151,12,-68,69,-6,-46,36,63,33,-65,39,-57,67,-132,-140,-77,11,47,-15,35,92,94,173,3,27,1,28,58,-77,14,-81,72,110,78,98,-2,71,-60,63,106,-70,-28
50,79,94,49,-57,54,61,-65,93,120,40,8,12,-49,43,-69,-98,-75,-15,-9,-51,-71,7,-7,-34,-18,-5,29,5,-40,-19,-49,-7,43,13,44,-93,-68,3,-24,-43,-14,-90,-6,103,39,47,39,67,-17,48,74,-24,-19
29,5,91,44,-91,2,55,-19,151,31,-21,-7,20,-24,79,26,-82,3,-30,62,-29,-38,121,-86,69,-44,-11,98,12,15,-34,53,-4,-15,18,95,-88,48,-32,29,84,70,-6,52,202,-4,67,48,29,-154,12,107,49,-2
-15,-13,114,118,7,-8,2,-107,43,56,77,-77,28,-65,-27,49,52,155,-67,15,-57,129,75,-39,125,79,-91,-42,-65,-57,90,110,22,-40,98,38,100,104,16,-42,-14,66,-50,22,15,99,59,129,-26,-16,-65,23,-41,35
-35,15,-69,-31,-39,-107,-144,-23,-99,-131,-6,-56,8,-30,-37,-4,89,89,31,-54,-35,65,77,6,-27,84,-19,35,4,-70,-62,105,-53,104,58,92,36,-63,-86,30,21,-96,93,2,-50,-45,51,-88,38,128,-110,24,30,-113
143,8,84,-7,49,-58,46,70,-13,71,-65,2,36,-101,29,48,35,-46,25,28,6,45,-103,68,-22,-59,-103,9,37,-77,-159,-4,46,54,-27,-87,24,25,57,8,39,11,-92,23,34,91,37,98,-32,-3,-24,86,-65,19
94,62,39,69,52,-36,-75,1,213,81,28,18,-51,-35,89,-92,-36,137,-23,11,108,-105,22,91,-85,19,26,1,-14,-51,-116,33,-104,28,82,-19,62,-83,-85,68,-45,-2,9,148,-70,-22,41,3,25,37,25,142,-14,-132
57,2,-1,-41,57,10,50,76,-76,44,-57,100,-21,-2,-52,65,89,-72,-32,-49,120,-76,52,0,7,-34,-43,33,-102,-43,-93,152,-2,71,-23,-36,82,-35,-7,3,13,-76,25,95,-43,49,-84,15,-33,64,45,3,-16,-49
76,-69,55,38,-85,-22,69,180,17,32,-57,-67,-9,-59,-24,191,-18,25,63,81,4,46,175,-88,83,-13,-99,110,-121,63,81,7,56,-20,18,28,65,28,60,-103,201,117,56,35,-56,-172,2,56,13,45,-28,68,-3,-129
23,148,73,-66,38,0,40,108,74,49,-37,18,173,-84,117,-68,-84,-39,49,-92,108,-92,114,-28,41,34,102,85,40,18,39,-54,42,-54,-68,48,-48,11,8,-18,39,135,9,105,14,47,57,66,62,-85,29,131,71,90
29,-32,19,-34,118,-66,-60,10,18,-65,139,-10,-73,36,48,74,-11,72,39,99,-183,-23,-1,-11,-12,-86,-31,-21,166,-39,-106,-22,39,6,2,-14,-30,-37,-101,10,35,-6,-21,-142,49,-24,24,-68,17,-94,3,25,-41,39
34,-27,-51,-12,130,46,64,-23,-46,-54,22,117,-74,-7,135,61,68,0,37,-21,22,-44,-30,23,-4,-30,26,-16,80,-14,-118,114,15,115,30,105,35,93,-95,-3,-2,19,40,70,23,7,2,2,139,6,-54,-19,-1,113
-54,12,28,-48,-7,58,62,-80,88,31,84,-63,172,-48,57,60,-71,59,69,31,54,23,-19,133,-46,15,-68,29,-72,-27,-82,102,-20,-30,-56,72,68,82,8,-27,32,27,-5,138,76,25,30,-62,74,-17,2,45,-88,55
-37,25,80,-30,42,8,51,-9,190,84,85,2,28,36,77,85,29,55,73,128,86,-45,8,-1,1,8,6,-10,-1,60,61,46,46,-62,-79,-113,125,55,14,-63,9,117,-48,31,15,83,26,21,28,78,20,111,77,71
76,-72,25,112,13,28,-44,7,52,43,-31,-61,140,54,37,-7,84,-19,46,11,-24,68,133,65,83,-34,57,-43,92,-43,-30,0,49,-57,-35,-21,35,101,44,145,-8,50,-102,96,80,30,51,151,76,-158,15,67,-19,43
52,-65,145,-15,9,-44,18,65,-10,31,2,-57,20,-83,189,14,-52,57,-75,6,-14,38,101,-3,2,-77,11,102,102,60,-43,5,20,-55,27,11,-73,70,11,-12,143,165,-30,58,28,-63,103,141,26,-55,-5,134,-9,77
6,-140,-41,73,95,9,-21,-38,-38,21,7,-32,-2,116,94,-69,57,97,-135,-24,7,-34,88,64,-2,101,54,-27,-43,-36,-153,95,28,-10,-117,90,8,-45,20,74,-17,-41,23,9,-34,-43,67,67,42,44,57,67,56,-17
