-7,64,68,-58,53,16,20,-4,-11,47,-21,-133,10,107,93,-99,-2,-50,-3,104,-113,-18,-42,-115,-69,-84,81,-139,-129,58,-138,39,108,-75,-1,-45,45,10,-54,-27,44,7,-2,-65,59,-17,77,73,-40,66,-81,29,-28,61,-27,33,8,60,87,164,-59,-26,8,-28,22,-44,-61,28,69,68,-85,153,-41,97,81,74,68,-33,53,131,69,133,11,13,35,45
-28,-66,-9,89,92,128,39,-61,-16,-31,31,75,4,76,-49,70,73,-106,43,40,247,63,-72,72,111,111,35,56,117,-39,-4,109,8,113,35,-74,-37,-12,42,53,-50,4,-29,71,-31,-14,35,98,-72,-14,56,-17,65,-57,-60,11,25,137,-11,-75,90,44,8,-59,39,197,79,154,86,22,91,115,-5,-43,22,-19,26,124,-2,93,95,27,22,-70,2,1
-126,-78,100,-13,-18,-29,5,-78,-81,95,-58,49,-180,45,16,-36,47,15,92,12,49,64,-25,-45,101,-57,50,-19,-50,20,6,49,48,5,-48,49,131,-33,-84,-51,-58,-117,19,-21,-74,71,17,40,-48,-113,-22,-50,-57,-94,-6,40,-24,-25,-21,13,13,-35,-7,79,-56,6,-114,8,-99,18,11,-119,54,65,-74,19,40,-114,-67,1,78,-66,-51,-1,-61,36
37,14,33,-37,-94,65,-6,10,147,71,130,147,134,-151,-72,84,-14,72,53,15,50,-98,115,68,82,146,-11,209,-158,-40,100,64,-3,-40,-188,-98,-6,-20,219,56,132,174,-6,147,67,-47,23,-154,145,-37,119,-18,76,32,-1,50,11,-33,-86,136,27,-86,-97,32,91,146,39,76,-83,122,-34,151,54,-160,-23,113,10,130,108,15,118,61,48,-132,-85,90
-45,-13,12,-14,-2,45,-56,214,-68,73,-97,42,-42,9,-57,-4,-55,24,0,21,-27,74,-20,202,97,88,71,-53,4,144,98,109,-44,21,33,-10,143,-58,-22,45,37,109,-75,41,6,-110,39,158,127,-15,91,-8,121,-16,46,122,-42,41,-18,157,152,-13,70,74,206,-16,0,84,-99,-77,45,35,50,169,91,-72,28,-19,247,41,31,24,132,115,-43,114
20,39,28,-83,102,20,-36,35,124,117,102,90,-9,-147,-27,-87,32,75,-68,2,-63,57,20,-22,97,-32,3,107,109,-96,-112,33,-7,-64,-158,13,201,-18,78,78,22,143,-32,57,-83,-18,87,29,89,77,79,41,93,107,10,-179,-84,-74,-32,17,-75,105,72,21,41,-82,40,105,8,91,-46,37,57,-54,23,197,95,2,54,76,64,68,70,44,70,30
74,96,74,189,-131,19,48,-44,165,60,-3,49,138,63,1,-16,77,-4,-55,-69,200,33,46,60,89,33,22,127,-14,-88,141,135,-91,-14,-20,59,-50,127,-46,42,-154,49,86,84,-68,78,11,-106,156,79,104,38,54,130,40,6,-24,-1,-36,-103,67,78,-121,94,71,164,37,45,53,158,-124,85,145,-134,-18,118,-16,120,-94,-58,58,237,-131,-84,-17,8
0,21,-73,-9,70,25,56,174,92,190,90,160,3,-118,54,-60,-6,1,46,85,28,166,30,80,19,85,75,-39,49,34,112,146,-3,-24,79,84,-56,-85,-24,-99,20,-19,76,67,114,38,-137,88,-82,-102,93,-60,21,-54,-22,116,34,50,15,-14,-35,88,40,119,49,104,38,85,-44,-24,95,65,-37,16,-37,-41,-65,7,-121,51,118,49,-91,-107,5,-14
79,86,87,73,35,37,98,-8,179,135,19,71,72,99,94,-61,-2,95,-55,45,-43,101,10,22,52,30,121,18,57,-77,85,181,-15,-16,-67,-129,27,17,37,68,-54,41,8,34,69,12,133,-28,39,95,86,90,11,50,58,24,-70,-2,48,-3,-50,62,27,-13,40,13,-48,139,-80,1,-149,108,80,-68,-27,-114,131,70,-15,10,176,51,99,-17,20,73
91,59,-50,-62,36,-82,83,28,156,76,14,-69,32,20,82,-22,51,8,30,104,27,215,-62,-11,14,-93,147,-68,3,-12,80,64,19,52,56,40,171,-176,-57,-18,23,1,83,97,-83,272,107,-39,35,17,-32,8,-26,-44,36,-121,30,72,55,-25,17,74,22,29,5,-34,-161,-13,58,40,-18,4,-40,51,48,138,-42,2,-27,-76,217,5,182,98,16,-12
-40,111,111,-25,202,13,84,-29,-66,180,18,7,-61,113,-99,155,-4,-33,17,91,-42,-8,-25,-53,47,-6,60,-67,14,34,39,233,37,45,98,-101,-29,78,-179,-3,16,-180,80,-95,4,-28,72,72,16,-68,-53,45,-105,63,-1,-58,22,-129,-56,-148,50,-34,38,70,-111,176,-60,-8,-118,51,33,108,5,53,-121,71,2,4,72,0,-137,50,-80,-48,-123,63
-14,138,39,7,30,-53,139,136,102,138,203,53,70,-89,-95,131,152,0,77,83,-2,105,65,138,79,-70,91,92,-127,41,155,15,92,124,142,39,-17,8,-92,83,242,101,0,30,38,84,-18,-21,60,53,37,69,83,-56,86,-26,180,89,4,-38,142,-42,-32,87,1,54,119,-84,14,25,-42,202,-80,119,-40,62,-61,24,107,-5,102,96,60,48,-54,-3
176,37,-61,7,129,-10,46,82,63,151,107,30,89,87,219,122,141,11,-96,11,138,25,-26,-106,130,65,7,-39,115,17,128,105,158,158,-3,-76,48,-30,93,89,-91,-47,67,109,-45,272,-9,35,-32,-101,28,89,87,30,84,13,138,32,137,108,66,160,115,-10,58,13,-81,68,12,14,102,136,-138,-78,124,93,-51,-55,-146,162,171,-50,89,-27,95,61
16,53,20,103,19,138,25,10,41,-116,137,6,77,69,-102,214,27,65,-39,-40,138,47,-66,102,86,-30,-27,67,75,-16,4,117,208,47,80,21,-23,-10,53,156,128,216,21,-18,-56,28,46,-65,117,6,111,-26,103,49,133,69,-35,236,70,-1,168,-67,4,-185,-15,78,60,-13,14,11,-15,137,52,-9,-21,37,-19,40,42,-30,-10,76,133,95,65,-16
95,-212,-12,148,-27,17,-163,-28,-21,42,88,63,104,-76,73,-108,59,95,-10,-78,88,22,57,72,126,40,46,-55,-74,-19,19,146,-9,107,67,44,190,-48,6,-76,-62,121,113,97,-188,44,-19,-26,64,3,-92,28,77,46,-21,-137,224,7,53,110,274,54,-34,79,145,60,-82,114,94,85,-12,25,37,-67,120,91,-16,-115,104,265,148,28,-102,109,41,39
56,150,61,-25,-42,34,164,66,60,70,85,-80,56,66,-33,3,63,-19,87,106,116,5,-65,212,176,-85,5,-92,10,-20,81,174,83,-39,-4,-150,74,-12,-27,144,23,235,-24,-3,-100,-50,50,-17,179,24,19,25,79,-111,187,-27,6,-113,91,37,-22,-52,40,-69,102,183,54,24,176,-35,-24,135,68,-17,141,-12,52,148,107,67,178,27,159,70,-16,2
28,-91,-34,132,-39,14,96,109,44,69,148,43,167,25,-59,172,109,-1,59,-24,58,-46,48,61,-11,104,12,-112,-110,23,-9,-43,108,-69,-68,-215,43,-117,25,133,180,98,37,-25,125,-22,77,-82,182,8,179,-38,41,-9,24,-10,150,162,-112,5,-111,-54,67,36,87,121,119,32,-29,256,45,5,46,-12,69,23,193,133,120,-7,3,116,-8,116,-38,112
102,98,23,-7,33,-10,-23,61,-14,131,18,64,57,16,73,54,14,128,78,2,-26,61,-74,10,56,84,94,64,-62,-125,88,-52,7,25,38,-1,-17,29,-40,41,-58,-9,41,74,52,65,17,110,106,51,176,-78,-78,103,26,12,84,-49,-132,90,81,25,108,45,71,157,-67,6,-119,-33,-55,-2,-27,-7,80,73,12,62,37,-92,-19,51,74,46,16,80
108,93,-1,45,12,104,83,59,-36,-64,49,4,123,-13,-10,70,0,-168,11,153,56,-155,-62,-7,19,56,-101,117,95,55,-58,113,-37,27,52,56,-124,114,28,-13,102,48,48,32,-108,-48,-77,77,80,10,23,-53,-9,115,-31,-48,77,47,46,-43,-6,122,158,56,99,40,150,46,78,107,106,77,44,-22,183,62,16,41,106,64,-64,43,-172,-74,76,134
161,126,66,180,90,3,-66,31,-58,19,33,-40,46,143,-194,27,-9,-71,44,99,-15,87,-29,92,30,-57,131,-129,-68,123,-39,-16,-66,17,-10,10,219,-165,54,30,183,73,228,-12,28,-93,149,156,33,-36,10,-25,4,39,-18,-55,-4,94,-72,34,133,-36,-46,17,95,56,-78,83,23,-20,-23,16,2,-7,95,-81,111,60,165,91,65,19,107,97,63,46
136,106,70,179,43,-63,-30,139,-18,-102,42,21,-36,-7,-10,-3,53,78,20,103,-56,-48,115,44,-156,62,111,-96,54,43,22,40,-75,197,-107,-137,171,-135,8,11,49,8,145,55,73,76,154,-109,-21,231,-67,152,137,19,-6,-86,29,94,102,57,-116,-68,8,152,91,128,40,-2,-69,35,-123,31,-41,-23,20,35,-25,-48,-4,22,126,-33,26,77,6,-133
-32,85,46,76,13,59,-39,-11,-50,-104,43,-51,-27,-50,53,-75,-97,56,-32,32,40,-56,-16,-4,6,61,36,54,74,3,-88,-56,-22,94,-17,-132,14,63,31,11,-67,-127,220,-108,-129,92,148,-70,-100,2,-6,-18,30,-9,56,20,28,176,-96,10,27,24,52,70,30,181,16,-40,173,9,11,71,-101,134,102,-55,-4,171,-84,-133,40,28,64,-25,-16,-33
67,50,44,-163,139,124,28,-123,15,31,-130,25,1,67,13,69,-48,103,-90,-18,182,-12,-50,-204,127,42,57,-51,-114,-29,143,99,49,56,-76,1,-22,-14,-64,64,26,-27,77,72,-134,186,-60,8,-66,11,-142,-81,-51,-58,-46,57,28,-9,44,-73,67,29,53,-67,-70,45,-157,-3,-4,20,4,153,-32,-10,52,116,-88,-24,-92,94,69,-86,-117,105,-31,136
-2,-10,266,26,-7,147,74,66,131,-160,82,14,-4,-2,-23,-34,-76,-5,-60,85,138,-45,33,-54,-54,25,50,-66,129,-37,-83,55,22,-116,-73,-91,51,-13,72,-17,67,66,149,123,-63,69,48,46,90,-85,133,23,-97,47,31,75,-30,238,134,-34,-19,-60,15,93,25,-39,-60,86,118,114,54,58,43,21,55,14,37,34,-111,-16,126,76,-82,2,-48,79
48,105,42,-64,40,133,161,20,-128,-74,83,-27,-45,57,-33,172,-60,-35,-129,-52,67,12,-187,-52,161,98,41,33,90,-106,55,39,41,-31,146,79,-99,8,-98,70,84,16,-4,14,0,43,-64,81,-54,25,-19,-16,45,-17,127,-19,66,59,161,8,-34,85,108,60,-25,-136,192,-34,-35,83,164,3,21,-43,36,-68,-32,-101,-47,55,-51,33,-102,-57,-51,96
2,14,-59,20,23,30,-96,-4,54,-38,138,33,75,8,117,-75,-34,32,33,-130,-12,41,-117,21,-2,82,-21,-24,55,-32,122,-72,8,-50,14,-120,6,6,-44,75,-57,-34,47,-30,-46,6,-82,-60,-139,64,-9,-51,-36,167,4,-109,-11,75,7,-12,78,82,-53,-89,29,-11,-64,30,9,-9,-107,42,-98,31,90,117,75,-84,-67,-32,115,31,-26,16,87,32
190,127,-105,-68,131,133,92,82,-72,17,102,119,34,350,116,231,24,-1,-18,85,108,19,-98,-6,-31,138,-1,76,56,-88,84,101,-22,0,119,49,-112,11,38,-46,-20,44,146,-2,76,107,67,117,48,-74,-28,10,46,-10,28,-20,1,201,22,-18,-106,101,34,60,151,-90,-84,84,-41,98,107,172,64,68,81,-15,56,75,49,42,14,99,-110,-72,19,103
103,43,-17,62,91,63,85,-12,68,-10,-2,-75,65,126,-8,27,51,53,13,12,-103,39,-11,79,31,124,-4,1,1,47,27,105,-29,17,-99,-21,74,-43,-50,-1,39,160,19,12,-7,93,-58,25,12,92,-58,77,37,78,23,40,-86,-44,-126,23,14,56,-121,0,16,36,-87,98,60,-129,-43,-53,197,12,-5,-75,-3,51,98,137,35,-3,-67,-88,24,178
-7,172,0,24,51,13,63,138,-55,83,111,12,-11,-54,-8,112,-59,122,-31,10,80,-16,-58,142,187,111,1,-21,36,-15,118,161,90,80,-86,-189,-9,-81,-93,78,59,127,-63,-65,-34,100,60,38,123,64,128,-61,27,77,93,46,10,-4,-38,5,73,-7,105,33,-12,174,-25,211,-188,95,119,-55,-19,11,81,65,63,35,168,111,-59,132,9,47,-56,63
177,66,0,86,143,-177,84,45,50,9,186,69,61,54,-27,174,77,38,16,246,17,-31,18,28,-1,43,116,-26,-46,-3,44,66,89,26,85,-161,130,-2,-82,51,236,27,91,144,37,20,136,2,-34,46,80,-108,-23,18,89,7,99,66,82,16,17,-30,42,4,114,11,39,20,10,89,-64,121,18,-41,76,7,9,-23,43,18,91,57,-11,117,-40,97
51,88,-24,56,-40,-51,21,52,34,0,79,53,68,43,59,-135,22,16,35,-158,-115,-62,-69,123,-45,46,-108,18,-28,-132,118,-181,-249,48,97,42,-228,33,-169,-148,-44,-36,-87,11,41,11,-58,-81,-55,31,-11,-36,-11,5,-7,13,53,-98,-137,18,77,105,65,-36,-71,42,-6,-20,-3,-64,98,-49,49,-16,14,47,-35,-73,-113,-24,-171,61,-82,-123,-89,76
-9,-111,58,51,14,-34,-39,-51,-82,-65,-125,-91,103,21,23,90,-75,54,-22,-75,14,147,-62,-10,23,48,28,-88,-16,-11,-33,120,-27,26,32,-7,-19,-63,-79,30,55,-50,-11,10,88,7,24,45,28,55,-48,102,-111,-100,-42,-54,120,142,8,-51,-7,1,-7,-82,90,-23,53,135,-43,1,-50,7,44,65,-74,-139,34,-14,148,-3,-6,-126,-58,35,-94,9
50,11,-121,5,37,84,117,14,122,113,34,177,68,-25,-63,64,-75,133,174,34,195,108,-8,12,160,110,113,109,-69,43,126,151,37,65,158,122,32,23,-141,58,28,-2,90,150,42,174,-36,-23,21,-91,13,-113,-81,-39,40,116,-33,65,25,-39,195,41,-110,145,115,147,-51,-56,-1,48,67,114,31,-130,34,-24,-167,-7,12,55,111,-67,-59,4,-43,95
-13,43,-87,-105,-128,-15,49,82,9,18,-1,110,84,-23,71,101,2,-65,-66,-107,56,-65,15,2,-48,77,-96,67,-55,-83,44,49,38,-9,49,120,-208,-45,21,-47,-55,-4,-35,-54,23,173,4,-13,-3,-31,58,-92,86,3,2,-6,-41,14,23,-39,-33,106,72,-27,-84,18,-67,-144,-61,71,82,133,20,27,-146,58,-29,-55,-145,53,-125,214,-94,18,25,38
147,81,97,247,-56,-1,22,-21,-52,-22,-8,24,70,165,16,164,4,98,-10,-139,89,-14,-31,-49,155,21,-88,27,-110,1,49,53,16,7,-75,120,-42,-41,-3,-51,25,30,60,132,-95,110,127,10,140,110,-65,144,28,23,17,-2,124,189,250,96,157,42,-114,-53,82,-12,-66,38,30,-50,72,22,46,121,39,78,-9,95,36,167,12,-19,-111,1,5,160
-25,43,-76,74,85,-19,90,52,113,107,24,99,89,174,122,20,1,-15,98,111,141,-5,-87,41,-166,116,47,21,10,44,49,4,78,31,11,32,10,-23,-62,-29,-23,-16,-27,113,68,52,144,118,169,31,50,10,-77,145,-127,-36,-124,-78,-44,47,34,98,68,200,34,136,53,-30,-11,-70,-21,-9,111,102,13,17,83,59,55,140,32,49,15,-29,2,157
-19,-140,-11,93,-57,135,39,100,18,26,46,104,28,4,86,156,61,76,13,165,124,72,114,48,-104,-47,81,-9,75,-68,-16,17,77,148,-89,-60,15,-72,164,-80,94,149,29,-5,-51,28,42,30,-6,11,63,36,34,69,-27,146,58,130,104,-39,-18,-6,10,55,-96,-46,-67,81,16,100,81,5,59,95,-58,-103,98,7,35,199,71,0,-2,-122,-52,-65
161,169,18,-5,112,12,69,26,29,-71,147,46,80,-106,97,1,-21,62,-35,66,-121,-57,70,56,-64,52,0,103,-39,-72,32,12,-114,-41,-59,-70,30,-53,43,-70,110,93,33,-141,71,-97,32,-159,-88,-9,-1,10,-82,-17,123,-15,-54,-47,-12,-28,-145,-22,129,124,77,-2,84,114,48,11,-130,113,-64,-39,92,10,3,114,-47,63,68,32,-122,25,59,27
-49,-19,13,9,-53,97,38,36,75,16,184,66,5,-127,-52,-71,46,-12,15,-132,-18,1,109,72,-29,111,-82,93,42,95,-18,138,114,131,29,-65,-27,-50,-49,-37,81,103,-12,-41,-57,47,-65,-40,15,-22,-8,180,-50,168,-80,12,112,221,-20,32,115,141,29,2,44,30,107,61,-54,28,75,47,78,-99,-36,-29,-37,-7,130,102,62,97,-28,-37,118,22
-130,30,-101,14,73,-76,24,20,-75,4,26,173,52,-64,16,92,15,-39,100,29,91,115,35,37,75,-20,49,-48,-93,9,85,-9,40,68,2,-45,-38,-40,46,-3,80,-14,-148,47,1,66,35,51,-71,-98,-23,-47,-83,-46,-73,9,-79,42,-13,-105,66,56,-51,-37,-240,69,-127,91,57,70,171,68,-121,257,38,110,17,16,-20,118,42,-71,-41,-77,-116,22
90,-54,-85,111,97,170,124,50,49,-11,98,145,19,65,135,46,76,24,24,138,73,3,3,-130,-53,-22,81,3,33,-34,20,94,53,107,22,-43,21,-27,203,68,89,-12,55,39,-12,63,-43,-46,-79,-13,-18,-37,85,73,95,-54,-35,163,85,65,-83,130,64,88,37,-29,-21,135,102,96,-77,16,-48,-13,141,134,51,76,-142,111,212,136,-99,-62,98,63
70,92,56,42,136,135,127,13,16,2,71,-4,66,71,-18,95,56,-15,13,12,105,87,-174,20,179,104,-51,1,98,16,205,4,-49,78,46,-26,35,5,-16,114,51,126,-1,71,-139,3,15,26,56,49,13,10,41,33,162,103,-32,92,94,79,-62,115,27,-26,86,-110,68,107,-91,-52,92,11,28,-24,166,-36,72,-52,0,135,-20,46,0,15,117,89
50,91,52,40,38,-67,65,43,22,11,139,-60,-4,51,-55,40,-43,48,5,59,-46,186,52,-2,-66,-15,138,16,-6,65,-112,68,176,113,32,-1,209,-6,19,10,134,60,150,-17,6,60,72,65,80,-114,-44,121,-94,-1,12,-6,54,30,78,-22,7,-102,-94,-1,10,18,79,-18,25,52,-84,68,85,-8,-38,-135,-33,40,7,-75,146,-132,155,-41,-56,-107
-7,60,-43,110,-129,39,97,-41,-8,-2,11,-58,100,-84,-59,180,27,-59,-7,149,51,-29,-37,54,26,16,-151,16,54,90,24,39,64,78,83,39,-100,-6,-12,-55,17,44,-56,96,64,85,9,-67,54,65,60,163,-21,-56,97,94,221,143,3,28,105,64,-51,92,-51,123,92,116,-38,150,108,128,10,8,153,-103,-117,101,203,75,-132,-2,44,-169,6,46
46,91,155,22,38,44,165,47,8,-29,91,66,30,12,-2,36,-17,78,-13,-64,95,60,-33,-27,63,-61,84,-111,51,-168,35,9,39,-32,34,91,-13,27,-27,66,33,-126,-61,-60,-68,70,-110,71,-86,-4,-30,-54,-79,52,92,42,-112,3,163,-81,43,96,10,56,-31,30,120,48,1,165,50,-64,-13,-51,34,138,-8,51,-76,29,73,129,-194,-11,54,77
-54,30,-24,118,130,93,147,-71,39,-25,37,97,140,-88,-3,-74,8,-39,29,-100,129,232,-76,-12,85,42,32,-11,20,114,64,243,42,12,102,24,-115,87,21,-7,-13,1,-87,-21,-66,-14,-117,-60,-3,-40,-12,75,65,-19,-32,1,-19,40,-10,113,2,-25,-103,33,82,59,171,152,-58,69,-61,84,61,47,59,-56,-12,94,-56,7,-51,-60,-64,-56,140,-53
90,172,97,77,121,41,38,-19,-18,-35,46,31,33,195,-32,187,18,-44,18,-37,167,28,-199,-127,-19,-85,33,-83,-15,-88,22,-131,-42,72,-5,54,-102,141,-87,33,81,-134,5,15,-60,202,122,96,-78,-12,-36,-128,54,-9,-16,-98,-62,58,0,-52,59,107,-29,-26,-120,-64,-31,92,131,-66,123,-29,18,82,38,18,38,122,-70,84,-48,62,-28,-19,-3,68
87,125,-12,-102,217,8,160,88,102,90,8,105,-9,-5,-90,-16,40,58,-86,22,-80,-15,-20,-41,148,-42,48,-47,173,104,-18,156,-65,-9,12,-19,138,-25,-5,83,10,88,-2,60,-78,-103,-43,-15,-94,17,77,-22,88,54,82,140,-45,21,158,-44,49,18,88,-113,154,-36,31,58,-63,-5,-19,66,56,-64,115,53,-28,-37,-12,17,49,107,126,184,88,70
2,17,119,-161,105,-66,28,98,49,181,33,100,13,-18,92,34,156,-61,-63,67,69,71,22,-34,79,-8,-30,-60,-25,-90,108,154,24,59,-1,16,31,-113,58,-72,32,134,145,-67,-79,75,-58,44,91,-86,122,62,-10,-123,-125,37,156,108,-40,-116,-50,53,94,-11,79,39,16,81,-63,120,79,15,117,45,-50,58,9,100,-42,7,70,202,-39,58,-44,-57
-125,52,-104,36,36,-41,146,95,73,122,65,93,0,-36,46,-105,69,44,7,45,77,85,13,-91,24,21,67,-29,17,152,-130,70,90,69,55,-54,-91,48,91,-23,-71,-181,21,94,17,75,66,4,82,-54,-20,104,54,-9,-13,-94,140,87,121,9,8,10,-27,23,79,105,67,57,68,28,-14,52,-32,130,113,94,135,35,43,37,103,16,264,-40,20,151
88,43,-36,35,135,60,34,151,22,90,119,42,-72,35,12,59,-8,153,25,-21,-49,197,-40,133,84,98,-24,-55,-57,-141,162,-12,10,-7,52,-4,4,-159,97,-53,145,43,33,83,27,-28,-91,45,-94,-21,-90,13,-25,-68,10,48,-17,57,-59,89,148,70,79,95,18,-71,-21,88,54,-160,68,57,8,31,1,-53,-54,21,-100,156,83,-44,11,-87,97,93
-7,-109,-52,151,-57,103,14,33,40,17,215,94,52,-23,25,94,37,148,97,56,169,17,-58,-33,70,43,-26,-1,-47,-138,-2,3,129,107,-19,-118,-120,-13,122,155,-18,54,-47,19,-35,-2,124,-25,114,-18,110,6,88,74,26,-1,57,114,46,84,116,76,23,-92,-5,19,81,38,-41,99,120,-4,-59,-45,133,144,99,130,47,85,21,-32,-14,0,-47,35
52,85,-25,133,-58,-62,198,76,25,124,52,21,69,128,121,-27,7,10,-72,80,103,100,-6,151,-34,-19,37,-67,70,12,-81,80,88,46,-7,101,9,97,108,-8,20,-24,55,10,-2,70,130,187,189,94,85,76,-14,-34,60,111,42,51,150,-41,-45,59,22,182,38,-144,53,58,-108,131,-78,-47,16,-43,32,-129,-34,125,50,72,14,48,15,16,-3,93
0,-48,16,-161,-115,38,56,-65,-79,20,-137,40,26,4,-65,-111,-109,-242,82,-153,-43,-39,-37,-18,10,28,-16,-76,-153,3,6,42,-79,131,-3,-38,56,-29,8,-38,-72,-22,-58,-86,77,-14,-38,-16,43,-8,27,6,22,-20,-56,1,11,42,-61,-5,-28,-69,-20,-84,-14,-5,-90,75,-6,-55,36,14,25,-65,-21,8,103,-78,131,-11,-102,118,213,9,-40,-32
120,2,-68,193,41,-94,140,-147,-1,41,-138,17,-56,-3,96,80,47,-1,-66,53,9,-30,-59,-8,60,134,-168,39,9,75,37,138,-19,85,-39,-28,-76,-60,-61,-58,-6,-135,116,53,-83,38,8,-102,-58,66,-11,-24,-26,19,-25,94,55,-55,-11,-52,4,-95,83,183,37,57,-87,9,30,125,-1,39,-92,114,-26,144,-110,47,-65,101,-84,35,-238,-18,38,73
-3,-14,-72,54,31,-128,26,86,17,47,236,-31,21,-152,19,-18,149,96,-98,26,-17,116,75,79,-1,18,-122,31,15,-92,-119,-12,40,13,-40,-15,-9,-160,44,29,1,70,-3,-80,-65,-9,94,-42,9,95,27,100,69,17,49,-96,3,-73,-102,38,27,73,-68,-10,-96,-9,31,21,1,18,-82,3,146,-123,-94,29,46,22,-56,104,41,122,7,65,115,-52
106,126,87,17,40,76,83,55,80,-67,-2,26,43,11,3,145,107,-22,-35,102,34,18,-90,-39,79,53,-164,130,86,-103,-8,-105,11,-2,-79,-161,-107,41,73,65,186,104,79,127,-30,28,-44,8,110,-40,100,24,71,96,63,-49,-15,-31,20,98,-164,75,215,-84,-34,-3,40,35,53,39,143,26,11,-32,-30,130,9,70,-40,76,-70,105,-3,-93,32,59
-158,-31,94,35,-166,88,114,-127,-17,76,-15,66,-97,-183,-84,37,-81,-63,61,4,-30,74,24,56,59,-16,43,170,-80,48,105,12,-27,15,35,64,-65,-78,38,-18,21,20,92,8,-46,-38,108,-89,-15,-23,71,108,-3,27,43,-53,-53,98,-102,-55,38,-30,-166,20,-61,-51,28,-82,-58,-53,25,-46,-145,141,-32,-10,10,-17,81,-2,-89,61,54,-14,84,-11
-122,1,61,82,-178,89,0,46,18,1,95,104,50,26,-38,-100,18,-47,76,-97,89,9,-48,44,33,1,-41,153,29,19,38,-124,47,13,98,30,-90,44,38,31,-92,64,103,24,48,-38,-249,-49,30,-59,-38,-18,112,61,24,-24,-49,185,-80,-51,73,52,49,-86,114,143,162,-9,16,128,72,5,-58,-54,103,39,66,17,-53,-121,39,120,-89,-55,143,29
17,-12,48,47,39,206,-47,168,-40,67,-12,-86,-36,-46,-15,197,46,27,-114,199,27,-41,13,9,35,-85,0,66,155,-5,-43,88,54,14,-44,-9,22,-73,185,143,14,95,14,-78,-69,-55,90,156,45,31,134,102,91,92,54,86,10,160,31,0,148,59,87,11,35,1,27,75,28,65,65,130,-53,-13,130,-21,-4,113,101,93,17,91,11,87,204,34
23,187,-11,-39,51,-34,123,89,154,63,14,112,73,-5,20,150,55,-24,52,226,-41,67,-72,-38,-5,5,-27,168,-32,-29,-11,13,8,12,25,-78,-48,145,33,78,114,187,92,10,-4,-38,-93,36,163,-116,135,-68,29,58,-15,82,-66,-33,-81,-41,-81,15,153,64,15,25,74,-27,15,102,112,100,120,-16,36,-64,-5,104,-84,-72,8,-9,20,-101,-15,-56
41,22,95,131,-76,-43,-75,-47,-6,47,131,-1,-54,72,-81,46,113,-12,26,32,67,-121,-4,157,4,129,-65,16,-25,66,99,21,77,111,51,-20,-59,-19,102,32,51,147,122,14,6,-39,118,-82,5,65,125,120,68,40,45,4,-64,157,17,107,46,7,-123,-1,170,-37,174,15,-171,53,-27,-26,8,-42,75,1,-24,45,72,111,-65,154,-50,74,107,-18
38,59,96,-49,84,62,31,43,-117,-4,89,3,-56,167,-90,-1,59,-44,-19,-13,146,59,-103,34,98,77,54,-98,-71,-63,24,89,38,2,173,128,38,78,11,-72,38,31,127,-57,-121,-18,-91,35,-12,-12,-161,-5,27,-86,-34,31,90,43,54,52,75,-68,-72,163,72,-153,-7,33,28,87,-83,125,135,-73,143,28,-43,-48,-30,60,10,-33,52,30,56,97
83,-12,-53,-28,118,53,94,75,57,164,153,12,-139,29,89,15,96,75,-49,48,71,211,-99,-3,-85,57,11,-64,23,-69,-39,39,55,125,108,67,48,-110,50,52,73,20,76,26,-61,93,99,132,104,207,-9,58,114,28,-21,-199,112,-53,73,34,-44,23,61,194,7,-170,53,-111,55,53,-95,9,82,22,-75,82,-46,29,-5,114,70,34,74,123,134,-53
54,123,121,108,42,32,55,256,134,53,220,116,55,168,-48,76,9,93,83,-3,110,0,-25,-65,17,37,-58,16,-1,-21,-45,-94,-50,41,36,121,-101,-59,-81,-47,211,140,124,86,40,56,43,42,301,-99,32,54,-59,42,-24,117,149,186,173,68,154,57,-10,96,117,35,12,29,-8,72,231,78,227,-42,62,74,102,76,33,139,37,25,-81,-75,-58,56
13,117,99,-73,33,-87,7,67,17,105,107,64,54,11,-122,-16,-37,85,-41,-2,-61,-25,69,152,76,29,-21,-73,-105,-35,103,-7,-9,-70,37,-70,121,-65,6,84,139,166,133,116,-63,-49,-93,-66,140,6,-12,42,-57,10,14,18,-48,-52,-36,-47,9,-36,29,-22,76,70,-30,154,-137,14,-48,11,50,30,69,66,31,4,38,-12,120,64,-14,89,-89,144
35,85,164,67,-190,1,128,22,78,42,-65,5,37,64,-118,2,-35,-101,90,-72,-116,-42,1,71,-36,-106,-8,4,-88,27,46,-90,-102,-68,-56,59,-110,-63,-5,-50,92,124,30,-59,-4,-188,-90,-25,141,-117,95,18,-15,70,74,71,-40,-39,-83,-61,-16,-55,30,-129,5,-40,51,6,-9,-52,13,-112,-25,3,71,94,113,134,104,-84,-79,101,48,-44,-17,20
30,-136,50,8,-34,37,136,136,14,188,156,164,83,119,81,30,156,-91,-106,66,190,-26,38,-30,23,-25,148,-27,106,13,-96,62,74,42,56,74,16,54,111,142,47,101,-88,78,-47,62,76,46,141,-66,150,70,130,-18,48,-125,-20,-74,43,-9,58,126,6,27,-53,-46,77,71,80,192,20,99,101,-64,100,217,113,35,-43,128,160,168,54,-63,-150,78
-46,73,70,-67,82,-254,24,91,77,90,-3,49,45,65,27,-41,8,200,-7,-60,-144,23,54,-60,62,35,76,-70,-80,4,-61,20,63,-43,98,10,110,-25,-95,-33,-33,-122,167,-73,19,144,-38,-31,72,-50,-41,90,-162,10,-76,-12,94,-25,58,-66,-51,-14,84,-51,145,59,4,-54,-97,-61,-56,-116,97,84,-100,-16,-104,86,-49,-83,-21,-45,-23,118,0,-18
52,-58,85,-4,-23,26,37,-74,17,74,12,-53,115,137,-47,-11,-71,-37,-66,60,3,-58,44,54,-27,125,-23,45,55,-38,33,-59,65,-38,33,20,71,163,115,107,42,109,2,81,-36,-167,30,35,86,141,-26,40,16,128,60,-13,-78,65,98,44,31,-68,-3,-11,168,-76,-17,50,-5,22,-107,102,60,-103,94,-81,158,-24,42,15,74,70,21,7,114,152
-41,189,107,-212,92,47,184,124,108,11,68,218,-70,91,39,-17,-36,-11,80,61,2,31,-126,85,46,31,120,-50,12,72,257,16,-25,-34,55,-38,-3,40,-1,-18,148,-24,137,73,49,8,33,139,37,-137,25,-65,-23,56,67,61,11,-94,-27,14,-42,24,135,67,51,-116,-147,38,-159,-102,-30,49,-101,-13,61,-38,-101,107,104,85,-18,147,-69,21,87,23
201,90,71,134,-149,-76,-82,4,81,-87,84,-44,148,4,-21,33,32,-75,5,-12,75,-47,-33,50,110,119,5,58,-67,24,191,-105,60,-77,58,-12,24,-14,-26,92,23,157,103,76,119,103,-139,-73,168,75,176,27,24,46,-1,-29,84,12,7,92,86,-114,-83,49,48,3,50,28,91,-16,-29,-93,35,-103,88,-57,-68,102,124,-72,9,20,54,-38,31,82
52,159,72,46,49,-60,137,-86,16,65,89,69,42,60,49,21,70,37,-2,25,61,73,-35,79,99,70,91,47,91,-73,160,34,39,124,67,-40,-2,135,-61,-94,31,12,109,66,-16,42,63,-32,11,55,94,112,64,76,42,-109,80,-4,82,10,72,-66,52,25,29,-69,-52,142,41,104,-67,61,53,29,-22,53,-95,-33,13,88,-90,128,-92,-150,-32,-13
41,-24,17,-41,29,48,-16,64,7,30,49,-25,55,-49,125,-4,123,110,-5,50,8,-17,-5,-113,54,-29,-69,35,156,-47,-3,-31,3,-12,-6,-32,-46,65,-10,59,-35,31,50,-6,-23,55,-46,-57,-6,59,36,129,104,23,-5,-29,18,57,19,17,26,112,76,-86,63,-2,45,-1,35,143,10,54,-65,-7,43,127,-93,56,24,33,12,155,-142,59,83,-1
64,10,32,60,41,-39,56,165,82,-18,-41,154,169,-9,47,-54,-44,29,-28,23,27,96,-27,60,-1,30,40,-129,-40,33,77,64,-131,41,-90,-53,48,-75,-67,94,115,-48,-6,35,102,79,112,53,60,27,-25,-10,74,-117,-51,20,-26,-10,-52,-50,-123,32,171,69,74,0,5,25,71,14,1,90,-115,153,62,-23,19,156,45,-20,59,-48,-113,58,-114,33
59,75,13,45,139,-51,-21,94,64,44,27,6,82,51,-36,140,-64,150,-113,187,-85,-114,78,-62,-92,14,-89,-223,-72,-66,-70,60,30,-76,34,45,-75,-13,111,-13,68,57,151,101,59,-123,9,-20,81,-14,11,80,34,-24,-38,29,-12,214,99,4,-15,-34,69,-42,52,-37,34,104,7,28,97,117,75,142,105,34,-5,56,-48,33,-45,-36,2,58,54,38
69,12,-6,44,-45,-68,104,0,94,64,94,149,97,-17,38,26,-75,-83,55,-128,-28,11,-17,-64,55,-63,-29,-4,-12,-73,-114,71,-36,64,97,120,-46,49,-99,-22,30,-82,135,-58,-61,145,68,-76,127,-60,62,40,-1,9,70,-81,143,10,8,7,181,-40,-63,-50,18,57,-107,37,121,-70,24,105,-9,-33,-98,-3,-16,-6,54,60,-34,92,10,-40,85,-46
-58,-108,99,128,8,-52,53,-130,-11,218,65,32,153,-100,14,-36,50,-28,-17,132,-22,-19,135,40,105,17,45,0,-74,26,-77,36,34,-15,23,-24,279,136,20,79,80,22,122,74,-91,-71,-39,7,73,74,69,10,18,56,100,8,-22,79,-9,-20,61,102,47,161,92,34,91,54,74,60,-69,30,-35,7,150,-51,28,-37,40,72,68,17,-67,14,76,135
6,68,157,-4,97,-33,-90,-83,6,-60,49,-66,-60,-25,52,-92,-40,3,-31,-90,-39,-68,-63,-141,29,-6,23,-21,-84,143,44,-12,-3,45,-28,45,92,-82,-8,-133,-27,-34,20,-12,38,-21,-29,-56,-9,-54,-123,0,-46,-68,-144,-6,-35,82,172,35,105,-110,-46,61,79,-110,40,57,24,-31,116,-81,-15,152,129,131,62,0,76,22,-21,40,92,-50,49,-45
-17,78,-15,-61,52,-81,-2,-145,21,173,-77,120,-114,62,-47,-5,88,53,-18,63,-80,99,19,-43,-5,-19,-7,91,37,91,-77,-24,7,90,9,116,157,-4,-3,15,21,-25,214,81,-23,115,-96,19,-168,-45,-42,-124,39,-27,16,21,-14,-68,-143,-71,-129,140,27,4,17,42,4,-174,-176,105,-122,-143,15,-40,-77,-33,-153,-52,-57,-147,93,-51,1,112,9,18
-20,-23,-108,-80,-47,-34,91,-65,-12,-101,-68,183,-17,182,116,21,10,-34,55,39,34,-108,-144,21,16,30,-18,44,-26,-51,-41,95,39,-15,-55,-158,2,-13,103,18,-110,-54,91,36,33,-21,3,-125,-26,-70,23,-102,129,-81,72,45,-45,-9,-9,73,-245,-32,-10,-27,23,71,-126,53,-84,60,-98,148,48,-101,38,7,141,-71,-64,-56,72,71,89,8,-33,33
98,189,66,-8,102,21,154,40,109,87,33,101,25,-28,-16,-14,99,-80,4,69,-13,31,-13,79,-121,11,130,-25,-71,49,163,12,-6,59,287,5,26,28,-128,-23,-61,49,93,36,-33,129,-6,20,228,118,-43,139,-58,17,-41,-82,129,-16,30,-145,79,-147,128,90,78,183,-19,31,82,-19,-46,89,103,66,13,-25,-99,124,65,17,109,119,86,-7,94,95
-32,24,86,-21,90,-51,84,65,-149,116,60,136,-39,-139,92,115,-26,16,-23,59,-65,103,68,-35,103,76,69,-52,-52,60,52,151,88,23,-12,-115,124,-57,-92,0,123,-39,-13,65,7,71,-23,21,-74,-28,14,-19,-14,-20,-79,-18,127,-4,124,-36,-27,-67,26,15,-12,50,17,192,10,34,113,-9,56,220,-104,-6,4,-37,59,242,109,79,-147,-49,-55,71
-73,-19,70,-19,10,-19,89,59,23,-25,10,71,110,-1,120,22,-1,-49,29,-43,64,101,-130,-29,76,-15,-23,-130,-103,-40,20,-7,66,45,35,4,28,-79,21,253,41,49,-13,-26,0,134,7,-73,77,17,83,-13,1,-52,58,110,-24,103,21,36,-114,112,-63,-84,-46,58,84,28,-34,0,12,3,21,-32,103,-56,103,-46,22,8,140,-2,176,134,116,19
34,41,-14,159,-13,126,92,-23,38,49,48,-36,38,21,-20,144,-50,-79,28,116,267,118,-60,44,-40,-104,23,-71,18,-32,-14,-11,-23,55,74,27,-113,99,33,96,81,5,-8,92,-104,44,134,186,81,161,10,32,95,87,64,38,81,158,67,91,23,59,-93,221,-81,-5,-33,-39,66,77,138,85,-210,-66,144,-7,-93,70,-30,2,20,-34,33,-50,23,-125
-14,-42,38,46,-91,12,89,-31,32,124,-64,130,24,65,81,111,69,35,-11,95,140,9,139,20,95,77,57,47,62,-81,-20,70,47,90,-99,-75,130,-9,-2,68,14,61,104,65,-120,13,-30,-74,101,-11,51,30,36,41,45,-9,-18,72,27,-7,-44,95,132,-18,82,88,-94,55,48,174,33,111,97,60,-3,145,61,6,-22,-33,172,-53,8,-21,1,-39
-46,91,79,97
,49,0,22,200,68,109,105,131,4,35,99,134,51,66,54,-177,3,43,96,17,33,92,-70,56,78,51,106,74,10,0,-42,-35,60,48,99,38,-40,119,-53,-80,44,-80,159,-20,26,66
