-102,218,281,-61,-17,-25,46,7,56,-83,-103,240,29,-35,58,39,-58,-36,23,163,96,52,-2,-93,128,79,-57,200,93,183,140,164,-44,63,15,-20,41,57,-67,-65,80,10,88,-34,42,-91,-121,-6,131,132,68,94,132,45,-13,3,136,64,31,47,-76,-70,27,62,44,69,38,87,147,93,-50,-51,55,-85,213,108,-88,68,-4,134,-53,-114,59,-130,-89,-34,166,228,51,174,4,125,22,226,32,67,58,88,39,132,175,42
165,-6,-9,-60,78,171,82,-84,-121,31,12,171,-4,83,-127,47,129,24,126,135,209,20,66,117,74,141,102,89,-13,1,13,-34,24,-103,-8,72,123,66,199,61,32,116,112,67,145,44,-70,197,79,18,52,-113,48,82,30,-127,93,-5,39,15,74,86,93,-9,22,42,93,31,-7,131,3,165,-8,185,81,61,132,90,85,175,-56,5,-27,-101,-207,137,-11,78,-101,37,152,-105,28,-31,-93,93,57,120,65,39,113,63
48,120,37,28,49,118,111,-56,79,170,59,41,65,-28,-15,103,-111,-3,-90,84,28,-88,70,-19,9,89,-34,142,-106,12,19,-49,27,105,-168,-37,140,37,121,123,-28,-139,9,-99,73,9,-55,-65,-76,-126,-19,-13,-76,11,147,24,61,117,52,63,-44,47,127,79,-16,34,39,-102,-17,17,-31,-6,24,8,78,-35,-35,15,80,-56,-33,122,24,6,14,177,81,-159,36,-32,59,-113,-16,25,86,-42,-48,36,160,33,20,-7
59,-133,-146,126,-28,129,27,128,-65,-60,3,101,47,174,93,24,73,-114,51,177,47,55,131,131,-9,42,-59,67,-13,24,-11,134,27,72,23,40,282,70,40,-183,8,-35,135,107,-38,38,147,114,0,4,136,-137,-5,194,-155,14,109,-25,9,98,261,147,27,54,-5,-71,60,57,-5,65,-121,-14,-108,36,146,14,65,-60,81,114,81,61,-6,46,158,-184,-108,92,1,117,218,8,104,90,99,90,49,10,24,163,-21,97
75,18,-11,82,21,-169,-127,22,87,-199,79,-91,111,71,148,-14,146,44,-122,-19,-11,-47,-218,55,-37,-10,18,-97,15,55,-68,-135,215,-172,72,-12,-139,28,32,15,112,85,2,-116,-31,-1,-60,20,62,-43,-28,160,66,-45,-55,-30,-136,-83,-87,74,165,43,-124,95,48,79,58,46,31,-9,33,0,165,10,110,-51,83,48,-65,14,106,103,26,7,-13,-6,-16,-20,-63,70,-43,-40,-52,-141,115,-4,134,93,-102,20,10,-36
-6,25,4,-65,-76,48,40,108,63,23,-66,8,120,221,-9,133,75,-1,84,79,174,8,31,-31,68,-22,60,207,94,96,-22,130,133,-84,-52,126,195,79,3,40,125,-56,146,109,78,-109,3,82,89,162,109,-68,13,163,43,-49,36,-26,70,50,63,-71,50,247,38,112,107,-6,21,94,-51,203,272,27,-2,213,96,59,137,37,62,129,243,112,58,-93,22,-31,9,11,15,-43,176,-13,89,-119,37,-7,108,13,-126,167
167,-13,-12,179,147,19,-97,44,79,73,126,40,35,-18,-2,77,18,71,135,2,-121,243,-26,64,15,4,-51,77,134,0,30,75,9,111,59,68,96,-36,-34,-101,39,87,-14,-123,-39,151,-95,74,38,46,17,-4,-30,19,24,6,-113,49,175,-91,-1,-81,27,-35,184,96,100,-32,54,-10,-51,83,6,-23,90,35,53,-43,-64,-1,-84,87,101,86,-4,72,18,60,-44,20,50,84,131,74,-146,-96,78,36,22,20,116,-30
118,199,-19,19,78,183,30,8,57,147,114,-85,77,19,-44,57,35,182,-112,41,89,-66,-85,-54,16,130,-96,-46,18,17,-131,-25,93,90,-97,69,43,-63,-88,169,55,117,42,-91,-24,70,-24,139,-69,29,-44,266,-82,82,360,23,-61,15,-136,57,101,116,-21,146,196,138,0,55,-77,97,178,80,-53,-41,-74,-105,179,69,86,68,-83,98,-66,227,-138,86,61,-70,-88,35,-75,64,45,-58,-16,-10,149,215,7,-58,-14,215
94,138,104,71,60,86,58,-92,-44,-88,-9,15,142,96,7,-127,-204,-6,126,145,50,-16,-152,-86,41,-106,4,-6,108,55,-97,69,48,98,-116,6,109,9,85,-42,31,0,-49,-93,160,51,-4,31,59,52,13,-154,48,-55,101,6,-52,185,264,118,146,-87,59,94,127,49,24,113,-205,-97,44,49,17,11,45,139,90,40,58,-62,87,-79,104,10,46,-73,119,-47,11,73,113,153,113,-98,35,-80,154,-20,128,48,13,97
-80,152,-109,60,-60,78,-81,87,98,-58,-31,-62,-45,152,64,88,-22,57,50,111,2,-80,67,31,33,50,62,-110,82,34,-41,1,109,168,87,125,86,-42,132,72,83,-83,151,88,115,144,103,23,56,17,225,110,-32,132,132,147,16,-115,-86,130,119,170,-39,-176,43,-68,-32,257,85,-92,-88,-222,68,61,51,82,-161,-52,51,219,142,-20,-18,-97,19,-109,53,281,-11,2,89,79,72,-25,-6,55,68,-130,-30,118,65,62
12,123,87,100,-66,62,77,32,97,-61,-69,-26,88,-39,-37,-62,-25,-75,18,81,-63,46,117,-55,29,96,6,188,125,86,-27,62,24,-75,-76,8,88,9,168,-67,127,-32,180,-50,105,71,29,105,59,95,39,-73,42,-116,72,3,47,-109,165,21,127,11,-28,-23,75,9,104,-51,37,-41,-99,41,-58,71,129,48,37,5,262,-2,-85,-24,68,-58,-106,126,47,77,-117,143,90,-80,65,-30,1,-61,68,-166,81,25,12,131
49,179,211,2,-53,137,41,96,31,19,-2,114,110,-96,129,47,-11,39,174,25,117,-3,80,-31,-87,190,-21,132,-2,50,-77,222,42,65,-142,-31,52,-48,10,44,148,1,163,50,89,170,11,-93,-12,40,39,117,-99,-155,108,205,-154,-56,187,91,33,-33,-69,141,11,-26,-44,-2,6,20,16,47,-5,75,113,42,142,119,-36,93,-12,141,190,199,26,49,-57,117,-61,44,-30,-1,49,110,-45,80,57,-68,-34,73,171,78
-84,114,172,-8,-1,111,81,-6,54,-147,57,78,13,-11,-36,74,10,-222,-34,82,-36,13,-74,-25,47,0,39,5,-47,-12,69,107,-33,45,-107,-26,110,-48,60,-24,257,-13,28,-66,-21,-106,-71,13,186,0,31,89,49,27,106,-87,66,155,52,-25,77,129,115,-63,127,55,-29,27,5,-11,-35,-128,-28,-180,22,104,-59,58,-131,87,-33,-24,81,-27,24,0,34,75,-130,-78,2,106,63,21,21,-43,-79,127,125,-61,30,137
183,115,-12,0,-47,169,177,-154,-20,246,140,-22,84,41,-106,10,170,62,43,-55,178,119,-106,147,45,88,22,-12,92,-115,-86,-183,91,84,75,-37,116,173,26,15,-30,156,115,21,17,0,129,93,59,45,-42,81,126,199,-27,-29,92,49,80,-50,32,-7,85,91,102,71,124,102,-19,64,-51,170,91,-67,54,-43,16,-9,88,17,4,23,51,-48,-26,19,-6,-19,103,196,167,-114,-51,-67,7,-11,163,115,43,53,133,29
-84,175,228,-218,20,-146,63,67,105,-74,29,141,5,34,-45,94,87,36,-5,68,-18,-49,13,-137,-4,229,45,116,-55,84,22,85,75,76,55,-57,-21,73,83,55,135,76,241,-55,20,-18,-62,-132,105,49,140,37,2,97,154,-33,-19,-68,-34,172,6,-9,44,-37,92,194,196,16,18,19,67,137,98,119,-11,189,101,30,105,183,38,87,153,52,-95,55,-21,141,-47,78,-18,-10,111,33,29,64,-47,111,129,187,83,95
126,227,-40,53,-60,82,-1,-44,93,40,-50,171,51,110,-135,159,77,-96,91,62,-14,-17,46,92,47,-70,-7,-15,156,32,-37,-137,155,-52,137,97,159,-33,-13,192,11,-94,-149,43,18,123,33,31,47,-29,135,121,-22,-38,291,-44,16,210,-3,5,-166,16,-35,15,5,152,78,151,25,62,113,23,68,137,-56,57,-4,13,6,96,64,38,-14,-94,10,-116,-44,18,-136,-27,-106,151,180,-55,-5,76,159,-67,139,-44,115,121
101,-51,-32,43,-13,87,-62,223,27,-81,-75,48,-5,105,-51,139,-162,-112,137,155,12,-32,-7,78,126,53,-98,46,27,113,39,24,72,9,154,44,-78,40,187,127,10,64,-28,140,18,73,-43,46,63,-2,114,112,-55,24,131,79,-79,-30,-82,56,140,6,-184,-156,25,48,-45,141,-5,-92,62,1,-22,23,70,64,-24,-89,92,57,135,-23,-9,26,-5,-115,14,259,84,-51,41,-21,94,2,32,89,53,-172,34,187,10,69
88,-47,-9,132,-93,101,12,97,78,272,99,230,104,154,-58,28,29,65,-14,162,143,71,-14,114,184,219,-122,206,37,55,136,-52,112,-23,50,67,89,45,-44,121,1,104,104,52,103,84,109,-31,-22,62,37,176,25,149,143,9,101,55,11,105,-3,181,0,73,155,67,221,-12,78,2,-45,-6,144,99,263,-3,-33,110,58,31,-43,38,70,43,137,-37,-14,65,-90,-9,153,67,53,-64,13,173,76,-70,-80,163,59,126
-68,162,-23,-2,62,48,133,85,-18,-98,6,240,98,114,104,23,-36,63,-7,62,14,-2,69,6,72,54,72,27,59,-149,-131,-73,261,75,-18,82,199,161,200,-16,23,118,79,-67,40,-3,31,66,139,-25,89,117,34,107,69,-66,43,77,20,105,-24,80,122,-19,52,54,171,19,-69,143,100,20,4,100,7,14,54,41,82,57,86,-160,97,-24,110,-151,51,89,68,92,112,88,67,-79,28,-60,104,4,82,-86,25,24
54,139,-37,65,-49,42,-18,-81,123,23,102,-23,169,-112,-14,-7,43,37,-64,94,-87,-114,-19,-72,-10,118,-23,47,-9,-15,17,145,113,163,-11,17,-27,-53,7,-21,-29,43,-8,-95,72,43,-218,58,68,-20,-4,69,-121,69,68,-16,14,9,-65,18,35,-14,-11,-69,169,29,53,79,26,10,-17,40,-75,101,32,-120,108,108,-38,80,-73,-107,62,-15,1,78,104,38,-30,-67,35,26,19,-114,20,-94,107,-11,56,-100,35,55
164,1,-113,64,58,7,15,-44,-15,-7,30,-2,93,0,-32,-79,65,28,-82,102,79,-25,52,-7,31,123,91,42,89,-8,193,99,97,1,-80,0,-81,-28,-6,-13,114,2,74,-58,-37,153,60,-6,62,-42,123,67,69,37,-70,-15,89,-187,45,14,116,-9,139,-92,21,-57,127,-54,114,-16,-140,-32,104,73,8,2,2,71,20,110,-4,83,-33,-167,-24,135,99,7,-91,106,160,-76,-23,102,29,-36,35,-153,71,128,-2,78
36,-21,-61,-25,-12,116,23,94,12,113,24,175,131,-11,-35,117,-89,-5,-9,-34,165,69,-10,30,53,36,4,10,39,-33,-127,-33,166,27,145,141,7,110,52,114,25,142,124,24,52,-104,92,118,9,82,127,83,-30,130,204,-2,67,5,-101,-54,18,150,17,-30,90,26,15,111,43,130,71,28,102,76,43,-26,89,34,121,-5,36,-150,54,116,59,-45,158,20,118,-90,36,50,139,54,-119,-69,116,-87,-30,-47,25,0
149,25,-162,33,12,97,121,107,-46,106,21,-9,-22,94,-16,19,-147,-43,39,18,41,68,-95,2,128,-26,49,40,187,97,-66,-23,127,81,-11,186,98,223,24,-51,-68,162,53,6,32,-12,7,110,111,7,-60,-109,91,161,92,-122,3,131,120,-9,172,136,80,-17,59,-50,-15,33,-31,-3,-24,81,71,147,63,2,-47,88,125,-3,131,-172,-15,-52,54,16,28,-7,-25,-43,-16,-30,-9,-89,3,-27,90,-38,-35,-62,5,166
-85,-165,-26,44,42,-42,-102,-56,40,140,-54,48,-8,24,-59,-110,-92,85,-126,-109,-123,33,52,107,-31,140,-158,35,-105,-23,-18,27,-55,-50,52,-90,47,-50,-17,-5,5,-14,152,-58,-33,-38,-41,25,-98,-21,-26,-16,-56,57,-14,15,102,-7,20,-35,92,-36,-3,102,115,42,-2,-48,-48,-103,121,85,4,-18,72,9,-42,137,-3,-68,-9,87,16,83,-4,-32,34,114,-107,29,45,-161,-146,67,-8,18,-129,-11,-140,64,-111,229
39,106,-89,-61,-130,-90,-86,44,1,216,-130,13,-99,-77,73,44,105,3,63,-59,-56,-14,14,1,-36,29,-32,88,3,117,68,-5,-4,-34,30,-116,-42,48,-114,19,108,62,36,79,-33,100,-1,60,-37,16,-44,164,-123,198,94,-136,100,67,-3,-47,4,19,-24,23,-50,2,98,-76,164,24,6,-20,-11,-82,88,-75,-29,-33,128,60,-78,56,48,-21,146,-58,41,88,42,-37,48,-144,9,-37,7,139,2,40,95,9,101,-4
47,44,-15,-102,-15,207,16,87,-121,79,106,-6,10,-12,-2,-55,-80,42,-24,51,118,-15,18,35,26,12,-103,-56,-61,159,-158,169,144,63,-56,44,27,-93,44,72,45,-28,-100,33,4,69,-53,100,212,224,36,41,39,102,48,2,8,-41,-88,119,-99,21,53,84,-14,88,-24,80,-106,81,72,45,103,-3,11,127,113,-59,-38,184,-81,-89,73,82,-167,41,-16,-44,-11,-27,-54,43,3,-12,-75,-29,-24,157,62,72,-72,130
159,-55,-3,135,-88,84,-16,115,-63,76,29,-6,27,162,-221,59,147,46,185,22,117,108,57,84,109,9,67,61,83,-8,61,26,124,86,136,155,-6,69,-48,0,-5,42,198,130,52,74,173,118,1,73,163,57,26,174,20,54,105,-85,21,-24,95,18,-16,84,98,138,5,121,-4,28,-101,17,22,-5,173,52,62,25,43,0,114,140,1,26,-22,87,-71,83,10,18,115,18,60,-22,14,54,-31,-31,-62,126,57,48
165,1,-203,83,127,-89,-106,28,-15,51,32,-89,-19,113,-2,208,6,110,37,123,-22,-22,-15,13,-64,18,-105,-20,132,18,109,-6,78,113,72,-52,153,8,69,-53,136,13,97,45,45,98,129,98,13,-18,-42,57,-118,129,178,-27,62,109,-83,-13,74,78,-75,-36,-71,6,-26,-38,-42,-28,126,-123,3,48,44,39,-38,116,80,183,82,184,22,94,138,-42,5,78,16,-95,35,16,-70,164,88,-26,14,-33,-114,176,84,115
120,16,-263,46,25,73,0,109,141,172,-22,26,-51,17,89,106,30,69,-44,185,-33,62,19,-106,59,191,-90,83,198,171,58,10,174,-118,-56,133,153,-92,10,-76,-111,73,-26,15,0,212,105,57,-64,-73,65,36,-3,80,1,-104,9,74,-59,125,-7,137,82,5,-97,-26,189,-104,115,39,10,26,107,84,68,57,146,79,144,95,-123,91,-99,11,-31,119,43,-95,197,167,35,-51,22,81,27,76,71,113,203,204,26,-65
96,-90,-1,7,-61,89,9,-7,-5,-14,-52,108,93,-31,54,129,13,-140,2,-153,44,-88,-50,-38,131,64,-144,21,125,-7,124,-66,48,-97,71,-49,-4,300,8,107,94,160,14,-34,-75,-98,123,48,78,-131,-83,112,216,175,1,-237,177,142,-15,52,162,95,29,76,55,23,-61,-18,-7,-55,91,40,54,37,13,-43,-74,16,61,23,52,107,-34,84,101,62,170,-99,135,6,119,-78,-51,-35,133,-11,77,128,-35,94,199,40
-116,124,45,236,-79,236,105,205,152,25,197,169,62,57,44,-36,-4,-102,29,-5,74,-6,-68,90,-116,156,30,113,-84,16,-91,98,120,70,-41,261,228,-71,68,-78,108,-3,104,-46,-6,88,-93,35,82,12,115,16,84,134,78,89,120,77,38,100,-43,62,-11,154,83,212,77,71,182,-10,101,74,-36,82,138,140,41,-8,25,140,95,50,99,34,-129,-6,6,14,-24,59,139,-158,4,-1,101,56,-67,-65,-93,146,71,228
73,29,-7,67,-38,2,-140,64,-119,16,-223,-5,82,-53,44,-84,-205,-30,30,-25,89,46,76,-10,-24,112,143,129,-26,51,-37,95,83,11,-42,58,-33,-26,160,106,45,160,116,-146,27,112,45,82,-126,9,-3,21,91,12,-2,85,75,-49,65,-12,183,-28,-210,-55,138,-21,59,-68,-104,-112,100,46,-41,15,71,-96,102,105,126,-47,-49,72,56,-40,15,26,35,202,97,53,180,-76,-6,37,47,-40,-5,78,-90,157,-2,182
19,111,32,-92,57,36,31,-116,-170,114,-51,206,-44,-70,-50,133,87,-10,-93,38,92,-79,-113,19,-16,113,113,-30,129,115,56,-99,71,103,51,-45,95,82,16,44,-31,85,164,54,225,-155,145,-139,56,-102,-52,-55,-12,-20,-26,82,-100,-45,-137,209,9,-95,91,-99,-3,50,-8,137,92,112,-13,-136,55,-3,4,13,-174,116,124,-12,58,-20,65,-16,-55,-29,21,49,-60,44,14,5,-39,97,-24,31,143,-82,70,38,27,102
65,84,-37,-65,47,43,17,21,-5,43,-32,47,118,-101,-153,-84,-20,78,-92,85,-15,-33,-59,-103,41,-72,84,-121,75,81,-96,31,229,111,14,81,122,54,2,-20,91,80,142,-89,164,-67,27,188,-14,-189,8,18,-14,150,-59,-100,84,160,87,-103,102,-47,168,160,88,36,23,37,36,155,185,71,199,-43,-50,128,64,114,83,-50,4,-107,6,81,58,-15,60,-8,69,51,111,-27,-65,28,-20,14,134,51,30,-28,33,99
110,119,86,62,75,96,0,106,60,-113,-37,57,70,81,69,-23,181,28,53,-3,6,74,85,-118,-16,-39,6,-6,251,98,108,171,117,-67,-91,-13,165,129,52,192,42,47,165,-8,-25,167,22,-139,44,118,101,4,53,27,70,-30,-40,-41,4,64,-4,-167,133,89,-25,34,218,-26,32,-43,-90,45,187,-30,141,87,104,84,56,35,-16,68,-20,93,-203,177,105,35,-29,-11,26,-221,84,44,-53,51,111,257,139,-32,-48,-146
100,-87,70,-27,18,162,-88,126,77,-132,96,-3,-14,46,128,68,130,38,101,-33,79,205,-27,8,138,37,-136,151,-21,197,-12,24,106,-75,193,152,-1,-89,95,-5,6,-65,-24,-46,12,-12,9,-10,241,178,105,44,129,194,70,13,52,-22,-54,-21,100,218,-56,7,33,-11,77,-38,22,-43,19,217,-27,33,280,61,151,-69,44,-21,120,49,-40,168,-67,48,1,23,85,20,-81,90,63,106,155,263,110,60,114,108,159,160
145,70,-102,81,-52,-38,64,22,30,81,-111,175,82,-8,82,76,-123,-92,-42,94,125,-33,-1,81,11,91,85,134,47,62,-82,-36,182,149,112,132,90,155,54,23,-104,-139,155,122,281,53,135,157,22,100,-26,9,-51,-7,88,87,-21,104,-40,-53,32,88,5,-42,93,102,117,236,-33,189,134,21,30,255,-12,-111,52,-43,61,18,50,-92,166,14,123,-46,-13,-19,11,-42,98,23,-25,-96,26,-107,289,-17,99,-1,11,-44
137,23,-85,67,102,159,185,-118,118,48,104,14,246,35,-178,-34,-25,-49,-16,41,57,-29,-139,74,-44,55,41,16,81,-44,-30,-2,197,-13,150,45,93,-60,96,-46,27,63,15,100,106,-105,-93,-23,224,14,134,51,-22,97,44,-55,70,242,-87,151,-64,23,-125,-123,-8,137,170,94,-47,124,-47,172,-13,127,94,119,-36,79,41,-53,-99,-69,-98,-39,41,-122,34,-57,46,15,-6,-60,-32,-68,-86,113,161,-166,-6,39,17,-6
209,-128,-138,56,91,-50,136,63,-46,32,-51,61,-85,112,4,93,64,-71,110,78,-26,-57,-81,-31,58,-51,14,-13,44,73,104,-51,61,41,22,143,-16,110,4,-148,25,115,140,54,-128,135,85,41,82,24,75,55,-40,194,92,41,5,-16,72,-1,156,293,7,-29,-49,-36,83,-28,66,-212,-100,75,71,-69,93,46,-47,50,-1,49,99,-14,-26,-22,118,-40,-95,84,14,-5,5,-66,-56,-22,38,159,115,-11,57,163,64,165
65,43,-26,-40,83,102,-73,110,-202,-95,-6,114,-104,20,-65,-18,-102,-99,118,6,104,19,24,111,128,75,224,29,130,-42,106,-128,63,4,-68,212,222,16,-10,-28,-39,39,69,-163,-37,-29,72,118,96,-21,54,-25,161,-40,-71,-84,-95,-32,-79,52,96,17,70,-5,-42,-81,111,29,-40,1,-41,52,-21,17,12,194,-123,84,-56,-32,33,-64,-6,5,-23,-99,-64,-60,37,72,-4,-46,-75,97,127,129,111,-49,-54,63,-109,99
165,-24,37,-35,89,37,253,6,13,-79,-87,-37,187,150,163,62,57,141,51,55,117,125,-2,118,-21,138,63,-5,48,-41,59,-164,22,62,-10,184,-35,50,-9,135,-49,-27,160,40,38,83,70,52,59,39,200,71,152,43,47,4,55,153,-15,206,36,304,-110,46,54,130,-99,105,-182,107,-76,36,-67,135,59,-26,90,124,131,224,37,112,-85,-62,-99,-1,58,24,-52,148,51,-15,192,89,-5,107,-83,-100,45,86,28,38
17,30,-47,59,100,-24,66,50,-8,36,-5,42,23,46,-2,128,30,17,-97,167,-10,-19,22,-15,23,-31,143,108,-119,-58,3,-27,111,12,146,121,21,147,-90,-44,157,-10,106,-23,89,51,58,198,91,41,12,7,44,23,-106,34,87,-8,-21,-31,37,63,96,54,111,100,77,-34,79,85,100,-26,5,4,52,-52,-9,-19,167,15,-50,101,18,-84,113,-13,-27,46,-39,45,81,218,-86,17,97,77,-43,30,99,63,-26,250
30,84,31,91,-1,40,25,-42,12,26,5,-34,21,96,-13,39,141,73,79,76,83,19,132,19,11,88,78,-49,174,-96,189,-45,-64,-27,175,202,196,229,-27,-16,-91,-49,92,-20,168,2,58,-34,23,-10,-37,133,236,28,-40,-78,135,26,138,34,21,20,150,26,44,37,123,49,1,0,-108,-68,2,59,103,-26,-66,86,8,90,31,-41,29,-50,-90,-13,-114,50,-79,121,-24,61,-98,-48,61,11,-78,115,-152,135,-22,340
-5,110,103,-74,-87,92,10,35,57,-158,125,127,18,65,102,-9,-7,186,13,138,4,-104,-90,102,56,30,-118,-84,83,106,58,117,47,288,-86,6,-14,-133,152,23,-48,-15,59,160,85,40,1,46,36,115,54,52,-52,32,140,117,-101,63,-83,13,207,55,10,-20,119,-128,-72,273,5,-8,40,-152,-104,125,-23,76,46,120,-148,47,110,-243,41,78,-87,-71,90,222,-49,4,29,13,48,107,0,22,87,-21,-21,-90,88,-33
111,20,-66,45,-91,76,-21,93,-21,97,123,9,-71,19,82,55,66,30,137,-43,36,38,132,-51,47,41,-113,102,56,-10,46,26,-150,134,12,32,0,61,-49,26,-146,32,116,-30,39,41,97,189,20,239,144,12,-99,185,187,100,35,-87,56,34,90,-9,2,-38,125,-50,-80,167,-24,-27,50,36,-78,19,11,11,-25,-16,83,-43,-94,47,3,74,12,-60,74,108,-102,-127,11,-37,18,-17,-51,32,76,8,7,46,154,66
85,22,90,-10,37,-9,74,36,-22,293,87,188,183,-40,62,175,-20,127,48,-36,204,35,83,145,-12,175,6,176,46,19,-13,-35,78,12,12,76,64,76,27,62,70,152,134,9,-29,21,111,107,129,52,123,232,-18,152,4,-149,-51,7,-66,94,-13,240,-20,30,129,169,-10,74,-12,237,22,79,92,110,168,121,-43,49,-108,243,-126,114,113,183,109,-15,-109,12,172,70,19,-77,-148,165,31,22,55,129,-43,201,111,-26
11,-49,1,214,35,-47,-11,93,118,-71,99,93,75,-23,123,96,4,-48,-107,-58,-168,97,-13,49,-78,-179,-76,2,29,-51,-68,-72,129,-4,-46,-87,49,2,57,102,163,9,15,-15,-27,33,46,215,47,33,124,-112,-23,82,28,-100,3,93,30,-58,175,1,-43,53,30,55,10,88,31,43,-13,25,80,48,-37,-2,86,-47,13,26,11,-37,115,-42,156,78,-2,28,18,88,50,93,143,118,-33,-50,29,129,53,-37,105,-80
-25,22,-27,-98,121,-12,-58,27,49,105,-109,51,-130,44,39,132,-30,118,84,112,-95,29,56,-102,-37,93,-35,46,145,90,-51,51,58,122,34,48,-85,10,-74,68,43,41,69,108,8,241,88,59,104,-48,77,169,-144,181,204,-19,-125,-34,31,117,64,75,28,-95,-27,19,-53,90,77,-56,64,5,83,15,42,24,20,-128,98,199,25,-71,-102,33,23,-182,122,129,111,140,131,3,160,11,3,37,100,31,219,35,96,75
159,-22,26,32,5,93,52,51,94,70,78,-10,267,-38,-4,45,92,5,-42,62,25,73,62,-29,133,46,-43,265,118,-99,-4,1,-16,-151,30,194,131,101,55,121,-50,131,-20,70,28,-38,126,293,139,212,123,24,80,-44,151,9,203,102,104,-74,-114,25,-4,85,32,-68,54,-88,3,268,-40,77,66,184,-15,20,-20,14,102,-77,-161,-79,-28,-23,9,-26,79,-106,-41,-46,-7,129,1,-125,-165,-82,68,60,162,-21,-66,206
-63,29,113,143,49,35,-74,15,-40,17,157,19,-124,-9,-88,45,124,-37,-9,38,201,101,-59,-7,-145,172,51,139,110,77,-83,158,209,-84,-41,2,108,-97,165,108,78,-71,56,16,147,-30,-168,-106,182,17,-64,58,137,24,-130,-52,39,-57,105,77,1,-55,-3,-8,-73,73,170,-69,109,20,-84,-90,110,-34,12,43,95,-107,-36,-17,66,-70,41,134,-95,213,-55,-147,116,128,31,17,19,84,44,-4,-13,96,-89,134,-24,35
-103,130,141,109,127,100,-29,193,-66,-68,-5,104,273,-18,75,86,53,-33,-73,168,250,156,-41,-34,156,51,-12,231,102,47,88,117,111,45,-63,115,113,204,151,191,70,98,172,95,92,-14,60,146,139,3,69,132,113,86,88,-92,182,-11,-99,48,-32,93,-26,166,-212,17,7,-51,205,123,-78,-44,12,168,188,-1,-90,-113,83,284,57,-11,35,68,-72,131,47,-12,147,102,126,-126,-78,168,21,145,-23,132,78,201,19,147
80,58,-97,-33,-66,75,107,-67,4,64,59,12,98,-46,13,-110,5,76,-71,21,133,75,27,78,-65,70,-91,47,37,-37,-74,-12,55,-28,-15,91,-43,102,-50,-52,-102,-48,-76,-20,-2,-71,86,-24,103,110,-51,71,-54,-29,-97,126,33,62,66,21,-29,78,-34,59,7,-69,-166,41,-2,2,61,-13,36,41,-26,-31,-4,80,-176,-26,-61,-19,-149,168,75,-95,56,-89,2,-12,59,101,-34,-26,13,25,106,-67,-153,-68,-62,92
37,38,13,-64,92,53,43,19,-87,-4,-147,72,195,41,29,38,79,84,136,124,67,84,111,33,50,106,198,161,-51,121,97,13,33,-213,-50,199,-45,-41,31,80,57,157,66,71,-73,143,80,159,47,5,185,149,92,-36,113,-72,29,31,4,52,-19,29,-14,69,68,50,30,-20,-31,181,24,119,86,86,81,61,168,157,115,-87,33,-147,-3,-121,2,-101,5,82,-7,72,37,-50,131,15,-26,8,-78,-82,124,14,21,133
35,112,52,2,152,128,29,63,38,62,13,87,214,80,-9,112,37,79,-10,69,226,-30,-45,1,30,-101,59,88,-34,-9,7,17,-47,114,-38,31,177,56,204,85,68,159,321,-83,22,-8,-35,86,-35,162,48,168,-96,49,261,-47,49,-3,-2,-70,30,138,86,61,177,-21,72,-11,127,13,60,54,103,42,63,17,20,240,42,139,73,-3,128,78,94,22,-95,137,11,-9,55,-77,-172,87,56,-61,65,-9,-60,148,181,18
234,89,-153,-4,-69,36,77,126,-34,2,5,-52,-73,8,126,40,-22,-70,21,49,-7,-88,-112,39,-115,122,-60,-168,65,37,-169,-56,244,-24,-18,-107,55,-90,127,-26,19,-97,-34,80,-14,44,-21,53,49,81,96,121,-80,-38,152,56,-26,-5,1,140,15,166,-46,-63,67,24,45,9,-93,-15,-130,-94,37,-16,-53,107,54,18,168,10,73,-73,-27,152,76,-71,0,-68,59,-13,107,162,225,-9,-1,-150,-2,-228,36,111,-156,-24
-46,-23,12,-26,20,102,-36,46,51,231,35,102,59,197,-14,175,58,77,-34,70,-132,26,23,-115,73,82,-100,22,28,307,98,105,99,142,49,-92,88,-73,32,-19,-7,127,94,85,62,7,67,-52,-59,64,172,-85,99,101,101,74,-129,27,51,68,-81,-37,-19,62,52,99,-2,26,-50,95,3,-26,159,4,118,41,113,53,-6,-126,-11,29,9,76,-82,63,79,98,107,142,-104,75,109,38,7,51,39,25,43,189,74,-10
109,6,0,-22,-111,-37,15,-32,-55,63,-37,14,143,-194,18,34,45,-14,48,37,132,-19,94,-75,111,126,-96,-8,-36,-51,61,149,1,112,34,-75,17,-68,-214,-13,78,23,-5,223,63,-77,220,20,133,43,42,155,70,-55,-57,-32,85,143,-17,112,-72,-93,24,-11,-124,70,-45,56,-102,244,-28,34,-54,-7,37,-46,49,-58,-44,46,28,-29,87,210,-14,86,9,-197,34,8,-79,159,65,143,-34,96,-73,-91,123,146,-69,45
21,-109,50,-70,0,44,112,-11,-37,161,53,142,-38,40,-96,70,1,-5,-9,-19,144,-75,-38,-22,-42,71,-11,37,-125,10,-83,-3,-33,110,-18,21,23,-18,99,-82,9,93,48,20,80,-98,-137,33,-10,100,65,-54,-50,-6,153,-12,-64,-56,-54,45,-69,40,-19,83,-7,155,-156,5,-120,-51,59,156,30,-31,-71,-48,85,-93,151,-8,90,-159,63,27,-158,-10,-134,49,107,51,-25,-59,35,-19,90,44,-12,-39,11,36,-99,64
105,-46,43,90,33,58,-25,138,69,-113,3,87,-143,41,53,35,36,42,63,37,26,104,-124,62,115,108,27,43,15,111,-32,-65,73,52,64,184,47,-32,-114,-14,-118,87,-95,30,19,157,-50,177,-4,55,119,32,161,69,69,130,109,123,-53,-118,-9,105,-58,76,18,18,40,98,77,180,-22,166,101,63,91,-29,44,-10,122,6,12,1,-151,-38,55,-181,27,4,2,56,82,135,36,83,-9,144,87,-161,100,116,-35,34
121,51,-196,134,62,20,-49,-8,121,-55,243,-106,-121,14,-56,109,243,115,76,56,-44,-55,83,74,-175,43,-139,-53,133,32,-88,-18,169,-2,68,-23,-75,54,44,171,-52,-57,-21,-25,76,9,-8,21,-57,-23,-17,31,-103,62,54,2,-103,-18,-1,32,148,36,-18,77,7,-34,136,-9,41,-75,3,12,56,82,9,-16,154,75,-20,100,66,-2,-47,151,44,-18,101,-94,-8,36,56,106,94,-73,-76,53,-38,18,7,72,45,47
35,14,129,-49,16,122,156,-94,-70,135,115,113,34,-1,-79,-107,101,70,56,-24,101,11,-12,21,8,71,22,62,29,130,7,84,19,155,-58,103,10,61,15,-80,-4,90,239,74,-54,-75,56,60,-52,55,-39,86,27,300,71,55,136,34,4,-119,36,74,66,163,183,84,-136,4,-42,63,177,-20,76,-84,36,53,80,97,36,-25,-69,-55,-95,149,-43,-100,-75,30,49,-26,165,-13,-93,129,9,148,-116,15,-27,162,115,55
27,153,-18,-100,111,222,75,-64,-111,29,-44,37,55,56,-40,100,-37,11,-101,145,168,-59,-110,39,52,53,1,-48,-6,-82,33,-68,39,112,126,54,124,95,36,42,80,11,63,68,108,5,64,57,59,-17,74,31,33,34,39,76,150,-19,30,107,-90,161,87,-44,12,-13,-132,92,-5,-24,20,-85,48,29,3,10,-43,-22,48,132,80,20,-104,35,-133,69,-4,66,31,55,35,2,-116,-23,6,134,108,30,-54,180,-13,62
59,124,142,61,5,27,109,-164,-37,-45,48,226,-109,-39,124,104,63,-60,146,7,103,-64,-103,-136,-38,109,-97,33,-50,-86,-34,151,29,58,-28,-138,28,-8,59,47,176,72,84,-61,123,91,-156,-95,103,-11,17,14,-34,-94,104,142,-103,27,57,162,76,-50,-93,-127,-66,172,-7,42,-55,81,10,-22,-30,134,75,40,101,117,-9,120,75,132,43,121,-28,91,-31,46,-74,59,31,194,23,3,70,20,40,58,69,-29,33,109
214,5,-57,-18,23,-27,4,-22,-203,56,37,25,-28,-95,62,54,131,-77,158,90,40,5,4,-87,164,-110,152,43,45,117,18,119,84,-52,-192,-25,-89,-11,71,-34,27,199,-48,-9,-42,223,24,136,94,147,70,11,-51,40,97,-102,43,-77,-86,-104,70,42,37,68,4,-78,56,-47,-40,55,-57,144,-20,69,31,64,32,111,-33,236,-85,-86,110,-49,11,64,-17,87,-1,-113,46,124,25,35,-18,9,81,-21,42,-18,123,95
120,-67,39,-20,-87,49,103,-56,26,210,-65,141,51,67,-40,66,-71,127,157,135,207,-81,18,92,74,101,-136,-56,30,5,-62,90,114,113,36,-111,36,-14,186,0,39,176,203,205,84,188,148,-93,37,202,-16,275,20,42,125,18,-69,124,49,85,-113,90,136,-35,21,9,149,104,-20,140,167,-148,111,84,-113,-26,-16,-13,-44,-78,-37,-155,229,128,-6,67,12,125,225,-93,36,15,-9,52,-61,-58,116,77,84,118,6,-75
-128,2,170,-37,-20,122,-94,-42,96,64,122,64,28,43,-7,-65,-59,163,104,46,-13,-47,65,-116,80,104,-45,207,111,-32,89,144,-166,35,-91,-28,71,-17,149,-117,-54,118,30,212,195,33,-71,-23,7,112,69,41,-29,178,-12,153,109,39,108,11,-62,-48,-25,-45,-17,-146,-12,-19,167,17,73,-69,-1,-35,-24,104,65,-17,33,-78,-115,-94,-10,-14,-103,34,21,135,92,-17,-76,-72,-99,73,24,75,-45,137,-45,165,-11,59
-108,152,116,-70,-14,-116,-79,10,18,-61,-60,-168,59,-21,-167,-88,-79,-90,17,96,-173,22,-85,-37,28,-183,-34,-52,135,155,-139,-11,73,-15,-23,35,6,46,160,-56,44,10,-61,17,75,11,-75,73,40,-9,-69,-127,-46,-45,-34,-82,-37,63,82,-60,21,-64,31,53,30,19,-18,-4,-37,-2,-64,0,100,-35,-124,111,-28,-64,-61,100,-96,-14,105,48,-122,39,-10,52,62,6,34,40,89,-148,-65,-229,0,2,16,-73,-32,-92
11,175,-18,-10,-19,124,40,-185,57,123,87,140,166,-119,-20,56,77,14,68,17,79,-15,205,92,75,91,99,76,-105,21,67,-8,46,103,26,14,-18,-40,188,-51,44,-88,-23,-14,47,-65,17,69,101,94,124,9,-78,165,-81,49,34,25,-43,40,-127,0,82,71,120,-10,14,115,64,65,75,63,-111,17,-20,52,166,-127,-127,123,-92,-137,60,33,-38,-35,33,6,172,-90,92,-48,129,108,-104,36,27,110,119,54,3,39
-19,30,43,-117,124,96,77,-17,149,125,33,163,55,32,-59,69,53,43,-70,110,-17,-95,-157,28,21,-85,-175,18,-17,170,21,22,-18,89,114,124,-149,-56,-19,138,76,31,-206,62,-99,-54,-63,63,134,98,32,-89,-152,218,176,16,129,172,42,-31,-22,92,-65,200,78,-11,53,-26,108,-125,1,26,9,-58,-8,-18,26,0,-29,178,-29,69,16,25,-64,43,167,53,87,68,-34,100,120,34,-99,27,-32,7,231,-86,92,172
-12,101,126,32,-28,-71,183,69,68,-103,207,-39,10,-7,-25,-72,-34,-56,44,-83,30,-78,32,14,-117,3,60,-4,97,-70,6,33,0,54,-46,-97,79,-57,95,-28,-36,-140,-66,70,4,-25,23,-154,115,-16,81,-8,-41,-63,36,-24,-71,29,164,-81,20,-114,40,-176,4,-9,99,91,18,-91,-47,-49,-30,-20,-64,64,-93,-134,-113,4,53,-54,21,-42,-34,13,-7,-90,-9,-7,78,-1,-58,-37,-106,-18,-80,-181,143,-23,16,-112
61,-83,1,70,61,-84,187,-92,45,60,-57,26,117,8,107,-17,50,-18,124,44,140,-6,-31,-27,-8,-73,35,193,-74,194,23,33,-25,-55,-3,90,27,127,70,16,-25,36,77,26,-3,56,8,16,171,210,92,32,47,99,65,-56,59,79,53,-154,-21,28,-2,99,50,174,16,41,26,32,67,159,76,116,107,18,131,-84,-28,48,-12,-14,-91,40,-93,124,66,-34,114,-29,-40,1,5,9,24,108,-25,75,84,10,112,7
-51,3,158,-88,-35,0,-7,222,122,-80,106,42,8,-23,31,103,-53,-78,-45,14,-104,7,82,-94,-3,65,-148,8,24,92,49,30,115,-40,197,50,-11,-51,75,147,63,-50,21,35,38,-107,18,45,75,39,69,54,170,-40,119,97,-90,15,107,49,54,-135,-81,14,106,14,-35,-77,-117,83,134,-73,150,-24,-18,71,75,1,88,-136,-28,32,88,111,-43,17,97,68,0,16,-56,211,64,31,-49,-61,-46,66,19,109,21,14
102,-32,-43,16,-34,-146,21,-111,-74,64,-106,-169,-49,-92,12,-96,-93,-12,29,164,35,21,-32,75,-34,102,-22,-46,122,135,-20,-114,53,99,28,-35,165,-24,204,-142,-80,53,76,-33,151,32,-55,-36,-17,-49,-38,-97,-63,-50,-147,50,120,28,107,16,-48,5,10,-145,61,-9,-20,17,-36,-2,-93,-138,-91,81,-49,67,-58,-76,15,45,-59,-72,-98,16,13,27,-131,142,291,34,255,-90,-21,72,99,-34,-48,-24,-66,185,51,-53
184,88,-97,-7,102,98,-136,-38,-147,-31,61,28,-152,1,88,137,106,116,21,53,69,13,-24,49,59,-39,-55,105,121,151,58,-83,5,135,130,7,68,-46,-78,149,-57,-30,-43,-81,182,56,92,124,-27,62,156,-132,61,226,113,38,76,151,-113,49,155,67,-107,-37,26,-4,25,192,-78,72,-20,39,49,67,247,29,31,63,46,223,-45,141,-120,14,36,-88,45,27,-22,75,26,222,-30,124,18,194,171,-33,10,127,143,9
99,-34,160,29,-62,-76,141,-63,-28,151,14,131,96,81,98,78,148,212,-48,-152,173,-66,-12,121,-150,87,69,-28,41,-6,48,86,40,35,-29,-20,-137,-40,74,28,126,114,161,177,-27,186,123,-100,-1,7,72,209,-14,105,28,43,-63,39,5,-38,90,71,24,28,42,155,-29,66,-29,124,99,5,20,87,-13,-118,-3,5,-87,115,64,116,132,20,-108,-75,-104,189,50,47,98,-110,-25,142,-115,184,35,26,43,-74,12,132
-84,133,137,-147,3,23,78,-20,-51,88,-48,182,62,-63,112,-61,-19,0,-63,62,-28,-131,-46,-55,255,-46,29,-7,-51,110,-83,15,4,-5,-18,-97,-49,51,-105,64,-110,-17,-60,112,-32,-116,-10,108,-45,64,32,-70,-25,-72,40,-114,41,5,31,37,-182,0,19,48,139,57,54,-71,12,221,-46,56,55,37,143,119,-1,112,164,4,-77,-99,151,38,-28,209,123,-131,-7,41,-69,211,-29,-21,-161,18,34,-76,236,-140,75,-278
17,-5,-54,-50,-55,-32,50,-90,-19,-28,-68,-20,111,-22,48,35,-30,-83,43,11,146,16,34,74,-155,76,-18,-20,-66,107,-7,87,76,-79,190,111,-95,50,77,-120,92,59,63,-4,19,8,-40,-97,89,89,23,109,61,-84,67,54,15,-32,-15,104,-29,152,-76,0,-43,142,-44,-25,-83,122,-19,-28,89,90,108,16,-32,40,-71,-53,23,26,50,27,-67,-151,60,121,-3,16,20,34,189,-51,-151,-54,12,-33,-130,51,-99,161
182,-39,-48,14,12,71,102,-24,-73,1,246,32,-22,28,18,90,129,205,205,91,-49,60,44,96,52,24,-79,156,78,18,66,-74,-14,150,153,-15,12,17,80,-84,-32,142,-60,60,-21,101,-5,174,-52,66,-14,35,-61,123,-9,117,21,-96,-53,-32,59,-61,-112,106,118,103,-58,149,-109,120,142,195,65,-48,119,103,-19,-48,81,-34,-12,-101,-136,-10,-38,-115,-81,127,3,11,-3,65,-25,19,17,22,37,-16,-44,192,11,77
165,5,-19,172,53,191,30,134,103,-8,86,2,284,67,-37,116,68,-22,-17,51,192,106,-88,53,136,151,1,91,43,86,62,13,15,51,153,234,152,3,86,93,27,-17,17,38,41,-32,165,123,161,15,45,18,207,159,-13,41,219,214,27,-84,99,-48,-2,107,137,121,12,93,45,5,104,223,58,60,33,19,154,110,24,224,-19,158,-88,16,5,-45,-55,-55,-23,41,135,3,14,165,20,20,51,-109,67,196,224,207
30,126,-49,4,-50,-58,55,-35,38,242,215,189,5,106,-69,149,67,112,166,-39,-91,-72,80,-83,-25,-23,-116,35,45,174,-27,59,60,173,-26,-64,56,108,-17,-81,79,184,146,91,-49,131,135,-28,-77,8,35,38,-175,258,304,106,-61,-15,-2,-20,74,72,101,115,80,135,-172,98,-84,72,141,-82,172,-11,170,59,-122,53,31,-41,4,80,-55,62,93,-59,-21,139,11,-27,-22,40,95,49,-43,160,-37,173,-45,69,157,-8
99,45,48,-31,164,20,26,-213,-20,105,71,35,13,-68,3,-12,2,132,68,11,167,25,-73,91,-27,204,20,-31,2,19,-153,142,135,127,-33,65,14,44,92,-39,108,33,224,-35,144,72,49,63,216,242,-2,-9,8,-31,124,255,80,-39,18,156,21,-76,42,-55,8,127,-9,74,-60,23,53,30,-62,-32,-37,0,64,71,118,62,-77,13,153,168,-53,97,214,14,129,-10,54,84,-37,117,-20,-49,44,46,84,-7,53,146
37,60,9,-66,-60,-59,-99,241,68,31,-32,56,230,102,54,110,39,55,-194,-18,95,-167,1,-138,-25,-61,-195,148,6,81,32,159,40,53,43,-65,259,6,70,-50,100,-48,-6,179,43,50,155,51,97,170,106,-40,66,7,64,-8,63,41,-95,129,-13,-74,25,132,-13,118,38,2,54,78,34,-57,87,33,-44,-7,139,-31,38,128,-69,230,110,147,-4,33,-79,-165,110,65,-32,162,7,131,-31,-58,77,-29,169,173,-112,-75
87,47,18,-64,-31,-104,-39,190,-107,113,-6,236,194,116,7,-174,-30,131,-198,-126,13,49,-19,-114,-126,29,-23,8,47,77,19,102,268,28,-66,-136,12,59,-51,-61,91,122,132,-33,-117,-90,50,-62,-31,-72,166,10,-8,159,35,-43,12,51,135,17,-1,-109,218,48,195,120,62,-132,87,4,255,-66,187,139,-98,93,28,155,67,-118,-17,111,27,80,88,-49,54,-5,3,18,305,-28,5,191,-154,121,92,97,-8,43,-1,3
41,-34,115,21,-67,203,-72,-19,-106,-25,-57,-59,51,107,-226,-91,-45,6,93,63,159,-36,-35,33,291,45,-54,-221,137,-90,28,37,-83,82,19,110,59,-113,35,198,86,239,-6,112,30,204,127,50,-9,-49,208,134,82,69,163,-67,86,84,-113,62,182,26,170,-62,2,-120,-55,104,-113,107,-15,-99,-100,-47,-162,23,77,-16,-16,256,-55,0,-66,-152,-207,40,145,118,55,27,161,36,96,34,-100,32,-63,29,127,-55,6,-11
164,98,-88,83,-41,-51,167,25,24,39,16,7,-43,-24,95,115,-25,144,43,-8,147,52,11,67,-44,163,24,-62,108,144,-105,-148,188,-1,59,12,-41,-26,114,-73,-42,-18,61,76,186,-8,52,-33,0,-31,-33,-23,-59,40,-64,99,-75,-87,-47,37,11,227,-61,35,-96,-70,81,37,22,98,-223,33,34,77,119,0,74,-4,0,107,-38,-52,-23,-52,121,-15,-110,-41,183,31,17,-7,70,-15,-124,-48,73,23,-91,115,-46,-116
120,-105,-46,180,31,150,86,-17,170,-24,86,4,92,76,82,125,183,67,140,-33,35,172,81,54,-27,15,20,136,0,-112,21,-3,-75,13,175,52,124,121,42,-76,-40,19,92,-14,93,79,31,85,123,256,155,19,92,159,-46,9,90,34,-106,-54,-79,109,-48,-14,-58,12,93,117,26,87,6,163,-27,0,109,-71,239,-49,-24,-5,-42,-43,-16,1,-52,60,14,-32,64,-52,-131,-163,107,-63,84,1,109,194,-9,34,-58,2
83,128,51,7,-151,25,20,-13,77,38,90,-44,103,-23,15,139,84,13,85,71,230,75,122,85,64,81,-23,60,40,-149,-110,84,38,47,134,172,-17,-44,-129,58,80,-50,102,100,111,79,152,186,23,75,56,-19,-79,-85,-121,141,35,-41,92,91,157,5,-24,225,174,-50,-24,117,-77,132,-51,135,17,85,66,21,49,96,-121,116,2,180,-18,12,107,-42,-82,79,-80,73,65,247,77,39,-50,68,17,52,99,55,77,130
-72,-5,-100,-28,-87,28,-98,45,141,81,-104,-22,31,-48,22,85,45,-12,-162,5,14,-111,93,-159,-52,101,-78,156,75,-50,154,186,-89,-27,-84,-51,9,62,-43,91,75,10,-51,139,-29,-13,-70,11,-17,-46,48,75,-131,127,89,-56,14,0,-49,186,136,61,-41,-33,-69,-210,-22,-39,144,-87,-93,-111,70,107,51,-50,-32,47,-77,134,55,77,76,-35,158,28,38,-36,-1,-1,-33,-69,84,146,75,33,68,-26,-6,102,-18,85
0,-23,-185,176,6,77,24,-61,-29,153,56,176,148,75,-77,47,-78,-46,87,-130,67,-68,125,3,-78,48,-8,59,20,-163,156,-11,-103,102,109,-51,33,83,43,151,99,74,94,43,123,53,79,-87,-1,-75,63,56,50,131,12,20,-40,136,87,81,-3,-63,145,-96,15,-19,-24,135,-4,-34,135,-10,-44,102,3,-156,4,-90,15,56,-58,-33,-42,27,73,-112,82,-35,55,-21,100,-91,12,-78,-66,36,-12,-26,-110,43,58,29
64,29,-95,111,120,60,72,-55,101,-18,-71,-30,13,-9,4,130,12,-56,-8,-64,-63,76,-69,4,-83,-90,99,-106,41,61,-7,-205,25,-30,-33,35,138,89,164,7,8,-45,30,124,52,57,140,136,-9,-87,122,-129,41,133,19,75,99,162,-49,-15,57,5,-48,-65,-53,-39,-113,45,52,-31,-15,73,-113,23,-99,-43,125,-51,209,46,60,-36,-206,-74,-49,-23,-11,43,82,8,-66,-127,21,83,25,76,-39,-113,-30,117,6,19
56,18,-131,-4,129,-78,28,120,113,134,34,144,131,-20,224,63,45,107,-44,30,111,98,-12,69,51,46,-71,22,-16,92,53,-109,80,67,22,79,-25,-187,-25,122,62,108,226,-25,-23,101,129,156,-64,-15,58,87,62,23,203,-126,-12,110,-33,19,57,-48,-44,204,122,32,120,26,-27,118,146,96,83,40,89,-48,-43,23,179,103,64,-55,224,55,41,-122,19,-16,13,111,34,-172,41,60,-98,2,136,-110,-70,67,62,18
-19,-61,3,132,18,85,49,14,5,-125,131,131,-43,153,-1,82,63,100,61,123,110,65,56,-7,75,153,43,-41,39,-155,89,80,-11,36,52,142,44,-104,45,-33,-21,96,160,22,55,100,-11,-113,-130,51,123,16,52,-45,25,107,-21,-35,-102,143,-13,80,59,-25,-116,1,-41,101,48,-103,-6,-100,7,77,97,-19,122,-22,158,-16,123,-77,-78,-61,-61,-92,-143,167,20,45,13,31,112,98,20,156,0,72,-54,173,20,57
75,-135,14,62,154,-13,107,85,-4,-273,60,195,-5,1,155,21,6,-85,-3,-48,5,51,-45,14,76,36,-108,78,15,-143,-16,188,-55,-60,-107,-16,-99,-13,4,-8,85,-34,57,-5,-8,60,-72,-79,72,64,-19,35,-62,-131,-79,-11,-28,24,56,100,-15,157,119,-6,-55,-78,41,-105,49,-3,-8,77,-21,46,-45,-49,180,183,-21,90,-51,-86,-25,91,73,-54,-100,-26,-129,-83,-150,23,3,45,-41,-56,-29,12,54,6,6,-10
118,-85,-157,141,9,-70,53,96,-10,153,84,42,-27,-27,12,92,38,-61,52,-40,-46,-100,92,-93,-101,75,77,41,120,93,64,21,5,-79,-105,129,22,38,8,-31,-46,126,-39,12,-65,201,12,172,-66,28,-13,-37,-36,21,39,34,-112,-70,-64,-5,10,86,9,55,35,-3,69,-74,-127,-13,12,-72,-21,-14,115,-59,237,-98,34,120,17,-35,114,12,-72,23,-29,-87,118,53,31,-124,99,-86,-27,19,-79,132,-43,96,-92,-68
50,41,124,16,-69,127,111,-40,127,3,47,130,-40,-97,24,-48,32,-183,-48,-5,19,-26,65,-166,64,94,-67,3,-158,-41,43,37,-115,-45,-8,-38,-156,166,-56,-68,57,8,-49,-67,14,11,-100,36,7,115,-15,-16,-24,-76,139,200,68,87,-1,-91,-15,-77,31,150,-7,46,4,-146,95,-29,29,153,34,-68,8,-23,100,122,88,-139,-63,56,79,-4,-42,24,98,49,47,-64,93,45,109,-38,50,85,125,114,92,-181,24,84
-30,80,103,-77,55,15,-10,-3,79,47,234,9,56,203,-87,101,62,187,61,-49,206,198,41,74,104,242,-90,56,160,-131,-233,-117,125,-71,-56,38,167,63,79,153,-36,58,94,-35,60,-26,79,62,17,15,95,114,106,173,214,-36,-45,91,-112,238,199,70,-146,53,-37,152,41,70,-132,139,7,175,88,68,54,42,-76,39,150,13,-85,192,-82,69,-51,-13,92,-43,-65,177,43,93,135,35,23,213,138,93,92,-38,67,-36
111,-10,-60,-8,80,20,99,119,-70,-142,-43,10,-114,105,117,60,8,-31,171,38,104,122,-24,-33,28,-32,51,-73,118,-44,-25,-2,-9,-81,-19,80,128,107,-91,79,-54,-43,49,53,-9,99,61,33,61,109,130,63,25,26,86,-46,-40,179,148,198,-6,182,-9,-189,-57,59,181,146,-55,-30,-23,-18,15,76,-40,41,-32,-78,77,61,147,-89,-18,8,-32,77,-22,-47,-49,102,49,86,105,14,-21,101,18,55,139,114,31,-18
126,-66,65,197,44,190,87,-198,186,210,4,179,166,-57,-129,-60,132,81,56,182,36,121,70,117,0,325,52,261,203,61,121,209,63,36,81,60,5,13,55,-53,-111,200,218,186,175,82,-9,9,38,160,104,47,-5,54,49,47,135,219,-7,156,-172,-47,-1,38,-47,23,15,31,97,150,136,-25,103,189,159,35,106,174,5,-117,-178,-79,194,-23,8,32,40,105,43,8,22,-109,91,42,-72,49,67,57,23,162,85,127
-107,-16,84,-31,-113,-27,7,75,-81,-21,141,-17,60,98,100,-34,5,65,-12,18,26,44,40,63,26,-41,59,-26,189,-8,115,13,17,31,-123,-13,-33,-187,124,59,146,95,151,-25,-61,23,-5,-34,-13,135,61,22,-91,26,121,-36,-41,-94,50,253,11,89,-95,-115,91,65,15,82,3,-65,33,-120,26,68,78,96,-178,-49,114,55,7,33,81,-71,-12,46,-50,195,-82,-28,73,-21,42,55,24,125,13,95,111,75,120,40
6,5,43,-36,122,-29,52,-30,-115,115,-38,57,37,-22,-84,-7,11,134,-69,-106,-41,-85,18,-41,-45,-15,111,-43,-18,-5,123,-61,-66,-89,-19,-54,-70,54,58,174,-140,160,90,-125,-59,-21,-63,-98,-191,-78,22,25,-97,-10,98,-13,-92,-66,-51,-12,59,51,3,-143,-18,-93,139,-121,6,-81,-27,6,-98,38,-88,-92,-44,77,45,-45,-112,77,-20,-31,89,117,-6,25,-32,15,49,-212,-240,-82,-31,-114,-20,81,-18,-76,-9,-44
169,73,-14,148,134,200,-4,103,53,97,-9,106,137,-74,-114,16,21,90,120,204,89,230,-88,-11,-111,193,84,-9,150,94,13,39,107,-13,81,169,82,-85,-42,-36,2,129,158,49,132,45,-62,95,55,60,201,88,107,5,165,69,30,243,-15,85,-123,2,23,106,-81,124,-117,120,105,34,142,45,111,-24,26,133,47,148,152,-90,-66,-18,-30,53,-86,14,50,63,82,80,32,-27,142,152,-152,199,84,18,9,197,30,28
-31,52,16,17,64,-74,54,-20,-18,184,158,0,-49,92,-103,152,65,194,-5,-15,84,25,23,20,-28,65,-33,56,186,119,13,70,82,82,111,10,-107,26,54,62,-124,25,19,135,68,-8,61,25,62,125,56,35,-87,170,178,44,-174,-33,-97,26,132,51,-86,-104,-64,17,78,61,38,76,28,44,-24,107,67,25,55,-23,111,28,129,31,115,85,85,-87,-91,24,42,116,-7,19,61,105,91,152,22,9,225,-5,82,174
