-2,-20,-55,-33,-44,-20,51,-55,-18,17,54,42,45,5,25,47,41,106,41,-30,-47
-37,-17,27,-54,-8,-52,-41,26,-11,120,-19,-36,14,-2,-45,-13,-3,23,25,60,-22
48,0,17,31,10,3,-24,63,23,9,79,-41,21,-5,43,-3,-20,-6,-68,-17,24
19,-48,103,19,11,22,30,13,44,-10,84,-80,26,-94,36,15,-11,-72,-17,20,72
-45,23,5,-90,20,-24,6,57,28,-25,-55,18,19,33,-22,-29,-37,-61,51,36,1
-63,-67,-3,36,11,-51,-46,28,79,20,18,11,-74,71,-71,17,49,2,19,-51,-31
16,58,-20,35,36,19,-2,45,0,-25,-43,8,23,10,-3,-17,-10,1,-28,8,3
-14,14,22,22,21,16,35,-23,23,-13,-3,37,44,-23,-41,58,-16,-9,-50,-21,-2
2,-3,16,14,38,-18,29,19,-26,43,-38,-28,5,-5,46,-10,35,19,-23,70,23
15,3,75,45,66,-32,26,28,34,60,-35,-17,17,26,36,-18,54,-44,-59,56,-18
50,1,-25,50,0,49,2,-151,-27,11,45,14,-5,-55,-58,24,17,29,42,-8,-45
-20,-2,54,93,75,-29,-6,31,26,61,3,-26,14,96,-43,4,18,3,7,-38,-53
34,-25,-5,-89,-21,-47,-37,-9,51,-8,35,5,-28,9,-49,-6,18,-35,20,2,-46
-8,16,10,-36,-11,-19,26,8,-37,-33,-10,-10,-8,-43,75,-5,-26,-26,-33,7,70
-26,11,-19,-17,-51,-44,-49,82,-6,99,-64,-50,3,55,6,-59,18,-5,0,25,-28
-5,16,-9,6,-34,-1,13,1,34,-13,29,26,-20,48,6,63,46,-34,-31,-41,7
14,-9,18,-34,10,3,-46,23,21,-1,72,-16,4,20,3,-33,-19,-21,47,-6,-18
23,-21,27,3,15,13,-1,-49,11,-11,16,8,-58,-1,-19,-7,12,-36,11,30,-35
-6,9,-13,81,19,-3,36,-15,-34,-30,-35,-27,11,39,32,-23,-9,12,30,-62,5
8,1,53,68,24,14,-32,15,30,35,18,-41,24,15,-67,26,-30,13,22,19,4
-34,10,7,-6,-10,-7,-2,85,22,-19,-18,-67,34,58,-21,9,-64,-61,29,-33,56
3,15
