-79,42,4,78,18,-114,8,107,-59,-36,-148,10,79,-54,7,18,119,-17,52,66,137,67,106,-9,120,-62,19,52,9,-64,19,-87,155,96,73,59,-112,-121,109,-70,-105,38,152,57,32,18,47,172,24,1,137,52,141,69,-126,16,95,24,-53,-10,180,95,13,-124,122,-43,168,52,-19,78,62,-47,-19,-45,164,75,28,58,328,-49,-9,57,18,100,26,-9,4,42
23,6,46,231,-70,12,21,132,57,99,-59,9,63,28,57,-34,63,102,60,51,87,13,35,7,22,-120,112,102,164,144,52,13,88,101,-34,23,-123,71,57,40,-52,-57,-27,65,-126,-36,16,165,-77,60,199,7,-23,-56,-39,-10,-55,92,-25,166,131,-4,-15,191,-17,88,95,18,15,37,-152,-3,-40,124,177,-2,21,92,-2,28,91,19,60,-114,53,27,63,38
7,-70,172,7,18,-81,61,150,78,-45,105,-85,-52,42,-90,-51,96,151,149,-35,-59,-5,-34,-4,-10,-90,104,-14,73,-20,-141,-20,22,-37,-91,83,195,-75,-41,14,-68,57,54,89,-58,66,-51,-73,30,-37,8,-57,-89,13,-107,71,-5,132,23,-25,-107,63,-66,100,198,144,-55,35,111,61,-43,175,-63,43,86,48,190,67,58,43,159,-16,17,38,-75,-43,169,100
-22,157,34,186,143,83,-36,77,137,-86,6,-195,-99,-11,146,-53,114,5,208,136,145,-83,126,79,45,191,-71,45,-53,87,-81,96,81,101,56,152,14,-24,165,101,-32,33,23,-145,-29,-126,5,138,-28,7,65,-6,-51,-41,5,-65,14,-61,16,-5,87,167,47,123,120,15,-3,-22,11,68,32,47,111,8,81,6,92,-138,6,-18,20,118,19,106,38,48,37,155
156,-50,163,-16,63,-44,61,22,-103,69,-5,2,-17,56,-84,57,34,43,23,159,-18,-33,-13,105,169,-46,27,-12,105,-162,37,-23,137,16,167,-131,-52,-45,71,83,-55,-50,66,100,88,147,97,70,196,94,-49,48,103,79,-13,-38,80,120,23,-45,9,-58,165,77,90,45,72,-23,92,42,123,8,-11,-67,228,18,89,38,103,4,108,74,-136,28,149,26,4,6
107,0,-10,69,71,-25,106,24,49,-18,-94,75,96,54,44,50,-11,173,52,4,75,-50,7,-188,51,-55,-74,-66,33,13,-65,8,64,20,69,-141,-46,-18,6,121,-45,94,0,66,90,130,-68,-4,50,23,-17,-20,-46,41,-1,-56,-62,-47,-69,-53,-57,28,102,24,66,110,28,-89,-77,-53,-39,-44,-75,-76,79,4,158,27,43,13,37,48,0,-16,18,17,-69,10
-3,-91,25,150,-107,83,-24,2,-92,-149,5,-143,-186,-30,-141,6,-51,-32,-53,-36,16,-164,6,-33,124,32,-85,112,-27,5,-11,24,89,-9,-75,-132,-98,-85,-27,34,77,-23,107,0,-65,-13,-108,13,61,-29,-71,96,146,-3,103,-84,13,2,8,64,-19,69,-43,159,-12,87,-68,11,-35,-28,12,107,-19,37,223,-97,-22,-157,-160,61,-93,44,-20,65,115,102,-71,-28
24,-105,-8,-49,22,-41,-34,-45,45,89,105,-119,-43,35,47,-59,140,89,167,53,-93,18,45,-53,-37,-69,57,40,56,33,-7,-7,-58,3,23,97,136,15,75,0,55,26,61,56,48,-21,-143,-47,109,-12,-89,-67,-39,-104,-112,48,-78,115,-3,-58,70,-76,-40,-7,131,63,73,-125,-74,147,36,9,116,79,-85,-89,141,91,-15,59,78,-6,-20,-43,-87,56,-76,-44
24,52,30,-109,66,-230,47,151,1,35,-8,63,22,19,39,83,21,71,75,1,64,169,22,-11,-39,-43,61,-80,-8,-47,-52,-101,112,-37,19,61,80,35,129,98,-32,-12,-87,2,-61,-179,41,-13,-103,10,198,10,43,48,56,83,16,-19,-57,-3,-9,137,34,95,-69,-73,72,148,-6,133,-61,6,10,63,157,57,5,70,-63,18,147,-123,143,-40,-17,-40,7,-53
245,24,162,240,28,5,37,92,40,-77,85,-135,59,48,15,-84,-112,-173,-39,29,67,7,106,75,-57,33,-42,135,7,57,109,-130,120,25,174,193,129,-32,13,64,-151,35,-55,-14,64,-48,27,109,-30,-35,-6,36,47,193,-98,-72,5,-91,-7,68,59,28,-124,61,-31,8,-43,127,-18,-105,34,217,88,102,132,136,55,81,55,147,73,28,-10,123,55,114,149,167
-71,22,101,90,1,74,148,2,85,44,51,64,180,51,9,-39,10,20,14,-9,48,1,44,75,152,46,127,-36,154,138,68,-13,109,-17,51,-89,-39,136,24,51,-87,110,42,-56,-126,12,74,129,-77,0,166,-53,-48,-85,28,8,5,108,37,2,64,78,146,157,-1,54,-33,-63,119,144,18,52,-26,-110,122,2,-59,-62,-24,-92,52,71,42,-99,205,59,-19,-6
84,-66,-6,182,-43,-36,49,-64,187,44,-102,12,58,1,-15,132,41,122,19,-12,16,17,43,-149,-84,11,170,227,-98,21,-79,34,75,22,22,19,-49,53,84,0,-37,-57,81,44,-11,-6,-72,-16,38,119,44,47,65,92,-41,77,-221,-60,-56,-48,-33,40,-112,-4,-1,24,13,46,-95,-48,-69,-37,86,-36,-114,107,102,145,68,55,92,31,28,-29,-50,37,-26,-42
44,17,32,116,-93,85,104,6,-5,91,-30,-45,1,-34,69,-43,-74,-68,59,119,-36,129,17,-63,-2,-169,-48,-92,-39,47,125,49,149,93,-65,-44,-70,15,-77,123,-44,75,-27,-12,29,32,-37,173,-97,101,-1,26,122,52,3,156,146,-28,93,142,107,-69,-7,-45,175,-39,-15,65,-20,-141,-6,16,-74,37,7,50,134,-21,-76,27,30,34,-3,6,180,58,3,198
-76,-39,-39,-59,137,-78,72,-46,18,52,11,69,105,-45,-23,0,-145,30,45,16,-135,96,23,74,-28,69,80,-85,-144,-46,-105,-71,-51,-90,-67,-33,0,75,-119,-52,-23,-33,38,-58,-78,-65,-7,-38,-132,-21,10,-71,62,-4,1,143,-32,25,-47,12,-89,-27,87,-56,-89,109,-42,-60,-111,-77,-64,-13,52,-92,17,118,-165,-17,-63,-66,-77,-22,122,15,-66,13,-100,-54
-120,16,-45,6,3,-146,125,-26,34,50,-43,170,50,-21,36,98,38,52,34,108,-151,138,2,16,-28,80,16,-10,77,-26,-223,88,-26,58,35,2,-136,63,-66,-43,-48,-130,0,30,17,-75,-97,16,-23,11,101,-23,96,47,-58,158,25,-19,18,-57,112,-54,88,78,28,-28,-12,14,61,91,-70,-38,-34,-75,-4,-61,46,69,-34,-6,39,71,-26,-64,-126,107,57,-113
-21,55,-42,-81,-71,-122,-2,12,-142,-51,64,81,-74,127,-80,-145,2,-102,-104,-39,-97,18,-17,-4,-174,-38,-19,34,169,44,6,-161,-93,-19,9,8,30,-38,-117,-77,48,1,-87,25,45,22,-21,-98,83,-122,-28,-117,-30,41,-47,23,67,1,64,-21,53,-87,-12,-19,1,4,72,9,-35,32,-2,-6,-84,47,43,33,-66,90,12,30,-37,-41,-72,14,-20,-7,47,-41
-18,-131,25,67,-92,33,-5,20,17,-110,41,-102,119,1,-4,44,41,17,98,4,-169,-35,-73,-37,7,162,22,19,66,110,98,14,89,-77,120,43,180,17,11,-26,-95,13,-31,-42,-96,96,64,-143,124,94,-57,18,-111,17,48,54,-121,-14,41,82,-75,40,-31,96,-106,76,54,-75,-20,-43,-1,47,119,-17,-49,-21,40,3,163,57,12,33,-4,69,12,-220,127,-140
26,-76,68,158,4,-13,61,100,14,116,158,-72,-73,106,3,-133,-158,-53,65,131,72,-24,54,-11,45,-18,50,130,-20,41,-14,36,3,52,-68,28,139,-67,49,84,-77,44,-107,94,107,74,-53,45,76,-39,-102,79,29,50,122,-53,10,-51,67,81,6,32,-63,42,98,-16,-63,3,-72,-13,129,204,44,123,-62,155,15,107,-108,236,49,40,69,19,78,163,1,74
7,179,15,278,-56,23,89,40,80,1,24,-125,-65,-53,58,-15,-83,177,95,98,94,-122,7,4,53,-5,-2,32,65,9,133,131,164,-45,-47,33,-100,-33,54,88,-39,139,18,104,58,170,-30,226,-2,-68,17,30,-33,36,106,72,-146,-61,129,85,139,-14,-14,235,80,131,-21,-101,70,9,-37,-2,-5,160,234,82,-6,52,77,-20,-66,111,-132,58,64,26,65,48
46,47,83,0,38,37,29,-70,-32,40,-29,68,63,-29,95,58,8,119,-26,-113,101,-72,97,41,47,150,56,36,83,114,2,11,11,-50,59,18,103,164,52,92,10,106,125,-46,34,-74,35,21,-68,73,83,-32,14,167,39,36,-35,76,-69,5,54,-7,-19,-8,27,45,-62,17,50,-73,-64,-30,-18,-14,48,-16,105,-79,-12,20,110,207,-110,-29,77,31,-17,66
-85,-40,-66,-22,-73,37,82,-49,-71,-67,52,-99,-28,-103,-103,-70,109,-35,-95,-98,49,-94,-48,15,65,-55,-62,-136,46,44,52,-47,91,18,-67,51,-143,-8,-50,-57,-89,46,73,-77,-33,-34,9,129,-53,14,-86,-60,-53,-22,36,68,64,25,14,73,31,-20,-78,75,8,102,55,-59,-29,67,49,-42,18,21,82,-8,-64,-33,63,-176,-84,33,-88,105,99,49,-173,64
-84,124,88,37,130,83,-26,65,77,-110,79,120,36,82,-112,-154,-27,25,48,-138,77,-100,60,18,-104,17,7,-61,-9,37,-120,-74,-94,216,0,160,-47,-10,-23,150,-38,94,-24,7,-39,-29,-91,9,-137,-32,45,-114,7,66,-7,157,-6,6,-60,223,-23,37,162,-21,63,-94,18,-16,144,-73,-17,-132,9,70,147,-9,-104,106,106,-47,49,36,22,-43,95,-24,75,61
9,43,24,78,-10,-2,88,72,-147,21,-76,-22,88,-52,8,-50,-63,27,-57,-104,-1,12,-31,-110,-23,-75,39,-75,-6,2,6,-14,40,58,36,-5,1,-77,-61,18,-71,50,-29,34,-14,-13,39,-14,-112,95,46,53,-32,34,141,-54,52,95,23,-73,82,-17,12,-6,70,-72,24,14,158,88,62,23,12,64,51,-23,-35,-107,-50,23,80,-143,48,-137,161,-68,-70,39
-10,87,130,23,51,-2,59,60,132,110,29,57,-58,-27,127,-31,46,20,190,73,-5,16,93,63,60,132,-66,-78,10,-1,102,-30,129,23,92,137,54,-21,243,47,-17,65,19,-20,-61,-27,-23,146,-1,-108,46,102,57,-42,148,166,9,-9,79,33,72,19,23,139,2,-27,-83,-71,-54,-17,-18,34,53,-103,19,56,70,-45,-77,80,130,121,42,61,31,48,64,-84
61,50,94,91,-46,25,62,-2,124,92,-17,-61,37,-15,125,85,81,35,49,16,-13,14,-53,25,28,-30,155,41,73,86,-65,77,51,-40,-73,-16,57,43,65,76,34,116,109,50,47,-40,105,43,-57,42,56,105,50,58,-3,-73,86,-38,-12,83,117,56,-65,3,-15,65,-33,192,142,-4,60,67,-27,144,49,58,129,-33,-47,14,57,-27,-182,74,36,22,-8,-52
-139,-119,179,18,82,36,-31,124,-58,145,113,-33,-30,-57,31,-95,44,-36,48,48,8,115,2,57,83,32,-148,5,113,20,42,-37,2,63,46,-113,157,51,-25,11,-55,-42,-73,119,-153,39,3,-31,108,97,-6,61,129,47,165,18,12,-5,154,-13,27,15,-60,90,46,-52,46,25,-5,-40,150,97,-7,46,-95,-52,4,-79,37,56,74,8,92,120,97,117,46,64
68,101,-37,-21,89,68,16,58,131,88,45,-67,-127,-103,13,49,121,-50,72,40,-3,141,55,-70,192,-21,67,108,-37,-21,91,157,136,-65,-82,-12,-32,0,102,1,23,-8,134,-33,-80,-135,114,73,8,51,3,21,11,47,-39,42,112,-70,-74,22,56,-21,-6,56,-53,5,19,39,-9,72,-64,-133,103,-109,4,45,129,-20,13,71,-52,-76,-28,-61,-5,-28,-83,21
6,-77,119,64,-17,39,91,7,29,57,34,-78,-37,25,22,1,-69,-76,75,20,91,-13,-92,21,153,-67,92,-38,24,40,-57,46,169,46,31,-117,23,99,57,80,-96,3,90,3,-61,168,-9,83,33,44,139,-31,-99,-72,100,80,-33,167,-64,18,-119,159,53,100,6,154,18,-56,167,12,-157,44,-32,61,204,77,68,17,0,111,-34,16,-54,59,12,36,40,-33
106,26,-3,-49,-34,94,-124,82,38,83,28,-39,-85,-77,-84,31,59,2,-85,-82,-64,-23,-19,-87,-49,-103,31,50,51,-9,15,21,56,39,-182,-48,-7,80,-96,-48,73,23,51,50,-2,-109,-22,-51,-1,37,37,-116,-14,4,-39,59,-153,-99,43,158,10,-65,54,0,-63,-14,32,17,192,7,-2,-6,-171,164,137,238,-184,81,-113,-39,45,-165,-7,-109,176,-120,-48,29
175,124,114,2,158,-62,-78,5,38,134,-139,-47,-30,-92,107,199,106,30,152,143,-80,26,35,73,51,149,126,-30,145,11,36,66,109,67,220,26,21,60,155,-2,158,107,219,14,8,46,-32,35,-60,64,23,71,90,-143,-146,31,12,39,59,37,158,151,112,86,101,62,66,-109,40,25,-10,39,13,-84,99,5,17,58,114,-81,143,134,43,156,-42,-30,-13,37
97,1,52,138,-66,120,68,-98,25,53,-38,-48,-35,2,113,-36,-93,-58,-40,52,-43,-68,-31,96,-1,193,29,-50,51,23,-32,-90,14,-3,63,-65,-11,27,-95,-56,-66,185,15,-56,122,137,-43,25,16,36,-164,75,-107,-50,103,79,81,7,21,38,-34,26,-1,-73,166,-79,-89,44,110,54,96,64,113,188,-46,49,-59,-11,-16,117,1,43,-26,143,119,93,58,21
-54,46,-13,86,-6,-7,-44,82,-7,-53,27,108,-59,119,-42,124,63,-110,-5,44,110,14,81,60,83,77,105,38,44,-79,-125,-7,148,143,14,-80,-16,76,-17,-78,-74,-23,135,-125,127,26,109,56,43,-108,75,121,-10,-34,-28,40,-50,-135,-93,69,90,83,-67,99,47,83,-104,61,96,109,11,93,7,31,107,22,187,17,-127,-2,42,-114,146,143,-5,93,-162,-124
-10,-51,65,-48,12,-81,54,42,-91,-64,-62,-54,113,-25,8,54,-72,37,104,30,-129,-12,-88,48,66,-102,-42,10,-20,25,-91,-60,-48,-26,0,-2,-12,49,-29,79,50,-14,63,47,2,-49,-51,-63,32,5,-8,-6,26,165,45,-44,80,-48,68,-85,46,20,59,79,86,75,-124,41,110,-26,47,17,-26,-22,63,23,-46,7,-36,63,52,-85,146,-16,1,88,-19,-41
-21,-129,-51,194,-85,-168,-47,68,45,18,95,-95,-1,66,-11,-110,13,55,-129,-74,46,-61,-164,-1,27,33,-118,24,-1,92,61,-22,47,-29,-5,119,5,-145,-50,55,-53,8,-58,1,-3,-14,-126,-2,57,-41,49,-18,-34,6,65,-100,-33,12,-21,100,-26,219,16,89,-101,15,31,85,64,72,-4,63,70,22,108,152,54,-66,136,18,-60,-140,-96,122,38,-64,112,-165
30,-51,-23,64,66,-93,252,3,31,-30,29,-44,11,-13,6,-171,-7,-31,29,13,49,88,24,283,30,-2,168,56,82,-83,1,-1,66,-53,84,124,-37,-27,-42,-92,-59,100,23,66,-28,-45,53,10,-96,10,-49,94,74,84,-18,69,137,113,36,-66,26,-58,18,27,58,-31,-25,-94,-40,94,-13,79,92,-71,39,161,-62,37,57,32,72,135,-116,38,-6,276,8,46
23,54,-1,104,45,134,-7,-16,81,-12,-9,57,32,34,-19,63,-14,116,-29,100,13,-9,-41,61,5,-66,50,-34,-70,-58,-101,107,62,-4,35,-146,-38,24,-59,62,29,-115,88,18,-36,86,48,69,19,36,92,51,106,114,-10,30,141,31,130,62,2,-72,-88,-5,36,47,12,5,2,-222,-20,-23,-14,39,174,197,-12,33,89,-192,53,-31,-38,96,152,-48,130,-85
-8,131,-83,30,-6,-58,-65,5,79,126,103,62,-43,105,26,-81,-70,2,-38,28,7,7,113,0,183,65,42,23,101,128,-48,-7,61,-22,-80,-6,-51,-36,-88,-4,9,19,37,-88,51,17,-49,19,15,-84,62,78,-22,28,7,213,-11,87,33,137,124,-35,14,42,14,31,-10,3,-141,106,98,-133,34,-77,10,65,67,-24,-175,64,-100,80,-77,61,55,-4,32,-52
87,2,54,59,132,86,-24,-49,10,118,37,-1,-75,95,91,7,12,-42,-27,178,212,61,158,168,53,85,89,-53,126,16,-76,96,209,-2,69,-85,9,76,76,75,-43,-50,56,-50,14,108,75,68,62,25,130,75,100,-55,-68,144,127,97,54,-49,134,103,65,44,169,15,47,-72,5,-11,-57,59,130,-17,81,-61,118,-52,-19,26,-26,207,-99,113,72,76,35,111
77,-4,-133,162,-67,132,50,32,50,-60,35,44,-83,24,-97,-64,-92,59,7,-26,50,115,17,-125,-68,-106,-45,133,8,63,-12,132,49,1,46,-60,-69,-48,-14,41,16,-30,-45,39,-128,40,-149,-53,-7,-18,-23,5,97,57,-71,-2,-92,-110,-26,50,-43,-68,-57,137,5,5,146,5,12,-23,-216,7,-11,85,70,-164,218,-27,-140,62,83,-90,-17,-10,104,-23,-40,62
185,-36,23,92,-216,79,-64,-46,83,116,-8,106,-28,8,62,63,-14,57,-94,31,-15,-164,70,-41,-23,104,-86,-109,-111,5,64,-16,-44,-17,-133,39,13,35,82,36,25,28,81,-6,-47,-3,-24,-3,-4,22,95,73,-57,25,76,106,24,-101,34,69,10,-12,-37,-133,101,24,-19,79,89,-43,137,-44,-7,20,30,88,-27,-91,60,-93,76,11,-8,38,17,-59,144,-36
77,13,37,145,-3,62,165,81,43,-50,-9,106,-30,-15,82,46,-45,82,51,-11,20,75,33,-70,61,20,94,-49,2,9,57,161,79,0,-2,-111,50,233,50,20,-104,76,-11,81,6,91,-16,-5,128,18,-111,-12,17,55,84,234,-108,-84,151,4,43,-74,-8,151,67,-59,-46,-56,-57,13,91,4,-73,66,-32,12,108,14,-5,66,113,144,14,-82,68,57,2,14
55,-132,88,60,-1,42,-26,-14,-135,108,93,-87,-43,19,-150,-11,38,-20,10,11,99,-104,64,-14,102,-83,-53,-122,50,45,71,51,-44,-46,131,-39,95,-63,-99,51,-183,110,53,57,42,185,86,28,-8,63,62,-46,50,-45,74,-24,-40,125,-63,-133,24,-98,-56,-7,117,193,115,-58,133,148,106,157,93,-95,-48,-25,183,-90,-5,-183,102,-4,-40,43,189,38,-12,110
62,7,79,-1,57,15,162,50,-31,91,132,-20,-23,-27,-65,-80,99,-27,14,-7,7,5,96,166,-49,117,58,-67,95,-136,-81,12,-19,21,93,-69,11,-3,-122,-44,-130,-37,-115,1,-23,129,113,-62,5,9,47,190,80,-116,117,119,30,190,88,34,-70,91,-26,62,188,112,2,-43,172,65,-62,164,-10,70,5,71,-221,66,81,-69,-10,99,-162,12,40,-54,105,36
23,79,120,-2,96,-21,157,73,-77,134,29,-4,225,-31,59,36,-123,-86,45,100,-77,61,15,123,2,141,88,-94,118,73,13,-136,79,71,9,22,12,-81,2,67,-38,120,-30,-137,78,-40,-21,25,17,54,4,-12,23,16,-4,16,169,23,-100,46,66,89,114,45,80,110,-122,1,131,44,61,77,15,56,33,90,-160,32,83,-6,63,23,174,31,-51,-46,85,187
23,-87,-26,38,-50,-60,64,155,58,-103,14,-17,-7,0,-167,-45,-26,-39,-13,-5,-160,-121,2,-33,163,7,-148,16,66,-41,15,-125,5,39,-96,67,-26,-150,19,-79,-41,-24,-15,95,-55,-17,-56,-26,185,-83,-17,64,55,0,24,68,-40,17,7,27,58,-50,-97,-30,50,25,-52,122,-100,124,22,102,163,99,72,-18,-73,-7,-125,123,-8,-77,40,39,134,-10,-54,-85
136,59,28,38,2,-40,83,125,99,-45,5,83,-105,124,-3,-105,98,97,15,116,5,61,50,71,-109,31,19,-82,144,-37,-109,-9,91,-42,89,98,131,117,-62,-35,-165,123,-11,-89,-21,85,-34,-32,-19,25,-11,-7,-187,-20,-45,201,-32,43,47,80,-28,4,13,34,104,14,-13,69,-53,8,-35,16,-81,1,132,56,62,98,192,3,37,150,-15,140,33,49,59,-60
-58,18,-83,-61,-99,89,-57,-97,-61,-65,41,-92,-108,-137,-37,-39,74,26,62,-102,-59,-140,21,-64,-156,-186,2,-11,-92,-4,-7,68,-84,-28,-114,103,22,-104,-121,-64,101,0,17,-12,-28,-57,0,25,-16,28,-112,-73,31,-115,11,-24,34,-21,87,-65,7,-4,-68,-57,-3,-57,-18,-82,-38,-31,49,6,-44,59,4,64,22,19,-26,-37,-19,-38,-96,1,15,26,-106,-40
-55,62,29,-33,-19,94,68,47,112,13,31,61,-18,-68,46,2,81,68,147,22,103,35,39,12,38,101,59,-113,-4,-127,-145,-110,64,9,5,33,-1,40,25,-11,9,98,81,-120,-36,-22,37,-15,80,40,-4,151,-119,41,27,240,-1,139,-37,51,59,8,24,85,77,214,-54,-53,-11,35,-49,-119,96,14,-34,-49,12,-66,-112,-85,-19,162,97,12,48,12,-135,34
-42,-9,52,110,-71,224,-40,69,2,67,114,8,-10,4,68,-31,-15,-40,-81,54,126,58,-52,-46,126,-98,53,41,57,-2,57,94,-30,62,-14,-115,-10,-35,27,-62,-49,-50,-65,-43,-88,-101,139,59,42,79,-17,84,-31,51,66,-47,135,14,-30,151,101,56,-36,2,96,61,57,-21,18,-130,-37,-19,41,135,29,-66,-123,-60,126,-116,80,-63,41,-10,52,-11,8,146
25,-14,128,212,-42,18,75,62,46,7,-95,-35,53,26,-13,-145,8,-30,-94,14,109,1,32,65,-38,-57,28,123,11,-60,146,-73,87,-20,84,96,-155,-74,7,-66,-142,10,-69,91,68,-4,-50,59,36,-48,-27,61,83,107,-128,12,-41,-30,133,20,115,-21,69,27,13,-89,-50,68,41,57,106,43,92,30,116,172,-58,-24,91,-51,-22,117,53,-8,158,74,60,47
86,-49,-113,81,-10,-148,147,-3,-37,123,75,0,130,2,17,-2,-46,89,-82,145,-42,-50,-58,105,-121,-5,-29,-91,51,-2,-81,-66,64,11,81,-120,34,-19,-91,31,-53,25,53,140,-53,40,-55,-2,38,90,135,-45,44,43,48,-16,53,-1,-42,-31,-16,-18,101,52,54,67,108,-26,40,11,-6,144,-10,66,90,68,-132,88,-5,-57,-81,17,15,-27,71,22,-51,-21
-3,69,-40,42,-12,54,-32,-65,-22,-21,49,-120,175,62,115,-172,-12,-18,7,64,36,-10,-81,174,-218,125,-9,88,48,89,-25,-98,42,177,-12,18,-2,-34,-76,59,12,10,-95,-135,96,2,-156,68,-75,-46,-61,-54,30,-65,154,20,56,77,8,164,-12,101,152,64,94,-73,-15,51,4,-31,-43,149,-31,78,202,161,-112,44,11,132,-65,2,-17,131,33,88,62,-78
-34,102,-26,9,49,121,-36,57,-28,-69,35,159,-9,5,190,-122,-42,0,103,117,14,22,115,75,-37,91,-70,-67,36,46,58,62,88,133,24,43,49,57,72,114,-1,-33,-15,-135,37,-8,-29,115,-9,-100,110,85,74,-173,23,-26,145,102,-24,39,-36,128,-44,12,38,27,30,-50,-123,22,-37,109,-145,-41,90,64,82,-45,-20,-145,-29,47,39,26,-69,-19,21,29
129,2,86,16,34,-92,-55,40,58,93,-134,-5,-75,47,57,127,1,17,53,106,2,26,-6,-48,64,3,24,42,-12,87,-38,28,21,-66,54,68,-86,-22,61,89,143,-37,-45,-4,-16,-30,-23,-149,-13,43,114,62,-18,32,-171,88,-123,-68,51,-7,-67,42,143,14,-103,28,-2,-104,100,-34,-91,-87,-15,-47,-5,-39,10,25,16,140,-13,142,66,52,-71,-108,244,-12
-44,167,152,-50,21,8,70,95,93,183,-23,129,-15,98,142,-63,-64,-26,-40,20,-5,76,11,-113,128,-75,89,-188,41,-45,49,-10,52,-11,-101,-4,71,58,193,149,35,-4,-152,104,-28,48,78,78,9,-85,191,189,-37,8,-106,79,117,135,102,-58,134,1,-31,-35,12,-94,-96,62,32,128,-51,-119,56,13,87,67,6,50,-181,-25,65,-2,21,-154,56,44,-37,162
51,20,-29,152,17,-87,152,-2,179,-10,85,-33,-33,78,27,-186,151,-74,-29,-45,47,24,-51,167,-107,113,45,-43,-72,0,-69,-24,40,48,-18,-26,26,-25,-63,17,-40,-24,-48,-104,-21,33,-165,-105,7,-49,-37,34,50,-39,-34,99,-16,39,-30,21,-108,78,-88,129,68,-47,-7,64,-17,47,-43,65,-15,-91,39,139,9,34,45,-29,1,116,-67,103,87,130,147,-5
239,-69,-31,66,-104,-51,68,-40,18,101,-34,-4,98,51,-33,96,-116,201,-66,151,104,0,-33,-109,27,52,27,-52,-14,-114,65,-12,333,-17,87,-101,-73,-37,161,-46,4,164,1,37,129,74,-97,-18,36,-21,-5,-57,105,-56,23,108,-184,-11,3,26,141,108,-10,-7,86,16,68,15,-73,6,25,181,-61,-58,53,44,4,-48,-16,23,38,9,99,159,129,33,65,-27
65,43,167,87,-6,-67,-1,-32,28,50,38,-40,19,122,147,-28,3,77,50,11,-22,34,-29,192,10,79,247,6,128,-29,90,0,139,29,63,74,103,46,-5,80,-1,60,-110,-65,-11,122,143,-79,131,71,35,-61,24,-47,21,49,146,135,143,91,112,21,1,15,152,-55,-51,89,22,39,40,-60,124,49,-13,56,-124,77,204,92,4,-51,-27,29,149,-7,175,-72
31,60,-19,210,-21,17,41,131,132,-81,35,48,68,39,32,4,-55,18,-30,173,-21,-66,74,50,-49,72,-48,48,42,6,127,72,-8,-7,2,92,6,25,80,20,-150,-24,-33,-60,-36,11,58,36,-36,-50,73,32,15,41,82,-1,-6,19,-25,187,-65,29,96,21,-96,22,7,109,67,19,29,86,18,-58,183,104,-45,-32,137,-69,21,42,-17,72,35,-63,20,-77
182,46,-57,-50,-63,74,157,102,-75,36,27,73,-11,33,69,-70,-62,3,-76,117,123,236,46,138,-24,87,-24,-170,61,-25,61,-50,295,42,118,34,-5,16,184,9,-78,102,22,-166,16,-2,89,-22,40,-7,9,137,-96,-43,-60,211,62,-3,94,81,17,0,-63,27,14,-18,230,79,-56,45,-101,93,125,17,212,-24,47,-39,-5,-26,51,9,76,214,191,95,-77,-67
53,22,-132,64,49,10,28,130,88,-65,13,13,41,34,101,-50,-22,13,59,94,56,-39,15,30,-26,69,17,-28,83,-18,-17,6,57,-1,196,227,146,-79,-26,-41,-170,220,-14,11,47,135,-1,-18,58,-17,-14,90,-93,2,38,83,-31,117,-18,74,26,119,180,-10,31,-72,55,-86,-100,90,131,106,114,187,177,123,39,89,43,68,3,140,-29,82,139,-50,-61,-6
67,-29,124,-149,27,11,80,23,-64,24,-4,-73,24,60,-22,-47,25,-11,-10,-18,-53,-47,7,-21,16,83,-135,-33,77,59,-16,-110,42,48,33,-2,-5,-53,-1,151,45,57,-37,-95,70,109,37,39,7,-36,-18,-36,118,33,44,-4,-1,-6,10,-6,-3,50,-8,45,32,30,160,34,-70,50,-108,164,-3,-64,85,85,8,93,-1,7,86,-29,103,207,196,104,35,22
49,54,180,113,-120,103,-158,7,173,56,33,-49,-35,1,-38,80,29,146,-87,160,90,-47,-2,7,59,28,-13,24,70,60,-76,-70,64,-3,49,-89,13,4,-76,34,-92,125,125,-38,-103,-65,-29,150,-45,150,13,89,-7,52,76,54,10,-105,57,106,126,22,74,-14,8,-36,-93,112,3,-73,129,25,105,6,51,-127,81,5,74,42,101,21,109,143,135,69,-25,-124
7,-21,20,18,32,70,117,44,11,-63,-1,47,93,68,80,63,23,33,-11,-12,-61,19,-18,86,-6,-17,136,-69,45,-65,30,150,28,139,134,0,161,93,-3,-1,-88,111,31,70,23,165,-77,-85,22,-30,41,-24,-71,-153,-105,-2,-87,41,11,-44,-13,106,59,-13,71,-70,-7,-218,18,-17,50,105,-117,27,146,77,16,97,93,45,-65,-23,86,63,118,38,-47,-60
227,24,134,10,117,-46,46,-30,46,10,-97,-38,-19,88,-21,123,16,125,219,19,5,-46,120,37,42,-27,322,53,149,19,-29,16,162,-41,82,82,-18,79,37,20,87,114,199,-31,13,130,-60,40,110,12,-58,-39,58,-39,-35,109,103,129,67,-12,53,48,133,145,177,11,-117,-71,76,61,-13,-55,45,31,170,95,113,73,64,90,147,143,-8,-3,46,20,86,4
-13,-3,23,20,173,-72,10,-7,-48,-59,3,37,-145,124,60,-107,-32,-76,55,122,-53,-13,157,9,17,-79,-23,116,23,-80,38,-18,192,-38,266,-42,3,-24,180,-3,-125,-25,20,-53,200,149,188,22,-8,-189,55,38,69,-66,-132,-2,-46,102,-130,-17,30,-19,10,-78,-62,-93,112,-49,-109,43,71,49,21,-118,124,61,108,-15,-20,44,-137,16,-100,44,47,10,-42,-94
-13,-51,101,-47,27,86,11,96,-22,65,-7,43,10,37,31,142,-113,-30,16,26,51,1,92,-110,149,-82,147,-119,-74,3,-47,15,-23,23,-50,-48,25,72,149,129,-35,160,162,103,-9,34,-12,-46,103,-37,150,90,-26,-56,-97,3,108,53,-97,-83,50,152,57,-88,81,42,4,-105,156,88,77,-80,143,94,-91,-26,27,-63,-1,-80,-40,-75,164,-21,-31,-80,-149,121
45,135,77,83,117,-79,6,-78,81,74,-96,-6,66,-59,171,-7,146,-5,152,-22,-76,51,-41,99,-132,39,133,25,-67,-43,59,-52,-93,-51,97,32,76,70,-34,81,-66,51,79,-65,3,186,31,-3,30,-98,45,13,-37,-138,-8,40,6,18,2,-64,-12,7,20,81,73,-86,-33,-41,21,60,-77,20,67,-77,24,8,117,122,131,48,-38,62,-69,-103,-27,-25,117,-112
55,-29,-11,-35,-40,25,90,99,-55,17,-108,130,-21,35,36,4,26,4,82,105,83,26,62,-3,-32,64,39,39,7,-60,-35,28,29,39,50,102,6,68,38,91,-6,112,-18,-5,78,115,37,24,53,77,67,66,35,22,-22,-109,84,-68,52,-9,10,78,22,-78,45,29,60,48,20,3,116,55,-103,59,62,75,58,26,0,-53,25,89,113,42,40,71,-50,-18
-13,-15,-36,49,70,37,210,114,-14,-158,-10,80,-96,-77,117,-172,-28,70,137,27,-105,60,-17,104,15,-42,-23,-83,-7,-174,-38,126,14,1,95,-84,73,109,6,47,-140,142,-18,139,-4,166,-13,-81,117,-78,28,143,134,20,0,67,78,-18,107,-88,67,-48,-87,86,162,-103,123,-110,8,11,-22,101,-80,129,98,70,38,-35,-38,-11,24,1,-70,-58,194,124,-22,11
-22,92,183,167,51,71,74,74,2,119,144,94,29,48,40,-15,-202,-128,149,122,42,59,-31,-22,164,86,101,-38,66,109,-34,-25,17,-43,-23,-43,56,129,10,256,-2,57,-30,-3,0,98,61,190,33,-11,177,67,41,-22,-78,-7,227,60,137,89,25,199,133,104,17,126,-55,32,148,-18,146,13,-94,57,45,195,-8,44,-29,-75,-81,84,11,-12,171,-83,91,188
61,118,167,-14,151,-41,65,47,-34,105,-2,116,-54,51,12,91,25,63,101,-15,88,47,159,37,36,116,149,69,29,10,78,84,75,-9,153,77,164,21,191,3,138,105,185,124,-1,78,40,84,-13,46,100,-62,160,119,5,67,3,50,-56,-221,-23,59,14,-48,67,71,-11,-73,150,-57,-13,30,-21,-88,7,70,190,29,99,8,196,119,22,29,-61,-33,162,35
44,73,-24,57,-38,31,74,45,32,-67,175,-141,25,-73,36,-135,-95,-23,74,41,-84,-1,-102,190,-44,163,-7,63,114,99,-51,25,-97,-103,10,-79,88,110,-188,-138,-79,15,10,-28,42,12,-17,72,-103,148,-236,-30,-183,191,-29,-73,-51,-233,110,37,84,-45,72,75,-61,48,79,22,131,-82,-21,123,-43,124,67,99,-4,120,-29,136,40,87,-35,107,-15,115,23,-17
-14,112,3,130,-14,118,-43,91,-19,92,39,36,80,18,32,-95,76,29,-50,15,69,27,-25,21,60,-24,-16,141,131,37,172,160,113,0,48,92,14,-77,-147,6,-81,67,-3,39,11,58,65,43,-21,-51,65,-57,-61,14,1,-97,46,113,16,141,56,-31,72,64,-7,71,-24,-52,32,49,-3,104,62,-115,54,116,126,-51,192,-63,113,-10,-14,9,120,-100,128,-42
48,60,34,93,24,141,186,104,158,-46,-29,-6,40,133,27,11,18,140,16,104,47,38,108,28,158,103,50,-23,190,-16,95,163,41,48,-20,-50,86,205,146,18,25,16,-47,13,-148,70,0,95,75,71,30,43,-28,25,89,-82,33,-42,145,-27,22,37,26,212,139,-13,-136,13,1,67,0,-9,-52,123,56,-119,-6,-140,-78,72,117,120,100,-77,114,53,-47,125
-103,-69,36,96,-8,93,-15,-57,94,-7,39,-101,89,59,21,-93,22,-104,-54,-37,141,-42,163,157,23,43,-30,113,128,68,-97,42,-3,141,-157,131,36,10,-58,59,6,-118,-93,17,3,37,3,-3,-87,-10,76,-67,-73,-42,-64,-62,-56,-4,20,36,-21,134,137,55,109,-62,-1,-95,42,53,59,127,-15,11,43,-3,-34,-48,-54,49,-24,166,-47,-44,40,141,-9,163
-167,39,-1,-64,90,-103,142,47,51,49,144,79,84,-15,1,42,-34,0,8,-27,-17,36,80,115,13,173,15,-8,56,16,-180,-51,-42,-49,37,23,-32,-71,20,28,-47,22,-6,19,17,14,76,15,-27,-72,14,-14,18,65,22,-124,87,-9,-71,94,21,210,44,82,-43,-43,-1,111,9,-58,-19,106,27,198,75,-87,-137,66,104,2,19,54,-28,55,-77,40,54,36
-15,-120,97,55,96,-116,146,-8,46,248,-42,-78,78,-14,-31,10,24,31,63,106,-121,95,41,-39,-157,66,75,95,47,31,1,205,73,28,24,-35,140,185,35,159,4,-187,-231,111,36,50,58,-116,-43,112,-31,-72,-22,50,59,-40,-224,37,72,190,30,94,-74,178,14,96,19,23,65,-81,-17,17,-115,35,-13,-26,-28,-12,46,19,69,59,-106,-67,-124,9,77,21
74,130,-195,-163,161,150,69,95,-13,-95,126,136,69,-48,-9,8,5,112,144,-13,24,112,186,31,-131,26,-147,-36,29,-84,12,157,-24,147,90,102,73,64,-95,108,67,-20,-51,55,-10,32,-2,77,-32,24,30,-21,80,-89,149,22,71,156,-1,25,-103,-48,-48,-13,76,85,135,16,-77,-61,-299,107,-44,132,43,169,112,-29,-18,-142,91,-71,-30,81,5,-20,-83,50
165,6,-41,116,-7,-21,20,-20,33,41,56,30,51,201,96,-78,-115,16,144,154,82,-67,74,70,-70,-23,25,8,40,91,-128,41,130,-51,104,41,150,107,127,99,-61,42,63,55,-11,-10,-73,48,65,-24,168,62,27,44,71,66,73,28,134,-71,52,-39,0,69,48,-25,-45,157,40,41,70,-35,95,-28,-28,311,85,15,-20,116,-25,57,54,19,216,149,-48,-129
60,120,159,210,49,-54,74,88,42,-31,-21,55,153,25,32,-61,-78,-14,84,65,-42,136,49,115,89,107,270,215,180,7,15,-136,67,85,138,57,-17,68,28,-30,78,-50,52,7,3,5,66,140,31,-27,-66,109,174,137,-123,-5,135,37,88,166,219,218,56,102,40,3,26,98,-21,-81,-41,108,64,-18,217,109,-59,158,70,170,131,133,-30,127,34,148,55,-49
48,-35,4,143,54,-38,26,-71,74,38,-8,-76,-47,-6,-46,-70,-89,-115,165,22,102,-3,-16,160,-74,-16,4,-47,31,26,-38,-75,22,-18,125,75,-93,-10,39,-32,-88,-38,66,-36,-3,24,10,47,-92,40,-61,-49,-96,22,-5,28,8,90,-27,43,12,-24,9,65,4,91,141,128,7,-8,79,-182,224,29,72,111,-4,-24,40,-136,4,20,-101,171,121,172,-66,9
141,104,126,118,6,91,21,83,-43,-22,-2,-37,-104,-86,-1,-48,20,-34,201,71,87,83,-47,-21,59,-20,112,-72,23,-86,42,-5,86,71,17,57,37,3,97,85,-14,184,96,-37,-12,-46,60,168,72,88,24,110,78,-10,44,143,88,-78,87,-13,150,14,-18,101,47,112,-9,29,142,78,67,-65,66,48,108,-51,127,3,-32,126,30,-22,6,-26,67,34,-59,-37
171,69,192,100,109,33,54,5,227,153,-61,55,154,6,115,112,32,68,180,82,37,31,18,44,22,-36,209,29,63,117,-203,52,204,65,73,65,-79,156,-103,21,35,84,235,-2,-33,-26,-84,37,-128,84,172,63,49,-14,-170,194,-13,58,62,33,171,88,193,73,35,-10,-132,-180,62,-126,-64,57,-63,36,128,241,64,79,120,-64,149,211,154,19,42,45,146,8
-14,8,90,100,-155,29,24,-99,-58,116,67,-184,-20,-27,44,-58,-113,-19,-14,0,33,101,-73,-58,95,10,0,-102,71,75,36,-26,99,-45,-22,-44,-66,47,26,-9,22,23,6,110,-68,-29,-145,-26,-56,55,-24,-86,5,140,17,143,64,-30,181,73,199,76,44,91,5,-37,64,-32,123,-42,53,-49,85,78,90,-70,-59,-158,-23,111,-21,-30,-27,159,102,69,54,52
54,-1,137,51,-63,-46,30,-61,38,4,-54,-89,121,-130,-13,151,81,107,-34,45,-103,-27,48,84,12,19,133,73,37,27,11,60,-2,-63,-37,-9,24,52,-129,27,-42,2,59,26,-45,77,11,72,41,105,-49,-15,118,104,-62,80,64,47,111,38,178,51,-80,104,146,53,-21,-25,-92,-107,-38,78,55,-58,145,-47,103,72,89,49,261,139,-51,91,-98,63,160,38
193,51,36,124,70,-10,45,78,28,25,45,93,-150,51,16,-89,-71,8,13,86,48,65,31,27,-9,-115,54,-48,-20,-45,45,69,41,33,106,65,83,-86,27,-27,-101,49,3,110,123,77,26,67,106,-55,-51,64,30,-8,-31,59,72,90,42,-111,17,-76,-55,-5,77,-73,105,75,-8,87,11,53,120,58,100,140,65,140,88,-28,119,-38,13,22,136,54,76,-50
-62,42,-103,36,-25,-3,-29,123,10,10,-28,28,-45,-96,72,-87,-72,60,73,78,-32,9,19,-105,21,-2,-44,38,-61,-105,-45,70,-39,42,6,248,42,-56,-35,-20,35,46,-20,106,6,-193,-77,-82,-1,-55,14,-66,-74,57,-82,18,7,26,37,121,90,7,42,-47,41,-10,90,-50,-15,102,61,26,107,47,14,109,-65,-81,-106,-21,98,-38,68,-4,47,10,-66,-13
