161,64,37,53,149,-61,114,145,-92,-54,83,149,-117,110,233,26,-98,58,-30,17,35,162,202,-48,-77,58,6,69,-156,55,14,-2,15,61,66,101,65,-24,134,134,61,-27,44,18,-89,36,-15,218,-86,60,-60,-138,23,-24,-10,30,-39,-33,-15,55,-52,-126,59,12,52,43,20,147,-54,-99,-95,116,22,-98,44,62,-43,-3,-3,78,-117,51,116,100,-30,-59,88,4,-140,-17,106,6,-32,49,22,-87,44,78,1,-91,33,-97,-15,132,95,-49,-113,74,92,22,-21,143,10
186,142,206,-36,3,30,-37,18,-36,43,-5,-32,124,-5,15,91,-209,-16,118,-157,49,-5,96,65,-75,-126,-5,216,54,-33,36,-12,-29,107,-131,-105,83,-24,31,28,45,-42,140,-27,17,45,-145,84,-15,-49,-78,10,288,-25,149,-217,-26,75,-21,84,1,139,-13,-195,268,183,-109,77,-99,-36,70,76,8,79,-9,43,-53,146,94,108,-8,14,38,242,124,-1,10,165,-153,26,-43,0,116,44,66,116,184,128,-66,29,42,34,153,-55,87,-11,28,-2,94,131,-164,16,-104
55,19,108,65,126,-119,2,34,220,79,144,197,-46,88,5,101,14,12,51,-3,175,74,220,6,106,112,-38,79,-33,-26,-6,-139,-83,-97,75,105,-15,-46,-22,18,149,-57,-130,-2,240,46,-77,118,170,121,18,-49,176,-31,-135,61,-98,241,-24,-66,153,-22,-65,141,144,7,47,82,-6,-129,191,-102,-11,178,200,90,-110,175,-52,135,38,-14,-47,-46,54,-180,-4,10,127,-108,46,64,-23,107,30,62,44,118,7,-22,58,-110,184,120,41,-36,-53,39,38,28,98,-26,-61
-59,69,-26,174,111,56,45,-70,-59,-60,121,2,-12,39,206,-51,91,-3,122,35,27,25,-47,-177,48,-8,-129,32,66,46,-61,50,-88,-72,44,146,-12,51,145,-83,-59,115,82,-129,-125,1,-55,122,177,49,23,35,1,171,-51,155,80,74,20,-26,187,38,55,57,75,145,165,142,-20,-151,-59,57,83,86,-9,70,26,-41,91,181,-32,145,150,201,-76,112,53,-85,-9,165,24,63,20,-21,11,38,9,52,40,159,124,-104,112,53,53,29,-89,67,-77,35,151,46,-5
73,138,24,49,-18,-114,136,-21,192,4,-9,63,62,-50,-69,105,40,-122,23,15,164,76,-163,-20,-129,33,92,-80,101,28,180,127,-32,38,153,-76,176,53,69,-83,-22,-146,-44,24,113,73,133,-49,-29,79,-8,-40,-17,6,67,-53,23,-96,177,-76,-119,-215,104,81,35,15,-32,-13,91,-21,-81,190,86,17,75,-37,5,149,190,2,150,-25,-179,-96,-40,67,19,-39,14,-61,-71,1,-70,-19,-53,-171,-46,-46,-35,-63,-9,235,-65,115,18,135,150,10,-86,160,-27,-29,-206
49,58,-90,-8,105,77,180,0,41,19,243,58,-27,-44,141,42,-52,30,8,-31,89,-37,47,-87,-68,172,115,-38,25,24,-6,-9,23,44,176,89,2,1,19,2,32,69,119,149,125,88,8,101,92,77,23,49,92,-179,28,61,-93,24,165,-49,-45,-69,-154,15,55,123,-117,262,176,-21,99,155,66,-75,100,-42,-25,-1,166,76,9,75,34,28,18,121,105,-160,17,93,35,-44,-63,102,71,-33,21,65,-18,138,271,31,101,79,-22,44,-97,-142,141,141,-105,85,-141
-53,209,-180,-12,37,144,48,150,17,-113,117,36,-148,95,84,-51,-112,-36,7,17,31,-62,42,-132,5,-15,70,-91,172,-93,9,102,123,187,72,-15,-187,17,-11,-26,117,157,117,192,72,123,-37,-86,-52,253,-65,1,-27,-30,74,-24,-18,-22,-19,31,27,-37,-18,5,187,113,59,-12,64,-78,8,78,92,-57,130,250,23,-81,-1,94,127,-46,203,75,-16,-31,13,-20,-90,200,50,-118,58,155,42,-108,-125,-45,88,118,275,82,34,-45,83,-27,-131,6,34,-32,-70,143,44
76,66,-108,-15,82,38,-40,-63,71,97,89,-46,-150,97,39,-115,268,43,-7,183,15,132,-76,4,-12,97,-50,-49,12,-108,15,-116,-240,345,21,-15,-32,39,78,27,-173,69,-52,110,-104,126,31,44,89,95,-80,6,-109,71,124,-16,-12,29,129,17,-3,-87,55,15,-92,-212,52,12,191,82,10,-62,102,-73,6,-14,-17,-46,-28,-57,121,35,47,39,0,-2,-46,-87,132,3,69,-70,-63,186,-16,83,115,252,-13,3,69,27,34,68,-47,-105,23,28,-144,-20,22,135,90
2,12,-170,-119,113,152,83,125,135,230,-23,74,109,9,94,4,-31,3,86,-101,155,-47,22,149,128,152,58,123,82,60,-92,66,-31,-64,11,157,2,-38,109,26,-44,111,140,34,-20,249,-12,246,0,94,103,30,170,-51,-9,111,139,-37,58,-209,-52,177,146,88,50,62,-57,-23,-6,75,-55,30,125,-149,26,-94,119,88,89,210,29,143,7,173,-62,122,63,152,12,-27,70,187,60,121,199,27,42,264,149,82,85,-18,1,-10,74,135,-66,5,58,28,-71,121,86
113,13,-60,12,139,-2,75,50,23,179,14,44,-186,4,56,41,-101,20,150,-26,242,-21,-45,-49,104,138,116,166,-78,-135,68,82,85,109,74,153,211,49,13,213,140,53,98,257,75,0,-46,190,37,154,17,35,67,93,32,80,140,16,-84,228,21,100,69,-77,38,23,-4,139,101,155,0,185,-100,249,-19,-12,56,142,26,34,81,-67,206,153,-32,42,-57,88,63,-51,3,169,-121,116,95,113,27,121,-2,-10,221,245,-8,37,136,182,-25,128,54,140,97,171,77
-36,136,-43,-73,-67,8,-48,-19,55,-114,128,74,-105,-42,151,144,-5,74,28,72,-54,-55,91,74,-76,-11,76,54,29,11,33,5,81,-122,7,23,69,32,-108,-26,84,17,217,-15,93,-67,69,64,147,-41,-87,103,54,-47,126,-95,117,-207,-85,61,84,235,185,-189,35,108,156,-65,63,71,-94,64,157,-78,-26,12,-74,67,180,18,20,-8,-48,-154,57,129,-40,-111,-43,192,-141,104,80,168,23,-87,18,53,5,109,-28,184,48,5,81,-128,27,26,160,-67,39,61,2
-129,174,-138,44,7,38,-61,-81,-64,77,103,118,-51,142,51,-65,17,-90,-40,111,27,59,49,4,12,125,-43,30,-5,56,-131,-56,48,11,30,22,-16,-29,-8,-16,20,-17,73,-1,-155,70,88,-90,86,108,35,62,22,20,79,58,-52,41,41,-40,19,24,23,59,-84,-26,-81,-112,73,-66,-8,-6,229,73,-15,-1,84,-147,-72,-83,13,50,172,-13,69,-63,69,52,15,49,59,9,24,114,57,33,23,26,-4,72,122,-38,157,62,-45,-23,55,-50,-94,1,76,30,-3
27,84,104,54,57,113,-4,-251,-99,89,-66,-218,61,113,13,-38,63,104,-9,96,-148,11,87,38,-12,103,36,-39,147,-2,-261,-42,121,131,140,-47,3,26,24,-28,-39,76,3,-110,-53,35,-87,179,124,-11,22,104,117,-133,79,-11,86,102,-132,149,107,101,-6,68,64,-43,52,2,134,149,2,-35,13,141,-200,26,50,-20,57,26,78,-112,-55,196,16,212,-27,121,168,-117,15,-111,70,0,29,68,76,129,-64,6,-5,-10,-196,-102,128,19,33,-71,-9,32,-4,249,83
36,172,175,55,120,141,-146,98,20,45,71,-23,-43,69,138,113,51,20,-54,16,-15,-55,159,20,158,86,266,4,-70,4,146,71,-17,-120,96,29,118,45,76,0,125,-64,8,-45,181,89,212,68,48,154,119,-177,9,120,119,-20,130,164,-31,-50,6,51,-5,8,108,-44,-1,183,39,12,187,113,-135,112,-76,117,-86,40,-79,-2,-105,140,-92,21,-92,-117,-62,141,-131,-28,-97,175,-37,-9,153,134,22,60,-273,88,1,15,-2,13,-54,-41,170,-45,88,106,10,18,217
179,9,-114,46,84,135,266,44,-33,16,-31,-136,-117,3,15,35,116,153,-52,-23,25,27,22,24,71,32,155,-38,240,-85,109,53,-40,-34,66,106,212,72,54,103,-47,73,29,-10,162,184,-178,222,-15,47,98,-54,79,-96,-81,52,41,151,157,6,36,-58,-18,-58,12,69,169,23,88,-64,103,146,24,5,42,-17,101,-119,125,203,70,73,-163,108,-92,151,13,-54,-83,-102,69,-39,134,-14,85,-68,27,19,6,161,127,18,34,33,-22,78,-182,242,-29,101,46,104,139
-102,100,41,-80,31,-3,-155,129,104,29,-58,30,25,150,47,46,70,109,45,-5,-108,-117,56,12,2,-81,73,44,-1,-173,56,-4,-17,105,9,83,29,31,65,40,21,109,34,162,-2,64,-57,-7,93,-7,39,-12,123,149,50,32,-29,25,15,-8,54,-89,-120,259,-58,145,-22,-37,94,54,-22,-29,67,-52,-81,-39,-113,-101,-66,1,174,-191,-57,14,-29,-54,82,21,124,114,66,-154,-103,29,-40,91,-162,-46,98,46,-37,-109,155,60,-15,-72,11,64,-8,-160,79,44,-80
71,33,92,-27,140,123,194,57,218,10,-30,26,-3,-45,-56,-37,4,81,51,-83,250,-13,-37,95,164,41,103,-13,-15,-29,55,155,-100,-53,252,91,197,99,159,175,5,-161,54,172,100,327,-34,112,100,-15,-189,-113,87,-35,107,2,29,31,44,32,-188,-112,120,80,130,-46,121,24,107,138,-115,163,67,-91,154,132,-26,237,33,152,47,-6,-62,-4,-174,-21,-119,190,-224,-83,94,139,-82,219,135,-63,78,204,59,33,-34,80,-46,24,91,41,83,102,28,156,-16,77,81
53,224,-78,-46,93,-49,-19,158,125,-43,102,3,-100,175,9,7,-4,22,109,-100,-29,14,-67,101,101,141,136,-60,51,-1,18,111,98,11,6,147,18,3,57,-36,-26,-42,39,143,38,-77,-123,3,11,88,93,69,-17,-45,-28,1,193,83,-24,-21,40,164,44,-9,-79,18,15,-37,-44,83,54,76,9,29,-24,-4,49,-81,82,-100,133,-157,-12,105,4,63,-117,95,-29,-3,63,226,-15,-75,75,82,-99,159,132,54,70,-138,5,71,-36,100,30,148,28,75,10,120,71
14,163,229,83,7,166,39,-2,-61,85,64,-31,-125,100,33,21,139,21,-29,50,4,130,-1,110,81,-212,-31,110,-2,84,109,54,-99,-3,4,164,47,124,-62,-25,-75,68,-106,-31,-96,-170,-46,170,77,-76,23,-159,41,41,-32,-148,-69,-64,62,222,-123,138,40,-74,141,143,47,184,-79,91,-52,33,-75,-177,-32,56,-54,141,16,142,-47,-6,15,249,-83,-26,-25,175,68,50,-106,23,-54,106,92,65,83,-5,41,82,-40,-126,-130,46,217,17,54,76,-112,3,-3,144,-44
-45,-35,-28,-56,5,7,47,-25,7,-4,-13,2,44,2,102,-115,-117,84,75,-70,-24,-50,40,35,-130,27,-15,113,-134,-77,96,65,59,105,83,-5,123,76,-47,17,162,1,51,131,6,9,4,68,26,-58,-29,19,-65,113,161,71,69,41,103,120,-124,-107,-15,86,-64,27,64,20,42,123,171,37,147,21,35,-32,56,27,-128,2,-78,74,-24,-150,49,-80,21,199,-188,150,-52,123,-156,4,-14,29,91,228,19,55,-6,85,12,45,23,0,258,2,57,117,50,93,-9
56,-23,44,-55,-22,-279,22,29,-52,67,155,41,15,-206,-103,38,29,81,73,171,-33,-81,34,30,-29,36,111,-172,28,-185,30,42,93,-133,28,82,91,91,-166,29,68,28,185,-24,143,-87,193,2,-24,86,-95,296,35,-6,39,-57,-61,24,-121,-55,131,-161,-83,12,-14,162,29,116,-10,19,155,27,11,2,181,94,124,-8,202,-25,2,15,-129,-40,128,102,74,19,210,13,-47,-55,9,-169,-153,91,171,162,3,44,156,126,-31,113,2,19,-110,-49,86,94,81,71,40
97,63,-15,-1,126,139,26,-3,-112,-76,-14,-121,101,195,109,-48,1,36,-9,55,38,-20,97,-110,20,79,63,134,89,196,-13,23,162,-46,109,200,45,-35,96,115,136,-66,195,88,-265,-80,36,45,142,12,66,182,125,-37,75,-34,87,86,-65,61,92,-44,15,160,27,-76,-12,-1,18,-97,-32,-114,103,120,38,-29,-83,72,96,120,-27,118,163,-86,61,17,44,103,-69,-17,163,-43,54,30,102,33,-3,66,45,85,-40,-15,-1,98,-67,9,-100,0,14,-131,62,45,113
-48,157,26,-27,-16,117,21,-108,-43,89,-110,-85,-32,163,22,-113,54,-67,72,-41,-29,14,24,-24,45,241,51,0,178,28,123,95,7,11,137,-8,186,12,55,132,140,66,127,168,35,96,-138,-86,-90,114,73,-12,165,-55,149,38,125,-95,59,80,89,-82,-70,24,15,0,46,3,-98,67,62,133,57,1,14,-53,-12,0,-40,139,85,-51,136,62,-126,-24,-18,150,-35,26,45,-120,111,-97,227,77,-89,-22,94,117,54,17,-31,15,-76,143,-212,-48,44,52,34,173,-41
18,-148,-4,-1,120,9,106,125,83,133,112,143,-132,-12,-73,31,-108,-36,20,-36,18,21,119,88,47,60,78,-9,-11,10,-35,55,41,56,91,12,-87,44,-50,-2,-44,-114,-22,73,-156,-85,87,-32,-89,99,-72,102,-170,-95,55,69,66,50,-44,-52,-67,-17,25,101,144,28,-25,121,7,-116,65,-100,-16,113,72,68,-29,112,63,-17,49,85,104,42,5,49,67,36,-20,-297,88,-69,-23,44,-102,45,-35,41,75,-187,-31,72,-37,-63,123,-21,-11,-18,52,20,4,88,-9
22,66,90,-296,95,71,53,2,155,35,127,-26,117,97,70,-18,-6,-161,-55,17,21,-34,-8,-150,101,-66,158,28,5,-48,53,70,-158,-63,14,222,138,91,16,0,48,122,-92,72,-122,38,31,190,76,-47,28,-94,-24,133,68,46,12,-83,85,71,66,28,-69,129,96,-82,3,37,12,60,180,52,-137,2,-48,231,-109,62,-45,100,43,77,243,13,-39,-170,-29,39,-17,-47,5,172,-179,51,-68,100,122,164,127,-13,135,52,106,22,177,85,-79,57,83,136,7,149,77
167,41,139,40,103,125,147,56,198,238,-135,-137,146,161,52,-77,50,6,-16,-12,8,-123,-3,8,-10,-125,-99,90,67,11,84,120,-66,51,53,84,143,130,-24,-18,-112,202,81,121,95,154,-107,97,-94,13,-147,-16,-27,177,223,37,51,-33,67,57,117,74,112,183,90,90,131,155,135,-98,-3,108,49,81,26,0,-68,146,36,92,98,93,2,105,-27,67,123,130,42,-23,-12,79,15,149,102,-6,82,100,62,34,70,125,-25,86,189,24,34,-27,-44,-92,33,123,192
-43,-6,-5,-34,26,-17,-39,97,-39,-21,-64,104,-102,-107,7,12,106,48,86,80,55,41,74,140,38,90,29,-48,-19,-11,59,-61,24,-86,100,88,-52,-59,0,130,-20,117,68,-46,-43,82,-10,34,76,67,-192,-167,162,-194,-90,162,-2,73,-66,-51,51,-86,139,-40,115,7,64,54,-35,27,75,-37,56,48,-3,50,-141,142,19,130,60,62,89,197,188,-134,-3,82,-148,-57,28,59,-35,172,132,-51,-20,87,140,-2,66,156,94,-31,195,-98,-84,202,188,108,11,36,147
78,175,-49,80,-73,205,17,78,-88,31,-46,48,-54,89,7,107,129,209,86,71,129,-105,74,231,-26,58,88,155,108,33,117,71,172,9,-33,-56,2,13,81,34,-107,-53,166,208,-12,95,18,148,46,171,-29,-36,-12,30,-31,-18,105,139,89,59,157,79,-25,-141,56,121,121,68,54,136,6,97,96,47,-61,-175,50,121,13,124,168,77,-4,189,-46,209,-60,75,-147,80,-178,-72,171,-34,246,26,1,201,-27,58,30,-29,53,-82,-35,32,-90,129,108,113,136,76,154
-31,-26,41,2,-24,-44,-9,49,36,-36,26,20,-53,88,-34,141,54,118,88,-12,30,39,21,-22,-16,161,127,99,185,78,-34,78,131,-55,-63,-63,-48,47,85,-62,65,-125,165,-7,12,176,66,-89,-29,195,87,-27,-66,21,131,113,40,181,123,157,-11,224,-278,22,46,102,113,301,46,5,7,37,-18,15,-13,35,-26,155,77,40,-84,-30,-259,-41,-87,15,-104,133,-98,-80,-128,-38,55,-22,84,-68,-84,-61,-105,-32,-8,79,-6,93,-20,67,49,-12,107,-20,-89,-109,139
85,81,-3,7,63,16,132,35,47,56,202,10,-48,-81,102,-70,131,44,-19,200,-21,144,-14,-88,9,97,-44,-96,78,20,93,-27,-90,39,33,79,69,86,-26,114,-67,168,-107,20,-46,35,-19,133,-10,-21,-58,-68,122,-50,18,121,56,2,40,308,97,5,-2,-44,-44,109,125,142,73,129,117,25,-34,-10,-73,214,-73,24,122,65,-33,75,6,154,-71,-61,3,-90,-42,-91,-222,36,-94,153,9,-42,-7,169,141,-12,271,113,6,-4,47,122,-26,124,-83,86,80,-34,53
82,19,-54,-44,-4,22,-52,56,118,24,28,-125,163,24,17,47,143,18,-102,5,85,-132,-66,19,43,105,-57,-23,-34,28,24,-43,-207,38,129,23,40,-9,10,-60,-18,150,11,144,16,-5,-34,-15,-23,47,-2,-125,-10,216,117,28,57,-74,101,-13,194,-10,54,88,-22,-81,61,71,45,11,105,38,-43,108,-68,43,-62,-107,-158,-17,0,221,132,-42,-9,-153,8,172,19,3,-6,135,-67,19,67,58,-23,-30,18,53,130,171,41,75,39,-48,38,38,-41,49,44,27,89
-60,88,48,12,-79,46,123,38,42,-138,4,-34,80,21,-3,-22,178,-86,51,67,229,-3,-45,-72,-82,-83,-9,115,-123,39,61,-29,-96,123,26,85,137,9,131,137,-49,3,-44,143,-25,15,-110,106,16,5,-27,54,87,36,-56,65,50,-30,146,6,133,-167,105,127,0,61,124,130,170,-73,86,54,-7,16,51,14,-78,35,103,24,-20,-4,-39,137,-114,-109,-16,69,7,50,35,64,-175,38,-61,-26,-63,130,62,35,22,94,19,75,-15,62,-51,110,23,-113,128,203,8
35,186,245,3,20,63,25,-29,-34,-16,30,-68,119,43,174,24,-4,122,83,123,111,9,51,87,92,8,-3,146,186,146,110,94,-54,-103,70,-25,126,-18,8,73,-28,36,214,81,-106,77,52,-70,170,20,20,109,19,24,37,-48,205,91,73,57,205,-70,49,27,85,-157,124,-35,38,-100,202,-28,18,256,83,129,-109,89,-16,51,19,72,124,84,-23,12,12,183,-65,-13,-46,92,-15,34,49,80,102,83,116,46,-158,35,132,73,-63,-164,155,-5,53,-15,10,87,128
31,186,-123,16,-98,-63,-12,-29,-6,-54,143,35,-173,250,153,-76,-36,-57,89,-168,118,176,-43,-145,-54,175,21,-54,72,53,136,-10,-57,38,6,165,-106,14,48,100,89,43,45,166,-97,22,-3,92,136,82,-10,64,19,-55,-42,84,126,-32,10,170,104,24,-108,-62,1,-184,136,117,-94,-70,48,-57,-60,57,-106,-165,-60,114,13,-51,59,79,92,41,-52,29,33,49,151,-8,-98,-106,58,18,52,-28,2,101,-41,-116,151,46,-59,114,-2,-72,-214,6,64,-2,-95,47,-63
-28,123,21,56,-104,-69,-42,56,-21,-48,-85,26,117,-24,130,62,37,-49,93,1,137,-16,-210,79,-71,-93,-59,27,-98,36,44,-69,-27,-12,-31,69,60,87,46,-137,-12,85,-60,-58,-14,-88,26,7,109,176,-48,85,77,15,111,1,10,-61,61,-54,-1,173,142,-104,94,-31,-66,-75,-113,20,-141,81,260,-135,-97,11,-7,31,63,-83,-94,180,59,125,103,134,158,-68,-92,150,-100,68,58,123,147,-121,163,107,73,39,66,71,-107,-126,253,-47,16,118,84,86,7,128,17
75,39,58,-15,67,-10,220,-9,126,8,96,185,84,-34,-96,9,38,189,191,49,247,45,162,83,75,6,-88,109,-41,163,-130,27,6,67,236,109,116,90,38,150,29,21,98,103,-61,116,-64,50,186,66,21,-112,46,-16,11,112,228,236,-53,165,55,-101,5,124,-14,37,239,102,178,-4,-37,-93,59,-1,8,69,-129,256,107,130,-34,-9,-47,-26,-149,-171,140,176,-45,43,52,60,-200,182,-28,-82,158,171,63,-93,-72,-62,-18,225,45,-18,79,189,135,102,20,46,25
-28,-124,65,95,20,38,100,-46,77,-11,-98,74,123,-100,69,0,-17,40,-89,68,-80,144,76,-41,3,117,206,56,12,-3,-130,-7,30,-22,-44,-72,60,23,63,49,-7,-69,42,-24,-13,97,72,4,50,22,72,89,-127,56,55,132,-63,-42,-150,-152,-95,-20,-13,-104,-14,-36,95,-9,1,-48,39,60,10,122,15,49,203,82,-3,22,-11,-17,-51,52,81,31,28,66,5,-134,-12,-2,-8,-7,34,190,103,83,-67,-23,-52,166,-1,261,168,80,-28,21,10,-5,18,70,111
3,113,173,128,55,-20,-33,6,56,58,93,1,-72,67,78,107,-97,9,115,-132,86,235,-11,18,-2,106,-134,72,-23,93,48,88,25,44,29,143,-47,-32,29,47,70,22,31,71,67,-16,-80,56,59,5,-59,-121,159,-117,-2,33,85,31,-22,52,-123,14,93,18,143,4,-85,65,36,-119,-107,68,180,34,81,106,-36,146,140,93,-22,2,84,100,51,51,-70,127,-112,-59,4,110,-66,61,139,-18,86,-10,80,-57,12,-13,-33,147,54,162,122,69,-31,23,-202,-81,19
111,-127,-69,-61,-34,-70,171,20,57,116,39,104,-130,118,-6,17,-16,132,69,-62,47,89,73,67,-16,47,46,139,-61,18,-86,1,90,-4,116,176,-24,42,142,30,155,65,87,230,22,15,-106,107,69,118,-106,3,4,-12,74,-4,65,7,-134,20,9,11,47,53,-22,35,113,-37,53,-55,-22,44,-53,-40,225,89,-43,62,-30,117,-94,-31,-60,84,124,-116,9,93,-95,-25,107,59,-124,-77,84,24,31,109,71,97,123,160,66,15,94,91,-135,145,158,79,-51,86,245
-36,12,29,-143,-47,-179,43,116,2,-131,-76,119,-41,35,84,-40,42,-59,67,-149,21,-95,-30,161,100,-26,-35,-148,6,-128,-114,102,-15,-78,136,-38,-54,23,86,176,60,-80,43,99,-52,-93,63,-26,53,9,-34,96,-22,-7,96,5,103,-77,9,-150,170,-164,-110,21,-8,-132,-35,-71,24,-158,0,145,21,87,-77,119,23,-39,-118,-86,3,-125,100,83,-100,-52,39,56,-120,144,182,-55,-25,-91,-98,61,206,59,78,103,-157,-35,42,28,-45,-181,-53,-18,-64,-54,-3,-4,23
36,-156,-3,26,9,-11,49,28,58,-118,-42,-72,99,-52,139,63,-183,139,-143,-212,-101,-50,137,191,-127,87,58,81,-70,2,-143,-9,84,193,-24,74,-112,-13,16,35,-25,-37,296,130,34,123,-209,142,6,97,4,14,-107,-148,134,46,37,-76,22,-129,37,83,-22,11,46,18,-96,54,168,-2,-70,76,158,26,139,9,98,-46,-43,17,-136,80,144,-29,1,97,95,115,74,118,300,-1,-10,112,34,16,108,-136,136,235,-63,92,76,148,-9,-111,-85,88,155,-82,92,4,-33
-67,-123,-76,-135,84,232,-54,150,132,161,101,-33,-12,-78,168,73,-13,106,-8,-133,31,-124,-106,89,22,-60,-33,43,81,-21,-92,2,-25,41,-163,-30,-13,4,154,-89,12,17,104,-45,49,79,70,133,72,56,82,84,-33,79,43,-17,129,104,6,-24,133,181,32,25,97,122,85,105,-17,0,116,-40,-39,134,-164,-3,42,137,79,71,94,231,108,223,-78,153,-23,65,-21,-49,-77,133,-117,64,-113,-62,69,84,64,39,32,90,55,-62,129,-10,-120,101,-49,-67,117,94,207
-81,-6,95,-6,196,-1,-108,-15,101,232,75,-6,50,194,175,36,-28,0,-57,-84,-171,-90,58,-122,90,6,-57,-59,131,-121,-95,8,0,113,-95,99,84,149,-124,22,56,-49,-1,16,-97,110,80,60,88,159,49,109,13,99,136,3,-58,1,-128,32,54,52,-68,163,226,49,-84,104,-92,-76,34,-22,31,27,-45,152,63,-42,-39,-99,80,70,14,70,-100,117,-3,85,159,-7,27,58,-50,44,-18,122,-1,-1,-85,118,-16,-56,22,109,42,17,4,-82,-218,-33,-23,53,56
-59,9,46,-112,19,128,-13,-118,90,92,95,30,-75,113,146,53,29,-20,-127,-68,14,-88,-21,3,139,114,290,41,-39,-190,2,27,32,-96,86,199,92,126,70,-96,130,-29,12,136,-4,74,-64,53,-44,172,6,92,-3,65,13,-56,-90,22,-88,-79,-1,109,39,107,40,-60,-162,205,96,15,25,59,-29,52,-32,58,-176,-24,-37,146,96,52,204,-14,-91,98,268,-64,56,-206,78,11,-32,182,56,38,19,103,-27,87,-19,18,85,-89,29,-21,-32,67,46,34,112,88,181
-2,-82,78,75,30,114,33,6,-84,71,-31,-45,8,-69,155,-58,-81,44,-8,111,-208,75,145,53,-128,57,70,76,107,61,-44,72,52,76,-85,-92,45,90,-130,12,36,-57,93,50,-57,88,91,28,76,28,-23,-105,-57,-72,69,13,-91,174,8,133,-108,-71,-135,17,2,48,83,37,91,-162,31,79,74,18,32,-54,-66,36,3,3,99,61,-46,-16,-31,145,16,-38,-111,-42,-79,-154,171,-17,19,72,185,65,-20,-92,46,28,-39,85,11,-92,-69,-67,41,-67,-15,20,86
74,20,-45,-104,127,26,75,38,-16,-64,210,-105,49,-82,-53,90,168,72,-123,78,137,-73,24,-107,19,-88,5,77,185,-34,-59,-133,-77,69,103,-97,40,24,64,26,34,136,148,64,-23,-47,-136,-27,119,126,-31,72,295,-80,108,-61,-30,8,-19,27,281,68,-20,-96,29,75,70,74,185,21,111,55,119,-3,-24,96,-117,-61,145,58,156,-50,55,159,44,-102,126,19,49,75,74,-40,-52,197,-97,39,65,11,165,109,178,50,252,156,-2,6,-21,100,-135,-124,20,41,119
153,38,84,128,84,38,54,-125,-43,-52,-13,47,49,204,-37,137,-3,52,121,-1,-19,-6,131,28,56,132,7,197,73,-4,-80,35,-49,17,186,-49,57,-89,51,202,117,225,183,227,149,45,-62,19,72,-79,111,43,323,64,106,171,118,-22,-50,38,202,92,54,-14,-179,51,60,-29,154,-8,-126,153,28,168,34,-81,1,-67,0,-37,7,21,84,25,31,-7,-56,58,140,64,43,10,183,95,238,246,27,20,40,20,-7,55,14,146,-45,46,-26,-20,-45,-67,52,244,5
-104,-96,-24,77,111,-140,35,20,67,-48,-28,47,62,-151,76,-88,-63,-36,-190,-4,40,0,11,-145,36,94,43,76,-24,-100,-17,-70,-46,-52,88,-99,98,23,57,-31,65,18,71,-40,179,223,-25,48,-75,27,-15,51,0,51,-40,75,-124,-34,-10,-125,-203,50,211,96,-85,44,-149,48,-160,22,-33,101,20,-197,159,65,90,-95,-70,68,23,-29,-27,17,-10,-84,126,-25,-76,44,-26,-54,-2,62,-72,38,-9,63,87,-1,62,-67,58,62,181,11,-8,-32,156,-109,102,143,26
-72,255,36,237,23,62,36,78,-78,109,-105,-61,85,135,160,41,7,-73,75,-42,149,-122,-88,-19,72,85,-33,4,-74,-130,109,-29,-17,107,19,-121,88,-73,37,43,-11,54,42,111,107,97,42,-81,30,86,34,29,110,54,109,94,9,95,13,36,25,77,26,78,30,74,-60,183,-19,60,12,74,100,70,-93,-120,-114,40,83,-73,28,215,-72,135,-138,67,-137,73,-7,17,-96,31,15,94,125,150,122,76,72,32,126,-116,103,-6,-29,40,101,9,-89,-147,49,114,101
61,152,109,44,8,31,70,0,10,106,-71,205,27,38,6,157,0,-71,95,6,7,32,20,144,-48,106,107,157,38,160,-11,89,-95,-22,-22,131,113,30,57,-21,116,-28,49,71,-83,-52,32,47,117,120,11,-34,67,13,87,22,187,7,80,-52,85,105,17,47,25,99,14,-141,42,21,10,124,261,-130,56,-53,-15,123,102,145,-47,51,24,-49,102,62,-5,43,-141,101,-90,71,-52,38,153,116,59,87,10,303,-65,87,14,16,31,-18,143,199,19,-70,14,-96,107
73,77,-90,-3,166,156,127,149,77,65,72,72,30,33,-36,-127,122,-13,117,100,-55,105,-53,29,-23,-40,-111,-153,-45,42,193,35,-98,70,-13,112,64,23,-100,133,82,138,-139,-125,9,2,33,157,-28,27,-119,-67,69,-162,-110,-29,8,58,95,-6,134,-8,23,56,74,256,140,-33,97,-128,45,81,159,-131,51,33,34,-97,-5,62,81,-26,121,23,95,-53,-36,2,132,113,57,-19,-16,-15,41,-18,-68,35,68,137,178,-13,-25,71,50,203,-247,85,-11,1,39,24,-2
-58,62,-46,-25,113,66,123,29,4,71,133,-6,-103,47,52,-40,129,76,35,-13,50,78,129,102,56,178,70,235,160,-31,121,191,30,12,90,176,-3,-89,83,194,86,77,-76,149,57,-3,-39,155,-93,-27,106,-3,8,17,-32,-105,68,-95,189,112,-160,-109,-55,-1,73,-79,-58,115,57,21,-53,127,80,-39,224,-188,-2,159,132,84,123,57,156,31,-10,-35,-141,21,-71,1,111,42,-60,110,410,6,13,172,36,42,85,-156,21,103,-36,155,67,25,-32,143,-116,-43,6
-10,-9,-224,1,1,154,36,142,148,220,171,19,9,103,17,18,143,6,122,21,242,48,84,17,132,37,-102,101,-32,153,-9,-30,-112,-3,-17,256,14,142,156,155,-110,70,32,15,-66,61,36,148,77,172,-166,19,52,-17,77,31,210,96,74,30,80,137,-17,117,46,22,125,9,77,33,-65,-17,145,-48,55,-27,-158,170,49,-20,-60,184,81,80,-29,-17,-6,71,-108,137,116,167,102,253,154,-22,24,238,8,23,144,-1,22,-56,120,-11,12,89,39,98,57,138,115
230,89,78,77,133,106,57,24,25,160,17,34,10,42,20,48,-27,240,162,-33,116,50,55,53,86,19,12,152,-14,232,-28,141,-118,109,174,126,19,22,-41,-15,22,152,28,35,41,-56,-68,30,-24,49,6,56,-22,126,149,-120,237,97,-64,42,102,97,-3,-42,186,-63,36,118,-92,13,30,120,162,109,-38,-26,40,182,92,78,7,102,94,125,28,193,-69,155,-26,3,-25,-15,15,60,119,193,190,124,-60,69,102,-128,19,102,295,-128,112,-73,121,21,-143,136,51
-131,-61,-118,-14,-60,65,10,82,-94,87,-1,-34,-129,-38,112,155,119,-20,-89,20,69,-11,16,39,30,-97,58,129,101,-6,9,23,-88,-53,-121,-3,95,57,-28,-101,-56,-34,174,13,-12,-97,-58,62,-195,43,79,75,-39,70,92,-129,-57,-81,78,-36,67,126,5,71,96,130,-140,215,-54,27,93,52,-3,-188,13,-13,-4,3,37,-36,76,123,135,43,-25,129,-25,61,96,40,-1,18,84,38,-120,-19,-14,-5,76,176,70,71,172,77,6,-66,-11,134,-110,-88,131,40,197
87,49,70,-32,-67,-90,15,56,11,-82,-25,-169,126,-26,80,-17,-3,-67,-25,11,-20,-72,4,-29,30,122,163,-34,-11,-35,176,39,40,-151,-151,175,98,148,-20,-60,4,-11,108,-84,42,17,-89,-19,-146,-55,-120,2,-1,21,2,15,0,-17,50,-10,170,126,-11,-48,2,60,26,68,-15,-20,89,-54,-77,39,9,18,-114,95,67,175,-27,-12,70,46,121,63,82,-35,66,-23,-52,97,97,-124,87,-92,7,47,148,23,-6,73,75,55,9,66,-12,-112,27,71,31,-124,143
93,158,96,-111,22,-154,30,28,94,104,80,158,-21,62,46,144,-170,-41,96,-49,193,-141,41,113,-11,181,118,3,80,35,-50,30,50,158,145,177,170,39,-32,40,-34,-85,186,87,116,-88,74,-69,139,209,16,-40,14,103,145,69,186,68,57,19,-4,-21,108,89,193,80,-130,80,70,64,-70,91,132,129,39,-34,12,46,192,-63,27,-106,64,-35,-10,26,133,106,-72,53,94,57,14,157,40,73,89,86,46,95,-13,0,71,-13,0,-27,134,-12,63,122,116,43,-3
-41,168,-23,79,94,187,-8,142,168,49,29,-82,-87,176,186,-56,76,12,211,96,102,135,24,55,-11,48,-155,-94,115,-22,-106,39,26,121,9,-8,6,-51,-53,46,9,-12,37,-26,141,130,-36,59,186,176,67,-28,101,-124,63,24,43,175,94,-33,-14,-39,-46,93,152,119,146,-36,141,5,-33,14,188,200,-45,-189,8,12,68,-101,110,9,-60,211,-166,37,-99,98,151,54,24,180,7,134,80,-69,-3,41,-46,19,111,-16,112,-29,-150,97,-107,58,-3,-50,218,180,6
47,145,105,38,21,-37,-130,150,-57,-1,-232,56,59,230,63,61,-33,-109,81,96,-84,11,12,60,75,-152,-130,-71,44,36,56,39,-81,-28,-190,-19,-95,-47,-60,-58,-99,90,-98,-67,48,-48,46,-47,-86,36,-43,-174,42,158,16,45,-2,91,-4,56,106,8,-66,109,322,46,-68,4,-153,52,46,0,0,17,28,84,-97,-59,-197,-3,-68,117,-33,112,-153,-46,-102,-1,-9,-19,-60,20,39,-38,52,13,-90,19,-40,-21,101,-12,85,-228,57,-4,41,123,-138,18,49,-88,57
18,54,66,-46,1,145,-30,-115,-52,82,15,-168,-111,118,46,63,23,31,62,-20,18,-82,19,54,94,-75,-87,93,172,45,-14,19,-8,-137,-36,75,9,60,83,-19,11,168,90,27,59,12,57,135,175,-203,-11,31,127,65,0,-7,240,26,-66,167,210,-2,98,105,75,-85,101,38,67,-23,28,66,3,79,20,48,-129,-110,61,-59,-76,52,18,-22,7,-86,-170,-19,7,131,-27,114,62,-71,101,32,137,83,41,89,-59,127,-33,1,95,53,32,188,-56,-68,76,-107,-35
96,176,106,73,-32,56,27,-1,3,80,-12,77,56,110,-119,-16,58,101,58,6,45,-43,156,33,-31,157,51,130,210,79,143,-56,17,-10,46,-6,98,55,-70,-31,-158,171,147,101,164,116,-22,21,14,101,64,-22,108,83,204,64,170,104,31,-59,79,160,3,-16,110,-109,-81,48,93,98,-193,92,186,-28,-85,-107,19,97,147,130,158,80,-13,175,-3,102,-70,265,-11,169,-54,62,199,168,317,82,-53,43,28,28,150,49,140,99,19,-25,156,52,-47,-61,120,127,28
226,70,69,130,194,-48,19,126,60,-65,114,-57,56,72,121,1,-33,175,-62,22,10,39,-7,10,42,111,-49,149,-60,76,154,67,-47,92,-50,68,-66,-55,109,0,85,90,-5,33,134,116,118,166,-18,117,-97,-8,119,-52,11,36,-81,-33,3,59,53,165,120,-150,170,-14,-58,189,-81,-143,-46,-6,-105,102,124,89,149,104,-45,212,-36,180,63,218,103,79,-47,246,88,-139,0,-42,-46,-39,168,97,46,-11,-17,-162,225,44,-103,10,196,49,-161,-148,96,26,-76,-35,98
2,-65,-2,-119,14,-19,186,-70,153,-13,-37,103,-45,38,16,61,23,109,-39,-96,185,-17,88,-49,73,111,-95,44,48,-32,-173,44,4,52,90,79,5,15,151,107,0,45,96,28,174,107,-151,91,34,109,59,17,81,-86,86,88,87,22,-2,0,149,-13,14,72,81,41,-43,36,27,14,61,113,-9,181,-19,153,-114,90,41,11,-97,-129,70,132,-60,-24,-3,-48,-10,-39,191,135,-14,71,-11,54,-56,82,-15,124,-73,-58,8,31,52,28,-56,50,-42,90,-88,73,-8
-30,39,110,75,132,-109,98,7,160,263,210,-12,46,43,-86,-78,-5,-82,181,-55,228,92,-13,-197,74,112,25,135,-5,-136,-85,40,-79,165,108,129,76,117,43,-37,72,-16,50,109,-118,86,-43,53,-97,191,-143,212,6,54,171,-143,15,8,-58,109,-22,31,-56,181,93,143,99,113,64,153,-43,99,126,21,135,17,-18,78,171,-30,127,-82,62,4,7,70,31,80,-49,54,0,117,-172,158,14,75,35,139,-30,30,102,-10,-6,-4,-27,-26,62,-153,69,-36,-51,57,89
-53,86,-58,-50,22,135,121,37,94,-88,170,-109,123,46,17,31,29,0,13,67,43,86,-6,34,111,-149,59,168,-53,107,180,175,-169,-165,-201,189,31,17,-10,-50,102,-19,-14,-16,-79,-33,91,71,158,53,95,59,89,-67,-22,-114,-74,4,-80,-30,-29,147,-34,-79,-82,103,53,-34,-43,-4,152,-43,90,-181,9,-121,-105,129,69,97,29,117,10,118,95,-12,172,92,-44,147,-42,50,-11,74,-30,141,228,157,74,-16,147,-79,17,104,156,3,-125,-32,175,21,45,3,-43
-66,-19,-203,-118,52,78,-88,67,-74,-113,57,-72,3,28,-168,187,-76,-109,-7,-62,62,-101,-99,-133,-83,-210,-50,-214,-2,-141,39,-36,141,-60,91,-133,-74,106,-14,-122,127,-94,49,-4,-109,15,163,-93,113,200,-59,8,-125,-137,118,-220,-54,-97,-41,-93,-137,92,-120,39,126,-40,-53,-19,140,-44,-85,-41,-40,-203,-45,49,-97,48,105,-144,1,-125,-75,-161,70,-58,46,96,-28,74,-1,-195,69,-65,-37,-93,-21,-129,-114,65,23,10,24,-57,96,-20,-40,-40,96,-99,-20,-23,-4
125,-44,187,-16,100,-121,121,13,72,-28,-80,13,-81,-84,37,-10,-15,27,-1,160,74,-163,-74,131,8,18,-39,200,-10,-137,28,73,-77,-5,48,-12,153,-151,63,104,-49,55,180,177,54,87,12,57,-29,-35,34,32,14,142,80,-140,-23,111,5,73,-50,-70,-17,58,-6,-63,-59,41,28,39,-103,100,-3,-2,24,37,-62,152,141,-29,-53,1,65,25,-78,-96,20,18,-214,36,-20,-44,-14,80,-15,-5,179,65,82,-22,42,-21,133,-119,107,-26,18,23,-10,50,69,102,-84
-20,81,-50,-82,4,82,22,183,38,133,-4,-22,173,4,38,-59,-21,186,10,-164,-29,30,164,53,64,5,110,-126,105,105,-71,86,55,-2,-9,3,6,-27,-74,-19,50,-58,227,55,85,288,-66,28,-172,58,-113,-23,95,-21,146,-72,79,103,-99,-19,25,2,-18,213,100,27,92,113,-61,23,52,247,-19,-20,39,2,-8,138,84,148,93,59,-60,35,11,28,-138,68,34,53,214,-70,-32,8,81,2,132,117,-17,50,50,-7,90,60,-3,-103,-60,61,132,-58,-133,-97,183
43,64,167,80,-45,62,138,123,153,228,268,90,-87,79,92,187,-4,119,108,-177,-3,25,50,246,42,-60,217,331,9,7,-95,111,-85,-144,-132,121,-14,22,78,2,84,113,218,110,45,31,42,37,217,207,-96,134,208,69,112,-57,179,122,-85,-74,159,173,-43,-41,300,12,26,261,-14,-81,46,65,172,-17,10,30,-46,84,169,26,-25,177,1,78,106,229,-59,311,-56,121,18,131,103,134,167,246,244,203,115,69,168,178,163,132,181,-71,167,147,94,-79,17,201,67
-70,-33,8,-66,-117,-64,-54,104,-18,-110,188,235,111,-94,-64,105,86,-15,-59,80,143,-126,80,-60,76,203,-75,162,-39,56,72,30,25,-45,-178,212,89,58,65,40,43,-50,-10,204,19,-112,195,-20,44,82,111,132,-67,96,9,74,137,40,-59,88,146,131,69,-109,-49,-150,-51,37,-3,115,-89,89,70,-129,44,84,135,223,18,-135,124,-50,110,-15,-37,-59,-95,83,-73,121,15,109,-74,18,123,-112,109,76,82,23,6,141,74,7,114,-25,-97,34,-111,40,100,-108,70
-82,-58,88,48,-129,105,80,-22,-31,-37,-33,-34,41,-154,-71,40,17,4,-20,270,-6,-87,42,54,-15,-46,84,87,13,12,162,-32,-15,-122,-249,32,48,39,27,21,-116,259,14,82,108,20,64,-35,-5,-45,112,-38,-72,6,-53,27,88,13,-206,-74,103,26,104,-179,-143,-79,18,-23,-119,72,80,-120,32,-75,-109,141,189,74,225,52,24,169,52,25,116,2,33,66,56,31,-213,61,152,-15,-16,30,104,96,59,-68,-76,242,48,70,62,-40,-9,29,-86,-125,45,41,146
33,-34,7,50,27,56,-131,89,-141,-33,93,9,-78,-12,7,31,-178,10,-150,1,-30,20,51,36,78,-105,64,-54,155,-81,138,146,-25,-72,-16,-142,-192,-10,10,88,10,-62,-4,34,-171,-27,-50,-16,-98,-219,28,108,-63,-4,14,-99,-34,-47,-63,23,49,172,54,-214,42,-7,-147,-108,-105,-6,52,-31,-50,-55,-25,83,67,15,-126,-141,116,-8,171,-102,12,0,5,34,84,-62,-85,-31,208,32,18,35,-6,-3,58,-68,-37,-19,87,-34,-55,-35,39,-145,-177,-10,-173,80,16
105,136,38,-45,48,-4,140,-198,99,146,101,-47,-44,-2,2,-108,-16,51,-165,59,-2,116,79,46,136,49,63,29,55,67,-195,47,-122,-32,69,182,23,-4,-2,27,-117,25,-59,13,2,64,-15,73,51,95,78,-61,-21,131,24,-5,38,142,-48,123,62,-32,13,60,189,-26,45,160,-26,212,25,108,52,110,-19,104,66,-16,120,82,-129,86,54,-49,-214,52,-2,27,3,-67,42,129,-88,122,119,208,95,171,-45,79,189,-72,58,20,51,-40,12,58,21,77,26,25,-32
111,-82,85,85,41,50,-217,21,-5,12,45,50,10,-19,159,214,-70,-56,-20,61,7,51,88,69,88,48,242,13,106,49,37,-35,15,0,-137,55,-15,-110,-9,-84,26,-12,17,52,-71,-74,-16,5,103,212,356,-45,17,-35,8,87,31,134,-30,-55,-12,138,-46,-92,30,28,-74,62,-32,77,32,24,-76,-22,-185,-29,74,5,8,-30,-11,-22,-110,9,16,141,91,-28,32,-68,-21,123,135,14,49,72,46,-103,-5,-139,-30,49,-14,51,150,-67,-140,-28,5,41,-31,129,-30
31,-56,86,121,143,46,-7,-32,-54,283,137,-74,51,-30,-10,36,18,-130,228,96,61,141,-7,-124,115,-26,87,142,137,-79,-36,30,-58,15,8,77,20,110,14,47,24,23,100,46,-70,-66,-78,-115,-64,-12,-137,69,8,91,4,-61,17,102,-3,61,48,-7,-118,113,35,132,72,159,119,-25,-6,-133,63,130,111,12,-131,73,182,114,74,89,259,-37,9,84,10,-29,97,102,-47,-95,-9,22,-4,157,79,-33,-29,35,54,-29,96,93,24,-45,149,4,29,-1,-60,-104,199
72,-96,12,-104,-11,-63,-19,-61,35,174,90,-179,-34,-158,-130,-62,77,-21,-63,129,-39,-36,2,-5,-70,121,46,-11,101,-101,150,46,-51,-63,-11,48,48,147,-72,-98,23,99,91,2,164,181,-30,23,-226,196,-85,117,-36,76,103,-192,33,-104,-68,87,-41,89,110,161,39,-19,-6,213,-39,45,-133,63,-4,-110,139,24,-41,64,159,67,61,46,-8,-158,27,-46,47,-43,139,33,62,-87,55,119,57,102,-108,-17,-79,165,42,139,-112,-61,3,136,-185,-31,-86,-35,74,-122,42
19,74,49,-90,75,229,38,28,72,155,-19,-17,50,36,-14,39,41,-55,-98,88,68,-194,0,37,-84,137,83,-85,88,60,-46,27,45,64,-156,-1,54,91,167,75,-93,58,233,-71,-24,119,181,95,-10,150,38,23,-20,-11,342,113,143,58,-25,-24,-54,32,-15,165,96,267,-63,4,18,104,90,35,14,52,34,-18,36,52,89,59,125,95,198,142,14,52,9,35,-23,30,-50,58,119,-20,-36,-45,-88,129,-130,196,155,147,46,-220,18,34,-49,-69,-51,116,71,231,149
172,17,142,-215,-78,171,-91,90,74,13,26,-27,34,-36,43,87,98,225,178,-44,205,-116,63,38,-92,20,195,153,155,94,-141,116,85,60,265,7,59,61,153,56,-45,-7,77,80,71,-11,-24,26,75,-6,-30,55,69,48,120,31,202,-232,153,86,-56,-56,21,-23,57,-96,43,-100,112,204,-5,188,26,106,-5,-117,34,11,56,-68,69,-118,37,-144,69,7,-132,132,-45,129,-21,218,1,167,199,-13,-44,170,-90,71,-143,180,-116,-1,-138,-25,112,91,133,24,-32,62,158
-20,101,117,-35,14,212,219,37,195,-144,-3,69,81,102,-13,61,15,127,4,37,36,-159,67,100,-64,-139,34,-23,-71,85,-126,23,-76,79,-45,3,39,-29,-15,19,-63,25,52,56,-35,106,-16,-60,130,-93,13,-146,-3,46,-76,37,11,152,-78,91,-10,-4,-49,-17,50,81,104,51,-101,18,62,65,36,-84,-30,-19,-101,8,51,29,6,44,-50,124,-48,-39,-79,40,-97,40,20,-12,36,32,-69,-96,107,102,73,-8,-10,-166,238,13,76,-52,29,27,-38,-163,-17,200,-89
24,102,71,35,-149,124,55,-69,38,-38,86,81,-89,-2,-14,60,182,40,57,183,69,31,-13,30,3,-59,-6,79,216,111,-96,27,-67,69,96,-31,-48,7,-118,-91,-150,20,47,174,52,-45,161,-25,15,11,-52,20,46,45,29,9,-56,-59,53,12,125,56,-33,-132,56,-49,22,35,131,84,71,82,-55,138,-49,33,-40,88,14,132,73,135,9,74,-51,52,-45,-14,133,98,45,73,21,102,30,53,-12,94,-76,-93,-3,175,46,6,-172,-39,162,-54,144,36,-45,145,-120
-124,179,59,11,90,-1,13,-30,39,-87,-44,18,52,76,110,-1,-3,-17,-93,143,-10,-23,22,69,43,-35,142,7,-49,164,5,53,-26,-108,38,-70,-102,-104,12,-97,1,-104,71,16,-26,105,194,-50,118,220,123,-28,4,-1,-39,61,27,96,-132,-104,124,74,67,90,42,-28,-92,53,-13,66,-25,113,37,-40,75,87,31,-10,-40,-39,-42,77,-27,140,-93,41,-143,53,-100,-35,90,74,-92,-23,10,109,72,-65,132,88,124,-118,131,125,-76,-23,-59,40,38,-177,200,74,110
-58,-67,-2,91,145,-53,-77,-19,-135,160,-64,-43,-46,111,129,256,53,-10,-23,5,-47,-29,-117,13,22,-50,-47,63,-124,-182,-116,83,-22,8,-46,125,234,36,250,123,90,28,-52,117,-152,-121,113,23,81,-30,128,-44,105,189,-43,43,102,-98,29,164,-21,65,43,-154,-13,20,-97,-25,-37,93,-71,121,-107,-90,-70,-73,-12,-75,-116,-141,-91,14,260,82,-27,80,-29,-51,-75,-87,136,66,-74,-103,138,87,74,-26,69,10,64,-101,-41,-16,106,35,122,110,-128,53,22,194,55
16,-100,-126,-138,118,10,159,-64,-25,-78,-77,-20,-44,-9,-84,46,-177,149,-34,-27,-57,-148,15,30,-9,-120,-19,28,-52,-74,126,-31,137,69,55,37,-38,113,-8,-1,-10,20,-159,138,-15,24,-14,109,60,-7,-43,43,-28,-195,-59,-108,-105,58,-87,40,136,106,-41,-112,84,-33,40,54,4,-53,131,-43,-14,0,-40,105,141,-4,-4,-18,125,-83,-12,59,53,116,54,-44,-20,-155,29,-80,-58,101,-20,39,-29,203,49,22,25,-56,108,4,109,-64,-77,-27,-37,23,68,-46,129
-25,-8,100,80,113,204,10,43,74,17,141,16,69,-32,22,36,138,4,24,74,35,-14,17,14,82,20,185,208,-39,4,-44,32,-44,-19,39,-14,-116,58,106,-22,156,107,-32,83,56,146,-88,158,41,143,8,-56,52,101,277,-45,30,-164,-106,-157,-23,-90,-18,147,168,78,-40,137,30,65,99,62,195,-135,24,59,22,37,84,72,56,129,-82,127,51,124,23,59,151,54,-55,-26,-72,77,53,129,70,75,101,81,126,24,115,120,163,33,-75,116,35,52,-1,189,64
43,9,211,59,-5,-20,152,-14,83,51,-81,-25,215,-177,-121,-50,113,13,101,-5,-27,-13,-141,54,-55,164,130,111,117,111,35,48,37,-213,-52,77,126,75,25,-65,55,81,10,-18,289,162,4,101,60,37,107,-129,156,-11,76,13,284,158,37,-39,41,-42,-40,-48,71,-72,-2,-22,-15,-17,134,63,63,57,-26,-71,215,111,112,141,30,61,-98,28,140,175,-72,143,-107,-23,-144,143,-101,-123,173,77,7,112,61,119,102,106,-50,-5,6,59,38,16,-8,154,161,-130,117
-58,19,33,212,-63,84,-29,16,84,58,-45,154,119,-91,19,25,41,-50,122,46,187,78,-39,109,4,19,87,56,-72,26,-133,-80,-34,-56,-37,58,129,-6,152,58,63,63,100,15,-39,164,-177,102,10,152,-47,49,246,-67,-120,186,46,159,-28,100,134,161,19,93,58,99,123,-5,-1,59,47,62,97,-16,-96,24,18,60,34,59,125,167,6,118,74,52,-67,89,-47,83,85,149,19,-16,87,65,87,184,108,-15,56,7,52,-76,182,16,-81,173,85,19,14,182,206
88,-7,-226,-5,101,16,45,180,-70,87,145,51,-44,32,41,-6,-81,53,-1,-47,90,30,121,-62,148,-51,82,-87,-65,96,160,78,-17,-33,57,11,-110,31,34,89,6,-12,7,-117,52,40,17,70,-151,-120,32,-54,-9,-92,-10,23,126,-262,-62,-165,30,-135,153,60,-136,74,-128,-94,-30,26,0,-3,83,26,92,-94,17,-100,-25,30,-109,142,34,-106,9,-13,23,-37,46,-15,-58,-3,23,-7,3,37,-32,-63,-87,87,77,-24,15,68,-62,25,41,-91,40,23,-16,-79,25
-69,94,-59,-17,28,74,-85,-46,35,116,18,-59,155,92,82,-54,-15,-136,19,-176,10,-36,-76,92,16,52,96,-88,74,77,17,104,131,34,-106,230,-51,5,13,176,104,60,126,35,-171,-5,29,8,-81,-12,-15,62,-87,86,75,68,306,-40,-87,126,-124,216,101,-28,52,103,-61,68,-92,175,53,161,-12,-21,96,-58,178,97,49,-17,127,99,333,5,62,136,-93,118,-192,80,-59,95,67,32,100,-42,115,116,-12,33,91,-36,92,-31,12,-58,-34,-21,53,76,25,-79,168
19,63,-27,195,-35,64,73,227,-51,9,152,10,-45,29,227,-89,-27,54,-50,-26,81,60,48,-147,125,151,145,10,62,36,76,115,39,26,-47,186,-6,33,-23,-134,191,-128,42,-104,-50,106,-65,-30,68,180,72,211,40,-32,-20,-68,68,55,-39,-188,70,11,7,62,91,-25,-7,-8,50,-147,46,112,167,41,107,98,-13,-73,-71,92,-33,-11,-168,132,-27,33,93,82,-49,-56,65,35,21,-37,116,-108,60,22,-34,156,13,88,-18,-42,152,47,-78,61,102,-61,116,-29,13
13,29,122,-34,-90,54,7,-65,77,144,269,84,114,-61,157,-31,-28,66,0,-30,168,-23,121,41,-71,-35,111,-3,29,12,99,61,-86,-21,67,32,-16,36,-38,-84,50,180,161,-14,142,168,-146,-159,28,45,-122,13,181,-34,-32,-100,126,-30,13,-77,129,-5,162,61,105,6,7,117,-74,0,67,-63,77,106,56,5,-100,81,140,183,181,211,29,68,61,7,80,74,76,-67,-230,65,-53,202,23,103,144,128,68,84,95,82,130,59,164,76,3,-90,79,-59,-59,90,107
16,10,-11,-191,1,-34,9,32,-76,140,53,10,-122,2,-123,-18,-53,-94,22,-99,-52,32,140,64,-131,137,143,88,-71,-35,21,65,13,6,79,-30,19,33,151,64,50,66,-29,-13,70,-52,-86,-74,-70,153,-51,87,44,-93,67,-6,74,-5,117,-34,-89,-11,-121,7,-87,-34,-121,44,69,-12,92,-11,114,-51,91,-129,15,77,245,-77,-66,-114,-59,16,184,-62,155,46,-147,-113,-55,22,43,43,88,-32,-26,142,-50,-2,-51,63,-109,8,-36,101,103,-30,-90,63,-29,26,-60
150,-152,-95,41,8,-28,-51,-195,-49,-51,92,130,82,-55,-80,-89,-15,40,-168,59,125,-56,237,22,-100,242,-21,-70,-48,123,37,-202,66,287,15,88,5,-59,-78,22,-32,-56,93,173,-82,-45,-2,86,17,66,-38,69,83,-17,64,133,-77,37,65,94,6,-29,-33,-7,68,-176,-194,138,79,204,-132,43,11,-43,-125,180,-87,223,11,69,78,70,-19,-21,-107,44,21,-46,-15,1,40,104,-23,181,49,-138,66,153,-34,-84,-26,184,-45,-39,226,-103,-52,-37,-14,158,42,104,-76
125,108,31,-13,-40,52,36,41,-62,87,72,107,169,198,-22,149,245,88,30,47,212,-10,-4,-89,155,-12,142,23,225,18,-103,84,64,-37,104,68,-72,11,112,84,76,-11,24,172,9,-213,58,8,-44,89,-105,81,81,251,143,-34,79,-83,-28,15,152,11,16,-22,198,68,-13,18,12,-80,-85,85,196,78,-44,18,64,21,-127,122,265,-34,-33,-31,-119,70,124,68,151,42,94,-40,29,73,133,44,-147,140,55,159,35,108,114,45,-87,100,-79,153,-85,42,-55,255,251
99,-68,22,55,86,66,97,132,196,39,26,135,-9,-72,81,143,-24,35,75,-139,39,37,-126,84,-164,-14,141,7,-73,-123,125,5,152,26,135,96,19,110,64,21,8,25,-16,73,21,-14,-87,-11,57,84,-46,-82,-111,-59,75,135,35,-190,35,-66,-113,95,31,-46,-1,50,133,-20,136,103,21,128,52,-5,74,-148,236,88,114,-92,64,0,-33,-65,144,143,103,-56,-89,-38,-258,111,63,87,253,131,-78,95,-61,-9,2,35,-82,183,103,75,-63,-17,67,87,20,74,84
38,-9,-104,-1,-53,39,172,126,74,-37,-22,76,229,39,47,-35,8,-20,178,-54,112,53,90,-149,191,66,133,77,-54,72,-24,31,-99,104,29,-4,-65,-13,15,-120,-52,-48,-33,48,25,50,-65,-55,56,-97,-18,-64,82,151,11,40,111,-120,-25,-370,67,-15,159,23,-48,-67,-135,-43,-69,30,-65,-12,107,178,-78,40,-20,51,-10,293,-23,124,23,166,51,134,20,-12,98,-59,18,91,-85,100,-22,94,143,161,105,1,-17,121,60,-12,131,70,69,16,63,-53,92,36,107
-99,-20,-13,123,-37,-21,149,75,150,88,-15,-61,106,-29,125,-60,114,41,-45,133,50,-15,-112,0,63,99,-6,15,18,59,-31,110,-5,-206,-3,78,-4,-35,-45,154,50,-136,-79,-44,140,147,112,77,14,122,-38,220,-110,-168,14,16,59,37,23,-173,28,88,-62,69,42,68,29,19,-26,-168,135,79,129,24,107,-88,116,93,27,-59,-20,211,-83,26,-51,119,-101,118,-76,20,-35,135,37,-124,79,19,6,248,19,106,60,-35,-7,109,61,146,-60,-49,42,3,-65,-18,258
-212,14,-74,105,-134,-19,33,57,77,79,-16,69,80,59,-9,-207,7,-99,44,9,65,59,-89,-92,-9,212,89,-24,-35,-90,2,-22,127,76,-76,68,-30,24,-90,-56,-85,-68,-90,7,-24,21,-25,3,-111,58,12,170,-144,-16,-23,-6,-195,-11,36,-145,-72,55,-105,139,26,19,-152,128,-60,103,-9,-125,126,-52,-172,19,-43,110,37,38,24,153,-88,38,-39,-31,-43,166,55,52,-94,86,30,117,-19,40,-36,121,37,10,55,37,-23,97,-16,-12,47,13,16,-74,-45,50,35
147,-127,107,0,21,-128,-103,-112,54,31,70,30,51,11,-50,11,-113,109,50,-39,10,-44,-11,16,-89,55,111,36,42,-64,-54,-61,151,15,-83,49,-68,35,-16,-56,36,162,110,-21,248,-67,-121,123,-8,-28,-58,36,-143,80,-143,-3,22,167,-96,127,57,4,42,105,127,94,-73,74,15,-150,26,-67,-89,69,188,69,-41,39,46,72,8,-20,42,-28,182,-6,-13,-87,160,-19,-25,27,-66,-39,-89,-41,149,-56,-24,29,18,162,46,-69,95,-27,-144,135,198,-8,77,-15,155
-3,-47,80,18,-150,76,65,137,103,2,-8,37,155,-101,-105,60,40,36,139,-102,141,-167,-76,57,87,-129,-42,125,-80,-21,43,124,-39,-12,16,-14,64,31,137,56,63,91,2,80,187,68,-38,-134,18,-82,-101,89,123,134,-25,-51,88,80,-87,1,205,-21,95,-20,1,134,16,61,16,-26,93,177,1,-20,18,-13,-106,47,77,-26,-18,-14,-31,103,104,-33,-77,94,-124,340,38,69,-86,-27,5,32,179,79,29,27,10,115,123,-51,117,36,148,-31,-8,-47,-63,-119,68
26,109,74,16,15,58,81,-97,-3,108,23,60,186,32,6,-32,-66,-38,7,-64,131,83,-22,-75,99,87,69,-1,5,0,-14,-72,84,-141,198,123,48,77,24,-69,250,-33,4,93,-97,151,-44,38,-60,63,155,195,162,-23,73,-19,150,143,-100,74,-6,60,63,126,13,-3,-37,17,23,48,93,-24,-25,-76,-59,-60,-54,38,61,-79,-29,21,66,-51,12,61,173,82,-13,-4,31,-50,-43,64,93,13,24,-36,32,44,-34,-108,-62,-55,70,-153,-87,58,151,71,10,-18,-15
-48,23,-21,125,90,-96,-2,-84,-20,129,-5,278,50,-41,30,102,-125,-57,130,-37,59,58,-90,143,-92,162,-6,49,130,59,-12,103,165,-36,78,70,50,-65,37,47,54,54,234,118,-34,-22,83,52,115,112,13,155,-44,58,-32,4,-20,-51,62,54,-36,134,51,75,62,48,-102,33,-10,-36,-22,84,91,-5,147,25,223,215,148,79,194,23,59,-69,160,158,91,-3,77,47,-94,-123,48,119,39,95,39,47,-30,140,19,81,120,70,-39,45,49,48,22,53,-2,-4,93
-82,-100,77,75,-31,13,-31,-28,-68,19,14,10,80,-87,47,51,175,76,36,-75,-23,-67,21,89,-32,-100,75,2,-7,-98,-139,-92,-43,75,43,50,46,81,53,-73,112,100,41,74,-6,-5,-12,29,35,-14,-55,97,3,204,24,52,47,155,-28,54,178,-84,-111,-45,90,83,144,185,-22,-53,58,32,3,-17,88,-40,-106,11,-41,-42,-7,212,-90,45,50,40,29,-63,44,-20,143,13,-104,-1,-12,-72,154,9,60,111,-23,-20,175,59,-5,-210,32,155,3,-35,-12,152,129
66,130,-138,-156,128,-56,73,97,-59,-102,43,-32,67,17,52,-47,-150,-32,-4,56,159,-4,-19,110,215,-137,-46,85,149,110,14,49,-177,-138,134,21,38,-65,-83,-102,29,99,128,125,-83,-95,-53,-62,-89,-60,19,75,124,150,-180,-33,-34,-86,95,-30,138,44,138,-20,-107,-122,60,-157,23,-101,-84,-117,66,-76,54,-58,24,-141,34,97,54,83,75,-53,-29,6,180,-25,114,57,83,12,-28,150,65,5,131,84,275,53,87,-91,147,83,28,-41,-8,53,78,-33,63,-13,-67
112,-150,-14,-23,57,-54,-11,30,75,116,-3,77,-12,-20,-50,-128,-139,53,-50,111,-53,58,36,118,78,23,47,59,-20,173,-13,14,-43,42,35,154,34,-14,-97,-65,54,-34,68,136,52,25,36,-103,-21,125,229,101,17,46,39,5,42,118,-42,-84,36,72,123,-19,-55,3,-81,3,29,42,-57,98,134,-5,19,78,73,69,76,50,-121,30,72,5,-87,31,102,-19,-46,-78,240,90,-49,2,64,93,131,7,133,-74,-128,17,-86,91,78,-18,-37,-65,90,-121,196,32,-146
23,9,30,7,134,110,85,-31,-14,-85,-109,-32,122,-25,44,17,-44,143,64,-69,76,-85,159,55,49,284,72,232,31,131,18,65,26,102,-3,89,98,-101,99,67,-84,-62,197,139,13,215,-170,76,59,3,21,21,41,-59,48,165,98,-19,56,-124,-60,-5,25,4,-36,-57,85,-100,57,34,61,73,113,100,211,-98,126,126,-2,108,71,-110,-32,120,66,86,-66,100,-171,-93,20,124,-30,18,113,45,12,47,37,108,10,-67,132,-74,172,10,-33,0,27,149,4,15,230
-11,-152,21,58,178,-12,124,55,179,125,-22,-103,195,142,-75,-32,77,-62,36,220,-123,105,25,-74,16,-35,2,-73,65,-57,-2,101,14,-55,-37,4,-34,33,-3,92,47,-18,-137,-78,-148,-5,114,-44,30,-92,81,-55,-127,166,64,69,44,103,-67,45,11,2,129,80,100,216,115,-4,97,137,199,12,-1,73,-42,-11,-12,28,-34,-44,17,-63,80,-29,-73,-36,37,-103,12,-58,-82,182,-42,-76,10,39,-17,12,46,-39,10,128,-41,80,-64,129,86,-78,-92,16,70,0,186
122,-45,-22,25,-96,23,-22,-127,17,-5,112,192,-47,122,47,91,16,-76,48,-77,83,-90,65,58,-26,-9,-25,120,-40,-25,-67,-32,44,74,40,91,29,-63,89,28,142,44,-7,143,92,-202,19,-104,57,190,-38,-16,90,68,-46,32,113,28,11,-53,198,127,-20,-155,112,33,-45,58,174,11,-104,-32,117,45,-173,76,-18,63,65,5,-40,105,123,-117,24,-47,74,29,-105,105,-54,148,31,-34,121,64,150,-13,25,36,16,85,-32,34,108,95,-20,38,40,30,-45,-35,77
-79,-35,-79,-45,77,2,98,-91,165,142,77,-19,-105,79,-234,-76,39,-72,181,106,146,11,-261,-21,147,63,-116,-111,35,-104,-21,89,63,-98,151,55,43,119,48,-94,53,-12,-66,39,86,-39,81,23,-58,156,115,-29,-141,11,86,-24,53,-58,-56,-24,-138,71,88,76,46,69,68,69,199,197,-39,54,28,-72,-32,128,23,179,176,-76,75,-169,27,96,-88,5,-44,165,-141,-74,-92,105,91,-152,74,-68,21,0,41,24,47,23,-116,-21,21,73,30,43,115,104,100,9,102
49,21,32,-46,-19,68,-69,-138,-96,106,70,-87,-100,212,100,190,-120,44,25,-47,98,-86,108,8,64,-69,-95,160,26,70,-135,85,88,48,19,150,-100,-31,5,34,-111,-63,79,94,-182,-48,-79,53,157,-82,23,-59,-82,29,49,11,174,124,-78,99,130,84,106,136,129,25,48,-10,47,-48,-4,-154,90,146,-39,-35,-107,-25,-81,-82,-83,37,216,38,-87,64,-24,62,67,-95,31,11,10,57,-55,-24,-42,-26,-42,-34,8,-130,119,-137,49,6,106,50,48,57,-35,126,40
84,-161,95,-109,32,67,216,14,179,53,231,93,-44,-1,-40,78,1,161,64,16,76,-189,-8,24,-7,-111,115,164,82,-98,-36,141,41,46,24,88,47,132,152,123,-8,-24,50,118,8,76,14,-37,-53,96,53,133,-103,24,240,-22,-19,9,-87,-131,30,70,-119,-16,1,174,-38,232,73,20,-14,119,87,-93,80,163,5,-37,134,-3,-138,202,114,-89,-4,-131,129,99,-151,76,-49,25,213,-8,33,14,18,220,-238,-40,-27,6,77,145,-86,-34,59,-79,89,76,-178,3,-12
43,-53,43,4,-17,-46,-2,22,-29,-61,116,38,37,63,-18,98,-72,101,-78,6,60,-71,93,-130,-110,117,96,-12,79,-21,-153,-123,253,266,18,31,-96,6,52,-100,-24,-27,187,6,-130,-117,53,34,141,22,-72,-29,-73,33,185,93,31,120,-104,69,14,82,9,90,238,65,-84,130,81,13,-206,19,158,114,-93,124,26,41,190,-44,71,-238,57,33,126,126,151,-39,83,-8,86,-131,-40,117,-23,-57,-58,-47,23,60,-64,110,85,2,67,47,61,-25,-60,-77,-7,101,64
71,70,92,-140,-56,58,-91,39,-15,-128,66,-34,16,41,30,33,-203,64,-10,-9,-89,-133,39,123,-24,-46,3,-10,39,26,-1,181,33,96,-44,14,-79,-52,93,-81,7,35,5,55,54,-4,82,-163,185,-105,164,114,18,69,-66,-44,28,-53,-25,114,31,-58,18,-84,-23,47,64,-117,33,-40,35,-9,-63,10,2,-71,-80,53,-37,-123,52,-49,31,11,-59,-97,29,-48,97,31,22,121,-112,-17,-36,-74,86,-2,10,-136,-158,31,-58,-124,150,6,14,-27,-20,114,24,65,-76
61,100,170,157,-81,-75,66,-100,-22,-4,215,-87,16,-152,-36,-82,-64,6,-37,88,134,86,-168,-94,-198,54,65,10,47,32,30,0,-63,33,153,78,226,62,171,-57,107,24,87,-24,131,74,-58,-62,-139,124,-102,79,20,-76,-67,-10,-14,145,11,65,34,-89,3,150,-86,45,158,101,54,-60,-169,-82,134,-148,78,17,31,2,233,-29,2,-10,-23,-253,94,-118,128,79,-4,63,-63,-74,-5,-88,-27,-91,69,-9,68,39,49,-30,-70,109,1,-36,-25,-31,123,-106,5,12,93
