7,64,-11,-1,102,-30,49,-23,23,16,39,22,-103,61,-24,-14,93,125,-67,13,51,-25,-20
53,-78,14,-93,1,18,-18,84,-36,4,0,-31,13,98,-67,63,-6,-13,-13,16,31,-21,28
50,43,45,-28,-6,23,-63,49,-4,6,-36,105,-22,34,4,11,101,43,16,-6,50,43,-4
94,5,81,4,17,-45,-51,8,-14,-16,20,-36,22,32,-2,6,-5,-4,74,-66,6,36,-63
-40,-24,46,-6,-48,30,-42,101,-6,6,-48,45,40,85,-45,51,35,-3,35,-24,33,104,58
-76,3,-19,-73,-14,57,3,44,-40,-16,-27,2,8,45,-41,30,48,51,-29,-88,-12,36,1
26,-65,4,-31,40,-43,-34,-14,-36,-87,-48,19,-44,-2,-17,-21,3,37,-74,-60,-18,-4,-88
69,38,46,-25,72,4,-13,55,36,36,63,-8,28,31,42,31,36,0,57,32,76,-72,-18
-48,-25,17,-25,13,-33,-5,63,-49,15,58,-3,13,19,0,32,-88,8,32,28,-8,-61,3
24,2,63,-6,-20,-32,-42,20,-51,-44,102,-22,70,22,-72,74,1,-43,-1,-43,-3,48,27
-1,18,-31,1,5,-16,4,-56,-49,-16,73,48,-30,-47,-9,-2,37,-17,-79,-10,7,-40,-18
-32,-1,16,37,-14,10,16,12,48,78,-103,22,-39,-62,43,-33,43,-24,-1,-10,63,45,-11
-72,52,-29,41,2,29,54,41,-34,0,7,33,-75,-14,61,20,-38,-1,-9,33,21,-16,60
5,-7,14,-34,39,-5,50,-4,60,-23,18,-13,46,10,-90,-39,38,63,-17,35,-2,-24,-73
56,0,62,33,50,-99,-7,13,39,5,-25,-43,54,-84,60,-75,0,-3,69,-24,-13,11,-63
25,30,7,19,31,-42,-6,-41,4,-21,37,18,26,25,-14,-16,36,64,57,-3,34,22,-6
17,55,19,-78,-7,58,-10,36,-28,12,30,-20,-29,51,-70,36,22,52,14,32,10,-6,31
44,-16,67,-16,-21,18,-23,-4,12,23,36,-35,-6,58,-37,-8,-56,13,67,41,20,33,4
30,5,31,-49,-57,58,36,25,17,39,-15,-12,55,95,-61,75,41,14,-36,17,-6,2,27
31,17,62,-47,-17,-44,11,28,-34,-15,73,-46,119,36,-22,81,0,44,56,-7,-4,-7,17
24,-53,39,25,-49,-4,3,37,51,41,-14,-54,97,40,29,-11,-98,-46,107,45,-63,-5,3
71,48,61,-41,26,15,72,-55,59,-2,17,-59,63,21,-10,7,9,62,23,12,13,-17,-49
50,-32,61,-10,-5,-39,-82,35,-38,65,-31,13,30,20,36,76,14,-65,-1,-33,34,-9,18
