29,-81,34,-62,5,-72,35,-9,15,-20,-54,53,-56,-12,-14,54,-17,30,67,31,95,-21,107,44,78,26,51,26,-10,5,33,-13,-62,88,-3,-66,0,0,82,86,45,-19,-8,-4,-126,126,24,16,-41,7,21,-94
-81,-10,-95,24,31,86,9,20,7,56,47,-50,-22,12,14,33,-13,-49,26,83,33,-25,-57,50,73,20,70,-35,60,-104,40,-46,-2,0,-17,138,-79,63,2,55,-103,5,47,-84,23,-105,11,117,3,80,-4,14
53,53,-9,130,-87,8,-23,29,-10,-22,-37,50,0,-65,105,-18,41,125,-39,-60,38,-27,170,-14,64,-37,-38,-1,56,10,-124,62,71,-54,133,4,16,44,-45,104,-1,-13,6,-109,75,31,-63,-138,119,119,38,63
5,22,-99,102,4,83,-19,-189,95,99,34,25,69,82,28,35,78,109,27,109,2,77,129,-30,-17,-15,-21,100,-111,-77,37,98,-32,47,36,59,-2,-96,137,-11,-35,-78,-12,58,60,35,46,89,74,98,0,32
-14,23,-21,90,2,81,41,-17,73,56,32,-6,66,4,118,-46,-16,-45,-68,17,104,14,47,61,72,7,-28,-20,96,14,11,-31,-43,-20,119,54,52,-2,33,-51,37,71,-1,-31,24,-5,-51,59,14,28,-99,86
-66,-29,-103,22,-120,9,5,18,-74,84,24,5,-66,-13,112,18,32,-26,-82,44,-101,-7,61,20,97,-111,-91,-120,-24,41,-31,25,19,-116,18,13,-22,-21,-9,-21,-60,89,28,16,22,-68,-4,-35,-50,-20,-37,6
32,57,-52,-6,-31,51,8,56,14,74,30,54,-25,-7,26,-19,-61,-58,-36,-83,-135,110,68,123,21,-37,-75,76,117,-37,-48,68,-5,-88,27,60,13,92,-40,43,-41,89,34,-27,131,-27,-193,-16,-56,35,-21,68
2,30,4,33,55,129,-94,75,18,24,84,171,-99,67,17,11,-31,-29,48,-49,-2,52,20,-73,111,-62,-45,-24,95,-49,7,59,-82,49,37,48,-21,22,-7,5,-35,-45,-23,14,66,-79,80,-13,113,-79,15,-17
-20,3,-7,-10,107,7,13,19,90,65,86,77,-6,51,43,26,-1,53,67,79,34,60,-25,-63,135,-7,45,11,-25,-60,15,23,-61,70,187,39,129,32,29,-89,108,-19,-73,12,106,75,32,-15,37,42,30,53
93,10,-68,126,51,35,156,46,-31,-5,45,0,10,-106,28,-24,110,49,-46,33,-9,-57,40,105,52,-47,135,51,7,31,-27,80,7,2,30,-59,66,29,-48,43,-77,39,-17,26,115,5,0,55,-13,-48,15,72
44,63,91,-1,114,43,43,-19,108,17,87,-25,20,171,-99,-48,-32,-79,28,-40,4,-4,12,-9,96,100,100,-19,38,-28,34,-24,-41,-2,-8,51,25,49,-18,-34,1,11,-8,-116,100,63,112,-22,84,-73,-33,-5
2,-10,-43,22,-11,48,-23,-15,30,96,-57,-15,103,-50,10,-133,28,130,-56,33,73,45,50,28,-28,-59,-8,-31,72,64,-8,-142,-59,-91,108,13,34,-77,69,-88,-81,16,89,-81,24,103,-53,87,-29,16,-34,60
-97,-7,28,-107,41,-12,40,49,24,-83,107,36,3,1,-1,-10,29,-25,-59,97,35,-44,-108,41,-55,138,-9,30,109,83,104,-2,-36,-23,1,-84,-39,52,71,2,25,13,119,12,-63,13,-99,-15,-45,24,26,-45
45,-26,-32,32,-32,61,-33,40,50,-40,-16,81,21,75,-56,-80,70,5,86,-3,34,-81,16,46,-11,3,-61,-52,-43,-28,59,-41,-9,99,-31,17,-14,-22,36,4,74,-115,47,-48,53,-64,52,63,-34,37,-2,-74
-16,-48,-23,-20,69,37,25,-76,-5,-30,-98,-54,24,-11,-37,21,-119,4,142,-39,-58,45,-44,118,-15,-53,82,-66,10,-26,62,-89,-4,57,12,57,-74,45,-44,47,87,86,45,-24,-20,0,-2,88,12,44,67,16
12,-80,-65,84,48,5,122,90,-54,82,-89,49,156,-90,-17,13,42,-9,76,23,-7,6,-29,20,91,-56,65,-70,-28,-91,-53,-23,-72,85,14,24,48,-16,-128,48,-79,-62,-52,-70,-99,98,-82,105,44,-31,35,-1
87,-5,49,11,38,-53,81,-70,76,0,-33,101,73,89,56,90,79,46,-46,17,53,-72,-107,18,3,74,1,96,52,126,-8,135,-59,53,20,-62,168,39,-99,-128,66,-40,-10,45,64,119,-38,-82,117,25,36,41
147,-2,-21,79,-59,-82,51,-30,56,-117,-87,-26,-19,76,58,-16,65,117,52,2,57,-12,164,-10,-46,61,29,101,-75,43,47,98,50,31,-3,-15,-122,-28,48,-74,39,-82,8,-73,58,7,19,-3,93,96,180,48
13,57,77,17,52,36,-8,141,-66,-28,-44,102,1,26,74,-10,101,19,-17,58,-37,96,-11,-34,-35,39,51,81,92,82,14,-26,71,-86,10,25,-23,14,20,32,10,-103,2,-21,-6,-98,-5,77,-66,-45,-36,-75
6,-1,37,31,-21,45,31,12,59,-30,11,79,8,113,122,-51,38,11,-41,-57,55,35,103,89,43,83,18,-7,98,86,26,-7,15,67,89,-73,-85,-83,86,3,41,51,49,33,-76,53,76,-53,83,9,-35,-82
113,128,48,108,18,21,-19,-170,65,84,87,-78,64,8,57,68,-47,8,-68,-44,49,50,-38,-9,-66,12,8,87,122,-7,5,-1,52,48,31,-51,139,-42,33,-21,79,51,89,150,97,-7,91,-28,16,53,-38,89
30,49,57,-43,-1,-111,29,-21,5,-39,-17,-15,89,32,-18,75,-94,-105,44,30,-37,-24,69,-23,-54,-28,-6,-15,-72,11,81,77,12,-25,-69,-45,-117,-22,-1,33,37,-45,-17,-1,-75,108,-49,50,61,-2,19,0
119,-59,114,-59,-34,-115,29,1,36,12,27,-28,43,-52,-100,-15,-14,42,49,-86,8,52,36,-84,8,40,112,61,52,23,-23,-64,-21,14,-20,-15,-7,5,-78,-51,-80,-63,-38,-108,92,-51,-18,-9,42,-49,-4,57
-77,-25,15,14,6,86,24,-77,-10,59,96,32,44,5,-13,80,11,-26,127,16,0,98,-31,83,104,42,-9,159,58,-4,78,36,45,-27,38,77,159,35,-2,-4,43,11,-62,131,79,-19,61,75,-28,-10,62,-23
121,92,-94,94,45,86,-11,-125,103,20,44,54,-54,93,33,-71,-30,-29,80,-40,-1,2,18,-28,79,-4,82,59,140,-44,11,113,-19,58,116,-47,26,73,68,-2,-13,-22,-8,53,89,-43,35,-70,77,-75,29,17
-53,85,-21,22,-21,42,88,25,48,15,-73,64,76,20,128,52,-25,-73,-51,55,-63,-7,34,47,-2,85,40,38,-18,62,95,16,-7,-35,55,-48,-28,-29,4,16,3,96,-3,30,-2,60,-55,6,11,35,-8,-27
-17,44,70,-66,45,-42,-50,-45,-35,-8,35,-84,115,-22,-53,48,-178,-72,64,11,30,-17,-119,-85,-120,28,-2,-17,-71,22,108,-10,-7,41,-87,-31,-29,-38,-13,-15,89,-14,2,-26,-13,-17,-22,-12,-89,59,9,7
58,72,-50,91,-57,-30,26,-40,74,5,11,-37,-49,61,46,-88,85,-63,-111,60,61,-68,94,28,44,56,16,11,53,39,-60,-5,54,-59,57,-19,80,-18,40,-64,17,56,113,48,59,-3,30,-96,15,-71,-52,45
-56,42,3,5,146,66,27,145,16,-20,36,-31,-64,28,14,-80,-2,-161,74,38,100,-103,-72,14,144,-69,139,-102,10,-125,-39,-54,5,76,141,23,100,72,-11,121,109,-8,-16,-139,-67,106,116,8,-60,12,1,-70
180,54,82,155,74,40,108,68,67,-38,95,43,-18,95,76,-81,105,9,35,-25,48,81,156,40,96,-35,78,76,147,29,-16,54,26,-42,92,-15,3,-19,4,32,62,2,55,6,67,-33,47,20,51,-38,28,-19
99,54,-57,106,-53,90,62,-145,78,96,0,-78,52,72,116,32,68,25,-120,45,56,-30,-8,-37,32,3,-110,55,77,26,1,15,-47,-44,88,-11,28,68,-73,-149,-48,44,6,6,152,-86,-65,-42,22,86,-90,118
133,-32,5,92,-36,0,21,-58,66,-13,97,-75,53,3,13,-67,40,92,-1,64,68,-21,46,-76,32,104,-47,117,53,-43,62,47,-23,-3,-51,69,-29,13,53,-55,16,-33,52,10,90,38,-105,60,26,56,22,10
-12,122,-1,78,-59,51,-68,108,8,53,12,-1,-95,40,70,-23,76,-88,-37,47,6,8,70,-47,12,-107,-5,-35,-7,-118,-118,-2,38,24,91,-11,44,-24,15,37,-13,-22,55,74,40,-82,88,-32,59,-67,-98,66
-75,-62,137,40,76,121,-6,-26,-129,47,45,-66,4,-52,-17,37,-33,69,-13,-135,34,52,25,-72,60,-42,94,54,21,-32,116,8,1,18,-9,88,38,-60,34,66,6,17,-102,33,-55,40,187,179,-33,-34,-49,-111
70,43,-16,51,56,-10,2,29,28,-139,57,11,-127,48,41,-112,29,-35,18,-12,103,-125,26,-19,37,136,74,2,107,65,42,59,-3,-12,28,13,-73,135,15,-13,69,-1,-23,-55,-27,-120,15,-134,23,8,9,-38
80,20,-21,-51,-36,-126,-40,-3,27,14,36,-13,34,-81,5,-12,15,-90,123,85,-54,-46,-12,-68,-3,-10,15,-20,59,9,-23,19,-43,55,-34,64,9,125,-40,-57,1,-25,52,-50,-35,7,-98,12,11,116,113,-2
29,51,59,23,164,-123,89,-33,55,36,82,-85,152,2,51,63,-25,-36,90,78,-26,17,-130,-30,16,-14,88,2,45,59,44,-14,-27,42,24,-126,25,25,-66,-86,-5,-20,-82,-9,41,76,-75,1,30,94,9,153
12,30,17,62,-37,-56,9,-4,51,65,25,41,-53,69,27,25,31,30,69,67,-49,2,21,24,21,18,-19,0,31,-16,-32,71,-28,46,-51,-86,-26,49,49,-54,4,6,17,18,-5,-16,-12,-41,50,88,-5,17
-43,-44,13,23,-43,-5,11,144,-89,152,-142,66,12,-34,198,32,69,-9,0,88,-118,39,76,181,30,-3,13,-84,64,6,-40,-155,-3,103,-19,82,7,37,-7,113,10,33,40,-33,-108,108,-61,113,77,53,-6,-15
-49,64,-57,5,71,102,15,-23,59,-4,40,64,47,76,-21,-91,38,-48,7,86,59,29,3,-14,19,24,-24,-30,54,-19,34,-7,-34,-42,60,111,25,75,49,-9,35,-18,69,-42,55,-4,19,-16,-9,87,-21,16
-30,-56,61,134,78,24,92,-43,-68,26,23,-97,-64,-7,136,15,-71,-27,39,-18,63,66,51,7,150,6,62,50,132,-5,63,25,82,-11,83,-36,65,6,32,64,77,100,-11,97,6,1,31,100,-11,12,-21,-108
33,7,7,-38,-33,-95,-106,103,86,-78,-21,32,-135,97,-29,-54,-83,-52,-58,-11,54,-62,153,-58,10,64,-37,-34,-36,-6,-70,24,48,46,-44,-39,17,24,92,-16,67,32,51,-11,-19,171,51,3,142,-36,20,-63
141,114,-6,29,3,-3,-8,-60,136,-32,-1,44,6,22,-8,-63,57,37,115,108,147,-64,95,-33,83,19,41,84,106,-4,-69,2,-30,-58,102,-74,12,33,75,-82,-64,-139,-16,-84,84,65,4,-62,-12,-1,35,46
-38,-21,49,-14,175,-41,89,45,11,-32,91,3,26,-14,-102,-25,18,-79,54,16,27,-57,-35,-65,37,4,171,65,-93,39,45,86,-8,4,41,-28,93,-62,-10,-43,64,11,-77,-23,80,107,68,21,-10,50,39,-3
70,-51,-36,-10,-72,-18,-19,-60,101,18,32,17,-70,59,17,-83,6,-35,22,32,10,-7,88,74,14,41,28,-2,29,7,33,-62,-48,94,-2,69,-12,88,31,-20,103,51,79,20,-4,-4,5,-32,-34,62,10,-17
-47,-101,106,33,45,-19,54,-51,-90,-92,76,8,90,-13,-10,1,-89,10,17,-122,25,15,96,-24,4,8,-51,19,79,79,70,58,21,-107,6,-35,-82,-32,16,20,33,15,-35,-18,-21,27,-11,56,37,36,5,-3
15,29,-39,16,-30,-116,3,39,-52,-21,66,19,82,-130,40,15,38,24,-18,-11,-135,30,25,44,-39,-109,75,55,-99,80,51,36,71,-23,-27,-30,75,-68,-72,-13,29,0,-45,75,37,-51,-40,82,-130,39,-81,91
-56,-22,-9,52,120,-100,-1,80,-70,65,-5,-31,-31,9,141,65,58,103,-22,44,20,79,-1,69,-13,-68,4,9,-4,20,0,-24,53,43,-15,112,26,-49,60,-2,78,48,2,39,-81,83,37,105,31,137,-1,73
92,84,-79,59,-2,75,-37,4,-81,157,0,114,80,-4,79,-19,64,-15,-17,22,-34,24,11,79,12,-46,-26,-40,28,28,-65,41,-66,73,11,46,148,4,7,36,-42,-37,47,-39,19,51,25,-31,41,-80,-9,12
38,-24,82,24,0,-4,73,-44,-60,-146,55,-16,58,29,-9,35,-68,-35,89,-73,112,-103,-16,19,-13,85,-45,86,74,42,45,83,8,23,6,-86,5,76,-43,10,63,-15,31,24,-20,-4,-23,-33,8,68,128,-4
60,-97,9,-44,-44,-3,7,32,131,103,-23,118,46,-73,-32,14,70,156,86,-52,-41,18,-59,22,111,34,122,18,32,31,-12,-116,-26,150,145,-36,85,-63,17,-8,21,16,0,-66,64,98,40,-19,30,22,103,-12
-82,-3,60,-26,20,-76,85,49,-66,-11,-138,51,43,14,-20,53,39,127,-28,16,7,35,47,110,-17,100,-67,39,-49,76,4,-173,12,-94,-78,59,-78,-66,77,42,-63,-10,-37,-16,-40,136,-17,-17,-35,25,-51,37
8,-2,52,94
