-7,25,17,9,-31,79,31,94,-14,-94,-79,140,-48,-68,60,-25,15,17,-201,-14,31,62,-37,-24,-16,-67,-86,31,-55,34,103,-81,102,30,-76,-65,195,5,10,-5,-14,163,53,-3,-81,19,-27,104,-49,50,61,18,40,63,61,48,-65,76,-81,125,-63,1,85,-62,59,-1,156,76,-35,-78,-110,-38,-39,-139,46,-9,-55,-130
38,-22,139,29,-16,43,44,44,117,65,23,-52,100,-75,-70,45,17,53,5,13,-29,-31,150,51,-82,-63,130,-6,-94,45,56,10,-66,62,2,25,45,-31,44,51,-26,30,159,129,47,27,18,-65,-47,36,127,16,187,42,35,138,-20,51,84,148,13,44,15,104,16,-64,95,49,-20,7,-18,55,-11,-36,-95,-84,95,78
-245,55,9,149,47,101,-21,-170,-120,-35,-94,-84,26,-83,-93,121,-30,37,-121,-20,18,-41,-71,-153,237,-18,-52,-139,-82,-118,-37,-48,253,43,-52,-4,28,102,-75,-92,122,-18,99,-41,100,208,-28,87,-8,-31,-102,-20,54,-179,-29,103,-98,52,-65,-117,14,-63,5,-89,-15,52,-68,19,60,31,-40,-55,46,74,24,20,-1,-91
5,-25,-137,-55,39,32,130,124,-118,-61,-126,-12,-142,-28,-69,115,-52,-42,-93,-43,75,83,-122,-35,-105,-32,-21,-69,-66,114,48,19,-61,-66,34,43,46,-13,-130,62,49,66,-37,93,8,14,70,-58,-40,182,40,16,-5,92,20,3,-70,67,-100,28,3,-16,-12,-74,31,22,-146,-43,70,-55,-47,82,17,-90,-29,4,75,44
-58,219,72,35,158,23,114,103,56,-62,13,5,171,-23,-14,145,44,-162,-9,-82,39,-136,-40,-9,-13,-40,103,-39,5,87,-90,-22,70,-63,-138,28,80,35,35,-25,-38,183,19,202,116,0,-143,25,-82,18,46,-14,-65,-143,67,29,49,10,149,-29,76,24,-36,34,64,-87,8,-17,-67,-57,23,-65,-4,102,-3,37,58,-29
12,26,-110,19,-28,74,100,73,-89,60,-40,8,-61,-72,85,19,13,48,-39,132,80,5,-54,68,-65,29,-12,103,-87,140,60,2,5,8,86,103,-57,111,6,44,-25,-41,105,-13,157,51,49,-63,53,-69,82,-89,7,-16,2,-3,-4,59,60,-60,60,2,54,87,65,41,39,150,62,-23,17,62,-45,26,-19,25,-28,12
-35,14,-13,-12,-3,27,113,-83,2,-23,55,-44,39,117,-121,85,85,28,89,-63,-97,-25,23,-33,101,51,47,-173,-6,-76,-46,-18,24,-100,72,16,27,19,40,-21,48,53,128,66,-38,29,-3,13,97,48,104,-85,-5,21,41,40,26,121,57,98,24,-54,-33,-15,45,61,13,15,97,-40,122,89,-105,-2,40,-82,44,97
-133,-8,16,96,-108,190,82,-53,38,-53,66,188,-19,32,-30,90,34,-13,58,41,10,116,-1,-86,13,75,-18,151,124,194,76,-62,31,-2,120,-28,27,112,76,-66,111,-5,-58,7,-75,1,72,-52,-36,-79,18,-1,4,0,95,146,57,-138,-20,27,-44,-25,-32,-3,36,27,59,35,85,134,15,3,44,-152,-48,3,-172,145
25,36,-88,45,12,172,57,99,13,61,42,-25,104,-3,-27,83,1,24,-56,45,60,-75,-32,-31,171,35,-37,-46,-6,-7,62,84,141,-24,33,176,50,115,89,138,72,98,84,-62,46,58,119,-5,21,213,62,39,34,34,148,98,164,174,65,-6,-88,1,-140,79,76,75,-77,78,7,55,180,37,6,55,1,12,-22,123
64,70,-33,43,74,33,15,52,107,5,76,-81,146,1,-59,40,38,-30,-53,-44,-173,45,96,58,-110,37,-29,-93,-47,101,59,60,45,85,-34,91,65,39,-46,-64,7,99,88,-47,-7,-49,59,68,-18,-31,110,37,-51,-33,76,12,69,-28,6,-7,-24,60,-96,12,-54,-108,100,-81,8,116,-12,75,-64,76,32,28,17,121
-76,-30,-26,-11,38,26,102,-5,96,-160,67,25,-9,-87,57,-9,-95,103,-88,104,-57,-11,60,14,-91,-27,55,55,-81,-32,79,-136,184,46,143,18,-56,80,-105,55,56,155,135,4,60,74,129,23,95,-74,50,-106,-28,73,156,86,148,164,63,37,-30,150,69,-85,-35,19,14,-6,-19,92,-28,42,-36,-117,85,17,-161,122
58,-17,-52,45,-66,-91,77,37,172,98,104,186,-38,89,-57,31,14,14,115,42,36,-11,48,23,-1,69,-63,14,153,106,-11,-59,86,-13,61,217,140,50,30,81,43,-59,-116,105,136,26,-91,99,-104,-138,34,61,89,7,134,8,73,20,1,-14,36,41,20,-37,-65,44,63,9,131,-2,-23,71,39,73,3,40,105,39
9,119,63,46,-54,130,10,55,87,-27,82,30,58,95,47,-57,31,104,161,33,-27,-29,102,-73,-184,64,71,-29,31,-72,-90,53,-83,-160,92,-124,111,-129,7,61,62,64,-53,103,-44,54,-8,-13,-68,100,144,86,151,36,80,123,136,-80,171,124,42,-5,53,86,20,-16,50,170,-23,82,57,-60,70,96,66,-48,-94,111
57,-71,-86,59,71,-82,21,-49,149,-33,-48,-140,123,-91,-15,51,-115,-6,-121,-25,-3,0,59,92,63,-5,-32,-18,-41,16,-10,15,131,-23,36,79,-75,24,4,-20,26,123,24,-125,132,-72,183,-72,166,52,-8,-8,-9,-15,65,-35,86,49,-48,89,12,60,-83,48,-21,55,11,-10,-49,142,33,-82,3,57,44,-56,80,96
-24,91,64,5,-101,51,66,41,-17,-107,-26,31,45,2,83,-13,7,108,32,-57,120,28,-46,7,-9,-79,38,7,-65,-153,-111,60,-90,-28,-54,30,188,-127,5,-122,-48,73,-129,-31,30,93,-38,57,-61,-65,40,55,111,-7,12,-136,-85,-34,75,92,21,-46,57,-7,-54,-48,128,47,28,38,-98,-34,169,-36,53,81,-32,-31
29,54,-19,109,10,-22,-58,59,115,9,40,-1,49,1,24,73,49,-72,-74,35,55,108,6,-59,60,-60,-103,-76,-58,27,42,151,37,-137,-16,83,142,-14,37,-19,-59,77,26,5,69,-174,61,4,-8,132,-8,-58,112,-69,104,23,-67,56,-45,-86,-57,-6,123,-46,-10,68,2,-33,98,64,-17,35,17,-21,-14,-20,-28,62
46,-53,-189,-55,-74,-144,36,95,-66,19,79,164,0,58,-114,-9,164,-98,-99,63,42,85,-28,118,-83,-44,81,-74,75,55,4,-13,56,-93,42,-23,-84,-58,88,-57,66,-25,62,152,-53,-123,105,-194,-71,94,-3,-85,-27,72,179,-66,33,-56,55,91,93,-53,-45,12,152,-14,5,-19,31,-4,-49,-3,-6,32,-23,84,11,-39
-52,-61,-22,-66,48,-73,24,-63,76,78,-38,-144,-80,89,63,-49,30,68,1,20,48,132,-11,-43,-70,-11,-126,49,-61,68,79,-21,9,-100,36,69,40,9,155,43,-7,110,44,-2,35,134,92,13,175,-38,-28,11,54,-66,-21,-7,-107,9,-96,90,-122,10,14,70,-59,28,83,96,10,-23,4,40,24,-16,92,-30,14,34
-36,79,1,-56,-66,57,-42,8,-25,32,75,36,73,60,46,53,-46,46,-62,-27,-43,6,37,-60,-58,-77,42,16,-90,-45,-13,-40,-68,-87,57,68,108,-114,77,-92,-51,91,-144,54,-23,-11,-4,78,-12,-3,133,99,34,-171,49,1,-111,-119,18,21,-40,67,-59,-68,-77,-30,-96,92,-54,1,-23,-2,-75,-21,-34,-112,-120,23
-36,73,-3,-40,-2,58,64,-9,-89,-25,-54,-99,132,40,-196,147,130,-62,-52,-64,89,18,-85,-11,-39,43,41,-36,-15,-23,45,206,0,-61,17,106,-92,165,87,41,28,121,145,170,148,99,12,73,60,66,20,-116,-101,-41,-132,-19,-92,-63,48,-46,133,-58,-71,187,98,-23,89,-104,86,12,-106,155,-45,75,19,218,6,-103
24,73,54,83,95,-58,1,2,145,21,50,-126,3,35,59,-104,67,126,35,66,-13,23,71,-126,148,-20,-26,-164,-176,-165,26,-9,53,30,50,-33,32,-125,37,-54,-5,118,35,-17,32,153,80,81,114,64,52,-83,86,-27,40,-36,-7,202,-74,-17,-13,-17,12,38,-160,179,-37,132,50,36,168,-40,20,193,50,-6,11,-13
-22,39,-14,-40,-110,-23,47,-83,44,-80,23,29,24,138,32,12,64,84,31,-104,54,54,35,-5,-58,18,75,-109,31,55,-7,-95,1,39,114,-117,-39,-97,-27,45,89,32,-87,141,-16,-78,5,-74,-33,17,19,2,-9,147,35,29,-101,11,-16,149,124,-60,121,27,59,32,-27,-39,3,-79,-51,-104,40,-10,152,-40,17,-88
9,85,34,130,53,11,91,6,145,-67,29,-71,99,-109,6,3,46,108,28,21,-34,30,107,-13,14,-23,83,-104,-82,-27,58,-43,148,51,124,66,90,89,-28,-22,59,75,190,3,38,136,27,122,-15,-11,115,4,64,30,230,-11,18,225,48,33,-32,-47,179,-75,-66,-137,135,-23,26,110,-72,69,159,107,77,119,-33,32
-151,-65,74,67,83,58,56,137,107,-77,115,-47,18,184,-71,-92,124,34,-50,170,26,40,-14,-106,-94,31,94,-207,-4,30,86,31,-15,112,-65,13,41,-118,41,38,-100,82,121,114,-160,167,56,169,70,-58,68,52,-22,2,135,-5,74,220,42,51,-34,31,-24,-66,-59,-20,129,119,33,-15,163,32,92,101,130,179,29,103
128,114,23,38,-86,148,-18,18,179,43,83,-50,2,-56,139,62,-23,83,77,-1,-8,63,83,-24,-28,41,31,120,83,22,56,-46,71,27,-27,42,107,-3,45,2,65,37,31,71,50,61,79,126,46,81,70,45,190,26,10,135,21,135,80,130,-30,44,120,-50,-97,-42,96,158,-17,40,-70,41,76,-23,60,-163,44,40
-41,-82,-16,-23,-25,11,111,3,76,23,9,1,-14,52,-39,10,104,165,-34,127,-55,45,-74,46,56,83,59,-42,2,62,-16,-43,115,17,37,20,-95,-45,-11,-105,11,119,109,-32,-60,-20,94,-8,21,-6,-51,-46,-198,29,166,70,49,80,188,102,22,78,43,-15,98,85,128,23,52,-63,105,119,18,-66,69,29,-13,162
152,-34,-103,-7,6,91,79,96,178,-95,140,17,156,94,13,-3,-157,-68,-4,81,-48,-14,25,70,-8,61,-43,11,98,-9,-11,111,138,51,-62,31,60,36,-19,64,-107,-3,-69,60,141,-15,6,-35,-91,185,-1,-57,-29,138,22,-102,95,25,-17,-17,-90,96,-50,60,124,73,-45,21,38,26,-117,15,113,59,67,-33,120,-91
-13,-23,-160,13,9,-18,79,-27,41,-66,13,-63,74,30,-1,-5,100,15,-16,-3,-86,-43,126,-109,-134,113,-30,-92,-49,72,-36,44,39,-94,38,18,-13,30,-30,-12,114,83,-9,125,11,61,78,-13,-101,98,-31,38,82,145,-27,138,47,77,79,257,71,-78,-6,7,31,71,-15,56,40,-25,-17,-43,96,-4,114,66,31,61
27,93,-19,39,-60,49,-46,39,12,8,-78,14,19,71,99,-33,78,132,29,-30,98,-9,51,-9,39,60,83,123,61,127,27,-108,54,54,-3,21,-11,64,147,-11,-32,25,60,-84,-87,-97,20,-38,162,-100,-7,19,-94,-6,-31,-43,-13,-140,-31,43,-90,97,76,-9,-52,-67,66,-51,-58,70,51,-80,125,57,-16,-212,-84,-20
-36,85,4,-2,20,119,35,-139,72,-1,111,-86,74,83,15,84,-1,28,104,-142,-87,-14,8,24,68,77,21,-39,162,81,-171,-19,24,-1,73,24,148,11,-75,-34,-1,133,-44,-93,112,2,-37,105,122,70,56,-38,-72,-93,78,-21,23,51,-59,-47,84,-142,43,-82,-52,-30,-45,15,9,89,-29,38,46,-11,164,-55,60,41
91,46,58,-29,148,-64,112,90,40,66,73,-56,16,-54,-18,107,24,-44,99,39,-102,-109,25,122,83,-26,30,116,53,3,-18,-10,106,-38,-38,10,-108,-44,149,3,-6,36,-37,84,2,-11,-68,25,-157,74,-102,-14,91,-53,-134,29,100,91,165,-88,27,-15,24,-15,101,-24,113,122,70,-3,-50,158,-66,23,52,68,102,-2
13,-60,184,185,11,-13,21,-37,62,33,88,6,71,-52,-108,101,-147,34,104,-17,17,-33,162,-123,108,23,34,23,101,80,-102,119,-20,17,-1,122,-70,45,-1,-48,-19,-64,-88,80,-97,-11,32,-45,31,50,-146,140,80,-73,82,103,-13,-10,87,56,73,68,-39,64,-9,69,52,43,5,1,44,33,24,-44,-73,100,46,37
-40,-101,-141,-21,-82,-67,-98,-127,60,81,51,56,33,70,-150,127,-12,-68,-109,77,-197,-59,-39,-74,24,-17,-77,-120,42,-31,-8,110,90,12,71,74,47,61,-19,202,-9,54,77,50,-15,-143,17,27,2,58,-23,-65,-64,-25,187,203,11,96,5,-8,46,109,54,23,-108,161,-57,-166,94,-22,53,128,-35,-8,-5,-40,-37,42
2,122,37,-24,-74,-55,97,-7,46,3,-49,-12,35,48,-54,60,19,206,31,73,27,89,-12,-6,-65,50,-56,81,95,63,87,41,127,47,171,145,23,92,2,97,0,101,119,146,44,-80,1,85,198,-154,103,96,-144,-51,163,150,-31,-113,71,-83,-32,179,51,43,-54,-173,144,-83,-80,146,-105,12,24,71,-68,-53,-122,25
-3,-70,-178,60,51,0,86,38,-51,55,-60,-60,-14,-11,41,53,-52,-43,-5,-34,-80,93,-36,-95,-4,178,3,-61,47,13,-30,137,110,-40,-10,13,68,137,-6,49,63,-34,67,-18,8,65,40,99,21,51,-45,85,-2,-10,110,70,30,80,-15,7,15,-124,42,-103,-12,31,55,-99,59,-5,-10,152,128,138,-1,83,44,-22
-61,95,38,2,-43,-105,25,35,59,2,30,112,15,-7,-38,-42,-96,-53,-13,-13,173,-65,87,110,177,-23,23,-13,39,-55,-44,-7,-70,14,-19,143,14,9,109,20,-26,-87,-82,-111,120,67,36,21,110,13,-35,-61,-1,36,-25,-123,85,26,10,61,-41,91,2,215,-72,82,-66,57,42,-5,73,-33,46,17,60,-41,72,-77
-93,51,10,-27,38,46,72,54,-17,23,-19,-125,-19,18,95,38,-51,117,-73,-2,-53,114,-70,18,-37,-117,32,108,-40,87,41,108,-56,6,115,-83,-111,44,4,125,28,30,112,124,75,-134,33,-113,-23,109,20,-148,86,27,-5,-4,-159,-4,100,-247,-94,57,62,12,89,-218,39,42,-61,43,-106,235,-104,67,-28,96,-39,-77
66,92,58,46,64,-71,71,0,154,-115,-23,-47,-63,165,61,-21,-75,-41,99,27,-8,91,-150,-99,-5,-14,-38,-88,3,-20,90,44,61,42,-161,83,190,36,17,90,-11,46,-56,198,-47,108,-4,29,-71,-4,47,-11,122,100,107,-77,-110,220,-16,134,-39,103,28,-121,28,9,99,12,84,-64,-24,43,80,-36,8,-16,21,74
108,-134,115,11,-163,19,79,-68,74,59,12,29,-95,47,-69,-20,-33,133,134,30,38,6,-64,57,93,81,-19,39,26,39,-45,-45,-78,16,96,-32,-6,-137,9,37,88,-72,-4,-73,-18,-57,105,7,-15,13,97,16,20,56,196,120,-30,126,54,34,98,-112,-10,-49,45,55,-9,45,16,-96,121,17,-44,-78,8,-53,151,134
30,-15,-109,90,112,9,164,24,-28,56,-8,-40,1,-56,15,-34,97,56,72,13,42,126,51,39,-86,38,-75,-36,-132,3,16,24,32,20,13,66,42,26,98,97,105,46,70,113,25,56,27,80,9,59,14,12,143,-9,81,151,-28,218,124,22,0,-49,66,46,-70,-102,274,23,15,78,-2,182,39,52,74,126,-18,-16
0,-22,98,62,102,-32,-8,-13,73,-69,36,-163,152,3,45,39,-173,-64,126,15,-29,4,14,11,-42,52,-54,-67,10,-47,26,159,-22,16,0,65,22,38,-135,85,-4,45,1,90,21,-12,87,-131,15,7,51,71,65,-21,-47,-80,-61,187,149,-27,1,79,-22,-4,29,-46,110,14,36,141,-119,152,-8,17,109,-70,-39,5
68,155,50,77,-4,72,200,50,-17,-1,1,-69,51,43,31,-24,6,12,-30,66,81,48,-58,101,-26,129,133,-27,-26,-173,3,-57,38,1,-103,69,58,9,90,36,-115,37,-70,62,1,77,-80,-39,29,-114,-48,85,135,-72,-86,-149,-35,88,155,72,119,1,90,72,-14,126,94,112,-79,-11,-14,-19,19,76,-64,116,-68,-5
-52,43,72,-51,-80,166,128,74,44,78,6,-68,9,-136,47,-16,-34,173,-1,28,-7,-33,23,0,-11,86,78,4,52,108,-15,13,-141,31,115,143,4,5,-107,-37,-42,95,-23,-35,51,131,75,-6,53,14,-5,101,-37,-43,15,68,116,65,209,-33,7,50,5,49,-54,2,12,138,46,161,117,86,-58,99,-21,93,-20,147
-8,-21,40,172,72,59,226,24,-4,20,-22,8,-20,-14,0,-10,-23,63,-4,50,97,-57,43,80,26,44,-35,67,-30,-3,106,-57,268,206,11,-73,-22,50,76,-51,70,-26,211,41,96,-1,42,-20,64,-173,37,14,70,-8,73,90,85,106,16,-76,21,-2,29,27,60,-21,205,-13,17,94,30,24,83,116,8,120,-13,-103
37,-59,149,58,54,40,83,-191,7,169,-25,-39,71,1,-38,123,-7,-14,94,-89,12,32,79,89,34,0,262,58,59,-104,61,13,47,37,6,10,-53,33,-37,-103,-5,-5,123,22,-18,50,14,-53,-42,8,17,-6,-16,12,39,-63,66,144,91,106,114,9,141,97,-25,137,229,-83,9,-63,13,90,34,-24,-69,155,-2,142
80,96,-106,-8,105,91,150,185,20,-24,53,-92,-3,15,114,161,-47,10,21,26,-7,136,-19,57,-84,3,-48,16,-88,71,87,138,-16,-6,-43,44,-38,76,163,43,-35,-27,-98,136,-33,-48,-11,-53,-31,44,33,0,181,-18,-18,-10,-78,-51,114,100,63,-44,-95,125,136,-54,117,141,31,-134,-35,18,-74,32,-22,-97,-56,24
-23,-148,-44,-62,-43,62,48,86,26,45,47,-31,-86,-109,37,111,-56,45,-48,164,52,16,56,36,-10,0,-36,62,-90,103,60,48,-10,-44,74,-76,-109,5,65,1,58,-41,-32,2,37,-25,114,-102,84,43,2,-83,113,5,74,-75,12,45,42,-63,2,-53,12,31,118,6,-104,14,10,1,-85,83,-68,-13,-139,-62,-38,24
-168,-47,-6,-103,-51,-35,-1,-8,-47,-47,-44,-15,-51,42,-63,72,-23,-124,-37,-12,-42,24,0,-80,-4,-18,-38,45,19,128,-90,-21,11,23,-79,102,63,129,-4,90,16,-35,138,1,29,25,-95,20,112,-10,-92,-12,-35,-30,-11,-58,-60,-50,-58,70,-3,28,-5,-16,16,6,-3,-94,50,-135,37,-42,8,-58,41,71,53,-3
-1,107,-60,-73,107,-40,57,-36,174,-67,-24,-26,71,67,77,-28,93,-72,47,-90,47,-96,-4,-45,27,-2,10,-18,-4,-41,2,-83,-6,29,-148,8,1,-63,95,10,-70,49,-75,35,-48,19,-90,-29,-122,83,36,62,183,107,-70,4,2,73,-12,142,7,-70,-15,49,-86,150,-15,54,17,-6,3,34,48,7,35,-1,67,-50
3,98,48,0,74,32,74,-86,8,94,10,-106,73,-50,82,124,-97,-28,-4,-47,-3,39,-13,47,84,-4,-132,-29,57,45,22,-59,38,31,-136,100,118,79,87,40,-26,45,47,76,123,170,-73,-27,51,-29,-63,34,140,-141,-44,55,28,179,112,-60,31,-13,18,-53,67,-85,-47,-42,137,126,-14,88,79,-70,-50,-3,-72,-65
56,85,-27,-24,14,-5,91,-103,128,-28,-27,-152,49,-23,142,112,-1,-44,106,9,-6,38,-32,-40,44,69,-9,-24,77,-29,-34,12,17,-8,-15,84,-25,40,-13,-130,-63,113,-66,-35,8,-5,22,0,50,15,-27,62,-9,37,31,-79,115,-10,144,105,-36,82,38,3,-24,2,51,-37,44,123,32,38,94,7,35,44,-39,116
-122,-65,70,-88,13,-57,36,-61,94,-77,-39,62,19,30,-37,25,94,-10,95,133,131,-15,5,-64,-68,36,64,5,29,103,39,-91,64,85,-38,54,21,-4,-14,150,51,49,28,92,33,19,5,-9,8,-25,-10,-91,37,17,116,-166,23,47,-10,52,-21,116,38,32,16,60,57,-129,54,19,60,23,106,-49,41,67,-13,30
26,-19,101,-75,-52,-58,-105,-81,205,-143,-9,-6,-136,61,109,-161,25,79,116,-37,-31,74,-5,-31,-106,-268,79,-1,-33,8,-53,-44,-43,88,101,-47,36,-94,39,66,-49,52,7,-57,-70,-73,-35,30,42,-42,-45,-110,-32,33,70,-37,-102,-36,-25,30,-57,46,150,13,-74,-9,80,-25,-35,-2,0,-19,7,138,54,104,-45,-19
-113,-121,0,85,30,37,19,-12,-8,144,95,13,110,-8,-79,14,-52,40,5,14,23,57,124,57,-36,-53,66,22,58,148,0,16,-60,-6,48,84,71,77,-34,49,55,-95,149,-130,100,-39,90,-155,121,45,37,2,18,-5,160,-83,82,101,-17,-104,-20,35,-2,13,-33,-22,70,-60,23,168,62,51,10,-2,-22,22,-26,115
-13,-105,142,38,-18,18,-16,-6,-14,110,5,-90,-20,74,-87,56,-65,-35,80,44,76,12,-128,61,35,-67,76,-3,-3,8,-1,56,-53,89,-57,90,-68,121,34,187,22,-97,124,-14,54,114,-29,-133,93,49,-6,0,-24,-13,-124,-27,19,67,50,-84,105,79,-19,2,103,-22,18,-79,57,-20,37,47,76,24,-111,104,146,131
111,33,-83,34,25,1,40,-10,-23,-6,-125,-79,82,176,-112,-14,67,-8,-15,-104,32,4,-102,136,4,33,37,-111,137,-4,-36,-103,54,-101,-24,-46,87,-40,-71,-79,-43,-5,14,68,39,-139,-60,-169,-30,-22,117,-110,-34,-12,-169,-140,-10,19,-77,-18,-24,-50,36,-74,101,-72,-18,-14,-23,16,-41,57,-19,-2,22,-61,55,-22
-9,42,-2,-46,113,-57,150,-168,-23,35,2,10,7,-83,-10,158,-32,-32,-30,59,-5,-20,24,18,-48,86,113,-113,-52,-149,-18,-56,82,-16,54,-62,11,-8,-13,-116,-109,82,-61,-82,34,-27,-21,64,-90,133,-3,-67,-93,-37,145,0,2,-53,103,-21,-4,127,-5,68,15,121,-4,64,-66,-81,69,57,-92,-3,25,-65,-1,63
24,-85,-87,117,75,-121,0,-31,57,-118,67,-96,12,-140,113,27,-44,-41,105,-11,-56,-108,124,-33,-26,-62,-77,-56,-117,74,-42,-64,55,94,18,57,-18,219,-71,44,80,-50,18,-85,50,56,-41,-65,18,35,50,98,177,148,88,-25,14,116,84,89,74,-106,-61,-105,61,-77,89,-30,-7,14,-77,10,21,27,-1,-13,2,-15
10,93,38,-172,-113,-116,-33,-50,17,-35,57,93,-39,-114,214,-18,35,-100,5,-43,-14,82,33,34,113,40,6,53,53,48,-14,-39,63,111,-23,43,-66,74,122,71,-18,-44,-51,-4,-80,-32,-19,-33,-26,22,-57,56,47,-3,80,-112,-6,0,19,9,0,85,43,-12,-29,48,39,-69,60,8,-2,29,-120,52,-28,65,38,-52
-22,16,93,48,-44,-104,14,6,79,-2,-55,60,-161,9,73,-112,68,127,-35,77,61,148,0,-8,-197,66,148,-49,-104,57,72,-110,-68,69,99,-167,23,-96,1,-82,15,3,-8,-63,8,6,77,-20,-42,-126,4,-48,3,113,97,-25,-22,-23,-36,65,15,45,38,-38,-56,51,12,16,-14,-63,91,23,81,50,-39,-31,-3,119
-88,34,87,74,47,29,-13,42,16,38,-121,27,54,127,-114,12,-34,-64,-169,34,97,12,-31,-56,1,136,20,-1,120,39,125,153,97,-56,-39,-43,-49,-23,6,70,-82,171,143,147,-11,-65,66,-5,-12,27,-39,51,-98,1,90,83,33,127,-25,48,-19,35,-17,111,107,139,-37,-54,0,-58,27,86,26,9,24,64,-28,-75
47,129,104,136,20,193,108,25,40,77,63,-5,63,-16,65,115,12,113,119,30,-3,-147,1,4,0,51,17,74,9,-38,20,-60,105,251,68,-27,25,63,22,29,38,151,22,119,11,-27,-85,150,19,-49,30,35,-2,-50,70,261,133,-12,213,-41,8,138,50,41,29,-146,157,-25,-132,55,151,43,19,58,-71,32,-20,49
-49,118,-8,-43,-6,122,95,42,115,-39,25,106,72,45,-15,107,55,-18,40,15,100,-25,59,40,-43,-121,0,31,126,155,-29,-31,-115,-53,-44,77,147,-46,-77,6,-42,48,-2,-67,148,-33,-45,-69,-96,147,-28,-164,48,71,56,14,117,2,46,65,-125,18,32,84,26,-30,-29,-39,57,34,47,8,153,-156,70,63,60,-18
28,-88,103,48,-87,197,106,5,-50,11,52,75,20,0,-50,100,-94,32,78,-12,-70,35,51,4,117,-66,49,223,-86,-78,11,87,-34,89,103,68,49,44,-10,-73,-72,-76,0,-26,-33,-140,41,38,50,102,131,-113,103,-42,-76,-98,-75,-13,53,25,-35,71,-16,18,2,77,136,70,81,-20,39,137,-60,-123,-40,80,-41,49
-23,1,119,219,-89,161,-39,1,102,107,81,-95,65,32,-53,122,-96,100,-73,18,25,5,128,-16,28,88,89,-17,126,62,83,104,-26,83,84,-73,34,53,35,-74,-42,-48,119,16,-38,-91,114,-91,84,-79,-12,-49,104,-35,68,20,-19,92,-3,-6,68,-40,96,90,-12,28,6,3,-62,4,14,41,36,87,-70,-48,-75,22
103,-41,-8,39,-56,56,13,-55,26,154,-25,-14,106,12,-206,86,-123,10,-5,-56,-93,-88,11,42,-61,96,34,1,114,33,-15,138,-27,1,53,71,16,72,-65,-48,-63,-51,164,34,84,-17,70,-36,22,60,187,-20,-92,-48,86,-14,97,-13,157,-113,68,87,-81,53,-72,-53,83,-119,57,-25,55,111,5,130,-33,22,132,28
-105,2,-71,98,-43,70,95,-48,29,19,-30,-33,-35,-26,16,88,0,11,-24,144,-35,88,-19,-31,33,259,42,-49,58,-26,60,-96,48,9,-20,-75,45,70,-178,-8,93,-51,80,-48,61,113,129,86,27,63,107,15,154,98,124,-17,29,22,-22,88,-60,-8,50,-72,-7,123,13,76,55,48,-12,96,77,-115,7,-99,17,119
51,3,19,-1,-86,-51,181,50,4,98,33,35,-45,3,119,-14,-82,26,-9,25,13,-25,48,24,-4,140,-56,165,-79,-84,-26,5,19,-44,-27,-71,77,-44,105,-27,95,86,41,-17,15,16,52,-15,159,74,45,83,102,16,-60,186,61,59,122,-23,106,32,78,10,-24,100,5,26,-19,-97,-2,-35,-1,8,-39,13,-37,2
26,16,-59,49,-27,-9,94,119,-121,44,97,109,-5,154,-11,51,-54,-31,0,24,47,22,-21,10,-13,58,-61,195,-74,-38,14,-12,-2,6,20,27,-67,56,-8,125,47,28,10,-14,22,-122,69,25,21,133,43,-13,-157,83,69,92,71,3,217,9,-70,89,-29,86,112,118,23,-39,42,-153,177,19,-46,-61,-1,2,20,-32
-85,-20,38,76,-35,67,26,137,14,-10,-124,-84,-18,-26,-37,24,30,47,21,-17,144,-22,-19,-128,-74,7,7,15,-159,-50,11,60,-60,-61,48,24,118,-34,45,-69,172,102,-102,-14,-5,-5,60,27,24,3,45,71,174,-70,-66,26,-78,-49,77,-24,-22,-125,107,44,-32,2,84,43,35,62,8,-63,88,172,-123,11,-113,76
4,-9,34,-2,-8,-74,47,-101,-10,-34,38,-13,-14,40,60,37,2,50,6,-67,87,-55,76,158,-3,1,-15,-23,-15,-101,22,-4,18,-23,152,64,-103,22,2,-58,-1,-7,-71,-103,70,92,9,-13,18,-31,115,40,116,39,-22,-175,-36,7,95,-158,21,-17,54,39,-83,-97,120,60,89,-9,-78,183,-12,100,18,91,-22,-55
-9,13,111,70,92,-57,86,-94,112,80,30,-128,64,-168,59,53,-32,-39,97,-62,55,-7,30,133,57,10,59,-106,-14,-40,11,108,-76,34,-90,80,-18,116,21,-66,16,-93,-7,-88,31,22,-17,-162,62,21,71,80,119,-19,-63,-165,19,-60,71,-127,96,79,44,67,35,-229,132,-115,33,132,-131,-15,13,80,-31,20,9,122
-24,9,-111,-126,-45,99,45,-1,103,-28,71,16,148,153,67,8,49,-48,-58,-87,-4,30,25,-32,-3,0,44,98,2,0,-9,-24,126,39,-24,20,71,-13,125,-45,-50,103,80,-77,-9,-98,63,-8,-26,40,1,-14,46,27,-5,-127,23,-14,-60,17,-22,-20,15,-22,-61,93,79,43,8,79,-50,70,71,31,146,40,29,-7
-95,7,50,-20,-16,153,114,-28,-33,61,59,60,31,1,-49,30,3,-24,124,-67,106,-23,-5,38,120,44,34,25,102,-29,-73,49,-52,49,-54,176,-13,-82,-71,-38,76,-11,-21,93,-12,19,-38,-39,37,-31,-18,41,55,26,25,39,156,66,134,24,116,-21,-30,8,-6,63,-51,-65,69,48,178,-14,-26,-86,-50,225,15,197
43,39,22,36,-23,53,-42,159,190,24,23,93,21,227,-33,-2,40,-45,79,36,135,56,-134,41,18,112,57,145,125,122,-8,21,28,47,-12,10,-69,68,163,62,-27,-6,17,136,8,-17,-8,4,-53,-56,79,-38,-20,6,27,-38,30,16,37,50,71,-43,-77,106,94,17,84,114,-48,-210,-35,75,55,117,5,-29,207,-9
78,5,24,126,9,87,177,-3,54,47,99,10,-33,29,47,79,15,16,-26,89,57,76,8,89,117,-9,42,52,107,81,138,-98,171,188,47,117,16,131,122,66,1,10,40,11,81,23,-64,62,135,-86,35,-132,52,63,-12,65,43,169,-24,-57,-91,46,15,-67,42,-156,144,99,48,132,-28,80,12,1,22,13,-42,-116
-49,-24,10,-78,-36,13,-96,83,132,-29,-86,205,-79,-7,7,-120,23,16,19,-32,-94,-91,35,-130,-43,-70,99,3,-125,-85,0,-23,59,68,98,-30,9,-50,34,181,66,209,13,109,-199,5,-43,125,-45,64,70,55,8,33,142,167,11,-50,85,91,12,75,65,86,-59,70,20,-49,-112,-141,80,45,-93,147,-65,54,7,6
0,50,113,72,69,4,55,88,12,20,130,-165,-71,-40,81,16,44,125,95,74,-66,48,62,49,-84,-15,-30,32,-162,-95,58,110,-92,79,169,-74,-88,-46,43,-51,-19,72,29,214,-43,-65,100,70,14,28,-63,-91,54,-60,-80,-9,-112,45,178,-100,64,75,98,37,40,-99,139,64,43,53,9,147,-70,113,124,173,-118,97
4,-18,-27,46,39,-31,-16,22,-12,20,-72,15,48,-116,112,-23,8,91,-25,63,160,-5,-30,-29,11,25,-30,-171,197,7,79,-22,-10,28,127,-40,-73,52,-79,-6
