-28,56,4,22,-4,29,-39,51,71,-2,-22,113,38,104,77,-40,5,22,9,-16,-29,8,-53,-7,-95,-18
6,3,49,10,-67,-24,-79,-67,-6,47,3,-39,30,103,74,5,7,36,-50,-39,-4,9,-53,5,41,-86
-33,53,-22,66,17,74,9,-37,-1,19,-27,-63,-7,3,18,18,-78,11,-52,-1,-15,42,-22,-21,68,-121
-25,1,49,34,-36,-49,-119,33,50,-3,-44,10,0,34,52,8,1,-7,-23,22,-8,25,-91,13,3,-30
-76,-5,-47,-18,-19,8,91,0,18,-73,55,-74,-16,1,-29,-26,61,67,15,-47,2,9,85,21,26,47
23,-15,-31,28,67,54,-16,23,13,15,60,-3,24,-27,36,-13,-34,39,20,56,-64,2,-4,-8,53,6
-57,59,-4,32,56,20,5,49,-33,36,12,-60,62,77,-32,49,48,11,40,58,-64,7,45,19,92,13
-6,1,78,-4,-14,-33,8,14,16,-47,50,-30,42,90,61,-15,104,41,22,-52,-55,-7,8,-20,66,86
63,-71,22,19,4,11,-47,-22,-34,30,-54,11,-22,-61,101,4,38,4,-114,-3,7,67,-43,5,-20,59
0,1,46,-11,-36,-14,-64,-55,23,25,-14,16,-17,33,9,22,96,20,-3,-7,-26,47,-75,-25,-13,-5
61,78,56,42,48,37,26,-10,27,-30,80,-33,66,-3,-10,22,-39,-11,32,9,-14,38,0,26,110,-34
-20,92,8,10,-22,65,44,-50,38,-10,59,16,47,31,10,3,12,72,-3,-56,-38,-27,-10,-58,7,-20
-60,-26,-22,-32,32,-3,41,-17,-1,-19,25,-33,8,58,-48,-20,74,23,24,-12,-34,-15,84,31,10,26
32,-6,8,21,-44,25,20,18,-27,87,-6,66,12,-22,11,-2,-44,-21,18,-6,10,-15,-44,-12,-29,-11
48,14,56,4,65,-23,-5,-6,30,-46,0,22,-9,22,19,39,51,15,25,36,7,29,-26,37,-9,62
34,23,2,-9,31,40,15,0,-27,0,89,-39,46,-11,32,-34,36,-35,-47,-28,11,18,63,-24,50,65
-25,19,17,38,35,-34,10,40,31,-48,-9,-48,48,28,-5,69,-8,15,34,49,38,54,-20,32,80,32
40,-64,-41,43,81,30,50,58,-30,27,-12,-21,61,-20,36,-5,-56,-9,-53,59,-79,41,24,46,56,0
3,-56,-5,1,17,-31,42,33,59,-1,6,3,-4,78,37,54,-9,-23,-32,35,-59,47,23,54,63,-35
24,10,40,-15,9,-8,-48,18,23,64,24,20,55,74,-23,14,28,-31,-29,54,54,47,-66,46,-11,45
-23,22,15,43,35,17,-31,-10,-4,-31,43,-59,-41,-18,56,68,21,-40,-74,5,14,49,83,34,112,-5
22,45,54,57,-1,6,28,-3,7,-11,-2,-60,33,46,40,67,-54,-18,-45,-1,1,-5,-22,-18,78,-61
49,-26,5,-10,-25,15,-105,30,-33,30,69,16,-37,-9,102,-18,-3,-44,-62,-10,5,29,-12,-21,25,-4
40,32,-69,-74,-11,31,49,-125,68,62,45,-72,-20,15,-16,21,69,-9,-38,9,30,93,-10,-79,37,5
9,-37,-18,-5,10,54,-31,0,-42,38,28,-52,-9,25,77,-28,87,-13,-120,-25,40,64,9,11,-23,64
78,16,-1,10,17,30,63,-29,-57,-38,68,21,36,-52,37,-5,31,-13,2,-64,-60,-48,139,-46,49,23
