-8,-32,45,30,-3,199,119,121,26,155,101,-36,83,-67,6,210,59,-73,94,51,123,54,-96,-33,-20,54,-26,-179,122,81,78,61,123,66,-24,71,-19,-131,24,99,-54,-18,75,-59,5,162,69,54,-163,107,14,-94,-51,69,-61,-33,-46,17,84,168,-19,-42,176,14,134,-43,79,148,11,-56,-2,97,93,-10,-41,-96,-23,188,87,-75,-3,-32,-23,153,100,22,73,32,67,100,-56,5,33,40,-91,-95,106,-51,63,-84,-157,72,-66,-88
50,29,-25,-9,-32,47,27,112,321,-99,1,-53,-105,78,-50,-42,91,-15,97,-88,-44,64,29,-37,38,56,-12,-28,-38,64,52,12,6,150,59,-72,20,-145,29,-54,85,86,34,44,-85,83,106,21,-60,-64,-5,52,-54,53,-36,171,0,52,47,2,-44,-137,-45,-2,-93,21,117,247,46,-27,-33,237,24,79,-55,7,-115,30,59,-20,-93,-143,72,-102,128,116,6,-50,-12,-31,-36,69,165,-18,26,56,95,-90,-72,50,-53,5,81,143
-127,22,28,109,-99,-12,-2,59,1,121,0,32,26,-35,199,268,-34,-80,8,73,97,169,-97,-132,13,-6,62,137,88,87,24,91,124,-14,-13,173,67,38,-7,110,-46,-88,92,-4,19,-15,109,-21,-59,-57,143,62,-4,-75,36,-60,-125,-121,35,15,-43,179,-19,29,-15,171,-139,116,112,106,89,-206,-8,105,-9,-5,-124,15,148,-91,125,-19,30,-54,-82,-30,52,-131,42,27,189,32,92,-18,-61,-6,-74,-59,-34,57,4,75,39,173
132,-106,120,-159,135,105,168,-211,-64,96,-53,77,127,97,-24,117,50,-68,26,137,-64,-100,-11,134,261,244,-86,24,139,66,63,209,-27,61,73,-93,-13,100,208,-54,-123,-22,-13,10,-98,-96,165,-123,-156,42,-84,32,65,128,17,-9,-61,102,242,105,-77,119,90,-104,83,183,21,138,105,55,38,38,76,129,8,71,-91,36,96,-62,2,134,9,-16,-3,11,207,-13,107,145,47,-23,213,-53,208,-18,199,36,32,-47,-32,104,52,90
2,85,111,56,-6,80,48,47,-82,-25,3,22,-50,105,-2,121,78,5,22,17,88,144,4,-12,-102,132,-35,166,149,9,-31,-128,121,84,-135,200,143,20,-177,159,-57,43,-9,-12,-38,88,40,22,-15,63,158,176,67,-74,49,-20,46,-42,81,-146,54,289,61,79,-73,45,128,4,102,-63,-58,-42,-7,45,91,70,-12,222,40,-231,11,-155,-11,5,60,-24,257,-85,97,24,154,120,31,29,-31,25,20,77,129,35,157,37,8,35
-46,13,-88,69,117,-20,91,-225,149,3,-15,60,0,139,26,-45,-113,117,57,-10,3,-146,77,54,20,8,-58,52,127,44,68,15,-23,-111,145,69,110,57,81,123,19,-53,-112,40,107,-41,157,-55,-41,-90,118,-111,24,141,5,195,47,-3,-64,-76,-25,3,35,5,6,63,26,-40,37,31,55,72,-134,160,68,-130,54,219,-34,73,-22,-15,217,44,20,93,74,-34,21,-47,189,12,-8,-23,14,127,-7,-101,51,-41,-44,39,131,130
183,32,26,113,7,114,53,2,33,-11,49,37,-13,-134,-153,110,29,133,63,-139,-47,106,5,5,64,-13,20,54,12,91,64,18,68,-67,84,-22,-122,-51,-56,-51,-48,-74,-88,18,-86,-1,-40,-40,-176,142,254,165,43,117,54,-11,-3,36,119,46,39,38,225,-169,81,43,26,12,89,-51,-106,17,-29,11,73,85,-18,-17,30,80,-62,-26,-48,-39,200,-122,1,-55,-30,24,77,-98,159,-27,175,115,-85,60,1,68,-17,-11,74,125
83,180,79,-88,-64,109,-32,185,55,86,-151,-29,175,-74,14,7,75,-63,-102,81,109,39,161,83,36,108,-6,74,83,29,27,111,14,-138,61,82,7,-132,85,-48,245,117,-25,112,19,-45,-6,172,-1,213,1,63,40,120,69,-67,48,-101,105,78,109,-109,-92,175,-89,33,127,73,185,11,-98,104,45,128,-45,17,-151,-44,-79,27,-18,-48,81,18,-37,131,72,20,-4,75,-189,110,102,110,-47,180,23,83,90,57,-84,187,46,152
15,90,66,0,101,12,-41,141,63,123,27,-55,21,195,-78,-55,143,233,-95,4,14,29,167,21,-18,71,-59,-35,-94,23,16,-19,31,-3,108,40,11,-50,2,248,14,52,152,-104,-12,63,137,-32,-61,-2,10,22,78,99,32,-3,85,168,105,-29,69,72,-45,65,53,94,199,76,-8,39,55,110,102,34,-12,97,108,181,-53,-77,93,80,-59,13,4,-34,14,7,91,-39,46,-8,155,63,-43,46,131,35,0,78,-27,-1,121,68
230,130,118,46,30,64,14,-53,132,79,10,86,45,165,-86,-104,62,33,63,113,-234,9,71,130,155,228,-59,7,-37,-86,-80,104,-53,36,71,2,-59,23,116,-52,91,152,109,-47,3,-4,46,49,152,-83,-86,-8,30,145,89,-92,94,17,-54,-51,20,6,-140,86,35,-46,75,-52,23,116,-58,18,-38,45,82,10,33,-70,-88,-130,94,59,43,-81,52,-14,55,94,11,227,35,-43,58,178,-121,123,110,96,-10,53,-14,55,-98,7
91,-43,-11,162,-158,-66,-71,-92,-30,9,157,-4,-2,-38,35,-61,-33,-102,57,-42,-127,36,-116,-79,18,29,-23,19,163,-17,106,-3,-13,31,-31,104,-73,-211,134,10,-148,145,54,-79,-30,-131,75,7,44,17,-19,37,37,-129,121,-96,-161,-5,-51,52,34,6,49,74,48,27,-23,54,28,8,8,-40,86,6,95,-31,-123,71,-21,-16,1,59,26,23,141,-174,23,57,25,49,27,-66,-39,-148,-77,-13,-105,-38,-36,65,-36,-70,-143,-190
123,74,88,-7,118,24,-152,70,-56,118,43,34,37,27,74,-14,-55,165,-172,88,84,37,134,27,52,-49,-29,148,44,22,23,-23,-80,-114,74,60,42,-13,13,58,67,50,67,-34,142,-86,-15,-27,28,-33,9,61,-35,-28,99,130,-23,6,22,-27,105,-22,115,109,22,18,-36,-203,1,25,35,-76,-36,67,110,45,27,-171,-272,43,-13,13,43,85,-16,-6,-74,-38,27,-9,85,-28,-134,32,-53,-97,99,-44,284,52,-48,-62,77,-62
62,192,67,118,37,114,-24,-19,81,10,3,-88,-91,-4,-10,11,65,66,232,210,67,-80,68,99,41,13,38,51,-15,292,66,52,82,109,119,121,62,71,85,166,55,-25,-82,-76,62,79,102,87,57,130,202,33,122,108,11,232,79,157,-107,-78,24,13,166,-46,108,80,12,-123,103,-16,20,290,-140,27,-16,15,73,11,-117,78,-38,-33,2,26,137,88,34,23,101,201,59,169,86,87,21,-89,127,106,117,68,2,-12,10,50
-96,-100,27,-163,-70,-146,60,70,-130,24,-34,62,-37,-17,-11,-55,226,74,86,179,38,62,-80,80,66,59,-150,123,167,-7,-69,212,37,27,54,153,-18,44,12,-106,-156,70,-39,34,-73,120,89,-155,-157,43,-84,53,-132,-53,111,10,-37,-24,301,-40,-75,179,-40,54,146,-78,-26,72,180,37,-14,151,15,85,7,194,7,93,25,-11,-33,96,74,-27,-114,-29,39,16,63,-8,115,74,53,71,-17,-43,148,51,-130,26,-40,-12,-34,-81
102,98,25,33,220,73,80,-25,27,8,48,75,28,149,108,138,140,77,-46,150,90,86,276,150,124,98,-47,66,21,34,-86,106,-65,-23,-43,-18,14,84,-4,152,52,-30,71,75,58,-161,80,-29,31,-93,40,146,-32,93,93,35,153,66,-31,-44,79,48,24,15,12,26,58,26,-35,39,-94,-7,51,-101,2,10,170,117,-66,16,-76,42,88,-55,63,141,153,22,150,83,123,-16,-5,340,128,210,118,159,68,-156,-20,145,142,-11
7,-55,45,80,61,156,-97,-16,122,85,68,112,-4,-68,78,277,8,-124,80,77,88,67,-52,2,-70,-13,221,135,64,245,23,-42,17,18,77,127,-14,-65,-54,25,-79,162,124,60,58,50,11,85,-37,-52,110,46,95,21,-52,9,-4,82,37,181,88,102,49,-45,18,131,-72,23,29,16,121,14,-10,48,-49,76,102,46,41,-182,-39,29,-19,84,46,35,23,0,105,148,-18,96,121,79,46,-161,54,59,49,68,-28,26,-14,-26
14,-49,12,-67,-170,209,112,92,-67,-15,116,89,38,102,70,189,87,-46,-93,-14,-29,211,57,-15,-118,193,17,-57,30,42,-37,67,-43,98,29,50,-44,-35,-43,84,35,-58,178,20,-1,99,145,67,10,62,84,137,50,-66,-37,-87,63,78,154,10,-27,37,50,-71,73,12,68,231,-89,-89,-74,-13,78,-10,49,87,-60,52,266,-259,115,-1,-113,-24,101,-126,147,59,76,-10,41,-106,98,157,51,40,33,99,-110,-112,83,195,151,94
-51,91,-15,181,135,50,59,175,44,157,39,-36,44,-9,-52,54,73,83,-31,-23,81,26,-9,130,20,54,-139,-179,-147,-130,-25,28,-63,-111,25,-62,-111,23,81,11,118,-82,140,-59,-57,18,-89,-31,-47,23,29,-84,-117,84,58,-61,53,-53,-16,30,49,8,25,14,-12,-39,119,-45,-40,1,67,64,43,-15,-87,133,208,9,112,167,-23,50,20,-75,33,83,55,-2,90,11,-47,6,-95,181,38,63,28,41,-73,-116,-9,20,11,-31
19,-79,113,103,-6,77,51,-84,48,0,72,-18,128,112,-94,207,41,-117,107,105,-26,-39,-100,-82,123,-59,12,-133,37,-78,-12,-37,-12,40,-16,-65,-56,86,38,-20,-77,27,165,27,-7,-32,134,32,176,21,-63,8,-58,-56,76,48,14,-59,-84,-141,56,217,-71,62,-95,47,-95,93,-73,-26,64,-143,-6,-56,87,-123,89,209,90,-70,-43,17,-18,-118,16,-102,173,-137,-70,117,162,-30,-89,109,169,156,-31,-138,-108,-6,73,93,38,-45
106,-36,35,-99,-193,-4,-27,126,-7,49,80,240,107,25,4,69,-58,84,-4,43,100,66,37,38,157,82,9,45,7,-113,-81,94,30,-19,5,-6,-206,-69,127,-111,-106,102,59,-21,-122,-114,41,-25,61,72,33,31,-152,-90,73,-46,160,-111,41,31,74,60,33,-15,28,-42,36,225,-27,133,42,18,54,136,71,66,-73,-6,73,75,80,9,-42,-37,-90,44,20,-41,-69,211,84,-112,57,10,261,45,168,93,5,4,205,24,-26,149
64,17,21,-72,-53,81,136,69,44,-43,-93,14,49,-40,-27,-11,53,55,6,205,-4,88,-62,-28,27,-65,-18,-45,121,20,-143,92,97,-53,103,-4,74,-46,-85,-103,-20,18,42,98,-16,-53,-38,-193,-28,31,107,-33,-108,114,21,184,122,25,55,95,12,-40,104,-39,106,31,-131,26,-4,-75,-59,-10,21,-60,-67,127,-32,79,24,-44,-26,15,65,-89,-28,16,-12,58,84,69,-11,-29,31,87,176,11,86,79,10,-30,75,-14,86,-29
-10,13,-5,71,31,120,61,-44,-16,86,-80,15,-27,30,-189,-73,36,-198,141,30,-101,-20,-39,-45,-16,147,135,103,-16,107,-27,-49,97,-14,33,55,122,15,-12,-226,8,64,26,-80,90,64,-50,-44,107,3,-51,-38,-42,64,-102,-7,-107,-102,-2,-64,-90,-11,17,48,-41,35,50,33,-25,22,100,35,56,64,71,9,-61,93,123,-21,1,18,199,82,-104,13,-39,-5,-88,39,-43,14,80,2,-75,-61,-127,75,15,107,58,-51,4,7
172,-54,-59,-69,-29,-17,118,155,-19,131,-28,111,-102,103,41,164,46,98,125,3,84,144,-63,-61,-127,220,57,11,191,192,14,53,162,10,81,81,68,-98,53,118,2,7,39,-200,112,165,139,103,127,28,182,47,176,163,91,14,100,76,63,160,-56,-29,124,92,13,-77,33,86,54,67,-41,16,142,86,48,213,-14,73,76,64,114,84,-15,67,-74,9,96,-8,-53,97,99,-68,122,82,80,50,44,62,66,1,164,145,173,48
26,-141,23,-66,159,131,29,-117,-28,34,-14,17,131,-5,-39,93,18,-27,-41,88,9,-19,-72,7,-59,125,-14,-67,114,93,76,-137,-109,129,-47,116,142,-62,-48,-4,-73,50,-39,41,229,-160,-46,-9,-76,-50,28,-57,234,26,82,45,93,6,103,210,-61,-26,76,40,-5,56,129,-64,-101,-35,-10,-77,3,-39,180,-64,-69,71,-45,-123,15,-58,42,99,-15,86,152,-28,163,-58,71,-51,74,-77,164,189,90,-69,146,17,-11,79,12,13
15,-46,-45,-46,83,-116,51,-145,25,14,-9,26,62,155,-78,69,10,30,-79,6,54,-114,42,23,59,138,-156,-21,135,97,143,45,67,-67,97,40,-14,127,62,-64,-2,23,-123,44,74,-77,56,-3,144,144,140,-61,50,74,45,20,21,-101,25,-37,-33,-25,140,1,-14,-150,121,-103,65,-88,110,-81,-146,-55,73,39,42,56,25,-20,30,82,84,88,-40,44,23,20,192,61,79,-64,-69,17,104,4,8,31,15,-77,18,67,-154,-103
80,21,-146,-260,109,103,128,-6,44,61,-138,-185,49,-22,-132,-25,143,213,-65,129,43,132,172,67,-41,44,-64,129,45,-17,-36,-17,-79,-84,98,55,-34,1,-90,144,39,-72,143,-52,68,-27,-28,-61,4,-24,-111,9,89,164,22,112,15,30,2,6,-59,37,-94,128,52,28,-18,-70,-15,211,-6,-9,34,-4,29,162,113,-78,-136,56,49,187,73,-61,-84,57,174,88,-102,-164,62,-63,-33,249,57,93,43,49,4,96,-35,-24,72,-102
-60,-56,28,4,-69,-33,-161,-81,29,107,6,21,-55,7,-121,-91,-71,112,-22,-56,51,-12,-47,-135,-160,-40,169,87,4,-40,-192,-162,-3,-27,33,82,179,-49,-58,158,195,48,26,91,65,5,36,-13,0,-50,-39,28,47,-169,-69,-116,23,-132,38,-60,-67,-2,-72,76,69,120,92,135,-139,-124,-61,27,-6,-58,64,-114,-33,-55,-43,47,57,-230,30,16,35,27,-109,-156,-70,83,-46,28,-21,-37,-147,70,-52,82,-87,165,106,17,36,125
66,-110,64,-62,34,93,-56,25,-54,170,-52,116,-36,-18,80,63,35,-71,-30,-102,66,38,-20,95,-77,36,-79,-53,-50,-26,-13,-72,-78,-94,-5,128,98,-47,-15,-35,56,18,-74,141,-42,49,-52,101,150,15,30,-98,78,140,130,69,-22,88,238,-46,-19,-51,15,88,8,4,66,74,50,-107,-51,-54,31,-119,168,44,2,-7,194,173,24,93,-130,122,-51,42,170,-17,42,63,-189,77,9,12,-1,68,33,-23,-8,47,111,220,126,31
178,102,32,-110,-52,-91,55,252,-58,-44,-18,-26,-34,-56,26,0,-1,175,81,93,26,-40,20,-91,7,121,-81,-103,-21,158,33,75,82,70,139,-139,-38,92,98,-4,-32,-129,-72,39,-99,-53,47,-74,68,31,-30,88,58,3,49,107,-27,65,119,115,48,16,77,9,-31,-66,-61,97,104,3,6,49,38,-108,21,17,119,27,4,177,-29,48,-46,69,-91,7,72,-18,30,-27,67,214,-24,37,100,-64,113,5,47,15,-3,166,217,158
-79,12,-9,147,-48,62,-27,20,-111,16,-123,32,-44,-103,129,118,29,-57,112,110,-47,140,-34,12,-24,61,-12,68,87,141,113,143,17,131,-101,20,82,19,16,-59,51,-2,-8,50,93,-159,0,56,3,11,189,54,38,11,120,7,-8,216,9,134,35,19,-41,100,-26,8,-56,28,-6,-31,116,-114,117,131,14,31,49,33,218,-54,-41,8,94,-30,145,11,147,58,100,-13,51,46,15,-107,-66,-45,-3,-108,60,7,-75,150,55,-42
132,23,13,-28,82,10,27,97,-96,131,148,-7,-58,14,20,67,0,-39,71,-158,181,60,71,-72,-127,292,-54,-89,42,-167,20,-50,64,-173,1,-246,-65,3,34,-4,2,44,90,-63,-177,68,27,124,-32,-38,-34,-14,19,138,40,-50,65,148,0,39,-17,19,10,-3,-50,72,243,94,60,-99,-105,-11,253,-48,95,91,57,46,37,44,26,90,11,33,109,-17,100,16,55,113,40,-59,15,-6,-44,42,109,33,-35,-151,-49,160,-68,0
44,-61,69,-53,24,142,68,-20,74,-99,-139,74,5,53,-96,210,-50,144,64,134,86,140,178,-14,-9,169,56,212,-7,-66,-72,-1,25,-75,18,63,-69,23,-132,5,20,-81,104,32,64,22,-29,10,37,127,104,94,24,128,-81,262,12,-4,-109,-12,-27,-57,-8,-18,-25,-3,8,-130,122,54,41,-30,-244,-30,-58,17,24,-21,-88,-21,95,-42,-51,-97,0,-14,39,88,162,72,15,-51,73,79,74,142,-77,101,61,7,27,175,88,23
63,-22,2,130,58,132,41,-164,22,63,-131,1,1,47,70,154,25,35,-41,-29,-32,-25,86,43,67,167,177,-107,3,-20,-9,15,-15,132,-126,53,11,55,65,-41,-91,-54,38,119,165,-27,128,66,81,43,80,-21,75,100,29,55,32,14,-21,-16,-31,174,-3,119,-83,-99,-6,-23,-7,25,157,-56,4,-26,-59,-49,171,83,24,-143,-28,-63,56,36,100,90,152,-45,100,111,45,10,17,83,141,86,54,-196,45,-1,16,119,116,0
7,-74,-120,-128,6,147,-57,100,81,16,-26,131,-34,83,107,32,2,38,-112,-30,163,-168,183,34,28,51,-122,-22,-87,-39,-10,10,15,39,-175,-82,141,58,41,59,-8,8,-45,-35,208,-7,190,200,-27,-153,39,0,172,84,59,71,198,-37,-61,-75,-64,-74,-63,131,62,-177,-1,-29,-81,-36,51,126,168,-81,91,102,-57,24,-71,9,27,-50,225,-30,-52,50,-27,130,92,71,53,6,115,32,64,190,112,-174,3,-15,110,23,191,-22
131,-12,-45,-147,8,30,-46,181,74,182,54,0,76,-33,72,-23,-52,162,43,138,105,159,-43,-49,-72,-76,-85,61,-67,107,-85,-41,-35,-2,-37,60,-44,45,-55,155,-132,35,196,-125,32,49,30,142,41,85,1,-30,-10,-66,88,114,-31,100,165,145,122,-25,-25,119,130,62,-181,230,16,103,69,-102,142,-34,55,164,48,6,14,-4,110,63,-184,76,-124,-94,-3,-64,16,80,111,-24,-86,158,189,19,87,105,32,79,156,-171,56,-75
38,-122,-18,-112,6,232,35,62,153,-77,-114,73,68,83,3,22,-15,53,-75,-25,-13,-98,-34,47,46,-9,-91,-12,10,160,105,-46,28,63,39,16,0,106,-76,-40,50,68,-78,3,16,-65,-104,108,-80,38,121,162,158,62,-52,-57,1,-25,71,81,-29,-71,-18,-47,-16,32,20,36,41,-74,114,77,-11,27,-45,-9,14,-30,-45,4,40,55,-7,-13,-39,-198,26,-84,-67,-53,-44,15,60,-37,98,160,-17,-21,-47,117,58,61,62,49
12,-119,143,-146,71,64,50,-122,18,129,-135,50,174,89,64,-63,-15,82,-43,184,51,-34,70,-25,23,181,53,-16,157,100,-89,59,-58,-15,-27,3,143,158,33,-73,46,-52,34,-6,113,-16,22,-42,82,45,4,-48,61,29,196,81,360,60,113,44,-65,141,11,-11,-74,48,-62,46,115,-25,42,-21,29,3,56,103,-121,-22,82,60,32,75,-28,-5,20,127,62,-8,-144,34,-132,-35,-60,60,222,40,231,123,-36,-55,49,-11,160,-56
70,51,65,-9,39,-12,-48,51,125,-111,-117,-20,71,12,39,-130,156,65,50,108,41,-53,101,37,-61,56,-17,81,-17,-49,-58,61,74,-81,36,97,38,-2,8,-56,164,57,41,40,86,-39,-65,-21,-7,-92,9,10,90,22,59,2,97,34,73,-96,-127,-91,-141,166,28,-9,-11,-17,58,34,-30,132,59,113,0,115,42,-118,50,159,135,-3,54,-32,-18,66,36,111,-109,49,64,-78,49,33,42,107,-20,-169,-49,71,38,-60,127,-39
89,37,175,73,-12,-7,-46,140,49,-7,-82,91,-178,-12,32,10,47,3,41,20,44,152,69,37,-198,142,154,199,84,37,-40,16,138,147,41,201,17,25,-134,-52,34,46,-23,2,-53,-15,-121,-29,-70,72,41,171,-20,-117,17,-60,16,-104,97,22,-84,-18,61,40,46,66,69,18,106,54,-112,93,94,52,37,-42,56,77,-63,143,-60,-51,82,116,59,31,-128,79,-106,-49,61,33,78,-10,-89,-26,109,90,22,164,-8,-47,2,-25
-50,13,172,62,50,98,12,-58,56,104,-119,-54,-121,-54,-26,28,27,-156,34,112,-94,-128,64,45,24,7,84,-20,35,56,46,-132,27,114,191,89,45,-22,6,-127,53,-71,5,115,136,41,111,-70,-90,179,9,80,103,185,43,-23,46,-62,42,53,-48,-166,-26,40,24,-50,84,21,103,-87,-42,140,-58,-2,50,-181,136,-44,-109,-94,-93,-80,113,100,90,-114,11,1,84,118,19,-3,71,142,-97,134,19,-8,59,-87,-143,144,-56,-13
147,-70,83,-34,13,97,115,73,86,84,-77,-72,140,40,-69,-36,116,5,-19,-89,74,65,36,119,153,200,-57,-82,128,-101,1,195,-6,-17,-88,-89,-20,-60,90,-55,-2,6,66,-121,-146,161,61,67,-159,22,6,121,-61,77,136,-27,86,120,222,40,-88,51,-26,-115,-89,-33,61,131,37,15,-170,241,160,76,16,75,-164,32,48,0,-82,41,107,-86,112,-32,229,39,-130,-95,-73,-30,96,-70,39,95,175,40,-71,-72,-92,-11,211,69
130,39,-151,-46,-48,-30,68,14,-50,-10,30,-20,-64,-17,65,210,7,107,77,1,-141,121,-104,-29,24,-40,65,-14,-18,167,96,-68,-120,89,-12,-145,117,-71,-46,112,-89,-34,1,125,-107,27,175,41,-30,-104,15,41,-31,153,-101,-42,-100,84,-188,211,131,21,31,-89,53,-8,-61,-25,-68,139,-88,-68,68,-92,-127,52,-104,-48,-26,-73,-52,117,-226,-148,-1,2,62,-43,87,45,-47,51,144,140,160,19,0,132,-152,-8,41,36,-56,10
128,85,171,-49,163,218,111,-85,151,133,72,12,105,-18,8,135,83,-25,-16,-95,153,-30,38,-39,-100,-5,83,11,227,103,-41,49,33,61,15,98,73,-27,41,113,-5,-2,40,23,-24,157,116,85,-87,34,102,208,51,162,-87,143,57,119,89,69,183,-7,48,10,-7,190,87,49,-6,-27,36,-121,-80,175,119,-146,159,80,51,-113,-180,-91,29,156,2,-35,36,-292,22,99,-29,252,85,166,122,40,180,65,159,49,-166,124,16,182
59,10,62,-126,95,73,-160,11,-14,157,-74,-40,-113,-28,109,173,-18,89,37,110,9,55,-5,-37,-21,110,132,19,103,193,-46,-18,10,-31,-76,-26,4,-71,-141,23,3,-34,41,235,4,-90,158,-86,-101,42,29,123,-149,269,-17,-96,-45,21,-39,69,145,61,-49,58,-27,20,-27,6,-40,65,-66,-82,123,4,43,2,111,119,-45,-12,-88,41,-133,-56,28,-49,20,65,-153,98,74,135,-3,-10,120,53,145,54,63,113,20,8,55,28
224,76,51,-45,-13,-3,26,-48,126,105,80,-111,52,54,-13,-57,71,166,-13,60,42,86,64,24,0,86,84,-51,47,179,-128,16,-75,55,183,81,9,-36,-135,117,55,31,23,110,62,-7,85,-78,50,2,129,49,-156,98,21,67,-64,-153,104,85,86,-36,-47,11,-91,-141,-129,138,-74,57,-93,31,-46,-84,53,36,10,34,-71,-7,-145,-140,-20,104,23,169,118,4,-171,25,17,-1,-80,219,63,2,173,56,90,147,-41,104,105,-65
14,-70,43,-60,111,187,79,116,152,36,-62,-59,-34,-81,56,110,-40,116,-28,133,48,156,157,-16,-9,-101,46,85,72,2,17,-10,109,-119,16,145,-39,-12,-60,90,-98,4,61,21,109,-40,91,112,-144,192,75,54,208,181,58,65,155,-36,108,159,135,-111,173,102,-62,-17,88,39,70,38,-153,-44,-35,-41,82,80,-23,42,-152,126,-128,-1,-30,43,57,66,34,-49,-26,11,16,-23,-66,53,109,259,-24,33,-101,41,-51,-4,-26,-7
72,49,-73,-65,15,48,45,102,38,69,-38,-17,-98,-19,20,147,-42,169,10,74,193,105,98,24,26,21,-25,74,-101,173,124,-16,41,11,-8,-96,6,62,22,68,-12,4,-42,33,111,-15,73,73,-141,-25,53,38,97,155,18,116,136,95,128,59,5,121,39,104,7,-94,-53,105,-88,34,23,13,88,34,151,43,111,0,-81,128,-53,-41,79,108,9,49,93,-67,17,8,169,2,17,-48,-12,-12,133,9,99,-52,-41,46,143,106
6,-89,-32,-37,197,52,109,-76,145,-31,95,84,-80,-75,94,-11,50,52,-80,122,-78,41,-71,-67,62,-93,18,62,106,-85,63,-6,130,-70,-37,87,-122,-81,132,66,-72,51,81,21,36,1,0,-22,-4,200,96,-7,90,-52,76,178,57,79,70,-18,-20,-47,76,165,62,-15,-4,107,163,29,-28,111,-45,-66,181,-111,-23,103,170,152,139,-73,8,55,1,-4,56,73,-28,13,12,28,-100,31,68,224,-113,-102,36,-93,-7,55,-66,-30
-32,-51,21,32,45,-46,84,-76,18,-107,-16,99,-194,150,93,-154,-114,138,43,-28,-37,-55,-20,74,100,-42,-65,41,118,-25,103,46,7,-83,-15,88,96,-30,21,-20,-34,197,-91,-38,-39,63,20,50,-54,-94,98,-86,-90,5,3,70,91,56,-6,-56,14,-2,58,-111,-13,-28,90,-108,186,91,-23,269,-95,34,108,-18,-48,13,-37,5,56,-96,91,-16,-49,-33,93,93,-38,1,-3,44,44,-108,-124,110,90,140,36,-30,-13,-35,-44,54
18,86,31,-54,-40,56,82,-39,19,40,-85,-118,143,10,11,-24,-152,57,11,-150,100,-80,68,-101,-12,-43,-36,-14,-17,73,48,-149,26,-53,-7,115,68,-18,133,94,-133,77,-15,4,15,109,78,53,-91,-69,81,-175,131,30,-108,120,127,112,-7,15,39,-88,-138,-59,66,146,66,-66,29,25,7,78,-21,180,14,-23,-163,126,-39,-149,36,54,67,37,-101,-98,0,43,154,-103,43,29,131,-29,57,-67,-16,93,131,89,133,-92,61,244
-168,82,103,11,53,134,32,-51,-32,107,-96,-164,-192,51,132,-128,128,-31,246,172,106,-19,79,-4,29,13,46,8,96,1,26,-21,147,54,61,179,13,149,24,-8,48,31,17,2,43,-26,-25,146,-126,27,7,58,-129,81,-7,5,-153,145,4,-138,-31,-29,65,35,-5,96,25,104,104,-22,53,79,67,8,207,-19,92,16,17,1,81,-70,-18,112,-71,-116,139,48,-11,130,10,9,-17,61,-159,1,149,53,75,-29,-207,-21,52,-36
149,-6,79,-108,-36,-51,-28,-46,13,-77,117,23,-30,96,-30,68,88,-85,162,65,207,2,29,-95,-162,130,-28,-73,125,-40,23,-57,-12,94,-31,-212,33,-24,-19,-73,53,104,18,14,-26,41,-62,132,131,-54,-150,113,68,108,54,-77,59,-88,-12,-12,-98,98,38,41,-164,35,59,5,6,-32,-173,27,86,-253,40,-50,40,29,-98,112,-7,-68,70,25,-20,111,99,28,13,247,-43,-69,2,-64,121,65,189,12,-18,-128,-38,95,12,-122
-81,-49,57,6,77,89,-111,-1,-77,179,-64,-99,-34,-37,28,203,55,-172,-3,-31,111,135,49,-101,-109,-19,219,0,94,176,40,17,45,-23,-100,65,-12,-93,-89,-40,-114,-81,60,-49,-38,158,14,-165,105,-82,-39,65,49,186,-88,40,-41,98,-18,-16,5,86,-25,13,-130,66,-80,-56,27,117,59,-135,21,133,244,-15,92,73,18,-32,-111,136,12,141,-101,-67,100,-98,-159,-101,171,91,-47,47,50,-8,-10,-5,153,162,19,-59,173,61
53,41,204,-3,21,-1,-121,-8,42,82,-172,70,88,118,101,171,32,-45,78,99,55,133,45,103,-77,115,27,-72,16,-175,-72,89,94,10,-28,115,-4,92,-21,63,79,12,65,87,117,64,-67,136,186,53,-141,-27,28,49,8,-72,42,120,84,-8,-71,88,-8,115,78,44,95,96,30,-44,102,42,56,39,-49,84,136,-148,52,39,175,84,2,-35,-19,-107,149,157,56,167,14,-92,-91,146,16,93,67,-33,-18,16,63,170,-4,-81
210,33,-15,-102,55,-35,-177,61,-61,47,54,-72,-86,-42,13,85,88,118,-59,21,27,154,-121,-16,-15,93,58,2,176,19,47,-111,16,-32,-15,180,28,-32,-5,167,132,207,-16,-18,-34,-155,5,94,-69,-7,0,57,-89,-16,212,-98,2,109,157,-2,6,1,13,-39,-158,59,46,111,31,15,-68,108,134,-219,107,-73,-70,34,97,-17,102,-55,-86,-37,49,113,173,0,2,53,-6,-11,39,-8,49,123,228,100,98,-43,-37,67,19,53
68,29,61,30,20,14,45,-25,178,26,21,148,-78,73,-117,170,2,-28,180,75,-216,-18,34,-31,-125,42,199,222,-155,17,49,-49,41,45,-83,83,109,-56,69,204,21,-18,148,-66,98,-78,-104,128,-65,21,13,70,-50,65,-19,24,94,195,-42,20,-1,69,49,-129,8,-41,62,-30,82,232,-14,84,59,9,43,-145,-12,-18,-27,50,-122,16,20,26,143,-2,-143,19,-69,61,50,165,80,102,-20,39,-32,-37,-49,-78,3,-120,37,122
-3,79,-65,-148,35,45,85,60,-139,60,-66,120,123,11,-61,154,-39,106,-7,56,226,12,-22,-33,-54,54,-66,-67,72,40,64,43,161,-52,-26,-103,-60,-48,234,112,-57,-93,-5,-40,52,29,160,26,-96,105,176,-104,133,81,99,127,26,111,-11,-14,-6,-91,23,101,10,-24,42,36,-11,35,-37,-17,30,39,20,149,-55,133,-31,124,-49,28,-72,32,-150,-8,121,-19,162,-93,-87,27,150,18,81,61,-52,7,167,15,61,107,161,71
-9,-26,141,24,-44,28,-14,41,67,82,94,18,66,-122,-87,24,2,40,63,-26,0,37,-61,-124,-60,49,114,-58,59,39,-19,-46,-22,-22,-8,102,96,-208,-37,-43,-109,10,123,117,-10,9,5,7,-33,-120,11,54,-103,23,-74,88,32,4,-33,10,-61,33,-18,-58,28,-13,41,-43,7,72,-6,36,37,108,127,50,-18,-35,-92,-51,-112,48,11,108,51,-52,-31,32,3,-45,-39,49,-25,7,119,-16,70,-98,-15,61,-40,-78,117,58
-20,-45,11,21,-43,137,-23,113,60,19,-32,75,-35,100,78,203,35,74,80,25,154,146,5,-59,-89,-66,106,20,68,131,-24,105,148,-41,-50,95,76,-57,40,109,131,55,149,134,-3,63,159,81,47,9,62,100,-68,62,-4,112,-82,23,92,-44,7,-6,51,101,-7,83,22,105,57,11,86,5,-63,73,20,41,-37,11,-61,8,26,-150,1,87,101,1,-19,59,66,75,33,198,21,41,-107,114,56,1,-59,128,69,-3,34,100
-4,-52,-64,7,-99,1,35,-59,-17,-122,-25,126,-57,-104,-120,-21,-139,98,-78,-138,-112,-7,-49,-42,76,4,-90,83,-40,-73,-7,-46,-36,-60,-11,36,54,-119,-39,-133,-126,12,-37,135,31,15,-19,-86,95,68,42,55,-29,-139,-34,148,48,-144,-129,-54,11,-10,-117,5,18,-22,33,-14,-12,10,97,15,-29,177,25,11,-94,59,-46,-108,-81,-10,161,-115,-63,-114,27,-35,10,-99,-2,17,-43,-113,-66,-11,-52,38,51,-23,160,169,66,38
27,137,72,26,51,-34,-36,-72,-20,32,1,-14,0,93,34,-15,199,36,-42,8,16,1,-29,68,-203,37,6,13,72,59,-109,93,-89,90,-52,212,150,8,-1,112,-13,12,-15,-69,-28,96,61,-15,-19,-60,-3,37,-174,95,-134,-106,10,139,-62,37,-23,4,-29,-2,9,52,-32,79,-83,127,22,119,179,-19,-39,84,-10,-51,155,134,29,59,-5,22,-133,45,74,-78,-60,133,-17,60,20,126,128,-54,124,90,-10,-7,74,-137,54,38
38,88,120,-20,75,50,-60,219,1,89,56,98,13,-63,-54,201,99,7,100,117,130,162,-1,-56,-186,190,-65,-8,-34,9,11,11,217,27,88,137,23,39,70,75,-69,0,193,20,102,46,34,-11,-131,44,82,-137,121,-47,91,122,-43,-12,37,-64,-21,34,36,3,60,-22,160,165,-26,-9,-8,142,50,111,108,134,-57,65,41,138,-2,58,34,101,94,-7,124,104,135,-70,88,104,111,68,67,26,115,-97,-46,103,22,30,77,27
107,67,34,-79,-107,48,76,242,68,9,-103,31,169,-11,-9,135,111,179,43,43,99,124,28,94,12,134,-80,13,-36,-95,-20,-42,21,14,2,-83,-144,-149,87,-46,66,98,171,-30,36,94,-78,88,-88,114,27,56,-43,173,28,-38,165,124,-17,203,-25,-55,-6,213,40,-121,71,113,58,13,94,115,80,129,-73,132,-59,-2,96,12,159,-26,36,2,47,-26,-56,44,42,151,-17,-127,46,-41,120,42,7,-55,-83,-130,-15,45,-52,40
53,115,41,107,-137,104,118,-46,34,44,-23,-52,-30,15,-102,190,19,187,-73,34,-42,146,86,24,68,41,-12,-11,84,55,-95,-3,52,-141,-37,37,-115,-138,-1,164,-25,46,44,139,-71,-36,304,-45,146,71,129,73,-99,31,26,237,74,50,-134,-33,56,29,-104,126,-55,7,-12,-6,0,49,-12,-61,-33,24,97,19,-31,112,86,-67,-235,-91,-18,-84,72,160,137,15,175,-6,58,21,15,102,82,220,-46,188,22,25,-2,158,54,33
13,74,32,-15,191,-57,-15,-26,-109,214,-71,61,-12,-12,135,-15,109,-35,-51,-76,159,56,123,44,19,276,-9,205,63,43,31,-43,34,9,44,3,11,83,-32,48,40,24,-109,-21,65,-13,-52,-42,-105,-43,61,-75,5,-5,125,6,19,153,106,-88,-91,177,19,76,70,33,136,28,93,27,-114,71,62,0,209,20,-109,62,42,-55,105,-34,109,56,78,37,75,44,138,-70,127,-57,92,-37,-33,-107,127,128,149,-2,-46,-37,-49,26
107,222,-7,70,222,3,39,0,79,105,-29,-91,144,-26,-3,98,84,33,50,127,45,50,-29,27,71,218,-75,31,114,145,209,-1,-23,95,194,128,28,80,-24,106,19,-36,156,-14,15,23,-1,-13,-5,27,134,10,58,162,35,16,-50,132,66,-4,46,81,147,39,37,131,93,13,230,68,160,1,-110,139,64,16,239,52,26,-37,95,139,-20,111,17,-4,142,-55,-15,48,135,79,-24,84,169,0,75,-97,78,57,-63,59,31,63
79,53,81,-59,7,-11,-211,8,74,163,-4,145,21,111,179,1,-172,-101,-11,70,100,8,107,-34,-109,100,32,-31,42,-58,-29,144,-10,3,1,93,139,89,50,-67,71,7,-6,80,143,60,-26,-88,262,-47,118,-168,22,-73,99,128,8,150,39,19,-65,57,-20,112,-3,90,32,116,-73,-214,28,-79,50,-36,171,-89,26,21,217,66,45,-13,53,84,7,45,138,-52,63,60,70,-21,-8,59,-54,36,22,12,81,79,153,125,120,2
149,47,6,-73,33,99,133,-84,-117,-93,6,150,-126,-18,42,32,-19,71,132,-177,-53,107,33,-41,103,119,-96,146,31,-19,16,38,-63,11,33,-136,-186,-84,208,-188,-119,169,106,-29,-45,94,89,38,-4,15,56,-104,22,67,4,22,-2,-63,-45,-62,77,24,-37,71,42,-39,51,41,18,6,-17,187,-81,138,11,47,-39,79,57,-4,57,176,127,29,7,-119,48,-27,-32,140,27,-16,112,-60,181,-93,165,47,-66,86,23,108,72,7
-50,-23,0,81,199,0,-13,118,83,146,101,31,-67,120,-41,-26,-40,110,15,137,-86,249,-35,-7,-132,56,4,-36,-22,115,-104,-18,-70,-15,-27,-95,119,-63,-160,40,64,-14,247,-38,-30,-8,-2,-74,63,-245,-20,-40,-8,134,-33,-16,51,115,14,154,-16,18,15,-27,26,2,92,-65,25,18,3,-36,-57,-111,11,71,118,-52,16,-68,40,30,-92,84,105,177,69,43,56,57,26,3,-158,51,-80,-9,193,155,11,-128,-21,-85,22,-15
14,33,4,22,22,117,60,342,128,0,105,-108,76,56,95,165,158,133,90,55,254,-18,70,76,-164,-9,57,-150,-64,19,93,-24,114,31,-65,-45,71,120,75,159,129,54,60,-14,45,143,133,115,-43,135,81,-7,149,38,-12,107,181,151,74,44,90,26,242,36,101,-91,86,157,-157,-124,76,32,215,-68,-49,160,45,36,71,132,-20,-2,-43,41,96,10,55,41,27,77,96,4,-14,193,24,42,68,-156,-65,-63,93,27,88,110
-46,-7,35,-61,42,-9,81,-9,54,98,16,-125,104,36,-221,89,-55,-26,20,95,-35,-38,-83,45,22,50,-108,40,35,-15,100,-68,22,-14,50,97,-23,-67,59,-22,96,-89,118,28,-9,106,105,28,-37,26,72,114,12,21,31,165,51,73,5,42,-112,-8,-91,-59,-134,115,90,-55,204,103,66,18,-88,150,140,-139,-71,-55,-81,-149,-62,85,114,-67,-42,-57,251,-101,73,-55,111,36,-16,110,-68,20,-1,167,26,-145,-44,31,-117,110
-2,-54,-97,-100,6,-88,-66,-65,62,-22,178,135,-79,121,35,49,-44,19,30,138,-127,60,-63,19,31,-28,4,176,93,-86,-37,121,-81,-26,76,142,57,5,9,184,-17,21,10,-25,107,44,50,30,91,-162,-50,2,-37,55,-184,-9,45,104,-106,19,-47,54,61,143,76,-58,64,4,43,-113,92,-27,-37,-115,129,-77,15,-202,122,50,146,-20,16,94,33,149,20,-45,34,220,82,-67,13,100,51,-4,-31,8,1,-88,68,25,-107,39
141,119,62,164,46,-81,-20,65,63,-28,-33,-30,-100,37,-108,-81,94,161,63,34,-76,4,120,47,72,-90,-47,40,-66,-35,43,-141,29,-2,114,71,33,64,18,-26,58,27,-78,20,-45,-38,9,-114,62,134,-20,74,-65,-27,136,-42,29,-57,-39,-58,42,-59,115,-57,47,-8,92,-38,81,107,-20,19,-80,58,83,26,3,-46,-108,109,35,28,33,73,101,50,-108,-57,-59,18,52,74,71,38,-52,21,98,-92,112,-26,-92,-119,4,36
-69,-52,-75,47,-60,87,3,-30,34,-48,-2,-63,-98,216,135,103,-1,40,4,-1,39,-32,237,-29,-270,135,-1,85,-16,-1,-58,27,140,19,-155,89,6,60,-59,125,-74,28,13,52,139,11,-88,72,-44,-112,18,107,40,18,-202,157,63,131,-30,-44,43,97,-56,80,-35,-57,-86,166,-81,27,96,-101,213,46,78,65,96,79,64,6,-51,-145,155,-57,25,-12,128,-15,-24,-137,217,-62,70,-78,-62,-5,37,41,-61,114,83,-70,198,110
162,-12,-57,34,-119,-17,55,-18,-113,40,1,90,92,19,128,-110,74,-63,-65,23,59,198,-86,-20,99,55,-30,51,-18,-102,-131,69,-117,-28,-38,-41,-56,39,21,-45,85,-14,26,-29,25,-99,-105,-35,32,-77,-7,-40,-14,-69,196,-185,57,-34,163,-28,68,60,15,21,57,-46,58,53,13,-83,-30,-251,26,-37,-36,121,-84,58,168,47,166,-7,-53,-33,62,23,-42,-4,-73,-40,-114,81,-48,-30,5,36,42,-28,-96,-98,-131,85,-44,-18
-33,-16,30,38,-18,108,31,42,45,99,-64,61,-78,90,251,48,-18,136,64,18,123,63,148,-27,-44,157,45,0,20,45,58,78,107,-1,-45,64,-19,-24,109,74,97,1,126,29,109,60,113,52,179,-165,50,-44,149,92,38,24,63,16,88,36,-245,58,-84,67,5,5,74,155,10,111,72,73,32,51,89,130,-33,-57,212,73,134,61,40,97,-64,146,159,148,-22,2,25,11,144,-11,-44,19,231,-40,-66,76,75,83,87,74
79,20,23,-96,50,69,15,-78,57,-65,75,71,108,-41,48,164,103,-27,34,-11,63,65,-41,-82,-117,-26,131,63,124,-69,-53,61,40,44,-101,88,81,-158,-51,159,1,178,126,-89,48,-86,-116,-12,-86,11,27,88,-2,-9,-63,68,69,-13,79,29,95,65,163,69,20,122,25,86,-215,65,-7,-171,102,-44,147,-27,-16,99,199,2,-74,-38,24,23,-21,-76,17,34,9,94,50,19,6,3,83,8,130,7,155,-10,56,117,57,61
72,77,85,-74,165,-18,-71,67,47,73,122,139,95,161,-42,192,172,36,-77,-31,129,14,137,32,-36,25,-48,-180,-18,10,26,91,55,46,124,-133,-52,92,6,103,105,154,129,-30,37,49,80,81,-86,-117,74,-82,-25,0,-44,-94,10,76,157,41,-37,123,68,-91,-46,22,49,158,128,62,6,245,71,-29,120,34,87,-47,65,-91,77,-85,117,22,-7,41,201,43,91,134,151,-88,49,170,17,105,123,-93,88,-15,38,53,95,55
29,-26,86,47,-35,88,-86,-49,57,-55,-23,20,29,9,94,-4,-50,104,44,-12,-13,-182,106,63,109,-92,-51,111,1,151,74,60,44,-7,245,52,-30,-94,-13,-82,98,172,-139,100,-65,-43,11,141,-14,98,198,75,149,-19,-76,-39,37,-97,-63,-71,-2,3,99,-3,-22,47,48,-5,112,-119,-32,169,-106,80,129,-106,58,13,-139,-40,46,-105,74,51,128,-63,110,11,-10,51,-28,-31,161,-107,76,52,49,56,28,69,-89,61,-33,221
101,6,119,-44,79,47,45,75,-39,15,-66,39,-94,13,25,228,292,22,36,159,88,46,246,229,-13,62,145,129,-15,153,1,-9,-92,87,82,30,49,115,18,19,-6,89,91,58,73,29,23,49,49,-16,-91,95,7,118,14,-83,53,54,-54,17,62,146,-28,53,-13,-90,-7,4,-93,132,58,202,25,-101,26,-11,108,-41,16,73,-19,152,151,-26,82,198,127,85,-15,122,91,39,-28,130,-44,-56,61,20,-106,27,-48,-17,73,-124
90,109,-17,110,39,167,-21,115,-66,4,-39,93,82,119,129,195,55,238,-93,14,104,224,208,105,-49,107,-114,-28,-51,94,-19,-80,-53,-103,-107,-109,-122,-25,52,183,132,127,0,53,36,-57,212,152,69,57,115,78,-33,-34,50,84,167,146,-141,52,136,16,58,105,112,-20,29,42,-53,-1,102,-79,82,-43,-35,156,70,50,172,-61,-11,-6,-50,50,68,125,35,0,197,45,77,-4,36,195,102,-19,139,131,97,-115,-22,120,161,-14
33,73,-55,-93,98,166,99,7,-56,60,-45,-11,157,9,-136,-41,128,-88,84,-27,56,-28,-53,67,34,61,-175,118,50,84,61,-75,-10,-43,4,-106,104,-56,147,14,-49,-3,109,-166,-130,103,82,86,-25,18,-28,-25,171,118,112,0,15,5,2,-67,115,23,-58,-15,-32,130,61,-3,80,25,32,52,-28,185,-3,69,-102,184,-10,-182,136,130,26,-66,-56,-105,190,-47,63,-8,-33,130,193,3,131,87,148,31,21,46,39,6,-21,147
-18,43,47,88,-50,-81,26,-149,-7,-54,29,-30,28,179,-102,-53,-1,-92,3,7,38,40,-142,127,-1,20,-103,-25,156,-52,32,82,-122,134,71,76,-43,-68,80,-52,45,109,41,5,-44,54,105,-21,-80,112,84,-3,-145,3,-4,-104,28,-51,104,34,49,-40,-44,-75,-202,130,47,90,153,18,58,93,-79,148,8,32,71,-14,27,-24,-34,-54,173,51,-40,20,36,-23,-24,123,28,67,-15,17,-58,30,36,-25,66,-25,-55,36,-47,11
10,-2,-37,-140,-9,-133,-16,109,114,84,3,-6,37,85,-31,212,-52,-10,285,23,98,95,-50,-77,88,83,8,149,75,101,105,34,210,-69,41,10,59,-87,-98,104,-20,30,22,16,-121,57,106,200,107,-66,151,226,21,95,-33,43,-92,145,-67,-35,-91,17,-30,-148,20,155,227,125,122,-2,-21,-61,90,44,104,-80,-95,113,27,-133,-27,123,-141,-13,29,-54,134,-5,6,82,228,-28,233,82,71,84,30,3,-40,43,137,94,101,174
102,-13,68,76,80,15,33,-128,70,151,70,153,22,41,2,79,-132,35,50,-78,109,-70,-26,16,-47,151,88,16,158,-2,-13,63,-3,26,77,190,58,6,80,140,-154,67,35,22,66,77,48,86,-50,-45,199,-11,58,135,-37,-1,-6,97,-7,-21,-26,144,74,68,141,3,124,10,51,5,23,-100,43,149,176,-33,137,126,-124,-15,3,-110,49,201,94,-67,-12,-46,69,100,142,9,24,32,-88,126,39,-29,55,178,-2,57,30,164
-26,15,43,-61,82,66,-108,130,11,139,-45,-54,-86,97,16,37,41,-92,78,212,-46,110,-12,-34,15,80,141,146,73,179,-7,-128,80,-103,-34,108,92,-55,-58,-59,109,7,147,54,-55,140,72,-71,218,6,-82,33,-18,128,5,-40,-114,20,-75,24,-69,-155,-141,41,-58,57,-12,85,3,-50,-8,6,-54,24,-35,-13,-146,-88,64,-41,164,8,-215,13,-124,138,-5,52,87,68,-98,-57,116,93,-55,145,-17,189,-115,48,7,51,-156,116
197,116,78,26,76,-1,-13,-93,-11,-42,-119,91,31,97,-31,63,88,-17,27,130,-13,123,167,103,31,77,-179,187,6,-10,14,49,-75,-19,62,7,78,-33,93,4,74,114,61,120,-14,110,178,-123,115,24,41,-65,23,-102,89,66,-24,-2,87,-55,82,28,39,30,94,-10,-83,165,63,23,-39,35,-73,136,54,13,-61,59,106,-41,58,4,141,38,-36,85,134,-5,26,111,159,-64,7,12,-154,-56,203,98,-2,33,77,65,64,43
-44,-12,-25,78,44,36,-45,-36,173,3,79,-2,24,14,62,-19,0,92,-60,128,-119,-51,-55,6,-91,124,88,9,3,57,41,-24,-19,135,7,161,155,-16,-43,212,54,116,51,-59,191,-3,74,130,-15,-71,26,-10,139,19,-43,126,174,129,-54,0,-46,50,-21,57,-37,22,18,-30,-112,92,118,121,32,60,32,-21,67,-66,-58,-64,78,-132,61,42,10,22,30,56,24,10,25,21,145,10,84,-4,97,-145,74,-19,-18,20,101,136
-61,-14,94,-144,111,-29,78,63,30,58,-98,-120,0,-67,-69,180,16,-90,-131,112,138,-34,-96,76,-141,-94,-70,-1,42,24,124,-51,18,128,-76,78,114,-44,113,64,72,68,267,152,23,41,7,-44,-231,3,36,-80,23,119,35,-135,4,111,92,22,-77,-28,-174,19,-103,31,-36,128,31,105,1,50,152,94,107,-135,-15,48,-3,59,30,-91,97,51,-62,-43,149,4,7,-46,-4,-11,-14,0,-96,15,49,-5,-79,-15,-29,-21,-31,162
18,-34,3,-48,10,97,-67,186,-72,-33,51,14,-69,-14,117,38,70,186,-104,71,40,44,-68,90,18,42,-11,21,-1,33,-8,37,-182,-30,5,21,-98,136,11,-50,-17,168,-12,-4,9,-82,-28,18,-3,-19,-41,-217,-74,157,-41,-50,-87,176,-94,96,8,71,-85,70,-124,-107,-8,17,74,-1,159,25,54,-42,14,136,-11,-68,78,71,198,-90,-171,49,-95,53,32,47,-49,89,-109,-163,-55,-6,117,34,-27,23,-36,74,-1,-129,-29,16
-4,16,58,-35,104,201,1,4,76,43,-1,-1,46,55,-80,111,68,-60,16,42,4,-71,148,69,-120,-26,30,-63,-99,194,-40,-153,-72,-82,58,-165,39,-59,-17,-28,94,93,117,-41,-3,133,2,-41,135,-7,-28,27,130,58,-76,83,14,134,-141,-14,72,2,24,74,43,-11,-44,-42,-1,-70,29,-60,62,39,148,-104,48,125,-91,-24,-110,129,-94,111,-93,-109,77,-161,-39,-40,40,-44,-64,83,-35,-64,75,167,95,109,26,109,146,80
-94,-118,-15,155,-65,199,105,90,171,-45,-24,-29,63,73,90,125,43,-191,215,93,78,34,31,27,42,137,31,110,49,68,-13,-51,14,99,80,-16,81,-83,-76,57,70,-59,119,-146,-137,71,96,51,-41,13,32,277,51,-30,-57,83,-111,-76,-47,-21,-6,8,111,-21,-50,158,-8,118,100,2,24,-73,-47,45,-55,-26,-102,121,-75,-97,-68,19,-64,-57,132,11,104,-126,9,-2,20,70,175,55,55,-39,56,-19,6,-11,-13,84,134,89
137,-43,134,-16,-63,-71,36,-68,-38,-53,42,82,-154,72,129,83,-64,-124,95,144,-1,-45,49,30,-12,80,-3,43,10,-23,-30,-28,30,39,-103,120,27,121,58,56,7,75,54,108,122,-41,-60,-5,84,-55,-59,-24,43,-102,142,-112,72,31,123,49,28,146,248,-117,46,6,15,46,35,-7,-67,-79,40,-86,50,-68,-29,72,39,-28,71,-5,54,-58,8,88,47,55,35,170,114,28,63,-72,-49,-103,154,124,-34,-96,34,10,-20,77
74,28,111,31,137,79,0,-89,88,223,-55,15,124,87,52,10,-22,33,71,124,54,52,-81,78,81,306,12,92,203,119,-10,16,5,-5,23,5,-83,-36,71,84,44,115,5,-16,58,-1,76,153,-123,20,200,48,32,144,72,24,207,160,81,130,129,52,-33,34,-94,108,139,42,29,-80,30,115,-9,-20,39,4,-76,169,-36,-91,-85,51,195,2,112,-35,106,-10,80,154,64,105,102,19,96,-26,183,63,45,-30,32,38,0,42
105,55,120,-96,31,-50,102,43,-23,40,-32,-52,99,134,-144,-98,56,8,27,42,79,-171,-22,216,-23,119,-31,-117,46,-133,9,-138,7,88,92,-7,216,100,70,17,245,67,75,61,-59,191,4,35,121,-65,93,31,45,65,114,71,128,119,132,-60,-146,6,42,3,-83,71,223,-132,185,-26,59,208,-53,12,154,35,-39,-36,146,1,87,47,135,-1,-27,128,218,28,51,101,-1,77,-61,20,-127,-89,96,129,1,-45,67,139,12,-16
55,107,148,-125,243,-115,-20,-32,-6,168,-20,-81,125,-117,-33,-144,173,-4,31,99,117,21,47,-60,16,180,-3,-132,-29,35,-52,99,-105,190,98,50,165,110,15,79,62,-44,77,-43,100,-110,-81,-114,-132,-180,46,-130,-118,-5,234,-7,97,264,144,66,-229,56,-104,-59,80,21,85,184,-78,17,-40,161,35,-31,172,-134,-31,9,53,19,32,-102,103,103,107,124,139,98,160,-103,-48,-4,134,-5,48,14,310,35,75,-64,-154,-17,73,16
16,77,9,-14,48,-22,23,-54,128,-105,74,-45,-32,145,90,-5,5,77,59,81,-69,-22,95,84,-59,-17,23,17,26,46,-3,56,104,31,-98,15,54,114,-53,125,61,118,-68,-40,-26,-25,34,18,-14,56,77,92,-92,111,31,95,140,182,58,-85,-24,58,36,-17,-21,-1,-81,22,53,27,-9,157,61,-12,24,10,116,55,99,-13,-27,-169,10,-48,118,58,68,29,23,63,139,24,69,54,43,70,63,-30,96,-72,-18,-32,-45,130
43,23,65,119,-103,58,-37,275,69,111,-26,42,221,37,79,137,192,-3,152,125,218,175,82,42,43,68,42,-79,-27,120,-14,127,70,130,-130,-15,80,11,-169,142,61,80,127,98,-36,-179,62,110,-73,13,292,72,-235,129,41,-117,-11,127,27,97,113,126,19,53,75,-170,123,166,45,-19,147,-5,59,43,101,71,9,76,163,1,-65,41,-23,73,211,83,156,70,4,109,12,145,22,137,69,13,137,-17,81,-9,-77,83,68,-23
212,-53,161,-189,141,-27,109,-93,38,-10,-102,39,131,-18,-30,43,143,73,-42,107,84,3,-56,25,-30,23,-130,-42,264,39,-59,158,-47,-49,77,27,69,65,128,13,-53,140,-91,139,59,29,184,37,-109,-21,-24,5,59,67,23,72,-36,51,250,114,-33,138,72,78,88,10,8,91,209,59,-14,13,74,13,124,-39,-144,60,-21,67,-10,-37,104,85,-43,64,95,-50,-18,109,156,96,-155,32,131,145,142,6,5,95,-71,-83,48,-29
-45,0,-63,24,-57,84,-298,60,-14,22,-32,77,18,-47,-32,98,-83,98,16,133,21,3,63,-46,0,27,82,148,-94,70,73,33,27,-98,20,59,6,-23,83,-14,87,54,14,71,176,-76,76,-50,82,181,122,-98,81,-106,61,245,-102,39,-61,42,51,-65,83,170,-15,-181,-40,24,135,-81,232,-71,-72,144,116,118,-152,-95,6,36,0,-40,-136,135,-15,46,12,129,-16,55,-79,-22,-5,109,-75,-152,52,-14,235,170,120,72,56,-63
-59,90,33,106,117,-52,15,43,45,-35,-55,20,120,50,34,-89,135,-35,-133,73,-44,-47,34,86,-14,99,-109,-95,41,117,15,41,-1,-85,-31,-61,88,-138,-43,-190,-43,176,-112,116,-69,-70,-39,-210,-16,89,46,-29,-104,73,3,-61,131,-149,-137,68,139,-39,-54,206,-20,-147,-48,28,-182,8,-17,-143,68,-4,7,117,-81,71,65,-23,-178,28,33,57,-102,81,-3,63,62,-63,-111,-20,-59,-64,-6,114,44,91,48,20,-66,39,-41,-70
-38,167,6,-34,88,74,8,32,30,-1,-39,-67,9,-68,-26,-96,78,-11,68,100,-32,76,40,26,41,-123,-74,27,-40,47,157,64,-116,-15,123,84,-22,-21,17,-8,20,47,-36,-118,106,14,-67,136,58,11,-84,-88,21,29,-65,37,12,-45,-134,-11,31,-78,-2,120,-11,30,23,-7,-57,77,-49,156,-44,-46,79,-52,-14,-110,-56,77,91,-73,42,35,-29,47,92,-41,-6,11,-66,26,93,44,-27,-54,65,-15,97,83,-51,-76,-83,-54
106,233,-151,34,60,15,73,60,10,107,-97,-177,60,142,-84,-141,101,123,3,14,-57,47,53,-61,181,224,-131,44,29,57,-38,190,-50,70,-74,61,-4,25,37,37,-87,-40,44,-149,-246,75,77,-82,12,49,9,58,-87,91,-50,-114,120,77,35,10,105,-143,-39,-7,222,-32,-8,-92,-12,85,-101,3,83,110,-77,87,141,113,43,-4,-65,209,-146,117,-61,37,-131,42,-16,96,-35,83,48,113,151,30,203,131,-4,3,30,-72,129,26
126,139,-207,125,-32,31,17,26,89,-31,-58,-30,-19,-102,-142,37,122,29,140,-16,-125,132,-86,-36,-66,137,32,21,11,131,219,10,15,158,-102,7,-5,-24,18,-121,46,106,-72,37,-98,44,-70,-51,79,262,136,-20,27,10,-38,7,-47,63,-67,74,80,45,26,147,56,0,-57,62,133,-53,135,-59,-29,-84,-139,-58,88,0,181,7,-85,85,56,106,96,73,48,-25,-31,147,-56,10,57,6,-35,-1,-2,-11,43,10,101,48,-3,34
