108,-98,77,-2,59,74,-34,-88,207,-12,-26,152,82,84,33,-42,20,2,62,-29,-42,73,185,-5,-119,-22,185,-9,106,251,17,30,182,-44,-67,-181,99,-23,-20,-27,84,9,208,155,-52,145,73,55,14,22,64,-78,278,140,-79,0,78,47,-54,40,142,47,-91,102,-79,-112,19,136,22,30,46,-98,29,-112,-47,-35,146,-140,180,-88,130,-27,141,-30,151,-35,-27,-13,134,-123,162,-195,24,165,-19,21,36,-84,126,31,-49,129,36,-59,118,14,63,-6,51,124,103,-60,92,-76,100,-29,30,-59,8,-49,-49,13,45,-63,-73,-31,108,13,146,-178,-8,237,18,192,-57,34,-210,-62,-32,-212,208,-33,-43,136,-121,75,-1,146,146
11,15,203,101,-63,179,109,126,-82,105,-18,263,-43,-42,10,-83,-68,21,-49,68,-14,232,153,38,86,-50,27,81,11,-28,72,349,-76,-7,203,34,251,72,-38,138,70,-129,231,26,49,200,-23,-11,-22,241,138,105,-89,-25,-137,-48,49,40,103,21,-109,-19,174,193,-54,113,126,85,34,42,109,113,79,68,102,16,25,-229,116,109,-48,45,-44,56,163,-14,107,78,54,192,4,-39,61,136,106,79,172,210,-46,-78,176,-116,-17,35,-58,115,-18,64,201,38,58,156,108,-43,-11,-20,130,122,53,22,-16,10,115,1,189,39,-150,141,-181,119,17,170,289,-18,-22,213,105,-158,64,-34,146,-21,107,174,-48,112,-20,109,-251
195,33,18,82,44,70,89,119,147,-25,-119,69,-124,179,-33,143,336,-77,120,-101,149,-189,124,91,9,72,259,181,47,152,-134,-94,122,-38,206,96,227,-24,40,192,79,197,-17,112,-45,44,49,71,66,-77,116,98,11,112,96,129,-20,19,247,-29,61,132,27,84,-6,127,39,100,-80,-63,-112,-268,96,108,-61,74,-118,102,256,100,152,192,63,269,-22,12,-53,-124,-93,33,104,-60,66,125,-10,-66,43,-110,169,4,36,37,-69,120,204,75,235,130,-90,27,55,177,-49,-74,116,359,-19,-152,12,-21,165,143,40,232,-116,-37,139,-81,144,-113,209,201,-68,102,122,-152,-9,38,15,10,298,40,63,39,189,124,-91,48,5
137,165,8,122,89,-33,-3,-51,88,135,128,210,71,18,103,-10,21,-8,59,-48,171,-13,132,-4,38,51,210,190,-24,9,149,4,236,79,-73,-18,4,246,-32,119,117,48,256,146,135,14,129,129,-66,21,18,27,103,170,0,-36,-66,60,95,170,19,-144,40,24,-76,-26,265,118,36,141,76,215,52,-126,166,16,27,55,205,-108,88,-1,-14,109,132,108,75,163,263,78,7,123,149,182,-42,117,28,-19,216,122,-8,-25,15,67,186,205,-42,144,182,308,34,30,89,78,220,-4,5,-71,75,-64,119,53,162,181,-88,-14,43,150,104,104,140,288,31,62,187,21,-180,32,102,153,203,-29,69,162,104,176,74,149,159
-122,28,229,157,109,-5,-77,184,-21,94,82,112,60,9,-36,-59,22,140,211,195,30,82,49,8,-102,104,-102,-98,149,16,-116,149,-219,297,192,-1,-6,14,-8,17,124,-120,97,4,152,-69,126,137,215,-28,116,-71,34,14,100,62,-79,20,64,-88,-18,242,55,-181,112,206,30,-195,79,-40,47,266,-317,130,102,60,-168,46,275,27,45,-65,39,221,66,124,-207,120,-124,260,-50,34,43,183,-132,141,38,-89,273,35,84,112,-244,-116,34,146,62,136,-11,8,81,-4,50,-24,0,146,149,74,-3,-100,23,38,-50,44,93,71,154,94,-5,79,80,87,-48,-15,85,74,0,9,-110,174,103,30,-21,-36,3,141,13,43,-54
85,2,66,41,85,-17,34,-39,199,84,134,-186,1,-76,12,62,110,54,171,76,134,-85,64,4,58,-10,-1,144,15,146,-36,61,22,110,43,154,37,-87,189,112,114,24,12,-102,102,41,134,102,-19,-23,-25,-244,-199,-45,30,14,-63,-75,113,100,92,100,-209,13,-158,8,-186,-33,-42,202,7,1,-110,83,-39,48,-32,-57,-28,-42,-55,-15,69,-15,49,47,17,-17,52,11,63,79,-84,-82,-50,174,-68,-101,-179,144,-86,21,250,29,-41,153,111,136,-8,-169,-2,175,-79,39,-90,-163,-135,-94,63,-71,143,-118,20,97,20,35,-11,-5,118,-15,91,67,-68,101,-56,-47,-29,207,-42,-59,-104,-34,-33,186,-5,-47,16,108,-85
174,65,-22,99,-51,111,26,178,24,-107,-179,-23,72,136,78,57,-84,-52,67,102,-59,42,21,58,51,185,31,3,225,2,112,163,39,160,69,131,189,77,135,89,19,-14,112,222,-11,21,-80,-74,1,164,-13,81,205,180,-117,192,60,-35,-1,68,127,163,-89,63,85,28,75,238,104,42,-43,-30,174,-121,-125,86,1,35,59,192,86,63,-29,-131,-28,18,141,-87,-127,-88,187,166,1,-37,76,138,-12,-242,147,158,-62,51,159,59,-13,83,92,-197,36,-1,105,133,181,-49,83,97,-119,15,-185,89,189,85,80,-37,6,-82,-61,-16,-52,-38,-210,92,-154,206,-85,38,-180,3,-42,-165,222,-103,4,76,-66,249,-14,-206,149
31,37,-208,213,48,-81,-30,192,-32,-60,77,120,-57,86,-8,3,24,-87,128,-20,84,-180,-8,84,6,-57,-3,36,20,-43,50,-113,46,45,-24,130,68,134,22,25,51,-101,117,144,-32,79,-29,79,84,65,2,159,45,105,147,148,56,98,111,125,-195,51,-13,167,-51,-34,177,66,99,189,-7,73,62,-209,78,-89,-2,-57,228,-113,127,168,-73,72,67,189,249,203,-45,70,55,108,76,54,-80,-48,88,-124,72,-59,-9,-62,79,-65,253,180,82,-104,-42,208,-176,-25,-10,117,151,227,87,-1,39,100,45,-57,273,-36,-214,92,-155,13,224,-113,-33,72,-111,246,146,48,-3,-97,2,-11,62,29,-64,146,-158,12,-64,-27,-34
209,147,-88,-72,-92,150,81,-136,59,-109,141,-21,-18,220,97,-167,105,-37,125,178,266,67,144,199,-53,-14,82,121,136,70,13,-83,88,-42,117,-148,173,-43,-135,64,202,138,-80,70,-104,88,-2,82,-140,2,57,90,-120,99,102,-152,141,72,91,37,-73,-37,-24,-151,22,59,36,45,-61,-142,90,-71,-90,125,-10,166,152,-6,-148,60,-74,-128,238,224,31,53,76,59,77,-232,53,-74,-44,-18,125,6,-7,43,45,-131,20,106,0,-52,16,35,9,159,-25,-1,-83,-65,75,-161,29,163,-88,-51,-10,-15,-33,207,141,13,34,12,-87,-4,52,-167,161,-138,5,37,-26,-1,45,-34,25,59,121,73,-132,119,-57,5,-235,86,116
-7,20,-97,-97,44,-84,101,162,133,195,117,-61,-92,34,-72,92,113,39,-122,25,226,-185,104,-140,1,-34,41,174,92,-99,-25,-19,72,77,48,15,-3,31,61,-218,-56,81,48,143,29,-32,80,37,-55,-38,65,-101,-31,-91,165,-13,-76,99,-37,82,-160,48,-96,18,-73,-83,-163,118,-50,-27,23,12,45,0,88,-59,-33,-157,68,-44,33,190,-44,84,146,-129,173,54,8,21,120,180,171,118,62,130,-39,-126,73,-3,-221,17,-1,117,66,111,-20,230,-2,-11,-16,24,-144,-68,182,-27,149,-42,-217,-49,71,-111,65,163,-57,-122,-86,-16,47,-9,35,-66,-50,-19,44,-121,1,-6,161,-16,-90,-46,-55,46,169,35,68,79,25
101,170,139,102,24,93,96,105,281,51,32,17,167,20,18,-111,112,-14,135,-52,258,73,33,152,-135,161,71,57,239,111,-147,34,-55,43,78,17,-137,116,110,293,166,113,-142,6,16,222,-1,-23,223,-122,168,14,183,46,-14,79,156,69,115,133,124,88,-157,89,171,-125,21,18,112,-55,103,-22,205,-114,-134,104,74,120,-44,-112,172,-104,135,123,48,31,15,24,176,42,75,136,194,77,51,53,-32,92,204,115,27,-22,79,204,171,25,160,85,-29,-73,146,72,160,79,150,-2,-62,94,141,-6,132,24,-149,236,92,117,167,-37,48,68,189,117,41,-45,-254,-63,245,46,-42,91,12,66,-3,26,121,-10,14,145,220
133,-89,25,95,-248,52,11,13,-34,137,-53,167,3,258,120,57,52,223,118,71,-147,-97,324,80,-2,74,82,175,-145,192,82,76,-33,94,171,114,6,113,130,67,-55,5,-101,79,-59,235,12,-253,67,-186,251,-21,-82,65,-93,58,-55,-66,44,-23,136,130,-11,240,71,-117,-31,-85,78,6,-137,8,-137,-41,155,-23,11,-51,131,36,-125,118,103,29,-171,162,-160,91,-56,-46,156,155,7,-204,-137,179,-142,-67,209,128,1,-33,-12,-84,-153,-57,-101,17,46,-336,74,-131,-75,8,-59,43,17,-36,55,0,213,-68,53,62,-42,126,-213,33,248,0,165,-16,7,109,115,0,-31,20,-121,11,178,-100,-69,84,-119,110,17,79,-16
-12,26,-53,78,30,-160,-35,6,50,60,-9,54,55,-51,-93,70,162,-25,11,-111,61,-5,-37,-132,-35,59,35,15,31,-65,-12,-20,60,-104,89,-50,-43,-5,56,180,26,91,-85,56,107,144,-160,93,172,-150,-142,252,-23,121,90,219,68,31,86,-13,-70,-55,-82,68,59,53,-73,20,56,4,104,-5,211,70,-128,97,4,-15,-20,-87,65,43,-150,-14,76,-209,34,-102,16,183,33,-61,-98,38,34,111,64,107,25,21,-133,-65,124,186,147,232,32,-34,-107,-70,106,-43,54,293,-12,-142,-125,2,1,14,65,-54,-50,35,-87,-6,170,114,-17,168,139,286,36,-69,79,-82,115,84,-135,65,-16,-124,-28,36,210,-26,90,84,-3
311,75,133,94,152,230,303,103,75,65,135,66,29,101,-38,1,14,74,225,43,115,11,18,96,34,157,158,132,157,109,35,214,153,-26,256,-33,103,32,33,25,192,-32,256,138,83,110,10,-148,-78,102,99,-7,69,142,-94,-120,322,241,106,74,-16,141,83,29,-7,153,235,-2,58,172,268,29,259,180,57,244,-11,-22,68,241,65,52,229,71,241,18,31,84,129,97,252,56,166,175,184,181,56,119,136,89,-34,90,116,211,-72,198,137,59,131,193,179,4,119,-155,115,43,77,76,251,122,166,95,107,255,56,-53,139,203,145,-82,53,175,-57,90,225,247,-6,-6,268,52,179,59,146,176,205,85,47,201,28
-24,21,169,10,260,-49,88,135,-61,16,65,117,34,-16,22,-37,162,-116,6,-165,238,192,71,55,55,116,78,41,31,-32,-80,13,48,-194,97,11,1,115,98,199,98,4,216,64,8,39,-4,-38,138,89,69,-9,108,-48,-124,67,24,252,109,156,-74,48,-82,-191,-76,36,-129,139,66,128,-27,96,78,18,-7,214,36,54,-6,29,28,29,132,169,91,-40,61,219,-54,157,55,66,81,26,168,166,28,4,-89,137,-150,-33,-109,45,-22,172,193,88,48,-62,101,-69,91,46,185,5,4,73,-116,4,-23,-110,-45,37,-50,88,157,52,-4,-92,126,289,91,-134,91,61,48,-76,-39,94,150,49,-67,-12,6,313,-81,162,237
232,-83,178,-40,-68,184,19,-54,-46,-158,83,23,86,-9,42,-36,105,-5,15,6,72,-39,90,64,-12,171,138,69,111,114,-39,145,63,83,9,-102,142,-64,41,84,217,-34,2,19,-52,30,170,106,-19,-7,62,-76,31,90,37,-113,37,-19,166,-36,-67,109,22,25,26,-97,138,3,46,-20,-19,83,115,93,39,91,93,116,92,-143,-34,-75,151,190,-73,-32,-74,-42,-135,-11,-20,-13,46,35,-113,-47,63,49,44,215,-33,-124,-31,-98,219,-10,-136,86,-94,22,56,-91,125,111,138,55,-103,-123,53,117,-18,-108,-76,-44,24,-125,66,160,14,-58,37,73,77,-59,47,34,-163,-40,-26,37,113,-41,-207,-154,-158,-12,-108,71,21
80,9,-2,47,138,103,1,8,85,-20,-15,220,-109,103,-205,-50,133,241,139,138,41,5,-175,69,-84,168,37,68,63,180,-36,174,193,112,131,142,-81,-119,4,36,50,106,-44,130,4,45,172,-8,-1,-18,18,114,-18,132,50,68,-53,206,181,-13,28,177,34,-17,93,247,15,1,160,69,37,-72,127,-65,-14,33,-153,161,251,214,135,132,-25,150,86,-60,33,125,-181,-18,245,77,33,148,-231,79,197,-208,274,-19,92,34,-48,207,59,53,81,53,-34,-13,-76,9,38,115,-20,88,-22,66,178,112,41,16,89,-9,33,-279,39,-44,177,58,-92,156,47,47,96,58,40,-140,132,-15,-33,-39,-71,9,-78,204,-118,136,2
159,176,68,147,-33,280,114,45,115,111,59,336,87,290,53,-198,-74,211,-25,179,248,137,115,-71,9,167,-120,191,52,116,129,340,-28,53,98,85,31,45,181,-102,197,-69,198,194,-70,169,205,-28,-1,-40,37,-100,29,-88,-146,-36,45,119,129,231,-56,35,-35,-52,67,197,83,124,131,171,158,85,103,156,-1,111,46,211,54,34,-77,82,35,117,164,191,34,143,175,-26,84,255,124,185,126,105,-8,-4,194,233,121,165,-127,157,0,179,121,226,106,48,66,42,210,-31,170,46,289,143,274,67,216,152,142,257,77,-269,0,96,4,-4,238,67,74,278,62,-47,-47,110,138,40,140,-117,123,99,198,38,109,89,93
28,28,54,-6,126,-63,-92,62,-69,42,63,4,211,-166,-2,157,-55,64,-126,-27,-229,49,-99,-92,-57,-67,82,135,101,-133,145,216,151,-147,-40,-120,94,59,18,-206,79,-41,-5,251,45,2,-63,-115,-107,37,-36,-212,-97,-63,-112,-12,-23,25,-57,-34,-149,58,165,-100,42,-76,281,-16,46,69,36,93,-85,28,-2,41,26,-49,133,-141,83,41,-105,108,98,108,19,214,153,-61,82,-120,-60,60,64,-110,-58,230,6,8,-36,7,-52,87,42,-95,-137,-94,68,228,-80,-104,18,-23,181,-148,20,-4,100,-5,-34,156,-166,55,8,-94,-22,188,-19,57,-18,183,34,43,60,21,44,-261,-38,89,1,58,171,-1,137,-105,-70,-51,-16
57,141,-4,153,129,38,129,34,83,-40,57,273,247,34,131,-205,72,148,123,-48,209,-68,63,10,59,144,154,-67,-10,-80,24,34,53,-36,129,-19,76,87,116,118,43,-44,134,313,65,-47,-98,79,-4,124,32,-27,184,-19,156,-5,208,47,39,99,96,120,-90,-68,31,2,123,4,131,-104,-27,-107,204,294,29,195,80,165,-34,-91,291,129,-64,218,-102,137,24,60,-91,-69,-4,116,122,7,133,-65,-28,104,154,206,-157,14,153,-39,41,99,102,166,-6,164,175,-15,237,16,103,82,-51,-53,66,179,59,-9,-62,284,-35,-171,275,207,67,127,172,83,30,120,0,-47,2,47,122,78,103,-7,108,-180,-73,133,-16,68,291
-64,99,0,-84,-114,51,127,-68,92,146,-28,118,98,25,165,29,-2,145,222,78,-73,-38,87,-9,-178,12,32,134,122,-1,-21,208,48,107,168,95,18,62,143,-121,-101,-80,-123,355,68,-29,205,-13,118,-35,146,130,324,73,67,296,-22,-96,-214,-75,98,-100,53,99,142,-114,-8,57,314,40,6,35,-38,105,-70,25,23,-82,-122,80,192,23,62,46,177,43,-13,13,187,-45,278,3,214,-10,-21,156,-71,92,157,101,38,-36,-32,95,171,-52,-58,-268,143,-132,-106,-213,-19,-41,-163,153,-125,205,170,-84,-21,15,-8,74,5,103,136,-89,38,-113,-12,30,-20,19,81,252,31,57,-81,87,-86,-197,-101,155,82,99,140,76,-87
-97,-67,-134,26,-99,89,-196,-44,-13,130,205,-3,117,24,-18,-28,-175,-19,89,108,-75,-227,50,131,64,-168,138,-98,-1,-29,10,76,46,1,191,-76,-51,-26,-86,-52,-34,47,92,-21,-37,-43,-105,68,-2,95,157,60,34,-4,-21,0,104,-147,170,46,17,31,246,170,-103,-55,148,83,42,82,130,138,-246,41,16,123,74,-73,125,254,-62,-54,75,-99,-10,27,135,155,88,91,52,144,90,121,281,-109,-55,50,164,-266,124,191,-73,-72,176,-90,45,65,185,-16,78,83,-93,50,-108,24,38,47,59,-144,9,39,6,104,47,170,-54,69,-114,-125,117,-48,148,128,146,-1,-17,58,194,-95,151,134,141,158,194,33,-50,-37,-76
132,242,116,-26,83,-82,-67,76,64,79,193,187,57,23,159,-5,140,19,64,-45,202,6,55,-29,-53,-129,25,89,25,-53,-88,10,134,-89,-229,-19,111,67,-53,87,-1,-4,137,276,120,-49,-2,117,-7,49,65,22,-42,137,-37,28,119,35,94,-76,-130,-145,0,-57,2,-175,10,73,32,-1,51,-78,94,155,-25,73,-68,-51,-129,37,-10,-137,147,63,27,70,-139,103,55,-104,99,-4,93,-41,45,-104,22,97,-74,64,-11,-158,117,59,153,0,-66,92,-29,88,-1,-89,-21,22,31,109,-41,-152,119,-47,-53,115,65,-165,-72,-63,78,11,163,88,74,-105,-206,115,-4,-17,-10,93,180,-1,-55,69,-54,-20,-88,-22,119,190,90
14,-10,-2,14,-67,-65,174,180,7,23,121,-4,73,-21,-22,-121,51,141,-181,29,134,-9,309,56,187,169,23,330,225,61,62,85,54,183,-63,30,-8,15,29,143,-45,-238,-53,144,3,-60,166,110,25,-166,150,-27,29,-69,286,67,61,-115,112,171,60,-25,16,160,23,94,-76,45,65,50,-26,-202,57,120,-164,151,-16,-40,288,0,-23,42,36,172,150,15,-80,170,58,15,-2,68,122,56,-44,179,-24,-164,71,95,132,-1,-72,113,188,57,-83,80,149,56,8,106,160,-113,-72,47,52,-173,10,74,154,-107,8,58,-47,28,-24,-20,33,146,-22,-27,-41,34,-118,263,-75,213,38,51,198,-176,-36,-157,-100,-23,5,154,47
-27,-115,-78,145,116,43,-18,101,-149,32,189,192,-12,-12,-69,-30,-12,192,3,193,-16,-53,103,146,4,68,-14,77,145,-25,157,128,-268,-72,36,189,-82,-80,170,-54,15,-184,55,26,-192,-27,20,219,43,92,189,122,117,106,210,-36,118,-106,52,224,23,165,284,115,76,85,73,18,198,107,-72,64,-84,-44,66,-1,148,197,93,6,117,43,-52,16,-6,49,245,-42,140,70,96,128,23,-108,-19,106,-166,5,78,304,-82,-97,128,27,112,180,-38,21,46,-94,32,-80,-101,130,139,-53,124,46,-127,175,-7,-83,-8,-22,-85,6,-125,245,-6,233,-9,-7,147,-264,143,61,50,8,43,82,111,-256,-30,15,53,37,-93,-70,-72
41,-145,15,20,41,-74,116,-17,232,-121,100,-22,35,34,46,21,165,79,15,152,84,-52,55,23,-31,48,-5,115,-47,-15,91,16,129,-79,146,-52,49,-3,-127,-111,-11,-45,-74,173,-65,8,188,107,172,20,-77,112,-7,91,27,-99,180,27,135,3,-70,3,-108,-43,74,155,83,45,-231,57,176,59,-35,151,-35,135,55,-74,138,-282,113,-67,143,241,180,-138,126,-95,-94,179,-71,-104,-93,352,97,251,85,221,140,30,53,50,-35,143,210,119,110,57,-89,31,16,58,-74,-119,18,-65,10,-68,33,34,249,-129,118,157,-79,-25,69,46,-30,4,85,304,112,75,247,-55,-100,93,-14,225,115,-45,-117,65,150,31,-122,67,4
143,25,-82,-25,47,210,91,88,-91,135,61,207,75,185,0,59,-135,128,14,277,58,141,247,31,173,260,125,6,-134,74,114,-73,24,-193,195,67,-19,62,65,176,-53,-63,243,4,164,-59,100,0,-3,123,165,177,258,-83,-133,35,-3,-159,112,143,67,-19,59,147,23,78,-11,-27,-21,140,-113,-133,-119,8,58,200,-89,15,149,179,-52,48,106,-31,-86,148,118,192,-72,84,42,101,-99,-107,-30,155,-185,-106,-50,17,134,-94,193,40,11,194,12,-98,22,-99,98,-82,-111,59,90,134,233,47,-91,26,32,46,25,108,48,176,-2,0,6,18,1,105,5,-90,165,84,70,-67,256,-33,256,23,39,-131,23,252,23,141,-44
18,63,-116,-40,127,-171,9,-96,-16,-93,68,-32,314,127,133,-16,-122,14,-60,121,-14,-135,137,86,-183,49,129,93,112,-119,81,-49,122,235,128,-12,55,-65,1,17,11,-88,99,193,-75,-104,-71,127,125,-79,-93,-79,129,147,151,-70,-87,-44,-135,172,41,-45,39,21,111,23,162,125,115,-65,16,117,22,70,47,-197,149,125,122,307,2,-98,40,134,33,120,-69,13,-36,-99,143,-85,82,101,13,38,-279,-19,223,102,-147,-43,12,-103,-103,-58,-101,138,-30,-75,33,22,42,-241,121,276,-136,71,-64,-61,-140,174,33,-118,163,25,123,-60,64,-28,218,27,-2,97,-161,97,-50,-59,-140,139,9,-40,-40,-209,13,13,-66,8,-21
118,129,136,-96,-160,-130,191,-95,-86,163,213,39,97,-10,61,3,154,-106,-38,-75,131,-7,48,-56,-38,22,144,-48,80,43,-34,-29,-2,16,-32,-60,103,95,51,194,115,139,72,-129,69,266,232,215,-188,36,17,-7,349,-69,-115,213,-58,130,143,127,3,38,-46,19,48,13,-100,70,174,29,-80,-23,36,-115,-157,41,140,-79,3,-175,142,-24,17,231,-46,22,1,168,-41,22,161,247,151,-67,-2,340,74,21,-99,130,54,-11,-35,117,68,18,66,105,60,-266,-73,57,20,33,75,-52,110,-228,-122,43,124,-4,-51,86,57,47,200,80,13,18,191,161,119,2,-80,-42,126,-20,36,-82,-52,-11,27,14,160,293,206,107,96
16,229,76,-131,101,107,116,-37,191,-14,131,137,115,-30,1,-44,115,7,-40,93,-145,122,-169,171,-82,-37,99,-45,173,164,64,-1,62,92,3,163,247,285,-61,134,221,135,181,180,-114,40,54,63,123,168,111,-25,126,191,-54,-154,127,123,25,121,-11,2,41,89,209,75,24,81,51,242,14,-59,-68,95,-27,43,97,-127,41,2,1,-170,88,294,-31,97,58,69,130,136,196,149,-122,34,105,109,-139,30,53,131,193,172,104,166,94,76,-106,35,61,-38,-117,-19,241,-181,61,-62,11,-26,1,67,197,237,72,14,-22,132,-97,192,-44,36,-28,63,-42,-22,-68,135,-54,-110,64,-35,192,-20,12,197,-136,61,62,34,118
-96,29,95,170,-70,66,37,52,89,-44,-69,-43,111,116,138,114,57,29,-38,47,55,-24,94,11,85,-54,88,0,-17,-70,-132,121,-15,4,27,-9,95,-231,98,190,-39,113,14,72,1,88,87,122,27,50,95,145,89,152,12,221,13,-134,-29,46,-61,60,69,30,154,162,-23,72,197,31,91,-145,126,-100,3,116,31,-79,-16,-28,124,37,56,51,116,54,25,-68,9,-45,-125,94,-104,-229,8,24,-69,-108,67,26,25,79,183,152,-84,215,-40,-100,170,19,-134,9,-61,-42,189,-29,62,0,117,-82,218,136,10,31,11,-35,-260,-28,-204,5,168,179,152,-107,-29,-81,-216,-76,-198,160,76,-38,181,-102,65,140,121,103,-70
-28,54,-17,173,-112,-47,-58,-119,31,157,-49,52,17,-18,-13,-35,3,24,137,-93,85,177,85,-48,41,-55,-11,52,14,113,11,6,85,-54,5,-112,-142,56,-10,47,94,109,47,-10,63,186,-166,-10,10,77,140,-98,160,45,-135,115,18,-148,-114,-117,169,-12,84,-9,-104,-195,70,-48,7,-263,-74,153,-116,-29,82,-157,-9,-21,-157,-118,-39,-219,-74,87,-41,-11,46,-14,222,-79,-11,-57,118,-134,-61,73,-34,-35,-36,-173,2,-139,-187,-86,103,20,114,161,-199,9,6,-11,9,142,-130,127,71,22,43,21,-131,-123,-67,-95,-91,-26,111,-126,12,55,124,49,-161,140,70,-32,64,-25,19,166,-105,249,72,-103,-46,-248,30,198,103
134,234,103,235,163,217,113,56,25,4,76,37,-98,3,73,194,-84,-128,214,133,108,60,-22,60,14,153,90,322,173,89,203,140,53,121,94,-80,94,210,93,122,118,-41,49,246,113,14,10,166,-42,94,242,20,267,120,-23,7,170,35,79,-111,-8,75,44,-34,210,-110,263,-234,54,84,129,-109,168,7,130,-56,-8,212,-142,100,59,-47,98,175,65,291,104,116,80,-178,326,2,-15,-10,0,98,0,10,-19,111,-40,-151,9,108,-20,110,170,178,-118,-4,-29,216,44,172,2,145,-57,61,115,89,110,-254,109,195,132,-39,314,-86,188,168,87,-73,78,209,140,-23,208,61,-42,315,-40,9,12,-96,-33,-46,-97,192,152
-14,-166,98,29,201,66,121,-134,14,48,105,160,-14,-54,-5,-189,155,-110,40,6,27,52,-106,-6,-85,10,-52,24,29,-71,-2,-25,111,-41,-14,40,34,-52,66,-90,13,-160,14,91,1,-104,-52,192,-43,132,46,-114,149,-87,97,6,167,-8,30,-98,-120,96,59,-109,-26,128,-47,127,235,-2,69,244,-21,133,106,184,188,-83,218,115,203,-15,-27,82,119,-21,-83,-28,94,109,10,121,67,218,-55,113,5,75,-26,69,-238,-41,-2,-13,60,89,52,-30,81,66,28,-70,78,88,50,70,-112,39,-146,40,-5,197,45,12,75,58,-221,420,-16,31,-54,-20,169,9,214,236,40,49,20,-103,8,-58,-131,35,-130,-28,27,153,-156
176,-95,112,-4,-20,52,145,49,215,64,-136,82,131,75,78,155,-111,-86,153,7,-42,24,20,-109,-109,-76,136,158,19,148,63,126,88,56,-82,123,214,-78,-38,-126,58,-138,-62,171,-151,109,9,18,49,211,88,162,70,21,12,117,62,158,-9,164,-12,-10,-18,260,-97,-68,-2,244,81,220,41,54,114,9,96,-6,-11,-149,211,-58,58,124,96,-17,-95,104,-125,191,73,18,-52,5,-6,14,-57,14,136,-106,137,126,-120,-23,32,32,-38,158,97,-19,99,228,157,8,11,-1,366,186,17,1,157,-182,101,36,169,-42,140,33,-3,127,24,98,-115,154,-120,247,32,80,-209,43,77,130,28,51,-123,43,61,168,187,188,222
123,66,85,160,63,132,218,156,64,-112,53,33,27,-10,-77,-147,-96,21,-93,-38,109,49,-49,175,61,95,-129,16,184,117,61,51,29,112,-23,12,132,3,-77,-3,135,-4,92,73,-5,137,22,-115,53,-24,-127,50,140,60,26,53,102,223,44,194,27,111,200,101,-73,255,95,43,18,76,192,-22,167,94,27,77,135,6,165,152,-88,191,6,-24,228,117,73,167,193,42,190,164,-59,114,7,155,244,-24,-11,81,70,68,63,218,65,71,130,180,111,245,81,183,151,-86,-71,181,122,136,135,68,143,28,-20,74,-32,-118,88,88,40,10,68,99,-48,-39,-32,91,45,-76,170,-77,111,58,42,64,-27,36,219,-72,106
285,-78,150,59,9,1,175,60,32,-18,93,101,135,24,226,288,35,156,199,70,-164,-127,215,111,-17,175,278,74,39,135,229,267,8,38,350,101,37,140,195,57,24,-37,-69,-43,-47,-10,62,216,148,-57,114,243,233,49,-93,231,34,66,166,-1,209,-106,-18,-23,68,18,26,1,14,188,-51,-20,139,-20,195,65,-116,-3,325,106,183,127,-73,293,-84,-42,94,23,114,3,42,57,196,113,219,48,82,9,242,293,-61,2,30,98,-14,-122,39,-88,70,8,151,2,65,-63,176,206,-85,-32,147,-2,107,35,39,239,174,11,196,83,216,-13,47,234,123,-7,28,35,-59,-294,54,148,32,-10,378,287,125,72,62,58,4
58,-48,37,-110,165,66,25,123,128,67,-78,202,236,-13,34,-40,17,57,41,41,16,154,-172,-3,-33,257,-169,13,75,-40,229,128,-108,57,127,109,-1,33,-26,82,-119,-131,-106,-32,124,189,-20,-126,55,46,-5,115,91,-57,25,202,131,88,-44,125,128,54,44,-134,161,-43,-84,21,262,13,-4,-108,-62,-99,16,137,1,-190,39,-52,84,-25,43,-43,-99,-1,45,265,-73,-21,140,117,18,-11,-124,214,4,124,44,182,-28,-49,110,96,-64,-42,105,-38,85,97,-163,72,5,113,5,101,-47,41,-50,307,227,-48,-69,153,-136,45,-5,-12,5,128,-59,68,3,35,4,209,158,75,37,105,133,88,-44,-115,107,236,-124,-123,77
96,111,58,27,110,61,-44,-10,-91,207,119,-110,105,-79,117,-27,-42,-53,-41,-67,-110,-91,136,41,-47,6,-28,70,109,62,73,-161,55,5,2,-48,78,-23,4,110,46,28,-47,-111,-58,77,-95,-77,-128,25,15,-269,169,10,13,-31,54,-54,-31,9,9,9,88,-85,14,239,36,-60,100,70,23,-166,41,172,-87,52,87,2,71,122,-189,60,53,61,-101,300,-33,170,71,-164,262,95,23,41,64,-13,-175,74,13,151,-132,53,126,-45,-93,-71,46,15,124,-13,32,230,-4,-21,-73,-68,-88,-94,-11,151,-89,9,30,48,-72,-28,118,5,-9,36,195,-370,59,117,-73,146,-27,216,201,-25,69,127,229,-16,86,-31,67,192,25
-98,43,118,124,-55,68,153,177,74,148,148,126,219,29,170,-23,155,53,87,15,265,-39,107,219,38,116,122,261,178,341,152,164,-4,55,66,144,89,108,91,91,52,-163,-38,324,11,69,42,201,-38,251,39,-70,-101,-108,168,42,116,-92,33,110,-179,23,-75,161,-42,-204,271,39,82,43,-8,145,-34,20,14,66,36,-67,94,-124,-62,-97,102,54,7,-104,-84,0,44,15,-21,308,315,127,237,128,30,24,47,-51,115,-162,-74,-61,76,-34,-51,132,123,-19,-38,41,158,44,111,80,-52,154,39,74,246,119,167,79,97,1,-42,-26,-14,33,-27,55,247,79,-6,356,107,130,160,91,23,128,304,-58,148,137,47,68,-108
151,-79,-87,102,-147,193,-78,-160,-112,-60,-52,218,97,62,62,-52,-59,66,26,130,-101,118,28,-163,-38,51,-181,188,69,79,248,247,71,-129,15,214,32,56,189,-179,99,-225,15,61,-47,41,123,21,8,159,54,-3,-40,-70,166,-53,-41,-102,-16,125,-67,104,153,59,40,-106,152,136,234,133,-93,81,-7,235,72,-51,58,-164,101,-8,46,272,-35,11,-16,103,59,250,20,11,149,-177,-109,-59,-58,-34,0,19,54,22,-29,-13,112,64,45,-27,-73,46,93,2,73,-97,153,148,75,48,71,-162,101,8,0,55,-61,44,-41,26,-34,86,-94,145,-67,56,-63,317,44,65,3,79,138,11,133,4,-71,-25,9,-87,-63,-70,8
28,43,73,27,23,3,76,174,65,-53,156,36,169,-77,122,-1,10,24,30,-109,-29,-79,-59,43,-65,-170,214,105,86,-7,-78,-152,8,-84,-52,88,30,163,-167,78,-38,32,135,155,65,-57,-45,218,48,-121,-68,-2,-32,0,28,-14,253,-26,-28,-40,-91,-96,33,127,132,-120,90,-45,-120,-112,141,54,23,62,-10,15,138,-142,196,61,149,-48,247,18,-65,136,42,94,100,-38,161,-47,99,21,150,-85,44,28,74,-162,145,34,202,-21,91,113,5,-3,13,179,107,182,-59,22,270,108,67,-148,230,32,-62,33,126,-16,140,-64,-1,-109,-63,-112,-22,92,156,101,-65,-23,33,34,164,18,-35,269,19,51,115,56,-42,78,142
152,30,124,85,148,31,234,38,-46,182,188,-79,-74,-38,100,41,-14,281,117,129,267,-101,212,125,27,161,260,153,114,142,26,1,5,-26,149,156,174,-104,84,333,79,-141,145,93,-61,17,60,154,215,53,278,-95,196,54,96,109,216,20,200,43,-52,46,144,-15,57,201,-36,168,181,78,68,-91,178,263,-63,34,115,-70,100,220,-72,-49,72,-59,224,220,-45,6,-14,-50,224,17,-151,62,-15,134,-59,60,-63,61,-53,-25,87,143,201,279,43,50,71,-261,62,27,41,-42,-1,61,168,-40,-112,77,40,-67,-34,-187,56,103,61,-12,37,55,188,-74,-6,18,83,227,31,115,93,125,136,-38,34,76,-7,258,-58,-30,-92
86,134,29,163,66,56,109,119,-15,135,81,-43,196,-21,321,266,88,64,-6,203,148,-106,120,47,117,-17,0,269,220,100,191,221,107,-10,116,230,127,150,215,25,101,88,5,295,53,187,111,236,103,126,-158,150,0,68,8,85,197,203,-50,151,-58,0,81,71,25,-229,85,-36,40,228,-9,-34,55,75,112,-23,193,-62,-22,-108,-151,165,143,155,19,228,245,185,33,-7,34,-52,294,102,127,140,18,33,-177,196,-34,-59,227,35,275,254,-68,28,-24,4,-77,-44,-43,-79,57,53,-154,-182,32,-34,7,22,149,115,-42,130,266,-139,42,156,106,-142,64,112,-45,90,-8,154,81,234,29,26,79,83,162,92,73,137,-45
163,24,-63,-28,241,158,179,16,-43,214,30,-46,13,93,170,-22,-51,178,-16,151,69,-13,223,1,-77,105,79,186,83,121,47,150,167,96,-61,132,290,-122,217,-39,66,-40,4,69,9,-129,37,-94,-34,22,-62,-105,-35,54,208,-34,29,78,-174,252,-9,29,-59,-23,-54,133,43,12,191,55,-81,72,73,207,-57,-178,123,82,-99,137,-127,189,202,73,38,154,93,11,134,-165,157,-71,-42,4,-24,19,-18,-102,115,209,-122,-98,98,-30,-58,143,16,59,118,-77,122,-119,-17,-58,96,180,-181,-4,-20,80,100,116,178,-147,120,-66,38,-15,34,75,168,-60,-20,103,114,105,-141,-36,29,-118,-7,-83,-22,62,-118,175,46,-43,-36
-10,131,157,14,274,169,181,227,36,127,110,126,116,208,-6,23,-17,159,99,-9,116,142,-107,50,-76,170,8,43,70,210,-31,26,128,115,122,45,155,68,-32,115,240,-80,302,248,-12,-6,16,87,80,32,101,8,52,-30,-2,-9,-12,230,-1,130,83,29,-103,267,37,174,-36,188,-62,159,99,94,-42,38,-42,90,40,46,131,-61,49,199,273,-38,-20,-9,-71,180,23,76,101,57,-90,-10,154,292,259,70,-128,38,41,84,58,180,0,270,244,-81,35,39,61,39,111,46,178,-47,160,112,39,-59,164,25,157,-163,125,181,38,42,1,44,-100,340,76,-56,134,-26,68,18,162,-138,177,158,-162,225,-64,302,45,140,302
268,0,105,237,23,113,13,-16,135,-139,-120,65,45,165,-3,-18,87,-18,61,-3,54,99,-150,171,-27,28,-9,82,188,-8,34,-68,-109,-50,28,157,40,190,38,184,64,33,164,261,1,147,65,28,-12,40,84,123,-98,99,-11,227,84,239,0,20,-115,10,104,-12,197,9,11,-10,115,145,39,-42,36,-156,-11,92,220,-109,118,26,-64,-157,12,97,-27,103,121,70,169,99,78,174,25,-28,30,10,157,122,109,42,89,-223,220,66,9,22,136,28,-25,95,-23,64,22,16,140,45,134,-16,110,69,245,61,125,19,142,-30,-39,-2,65,25,121,-101,-79,-6,-88,-104,174,57,-43,24,320,143,41,144,20,75,151,33,-19
-47,123,139,7,101,109,43,-47,93,-55,48,26,-16,-11,146,-74,41,222,0,-40,189,-29,-114,-1,-20,-156,121,199,-3,-31,8,138,-66,-7,-28,82,64,-119,116,8,-98,-38,29,152,-35,-17,-27,167,111,177,75,-240,31,22,37,43,303,-46,-19,67,-287,69,3,-128,-97,-37,26,202,29,137,58,62,7,133,151,2,78,14,36,-85,-14,164,95,131,14,119,24,14,88,39,195,107,31,95,-100,156,94,40,22,214,-135,20,10,-26,-31,441,26,-21,131,96,-67,111,-36,29,45,36,-31,-101,-118,31,5,-10,157,-6,-56,-37,-160,146,184,32,96,16,-62,164,-160,73,-56,56,48,107,-16,-115,29,-43,-131,183,-175,-106,-239
60,-146,142,-65,109,58,30,-67,73,74,-122,206,-113,105,-38,32,158,-25,72,43,43,124,-3,-26,-11,96,77,166,47,9,154,-167,49,-12,105,25,85,141,-61,29,188,112,80,176,-226,128,12,-33,-66,81,100,82,257,218,-61,105,42,251,80,191,-33,32,-110,38,-30,48,-7,138,45,65,-31,99,42,-137,-97,-123,186,68,118,62,30,39,-12,111,44,15,-32,164,134,17,67,-35,9,-86,-78,282,169,39,101,259,-91,10,97,136,42,278,108,168,47,18,-150,23,43,-29,109,-33,4,192,-212,53,114,-7,5,162,-176,14,-30,46,-3,57,41,26,-44,-20,100,45,-147,75,185,-11,82,15,-67,-9,-15,154,180,29,178
125,-25,-155,-45,5,156,-67,112,28,32,86,288,145,86,-90,-93,152,-17,-48,135,71,3,-116,-63,-32,41,15,-121,47,-53,-86,93,103,-74,91,-38,143,1,-5,102,119,-41,105,98,152,221,-95,-7,72,55,-120,-125,-75,157,-124,-89,80,111,220,120,-69,-2,94,74,35,-17,156,47,-203,33,152,171,-65,-83,15,48,121,37,28,-2,11,89,-8,-176,72,-63,138,128,44,35,106,-88,109,290,-53,52,217,149,190,123,91,38,164,7,258,-45,-41,-56,-45,409,-142,42,178,182,62,11,112,87,51,152,152,99,209,75,-94,-79,-123,218,1,-29,-95,175,35,160,206,87,27,56,130,23,142,60,-206,136,-41,93,-211,151,11
118,-82,55,41,71,119,-42,89,-12,-81,107,112,-13,105,51,-12,88,36,-16,190,33,19,50,-73,-19,-85,105,34,-100,45,-25,-3,-98,-59,-27,59,-93,-22,68,148,13,-44,80,-28,-129,-112,-2,160,113,67,-56,158,-20,8,109,101,87,-106,67,154,-59,61,32,81,37,111,-104,61,29,68,65,-98,-232,41,-98,42,-144,159,-132,-42,-83,-89,-150,141,-119,44,83,-58,-87,121,-71,63,-96,49,158,-51,-133,-105,-39,170,-126,68,-59,134,-52,-26,41,-86,6,6,-17,21,69,5,248,-56,164,-119,148,-37,43,66,15,-26,-177,-78,-16,142,41,-90,-8,-150,33,198,-9,-72,-136,119,-47,-201,102,-98,55,137,-49,88,-134,5,97
-42,-47,161,254,150,85,116,183,-24,22,125,-49,236,83,-236,47,115,79,-113,48,201,-241,-9,-45,-26,45,86,176,176,179,-18,239,-66,-79,-88,-16,148,26,174,-114,-3,-41,22,102,-150,22,-27,169,-8,135,-16,31,118,42,101,63,91,201,42,231,141,141,-65,171,-78,56,221,188,-79,224,98,-38,2,-42,209,20,254,-5,57,-98,262,-56,-40,65,12,98,24,106,46,97,-40,72,70,259,46,133,-39,-33,75,239,66,1,-16,203,117,36,109,-98,38,172,100,97,-135,142,301,204,-9,-51,46,22,267,75,58,194,41,79,0,209,59,104,-145,79,-67,-21,36,83,81,-9,89,-12,-66,-81,6,-7,102,7,-43,27,257
91,85,-49,-2,99,-12,-6,22,-46,23,-20,-12,-72,-65,184,72,27,34,83,30,-39,73,161,-40,88,-57,-207,76,40,-140,96,-143,63,-75,-128,87,11,223,154,-107,-139,-6,21,-47,-1,-64,-196,11,-101,15,-127,-29,211,15,7,-30,108,-4,33,128,-34,-159,36,-89,37,-158,49,-136,46,-64,-66,-205,160,41,14,-120,47,-157,-26,-164,52,22,51,-123,59,18,41,18,60,-56,44,-173,-23,-161,81,99,-70,86,10,-29,-155,-125,203,37,-39,122,-57,-39,-45,43,-67,-80,-188,-2,-10,-1,-7,-180,-10,224,51,-120,-9,102,-301,-21,144,-92,78,-116,103,67,45,13,111,-10,24,118,206,143,-34,140,-1,-55,82,-141,95,-7,86
80,135,133,174,-53,270,134,-38,112,24,-73,34,100,22,15,13,29,142,35,147,178,28,29,52,96,109,-109,62,31,152,220,-71,-21,212,96,186,51,102,84,193,0,-1,7,-5,111,171,-4,51,89,-22,-66,80,45,145,158,248,-67,-57,68,-24,46,44,104,91,-13,33,-22,15,75,-64,-21,-31,11,83,-107,-32,147,65,374,103,107,72,-47,224,109,76,-17,97,42,-4,144,50,37,-29,59,203,-19,76,55,129,138,-68,123,135,203,90,114,-19,55,-5,6,71,128,55,-147,-16,-60,48,28,35,-35,1,-137,187,-116,-98,-45,-52,4,73,-6,-16,-91,83,97,-23,25,123,164,157,30,15,14,-123,85,72,92,131,53
221,224,124,-120,30,-5,-47,-101,23,108,52,-93,-80,-147,156,131,37,160,101,62,72,89,152,28,49,-16,152,-169,15,110,68,4,113,32,21,-25,-111,91,-41,122,137,99,95,120,153,98,-52,5,108,-126,-204,-40,-48,190,-144,87,43,54,189,-11,-121,-2,53,15,-67,26,-22,-50,20,-11,228,108,166,137,-24,113,-31,126,-77,-103,-105,-62,57,252,99,-33,6,161,30,-5,-76,76,88,-168,239,147,-23,251,-275,54,73,76,133,23,145,112,-42,70,28,-58,-27,-138,20,151,-55,-145,89,26,211,5,27,84,-47,170,121,-79,46,-6,146,9,138,-61,-210,-90,40,-56,33,29,174,100,-30,14,-104,94,125,-60,246,114,53
151,-9,-49,26,10,47,77,-144,17,154,63,-83,37,96,78,75,49,48,36,47,106,10,150,-35,32,-2,219,137,41,21,173,208,248,-70,96,-46,181,-56,50,-11,-35,-81,163,233,-28,-82,130,149,70,-72,156,33,-29,196,19,8,114,51,126,161,-162,-14,21,-46,-103,-129,94,-28,-44,19,-7,-74,0,161,116,-18,-124,-36,111,88,-202,151,293,80,230,11,-47,287,-76,69,136,-117,9,88,101,-56,-134,-92,30,55,-131,-9,164,56,-26,99,-61,245,8,81,36,-151,31,-69,276,35,63,6,-166,-19,46,80,228,95,148,-34,10,130,141,-62,161,-3,-153,-51,141,199,-67,29,165,48,181,-49,33,38,11,39,-79,96,-53
-51,39,-26,-119,-34,154,-141,244,35,27,242,130,144,91,91,80,21,148,-16,115,66,-98,187,306,86,-6,274,-67,29,231,37,4,146,-116,-18,213,18,258,11,151,151,180,109,101,142,-201,160,-17,-49,-18,45,0,-106,35,41,15,52,-50,249,90,39,-104,-22,171,14,-177,-98,-79,-153,21,85,-27,-13,122,109,159,93,62,93,131,41,-12,133,112,-30,142,121,107,-49,13,-27,128,-12,154,125,43,25,23,164,125,219,12,104,30,32,-100,153,-269,29,18,199,-144,-84,112,27,276,58,-11,211,-37,-43,147,97,11,281,13,31,21,211,-15,-33,135,152,193,-71,-38,134,-224,-70,-53,2,205,-10,120,-96,167,-9,156,195
-36,28,-23,9,103,130,131,-72,166,130,-36,18,60,-58,118,123,82,-22,108,55,57,-27,-21,17,4,83,91,189,92,23,58,171,157,-145,73,30,189,47,22,194,-97,118,166,58,126,145,190,97,-79,204,103,156,219,34,3,141,104,62,100,-132,14,-87,-121,-35,55,-30,29,-66,-88,-44,112,-23,346,130,183,32,5,55,-43,97,115,-5,204,256,187,63,114,12,-63,84,67,90,62,227,48,24,148,160,121,49,-121,-30,182,146,126,206,98,103,-48,-123,243,-105,100,95,82,60,39,-76,95,-6,-34,-100,55,177,8,-99,-18,-32,136,-48,83,179,-16,96,160,51,-83,-47,216,2,-22,33,17,117,22,195,11,219,80
161,101,-27,90,-74,71,158,40,87,23,-1,72,173,-32,229,-60,187,28,239,-105,127,-7,0,32,-40,205,-172,34,179,204,149,174,87,67,2,-66,175,171,126,71,-71,-41,-29,129,-77,104,91,22,92,-193,39,126,49,207,39,129,122,-8,-67,60,180,42,31,52,137,-100,67,-41,70,88,-76,44,-12,-57,-168,129,-34,-72,-47,-134,-1,60,228,2,-82,-69,66,24,259,-2,276,-56,233,91,101,37,149,33,50,133,144,-79,211,1,263,136,-30,-191,-190,105,-36,154,218,119,-17,-52,-141,-228,-32,207,76,16,191,-104,-83,47,135,95,239,-14,57,15,18,123,102,139,-137,142,102,134,154,-17,-39,127,-175,-7,-43,101,184
-32,-182,140,140,119,-100,150,66,34,215,-23,-105,-83,-71,6,195,-29,125,102,92,130,24,57,144,110,-5,190,200,60,125,148,276,-16,69,281,231,48,132,258,-47,141,44,-5,167,42,-32,-50,163,237,-35,238,85,-120,-80,80,115,17,57,-42,-26,-130,68,25,201,-86,-226,47,14,-65,105,-90,43,55,-85,181,-115,-120,-71,169,6,194,219,30,160,31,-45,70,120,-16,288,4,123,68,35,184,122,60,24,91,34,-39,-60,-38,-8,29,-24,205,20,57,77,139,31,6,-42,78,139,-12,91,119,-138,171,-224,-21,208,184,-6,96,116,0,167,-82,164,150,121,-29,53,139,15,88,28,-25,-19,82,46,196,-82,-99,9,41
-3,39,6,23,-105,46,260,-38,-9,2,147,-13,142,-152,135,25,147,153,-94,-56,238,-135,287,107,147,-55,-77,108,-168,138,-9,248,-8,40,76,82,99,-36,22,-17,-29,3,-134,-168,-46,80,134,208,-77,-155,-100,202,-120,116,215,210,-176,-181,71,-1,121,-16,93,137,-330,-164,-60,102,29,82,85,-47,27,61,209,162,113,7,111,12,131,43,-122,63,102,-7,127,12,-47,-27,-171,223,82,13,37,257,-117,-25,42,120,-112,-26,-26,0,243,24,93,34,-96,-25,11,-123,-14,-25,-40,106,-128,-11,53,63,57,-59,-53,112,-16,27,-102,79,175,4,-28,72,79,-55,90,25,-16,63,77,137,-42,8,159,-22,105,78,-125,134,118
-59,74,-8,83,-71,102,-101,-35,60,21,-167,-18,94,38,175,-11,-89,1,137,23,-111,-63,139,166,104,93,108,-37,37,176,190,-6,78,15,-42,-48,312,-66,34,248,151,53,-69,-73,-61,82,75,59,-51,230,88,38,329,10,78,-23,62,-85,150,-139,62,3,164,128,-23,0,-92,-98,160,-9,69,-143,262,128,-151,63,223,-10,10,36,-13,53,178,117,-101,23,121,14,-86,62,104,202,-65,-48,12,-86,68,-31,-15,70,79,20,-31,-48,87,-133,97,235,-21,-56,21,-37,88,145,-180,44,100,70,33,115,-54,-14,-57,37,-43,35,-67,-219,45,-169,214,-96,94,-15,173,-16,29,-10,27,-57,122,154,9,17,3,122,56,68,159
110,6,114,-129,23,-30,203,52,83,-9,84,57,41,25,167,86,22,132,-110,230,-81,170,182,-85,134,-6,35,185,211,65,209,33,69,-49,-99,-97,212,60,122,-35,106,36,231,145,45,91,97,40,-20,-132,17,-204,200,98,-86,69,-48,-42,72,44,93,42,94,43,142,-141,-37,-152,-58,52,93,158,-68,46,24,-67,133,-60,174,119,-247,-1,198,154,123,170,-12,194,69,-43,250,24,78,52,49,245,-63,111,109,132,75,18,99,18,67,80,-32,137,-145,-126,110,96,-46,-129,-75,-127,172,-168,-10,-7,-73,-12,12,15,-105,-7,18,-31,130,-7,234,-111,-44,116,79,-42,-114,8,173,12,230,-98,51,-112,-67,23,321,166,180
284,-29,17,98,6,191,-88,98,-148,53,-49,182,-104,198,51,-13,-88,106,151,167,-9,275,189,80,64,-5,3,40,69,153,205,5,96,-23,-84,-60,55,138,121,37,220,108,189,50,-54,141,5,112,-171,-30,-23,179,-55,41,25,17,54,-130,-13,228,90,6,108,-71,77,9,-30,-75,-77,211,40,46,-24,79,-58,-51,59,65,31,-87,-221,159,-142,38,-143,84,145,196,183,112,-80,13,-85,25,39,-104,83,-130,-7,143,167,-75,110,-191,148,126,61,-10,-17,114,-4,-99,68,102,129,10,63,216,121,-11,-110,-55,223,12,79,70,-31,57,169,-69,84,-146,71,178,72,-71,93,-231,11,32,235,-107,159,215,-112,230,-42,-39,164
-112,-199,16,59,181,124,120,227,158,92,134,183,203,-204,8,-28,214,-48,-148,51,157,-208,-26,-20,91,321,34,3,47,122,-62,80,-15,112,64,-46,202,33,-124,104,-158,-65,215,-72,-94,-120,-121,135,145,-86,115,193,204,20,5,43,287,21,261,-21,254,68,34,117,189,97,89,38,-85,224,16,118,0,65,-146,57,194,-41,233,-38,345,8,207,40,-104,67,53,53,-91,178,134,-31,84,415,10,58,-133,116,85,62,24,98,172,111,337,86,239,10,124,176,71,309,-50,120,87,150,71,-134,-53,51,116,46,288,103,-52,150,39,154,33,115,90,44,256,65,318,46,-45,109,232,12,163,28,-47,-95,34,-14,-145,186,247
-10,-45,-155,6,-48,-116,-13,170,8,-24,204,-13,126,20,-94,11,27,-218,-149,-19,71,-63,11,-109,17,-73,-49,-17,-12,-64,-28,-201,42,-144,-16,-96,33,69,12,146,63,13,-284,10,18,-9,-59,-62,45,-22,-16,141,54,-113,154,73,124,-83,115,-40,-41,84,-83,99,100,-90,-62,194,16,-53,87,-56,118,52,-200,172,-107,-103,69,-215,172,-6,-6,-45,68,-96,229,-105,-134,-50,-47,140,139,11,272,-39,-32,55,-114,-169,-91,-36,75,-52,313,-60,-17,-23,-22,-45,-142,-52,-56,-180,159,-37,154,-160,-29,-33,-22,-46,-105,113,-200,65,179,-30,-104,-124,149,-135,56,146,-41,-127,-73,-12,150,67,-13,45,-56,-6,109,-23,-26,41,175
116,27,-278,-60,-139,112,70,67,25,-41,92,430,240,107,-108,-47,24,153,18,147,160,27,3,32,190,261,55,75,115,224,226,195,59,69,30,200,43,248,85,82,-141,-99,132,49,34,108,261,163,-64,-41,-66,170,-33,-59,162,14,-76,42,259,84,-68,-60,-37,-114,36,-69,22,-200,13,233,-10,-209,-84,-9,-19,111,235,-17,207,22,165,133,13,44,114,184,161,314,101,-17,228,57,-7,145,-132,-35,-10,-43,-34,46,81,-165,262,177,199,-31,32,91,-88,25,21,-129,172,-27,274,110,-11,106,-208,196,135,68,184,257,11,126,-97,140,7,85,51,217,20,-29,236,63,53,-174,112,156,112,-123,7,-124,-1,259,13,221,23
76,-184,89,-179,57,63,151,222,128,108,88,59,19,157,15,-64,168,144,11,222,101,118,137,59,19,151,132,210,125,225,144,-10,289,-118,370,58,113,-24,89,-69,89,-24,-35,259,-31,-153,95,-88,59,-143,-101,-83,-180,60,22,37,28,13,154,-125,42,193,50,-86,33,-124,-100,88,97,17,-162,-23,74,330,27,-13,24,181,122,98,64,360,70,60,25,28,36,275,-70,32,58,-127,183,108,166,123,-132,-82,34,97,-67,-58,96,26,158,80,25,61,196,-9,-80,-46,29,-29,103,-61,-104,111,-165,239,12,122,21,91,74,134,4,95,153,-6,44,-84,200,-29,115,-23,-104,-43,25,17,288,-145,52,-115,50,221,-142,52,173
28,-12,-13,-57,-1,42,17,35,-37,34,71,-122,149,-62,-131,28,129,-36,-68,86,10,-143,23,50,-140,22,139,142,-47,113,-171,110,-163,167,54,-22,-15,46,-43,-44,-85,74,-44,-115,-90,61,257,123,43,-98,-101,302,65,112,8,25,36,96,73,23,69,32,124,100,-69,-64,21,-103,-25,10,142,33,-173,-23,-160,-232,78,-63,173,1,22,-21,45,136,-23,-49,169,62,-87,-78,92,-71,-29,148,-65,-178,-29,-236,1,27,-20,35,16,102,199,-90,117,161,-2,-77,33,-24,18,96,126,76,-68,-13,118,4,-138,-61,168,56,-19,34,111,-98,-6,45,30,-58,188,149,12,72,17,-38,18,18,-208,-130,1,-16,122,75,-176,-80,46
33,34,164,43,105,-6,261,-43,133,-66,26,29,64,-112,26,152,80,-78,-61,15,126,107,-93,58,-52,222,-3,178,152,124,89,154,164,-67,-51,-25,97,113,3,23,92,207,188,93,-50,194,2,131,107,70,-65,106,116,113,-154,51,83,144,143,44,35,81,14,-104,-18,-63,253,97,108,10,114,-90,162,-141,36,46,149,-150,108,7,45,-79,64,159,-14,-149,-57,-98,102,76,-7,38,-25,141,48,-35,110,-84,132,32,-63,-37,-83,173,137,91,120,23,-106,52,-21,-49,3,14,219,-112,-22,-46,-207,-61,30,33,-47,27,-21,99,-98,77,-37,115,-119,149,1,-54,207,93,-131,38,-31,52,19,-101,36,-26,141,-66,-79,-74,14
-51,-48,-60,17,59,67,21,63,112,33,-92,268,61,172,181,150,41,89,88,231,38,199,12,63,145,-24,254,153,119,6,101,131,119,-162,107,-21,-197,204,136,90,21,95,152,263,172,-37,253,167,32,189,-28,226,51,140,-177,42,56,43,197,197,-6,-66,-20,12,-62,-105,48,-64,-243,109,74,-56,-74,-126,75,146,85,52,138,69,101,82,50,269,78,159,95,143,70,139,81,66,147,107,153,-81,121,-18,51,8,63,144,51,75,100,26,174,45,48,206,111,107,-46,-102,160,95,127,111,219,-196,-125,-16,-92,59,53,90,-71,-154,86,176,24,311,26,11,-144,40,44,-21,150,75,256,198,152,18,-10,78,-7,175,124
120,56,40,98,132,173,10,60,-14,7,-10,224,112,105,138,-159,90,65,-155,-17,51,-9,-43,-2,109,165,98,141,-160,6,-19,159,-176,-36,86,71,188,-46,107,161,-72,-188,57,-15,-96,-5,113,16,-59,-71,34,-26,43,112,79,-100,258,-63,-90,6,62,104,36,89,145,-77,136,-100,66,70,83,165,-59,23,-50,69,123,-85,132,-14,-34,-89,78,-43,64,-35,-7,86,16,80,78,-31,-62,91,-48,1,-4,-95,64,108,-97,7,171,120,-171,142,-115,22,131,103,15,-21,35,47,154,-97,68,-140,57,93,197,219,212,67,7,-58,-70,106,113,-17,-31,0,267,-25,198,177,-98,-83,-97,-42,28,20,0,29,5,64,-1,-41,80
7,-146,-47,169,53,159,354,99,90,-11,96,-8,-5,38,117,63,138,128,3,93,99,47,48,45,119,225,52,266,-2,-9,87,102,-150,-132,78,145,126,10,104,-32,-134,41,66,4,-67,57,99,-29,34,-129,71,111,181,140,80,98,141,7,176,103,-91,16,185,40,-20,-165,58,21,185,182,70,-249,132,-67,-57,109,108,-19,61,203,202,217,98,57,103,252,-28,80,139,68,249,93,71,33,-102,63,28,-148,139,207,-27,-74,215,167,-28,225,133,-132,-8,93,-14,3,7,176,112,179,72,-138,-56,-88,6,-154,-8,-60,-67,8,39,279,110,11,-97,243,151,166,55,111,111,43,-90,46,8,-13,-70,-30,-242,-30,-64,154,70
119,26,-60,-227,29,-24,-158,-52,-1,51,-56,115,27,-90,-48,-9,59,34,-69,-18,71,8,-354,160,64,33,33,-65,186,91,114,108,204,-67,41,104,199,51,49,-21,168,183,-69,-20,-10,178,46,149,69,75,-84,-9,72,42,-57,188,177,115,74,-10,89,107,58,-13,189,-31,-69,-192,-35,126,-78,-192,-108,33,33,47,166,-63,26,-60,-3,67,125,198,112,10,80,241,-101,26,40,-136,96,180,25,-2,28,127,-63,-125,11,93,200,202,76,35,53,-90,44,97,-82,-49,28,-130,-213,23,-96,-32,24,67,-7,186,-12,193,-223,152,-77,-66,90,101,20,-80,-2,-61,52,181,129,74,124,-16,127,54,130,12,189,71,63,-5,-83
152,-197,-68,79,-26,108,89,-65,62,-25,6,64,184,11,22,44,-46,60,-87,200,-202,196,-81,-72,128,-17,-100,-7,55,66,146,203,142,-87,100,19,141,-38,13,15,-25,-47,345,-58,84,59,-85,-45,91,-122,186,-92,28,9,-110,35,-81,-20,-96,81,96,-13,288,-84,48,-303,54,108,120,167,77,19,246,71,119,22,-7,-59,18,244,-104,177,128,-9,276,163,87,252,75,-273,232,-81,1,-101,142,34,54,50,26,62,-82,92,125,61,61,36,45,-53,-60,57,18,-56,155,2,-60,-48,84,-171,187,-33,-115,-40,-82,-160,-22,54,41,42,-106,132,6,-102,-115,116,-65,46,-92,-27,116,44,136,68,76,44,-79,77,-38,177,173
69,-24,7,3,46,188,77,79,90,150,-65,132,42,-64,45,34,61,-92,-128,15,61,113,-57,108,98,220,184,165,111,63,117,151,-64,41,140,168,210,71,10,57,128,3,281,164,-14,72,290,169,30,110,244,35,67,-148,1,2,-53,36,-37,9,-84,30,116,-1,140,85,91,42,129,123,100,-5,173,207,33,125,178,126,102,22,41,58,28,89,161,160,52,214,-126,91,93,45,-6,290,52,150,-117,21,172,70,5,20,14,14,4,71,184,156,153,9,123,-82,56,-15,26,113,225,43,155,-77,8,-49,107,155,-10,92,144,-48,105,121,35,85,-10,172,-19,112,25,-20,58,47,234,-137,82,-23,123,106,36,231,13
-93,180,125,176,136,117,237,16,150,136,43,79,53,24,-28,-67,143,144,105,-21,120,20,11,165,40,124,42,120,117,132,138,11,59,-136,90,143,71,-193,4,116,-12,106,258,267,-10,-10,44,6,128,242,92,90,53,238,10,75,64,164,295,80,-32,22,-21,74,-193,197,144,202,90,44,11,-85,237,218,-66,19,150,99,-13,132,217,235,56,4,99,-60,73,-19,156,11,170,86,263,-120,80,195,46,-36,39,298,43,-87,51,150,249,126,46,-3,128,26,-27,30,61,-115,-19,124,26,44,-58,6,25,157,2,-76,-113,-51,95,-70,-121,-94,-156,222,-38,-269,123,-92,-89,-33,78,-133,237,-140,153,32,-97,150,-75,21,98
-29,101,91,93,-123,74,133,157,78,68,172,-24,51,40,177,-55,-35,152,16,-40,246,-30,259,46,25,64,155,-82,36,68,198,-32,115,141,41,123,67,180,213,64,99,5,-6,223,110,-15,45,49,79,-49,-32,-112,135,-10,43,62,-108,3,265,227,-167,-77,61,88,-135,-38,56,-74,-1,-82,-14,-54,-3,-48,-68,111,38,202,189,-156,150,114,13,37,260,240,50,49,76,110,197,-25,-108,101,202,-86,-66,182,64,46,65,39,188,-28,53,8,53,-147,170,280,-87,-43,61,309,41,38,56,94,124,79,-151,13,38,36,5,-85,118,173,2,-139,177,312,104,54,64,-79,125,40,-190,98,67,-155,77,74,49,-75,0,15,-42
134,179,137,-18,4,46,-30,-10,50,-84,80,-28,207,82,172,-105,-116,205,110,12,0,-128,7,46,149,3,-53,104,-125,-13,108,-13,-23,-126,50,154,75,48,87,-132,45,104,-24,54,-16,53,24,27,5,-16,-62,-6,-198,-20,101,22,167,-53,15,93,0,-66,-17,-28,44,-177,-77,119,110,207,-81,10,156,166,-9,-8,39,-106,121,-47,-160,169,-3,84,-26,232,90,265,57,7,-62,60,-93,-79,80,7,-16,-81,113,161,4,-83,256,97,-142,275,-68,-111,27,48,-53,-122,-3,83,60,151,-93,-14,259,-38,127,84,-8,201,-70,6,186,120,153,39,151,81,10,78,-109,-72,267,-61,-99,85,53,108,188,255,10,141,49,137,-120
96,6,-9,80,98,133,126,-125,35,208,23,74,84,251,92,52,3,-92,-35,13,215,-56,-42,-94,-58,-67,122,4,167,143,-201,213,3,126,-146,82,208,-23,96,148,50,116,115,123,-17,-147,-24,74,85,-174,254,90,-129,-77,72,-15,134,86,-61,304,163,-79,-101,138,64,-44,67,125,-13,71,41,-51,-54,-5,14,38,142,-53,-35,-76,-80,-55,73,53,-72,97,74,149,170,33,161,-91,125,25,0,88,-106,180,139,58,39,13,68,232,171,73,145,-95,-52,203,192,8,-10,-9,197,196,-1,-126,312,-25,70,100,76,107,-48,207,28,4,192,88,279,23,34,143,237,206,-22,142,92,74,-23,29,-66,-37,131,-32,106,159,29
111,-57,-171,-38,8,177,-2,-6,-84,62,260,116,166,298,90,-69,47,-56,-43,271,62,-112,93,197,-96,54,-49,8,174,16,196,-49,79,16,36,213,33,99,23,88,244,7,175,-58,61,26,125,16,35,-77,68,172,124,134,85,38,255,131,114,110,62,136,259,194,238,-3,90,-51,232,-81,273,139,39,61,-167,146,113,197,152,110,-73,106,225,66,34,182,71,190,29,-2,107,313,154,131,126,235,-50,-63,245,221,-29,83,119,139,58,43,125,73,37,97,43,-32,-22,-28,176,267,58,-106,-7,-26,8,128,213,64,-126,-36,61,51,82,21,151,-35,-55,285,102,63,78,130,105,156,175,219,-217,32,28,161,63,188,182
29,60,231,-69,-95,42,202,16,133,-59,147,105,26,56,9,34,58,76,37,-32,14,-32,38,14,90,83,-59,98,59,90,104,-23,261,79,36,69,-156,258,125,151,148,54,195,128,38,3,-53,-22,103,-86,108,2,60,21,-98,99,15,112,227,-152,-14,97,42,319,-76,48,142,95,-48,21,107,89,20,-114,29,80,10,69,41,-105,221,81,-25,87,103,3,-26,110,29,165,133,58,67,186,90,193,-54,-48,292,157,-174,-11,-59,95,59,-29,24,-64,-57,62,6,71,111,19,-98,60,-38,-30,196,-59,7,23,48,95,-143,7,51,299,193,135,-187,316,29,123,66,-36,-35,50,-82,-10,119,14,-34,112,-110,-95,-29,114,41
152,46,-91,-174,55,158,-43,47,-21,24,30,44,197,189,217,42,62,-34,43,79,75,34,64,-111,-133,54,7,158,89,109,104,375,202,-205,-22,180,77,333,242,53,106,-241,2,91,38,76,57,7,90,-75,22,55,125,212,-104,-7,162,-49,-6,18,98,65,130,131,113,-308,-76,58,4,63,30,185,133,99,135,-42,113,28,-15,-21,11,12,158,159,43,-35,157,9,-85,80,24,-169,102,67,-9,67,-13,-7,-113,216,-287,-24,190,155,-50,132,-19,-135,-151,-35,226,-101,-8,-29,139,160,-10,-234,137,98,34,-4,91,82,47,113,162,16,321,-55,112,60,-124,181,83,-31,89,-41,-62,232,69,69,-202,184,-82,140,-58,98,192
-46,179,-177,57,21,34,-5,142,131,103,-71,11,96,-97,92,-149,53,89,169,46,51,95,54,120,11,75,218,141,106,-33,110,-18,49,-81,93,177,38,27,176,208,192,-168,67,95,228,206,2,194,225,330,-46,20,152,23,38,-76,232,-164,85,15,33,102,76,104,219,139,37,14,232,130,-57,143,83,188,-18,176,-43,42,-30,53,260,-78,209,239,144,126,30,-192,162,127,221,141,139,174,43,87,-187,-2,-8,15,55,-91,-29,29,206,396,-134,-180,69,-171,26,-18,20,57,77,12,191,97,-13,57,16,121,141,40,101,-42,54,65,25,-44,19,17,-30,20,-1,100,80,72,-141,240,266,-2,-12,127,20,123,93,233,1
15,-73,-29,86,-58,160,135,227,83,64,65,-23,29,148,61,18,35,-206,51,170,1,0,202,66,44,175,-5,117,98,189,160,-221,9,151,140,-65,53,156,-58,74,111,76,-15,68,10,-107,148,7,-75,-13,-108,24,-10,-8,19,23,-3,2,-69,-122,133,230,-129,-115,122,-74,112,-120,-99,-96,26,65,-49,-46,-39,46,-119,-44,43,79,-3,78,35,147,47,76,38,-51,64,119,109,64,144,275,270,128,-3,70,-39,18,91,-40,-27,31,168,-101,-180,116,-111,-79,-120,228,116,-150,126,123,-33,22,-282,33,146,200,-181,203,-43,126,31,-40,71,-38,63,-149,-7,96,-67,56,-85,-190,-1,80,47,10,75,-107,42,-35,-82,52,49
122,99,226,121,19,146,214,266,113,178,123,111,66,55,72,-62,49,-57,39,-96,93,163,134,-84,125,233,-135,133,188,52,90,20,4,-27,-53,-10,94,106,131,118,183,-48,103,203,47,129,74,157,127,-36,8,-230,158,-184,-72,60,28,-69,59,150,-18,-9,-260,37,165,36,79,6,-79,-47,123,78,9,-48,54,56,-44,-126,127,-175,-121,-45,105,90,34,129,71,247,175,129,-4,-155,170,127,235,7,204,167,25,4,133,-163,27,30,111,136,13,-40,44,165,-22,147,142,86,158,-53,129,49,60,0,96,48,-141,221,-46,-4,128,89,6,-110,47,108,-13,139,-139,32,44,-36,68,59,148,72,250,91,13,-88,69,75,44
43,-115,-10,115,204,-19,-118,21,-141,197,4,-48,-17,111,-121,-17,-107,-45,-33,33,110,-140,220,145,-101,45,99,61,174,-119,27,92,-24,-1,-85,-69,150,51,145,27,281,-98,-5,152,3,-57,-167,79,60,-20,158,182,-26,-56,153,50,8,-157,-220,80,-66,106,75,71,1,14,-144,144,90,48,-7,108,10,96,33,186,85,-63,81,-47,-59,19,-72,106,-74,4,70,8,-265,50,-110,32,-25,-70,-99,177,-86,-19,-32,21,-29,-24,-76,-25,122,111,123,-105,145,85,245,-138,34,-132,26,132,-153,2,149,-197,194,131,-10,45,4,101,-59,95,-2,209,30,-93,118,195,22,70,-73,-38,-102,159,151,-103,-234,11,35,-2,-34,-78,44
181,-62,-85,-48,111,1,-94,256,-69,-103,25,72,228,-90,70,-63,-50,277,121,85,-79,-65,59,-64,-11,134,13,-13,-115,4,-21,-10,-58,66,22,52,41,17,18,6,32,-124,99,74,-12,32,-159,-210,24,-164,13,-1,-137,77,173,85,-40,121,88,-57,109,-38,225,62,8,1,-85,54,186,62,-95,102,101,93,-193,-126,195,127,188,166,240,61,-24,70,-4,150,-49,128,-50,80,231,50,27,110,61,-80,-55,130,270,219,1,3,90,22,28,-88,-16,-58,-10,-8,95,89,84,87,62,133,11,22,90,97,33,140,45,152,98,-23,234,28,183,-47,103,-102,-12,152,-10,-65,46,17,8,43,61,-48,-121,13,62,115,41,14,86
-22,33,-56,36,80,39,39,176,38,113,62,1,-59,138,62,-66,233,33,2,-53,-33,-8,214,176,-118,18,80,-54,197,-90,-39,-170,211,120,53,-59,45,152,-157,39,188,-64,-72,138,-31,-112,-78,132,-34,-100,33,82,150,26,277,-76,167,42,-92,-2,-242,-87,41,144,10,102,-6,-17,15,-28,164,56,300,163,-129,133,-95,37,39,-50,22,48,90,129,84,13,-14,-96,8,6,52,87,38,209,49,-28,134,59,217,37,-180,57,10,44,-30,-40,81,151,40,46,45,-21,106,-181,70,10,115,145,87,39,30,-2,-19,144,58,-70,13,216,219,-23,175,95,112,-137,256,-104,89,-20,148,19,81,-5,99,243,137,85,28,143,-28
82,-82,29,107,-46,4,8,9,-14,-93,-87,12,-12,-78,143,146,-58,35,115,90,-93,100,-7,-123,65,-21,155,206,23,-135,67,25,-7,-116,170,71,36,-155,157,236,192,-111,-34,-64,44,55,-146,5,101,-41,88,-56,-26,-159,-86,114,85,-7,84,-89,190,-8,123,-23,111,-72,33,-6,21,93,68,189,28,-30,171,-48,87,-58,-123,156,-24,52,132,-182,-21,199,-21,29,72,73,128,-156,-29,50,3,109,-60,128,109,-41,-161,24,47,-88,-209,178,52,5,38,-126,91,176,-147,-51,7,-3,74,-27,-64,-43,-96,-72,29,-23,13,141,-115,16,-46,150,205,-38,75,192,-17,43,-80,146,-92,153,111,10,137,61,107,-59,-157,-130,-201
2,-80,50,186,136,-128,-78,-40,116,-34,-130,203,19,-41,143,-168,-13,93,-7,-9,-94,233,149,129,-105,-84,78,-100,101,-168,76,157,83,-22,52,222,198,97,156,51,196,-52,84,123,2,26,-63,-11,171,222,49,-253,146,102,-165,-48,39,-55,4,121,28,43,105,14,-80,-8,30,188,327,-4,61,201,152,255,76,134,16,61,150,141,32,-17,39,1,18,115,21,1,-92,-50,-1,193,130,37,86,239,-119,41,144,278,-69,250,-184,129,44,6,83,14,20,-34,161,-22,188,39,-120,-39,34,128,201,75,-23,111,-131,122,-1,-28,-102,142,-38,-91,-85,-26,40,163,124,115,-79,84,13,-39,-45,-3,-21,124,-64,73,65,-17,171
130,-41,-25,112,-50,-159,138,138,-31,81,225,60,71,36,-25,-58,100,91,-53,-39,142,-98,178,-27,-39,5,153,158,-88,-35,-28,-38,100,-68,160,244,106,178,183,-29,11,-131,-4,-11,-64,101,98,-63,204,-191,88,-58,110,-29,153,100,23,104,-30,62,36,-27,42,86,107,-88,-83,22,49,7,-18,-19,138,79,-3,-49,-125,-28,228,-6,-23,-169,173,229,10,235,90,116,-75,33,92,38,117,109,129,99,-17,119,96,114,2,-128,199,90,-24,72,9,0,-43,-41,98,30,163,-100,176,212,-27,-76,85,165,20,-96,53,91,115,-81,59,99,59,-53,156,-22,-47,154,-111,145,9,-41,85,170,1,98,-70,134,103,100,-57,177,107
-77,-206,71,128,88,-55,-132,171,-36,82,160,43,-10,-26,-195,179,-61,130,94,238,-29,60,-101,134,-22,156,7,22,198,269,191,52,-24,4,-29,52,-44,-48,111,44,240,-72,78,-51,57,-25,-49,127,126,91,219,45,-59,31,183,112,96,38,29,-53,-103,120,131,-28,47,-1,-203,43,53,62,-16,20,18,25,-115,-3,-34,-77,114,95,98,32,115,90,44,2,170,-45,36,18,28,94,47,-54,207,38,7,8,-138,0,-81,4,120,-47,0,-73,72,-133,19,-30,113,103,48,-60,181,31,40,58,-72,136,-15,-98,-11,38,103,-7,-171,8,-43,109,-155,-170,89,-162,93,82,-56,53,147,30,-71,-2,-62,62,-16,78,-38,74,-51
128,0,-80,70,139,-53,77,11,-106,129,59,79,87,-15,73,170,-105,64,-62,106,31,-41,110,-126,-32,129,111,137,12,13,-22,-99,-35,-62,88,14,-30,-62,61,20,-42,74,-12,-121,75,-36,150,24,-20,-229,-24,-114,35,83,145,-19,11,37,77,-62,-43,-3,70,-41,160,-78,34,-65,-103,-77,-68,-127,58,-8,-102,58,60,83,239,15,-17,66,9,-108,30,-57,12,17,101,22,-35,-13,60,-63,-156,54,-142,17,-96,102,121,33,141,-207,154,117,-168,112,62,126,-61,-114,-41,41,165,185,62,-159,1,36,-139,-40,6,-118,-79,14,151,-21,-33,-88,181,-73,-53,77,97,51,-39,174,99,11,163,-18,-82,-90,198,-97,90,89,-218
-53,307,-47,-64,62,44,-2,92,48,-79,-45,-46,-27,-224,104,57,-29,248,35,-29,53,165,-27,-5,85,6,133,-2,-50,-6,-211,34,-27,-154,45,54,-44,179,72,57,30,-20,-22,82,115,-38,104,103,74,73,-182,48,-203,-22,33,100,-98,0,-26,63,4,1,-42,-28,143,-139,-76,-8,-119,121,-65,2,-38,69,-209,-1,91,27,-67,-16,-12,-59,-15,-25,-63,128,46,-39,124,119,265,62,-261,94,-8,36,-43,205,-154,-160,163,-12,27,72,91,117,142,-37,49,-183,13,96,97,50,-158,-119,50,41,133,-24,-140,-123,78,-31,190,5,48,26,18,2,-106,-16,8,70,-66,-84,284,-6,88,46,42,136,-2,238,24,-17,-32,-73,-26
41,-98,119,-148,230,33,172,160,83,8,7,-190,-5,168,37,-27,106,110,-65,50,96,89,22,-12,-6,-2,-43,-187,-93,44,-81,134,24,-75,90,158,151,20,-126,-32,22,-42,-99,13,-99,-9,55,37,62,-5,56,-7,60,90,-15,59,167,-53,-77,39,-112,61,121,68,-60,-73,-190,77,39,-28,-37,-105,207,341,78,141,-20,-61,-25,187,53,115,347,89,127,-79,51,-15,-80,-60,-38,-29,-52,-96,59,161,-38,-48,-91,188,-54,54,57,154,138,66,178,-1,-99,-34,-109,64,84,74,-165,-21,-97,25,-14,2,62,47,47,-41,220,94,29,-41,80,136,29,128,72,30,86,47,51,72,-35,122,-191,31,-63,-39,-112,138,-102,-5,-47
69,39,21,-24,157,43,55,31,9,103,93,108,-92,-47,-201,43,68,-230,90,114,141,146,-252,-131,-1,-27,-39,-66,93,72,-43,73,48,-40,7,62,155,-74,-83,15,81,97,112,-120,37,97,126,194,-76,149,-39,-11,-59,-72,-121,-55,203,91,182,-107,47,204,-69,-68,16,44,12,-113,-107,14,75,51,34,40,-65,-56,-51,-1,-35,-16,-79,-131,115,36,145,-4,111,-47,128,84,-126,-79,-24,122,49,-6,260,137,-313,-118,-4,18,97,209,135,222,140,127,-99,22,66,63,-52,57,185,-14,23,139,-18,-7,-1,-31,-30,47,116,-17,134,135,-169,162,-187,54,-43,35,166,219,34,30,28,25,-194,120,-40,-8,228,-68,96,164,-5
73,97,118,129,270,-1,112,72,102,141,65,154,84,51,2,-98,86,279,156,49,281,-78,108,165,-142,-82,265,-104,52,110,-120,103,65,-22,12,142,134,62,211,143,65,-56,52,266,-27,4,-155,148,153,101,142,8,135,22,107,75,170,-9,168,207,-47,-50,33,218,-89,329,69,40,94,126,50,-56,-92,118,54,171,145,199,156,95,136,-71,160,100,37,56,10,-85,71,95,44,178,91,181,7,45,-99,138,166,131,34,-31,91,-32,156,213,101,-184,-89,52,186,-107,18,56,112,108,103,204,57,84,7,98,134,107,-43,-116,-10,215,-48,64,154,30,112,-60,150,294,19,179,126,-14,111,-90,-12,199,25,150,8,16,-8
26,209,150,149,120,11,-22,90,131,52,69,188,150,94,-11,19,4,-117,-64,80,30,87,65,98,25,108,148,203,142,-16,-35,234,71,74,122,5,62,197,239,232,12,-77,137,155,149,130,158,145,-59,194,92,-41,90,-67,35,-24,97,26,94,-135,-57,99,-69,92,123,-92,82,32,-8,3,19,82,175,116,169,52,35,-78,56,-43,218,24,35,203,-46,16,219,99,-12,80,17,107,103,150,-13,-20,215,-23,-19,4,129,-93,30,19,91,88,-95,101,229,-65,-30,37,80,61,245,172,101,-17,66,4,139,-3,190,160,252,-69,38,124,80,137,-92,124,164,166,57,65,-1,-222,-65,89,181,-61,-48,136,-112,-2,-29,137,132
57,17,-137,125,-26,221,71,180,41,18,215,-95,74,99,154,110,74,159,56,36,202,53,227,-21,108,-66,101,204,156,145,-36,8,185,-47,-70,148,65,-84,-63,168,16,83,64,125,100,64,68,45,77,-34,-15,-29,25,1,-129,-38,275,69,202,-82,96,72,176,30,-70,140,54,123,54,53,106,-64,195,302,-110,156,89,147,-15,7,242,-73,126,5,146,98,181,-101,380,-45,154,69,2,17,153,-5,9,155,-50,61,42,69,148,240,141,110,18,-132,17,113,-37,-68,105,173,141,68,247,18,12,114,-28,55,-143,107,6,-171,48,93,240,-217,136,197,-3,-15,150,-104,57,175,209,44,-6,-23,-19,38,300,24,101,301,108
60,-5,158,172,-61,12,209,-76,-18,105,57,122,55,48,96,-84,62,138,90,26,49,132,134,86,123,-35,58,46,-109,26,76,86,-118,-194,-7,70,208,-201,56,32,6,-130,153,21,-4,3,117,153,118,-1,10,54,101,39,-19,247,72,-210,1,129,-12,-99,-84,58,57,58,-26,10,174,64,58,176,-16,15,-19,22,-96,-87,132,-6,-79,67,-32,64,-56,14,-81,123,-182,283,-17,-21,17,22,-33,184,142,-87,87,152,80,-47,75,95,-11,163,24,36,8,-7,176,147,-57,-253,87,72,152,-43,0,-100,191,-12,113,-24,16,97,73,-51,70,-146,122,11,-104,-12,18,64,-136,-65,164,-154,255,-146,11,47,-166,138,45,-9,183
-102,-98,4,102,-82,134,129,-123,-198,86,126,-56,171,238,273,53,-60,100,192,145,-104,27,43,177,-32,109,15,243,75,118,61,103,-37,67,241,109,5,-28,122,119,-67,-162,122,68,-24,27,73,82,6,-125,276,172,90,-25,128,-49,7,97,85,108,113,-29,36,57,77,-114,-56,124,143,-35,-51,-64,137,-3,-37,-176,30,-81,51,176,85,299,226,81,-136,71,54,46,-39,-88,253,-59,190,0,273,158,120,122,98,150,-26,27,24,99,31,-22,11,23,-57,-284,33,128,62,-69,66,-41,-41,-99,-108,233,176,-73,139,-35,-36,76,-72,-4,14,11,103,151,198,-159,58,148,-66,77,189,23,132,52,79,20,48,143,-98,112,98
121,-42,-1,127,154,249,-42,23,38,-89,33,193,-3,139,133,-12,31,-41,24,74,-6,166,90,37,-113,-114,9,111,248,-8,256,27,282,73,79,86,59,205,73,9,69,-218,126,129,-37,-17,14,-80,-40,162,-61,-94,245,199,-53,32,-105,95,9,219,-16,-24,112,187,58,96,114,-76,202,194,129,48,41,-6,-16,129,-55,90,96,143,-6,40,50,24,151,-4,125,97,262,-68,241,172,88,-62,156,165,23,33,136,117,-33,35,-64,166,-51,-89,224,133,84,97,-147,187,197,30,62,38,134,240,68,157,38,-30,79,111,77,-200,44,9,19,15,189,-10,108,70,115,101,-32,103,201,-69,127,90,177,148,-43,33,70,-85,62
254,-212,-106,39,-91,-114,74,63,126,-34,-2,-146,56,18,-62,164,-61,-61,92,161,39,48,183,151,15,218,-5,336,153,125,284,151,148,-9,-37,31,59,86,150,-87,60,-33,-20,45,36,126,68,-68,109,-12,-54,3,85,152,9,125,-107,99,156,42,150,233,211,-74,145,50,97,-13,174,212,109,126,22,-7,358,134,-168,47,224,158,86,55,199,109,193,144,65,81,-118,65,43,-93,87,198,140,187,-84,-2,185,69,-39,-39,28,63,-3,169,86,-250,74,-18,37,-65,-225,108,163,181,216,-136,147,66,63,112,41,207,74,190,18,295,190,-40,64,72,-8,104,180,184,2,57,-104,170,150,-87,10,215,244,-51,11,44,150
41,258,187,140,151,-68,113,-26,-80,274,150,136,114,41,61,-94,63,8,100,-32,98,130,18,96,-148,-160,225,11,169,-12,13,34,202,-27,25,11,34,-88,160,140,224,-31,106,181,41,74,-134,232,172,129,151,-115,160,-81,-101,-99,153,122,-57,21,-100,93,-144,-5,-46,271,151,189,53,87,-66,137,110,107,52,136,-79,40,-116,-24,-10,-108,88,56,-26,-70,-37,-35,109,-3,164,-72,139,51,219,68,13,8,31,127,-131,39,29,-82,15,142,-166,-32,155,109,38,28,111,-149,113,-60,-45,117,69,-6,11,151,56,85,39,-79,15,119,-5,-145,-90,31,-54,-103,-24,1,-214,255,249,-17,225,-117,-3,66,114,-20,-3,36,138
50,48,27,-15,-59,-71,-78,207,-175,-143,115,-1,205,-10,297,94,-135,162,30,-14,-39,-135,34,158,24,116,90,-98,183,-62,82,168,60,193,-35,52,-3,148,137,132,36,-61,59,252,-33,28,-134,-38,31,45,-79,7,45,-22,65,-52,14,-105,241,-102,-87,-59,223,29,24,-15,408,-111,93,-43,-60,23,174,109,-96,101,130,166,177,-44,164,-87,-217,203,-41,205,-94,197,-80,80,-10,43,1,37,-18,-206,-95,64,437,269,91,-226,5,-25,86,-191,-99,-78,30,128,156,-206,262,170,-29,312,-107,139,223,3,-22,165,-31,136,58,-68,188,241,269,-3,43,162,-61,113,133,114,205,-144,113,178,25,60,26,-164,-22,-85,245,57,52
118,21,-40,113,221,91,36,68,-39,22,41,-12,154,-120,122,158,85,-90,23,176,125,-27,-26,117,41,-7,8,210,231,58,110,251,45,36,69,88,27,-103,78,-61,176,34,160,169,-116,-134,-255,76,-24,-11,176,185,41,5,-26,-22,-13,62,3,222,221,96,96,-75,25,123,130,101,90,-131,28,239,96,34,-38,72,-9,231,211,135,102,-12,56,75,-48,109,106,91,-14,-262,103,-82,-26,33,158,6,-159,78,201,206,50,12,34,59,43,141,253,2,-51,-10,70,-64,49,-49,189,39,34,-47,90,112,-138,120,-11,164,21,-128,39,-29,-73,242,121,51,197,-48,54,-40,114,-113,131,46,-19,-83,87,246,158,-43,-147,123,102
26,36,57,102,33,103,128,-112,-102,81,-1,-22,88,-8,19,-219,196,81,38,79,143,-45,11,-71,19,-19,-165,146,21,-33,150,72,64,-132,188,179,13,57,9,102,169,-94,97,73,56,141,-18,248,99,187,164,227,67,98,72,138,197,70,-59,29,102,-11,-154,41,171,-71,-165,198,253,54,135,140,240,-7,115,215,-92,-20,-72,-63,-3,-62,28,301,201,95,-2,167,1,11,2,117,-81,-90,135,149,-76,-21,157,302,-64,-148,101,159,100,143,162,30,64,6,-45,-132,9,-13,189,-148,95,-22,38,140,149,-176,151,75,36,67,-112,130,-66,190,118,69,14,120,-15,144,92,16,-40,156,-154,-4,-64,105,61,138,19,223,-76
-105,80,47,-29,92,-120,145,144,171,193,157,117,198,-27,-2,19,-74,62,-42,199,127,27,-17,139,106,64,-154,49,105,281,270,101,151,74,45,-83,-69,69,-127,89,64,66,224,125,164,92,-23,5,125,272,70,-56,147,-5,126,54,48,236,91,-24,17,-12,77,46,-10,73,-75,82,58,130,60,-61,11,67,94,126,-55,94,-52,-44,245,111,24,135,315,73,76,119,124,135,141,-42,-62,167,204,181,17,-26,71,148,-154,63,42,153,117,58,90,101,106,119,-7,70,-2,0,-44,-29,110,62,-129,-165,13,-106,85,18,27,94,200,92,179,273,-37,229,-89,77,14,-9,46,39,81,98,102,-76,61,36,-83,87,106,354,114
-107,58,-101,31,-43,-104,-147,-109,161,52,60,141,60,-95,66,35,14,-229,-66,-79,-81,8,-36,144,71,19,140,88,30,159,60,30,140,-10,-6,-50,-13,-32,-30,182,95,153,109,-182,49,37,147,121,171,134,49,-55,158,141,-218,-102,101,-86,241,-174,-8,43,122,199,-129,-106,52,-5,94,188,101,-67,-6,25,-21,-60,4,64,17,-100,85,48,118,138,201,-13,298,-70,197,107,24,-159,75,-84,85,168,38,18,-138,-93,-88,103,-19,126,252,66,21,36,45,20,-13,26,28,176,-18,51,-32,-183,-36,-27,14,7,-68,-67,-176,18,14,-162,-51,36,-95,266,132,-120,33,50,-26,11,-109,-144,78,147,-5,95,-68,-156,-81,57,-31
141,129,-38,37,96,99,58,233,66,99,-105,123,-24,96,160,-2,129,-148,279,-24,6,57,49,59,157,183,129,151,158,51,155,-142,49,79,-83,253,243,186,203,124,-49,-177,44,149,8,-117,157,230,-76,-38,43,-23,105,-132,76,-25,43,150,2,-55,218,93,48,18,-92,4,149,113,121,68,-13,-47,73,32,11,82,116,49,263,-24,279,-89,-29,-140,47,156,-134,202,244,16,-17,60,177,142,140,134,0,-113,43,114,-120,79,175,85,111,-17,73,29,63,163,137,-99,121,77,87,299,37,-106,61,247,168,101,161,373,-167,-58,9,228,237,-58,-89,56,-74,-131,107,173,34,135,-23,-104,177,64,-41,117,95,56,237,17,119
109,-46,127,161,-15,-27,22,-86,15,-85,-35,58,209,93,55,-31,51,-104,-57,-57,-53,58,-146,-33,0,-44,-113,173,69,47,96,90,251,-19,-16,-45,311,-30,137,0,-7,-36,162,208,85,40,56,58,195,-77,119,-80,127,48,-54,53,-117,88,-172,161,91,134,-165,-146,102,-70,-56,48,177,12,2,98,106,192,121,8,-21,-111,153,51,54,149,73,102,-61,48,-120,32,-91,-22,96,-103,-102,-7,128,29,73,-23,89,118,-40,20,9,104,99,146,-72,29,-127,41,-99,-49,101,54,-68,-19,-163,-88,8,51,68,-13,-34,-11,-91,89,89,103,-151,1,73,145,0,-207,-145,9,0,-103,4,-89,24,15,33,33,-134,97,36,3,159
121,63,170,115,177,-172,126,62,245,-59,199,10,87,105,-5,-95,188,35,94,-118,56,-72,-152,100,151,-17,142,100,-3,224,-182,-102,145,38,196,156,111,89,-4,62,168,187,234,167,101,21,-43,178,208,-63,107,-158,17,-126,-28,53,103,107,71,-7,-1,-55,32,134,0,-89,15,75,-113,213,-107,-129,-131,136,133,-85,-169,-129,91,-9,-17,-66,103,148,-44,35,95,129,-15,144,194,-174,-30,97,6,93,105,-46,-98,7,-20,73,87,190,146,216,69,33,-142,172,47,126,76,11,-101,-23,-244,-70,-84,113,11,-66,38,-9,-192,29,221,66,53,-10,-71,138,-121,-17,90,115,77,106,-126,101,124,72,56,217,-135,202,-90,-22,84
-4,180,123,228,2,145,-132,22,45,55,114,104,12,121,37,-68,-204,72,57,-11,293,47,6,234,140,14,30,63,132,196,292,195,141,66,143,121,104,69,-39,298,112,-3,315,119,-26,223,-75,82,15,23,159,-132,80,33,-63,103,-59,63,115,119,-101,176,146,141,148,117,228,-41,174,48,87,52,-18,-115,184,113,-150,93,33,63,-99,-26,158,150,146,18,16,159,246,47,71,-17,-56,-48,259,-80,136,-48,-24,-21,-23,80,156,141,-220,213,44,-41,87,276,-87,237,-74,-28,34,-93,196,136,168,36,-122,53,112,-38,290,-81,83,41,164,-175,38,142,-70,-30,120,-78,47,-53,81,126,93,136,109,112,-28,24,-112,55,217
37,56,-144,-78,-138,71,-26,6,-23,-16,-39,44,-7,-27,32,-57,-166,98,-139,58,-19,-170,-101,117,14,17,124,115,66,94,-8,224,-11,5,-20,116,-116,270,15,37,-96,56,-57,268,40,34,124,-147,-32,55,144,117,42,188,-62,-73,203,121,161,153,-81,-34,60,157,234,7,87,-121,-169,171,128,-227,31,-36,34,32,38,172,27,115,9,8,27,96,110,18,-17,36,-94,131,68,191,-62,106,43,-38,-146,82,63,39,64,42,71,-74,-205,-72,16,-84,8,13,171,-152,52,-44,-89,61,114,16,311,12,-50,-124,132,94,120,-9,0,86,-39,67,78,-5,82,269,-163,72,302,128,5,-49,-86,-65,43,11,72,88,22,-4,-201
70,-103,-14,-60,5,-58,48,158,73,69,-84,-82,-75,-162,169,7,-22,-150,113,41,61,-96,56,-93,-23,-28,-91,198,257,1,-21,109,-116,52,137,-142,38,-47,68,-119,194,204,3,106,68,70,-165,-11,67,64,-15,-25,-6,3,9,68,57,64,-115,-47,1,155,-51,7,98,-136,2,-198,99,-100,-39,174,-124,-55,11,172,-188,-162,-67,-106,-118,-146,-47,98,12,-52,-24,59,-23,17,-58,-86,76,-3,-65,9,-107,-69,78,-25,12,-109,-133,-45,-36,58,42,161,-71,73,-53,-7,61,40,46,78,8,-78,71,-127,81,-63,-123,113,-95,19,-5,-198,101,-66,149,-169,27,60,47,-4,155,87,-3,12,-69,107,-56,38,217,-116,62,91,-16
131,15,51,42,89,104,44,10,37,-27,121,64,-27,-109,127,-27,24,-6,142,-84,145,6,10,133,-91,126,155,-11,-31,167,214,38,124,119,27,17,165,-13,-47,-39,211,-195,-85,16,-38,-71,79,165,38,43,99,0,-28,-178,134,-15,-59,52,-87,5,51,68,-22,49,21,55,169,-135,-145,206,-29,68,40,189,237,86,-112,119,101,102,1,125,37,127,-57,114,-70,50,-40,110,-156,-46,-146,286,55,-4,170,215,200,7,22,104,-37,-42,-82,52,18,52,26,143,126,-113,166,-46,93,173,-101,155,156,-73,246,211,-14,28,143,115,97,78,3,101,11,115,-32,28,111,118,77,35,5,-138,120,-19,104,154,56,-33,-122,45,111
-91,29,161,158,146,104,25,-17,-11,-77,77,134,118,189,-53,-18,41,150,96,126,149,215,-30,95,82,-19,-95,98,110,162,271,41,34,73,151,178,40,316,5,107,44,25,66,281,-52,23,-37,36,-36,59,238,215,17,-27,164,72,-86,27,42,14,151,196,36,35,-25,-65,67,238,86,45,68,9,46,148,118,52,149,-79,98,45,128,74,-5,131,31,195,69,286,181,-44,-123,159,-3,-153,134,328,-4,-41,54,-19,74,92,127,80,7,133,152,84,-40,123,-122,26,122,-71,-77,144,-38,124,10,119,92,143,153,228,36,232,38,56,83,171,54,68,42,5,69,117,82,60,39,5,29,179,125,30,-117,28,-55,-127,154
28,240,-34,-4,33,124,130,-43,-51,75,165,278,114,-81,35,-164,-86,132,246,94,-72,121,234,-38,-92,65,-88,-65,131,-91,141,32,200,-25,114,12,-86,125,8,6,110,-83,121,171,200,-70,140,-10,17,-107,4,4,181,156,-13,24,30,34,86,33,-5,88,24,-119,0,-76,6,-140,246,-73,134,38,130,246,99,170,-151,41,1,109,35,318,129,136,276,-50,56,124,278,-7,169,149,142,-105,154,10,-74,96,-61,90,-20,20,-26,4,128,27,-199,147,-18,-28,-27,-69,239,52,23,43,-33,-35,123,-3,-175,151,21,19,93,-62,115,170,39,-55,162,54,52,-24,-71,-46,-12,-111,-70,166,80,-65,77,-134,-132,2,-27,65,-17
184,12,-73,-125,220,50,25,169,-97,12,227,112,45,122,235,116,67,104,46,155,254,42,16,52,52,100,55,99,143,135,30,52,68,86,146,86,49,168,109,32,41,-89,69,-14,-18,-9,-18,111,-36,-447,127,-62,-30,-43,161,214,59,50,-21,68,91,72,97,-77,218,-57,-119,-111,9,6,-118,22,-52,-83,-20,240,-81,211,137,61,45,40,123,149,-41,3,15,101,150,-102,137,-51,6,-25,151,46,40,90,-19,289,35,135,175,60,21,26,29,-238,-28,131,-62,53,-26,-61,95,185,-97,-46,84,180,-110,-6,62,35,25,69,97,139,249,-5,193,54,52,81,146,115,1,2,10,111,2,7,-99,117,90,17,-164,85,9
222,145,-42,25,12,-172,188,-1,12,2,207,-26,-199,24,-18,108,74,3,-102,-20,70,-69,84,235,94,90,74,249,288,177,248,99,357,221,77,180,333,167,23,-37,164,44,89,126,8,26,-5,-45,165,75,102,-224,-28,140,-57,-177,-64,186,149,40,-109,-19,61,163,-4,51,195,66,-83,305,17,97,58,4,60,-54,-46,84,245,-63,-142,162,154,175,144,59,115,202,110,-32,248,-63,193,-14,101,160,99,-57,71,52,53,-187,-59,6,188,136,67,-67,190,169,48,-23,33,-169,85,99,-78,-25,-66,-24,-75,-109,80,-68,159,-40,176,164,64,20,90,173,49,194,1,80,23,-46,114,49,17,74,-49,171,25,90,-9,125,10
52,-47,91,70,143,49,149,150,-22,110,61,-96,-35,63,96,-17,-53,-49,93,-7,200,142,291,286,160,144,82,301,150,107,254,21,172,19,-31,193,240,9,58,6,57,-107,10,131,7,21,-6,-3,11,168,-13,49,44,108,99,32,38,160,99,-108,53,60,120,-113,-153,-50,46,57,274,163,43,45,240,163,79,131,-63,-16,291,211,68,69,168,110,14,123,53,67,-13,-25,153,-90,-6,210,95,-128,100,-52,180,33,-110,-165,84,-69,124,96,-6,-99,187,143,-89,-61,87,94,60,156,-182,158,-168,-18,-184,-100,-88,52,8,-123,-87,99,15,-92,-75,36,128,87,156,164,-6,16,103,202,6,-181,13,29,-28,5,-157,136,120
-12,20,64,155,182,19,96,202,222,66,-144,125,85,-206,-109,-65,7,47,30,-41,135,-33,-100,37,70,159,154,105,-92,48,-17,52,-93,110,-47,87,77,-32,104,102,-13,-79,-22,-32,46,108,24,-88,22,-39,15,105,1,17,177,42,48,112,235,-117,95,153,130,-17,-22,-8,20,-196,191,10,174,-92,112,109,115,89,77,286,61,-77,184,-7,-74,121,-205,79,-5,104,113,76,-46,267,33,46,-159,-86,38,17,37,137,-15,-41,61,-132,60,116,43,195,19,223,-84,86,-107,267,77,129,-93,165,96,85,-31,-114,63,50,-19,33,56,-26,56,161,-86,24,-19,-35,172,134,-43,-108,-52,197,-27,-59,44,-162,6,-41,-68,119,148
-85,105,95,120,85,77,176,-25,-3,50,134,-64,181,94,-38,28,136,33,56,-96,81,-83,-55,147,-155,116,-38,101,277,101,143,-27,135,68,37,127,130,203,26,144,69,1,236,162,47,81,127,260,-3,192,52,86,156,25,-13,74,25,60,153,-59,193,32,71,49,201,96,185,29,-106,115,63,-57,-97,150,93,92,23,-17,120,-52,55,123,216,239,3,67,-26,136,50,-60,53,57,27,156,104,90,54,91,109,5,125,-126,7,-31,273,156,154,-62,21,-23,157,37,26,-79,44,5,42,-126,-34,53,26,51,132,21,66,-60,130,218,-41,107,158,-13,-34,222,155,36,45,130,180,116,2,117,50,-92,38,90,47,39,96
177,103,90,184,116,51,74,-89,-11,75,84,32,126,45,-152,-6,-7,12,-76,-32,-6,167,37,-97,78,26,-80,113,95,-191,118,53,-59,-161,125,-18,238,151,-97,-54,92,79,38,28,81,183,-27,45,-73,-44,-103,69,-79,71,-34,-82,156,-2,109,-119,21,-18,16,86,68,-247,39,85,-42,161,-1,50,46,144,109,39,62,-269,69,-76,-70,0,-70,154,-120,-51,164,159,-10,93,-174,31,149,-12,-87,103,106,146,-118,-69,241,-247,8,-25,257,24,-49,57,-47,11,-89,-52,-8,-27,146,-141,51,-106,21,-111,150,63,-127,67,115,-4,86,142,57,-34,113,33,135,65,115,-85,38,-103,109,39,53,133,57,-54,177,-75,28,156,42
-113,-34,119,56,-83,85,127,44,158,121,13,13,-143,76,53,-24,4,-7,80,-86,65,59,39,57,-2,234,106,45,183,138,-55,3,-116,72,-41,-99,81,-20,10,100,80,-57,-18,175,52,-192,160,182,-15,-11,178,-44,33,49,27,97,47,-105,99,-9,0,73,-191,87,121,-56,66,-137,36,-20,74,104,-28,-109,25,-80,23,151,-61,-49,127,40,-51,-136,25,209,-103,113,-75,145,81,11,144,116,-90,162,-165,-13,7,87,-129,-84,93,-16,34,172,15,24,-52,19,-37,30,83,125,155,18,86,154,-61,94,44,-78,2,-18,-75,182,25,175,85,22,34,-89,78,-100,82,83,86,113,-113,-107,52,-122,-6,-90,-177,90,-27,60,101
90,-2,2,21,-33,34,54,111,251,-108,-9,-33,116,72,-43,-110,-146,-79,8,290,172,90,-26,147,-105,147,-214,89,170,10,0,172,-229,-23,177,-69,79,23,-57,15,-14,37,-82,90,-20,191,46,-74,67,34,50,161,-54,123,-27,-9,247,-51,130,-160,-166,237,150,25,32,-144,33,93,19,21,-38,-12,-5,-132,-110,-66,-5,-255,71,7,82,-26,63,89,18,-44,225,-135,116,29,-58,143,24,1,83,67,195,30,53,-42,-29,-49,50,0,171,-86,136,47,-92,142,-30,184,60,-64,-36,-9,71,-3,-64,44,146,5,-5,129,68,-37,-137,35,109,-61,-187,72,103,-18,31,-52,1,-4,56,92,114,62,3,-64,120,81,-130,-15,-92
-30,27,70,44,23,-57,29,-104,-29,41,60,-31,104,144,61,112,203,89,-102,25,25,106,56,155,-174,80,-139,218,31,159,145,97,80,-8,192,84,141,38,-50,-39,38,69,137,43,-133,33,50,207,99,71,-40,72,-105,-49,21,-128,-120,93,-37,37,145,-125,-128,-9,179,238,-82,85,16,27,5,54,-91,74,37,-47,-104,-99,-94,-233,-135,19,219,232,-82,27,-193,43,-117,52,-84,-175,17,115,237,179,106,67,-75,104,191,-133,39,18,-92,163,39,-102,-52,-177,9,142,-25,-211,202,-84,138,-147,-159,117,8,0,210,-58,230,97,124,37,41,79,149,22,204,74,-72,24,-101,-3,65,84,-29,52,-1,121,87,140,21,109,44
55,204,107,116,-10,-48,101,116,185,-40,-43,71,4,105,-212,-16,-34,69,-107,99,105,48,-143,8,94,-108,163,75,-45,18,-43,-102,195,142,-58,126,-59,33,42,218,-62,-8,188,230,-60,108,194,78,59,-128,-1,16,102,156,83,66,18,158,202,35,-134,154,-97,29,-4,88,166,95,58,-22,187,-119,169,-43,-43,-170,6,181,104,-154,124,-178,-8,122,202,139,112,52,79,-58,16,-7,-47,-43,-174,-40,-85,-224,32,-14,77,57,85,73,-24,276,52,116,134,-18,-102,37,110,-189,120,155,68,-135,-96,62,3,50,193,138,70,-150,-42,58,107,-71,94,38,-127,64,-86,-120,-124,86,108,-96,145,-63,-87,112,-51,6,20,-104,41
44,27,-88,-39,15,111,-22,-24,-46,201,99,52,34,-127,193,42,9,45,53,137,-70,90,101,71,-34,60,202,80,101,68,197,-111,71,-156,140,-84,50,35,4,-86,73,-38,107,-79,157,82,72,135,-5,142,-1,76,91,80,34,36,69,-39,-5,70,68,-4,121,-53,172,36,28,-31,172,-38,77,93,25,202,33,155,23,72,-106,-39,0,-5,180,269,110,135,14,-123,126,-76,303,80,-58,158,337,92,-81,272,91,110,68,82,93,27,190,94,-15,21,88,18,-97,25,-48,21,131,32,200,10,53,117,-124,72,32,-36,158,-18,170,48,80,27,128,-111,-34,-71,144,150,-46,-7,186,74,41,-1,95,128,224,-38,9,189,16
171,53,351,44,-6,47,125,-93,1,-59,203,73,112,104,-48,142,107,141,100,15,171,-43,27,7,-1,-117,96,-49,-35,347,79,64,159,101,-139,41,137,126,-102,211,129,-43,163,60,50,-18,9,5,-70,-67,-48,106,49,160,70,237,-170,185,179,134,-54,-106,15,-89,-191,62,-82,87,37,154,-36,-181,43,15,147,-46,-99,-57,152,74,131,98,59,211,-27,90,-6,200,-113,-76,146,0,-183,82,12,71,131,-88,58,133,-37,58,117,69,-50,73,116,-97,-28,137,-26,158,57,36,71,13,58,-124,20,121,61,33,127,-28,71,-7,-114,84,153,136,-71,111,-46,10,120,-6,-95,16,290,32,39,-11,3,93,-142,105,-56,22,303
30,-87,222,29,66,99,99,2,148,6,85,45,34,233,115,182,-5,69,-38,107,60,-19,22,23,35,44,-148,147,71,196,139,117,-70,165,-12,143,85,23,126,66,123,-226,20,58,-42,-140,80,149,187,-82,239,107,112,64,152,-28,50,-38,103,219,3,-100,44,97,228,57,-14,-14,-93,121,95,154,1,147,154,5,-29,-96,74,-34,27,64,238,231,157,-18,65,170,-110,341,-53,-155,-137,14,175,18,15,112,146,179,138,-171,40,139,35,101,39,24,195,113,152,-126,83,-12,232,124,38,89,-78,103,138,62,147,114,74,124,-107,69,-85,226,124,-13,122,-47,246,170,35,-17,91,191,80,-59,-11,132,128,99,-5,-32,24
183,270,74,-82,45,-39,378,-88,55,235,159,89,132,-69,-23,-27,72,198,144,60,251,-188,-8,-18,125,24,189,-80,22,171,182,44,14,-146,59,8,104,-34,109,191,120,176,162,185,125,64,-114,287,232,-5,-47,-91,177,-1,-92,145,201,226,113,179,-118,-12,-151,25,19,22,136,-219,-82,-193,32,153,110,-52,144,65,188,30,68,101,22,-23,110,135,123,55,-48,14,18,132,181,-112,37,131,170,14,-136,-27,149,92,-87,-54,81,111,158,176,37,186,-141,93,112,-2,-113,57,92,48,-2,5,94,136,72,62,360,85,78,70,113,85,-127,142,104,252,-38,-184,107,12,145,-2,-36,249,-17,-7,89,-108,73,50,73,204,-119
212,131,-21,-14,-69,220,-59,134,-34,140,63,-12,-168,102,133,6,-7,108,98,113,117,75,286,80,230,133,46,57,120,49,-67,44,-92,115,113,-44,-131,41,61,128,-55,-36,55,8,77,-178,-74,62,55,39,9,-17,8,121,-38,130,142,-52,139,173,-70,-100,-113,94,-27,24,-16,-170,-191,158,-92,-7,-17,30,23,-48,-147,82,-43,-179,-184,80,-5,63,-56,127,111,90,-22,152,58,-5,195,127,25,178,-44,75,-111,153,-1,-110,-7,-139,40,10,23,21,70,90,61,70,72,-41,-10,240,118,31,8,-38,112,-96,-36,17,-113,118,212,-37,242,152,138,83,-76,164,-157,-21,31,-213,38,125,179,-155,260,-32,53,-38,-28,50,-70
103,-196,-21,240,57,-119,80,122,29,-45,20,28,201,-58,8,-129,56,114,14,-61,12,-60,184,207,-24,-53,21,50,215,114,167,158,348,240,9,114,147,133,-59,75,48,-209,83,251,-118,96,92,-31,108,98,105,-157,220,196,-10,78,-79,87,-51,92,-43,19,-23,109,-41,316,174,53,127,90,103,178,74,53,109,173,122,147,282,101,154,-53,183,243,121,95,-51,81,103,32,51,157,51,199,47,79,15,18,279,186,8,89,-73,44,23,28,86,-64,100,-19,253,135,74,-73,3,119,-108,104,100,154,15,-8,74,14,148,92,23,161,-139,27,177,240,-13,209,-81,212,-81,201,130,81,137,-68,-15,85,-44,96,83,108,-99
86,-20,53,-70,10,193,-38,-45,128,277,-23,3,-13,36,-20,193,-105,-45,-25,120,125,-73,43,-13,4,172,62,-4,160,261,175,156,84,140,-41,-126,155,39,-80,63,152,97,-16,164,-23,-16,-20,48,14,107,119,-77,47,46,-65,-40,256,-22,174,124,-7,-122,75,25,159,92,-79,166,-108,162,34,146,203,25,88,-20,69,125,153,49,-80,58,15,-18,119,-61,85,51,-67,163,-113,103,110,48,218,225,92,106,106,83,-78,175,47,-27,117,126,-4,-12,142,49,86,-56,22,75,147,-71,308,10,3,154,150,-29,132,-77,178,51,8,142,-114,97,222,-65,134,-62,18,89,0,0,164,38,242,75,-15,-15,159,302,-7,97,155
-13,4,102,100,92,196,37,21,43,46,-102,75,82,152,-88,-209,32,114,64,-102,-9,-2,-47,-13,-61,-11,25,38,-42,248,-99,-124,302,102,-101,88,-48,-112,8,-38,-59,-53,122,132,-92,-34,51,-114,7,124,95,-57,259,163,49,119,58,190,69,260,-38,-83,-113,177,-167,142,70,53,18,170,59,6,54,33,-73,-120,23,88,188,8,55,156,130,-48,-48,123,-166,235,166,20,224,21,30,133,-70,-147,94,-161,321,63,-82,175,-30,19,66,-76,62,105,79,200,105,182,80,15,88,155,105,92,58,34,-15,45,41,118,-27,-65,9,-53,49,-203,-35,40,-102,-61,18,-31,-12,98,341,-78,5,97,35,49,-221,95,19,-86,206
-51,93,44,-6,213,107,53,192,22,201,4,127,160,-62,44,89,34,131,247,159,34,-47,-2,-43,-125,-61,206,-32,-16,236,-203,254,253,14,-67,56,-163,87,351,44,5,115,146,103,127,-149,58,8,46,-7,4,-16,43,-28,-70,1,-9,33,82,160,56,100,44,35,-62,-13,103,-6,-57,-138,7,-47,210,-64,-26,-118,237,67,52,213,241,167,62,73,98,43,18,-1,103,83,201,0,74,168,39,56,101,-132,152,130,144,143,-89,190,124,57,62,-65,-166,-78,215,204,87,209,77,227,-79,-54,245,13,176,180,38,226,180,-61,34,-219,104,114,-152,95,54,62,-34,84,-17,-2,150,-74,0,98,81,59,-6,-91,-54,177,137
74,33,-33,129,1,-31,96,66,-18,76,-16,98,-33,192,88,-50,-21,-78,52,-16,16,97,277,55,171,14,-79,8,6,-145,64,151,-127,-48,66,5,95,-77,104,106,-25,-117,74,45,-118,30,-24,54,145,-43,36,35,71,-11,-77,-22,170,212,-2,31,-170,-98,-150,35,73,47,-48,88,-41,0,-38,-164,156,-141,141,76,114,34,49,-46,4,125,-166,0,72,-135,75,111,11,93,-57,-113,87,-18,-25,52,-26,-38,-178,244,-250,12,81,74,-185,-14,-108,13,49,-76,157,30,144,-190,113,-8,-126,-63,-125,71,148,-162,-56,53,-210,-27,-64,136,58,-113,112,226,65,-61,-168,-94,-46,-45,-143,-69,191,-187,64,50,-199,-20,59,121,-36
7,46,281,262,233,-25,181,-26,340,142,-61,184,103,-39,31,22,-216,-63,96,107,-26,53,-37,34,-90,13,53,-29,133,118,32,127,-83,169,56,-56,53,-45,161,103,91,128,76,157,-63,17,44,39,159,63,110,-108,205,-65,-131,115,203,66,62,14,-94,141,14,-20,27,18,-3,81,-13,-25,-100,65,-29,-25,139,45,84,-163,37,58,-32,28,-41,66,123,-90,209,-24,-140,169,182,36,-73,83,27,69,-46,-85,-5,-8,-80,156,51,38,-66,15,41,238,141,11,191,165,-3,-83,56,-18,-2,156,124,-45,155,169,44,77,-1,-3,-41,-31,100,-78,29,6,45,37,193,38,-119,25,112,-18,185,-73,-22,34,-46,-67,90,13,26
129,149,197,202,80,145,44,25,-19,170,95,106,14,136,36,-74,13,132,84,-143,247,30,63,87,177,52,268,254,8,217,-68,4,-134,72,83,49,107,36,-80,142,194,-22,100,115,-62,397,-106,67,-41,20,-38,36,-36,-31,203,-64,182,50,63,256,-53,30,-67,155,114,35,340,180,66,4,156,-4,152,275,18,-8,10,-24,-5,-68,70,4,98,157,-136,167,-52,118,-13,-77,226,49,69,113,0,100,1,80,168,-88,156,48,-169,-134,122,215,122,189,124,-21,1,-29,61,45,82,30,216,20,19,238,-66,-31,165,5,-49,-137,71,109,68,52,95,-139,-64,175,65,150,133,134,367,47,55,97,87,218,-34,61,-13,97,190
39,186,55,28,-84,68,-62,-176,60,-12,40,51,92,223,118,-21,-55,229,44,-175,43,-11,136,137,-49,99,154,-35,125,70,-64,12,-45,54,-134,41,-35,-55,122,308,179,-7,117,0,-27,123,24,52,44,34,154,-12,73,-32,10,-53,111,54,305,25,129,-125,126,40,-33,-39,-13,150,85,130,-44,-169,-29,11,3,-18,145,5,-56,-154,-127,137,97,33,-77,-23,-65,130,-72,24,161,216,322,-58,-78,42,-44,-5,47,199,-31,-22,24,-49,178,61,-59,175,132,-52,-59,-151,60,-20,5,-41,49,62,77,9,103,118,105,176,-129,-34,-43,-44,112,-80,61,-139,-57,-95,60,178,-101,199,115,77,162,47,40,-35,107,228,129,66,19
-147,-51,-36,334,167,7,34,36,111,279,-134,110,47,131,134,212,18,-28,-20,123,48,-1,110,101,-73,249,6,286,307,139,200,57,135,46,97,242,153,-30,78,13,-95,-60,48,96,-119,61,67,109,52,70,253,-63,177,-16,-24,55,153,3,-68,-58,126,89,54,94,-124,75,206,185,79,49,25,149,59,88,64,69,36,-22,214,10,-65,89,72,-32,-38,246,40,116,348,-25,-15,4,98,-1,17,122,-2,-130,270,154,-111,101,31,125,101,100,69,86,110,165,183,54,112,-61,265,207,69,-97,-69,-114,70,117,55,228,16,-40,-12,154,50,119,97,86,5,57,200,139,-138,130,158,-29,69,52,-73,74,115,-55,124,204,20
-111,-85,170,-138,40,260,-28,-10,-48,-88,-23,-68,-83,-27,-32,29,61,108,-75,126,28,7,-90,-126,-4,52,120,-68,-8,102,-71,-13,199,170,39,210,10,56,73,79,-175,-17,274,-85,44,116,-153,-144,77,78,114,67,65,1,-113,18,62,163,228,-38,54,115,138,109,-61,18,-52,81,108,-83,34,90,7,54,32,-263,118,113,103,126,88,39,80,36,-28,124,64,71,-81,-29,188,111,32,85,-15,40,-88,104,44,157,-30,54,50,79,100,86,153,36,-30,-150,-41,-76,-155,181,163,-16,160,145,-208,219,-16,71,222,119,-22,-22,-37,66,-129,-22,58,-121,71,-43,266,21,-29,-89,212,-180,-57,-49,121,-18,109,210,92,10,-1
53,52,117,235,82,147,-9,265,87,54,-7,173,81,105,40,-101,68,53,82,187,153,-31,51,29,-119,-6,256,198,-6,125,-48,-66,-12,-65,-78,102,-137,-3,163,176,103,-186,-42,302,-25,3,106,-67,227,-146,-146,77,-13,100,82,92,201,206,-10,65,21,119,84,43,107,43,217,71,124,-57,223,-151,114,165,-109,17,76,152,30,-101,-15,-115,-208,51,87,133,-57,-111,183,-51,-79,56,-121,113,49,-95,-77,-19,126,87,-41,111,26,123,16,-83,-45,49,29,90,37,-22,283,76,190,121,-57,50,146,21,81,212,-24,149,28,-200,-120,-57,61,58,-63,-131,-102,-64,-180,70,106,-5,-19,53,1,-83,-9,-18,-30,-98,106,-10,159
-35,13,33,-140,-119,143,65,-9,113,69,106,230,5,64,112,-58,91,41,-97,310,51,93,89,5,60,34,154,17,-77,192,-36,129,-2,-49,138,-4,37,-90,52,96,105,56,62,5,120,-16,241,127,67,-137,126,28,121,15,-173,-1,106,-39,96,66,100,-18,92,60,5,-15,18,33,-62,96,94,-112,-169,-92,135,56,-53,127,-81,-53,-254,-74,136,121,43,120,52,37,137,-13,37,-24,-190,72,16,-14,-24,-40,-81,-79,34,227,37,126,-94,109,-60,51,19,60,-12,-88,-88,109,10,79,121,-140,49,31,-222,-52,-41,-170,-5,76,4,62,59,-80,138,225,25,-32,116,-18,67,-134,-71,-84,82,71,16,21,-22,65,-74,8,-33
31,109,-74,184,174,-44,146,32,67,61,277,-10,228,-34,135,128,-49,-6,4,-6,34,-101,-87,76,91,28,220,325,146,-135,58,82,49,172,-75,81,-135,-44,243,-53,94,-10,-52,-3,109,50,-57,51,119,-75,-35,89,242,-48,181,56,138,195,104,310,-1,-126,-22,81,94,88,73,135,179,203,10,-162,86,-13,99,57,-36,71,26,136,197,121,106,47,113,55,80,-25,-125,-79,267,-37,73,179,30,118,-16,-95,122,221,-98,-14,109,197,-41,127,74,-61,157,-29,86,-8,-66,-71,114,118,-33,-6,68,-5,170,13,128,155,-61,-119,55,73,172,90,1,74,38,17,21,69,17,273,110,-84,52,-49,-7,117,37,-105,101,-37,96
149,-9,150,101,-45,-87,261,93,-35,56,167,228,58,55,9,35,72,287,82,-85,111,198,139,22,120,89,44,177,53,198,319,60,-39,-201,129,193,187,154,57,26,168,-43,100,214,-209,95,224,218,61,136,248,153,20,99,96,154,105,41,82,193,37,-118,68,196,29,-13,-16,130,62,111,-76,-58,-7,83,-54,53,82,-48,249,-76,-78,99,106,108,105,126,215,356,45,30,119,33,66,-46,262,63,36,-20,79,146,3,-64,231,175,30,107,132,31,18,-46,93,-137,254,-147,205,5,151,102,34,5,-60,-28,5,6,-97,97,117,-94,-55,100,189,74,67,3,-36,81,32,78,116,98,166,-41,73,88,41,231,31,209,102
17,25,-118,94,-125,43,100,186,66,-10,156,50,200,-93,93,-59,-147,7,-47,155,-3,-42,-60,28,82,-34,62,165,188,32,123,118,150,69,-35,181,76,8,180,-116,67,-6,88,147,148,119,27,14,55,6,219,43,130,74,29,3,177,116,195,43,89,222,104,126,37,-211,72,-5,141,13,89,128,184,34,0,-21,98,-65,151,-90,-70,84,158,153,-65,130,178,21,-4,41,91,317,59,175,210,-68,172,60,102,25,20,48,132,43,152,115,134,196,-11,80,109,65,-53,107,-40,111,54,-20,60,251,87,-45,131,160,47,20,-73,93,134,171,-74,-105,-103,42,105,18,7,-52,61,121,-39,41,175,-44,149,0,23,-5,112
