47,-19,-45,-8,-18,-4,45,-88,-39,20,-19,0,-38,50,-23,-67,125,4,2,11,104,5,-12,-20,60,-33,11,-47,54,29,-59
-20,98,-8,15,-45,64,37,107,-19,-65,39,-25,37,37,95,38,-6,10,-50,34,16,-47,11,70,2,-11,-55,58,11,-17,19
64,47,-30,37,7,32,12,39,7,35,-29,-21,87,80,-2,-12,46,39,26,11,77,31,-54,50,4,28,-26,-36,100,6,-49
0,0,-23,42,-26,-16,14,11,-15,81,42,-34,-104,4,-31,-4,5,44,55,-9,1,13,10,44,63,-53,-33,57,4,-7,1
-9,23,28,52,-39,-55,34,63,7,76,59,12,-51,9,-26,-25,-33,46,30,-10,-32,30,-7,36,-14,-25,-19,90,-6,-67,-10
36,4,85,-39,73,-14,0,-56,-2,24,32,76,38,39,29,35,-74,-40,91,69,-51,-21,52,55,36,28,33,-44,-36,4,30
-35,47,-13,40,-50,13,8,133,-55,84,114,-31,-9,-5,28,23,-34,-30,-59,47,-8,-80,-17,61,66,28,-14,23,-13,8,87
-38,-61,-101,-61,-38,-12,1,-23,-10,6,-45,-18,-45,-86,-30,-13,20,-24,7,51,14,-28,23,-75,8,11,-74,-54,57,17,-55
23,-32,-112,-70,-42,-33,7,-122,13,14,-100,65,-16,-30,48,-73,29,-53,60,51,76,-14,-16,-105,-16,48,-39,-71,-8,96,-14
-27,-69,-15,-88,-39,-40,-26,-136,-13,-72,-29,48,-43,5,-20,16,-8,-7,-1,1,43,24,5,-106,21,-15,86,-41,-20,-15,-27
37,35,91,21,-83,-37,73,78,-22,-1,50,119,52,125,30,-31,1,39,25,16,14,-14,54,58,101,-10,39,-32,15,4,-79
-69,-25,-36,-15,-10,30,84,-6,-3,70,6,-23,47,-28,-11,-43,19,-17,5,88,121,99,-53,41,-16,97,-35,-8,87,-6,29
-8,83,-29,12,-89,19,0,101,61,-24,-5,44,73,-5,0,17,-34,-4,-20,-43,-51,-27,-71,23,-10,15,-33,-28,2,-76,-48
-9,0,-13,68,-36,-69,-88,96,-39,-10,-30,-41,-18,45,9,59,-5,-13,-39,14,-59,-53,46,-40,39,-10,-8,-38,53,88,14
-18,78,74,24,-7,26,-2,19,-18,10,32,22,-28,-24,23,35,-34,-42,17,-24,-5,-20,-16,24,-44,-35,2,51,-47,18,15
15,84,20,0,62,20,-13,-17,-47,107,-14,66,15,17,-28,70,-31,-10,48,21,70,22,-23,74,-22,-8,59,38,13,21,37
18,100,23,24,-71,-3,91,116,-67,139,75,36,70,38,84,-67,-59,69,50,6,79,36,-31,126,79,60,33,77,31,-2,-31
-51,-92,46,18,51,39,-10,-8,25,49,20,10,-21,20,21,19,9,50,50,-53,30,50,12,-54,1,-3,20,-27,-51,36,24
-4,113,-49,38,-79,85,32,76,8,4,-32,60,49,47,78,25,-17,-5,33,33,52,-6,5,104,1,22,-45,92,-13,0,-63
-33,34,43,23,-1,39,-2,-4,36,-31,12,38,-20,-45,73,-9,31,18,4,-89,22,-25,13,-59,9,-112,-16,5,-50,2,20
4,7,-45,1,-31,13,62,93,-79,-19,3,-69,46,51,86,-53,9,11,-22,27,28,-47,69,85,-70,68,-60,109,-13,113,-9
26,39,-85,-4,55,9,69,-9,2,136,36,38,52,4,30,-69,44,-45,32,-62,38,18,-86,56,-46,42,46,36,-3,-28,-22
103,36,48,5,58,-27,-19,-29,6,35,-15,22,93,84,8,31,-74,19,152,45,24,69,-42,36,-67,78,-16,-97,92,-22,-66
26,-35,-16,9,21,-33,-34,2,5,0,-51,-37,7,88,-17,50,-5,41,55,14,-27,31,19,-7,-44,19,-14,-10,75,-9,-2
-16,80,27,69,-27,-43,-9,50,-6,18,19,-8,-24,27,6,11,14,10,5,-62,41,5,-39,43,56,-56,-5,41,53,32,2
-16,42,30,38,17,54,4,4,-6,-5,-6,-46,17,-4,43,-32,100,8,-83,-67,-27,8,-22,10,25,-32,49,45,-7,-33,26
36,121,-75,-33,7,-40,29,-24,-35,81,-93,119,82,-31,-11,7,-52,-46,40,7,102,52,-72,104,-38,86,45,43,36,48,-60
-35,22,16,-29,13,-53,18,19,2,-2,-4,71,-19,6,84,-43,33,59,57,-22,48,-9,-8,-1,12,36,64,54,-16,68,18
-46,-22,0,-44,-18,6,38,12,-62,-10,14,-17,22,22,8,0,10,-33,-41,24,21,-43,15,31,-47,65,48,33,-42,67,59
-11,26,-19,45,-58,31,27,61,35,51,-17,60,40,-42,22,-19,9,2,-28,33,67,-22,11,60,-8,61,24,64,-51,-9,85
-2,-28,-51,-66,11,17,-11,-25,-5,14,2,46,-67,72,-12,74,55,13,-26,28,91,-42,55,-14,106,-38,47,-77,34,-2,30
