-14,-73,35,-64,-14,-13,-20,-65,-94,-51,-20,0,32,-11,-20,16,-61,24,41,29,-40,6,18,0,2,-7,-7,90,95,44,-28,24,72,-8,89
13,116,-13,-6,-14,-41,6,-109,-12,76,-129,-27,23,3,37,-96,36,69,41,-62,-52,-61,12,-12,18,26,-31,71,108,8,13,7,-33,12,3
68,40,-32,15,-32,-60,-4,-45,-8,0,38,-42,-29,62,38,66,-27,-27,-17,-36,-16,74,-6,-12,15,4,6,36,0,37,-27,47,-6,22,-38
6,-48,-7,-40,-72,55,109,73,20,8,79,75,36,-3,-85,-42,-25,37,-32,-32,-43,36,-22,-23,-96,83,33,-66,-10,-2,-7,-42,35,9,36
19,36,58,6,50,-46,-17,-16,-7,6,-17,6,21,66,27,10,34,54,30,12,-22,47,100,-33,11,51,22,9,65,-37,77,68,3,-50,26
-34,-77,-80,62,53,72,1,29,55,56,-44,41,40,-36,-2,45,41,-49,19,-13,4,28,-36,22,-11,-22,-73,-24,-2,6,-18,47,-2,14,-39
-28,39,-6,20,19,73,-15,36,-36,-76,-6,-28,-44,43,-66,30,-86,33,68,-72,-2,-39,126,49,28,19,76,40,24,-46,-9,65,58,-70,27
-46,-79,7,6,89,-62,-62,-13,-50,-84,-4,63,-62,55,-49,-66,-52,-75,9,16,-36,30,83,94,53,-12,63,57,54,-34,-87,40,40,42,44
34,-101,17,23,-8,-22,6,-67,-34,91,75,65,60,-37,-15,27,-34,-35,-79,108,15,-27,-80,60,8,-47,9,-4,-90,81,-40,-5,-42,10,2
77,-4,-48,61,29,-23,32,-17,-8,-1,5,22,41,95,-24,-86,29,15,-73,-63,33,51,-28,-42,-4,32,99,-97,-18,-20,57,-42,-80,-161,-74
41,-20,-16,26,-17,-72,-47,-20,80,73,12,-113,53,-83,41,5,56,-21,13,-63,8,40,-42,83,107,0,9,-39,-54,33,-26,15,6,-48,61
-102,9,20,-30,52,-41,4,12,-37,-62,17,-35,-56,-47,61,50,33,-64,3,73,22,-31,-21,-5,-66,-21,61,8,-11,2,-60,37,-8,13,28
-1,-97,27,94,-94,130,14,27,27,12,111,56,62,-15,-25,38,86,18,-41,-48,49,-10,-48,52,-54,138,-97,-55,70,-5,78,-37,25,0,-68
-15,61,37,30,29,14,-37,-37,30,72,-48,-56,29,49,157,-2,-34,21,81,-15,19,-17,123,67,76,36,-30,92,88,-80,-26,68,65,55,-2
52,-28,-53,-50,-75,40,-21,-24,12,-32,-46,48,37,44,-7,37,76,26,22,-54,-33,22,70,25,-32,101,-61,-43,38,-88,-26,-12,22,54,-32
-27,-4,17,-46,39,20,28,27,-53,8,7,48,39,55,-33,13,-80,63,60,-6,-51,25,96,31,-15,-12,67,100,118,1,42,66,43,71,-12
-69,-34,55,7,79,89,-19,2,-27,-21,0,72,138,-35,11,189,-38,23,54,68,-3,1,115,11,-37,2,14,35,-7,-16,-12,72,17,68,-72
-62,-77,-42,67,25,19,19,-49,-43,60,-78,79,36,-1,30,89,10,-102,18,60,-34,2,72,127,-1,-32,-52,31,101,-58,-58,111,55,39,29
-59,-10,-1,-50,13,-52,16,-5,-75,-66,-39,3,39,24,-67,74,63,30,14,55,6,23,32,-44,-67,-67,101,-66,-66,44,74,-47,-36,-22,-21
48,-38,19,30,-14,69,-50,25,-32,-7,93,-12,-83,18,-11,46,26,0,-5,14,-37,27,28,-3,11,17,-87,40,11,-7,-23,6,55,-40,-59
6,13,9,29,35,86,42,-33,-12,66,-7,59,63,11,19,22,29,21,3,28,-2,10,66,-21,-6,59,-43,-22,14,-27,26,73,-43,-35,-109
-59,59,26,47,47,38,50,35,5,-3,12,8,16,-27,89,76,-27,-5,-45,53,50,-32,-5,-25,-66,74,61,1,-31,5,10,28,-36,7,63
-35,-31,45,-28,3,49,-18,2,-19,-73,-25,39,-45,81,36,46,60,8,-21,3,32,-34,68,-75,-69,31,-28,27,49,-24,-5,87,17,12,-69
7,-5,-29,-1,14,48,11,65,-7,46,-43,25,48,-11,-20,-2,-61,47,47,-20,-62,23,39,-5,72,-18,22,62,50,72,-25,-24,-24,80,-47
-11,-26,13,-42,-56,68,-34,-5,31,-59,17,-50,71,11,-3,114,7,75,-39,-51,58,-34,-12,-51,-3,101,-23,53,24,-6,16,-8,46,9,-16
-13,-39,7,-31,-4,45,-1,-7,-31,-31,-17,61,82,-43,-107,-17,-122,0,43,-12,-81,10,89,2,-12,0,5,-10,-11,5,-69,15,43,29,-27
42,-63,22,29,-15,-49,-14,-38,12,90,37,-11,15,2,-13,-48,-1,-8,2,9,28,-30,-122,0,16,-24,-11,95,-1,99,45,-14,54,-6,39
20,-23,51,-7,58,-39,-67,-2,-48,53,58,20,-116,18,74,-55,-21,21,-8,122,-42,-1,25,12,6,-39,28,95,-29,-4,-47,6,-25,31,47
7,140,-38,-25,81,-32,24,16,24,105,-58,-56,15,-82,48,-20,-40,-70,77,76,-20,4,30,59,132,14,-18,19,-28,-71,-63,20,-11,6,-21
-16,-103,-6,53,5,48,-30,44,44,52,15,7,16,-41,135,24,-16,-43,29,72,74,24,21,104,82,29,7,81,30,-60,-43,4,-28,31,56
-5,-1,99,-41,32,-62,42,-35,-28,-15,43,-21,-21,56,81,56,16,-21,-13,104,54,29,-35,-74,1,20,14,16,-67,61,1,-16,-39,57,-5
-151,-42,88,74,51,72,5,-15,-49,14,23,66,47,3,8,53,-15,8,-15,100,-1,-26,71,55,-61,50,-28,3,56,-48,23,17,35,81,-22
39,-17,-24,51,-78,98,55,74,33,-45,50,42,20,54,-10,67,-9,51,49,-34,24,-107,-12,60,-20,-1,29,-48,39,-11,24,13,-41,-72,-21
12,-31,142,-40,45,3,-68,13,-4,38,-20,-85,56,51,18,17,-4,91,-41,-10,-66,57,42,-93,69,41,-28,48,70,14,9,9,51,73,-58
19,-127,57,-44,-86,96,13,45,-29,-79,64,73,61,-64,-73,44,21,-22,-38,36,-9,8,-31,-23,-76,-38,-58,-51,74,3,26,-64,-9,48,-71
