-26,84,2,8,89,96,23,-22,-35,-119,111,47,-14,86,-45,121,86,-45,55,-23,-33,-2,31,140,22,33,-101,-60,82,2,86,-22,22,95,49,10,-20,48,107,284,-40,190,57,26,-54,85,119,-66,-52,16,128,78,-79,34,116,54,226,17,-1,-55,-77,80,-64,93,172,-42,115,166,38,-75,75,-17,-61,-53,23,21,47,212,122,-9,55,-106,145,50,155,30,27,-130,-12,-87,104,125,98,27,27,-46,47
-177,69,-76,6,11,82,16,-14,66,-23,51,-35,93,40,-20,-22,134,-121,10,-58,-137,79,-27,73,122,-51,-115,2,6,-14,-132,-99,48,-87,20,-41,21,-49,-71,18,-131,-31,-13,11,-32,-26,-108,-15,-3,118,-142,-16,-49,-43,34,-16,-16,-134,-22,-27,55,-35,-131,-13,25,-77,-34,57,-47,-79,-4,-119,8,19,-5,-82,102,6,-261,10,-6,1,11,-85,-222,38,54,80,147,-74,37,-68,-5,-116,-94,-72,-46
134,70,-68,-35,252,4,-62,-77,135,-50,81,65,-57,-15,-12,-79,-120,19,144,11,19,-27,-82,-118,-146,-147,-36,54,-94,15,39,-16,-39,-33,24,112,92,-69,-34,46,54,-58,81,43,207,143,-36,-74,27,-31,-27,-77,70,-79,204,-63,-51,-42,-99,-56,94,50,-21,-52,-7,100,32,-29,-41,-40,-56,0,-30,-168,-20,8,17,-26,-111,-40,136,-70,164,54,-95,-67,110,-29,-114,-76,143,66,15,-40,-26,101,-140
-50,32,-37,70,-69,212,-10,-83,-56,19,174,74,63,-14,-71,-21,119,27,47,98,52,-73,39,47,96,-14,78,-32,98,-140,25,13,-149,46,-11,-57,-42,112,34,12,-19,60,74,105,30,-54,173,115,76,30,122,20,-68,90,17,-75,87,116,-25,-5,40,-40,-35,21,37,-33,39,60,51,-52,-67,-10,19,130,3,-146,-10,-98,63,-8,-2,-2,87,90,32,-96,-99,-49,-33,82,181,138,157,-36,-94,-48,-12
42,29,3,20,2,-7,64,-116,-15,-53,220,-31,22,-21,-4,-36,62,-133,38,-82,-2,55,-13,74,155,1,-114,-10,30,36,43,27,218,-42,-62,-51,26,41,-43,-27,18,209,95,-111,22,79,8,205,35,81,-14,-122,82,-49,48,20,-135,-142,-10,-8,20,-28,68,-1,95,-58,53,26,38,-37,-6,-110,-56,42,-88,-116,160,6,-19,-95,52,-46,-67,-59,106,-20,243,30,64,-31,212,24,-78,-115,156,-7,37
-39,-29,-83,-81,-42,-38,116,55,189,-60,-15,39,11,1,-58,112,61,-109,-56,-8,-31,24,-21,77,-42,-47,76,-34,18,-66,236,-25,60,138,73,-86,20,7,99,61,-110,-57,137,-20,53,20,115,-14,26,-114,7,104,-45,79,-44,109,-67,162,52,-22,-134,31,-9,-38,4,-82,113,-60,-64,-42,-40,152,0,-63,-241,-27,43,112,-32,17,-26,-59,1,186,18,42,-42,-70,-96,136,42,-114,18,-131,-60,-40,-34
46,79,19,58,113,-76,-29,-127,46,81,114,25,40,25,248,171,-159,-52,-144,-24,105,140,-60,-23,115,-26,-93,-22,-97,12,76,63,113,108,119,137,55,147,140,-25,1,-18,65,-107,121,-5,-35,-42,69,-75,57,3,-2,83,-84,-41,76,136,-74,-56,24,-79,-7,56,56,41,1,170,-114,-116,25,-32,-93,-105,-168,154,-72,40,179,-48,140,109,-65,40,-25,-60,45,-164,14,96,-1,49,14,-9,91,207,63
-19,154,-13,-56,71,16,33,91,22,50,-16,185,170,122,-95,80,96,6,-117,-43,101,126,24,-29,41,94,175,-59,48,43,4,-8,8,119,7,-58,65,40,178,-11,-5,-59,148,80,231,98,-37,-71,-69,126,-94,48,-57,98,-13,116,-5,-75,77,72,92,10,120,-25,160,190,259,-24,-20,97,94,1,-22,45,75,7,66,75,43,-62,46,-18,152,30,173,79,139,-92,30,-155,147,131,23,-63,165,-58,-22
154,21,99,33,87,29,-46,65,123,3,210,82,-18,78,18,264,257,115,-62,48,222,43,21,-20,88,136,121,153,-26,-43,70,84,60,136,-54,40,76,62,35,-116,241,53,186,76,104,-103,183,-42,79,44,124,-64,-162,146,46,36,126,-79,-84,195,90,101,10,-50,187,129,57,-5,-18,-29,163,-37,77,124,-90,31,-11,139,175,-8,37,53,103,69,3,-37,-67,6,-24,-45,157,177,102,40,119,189,81
-148,78,115,-17,-51,17,27,5,-15,-19,1,3,46,4,-89,-21,-28,-65,-75,-7,9,54,32,-11,24,30,-78,-77,-65,-6,-96,-46,-34,67,-123,-106,72,59,33,-11,15,-139,2,65,149,25,-128,10,-59,-32,55,-72,-132,105,3,-130,33,-20,-42,18,43,82,5,-14,-30,25,-2,-41,-62,-23,-15,171,87,-145,87,58,-43,-31,28,-28,-121,13,112,-12,-24,25,-82,-18,30,-75,-15,-58,53,-17,-4,23,-14
37,53,-57,49,188,15,-46,-25,104,-160,74,24,136,-74,38,-68,-14,38,100,-7,82,-12,-100,115,121,60,-8,-53,2,-11,-8,-25,-15,-31,76,186,112,4,33,-139,-5,4,46,-37,151,181,98,92,86,86,-16,-73,57,27,-57,84,-19,-61,54,-6,-130,94,71,27,-130,6,-171,-41,-64,20,99,27,-58,67,82,45,67,38,20,52,90,-185,61,141,69,66,51,52,44,183,35,116,30,104,-70,-115,-107
2,148,182,73,-30,92,10,84,24,-18,160,119,173,-68,36,-49,115,54,-7,65,-44,-1,146,-25,146,59,-77,57,-14,-8,-23,56,132,114,34,155,11,145,-8,112,156,114,-61,30,33,-105,21,51,28,93,54,-78,-26,11,192,27,-12,-94,38,6,60,99,82,60,285,-82,68,52,159,9,-39,-86,6,139,-38,176,3,134,119,12,118,18,73,-62,153,-99,114,82,59,-35,86,35,-29,-59,207,47,13
-35,-90,-99,-34,-113,-32,-48,-55,-79,-27,-21,49,-31,-91,-97,108,70,95,168,65,94,164,-46,89,-26,-40,24,-1,45,-20,-84,0,-39,57,49,30,91,-60,-46,-32,84,-33,91,-93,26,80,61,-82,-75,-66,48,-61,-38,-42,45,11,-24,72,-79,-78,92,-41,168,-123,-7,38,42,-93,65,-48,9,6,52,-24,-84,-138,-10,-59,87,-19,86,-29,-30,2,118,42,-8,33,50,-85,96,115,119,-16,-42,-56,121
-26,6,72,205,2,-8,73,147,64,91,-60,47,116,-75,137,-81,16,104,80,-17,13,95,83,55,117,-42,-12,62,74,-16,75,89,-25,115,-22,22,110,21,46,33,-63,-177,-81,44,60,41,24,-63,-84,3,-60,-166,108,-68,76,64,52,21,146,102,27,43,-28,113,-188,-140,62,30,-23,129,-7,132,67,38,-32,60,-45,-38,-24,131,-100,125,-42,92,75,-59,-102,119,50,69,-64,-9,160,-56,58,132,-111
-15,82,-10,20,-177,26,-17,60,58,-28,117,49,68,79,79,133,52,195,-140,96,-150,77,-22,27,231,68,-16,39,0,199,56,59,53,9,140,64,-90,46,80,-19,-97,9,65,145,83,-8,-30,-46,38,-33,26,81,-54,118,-65,-79,1,30,84,187,16,-6,30,87,26,34,-55,-57,-62,107,66,19,-24,36,31,-98,145,83,103,-70,-30,78,54,44,211,-2,98,36,40,26,21,-139,61,10,53,82,64
-155,121,121,51,-6,42,83,-41,117,-106,-63,48,117,124,104,91,-53,77,-118,-74,-30,161,3,39,102,108,-41,-1,184,100,-32,267,-18,169,35,52,35,-4,31,127,-94,17,8,-63,-3,40,18,-12,-44,27,-69,76,-153,-54,-11,-78,49,-29,197,94,-76,43,69,49,-35,-83,39,142,-25,37,79,100,-38,15,-16,183,35,46,149,20,8,88,-43,-10,22,187,-9,52,-9,161,-1,46,165,75,-49,268,83
21,13,83,88,-58,-17,-50,72,147,-50,97,141,126,-14,41,43,96,15,-79,1,-44,-46,-81,122,177,-37,56,40,86,-104,62,147,51,146,54,0,161,122,87,39,45,-98,21,-19,154,-78,-8,101,13,170,-81,33,145,76,146,-71,79,-85,101,32,14,165,-91,22,10,42,-113,139,-90,131,94,86,-8,113,33,79,107,89,79,103,-78,-30,36,82,28,120,-70,-93,117,64,129,153,82,77,30,-31,76
81,67,31,14,-70,42,-30,-71,64,-47,62,129,63,96,85,223,65,62,-54,35,43,108,2,64,188,-17,-35,144,140,74,-30,51,54,60,157,-8,8,118,83,86,45,83,7,72,42,-57,35,16,99,-23,-42,-29,66,169,11,-152,0,-91,169,104,180,52,98,-33,122,58,52,-22,-47,95,63,60,-13,155,-111,-31,133,78,171,-83,150,-59,6,61,56,48,84,-48,68,-45,157,45,170,52,-127,200,48
75,133,83,14,-43,-43,-12,24,70,138,52,47,72,68,-34,-101,-143,96,165,-11,-26,-16,118,38,-113,-95,-57,172,15,55,38,64,65,9,8,76,-118,-7,75,-31,-15,217,-90,-40,45,-60,125,-39,-86,62,106,53,124,-30,100,45,82,-94,16,-79,77,-85,26,45,28,12,-50,-24,84,-4,-2,107,89,139,88,-140,-19,85,22,66,65,-97,69,111,57,-121,102,79,183,53,-73,32,-8,-104,-123,37,-118
67,111,-69,38,46,46,-122,29,135,-71,40,-46,-73,-40,11,20,-100,135,-74,130,-10,32,-56,64,28,-25,81,89,-43,-63,163,-96,-4,89,-1,253,118,129,59,-65,-16,141,44,-19,206,-23,63,-71,134,59,120,-39,91,-41,165,-58,125,72,74,50,25,47,112,-23,21,-84,23,127,-4,-8,204,9,-42,-58,-67,-44,139,71,-29,-111,1,-66,162,48,25,-91,-87,118,48,112,93,25,3,-84,109,194,148
83,87,-130,-46,72,94,-14,7,141,-30,171,90,110,-14,-18,178,55,78,68,115,-17,24,240,54,111,-205,37,-5,44,72,-77,-30,41,42,-135,103,-12,-35,9,16,-75,265,78,66,178,214,-34,-97,-30,-109,129,-33,-62,82,243,57,68,30,37,-9,77,27,108,24,7,-60,-71,57,5,-169,-124,86,71,107,18,-113,88,24,-23,-66,45,82,125,192,-31,126,24,-40,-9,59,149,15,141,-207,107,17,-44
248,-32,-2,-107,12,183,-10,12,5,0,-98,-2,39,39,93,32,-9,92,8,-93,13,44,-76,-21,-13,32,-12,-53,-40,-32,-64,42,94,-14,46,-12,120,-175,30,-87,47,-28,-105,130,79,96,-71,37,82,-105,94,-29,80,92,92,96,89,-25,-145,-4,-62,42,-73,15,59,15,-6,-23,122,-30,45,9,21,59,93,-61,71,153,-38,-88,0,85,70,75,-25,-66,39,103,-36,163,-28,-100,-98,30,163,-103,18
-34,-32,8,37,-17,30,-46,30,-38,113,34,19,-74,45,-58,163,92,85,57,-94,33,11,217,-27,86,29,-38,41,22,-66,-132,14,8,115,21,36,180,-10,-104,82,-66,21,-43,67,-47,135,-31,-45,12,2,20,129,-89,95,115,33,-50,-27,-153,41,-38,57,-39,-122,75,-50,13,-67,-9,-74,-49,-52,46,-17,149,7,-33,120,41,-8,51,147,264,72,-75,161,-32,71,88,-104,70,-140,-196,-42,30,13,-140
-17,105,182,40,43,68,45,-82,206,140,-36,54,30,124,-96,4,79,4,6,-108,98,68,48,24,-59,97,-30,71,2,23,-7,-27,67,183,-38,3,105,-4,15,21,150,-47,27,41,173,13,154,-68,32,107,76,31,7,134,-42,41,60,-7,34,152,58,108,-116,159,166,26,189,-107,1,114,-13,16,156,31,62,14,24,61,68,81,20,85,-68,77,65,-74,187,-166,2,-13,67,88,60,40,28,87,2
85,5,71,108,11,67,85,-21,76,-60,67,122,-29,113,115,93,53,-31,37,-108,9,-91,49,129,-50,46,86,-124,24,55,120,-11,-95,42,74,14,63,99,-6,45,-34,-8,83,180,136,188,97,4,-15,-136,46,24,-116,98,-36,39,173,33,-77,137,-92,20,-44,92,149,121,135,115,-108,-185,38,85,87,-49,-53,-12,-5,145,65,-60,21,45,68,90,-22,-4,-18,-146,-50,23,18,172,-9,43,122,-29,-69
119,27,-16,-10,-83,11,-31,93,112,86,-13,-76,-77,-12,-108,-27,145,135,38,-93,-15,18,103,-55,78,73,-26,206,-24,162,60,4,-45,121,-70,65,-60,-27,60,73,93,45,7,-60,23,-46,12,-64,-114,56,110,-42,-48,-89,64,138,-8,-34,1,-5,79,140,-31,-37,-1,52,-3,-28,-25,-97,-45,-46,9,-92,-71,-68,98,9,12,-23,125,-30,34,69,190,-81,122,-100,84,-61,-43,-3,-76,137,44,67,61
-6,85,202,53,132,15,6,95,107,244,6,186,150,44,136,303,105,31,-9,-1,133,-68,114,171,-26,65,93,90,89,55,194,47,10,52,-58,-16,13,-117,147,44,49,70,145,48,-30,253,138,-85,-76,-69,122,120,-145,86,72,143,30,155,-73,104,-18,277,-139,125,-19,30,47,30,-41,-29,48,153,133,34,-125,-15,52,36,95,98,-3,-37,49,238,35,4,30,81,-16,-24,95,35,-51,-9,202,82,23
24,240,116,-152,36,24,114,10,-3,-59,-82,158,10,-32,-85,-99,-186,81,-86,55,108,95,47,2,-146,24,39,-159,-26,-135,113,98,153,-20,100,-4,81,-50,145,-107,-5,-28,111,-107,-69,-15,8,134,-97,-47,17,118,16,114,-183,5,-183,250,47,-84,-48,2,-13,-19,-12,-21,-56,210,-58,56,-174,-31,-33,1,59,-12,-14,-3,50,-8,22,127,-138,49,29,35,-97,72,-71,145,80,146,108,206,-45,65,25
17,-31,-78,-53,-61,111,-88,-77,130,-53,-46,4,70,12,-100,85,86,132,23,-58,-37,83,-50,63,23,113,81,62,100,-11,6,19,-14,112,136,107,45,43,-1,71,-12,140,20,58,118,45,167,-51,-71,54,59,-12,-100,224,156,-163,51,-14,-17,54,119,100,121,-37,181,97,175,4,-5,52,123,2,83,107,-75,-216,225,0,77,30,173,-4,2,65,43,81,141,14,32,79,187,93,0,26,1,-41,94
-92,6,53,-89,133,-38,-6,-13,-3,-30,51,146,119,-6,54,96,-61,-31,70,117,84,75,64,-81,-8,86,-33,11,-23,5,118,77,63,18,-111,-19,-12,142,-22,76,28,-63,12,-81,-37,25,60,20,-6,-104,-118,-4,168,75,4,21,-93,-72,100,-64,26,-98,14,-54,-18,-24,19,32,37,6,-106,-4,-24,54,22,47,64,-48,81,-63,-53,171,-126,36,-122,139,-130,-36,-57,131,64,-69,165,-9,27,121,7
-34,-140,57,-7,-41,6,14,55,132,-139,26,43,152,-102,-85,-24,-75,85,12,61,-70,-145,61,52,130,116,27,86,62,8,-43,-4,35,127,4,159,-31,151,-58,145,-43,62,-38,67,53,85,23,14,36,158,-36,-52,-11,-83,22,48,-44,25,7,51,-50,-26,-180,59,-18,-15,18,-59,95,81,-143,-33,22,41,106,-15,73,57,99,-5,15,-89,-25,102,66,-98,102,-92,-71,-4,104,6,-45,66,191,56,-53
196,-53,18,8,152,91,-26,143,69,-28,-27,49,174,75,107,85,-39,47,98,37,13,-118,-31,151,-94,90,-69,152,108,25,126,-1,-20,114,26,177,25,154,-36,140,12,60,116,43,-54,116,165,-74,84,61,40,44,175,123,-10,53,121,-4,-54,76,-33,110,-7,131,144,12,44,172,-25,-62,55,128,13,1,64,76,117,146,63,160,-26,-71,69,159,-15,61,72,-60,-48,113,21,62,40,112,172,26,82
-20,120,48,-55,94,32,40,-93,126,28,-52,198,94,64,81,109,71,-173,58,-66,88,-152,142,139,232,42,-1,-69,-10,37,163,107,35,41,-30,-44,-113,13,53,176,-47,73,-63,-26,82,130,196,-28,-55,177,-56,37,-22,-81,4,24,67,-42,28,92,135,12,-138,37,-4,97,22,105,116,-138,54,-102,-36,10,-92,-40,176,57,-2,-6,157,-114,-8,51,-59,-19,81,-3,-41,132,24,-5,8,38,83,135,84
120,-108,-76,-56,3,53,-10,47,-26,59,98,8,-32,-105,-9,13,164,-17,92,172,99,-10,38,-87,36,-2,-36,-16,64,-80,11,-15,52,-82,-148,85,-56,14,98,39,-10,-28,-25,16,42,52,18,-135,-17,-99,-78,-77,113,15,26,4,18,-141,0,25,229,-84,20,-86,-28,74,14,30,-21,-31,22,-22,21,37,-1,10,-65,43,110,-50,17,-54,160,-51,12,84,12,-18,34,-46,68,6,148,-146,26,32,19
87,100,-36,-30,-73,98,161,34,94,128,-147,54,59,159,54,113,23,105,-153,29,61,-52,93,34,38,113,82,6,89,119,85,67,87,84,-63,-71,10,32,25,-36,59,16,123,99,191,73,37,-98,59,110,76,-30,150,273,-37,118,185,-31,50,116,-31,41,-38,16,81,66,51,-14,-64,43,-51,37,100,91,123,-118,135,78,91,10,17,20,89,168,126,124,-7,-49,29,149,14,-23,57,179,55,-21,40
-26,172,90,39,118,129,3,-11,193,52,178,113,37,119,-105,79,-39,221,-37,85,89,38,51,17,-27,143,89,81,36,159,223,40,156,97,-8,339,78,58,57,-47,48,171,155,6,115,117,153,-89,41,-23,181,74,32,118,36,41,89,66,100,73,-86,113,36,79,182,-64,80,-43,113,41,64,-48,276,160,62,-83,123,101,113,-10,-36,36,52,36,29,22,45,33,-12,178,144,22,24,-1,169,60,-68
-30,160,-72,-38,-194,30,99,51,108,134,37,42,67,74,-18,-46,29,-208,-114,-30,-48,-29,64,-32,-125,-74,3,-9,54,65,-26,106,-68,56,18,-64,-121,56,114,-72,-7,130,-5,48,121,-63,-33,-62,-87,10,69,93,-36,-20,-33,-99,132,-44,101,-114,2,-149,46,23,33,-87,-18,-29,-55,-13,92,101,44,17,19,-32,-66,-8,-127,-83,26,6,34,-115,-17,-14,116,5,58,100,-90,61,91,-169,-19,-56,128
7,68,121,30,193,183,19,-83,-63,88,97,2,-101,66,8,28,-43,21,76,97,53,28,33,-74,-151,-74,-68,-36,-66,-1,114,-2,49,56,-147,98,215,81,-71,108,-140,-36,105,-11,47,9,78,-65,-44,-145,-151,90,147,133,-81,-25,14,113,48,-129,-11,-45,-36,-42,36,120,145,-16,-75,-58,-135,39,-8,-126,12,32,21,172,-7,31,-12,-10,-34,-9,-68,-66,-36,135,47,-103,4,-68,-23,39,-113,162,-102
88,-34,69,29,-15,-97,-7,5,-30,36,-69,215,64,-17,-17,53,31,-7,26,104,51,-167,110,-2,125,49,247,-121,-21,42,43,55,-161,42,105,91,59,106,22,76,-5,-52,49,158,250,130,-122,-35,5,69,-23,-48,-127,-77,19,41,120,170,111,93,33,-45,-92,-4,-74,41,42,89,-13,-68,-195,48,-42,-125,-20,-65,32,-71,119,57,82,38,17,126,66,-118,54,40,101,14,136,192,68,-83,169,101,160
8,131,102,95,26,-169,-29,-94,-37,-1,16,132,116,-34,-55,167,86,-10,-136,-5,62,70,100,5,30,52,126,21,7,-38,46,155,72,-3,-96,31,83,74,35,-72,-46,19,43,-29,-77,-113,212,-19,16,109,151,106,-82,65,46,9,76,20,104,-27,29,75,-64,61,103,152,-32,111,70,-8,26,15,42,39,43,-97,81,60,126,66,43,49,-19,13,60,-40,-91,84,47,56,96,130,49,-56,-59,178,10
141,120,99,-54,25,79,-74,73,66,21,-32,32,-106,-65,-1,106,-29,100,4,-28,124,137,-16,127,67,-28,2,7,28,-26,-107,163,39,30,98,-19,-3,-58,46,-81,-56,-47,-34,95,68,157,129,13,35,-124,129,-125,-21,24,-102,77,119,-85,-58,40,105,108,-34,57,28,55,-53,82,60,-61,94,3,43,-57,-70,-35,-16,66,85,-122,29,123,-59,77,41,79,-51,-21,-53,224,-3,192,156,20,119,34,54
92,223,136,131,-98,68,30,-63,105,-20,126,116,26,-26,128,15,36,19,69,71,81,30,-70,95,70,66,-64,56,140,38,138,194,131,2,32,91,61,-35,-23,59,-20,21,-34,10,61,98,123,105,170,59,23,14,-61,-48,35,27,-119,92,72,64,-45,133,-10,87,97,73,7,199,-3,79,-75,46,-49,52,-15,111,13,2,123,-23,13,60,240,66,90,-1,93,147,-71,114,162,-6,-32,110,78,96,-45
63,42,-92,21,-21,-55,56,-75,83,73,-10,66,32,1,-99,-4,105,-34,194,51,-76,132,106,-28,1,26,-66,-20,28,37,-55,-34,-48,11,-54,142,-94,67,28,77,196,-6,104,140,-131,-87,15,-51,-21,42,-58,-59,38,0,-51,-126,47,25,-1,-61,124,3,37,19,7,167,-109,117,108,-36,-3,26,8,46,-23,-3,-7,-150,25,43,-23,18,1,-87,-51,-88,-2,-130,74,-72,35,45,24,99,-41,-74,12
67,40,17,6,-133,89,-51,173,108,-25,72,46,94,-20,4,37,95,10,125,169,-34,21,-80,-16,41,-121,-54,90,-53,172,11,115,-43,-9,160,4,-97,54,55,-14,-55,-65,-42,254,121,4,-98,-20,-57,-92,70,-102,-50,-172,-61,-4,-50,100,-42,113,18,-10,103,80,-86,123,44,124,-62,64,-29,195,17,-147,-81,-36,-99,6,15,-99,-65,85,75,-21,114,-34,67,-18,-9,-72,28,75,21,-142,138,202,74
57,52,-57,-107,16,165,-46,-105,3,85,40,105,118,28,116,103,-18,-41,62,209,76,12,46,96,76,-128,-79,-54,133,19,55,-74,-40,-51,-28,-59,-19,20,-46,175,205,142,-9,175,-140,25,223,27,105,55,-18,-66,53,-49,157,-26,171,121,32,27,86,45,75,-29,53,97,120,99,78,84,49,-91,-30,34,80,69,10,8,169,-120,123,-16,187,14,22,-32,82,-24,-13,-40,65,108,37,-35,36,-46,24
57,-128,14,30,48,-8,112,-193,-106,-23,-72,-119,-22,-98,33,42,-41,-65,-20,-128,-2,67,-22,-31,75,-27,-128,56,43,140,-98,-29,-44,-22,-112,-61,3,46,-83,74,-85,50,-146,-7,65,96,-31,147,28,-131,-30,-51,151,67,-72,-49,28,-54,0,89,49,-80,-135,206,-124,33,-18,17,126,-70,-96,-85,-32,-3,33,47,65,-101,-31,-51,47,147,-122,-59,-45,-14,41,-53,-67,120,23,-66,39,-25,16,112,-61
-115,66,93,29,-16,-4,141,82,110,126,26,36,91,-9,89,11,76,34,23,99,126,46,106,28,265,82,-16,29,45,-53,72,10,160,48,-140,89,89,88,68,15,87,63,-60,80,125,68,-36,-57,93,74,108,-39,280,13,11,95,237,83,99,203,85,123,-56,37,30,64,-36,143,110,-20,-47,-9,183,85,-17,72,-7,-41,20,71,76,35,149,31,136,36,-59,30,200,160,131,92,94,-5,79,157,-114
-10,60,138,42,-139,-27,-54,-52,34,18,19,139,-4,68,203,148,184,134,78,-3,-49,135,65,-28,322,-3,-128,73,39,47,-14,-34,18,11,25,51,-167,-54,-11,70,161,91,-180,233,59,-39,138,-3,-31,21,-4,-173,-27,15,-32,36,47,79,-17,215,76,55,17,48,80,145,-80,112,100,-13,49,-62,73,52,-33,164,32,-76,182,23,75,12,80,45,12,-163,172,-23,34,-84,-14,-61,-34,50,77,126,51
22,1,78,86,-151,41,61,85,183,61,50,107,61,-39,79,9,69,29,-10,-56,-54,55,110,29,40,-83,18,133,231,8,32,170,122,69,-40,204,75,42,-44,-3,17,116,-67,125,67,67,95,-212,11,86,35,-60,119,43,246,-24,84,-125,27,33,85,101,72,130,178,-186,-1,31,85,73,-42,38,89,18,72,-85,93,176,61,41,37,94,-48,90,33,30,203,88,13,124,122,-43,33,11,93,95,46
40,-75,58,2,46,96,156,-50,117,-29,61,25,113,-126,-119,-5,-52,-38,18,15,-37,-59,48,6,57,73,83,-71,50,129,73,57,-23,167,-28,177,-26,183,-53,1,-67,-44,55,37,76,7,69,-91,50,140,5,-55,172,-117,11,84,48,-35,-3,51,82,176,29,135,-78,-1,-120,35,4,18,-64,114,-19,-13,-58,-3,-22,62,59,-40,-17,-39,15,23,86,59,-35,-181,54,106,75,14,63,4,106,-60,-54
26,-190,-116,-102,57,103,-92,17,-81,143,42,30,-120,114,75,18,80,83,201,39,240,8,-85,-42,-22,53,-137,74,-162,58,59,-3,-24,-80,103,54,70,-9,67,8,84,-26,-15,144,-34,9,30,8,56,-169,-10,-16,70,52,-103,109,58,33,-229,-13,49,39,-135,-74,8,180,-12,-71,-38,7,63,14,37,-51,-42,24,-173,3,-73,8,129,122,10,-69,18,-4,-8,-56,-13,39,34,-36,-103,-86,47,115,37
5,189,-58,-29,-57,4,67,-14,171,-28,114,68,96,35,12,121,141,-97,15,-93,46,42,-28,84,64,21,-31,20,-3,16,109,32,86,77,15,43,30,26,111,107,-66,52,14,-4,41,42,10,-76,64,34,12,96,18,-19,-102,-107,-111,-42,153,-72,-9,-10,76,33,178,36,96,41,-54,4,-2,-7,66,33,-28,34,61,99,-34,-3,39,49,-57,63,151,-21,139,-14,61,-36,116,88,211,44,-15,-43,84
-38,87,50,-109,11,93,8,64,77,-55,-184,-49,1,111,-98,-8,-29,58,168,27,-129,-68,-34,-4,87,76,29,-32,-179,107,153,-60,-46,-15,106,13,-112,-72,70,22,-94,-98,-137,54,177,16,-46,-83,-189,-44,6,89,-84,-19,13,139,54,113,-89,-10,48,10,-110,2,-117,70,146,-2,52,35,-75,196,82,-98,76,-92,65,-32,24,92,38,-123,44,39,121,-150,72,95,9,40,18,17,-15,55,-4,71,40
-49,138,-13,54,-13,66,-56,26,28,-32,18,33,-111,96,-74,-18,110,51,-6,-55,2,68,-4,60,182,-127,-53,55,-52,90,94,55,144,-39,26,45,64,-48,-12,-32,-104,7,-41,-87,15,85,109,9,94,4,-11,-12,72,-30,-46,104,-239,-58,-39,68,-51,107,113,-49,-48,-52,70,-71,110,-34,-26,-29,197,-129,-61,-165,137,-60,-142,-23,-98,-49,-49,89,50,-38,5,129,-24,61,57,-133,-64,-45,-209,64,-40
-83,101,-2,-52,-39,17,35,-34,30,148,100,36,-31,141,6,134,25,32,58,35,68,130,11,-211,-68,-116,-46,65,-63,72,76,46,4,16,-31,-52,138,-52,71,13,62,120,-38,92,58,-61,-130,-51,-54,-57,12,-76,143,-19,-89,5,78,14,98,-130,44,43,35,-20,97,149,48,68,14,87,-58,46,78,38,18,88,-106,-105,-80,20,88,111,4,9,129,16,60,28,168,-91,95,60,154,-118,-40,124,37
42,117,9,33,-62,134,-51,-26,74,101,68,74,23,-33,44,-41,77,-51,19,111,70,123,-74,27,117,49,12,-13,-32,-87,177,154,30,89,100,76,-23,64,188,90,40,-26,46,25,139,150,60,29,66,-60,33,63,187,-55,112,-50,107,66,-27,120,-21,23,-44,74,-5,-54,33,46,-23,-2,21,-86,-34,43,57,-34,40,-39,166,-148,81,-5,186,-3,35,87,140,-61,-8,38,42,35,-86,-19,124,-71,70
42,-117,-125,42,45,-56,71,-69,32,-75,77,60,-37,-143,34,65,221,74,112,-195,101,87,87,-77,-95,5,1,125,43,-106,116,32,118,25,66,46,59,54,-49,103,151,130,66,-109,26,36,-39,60,-33,-76,57,-25,31,-33,103,47,45,-238,-64,-16,7,38,-79,-5,-4,118,-62,83,-107,-50,166,12,-86,112,-59,116,-115,26,18,131,38,65,3,-75,-8,134,-15,-71,9,-2,49,-7,-111,-47,88,74,-45
54,70,98,21,-87,21,90,-64,-22,112,-102,167,94,-16,99,-50,-44,67,-253,6,-83,28,55,-129,-82,67,234,-20,-42,-67,28,-33,36,-8,-17,87,7,16,-29,-120,18,45,90,-65,53,-41,-81,-32,-15,-11,-54,31,188,123,-113,116,3,261,36,-31,-22,65,-108,-33,83,-7,-77,-43,104,20,-153,-64,14,71,34,-39,25,-81,64,-3,35,66,-53,-38,71,-78,47,76,-28,128,82,25,91,-45,57,-33,23
-56,-27,-10,163,12,-25,-5,-4,-60,22,25,85,3,32,-61,-30,116,12,119,-4,49,-39,133,7,58,-12,47,-16,52,70,-34,52,74,36,-175,62,56,10,23,54,7,65,27,102,102,80,106,-121,-35,-107,-22,-98,-79,4,116,76,52,-30,89,-16,34,49,146,-22,126,-49,72,-110,124,43,44,114,141,-24,-33,-29,125,45,44,-71,-101,-39,13,24,110,-71,37,75,-28,9,124,-14,2,-24,-106,69,-88
-53,127,97,182,29,61,-40,-87,135,-32,71,-12,70,28,-2,-20,56,10,14,101,-103,73,28,1,127,-48,-27,-112,119,-41,-19,-22,-43,-5,14,110,27,38,-154,-108,106,-23,-62,137,125,-22,153,-20,8,75,146,-58,39,73,108,-98,76,132,43,244,90,-20,-26,87,-7,-37,-107,66,44,53,2,-52,137,-11,-15,39,153,18,84,78,24,55,15,-57,-13,-20,129,84,20,76,71,-117,8,-4,40,34,89
-42,-158,-87,-110,-69,-43,-68,202,-1,14,-60,51,177,53,77,141,46,51,-25,-32,50,-125,23,-68,115,-117,11,174,18,-38,-101,-35,-15,43,56,-107,-51,-143,32,121,103,-4,-112,90,-51,16,-223,64,-106,-52,-123,9,34,42,6,-37,0,-84,127,105,47,-71,-61,-143,23,49,-113,-96,19,11,-93,33,44,108,-81,90,147,-68,-159,65,60,-31,-75,118,-1,44,131,-38,108,-97,153,35,-106,-35,29,-89,79
49,-69,55,68,144,-30,-40,23,-44,-56,48,60,-38,-9,132,188,215,28,191,88,-22,-19,52,38,95,24,13,-29,-74,87,59,-71,157,9,-105,134,85,-56,136,167,-59,155,-65,131,3,18,70,-195,99,-70,0,110,38,121,42,50,135,-5,175,-60,29,-116,20,30,94,74,88,91,32,-44,70,-14,48,29,39,95,66,142,49,71,-77,-64,31,89,-28,-30,-20,175,44,-141,2,-42,2,71,-103,29,46
3,-62,-12,-44,70,-10,66,-48,-117,-67,-147,-124,-98,81,23,-62,-88,2,30,-52,-35,-34,26,-36,-74,-76,61,-177,-129,-56,10,-106,57,-57,-24,-86,-23,-152,-126,-19,61,36,17,80,-4,96,-102,99,-155,-181,46,-54,-45,129,-31,-23,15,112,-124,108,-90,-14,-128,-47,-9,45,13,-23,39,-7,-55,20,26,-149,99,-3,59,-80,29,4,8,21,-91,11,77,-18,152,109,12,-28,-32,-112,-84,137,144,-95,102
-61,8,36,-4,4,75,-140,-63,29,-56,54,-80,26,-123,-2,-32,-70,33,89,-16,-122,-122,13,50,17,-40,101,-4,-59,-13,-137,-130,55,19,65,138,-101,-33,-22,-180,-51,28,-1,34,-66,-56,-12,17,37,-12,190,85,-22,-91,191,-4,42,-85,6,14,8,-7,66,135,-61,-162,-160,39,49,53,63,61,-75,103,157,-9,-83,-50,67,78,-42,-6,207,74,-40,25,73,-50,102,69,-22,-67,-118,59,-102,-135,-99
-16,-62,203,-136,-35,-16,3,77,-31,-58,-1,19,-89,-65,-80,-96,-9,66,-44,42,-43,9,-35,5,45,163,17,-86,-11,117,-11,21,20,60,168,67,89,-20,151,82,-12,-52,-96,17,66,17,-92,18,-25,-80,38,-24,-104,-97,33,-10,25,35,-44,-47,57,139,2,-79,-29,69,42,-6,-130,9,104,66,-45,-68,37,-63,-51,89,57,-183,147,-17,128,-11,90,80,50,-117,-90,-86,2,43,-57,1,62,43,-70
11,3,-143,-53,117,-30,23,-20,62,0,-37,-10,13,-50,80,173,72,18,28,138,89,25,-6,33,93,-70,-38,144,-28,22,119,24,-11,-49,39,-2,-6,-34,32,87,86,99,120,-104,194,91,89,-35,-24,14,-51,-47,15,51,45,33,-36,73,46,61,85,104,121,-158,-42,95,58,13,-143,-28,81,-37,-111,123,-51,71,68,-22,1,161,163,-35,38,38,-11,188,-7,30,48,12,119,11,-25,-58,-25,-5,90
98,97,-136,39,200,138,-134,-54,104,29,-22,-22,179,-45,38,50,107,-81,137,63,126,-56,169,81,7,-9,41,54,-131,-57,116,-16,5,52,-36,-17,-154,11,149,92,73,54,-24,14,-15,39,177,-146,-194,31,-18,30,-23,101,127,102,-3,19,-32,-83,121,30,88,54,-7,109,108,186,-1,51,84,-90,-43,-11,-16,-3,48,-39,69,95,116,15,53,35,51,-73,91,14,-2,38,-10,33,-67,23,119,70,51
19,-5,-1,142,74,-15,9,21,46,56,-18,7,109,-31,-44,-111,-64,-34,67,61,-1,79,28,-39,21,-11,45,56,-6,-110,34,-149,-68,-148,-42,100,7,14,-15,-53,112,-56,-3,4,-117,-140,100,80,-38,80,30,-73,-32,118,-116,-95,63,139,39,-125,71,-179,55,-104,90,33,-55,-62,40,-54,-22,31,-4,39,56,17,67,-20,-24,35,-94,-55,-40,28,-36,-161,-13,54,22,37,-7,-26,-82,106,-68,-230,-97
-118,-42,-23,-16,-77,57,48,-7,-22,105,46,32,-14,130,53,32,-31,9,-34,111,137,68,-112,-33,121,-156,118,-51,-47,-176,-21,12,-51,38,150,-68,66,41,83,-117,22,-101,-59,37,56,-81,179,144,-9,6,30,36,35,-27,-132,-26,49,74,-50,137,-4,-126,149,-10,8,-162,214,-70,98,69,175,-29,86,57,29,33,-114,-64,166,-2,9,-10,8,1,107,-119,-113,18,89,72,-59,149,22,-185,-25,-94,176
78,38,107,-51,13,-35,-25,32,165,40,-59,148,77,-100,216,220,145,9,76,64,9,171,-35,42,-8,-106,52,72,-4,4,-36,-36,56,-1,95,112,147,3,73,24,-4,121,-101,114,45,-30,77,-70,-119,-114,116,-149,149,106,-34,-32,74,68,144,-90,99,20,59,96,11,31,-102,150,84,-7,51,-17,-48,-2,-171,86,73,71,74,81,-58,133,-63,119,36,39,85,27,85,164,27,98,68,-80,-31,58,88
134,90,-44,5,5,38,-13,71,38,87,72,-57,173,-44,-26,93,-11,-143,-37,78,122,153,-102,87,30,36,-68,52,-35,-123,20,109,14,100,69,79,-107,36,178,-90,-3,-137,40,6,63,54,49,0,-8,32,-15,51,64,165,-10,-158,-8,-45,-171,-28,106,24,38,35,-74,-18,-230,113,-79,63,70,159,-16,16,-28,9,-1,-86,85,-20,39,-59,64,11,-85,-60,20,-32,19,34,127,104,58,24,61,-19,174
74,-3,-40,1,82,-3,-3,17,153,20,21,-16,-57,57,-91,36,107,-74,121,-93,98,22,-3,231,138,-73,-43,243,-57,6,86,72,60,35,-57,65,-24,-116,-16,90,38,-47,37,30,20,222,-35,-14,44,79,30,41,30,-113,60,-44,107,-55,-45,233,-36,113,-128,69,-13,105,-176,61,107,-30,-22,73,135,-95,60,-106,65,-71,-145,56,-59,0,87,-2,70,46,105,46,35,85,-47,-33,-35,1,82,-12,78
33,92,-7,77,54,-42,-62,-218,-99,0,22,-38,-87,145,-20,198,-26,-72,160,-52,57,7,-47,-8,132,43,-54,-92,-138,63,-27,77,-153,11,78,-112,21,-15,-140,39,-15,35,3,77,135,174,-9,292,74,27,-54,34,-47,109,-165,-38,-53,83,-114,96,-106,-66,-114,-64,-37,218,-44,34,-24,129,-28,132,-72,-66,133,60,41,-260,-47,104,27,99,45,-62,-14,10,8,125,-18,-81,-8,-54,15,-50,19,120,111
-129,85,-144,-35,-142,-105,-77,-8,73,-137,101,145,150,-64,-51,-46,44,94,-22,-10,-87,-54,-1,72,22,-131,13,-64,86,-57,-54,-35,90,3,-53,-47,116,-9,124,-67,62,57,22,14,54,81,-118,-27,46,118,57,-20,155,-40,187,110,-64,-148,142,-46,20,3,45,120,82,-160,-107,-12,81,155,-40,119,112,-4,82,-63,143,19,-111,133,10,-114,-73,79,292,57,161,-67,45,93,140,122,124,-134,74,-4,140
40,29,-14,-84,-37,194,-3,-5,-126,42,76,-5,21,126,117,-67,35,140,-53,0,84,-118,22,8,-77,44,-69,-71,55,-5,24,26,-74,-31,31,18,8,-4,35,-43,74,103,32,135,1,-9,43,-35,-66,-173,-82,-2,12,124,-113,-113,50,-6,-65,22,115,-34,-8,-2,107,156,39,-1,-176,71,75,34,14,109,213,47,-72,117,25,-19,208,62,53,-64,183,63,193,37,-60,45,-17,82,86,30,153,92,-53
198,86,-53,11,105,-23,-50,183,57,44,56,119,152,5,-57,-57,104,0,-36,23,60,8,75,96,-156,-71,107,78,130,-202,-42,29,-61,3,176,92,-99,79,60,19,12,-46,49,-13,-146,-158,90,-49,-161,-34,-4,116,-237,102,187,-76,12,15,-73,-70,40,-81,164,-20,81,-103,7,96,-134,33,171,9,-1,29,-204,-194,70,134,58,19,28,-21,-65,-34,-19,-118,-51,-123,19,84,-99,136,38,25,-28,-137,114
-80,132,152,-3,-174,17,223,-79,-5,-39,12,197,18,12,45,2,66,-198,-71,52,20,32,112,122,173,52,50,-227,231,-107,101,48,97,0,45,-32,108,111,18,6,61,79,-97,103,203,73,-10,121,121,38,-32,-14,143,-56,-60,-9,28,87,194,0,-27,-1,-35,1,-7,43,61,18,60,52,-76,78,65,125,79,59,-5,-69,7,-34,190,63,20,-32,-5,44,-3,167,83,125,93,3,137,-168,30,45,-31
-18,29,67,-195,-6,-30,51,3,-69,44,66,68,-18,61,157,117,-26,136,136,128,-51,83,86,74,-2,7,-56,-110,-5,40,31,83,103,104,-21,133,77,-1,-66,106,-36,117,78,59,65,123,41,-113,-8,-24,74,13,96,93,51,-84,-14,105,-3,-31,98,127,103,-53,42,95,-1,55,-43,25,-87,-1,143,-6,40,-96,120,-3,-12,77,153,131,-32,161,-42,48,95,103,68,-46,115,-13,10,-62,28,102,139
105,6,106,-122,8,159,221,2,127,52,-69,100,111,99,-14,-3,145,-46,85,26,113,-43,-3,-125,180,-20,-98,57,-127,106,131,-18,49,83,13,37,69,-35,101,103,44,-92,-162,71,98,-59,-6,-15,-19,-27,23,-59,102,-8,-79,43,120,132,-54,223,80,128,-90,107,-40,123,51,78,24,-86,-45,59,73,20,33,19,-81,59,21,-11,-31,60,49,-14,63,53,6,-125,-16,117,-33,-74,85,-6,42,28,-84
219,-12,29,86,29,96,-82,6,-75,51,-38,-52,91,71,52,-78,-64,34,82,75,34,13,-190,22,-11,9,-126,12,-33,2,-48,107,-2,-71,44,-52,-61,-46,-52,-27,39,18,38,29,43,-20,144,142,-101,19,-117,-55,128,31,-42,132,105,-83,-184,50,8,79,-22,23,143,187,-1,109,142,108,154,28,-166,24,62,-41,-1,70,97,26,194,-158,115,-86,224,-53,138,85,112,-52,-2,184,30,-51,9,-44,88
-3,154,18,-54,-17,161,-35,42,68,-117,19,118,187,-77,26,96,-89,-22,-173,76,-40,-23,-1,115,103,106,75,25,34,105,164,38,-139,-14,93,121,-114,237,89,1,-48,171,142,15,149,-50,67,89,70,78,-38,111,-109,25,32,47,20,147,56,-2,-92,-71,68,-95,131,-36,124,112,-43,2,-73,36,-140,132,6,-102,51,89,69,-147,165,-30,-30,36,122,43,68,90,71,136,59,213,165,-27,95,38,114
-24,70,107,-21,216,-75,-14,-7,-33,-2,-6,143,28,-70,-199,-59,12,107,32,-12,300,-25,77,18,0,-105,26,25,97,-28,-36,98,45,132,-18,30,49,-75,103,-68,-130,-21,52,-131,72,97,23,108,61,2,30,57,8,59,-94,113,-79,106,64,38,-43,43,-103,20,-43,57,48,67,-63,56,15,66,56,60,-35,-43,99,-12,-46,115,64,-21,-72,75,49,40,41,36,-54,84,113,-81,164,-6,80,26,115
-32,-68,-44,25,96,96,-76,-13,96,13,54,50,52,59,-13,-33,104,93,173,118,53,74,63,36,107,-33,92,139,43,5,-79,90,-45,64,236,-16,-96,13,66,72,56,-57,118,186,-5,99,-11,94,-142,27,-24,-11,-23,-30,-29,28,69,99,-50,43,-18,-40,-112,-66,122,141,27,79,18,114,39,-18,-28,109,-63,32,62,-36,36,135,12,78,98,-73,44,92,148,16,-15,-93,123,59,-20,1,156,-9,76
85,176,15,84,56,39,40,83,258,81,86,115,141,53,85,81,196,-15,-74,44,31,-12,46,-79,146,-116,55,234,24,-45,62,21,9,11,41,142,-38,20,199,11,52,25,47,-6,161,-102,42,28,-87,71,-107,72,51,93,11,50,121,-67,225,80,85,8,-142,39,27,-81,-134,-21,-115,85,82,-92,-6,278,-49,83,134,9,-62,102,-20,-51,-51,95,-178,-24,76,-166,86,3,215,132,60,-31,-67,11,6
-45,-39,62,-59,-11,31,160,-2,145,-29,-91,1,-18,91,9,-34,-83,-14,20,-82,-149,-105,18,157,203,2,-31,-3,84,128,-91,49,-66,32,72,65,-71,6,-113,12,-14,39,-115,68,126,85,3,67,110,33,-71,-91,-12,-65,71,-88,163,-131,-48,129,152,124,-19,-59,25,-57,-17,36,65,-113,127,119,101,52,15,-25,136,35,36,49,51,28,-34,-41,10,-40,46,-122,-2,232,84,2,144,-22,60,9,121
-54,38,-25,-17,30,77,-5,52,74,69,14,42,41,80,-151,20,-74,72,105,46,62,31,26,0,-108,160,129,134,-49,13,29,74,29,166,31,127,-52,-21,92,186,187,44,39,105,-166,10,-24,-2,-92,43,-31,88,-61,92,11,53,44,-153,85,66,-58,136,-96,-112,14,36,-9,-61,150,38,-3,-41,2,138,142,85,-2,-5,203,-34,-67,36,29,18,103,76,79,-158,122,-62,136,115,-28,200,67,17,-61
92,104,74,95,3,130,-24,109,121,33,93,115,2,-11,48,-20,196,209,48,89,-15,-90,196,18,142,59,96,32,37,-132,93,65,140,145,-58,231,30,47,-24,-3,117,29,11,4,190,-13,142,-109,-46,17,65,30,122,-29,163,142,0,102,15,99,31,118,9,0,31,-86,-2,-75,77,-29,29,-23,79,39,16,1,0,233,115,80,70,-34,204,127,66,15,-81,116,57,141,-24,-31,30,15,87,139,-5
102,-90,10,75,-57,-80,67,-28,-99,-102,13,44,30,99,6,-12,-133,-138,-107,38,10,-90,-156,-15,112,32,82,-126,-2,92,50,27,-90,-60,146,105,15,91,81,-15,-85,41,-72,28,249,200,7,57,201,-26,103,67,-97,-65,-60,-45,133,-79,92,68,-7,-2,27,89,69,-4,114,-21,94,-86,-25,113,23,-98,-46,75,96,-42,71,-138,97,-68,-51,11,69,-140,39,-36,-97,-17,267,239,9,-227,1,73,107
11,81,88,86,-101,111,4,186,153,147,114,139,44,-92,80,101,14,-10,-152,152,158,-15,60,-23,3,79,101,15,88,49,137,206,102,30,80,107,-85,125,193,-3,-31,35,121,96,270,84,75,-103,78,-143,132,67,-5,-19,-6,59,110,29,127,30,-30,96,-58,-38,-27,-32,30,46,-102,46,82,173,63,-7,-125,48,-148,100,142,-95,117,39,49,55,-2,46,-77,-29,83,96,80,110,50,-122,120,156,20
66,46,136,-67,6,110,-3,55,184,-32,49,57,11,20,59,187,107,-67,26,68,-38,51,154,83,74,110,6,85,38,36,64,-14,126,25,-33,11,-26,152,-6,67,85,128,108,21,88,35,20,54,-148,-49,56,-21,74,120,-37,104,116,-5,138,52,-18,58,-57,68,143,-48,-8,37,106,2,-96,-19,-111,77,-21,16,95,139,173,36,-14,88,-12,37,-34,149,-1,-33,95,-15,53,63,52,30,160,13,116
48,13,84,12,61,114,52,-41,75,-19,60,96,59,-115,26,-69,55,-14,-29,3,-36,-3,61,-60,143,-2,-168,-73,-85,-43,-5,78,9,16,-55,-64,70,1,118,-38,-14,-101,132,-56,131,13,-35,-59,6,81,-8,-117,71,-97,3,49,-6,93,23,136,79,40,-66,98,-7,-10,-107,75,49,-46,-92,-71,-152,48,63,33,-113,53,101,79,63,-78,169,29,40,12,42,-41,15,32,2,-4,31,-60,86,-12,-83
52,229,175,-10,152,-20,37,-46,103,113,166,91,69,147,94,-42,47,56,179,87,37,-38,-31,26,32,-63,-75,142,-96,-8,17,-53,66,21,-40,4,191,-60,100,-102,114,49,-18,4,66,27,309,25,3,27,16,-58,105,74,196,-24,7,-39,140,-5,64,4,-31,103,0,-107,-13,-18,-23,0,86,-86,161,62,12,88,94,0,16,131,-72,81,6,135,-107,-177,-71,103,78,114,105,18,-2,-10,-54,59,-49
-35,232,-33,55,42,88,-28,66,132,42,-26,155,140,73,24,-10,-153,104,60,149,-59,130,160,5,85,-38,-179,85,-32,17,190,5,37,-22,58,13,8,120,53,119,239,95,105,63,-57,-61,1,80,-62,99,-150,-98,115,7,79,24,-51,44,86,156,-16,-28,-55,31,12,98,22,111,11,215,26,-102,-40,168,197,77,-83,-57,96,46,8,65,-18,-58,-69,102,62,-49,140,7,-123,-85,64,86,-55,-38,-40
67,-89,131,-52,-12,-4,41,43,97,-41,-24,-64,-189,-1,-114,-69,-114,273,18,-39,-128,16,-43,62,52,65,-55,79,69,36,28,104,61,72,46,65,90,14,93,12,-213,-142,25,71,136,104,54,-13,-30,-10,-68,-23,153,-4,-63,-89,-17,-102,-11,42,119,-19,-7,110,38,80,29,-82,-51,114,58,-18,58,-89,-2,-165,146,104,75,-72,6,-38,-21,101,187,-48,-37,-59,33,60,16,-44,-42,101,66,109,55
-143,221,80,122,31,-36,56,-53,181,136,89,105,172,101,260,236,44,25,-15,12,69,57,223,7,85,-47,84,28,165,15,-46,73,81,158,-24,-40,27,4,-55,-4,83,129,31,108,61,149,52,-45,-77,14,6,30,-45,43,151,-9,95,106,-2,183,-28,-58,-97,173,-3,-28,20,81,-61,-1,5,-90,1,94,-49,51,58,132,149,-91,145,108,35,81,-42,81,245,-101,0,-7,68,-50,-106,138,191,145,-8
86,167,22,-50,118,7,77,-120,241,-104,-45,133,-43,-28,110,144,10,-83,61,-99,97,258,47,50,36,17,41,93,-91,-14,98,106,116,147,-9,11,43,43,12,-26,210,54,260,74,162,156,109,21,60,-17,75,-37,-5,47,45,116,98,103,46,76,-119,66,-135,1,79,68,102,98,78,-34,17,-65,-150,21,31,99,-33,15,176,-8,100,120,-16,15,9,-55,113,-9,-71,131,-9,-71,122,201,121,103,159
-70,11,140,-50,72,170,96,4,-5,-10,-115,23,134,9,5,42,273,-29,-79,131,48,66,121,69,335,-6,124,-148,145,-8,-1,-95,7,98,-58,-22,16,23,54,-66,127,-6,129,-18,45,-91,81,71,-93,20,-16,-52,43,65,123,4,260,121,143,173,141,47,-20,-19,-26,37,102,31,31,-48,-12,-2,-8,214,-128,132,135,-37,223,117,93,-32,110,23,170,147,114,74,131,123,76,-32,140,8,3,-123,36
