8,-10,-8,3,-3,1,21,30,-11,-17,-16,18,12,60,-12
37,-8,18,20,27,-7,15,49,8,-14,-17,1,-9,31,17
-1,9,-16,-16,-14,-30,-50,-39,20,44,-23,20,-19,-15,-7
41,59,32,55,-5,49,69,8,43,-25,71,-18,34,43,6
-54,-50,-59,-5,4,-15,7,-13,16,1,2,-56,21,-1,-49
14,-17,-31,-27,-70,-13,-18,1,-21,5,4,-16,-21,61,20
-13,-16,-1,36,-22,34,67,11,-22,-17,43,8,4,-32,8
22,12,-10,-23,-1,-32,-10,-65,1,9,29,13,-36,-57,6
35,10,3,-27,-27,-24,-58,-3,-20,9,-3,8,-50,-10,50
2,45,-25,-42,-62,-18,-65,-57,-18,38,1,14,-20,12,9
38,15,-1,-41,-20,35,-38,19,-7,13,-4,15,48,45,-1
-13,-27,-21,9,-24,-62,-13,-31,-36,-6,-15,-20,-63,-37,21
70,-21,3,-57,37,-19,-23,28,-14,-42,-34,37,30,-6,6
-15,-57,-37,-10,12,-27,35,54,-16,-4,-22,-31,4,-50,-18
51,-52,49,-70,75,-2,41,-51,31,-26,0,6,35,-31,28
