28,15,-62,-127,147,97,35,192,-100,7,-76,5,18,61,59,-15,0,-46,74,-112,-168,-92,-178,70,-38,-159,-112,80,13,145,-8,37,-24,48,123,41,-73,-62,-83,129,-3,68,20,-86,49,-95,75,87,8,81,58,-38,63,135,26,13,7,71,75,109,-26,-4,23,10,-14,23,72,-98,-87,-111,-107,-108,-50,-98,-20,-52,19,-48,35,-95,117,-78,-130,-155,-48
84,110,24,88,106,46,240,-118,55,89,-6,-39,16,135,-20,95,224,-60,67,36,-20,37,-121,84,133,115,-58,98,111,-68,23,80,45,-57,42,-120,-13,188,168,156,-23,6,147,127,-51,-16,56,60,-10,11,50,-52,93,-141,16,-139,34,145,-37,-90,2,122,76,5,91,12,48,-46,-156,-10,76,16,30,-107,67,-2,82,-144,-90,66,5,59,-43,46,103
-66,-12,-46,-133,-16,37,-9,-3,-35,18,86,-111,-8,97,32,87,-72,107,1,96,42,-14,115,98,-22,72,-33,105,123,27,77,92,-82,147,-46,-14,-46,-155,1,34,4,38,17,100,117,56,-3,99,1,74,41,-57,-36,-15,-138,-27,162,-15,0,174,100,-107,-59,199,21,105,13,142,39,33,168,-129,-45,39,24,132,132,26,147,37,-33,106,120,-47,109
-23,18,-8,18,-106,-43,60,-58,51,290,18,-98,-16,42,2,63,119,-56,-79,119,74,42,69,-27,-214,-64,-86,19,76,-25,-25,-102,-157,-6,-4,104,55,-48,-47,-30,-90,-6,-90,99,-35,48,-34,37,-30,108,46,-35,-107,-55,7,-208,-36,8,-1,58,-66,-100,-58,60,46,222,7,99,-85,101,39,25,-66,-104,81,242,64,97,21,-153,-141,97,-75,52,-49
-61,-7,105,11,31,-31,17,75,-58,-43,53,100,-1,-48,122,18,-95,60,-35,-77,9,-97,-52,87,193,-5,28,69,22,-30,-8,52,73,-40,129,54,166,38,27,69,17,36,-2,-70,-95,89,122,84,-44,-110,66,-114,158,19,32,38,70,1,-55,25,111,-10,-1,37,-127,-27,-30,-26,18,-5,-46,-48,30,-29,95,-23,81,116,54,-30,-56,122,32,61,39
43,-116,64,121,197,68,9,36,-46,65,70,47,-73,12,-112,-9,-12,-82,35,78,-83,240,-101,66,48,112,-72,143,37,222,-62,-9,15,89,-118,248,46,55,116,99,208,165,47,11,-13,-64,32,-27,-15,68,114,-66,7,139,-3,-12,85,28,44,23,4,-52,-140,-29,-60,112,20,117,25,59,-42,-4,-125,-32,-34,114,137,71,51,-9,102,14,1,170,53
173,-14,-12,-65,-63,28,105,-69,-45,39,46,-77,50,58,102,48,14,52,-55,-26,0,65,56,-48,-96,94,-41,18,-16,119,-44,-54,-44,-18,100,81,29,-71,48,-36,-102,44,11,98,-67,95,61,68,-38,-46,-35,28,76,67,6,40,28,47,45,-43,141,-30,-50,120,99,90,199,13,35,147,0,12,-58,-49,-17,119,135,85,78,-103,-29,21,20,-17,56
0,-70,52,-1,179,104,20,123,-73,-22,82,-18,7,83,72,30,-21,114,23,3,-26,73,84,-74,36,-57,-19,57,-42,114,-38,17,60,22,31,83,194,70,-64,40,80,46,7,4,60,62,32,94,41,3,118,64,144,179,-21,136,87,57,96,-29,40,190,-49,90,57,65,116,54,136,46,-170,151,-38,0,-51,140,46,1,81,133,-5,89,-112,6,-122
81,63,112,28,97,-110,-98,24,-3,0,46,-31,47,-38,-174,47,58,-39,121,-19,84,96,87,-60,9,-150,65,-74,9,8,-47,48,-33,21,38,-75,-62,-125,-6,-95,76,-37,59,-278,-82,-164,-15,-9,-63,38,-54,8,11,16,-90,-122,145,26,-59,16,-42,-196,-142,48,-16,35,-103,-28,-13,20,52,-15,-18,-51,94,-29,-24,39,-68,-59,-96,99,-42,59,-5
-40,105,-14,-49,45,40,1,167,9,48,35,31,-19,28,42,-40,62,90,-104,-68,20,44,58,23,-8,-116,134,61,40,-16,86,-106,178,-86,95,37,30,-20,-132,128,47,3,8,-77,58,-29,8,25,67,66,-60,148,106,6,22,41,250,107,53,90,239,-10,89,38,4,116,13,102,156,104,-25,118,-50,142,50,26,-26,-111,17,63,-39,16,-66,-25,90
62,-26,47,46,34,167,120,23,60,88,23,153,-112,-111,-51,69,2,-15,102,87,-21,101,-60,7,42,-224,-24,3,156,49,48,68,63,-29,111,4,48,-42,-28,23,89,-24,80,-63,108,59,26,18,82,81,-164,79,38,-135,37,-61,68,167,28,4,-35,109,-49,33,63,39,-175,20,-50,-44,-79,137,-105,110,4,1,51,66,-7,-68,-106,-4,-75,119,-26
20,84,-29,91,2,-16,6,87,70,34,34,29,-7,-47,70,22,-41,25,-144,-8,94,121,60,83,27,57,42,59,103,100,11,97,126,65,-73,-14,62,-22,134,-7,55,50,107,95,37,-1,22,35,-75,60,-63,103,128,-121,31,-112,106,110,39,-43,10,94,-21,-22,-59,56,-147,38,105,5,-4,68,-1,56,-30,33,92,83,-90,171,-122,-105,92,109,-23
123,-48,-43,100,53,84,53,-34,149,39,171,97,14,10,59,204,-16,-65,94,-17,-71,186,43,-42,-64,98,45,101,117,114,-18,61,57,-76,243,-137,62,-37,83,61,61,111,104,95,-50,93,115,6,-41,-180,-125,59,5,-115,44,-18,130,59,-38,-146,-9,-34,-11,1,69,-5,-57,-88,31,136,-12,119,42,38,74,161,34,58,77,79,-66,-38,85,214,-17
-31,-31,-22,-91,25,-28,63,130,-27,85,-18,97,-128,110,115,135,110,20,5,18,10,29,-3,182,108,142,54,117,-26,102,-52,86,53,15,-49,33,-37,103,-68,199,132,225,40,23,28,1,5,-72,109,185,144,18,136,102,-63,100,121,-109,71,108,151,-8,12,-35,2,79,-35,-35,-4,64,11,122,31,73,-29,144,59,-11,17,18,-20,-21,-102,38,141
-100,-169,145,23,-119,97,76,74,106,-121,91,78,98,38,119,-17,106,-55,-27,45,28,-57,6,111,26,224,-14,140,50,132,224,59,-28,44,119,68,10,-40,116,25,237,56,150,106,220,-8,-75,-43,-127,-5,184,19,83,4,6,204,3,-89,115,-1,41,0,103,-122,222,194,88,129,78,87,32,189,55,-40,31,6,86,198,106,144,148,-72,75,70,-28
177,-113,30,230,70,-82,-4,-98,89,41,104,74,-101,52,147,6,-54,30,81,65,72,20,72,-43,31,189,-126,-120,-92,87,-119,10,27,155,7,-44,125,86,47,47,76,13,82,57,36,50,-47,-31,28,-15,-7,91,56,83,80,-17,-41,22,29,2,89,70,103,-10,72,52,25,-31,110,13,-88,167,48,37,-61,-54,-26,106,-61,36,-31,-17,-37,-92,15
234,-91,92,23,-8,-12,-25,26,-1,149,94,62,-73,-55,46,17,17,143,5,1,112,188,44,-86,-22,4,-37,-21,27,10,-26,114,151,35,188,-84,43,102,64,-12,-38,255,50,61,-27,46,6,-83,44,-41,-124,87,161,25,42,79,-14,43,-18,-26,75,196,69,29,107,-31,104,131,135,71,-23,175,-123,44,106,207,117,104,77,66,-76,37,-38,-63,-17
-56,-86,-25,11,-120,40,-33,140,38,78,162,107,-106,98,11,-46,0,-93,49,-38,-81,-105,24,59,99,113,-36,36,10,57,-79,45,-46,12,-24,102,55,-81,-31,-18,136,100,-27,18,20,24,-69,-103,43,18,130,-1,57,121,-12,17,60,-17,112,-16,200,116,-7,26,74,207,40,84,121,7,-19,132,-11,118,-163,122,-26,19,149,50,51,-160,-23,134,-32
-80,212,-52,82,-52,-9,163,108,118,55,25,32,-31,-27,87,36,30,99,-103,97,-9,-64,-11,24,99,76,131,28,20,118,-7,-19,54,-49,122,82,147,5,-107,90,41,-21,-14,-147,152,-101,2,130,-44,214,27,97,58,-40,-26,-100,43,107,-10,68,124,-112,83,-1,-170,139,135,136,83,9,119,41,82,78,34,-155,54,49,59,-13,97,-156,25,23,106
121,35,-6,96,143,-107,37,-71,0,-32,121,85,-41,-10,72,6,9,33,54,102,-60,251,18,-1,1,36,-53,144,17,117,-23,-17,13,6,-48,149,-14,-9,142,103,54,151,34,108,-10,-13,188,57,-13,57,4,-46,2,38,17,-13,-48,-121,39,-97,-102,-51,-42,-5,-37,68,82,-14,26,135,129,-116,37,17,10,109,118,7,26,48,-123,76,35,33,15
89,-96,25,124,-15,-15,33,69,83,-62,36,63,-73,176,24,-61,37,80,12,29,33,-74,49,104,-69,101,-46,-18,103,81,54,-9,28,16,3,-2,106,39,127,-24,109,63,8,73,73,15,-71,-66,11,159,33,173,49,120,122,104,-120,114,80,4,-49,77,68,-7,33,180,100,-36,83,116,27,171,-20,50,-73,-47,-38,48,-2,-62,-31,-68,-35,-33,-90
94,38,188,121,-15,-113,-154,65,-81,-123,173,38,-59,-86,-180,54,202,7,70,-61,67,196,-44,-18,-75,-96,-2,-125,46,-48,126,-135,29,64,1,-67,-207,-56,-40,-24,-39,56,-118,-166,-89,-127,-2,31,17,-53,-40,-6,24,56,-73,128,-45,-61,-4,-13,-64,-97,-75,-18,-47,-3,-2,10,-14,174,38,-66,-44,179,177,-8,-30,14,-66,-23,-33,94,-10,-13,32
67,22,142,41,97,4,-10,-40,92,-7,211,24,139,36,22,-9,45,-47,112,140,38,10,51,43,65,205,14,17,198,51,152,-72,30,23,9,-9,62,-51,90,-38,85,63,126,-21,77,-34,7,66,-181,85,28,1,75,56,-91,-25,-44,107,-34,-46,-62,-84,40,-51,119,176,19,-31,17,101,105,11,80,-37,-2,3,101,54,-20,101,-20,-36,64,137,60
-125,117,-161,-2,-112,91,34,-28,81,12,-2,152,-46,-8,62,-53,-148,48,-18,-126,57,27,10,-12,11,76,-68,38,-44,26,-54,142,104,-105,6,-33,154,-25,-28,13,19,-45,-59,-22,-33,88,38,-33,50,-120,-74,-8,-104,-19,-69,50,17,-35,43,-72,186,137,6,24,-14,63,-44,238,116,31,1,1,16,109,24,-93,-79,62,-84,-92,-48,-36,104,-156,42
96,30,16,-15,99,158,136,-21,8,-38,117,-9,-40,25,27,13,-92,-50,89,83,23,68,57,-3,42,-8,-44,27,94,129,80,112,-20,-34,-15,-72,-46,-21,54,-70,104,9,76,7,-15,-77,34,33,70,36,30,12,11,-156,22,12,144,-19,-72,27,30,-114,-46,-26,140,-19,-116,-26,97,23,48,100,121,66,27,128,23,12,125,15,-1,6,103,76,103
-40,-271,46,80,-109,96,-30,78,170,-79,-11,-58,-62,179,-112,20,83,64,2,54,60,-32,-43,-36,-30,122,-87,122,-12,125,62,24,-70,-37,150,21,-4,78,71,-4,156,88,49,62,76,-43,12,-92,0,-28,71,-38,-37,144,-56,100,-63,-22,-35,93,174,155,85,-27,45,30,36,22,36,23,-36,-41,-33,-7,64,-27,-43,45,33,26,119,-23,173,-116,-21
119,109,-5,151,73,98,146,46,195,46,50,-80,55,126,-83,-23,55,110,48,-75,55,-23,-15,57,21,163,-8,130,26,152,32,3,-32,2,126,38,170,62,107,50,141,111,61,-61,-4,-66,14,-3,107,40,96,52,15,-71,29,-26,45,125,33,142,200,-25,34,116,116,72,45,130,80,26,-23,145,-19,-48,44,-37,-42,88,35,63,14,47,74,79,118
-53,48,22,15,-105,-23,-82,120,-100,-3,49,40,-78,-121,-71,3,-90,-99,-29,-174,74,30,-23,-30,3,-37,1,-95,-7,22,15,-41,71,10,-42,75,-29,39,-73,76,-155,-63,58,-118,-67,49,64,124,108,-56,-96,69,112,44,-80,77,-41,48,-34,-72,25,-14,-1,125,-21,-89,44,-5,34,11,39,-170,57,33,105,-11,42,-42,-82,28,3,-88,-31,-86,51
-20,0,-55,37,120,57,-2,-18,145,138,100,112,100,-107,-12,84,52,30,171,126,89,118,9,10,10,8,198,71,67,95,79,69,-34,66,-2,162,-4,141,-95,6,209,55,-69,32,170,40,47,8,-35,146,51,-15,16,78,8,29,-44,-13,-30,113,56,144,72,-19,139,49,14,31,109,-13,37,135,8,-56,-104,-3,38,46,32,-1,85,22,-159,195,34
8,86,-44,-23,-81,157,56,46,126,117,140,55,49,147,94,125,-32,130,28,-40,128,91,-8,86,57,97,108,94,54,-8,86,82,154,7,-55,69,53,156,11,97,-67,205,-37,-34,1,179,71,-67,-82,56,-74,100,-82,177,-5,96,49,130,37,60,141,92,67,239,69,67,-60,-49,-5,150,38,200,-35,113,-9,-31,12,-91,-9,50,-60,202,31,-54,76
171,-57,104,80,30,127,-9,-1,124,1,177,37,7,70,-42,66,-64,-57,219,-41,87,87,-32,32,57,65,-47,-14,111,83,-21,99,33,113,126,47,136,89,3,124,186,32,68,-24,31,2,-6,32,18,-61,-13,71,93,50,15,128,113,75,-39,-60,-112,33,29,12,109,174,-129,-30,67,59,-83,202,-60,-21,-75,-6,45,39,89,12,-33,122,13,156,9
88,-118,30,60,44,98,95,-81,-58,-100,73,189,-47,46,12,-97,-157,-101,-7,150,-36,61,32,8,143,-30,186,85,52,-21,74,77,-20,-18,-86,52,-42,-65,102,-81,95,117,120,43,47,58,135,-84,55,145,-54,39,121,-93,98,-11,-48,142,31,-19,-37,74,27,19,28,78,-3,16,48,50,15,-93,136,102,3,68,145,36,75,-2,19,-84,109,126,3
134,-11,-43,57,83,-66,48,-51,49,-5,19,-65,84,205,95,24,-3,-9,35,79,3,113,-18,3,3,25,212,12,-26,-33,-77,24,59,0,-22,-73,25,2,-105,146,36,-66,20,-25,68,78,100,76,-100,-96,-125,-70,111,9,-85,-31,-18,114,29,58,2,34,138,92,18,131,-5,-64,63,92,22,103,241,-10,8,-49,172,-165,-97,147,-17,69,127,-118,-24
-147,-28,114,-87,74,-34,-44,56,86,-174,6,-77,163,-137,-33,100,38,-42,77,-25,103,95,-31,-92,68,1,59,42,7,89,64,17,-16,8,103,96,-13,71,0,-44,97,-114,-12,-3,77,-6,-39,15,-18,67,33,-164,59,89,-1,29,3,-23,-64,-91,52,-40,84,-27,32,-43,24,-14,-11,5,49,61,-23,32,57,4,16,62,-66,11,126,22,-59,39,36
22,-67,-51,65,-24,-67,40,-38,102,-82,81,27,7,70,27,-5,-105,37,-14,100,59,109,18,-152,64,48,147,76,153,-156,28,-3,130,18,55,-34,42,-35,125,-36,83,-19,114,23,4,-8,-59,40,-23,-14,-94,41,67,-31,123,43,18,143,171,-40,63,57,30,53,85,36,-9,-79,136,75,-48,202,102,76,-1,147,41,-9,45,14,32,1,72,115,-12
154,-57,77,-33,-3,-14,89,24,181,-37,50,94,-13,109,-99,-9,-45,98,110,84,17,11,-3,-19,79,164,16,71,33,-47,-65,38,1,72,62,16,47,64,103,6,1,22,140,-26,-139,185,-61,-172,43,65,45,76,66,0,20,60,127,141,15,-36,70,132,-32,7,40,27,-8,95,53,136,25,144,-55,63,4,84,122,85,11,-37,24,95,110,52,22
212,97,8,-2,-17,1,2,-155,-10,-109,-6,76,-41,133,44,-78,-18,28,-89,21,37,55,122,26,-44,49,46,-19,-53,-7,8,84,52,-143,55,-143,167,-8,10,43,11,147,43,-144,2,-33,-9,-13,-1,-29,-142,175,55,52,-77,18,10,136,100,-62,-29,72,-37,150,-9,98,34,35,-103,116,79,27,-24,64,126,-128,64,-29,-16,-96,-140,62,20,-68,-35
-33,-5,-49,-4,153,61,-119,70,58,-25,-53,38,-16,19,-74,44,-93,113,-22,66,-37,-32,132,2,20,-61,40,-1,14,-12,31,-81,-76,-3,-141,-2,1,-26,-24,-81,56,-97,-120,81,-53,26,-67,-55,10,23,49,62,2,-40,121,-32,86,125,111,34,127,-72,-101,-66,-21,-41,-133,-21,21,27,-128,145,-111,53,14,55,-267,35,-82,-42,24,37,-85,76,39
67,129,12,-19,73,28,138,42,-29,45,16,-139,26,-64,6,35,164,57,-96,31,73,-62,124,163,-127,20,-49,53,88,51,46,26,-17,42,0,-45,162,89,81,-83,134,19,-29,61,32,64,-44,105,-7,40,195,54,0,-82,98,-127,13,-5,-39,26,15,21,-151,50,67,-91,19,137,86,80,-6,104,64,4,20,7,-59,153,-3,7,-89,67,-137,224,109
-20,26,-42,86,-104,26,68,175,76,151,-29,127,-7,-54,17,22,-74,49,78,-4,56,144,-52,-44,31,-20,-49,-119,51,9,125,45,196,42,91,-4,54,-47,188,43,-71,68,76,-86,-74,55,-76,-60,-3,-34,-26,102,74,-16,81,-111,84,173,110,-53,39,45,-76,-16,-25,8,48,40,97,81,-25,71,-34,-23,127,39,16,136,-99,20,159,-35,-23,23,-17
157,125,9,72,43,-13,129,98,121,12,-3,-129,16,-10,-41,79,-81,-42,48,-119,26,2,57,-1,-27,151,-13,-105,12,44,-19,234,56,-81,113,36,147,30,63,-67,-18,40,49,18,7,42,71,63,92,-1,56,47,-23,-78,60,39,61,73,34,-97,22,64,58,50,34,157,56,26,164,57,8,72,83,48,3,86,133,21,22,6,161,58,63,66,-24
128,-32,69,-47,111,52,-14,-4,14,78,-95,-105,15,2,-131,28,73,195,12,-71,49,47,118,-56,-28,80,-34,81,65,146,-58,107,-67,6,108,-4,3,42,57,-87,-97,154,142,134,-59,146,-22,-15,13,-6,57,158,141,41,-48,55,175,-46,-40,-58,113,-66,-48,33,73,-151,120,140,114,123,109,35,-132,-46,72,158,10,251,89,30,20,4,-23,64,21
70,36,-53,-77,187,77,32,64,60,72,-45,-67,29,-43,44,85,-96,22,133,-3,6,68,105,79,121,131,-22,60,-70,-27,-14,123,75,-1,-138,-53,-3,29,97,141,-21,24,-3,97,157,-99,151,20,-13,4,-40,-83,-67,13,64,-86,-21,91,119,72,134,0,35,-14,0,-9,-76,-12,-77,-61,27,-77,97,-37,-42,63,30,-142,49,149,18,177,23,-58,66
49,97,-46,164,89,41,18,19,-20,15,103,69,-9,16,-136,-30,58,14,102,23,-2,194,1,-88,94,85,148,67,-86,-176,-7,21,39,-3,18,77,137,3,-51,44,20,114,-100,-12,-19,-7,93,-89,-67,-7,-51,-14,257,141,40,61,6,81,15,-9,19,52,64,29,-12,75,72,140,52,123,26,153,96,7,12,-25,106,-94,-1,173,53,31,79,-23,-54
5,6,-49,96,-13,-96,-66,70,55,-27,-5,-129,6,-118,-13,81,38,-55,80,111,96,77,-11,-67,-89,52,82,51,31,105,-35,5,-121,15,92,103,55,32,39,-17,154,5,-51,-36,108,-134,-44,117,-67,103,27,48,-65,-22,-24,-43,-33,-23,-68,52,-23,6,-78,-11,122,58,54,-4,47,34,17,-21,11,12,78,40,72,121,69,-24,122,80,-48,83,3
164,8,73,87,-16,131,89,-21,100,-14,96,-56,34,29,-125,102,26,98,199,54,153,199,-41,0,140,169,-34,46,1,73,-104,54,81,17,68,41,119,63,8,168,53,142,-27,-36,12,-73,125,105,135,-121,27,42,113,-96,-54,-30,-87,47,-11,-63,41,120,167,-70,26,0,142,26,85,65,55,72,97,-13,57,-27,131,20,-6,131,14,60,113,-39,133
-10,40,-20,-40,-14,198,105,-20,2,-12,95,52,61,97,117,240,129,-54,78,18,29,-12,108,61,157,193,137,50,-28,-73,59,-30,93,56,-55,-22,29,144,39,65,52,29,47,55,-31,154,-13,-118,-90,61,161,-54,-96,-88,41,28,85,-101,89,-38,-34,44,39,-37,13,-18,-89,-15,-43,155,-35,100,115,64,-24,112,15,1,-38,128,51,189,42,127,81
231,104,-4,117,158,94,82,16,31,154,-2,118,-52,131,29,66,122,40,114,177,32,181,5,27,-89,19,159,56,71,114,52,-35,5,64,75,148,94,209,29,182,175,136,100,-182,71,-26,-57,38,-15,268,39,75,56,27,-10,-2,44,110,92,161,-33,72,60,-16,-1,221,-16,-7,148,123,41,20,-34,-8,32,60,159,101,-10,27,-30,77,-61,53,16
87,33,68,-10,-20,-72,31,-27,20,47,129,21,86,2,-41,8,-73,-80,189,77,88,120,76,-79,65,40,-109,5,-12,-47,-34,26,70,176,94,0,94,-146,-105,72,186,-6,51,-77,6,-70,-80,-64,97,15,9,-1,134,142,97,47,44,58,-5,27,166,12,60,37,139,220,-28,43,-28,80,99,176,13,-53,12,25,62,12,0,-30,52,101,102,-32,87
111,112,-124,0,-105,-15,40,55,203,116,12,-35,60,-46,-22,182,106,-55,79,-92,84,140,-92,95,-39,-67,129,52,128,-121,-15,2,150,110,131,-21,-130,27,-10,107,-63,-42,-10,63,-108,90,52,-57,49,-67,13,-6,7,-112,43,-151,45,117,9,-91,66,202,12,90,57,-65,-50,0,-73,62,94,11,58,52,85,79,8,-5,-193,-68,50,72,-128,127,29
-52,91,-22,-4,-127,42,187,43,29,152,-52,-4,15,-87,-21,-40,74,46,-55,84,34,-72,115,-51,-125,167,-13,-65,31,77,67,21,-75,-118,104,-38,296,109,-10,-46,-89,-39,27,-29,82,155,-88,64,-50,-28,21,177,-34,-26,-87,-105,-27,73,24,22,-4,39,-100,-30,27,-96,85,-5,149,19,43,45,121,-98,105,-54,-43,91,50,-7,14,13,24,140,-1
31,-43,138,28,68,-66,139,41,18,-72,-97,-116,-84,-45,-19,-44,-33,-19,-130,-47,12,-121,8,-53,-104,-8,-51,55,-98,0,73,-5,-41,-15,38,-20,-9,42,81,34,6,37,169,57,-33,-70,38,9,116,120,79,84,122,43,100,45,-35,-19,-30,115,12,96,20,83,95,-2,-6,-18,-70,-50,-15,-16,-50,-55,-19,-114,66,32,79,39,30,-19,-41,-19,9
5,-35,83,17,-42,48,-109,-26,51,93,-25,21,112,15,-72,32,28,193,50,134,107,50,71,-154,66,3,15,24,75,-18,26,-87,7,79,210,88,93,13,18,-70,90,45,-80,8,25,53,-43,-91,9,-62,-114,-36,7,29,28,94,43,-30,13,-109,144,-13,-53,-59,87,-8,21,91,-30,120,55,190,-163,-20,107,11,-55,71,57,-91,40,168,68,90,-70
146,-64,7,5,71,13,37,-15,-43,-116,134,21,-75,-89,-105,-188,3,-58,49,8,-108,30,-16,-16,-40,28,-2,1,172,30,103,-56,-33,24,-57,9,-71,-110,119,7,-9,96,172,85,15,7,9,-42,88,70,-71,71,115,10,93,63,-61,127,35,5,-77,134,-26,-7,110,47,-29,53,20,23,60,-56,-40,5,-23,200,8,28,97,-30,81,-52,83,197,-31
24,53,11,-30,60,-65,62,90,40,-96,246,-87,56,-21,131,62,30,-14,51,-114,11,6,-68,126,146,113,-9,-9,106,-4,26,167,149,71,-75,15,-52,58,119,73,75,163,127,56,-141,-37,46,-41,36,-19,167,42,97,94,13,72,87,-24,-141,22,109,12,68,132,35,-7,-96,-87,52,119,82,21,-67,22,-8,174,-53,-45,-33,124,10,100,13,96,42
9,31,-72,-43,86,82,124,-10,3,-15,61,-61,22,101,26,-57,-21,-51,-50,9,-39,-63,121,160,-45,68,-86,136,82,43,-18,111,-56,-15,-19,17,27,9,-32,22,196,-32,15,46,-34,-30,-1,11,16,103,19,-31,-61,-67,1,-50,142,-111,6,56,-58,-111,-30,-34,4,96,-44,90,71,46,-68,52,118,25,0,-26,-99,67,54,-122,7,43,21,46,53
12,103,-147,127,69,-149,104,28,90,-15,-61,-20,109,33,32,-41,53,0,-55,92,17,-92,-81,129,37,-4,18,31,102,-37,47,125,-30,55,77,83,68,72,39,63,133,141,116,-52,30,12,-20,18,-36,86,115,114,116,103,-55,99,-83,-53,16,121,51,72,54,-151,-34,72,68,-128,25,39,-3,56,133,-192,-79,-41,64,52,-101,-86,39,-72,-52,10,-8
84,-95,41,-42,119,97,184,4,-46,-21,-47,19,3,146,116,-27,-76,90,-30,120,58,-24,102,6,16,206,-40,83,-23,-12,-73,256,94,-172,-95,-34,112,32,52,-32,173,90,144,150,62,20,44,-44,-61,83,45,96,81,-90,-83,48,174,25,110,-62,-33,87,79,127,76,95,-58,133,55,119,-40,234,-28,59,67,41,166,80,31,115,31,30,84,-50,-125
69,-21,24,7,31,37,-86,102,82,50,-87,-18,-1,5,74,29,30,126,-154,31,46,-103,56,57,-28,75,96,-6,78,-78,-8,-47,61,-128,99,71,82,39,49,37,-98,150,51,-65,68,-33,-22,5,88,10,-77,110,18,-119,103,73,21,45,64,-15,54,99,140,-104,86,43,1,-179,37,-35,-9,87,-44,72,-29,7,69,-12,86,97,-122,-6,5,83,-59
108,-78,17,-27,26,9,-21,63,40,24,-115,-119,50,20,-52,49,-78,59,72,-35,52,-89,37,-44,-42,173,-72,-54,47,74,-58,-57,-31,33,15,80,11,55,62,10,-70,8,34,34,154,-118,-47,-33,15,65,43,26,-70,-65,-19,52,-109,43,29,-72,87,-15,97,-68,86,79,75,-25,59,-99,18,19,-6,-59,-80,2,-99,-30,31,56,110,-34,-77,-112,-17
21,-40,20,226,-38,-69,-37,-70,64,28,19,46,-63,24,-129,14,123,54,47,159,39,245,-35,8,-14,114,38,29,117,57,118,-75,39,193,104,-37,-55,105,147,1,171,69,132,161,65,-8,-92,-13,-44,4,160,108,69,75,-82,116,-92,80,-57,147,-12,147,14,21,117,-17,115,76,-34,68,-38,144,-16,-60,-10,118,48,105,2,212,55,-117,0,28,-17
-62,-33,-105,5,45,78,7,122,86,-89,95,47,59,-71,90,-33,-57,40,67,117,-64,114,-10,-59,-135,-76,65,110,-108,49,45,3,-4,-56,-19,128,-77,-34,31,-2,47,47,49,-31,-18,-68,71,-39,-182,48,204,47,-125,207,72,11,42,48,23,-33,92,28,-16,-7,49,-15,-135,11,28,160,-35,34,36,-20,73,-23,23,-24,70,1,108,13,54,51,4
77,28,-4,83,212,-6,45,-67,178,55,-99,46,-89,17,-84,2,27,24,64,66,-56,35,-94,-29,146,-101,25,102,-17,-11,-53,60,68,0,37,-1,-20,168,12,279,21,-57,142,-1,21,-101,110,71,27,-25,-25,-26,62,5,12,-15,-21,-52,43,94,-71,99,-7,39,11,18,99,92,-18,-91,64,33,-8,-85,-76,-81,21,-71,44,87,-7,116,-148,-83,-20
84,-51,-5,-56,-40,150,30,19,-29,30,-79,78,71,252,128,-17,-92,50,-8,-120,-22,-15,58,84,-33,-76,21,15,1,-20,-19,89,-91,0,82,-90,-13,92,-18,35,38,16,-102,94,-115,273,27,-146,-108,-98,49,-14,12,-9,90,113,108,24,-89,-67,-4,20,-37,-67,96,-41,-31,-98,-34,105,-96,183,0,31,78,-54,-99,17,86,103,11,42,-38,-6,-52
145,-8,37,-15,-16,205,14,-56,83,-131,142,-60,15,107,116,76,86,-34,48,-56,-31,53,-10,91,-152,44,61,-16,121,142,-49,36,63,-99,113,4,30,214,146,-25,77,-17,176,91,-129,133,25,60,-32,-31,83,57,49,49,-23,-11,63,151,-7,-151,-46,164,-2,111,197,46,29,-45,49,180,22,-6,-32,-22,-4,-15,59,27,33,66,29,-76,-89,74,-98
26,196,38,-103,-11,-33,20,-9,136,25,79,-167,41,14,99,110,-80,26,153,72,56,120,-3,33,-28,-13,69,77,-8,8,-127,110,-22,145,4,-45,-36,-2,37,6,117,-40,-121,-56,-58,-108,-14,69,24,155,105,19,-17,44,-2,-90,121,60,49,35,90,-53,-78,-11,49,131,66,72,-22,108,106,-80,31,-93,-17,-26,169,22,52,-142,58,55,-84,54,80
46,-78,53,51,52,-75,-55,-83,-71,124,39,100,-7,52,100,10,-86,123,-5,189,-79,48,55,-27,156,126,-18,-24,-65,-8,-6,93,182,59,-65,135,153,96,54,-51,102,105,123,39,113,66,61,-70,20,75,46,-87,111,74,-41,90,61,-94,-8,-42,49,-39,45,85,8,102,-29,103,132,14,111,191,-43,-21,-130,36,113,-72,12,154,-27,40,-56,-24,-78
63,-7,-30,26,163,3,41,45,8,200,95,60,2,73,55,17,39,-3,97,99,-32,48,-4,-20,77,19,-1,90,-95,71,-6,-46,141,17,33,-101,1,54,60,186,10,63,120,-19,-86,100,-41,-65,38,-25,-12,-3,26,22,72,101,81,57,91,74,158,60,84,49,114,49,159,23,-68,35,-4,27,73,-75,161,166,154,41,-25,50,88,8,141,-71,19
-5,-57,77,51,130,-22,-49,-132,62,-167,97,6,10,39,19,3,10,-27,5,62,109,15,-31,91,70,-10,80,-3,-24,50,28,-64,-46,-92,-109,27,-44,-29,110,1,42,-44,30,-21,16,-32,43,151,-73,3,8,-42,-24,-103,-4,-10,-35,35,-10,81,-3,25,87,120,-59,75,135,-21,-87,94,-102,-82,-12,29,-7,4,180,119,7,55,-48,72,9,12,140
56,-16,165,-17,-135,93,-22,-5,-5,46,-153,-42,46,58,-53,70,-36,36,111,-104,57,-82,2,-44,51,-14,24,-6,-86,-45,37,42,-62,41,96,46,8,-15,-37,84,-72,-21,15,-167,166,-164,-41,-49,75,35,-9,10,-21,-16,-89,98,0,-27,51,-140,55,59,83,-2,-108,115,-9,87,-71,-25,93,-51,-82,-92,-11,47,-3,3,145,95,34,102,47,-9,-85
192,25,110,-30,13,-103,-8,142,-50,-83,-97,9,59,107,-67,20,46,-5,-53,21,-127,-75,90,-47,4,38,-40,28,-44,-8,40,-22,13,92,100,-2,15,13,-41,-24,-17,48,29,42,-5,-37,182,-102,20,70,-45,65,184,164,-18,-38,-61,83,-28,-6,133,7,85,-3,-202,63,5,-64,-89,129,183,-31,144,-8,29,-66,-53,-118,102,75,-45,-16,174,-150,-73
19,10,2,185,-64,-73,-34,0,74,56,106,73,-73,-92,-66,77,59,12,70,48,30,40,-46,21,170,124,33,75,-56,-46,25,-49,-66,169,51,140,-99,-82,49,204,124,135,81,-75,-20,-81,114,-24,112,6,28,-28,78,-4,42,46,9,-28,114,84,137,77,-48,15,-15,16,-4,56,-66,-114,95,70,29,-62,51,35,84,28,69,57,95,-20,129,149,63
152,57,-2,-32,-4,-122,69,86,128,36,-39,-180,12,-27,-151,2,-37,22,7,-120,147,88,41,-24,91,187,-88,59,13,66,-124,155,34,74,188,-34,199,119,-19,164,-24,41,-25,-39,0,-15,38,124,86,-28,12,-9,113,151,-165,-82,-6,-19,14,71,115,168,-42,14,-56,-21,175,92,-11,19,45,-34,77,-58,-47,3,85,36,104,65,93,141,2,-25,127
1,7,27,-38,-43,5,70,-4,104,142,69,84,58,117,137,-74,93,-97,-76,3,151,21,55,144,-8,141,-110,-118,52,85,39,159,64,-113,34,-100,173,121,11,131,-33,135,25,-14,19,157,-163,-8,-75,-129,-58,175,61,51,-61,54,142,92,-25,-30,-31,116,140,19,112,114,11,-11,-74,95,15,109,-37,-80,71,9,36,112,-41,60,-41,59,-41,7,-7
86,-16,177,42,174,112,5,-39,81,-167,-10,77,10,123,35,44,36,60,55,153,-66,-30,93,13,92,58,92,122,99,145,38,-50,37,-6,162,32,132,110,-104,-15,223,19,120,2,91,-25,69,2,33,185,18,68,137,-57,145,86,133,64,-133,14,92,52,228,-33,-25,106,-44,-59,185,62,107,97,93,25,-23,-36,41,-77,45,31,35,61,121,102,151
202,28,127,49,-26,13,73,29,221,-87,35,-40,40,-57,11,34,44,-37,57,-108,28,82,-29,25,136,-23,183,41,95,-27,4,-54,99,19,103,-65,-8,73,-26,164,39,1,14,-117,55,41,66,-56,-27,-22,-77,-53,51,32,-8,-82,30,73,-75,83,-24,135,63,-156,-111,2,-37,-55,11,29,10,22,43,204,-10,-39,140,-12,-36,58,32,82,71,89,149
-14,0,26,-85,6,37,54,7,106,49,145,14,115,-24,61,-71,-27,-80,79,-42,-15,101,-25,136,153,18,209,156,143,-71,21,131,243,-118,96,19,51,31,48,14,36,-12,62,-102,-24,-84,11,20,26,-119,16,-41,-13,41,54,-73,127,125,8,-86,157,68,45,84,244,-8,71,42,62,36,8,190,216,66,75,17,-36,-80,86,-23,48,111,-14,148,114
17,-20,41,-69,28,-44,-131,-89,91,-47,76,-124,25,22,-20,93,135,69,5,47,208,94,105,25,65,-2,146,-37,28,56,-51,-107,68,-34,24,74,109,125,-32,82,23,21,23,-135,-69,-65,-29,33,39,108,-12,20,36,117,-99,-52,71,66,56,51,75,81,20,3,59,49,-16,4,-80,72,49,236,-45,2,-24,87,181,-74,68,73,-80,5,-25,20,83
117,14,35,-34,159,81,46,15,-47,40,66,95,35,63,73,-8,12,-79,137,29,-85,41,59,-36,55,117,-36,-29,-4,110,-145,60,39,-38,91,-195,109,159,19,89,-16,-79,81,97,28,34,-116,90,-118,-132,-49,50,79,56,-64,-4,33,97,-6,-76,-68,136,67,27,61,-37,144,-62,-89,103,-110,3,18,-32,17,11,44,-24,137,180,-11,41,5,-46,3
72,48,31,6,-42,-50,-51,203,-42,86,-37,90,-30,-15,26,-15,-74,54,114,-118,-140,9,61,-22,15,-7,-53,113,-49,121,49,-5,-75,69,140,174,104,-64,-106,-4,28,92,-156,79,-6,18,122,-54,35,130,79,-69,141,83,-16,141,-21,-213,-8,116,111,-10,23,-135,-33,116,14,17,94,62,12,56,-14,100,-36,70,51,110,147,-6,-62,-5,-11,-31,-15
123,18,-50,8,30,145,175,64,4,97,108,123,4,35,1,138,222,73,116,93,-129,25,60,29,87,131,21,162,64,148,102,-45,130,-19,160,-39,58,131,124,49,54,92,163,79,15,-10,73,-50,-135,-3,89,74,24,-28,1,100,17,-8,80,112,-12,-41,-62,-126,73,-49,36,36,27,141,119,27,62,7,77,-25,54,21,41,78,11,65,50,40,107
-14,-77,-47,102,-165,-64,141,-7,-27,-94,-121,10,24,-37,-51,-11,-36,-34,-145,71,18,67,-8,-138,-51,80,-13,11,-7,-62,-40,-44,-4,8,12,-104,46,11,90,27,45,-85,-63,112,77,18,-28,-34,14,-105,-89,5,-14,-168,-52,-100,-108,-128,-97,-74,-232,3,29,-178,-191,-48,67,4,60,-42,-58,-80,84,150,26,-132,-79,114,-6,20,-14,-150,108,-27,-36
15,38,45,-117,-34,88,14,-140,26,-84,51,-60,-54,-43,-91,-4,52,54,125,70,74,-29,77,-51,71,94,-79,61,159,-48,36,1,35,-114,10,-17,156,-132,-5,-34,15,-12,34,101,47,-6,-20,41,115,-6,-70,0,139,-124,31,3,53,20,84,-84,204,205,19,55,198,67,22,153,-9,84,133,60,-66,71,38,48,25,74,19,-10,20,39,102,42,45
172,9,-22,-2,163,-145,109,61,40,47,50,-94,105,-83,-82,-102,-59,36,52,67,75,-64,35,-78,57,155,-122,25,-40,28,-151,102,2,93,121,-9,157,-41,136,22,110,112,82,-61,-107,-24,13,7,128,-60,47,-75,71,-47,58,-139,5,-51,-14,39,59,-30,-23,-86,136,-9,41,69,146,-43,-19,85,76,-40,36,-27,38,107,-16,-134,-2,82,64,81,193
-66,28,28,-29,33,-85,-46,81,63,-119,-142,3,-29,16,54,96,-113,-14,100,83,-4,-20,-16,-9,29,-31,94,53,-208,-22,-147,96,81,-51,4,21,142,19,-90,63,99,-23,-53,-65,89,-58,55,-40,-13,51,39,25,65,101,-12,-48,-55,69,-1,-107,114,102,65,27,-100,94,0,15,-119,28,72,57,124,-82,-54,-97,172,-141,-22,10,30,27,25,-149,-85
