14,61,135,87,-18,123,-106,107,-66,72,4,70,49,-10,86,17,71,-5,162,-7,-43,99,48,66,-112,-10,8,-14,76,105,-87,74,109,26,24,40,34,-98,18,121,5,179,-57,-42,143,42,-109,7,53,17,-62,-21,-12,33,-60,-25,31,-8,83,41,102
-51,74,66,47,26,121,-100,111,-20,3,40,-23,162,20,-65,101,123,-41,138,-34,-19,172,159,32,24,37,179,-58,137,32,38,40,65,81,117,-12,-43,-96,128,60,53,103,-49,36,12,10,18,76,75,119,50,-26,24,76,-30,93,156,-129,11,50,-91
-83,-6,51,166,107,83,82,14,131,65,-64,86,41,91,-23,66,61,-67,14,-88,32,-8,84,49,125,4,89,42,122,-25,-29,-25,94,9,63,30,157,89,240,198,-103,-21,29,27,-7,-4,187,125,51,78,113,-3,-20,71,-85,69,119,63,112,75,-8
-33,56,-58,73,-118,156,67,138,30,-44,30,-12,89,-52,106,-31,49,-77,110,9,61,18,32,0,15,92,20,38,50,4,-118,65,48,-45,-41,54,33,69,74,122,-55,11,-91,24,4,35,49,91,63,40,14,-47,23,84,-5,-76,-66,44,33,123,-77
108,14,-72,30,-35,-88,15,49,81,-4,-15,-54,-76,-78,-57,35,60,-57,-142,29,-9,48,40,36,66,92,-7,47,-14,67,169,-18,120,9,69,-5,44,46,-50,-10,18,52,-93,102,128,120,-49,136,-4,-39,38,-25,-35,-39,-74,-41,154,-4,88,-5,36
123,-7,-35,-83,-96,-82,-30,35,3,48,52,-28,-104,-59,-24,44,-21,19,-44,-13,30,53,23,-19,-97,33,-157,-52,31,9,46,81,49,50,81,-14,50,-7,-125,11,21,86,37,-73,125,114,-79,62,46,37,-133,-118,34,47,-14,-131,-6,-14,2,-102,16
34,-3,-62,136,66,2,26,83,-27,137,-9,-17,80,-42,57,-52,-60,76,115,131,111,-30,38,-54,108,201,92,11,108,-10,144,-29,-9,74,17,37,80,16,-11,41,-48,-27,-30,38,3,116,-83,100,46,-12,-50,36,-27,-45,69,151,-38,21,84,111,86
-53,102,-33,91,38,-3,-65,35,4,48,-2,114,-34,19,62,-9,123,-31,87,78,-28,-28,-17,64,20,0,4,11,69,12,50,50,80,38,27,52,54,-103,-7,-39,-53,104,-93,-4,80,1,-2,74,73,-15,57,-20,-105,149,-42,36,7,6,54,62,19
81,132,-40,113,-31,75,14,69,71,129,-52,87,68,-17,107,14,93,46,39,3,78,-67,-6,-29,1,104,32,-23,103,16,57,42,135,178,52,108,23,-24,155,3,-70,44,-39,-23,20,71,63,97,119,9,3,-50,16,154,38,121,-110,135,111,176,45
72,58,-50,29,-4,20,-7,40,-66,1,-78,11,-58,-92,-6,-12,1,-1,80,-33,103,-25,70,34,41,39,16,44,137,27,-21,-16,38,129,79,-49,12,-1,65,16,21,75,-53,-63,9,72,47,57,74,-36,-92,-22,-12,69,28,-9,83,102,68,39,-9
2,13,-27,49,10,-18,136,-60,-62,-37,32,17,-55,30,-30,-84,-10,41,19,112,50,-118,-101,-26,38,50,-89,-7,-139,-3,-37,28,-53,-46,-45,30,39,61,-142,-24,-84,-140,21,-34,-45,61,-89,-31,-105,-77,-5,50,-45,-164,-118,-100,-61,-46,-51,-113,-3
27,92,98,-33,109,180,22,86,-38,126,-70,58,-10,-4,103,30,6,26,145,-9,82,-81,74,63,-25,22,44,14,130,-7,67,-28,-16,80,51,56,46,-30,123,114,-80,19,40,16,57,-50,16,40,-10,120,45,2,95,99,-37,288,-113,50,93,68,41
89,67,48,49,38,70,-17,-62,68,15,-112,41,0,-18,56,1,89,18,27,39,14,61,43,-43,70,45,51,12,15,-7,51,8,29,74,-3,-93,-2,21,81,106,28,93,-58,121,-3,33,-22,-24,-14,-19,70,122,12,-98,-32,-16,164,-34,92,-62,-5
-15,-94,-81,-43,-86,46,-87,37,3,151,60,-40,89,-75,-2,-57,-20,26,-120,-10,163,-4,20,-38,10,36,13,51,216,-39,38,-34,84,48,136,-4,37,104,-24,48,-13,118,-26,-29,1,93,57,19,-62,-52,-68,-133,-43,74,-21,-1,106,160,33,115,19
-19,115,-11,54,158,64,-97,-72,71,-75,24,36,45,39,69,-77,1,53,22,16,-5,-19,-151,-77,-8,11,7,95,-42,-27,-12,32,-19,-72,16,127,-66,-39,130,52,-116,66,112,-35,-135,28,-73,2,37,-136,32,89,-52,9,-33,86,61,-5,-70,38,-12
2,50,16,75,20,64,-38,-67,34,84,-28,12,104,103,-92,48,-72,60,13,-10,97,-121,-3,5,-34,-61,56,-19,-27,11,24,64,15,-59,0,-27,100,-84,48,90,40,-123,-20,-102,-98,77,-21,-2,-1,-90,2,81,119,-11,7,67,-74,93,12,-11,70
121,8,-19,39,98,30,6,8,8,119,39,89,9,54,59,-64,-49,2,-37,44,30,-155,-4,-14,45,59,18,48,56,-6,-85,-38,-13,42,28,91,80,-88,94,57,-185,-89,-11,-22,-53,22,-19,60,-8,-18,56,-21,-106,-55,-1,39,13,87,45,-22,-26
112,53,-2,47,10,23,-35,110,130,71,-25,58,-129,25,65,-54,-45,92,-29,83,-44,23,-137,-91,27,149,-4,96,-43,65,114,-26,5,-41,15,93,93,-51,48,-25,-92,-51,51,98,143,40,-131,79,84,13,63,52,59,-23,33,52,-40,-5,-82,76,51
-75,22,20,99,-11,-23,-6,-94,18,13,-73,24,-6,-1,-41,30,54,-44,27,-1,4,-44,-8,-66,-20,25,-78,-101,181,85,130,11,112,40,11,-29,21,-26,71,-46,42,42,-58,-31,9,136,-54,-40,130,30,76,-65,8,-10,-97,-89,62,-28,30,-17,-12
-7,38,82,13,111,-99,73,10,0,-94,87,87,-135,35,11,106,-6,24,20,-30,-79,75,-111,-91,13,-69,-3,17,42,15,5,22,17,-30,-31,34,-17,-51,6,61,-43,24,-24,0,-19,-101,-129,-37,104,64,-28,-8,70,37,66,-51,85,-45,-64,-56,-155
35,41,58,69,168,34,47,-31,32,47,117,55,38,15,2,47,65,25,111,-2,-29,-13,-31,-188,-94,73,-2,28,-24,60,15,25,-35,111,46,145,-33,-47,128,141,-15,-32,-15,9,-65,-55,54,44,-9,-53,7,-20,48,145,22,-50,27,85,-161,91,2
94,71,-99,-23,-8,-9,15,28,-80,13,12,28,-106,-29,137,80,-36,-92,-2,53,87,-31,56,-82,-51,22,-53,62,38,15,-14,38,42,-4,-38,27,18,19,45,-27,-40,178,22,-16,-23,-37,43,5,82,26,-166,35,30,44,81,-74,79,3,28,6,-85
138,61,-68,44,29,2,-35,13,-59,62,-3,59,59,26,-77,4,18,58,24,40,-7,-32,51,-94,-7,0,35,22,-59,15,-50,-35,41,81,2,89,92,-42,24,-16,-52,-6,108,31,1,85,15,90,-95,-28,-22,-42,-45,-7,-101,-120,52,-18,-37,-26,124
-11,-3,20,47,49,38,-41,-27,5,47,40,39,98,53,-80,-73,33,-86,88,-1,103,-19,221,-8,19,59,-5,-41,18,5,9,3,74,-63,112,-15,-14,-5,62,53,-50,24,28,-25,-5,111,34,42,24,75,-47,88,-34,-5,-88,50,129,-5,101,-23,3
88,-8,106,-122,72,-39,-42,42,-99,-39,36,-37,-67,61,-130,120,39,-67,-45,-51,6,52,54,55,-57,-15,-27,-88,3,-23,-147,-32,83,-116,90,48,-10,29,-35,3,56,46,128,60,23,-1,-14,69,80,28,-51,-96,-20,20,4,-112,25,-64,-32,-77,-84
7,64,-38,-14,-44,-49,72,55,64,-4,-83,12,-84,14,37,-77,64,-98,70,-36,-71,-77,-29,38,-48,48,-76,-81,-76,-153,108,30,-73,69,92,-1,-5,-54,21,85,-13,-9,-21,-36,113,12,-41,16,-128,-39,-42,130,83,91,-143,50,-32,122,53,-38,-15
28,-24,80,68,80,186,-21,-109,87,68,-104,-17,-75,-56,-29,-76,-37,121,152,-4,140,-15,132,89,-11,-27,42,-44,103,-23,35,1,100,69,236,33,-1,-101,85,103,-127,-24,-2,-23,-8,173,-123,88,18,91,12,33,21,-31,-81,154,23,102,171,12,0
31,44,13,47,-83,-5,4,56,167,-54,-7,21,-30,91,-90,53,26,-4,-59,39,-83,106,-114,5,27,130,113,-6,-4,-26,-5,43,101,-70,65,157,103,-105,87,-12,35,-8,-96,136,91,21,-47,149,111,-34,61,-52,118,-12,31,-41,69,43,-37,78,-40
30,-31,-57,30,-43,45,50,33,27,61,-29,-11,9,-15,59,16,12,-42,-1,-130,27,-75,-20,58,-18,42,15,6,3,91,123,5,30,122,134,44,46,-53,127,140,49,-19,-125,-33,144,49,-113,70,-43,8,8,31,80,27,-29,61,-29,108,77,-1,-25
-47,27,-68,-40,6,47,46,84,25,-19,23,34,63,-7,29,-9,7,-14,119,22,4,77,58,-9,12,6,28,60,48,140,7,52,-15,-39,-99,58,-33,146,-52,47,38,95,-68,-4,-10,-7,90,30,95,62,1,-16,-3,19,70,-15,-2,-80,-14,170,32
18,50,159,-100,209,76,-19,-28,26,3,-13,169,28,32,11,-48,84,-59,7,-96,-27,-11,56,-4,88,-95,-52,5,-39,-63,-25,46,-57,38,72,-138,-27,-17,47,67,-74,39,32,-4,-8,1,-27,-41,-92,-106,-50,-21,-96,84,-119,-50,210,50,3,-50,26
-122,-122,20,108,-78,-49,0,-45,-137,83,-10,18,18,13,-88,75,-9,29,-1,102,-46,28,26,-64,80,101,13,-8,123,-19,61,42,74,-8,-24,-69,25,52,-112,-44,50,-48,-24,-40,-40,72,-58,-45,154,63,85,19,23,-36,12,-36,57,-29,19,92,118
66,-25,12,59,76,154,5,76,-42,147,-37,9,23,51,-15,-25,113,41,-23,41,17,-13,132,-73,-27,36,66,25,70,92,30,38,-5,92,111,-30,104,69,112,100,59,-37,-43,-88,-46,152,15,90,-13,-67,-40,33,23,24,1,149,-97,79,-48,20,18
22,18,-90,66,49,20,23,-23,-32,-115,-54,-86,-97,-91,-49,51,-31,-46,32,88,39,19,-67,19,-11,65,14,57,6,-75,38,33,-55,-12,-16,-155,-32,-49,-54,-87,83,-24,-67,27,-19,-66,-67,-4,-35,-172,-127,1,-8,-22,9,-36,131,37,-28,29,81
-34,-108,-23,2,-158,120,86,120,102,107,-98,86,-8,12,23,46,-101,11,50,-123,-11,19,-47,67,-54,-57,-31,29,-38,89,-74,-45,-20,50,-65,60,46,56,7,185,-102,62,5,9,148,10,-17,19,-84,119,36,-62,25,67,-74,-52,89,33,-11,78,-2
-70,-105,102,9,84,-119,-19,-88,-47,-51,-19,69,-50,51,19,-27,-63,42,120,23,-1,25,46,32,142,10,16,124,-13,71,115,14,-33,-80,-6,9,-33,69,-17,62,70,112,-64,94,-32,-18,11,-15,149,65,48,99,29,80,46,73,-12,-16,31,140,-40
-47,-55,81,39,2,27,7,-55,-62,139,-57,86,46,41,-61,-2,12,29,54,30,103,13,20,58,36,-73,-38,5,97,23,54,-87,103,31,96,-69,-5,57,-51,-28,88,81,69,-142,105,38,-82,-56,107,109,-130,4,62,30,9,57,6,-28,-9,-32,30
168,17,30,37,-25,-88,100,-46,68,97,52,38,-14,-4,3,-46,-54,3,-33,60,1,29,45,-79,-29,88,63,67,-18,8,183,-58,133,44,170,221,64,84,46,49,-21,57,26,27,54,62,-5,137,29,111,12,-20,106,-9,16,54,-37,-16,112,-34,-6
-1,24,-41,-11,-14,38,104,102,-41,93,-59,-21,-3,-46,-53,11,47,64,0,72,61,-55,-55,53,160,61,126,2,12,63,34,-54,60,122,147,26,33,64,-65,42,9,-70,-147,-8,50,107,-53,143,-128,-84,27,-33,-37,-161,-106,87,65,-2,139,-10,64
-33,49,74,71,32,34,-68,-3,134,-65,-69,-80,96,-11,25,32,-28,-43,56,21,4,27,22,56,26,23,80,-63,-6,52,66,-31,70,-65,-88,-57,2,-98,59,11,39,-54,-15,6,-20,30,79,53,174,-5,27,10,34,78,119,23,-60,-23,86,54,7
-53,39,-19,59,-12,27,22,107,-61,-2,-110,-65,45,2,-76,71,78,-55,-30,55,147,-72,42,-108,83,111,19,-8,6,-22,58,45,96,80,-7,53,36,128,42,30,-5,24,2,91,5,30,118,97,90,-64,72,-35,-102,-16,-158,5,93,113,101,66,3
22,54,57,-91,-79,-117,22,-17,2,0,18,-3,-35,-13,44,94,-109,15,-47,-33,-15,7,49,-131,-17,-6,-28,11,73,-29,65,88,-9,87,21,77,-68,57,-21,-88,-31,106,6,-78,-95,59,31,-15,27,106,-69,6,-26,10,145,99,-73,-62,49,37,-24
-11,-38,119,45,25,51,-9,48,-79,138,-64,85,-91,-24,52,-17,-81,82,38,143,96,-132,98,-51,-22,-29,84,-29,94,-28,47,-78,25,148,46,11,69,-31,-56,22,-6,-4,50,55,17,35,64,-61,-73,82,-34,-8,-56,-27,-48,97,19,30,53,63,84
118,-52,51,75,103,59,-2,23,126,132,-64,0,39,21,55,40,66,84,-39,-30,89,-34,6,-87,18,135,62,44,11,70,120,-2,110,123,89,157,-14,7,176,13,-109,-7,30,110,51,39,16,106,141,59,106,-44,56,43,6,51,44,109,20,67,-37
15,12,45,19,93,-12,-30,-27,-18,-54,51,-130,21,52,-116,106,-59,-23,31,-83,68,82,44,-2,-67,-74,59,35,3,158,62,21,96,-19,19,-26,-115,38,31,41,89,2,65,-113,-133,8,22,-43,129,-7,-44,37,155,106,116,62,5,-90,-48,54,-143
66,-39,-56,131,117,19,-13,12,137,15,-11,-43,-25,10,-36,-29,-92,135,1,72,72,38,-119,-96,30,87,-38,90,-47,23,58,-51,-2,-4,94,45,84,-1,60,63,17,-25,79,51,34,126,-174,140,-13,-68,-80,70,15,-26,-11,-46,84,3,-93,-55,-20
0,28,-42,24,19,-15,79,-47,1,-26,25,22,-17,94,54,-113,3,-25,50,52,-2,-86,8,-43,50,29,83,-48,51,-12,92,58,98,72,87,118,57,3,38,69,-47,-37,-50,13,-75,43,32,79,83,24,102,3,-38,-36,-98,90,-66,45,60,71,-50
17,129,-9,92,69,-74,3,82,-165,97,124,-8,-16,-10,23,1,187,51,45,125,44,85,66,3,117,52,14,-23,60,-14,54,-41,173,-26,72,35,59,61,-68,133,74,161,-62,24,31,53,-90,120,139,10,-25,85,-13,-30,73,65,-46,65,144,-45,86
55,84,31,51,-129,-72,-105,5,76,-23,-8,-27,-14,-24,-49,-15,-67,53,-81,49,9,43,37,-10,-94,76,20,-115,209,-62,61,159,86,-48,-23,15,117,-29,-22,-43,-13,46,-54,-60,-95,209,-47,-44,109,-2,30,-23,26,-88,2,-27,44,79,85,-17,8
121,48,-17,-76,-24,-109,23,75,3,-33,-104,21,-194,-43,47,49,-66,-24,37,-32,81,-56,-56,-59,-23,21,15,-51,-30,23,222,3,24,174,6,14,-53,49,-136,-40,-29,94,-11,-86,85,-1,-49,81,-51,-61,-92,-54,43,-87,-129,82,56,-17,79,-27,-29
-26,-115,-94,109,-1,-32,63,-91,-54,70,44,21,-81,-11,85,-69,-43,42,81,72,-1,-75,14,10,17,45,-7,20,129,9,14,-150,63,39,88,-11,11,-28,5,15,-47,59,62,-6,42,58,-102,-27,104,137,-45,68,36,-34,1,44,5,-52,88,46,2
-54,-40,-12,67,88,49,-8,17,77,-76,-82,-71,12,6,3,-76,-33,69,19,63,28,-37,44,9,74,30,45,36,45,0,15,3,-53,29,34,31,60,80,47,0,0,-43,84,19,-75,150,-5,30,27,-2,-6,125,-64,-22,-6,27,-1,-28,75,47,-65
-63,-54,23,136,-58,-26,-26,-38,-19,148,-40,68,-23,43,-90,-41,76,29,-118,14,15,-29,-83,-28,40,-23,-50,4,84,-53,-103,-26,67,-47,68,-72,115,-20,-18,-60,-59,-76,-13,-112,94,107,-156,42,9,-21,36,-86,-82,-56,2,-94,62,114,-38,-112,33
58,-24,-26,74,77,44,-59,-13,0,84,-6,66,23,6,33,-106,-78,72,107,53,75,24,34,-5,109,-42,-41,16,-45,-49,-18,-67,3,-58,65,-68,37,-98,57,83,-49,-29,79,24,-17,56,-69,89,56,-24,-41,-27,-128,53,52,-2,48,-17,-19,-11,64
-20,-15,-7,148,-103,108,-65,65,78,31,-91,-14,90,64,-53,-11,68,-68,-45,10,14,79,155,-116,15,54,29,-75,1,4,15,9,77,-26,86,15,26,-51,244,91,-11,-23,56,86,-32,110,97,171,129,32,74,-50,86,133,46,61,29,65,-30,86,-85
-8,-115,-4,-54,-22,31,-12,122,49,-45,35,82,-61,7,75,-5,75,43,12,5,-53,48,-27,67,-34,-56,42,-61,66,-54,-114,55,10,23,54,-27,64,97,28,15,117,54,-41,38,30,91,-44,13,-12,14,-51,-39,44,38,34,-228,60,74,38,91,47
155,60,-22,20,73,89,87,33,92,158,75,38,76,83,-16,-57,13,-121,-61,-135,-56,3,37,-46,-14,62,40,54,-43,-41,72,-5,63,102,116,-21,63,-75,82,113,-3,-66,-45,64,64,-42,-33,50,-83,-159,-4,-7,-28,135,10,15,33,69,51,54,9
3,-76,-23,2,48,-40,47,-36,-5,-64,-78,-68,83,40,-21,-27,-92,111,110,53,85,-65,-83,71,85,-2,54,25,-99,12,65,57,-1,-3,63,125,-55,68,45,14,-5,-66,-42,34,-84,44,-14,83,17,-80,74,28,-46,-67,-124,65,-62,-65,29,45,-115
-9,-3,65,65,-45,82,-74,80,-11,-26,-161,-34,7,-36,-63,17,93,77,2,-12,111,17,-50,39,18,-68,57,-46,6,10,0,-93,92,36,96,8,46,-94,95,20,49,-62,23,32,88,145,-118,147,-8,-55,29,-138,95,25,-27,0,50,163,-43,-13,23
72,-18,-82,-42,-113,-90,38,61,36,90,34,60,-107,124,-130,38,-96,-7,-43,-8,6,-100,63,5,-29,-44,-44,-53,113,25,-70,65,-23,-120,-12,-31,13,14,-92,-91,-69,-58,-52,-74,-13,29,35,-22,43,95,-58,-18,120,-137,39,-13,-181,-63,18,27,38
-11,1,38,67,27,59,-133,-16,-114,47,-83,-50,90,39,-21,-33,-17,47,14,-3,104,-27,87,36,90,11,-4,51,-16,-49,42,-68,61,46,-10,-61,1,-21,-59,-80,45,78,166,-30,0,27,-28,62,115,31,0,-48,-121,126,-70,104,-37,-9,55,9,-28
