78,-3,64,-13,52,41,23,61,8,69,92,-11,-40,29,1,111,35,29,89,-62,28,-9,11,77,-9,-33,15,68,16,25,23,-30,-50,8,97,-18,35,-72,15,-80,18,35
76,-40,47,-7,23,7,51,-37,26,91,70,-39,49,-46,147,-4,-36,-8,-12,86,-149,77,109,-87,26,72,3,46,4,-105,95,13,40,-98,81,-41,136,67,-129,137,-45,-40
-56,22,35,-3,8,46,-13,30,-17,-68,100,-41,-29,7,-115,5,-117,-78,138,23,54,3,58,71,56,21,14,34,43,35,-33,-64,-40,9,42,-97,-18,-138,38,65,-21,50
3,-7,-60,68,25,4,-8,-20,-4,10,111,-19,-7,3,78,-67,38,-19,14,47,19,31,8,44,-27,-64,7,-32,6,34,43,3,77,-54,34,20,11,-5,-25,58,-11,147
66,8,6,-25,38,-31,14,7,83,53,-21,2,-43,-36,-13,17,-36,-5,-3,-3,-27,23,68,30,19,13,22,29,24,11,84,3,111,-45,14,2,26,-22,-76,-6,25,147
-57,20,37,-63,47,110,28,45,-46,61,74,9,54,67,-46,24,-21,-6,69,7,-38,-11,-37,-66,-48,26,21,-36,106,41,77,11,-5,-20,9,-19,40,-72,51,70,78,33
-10,41,-35,-41,17,27,6,156,-14,112,35,5,74,-97,-23,30,-17,10,21,23,-63,100,-23,-34,-93,-76,78,-40,98,18,-35,-14,-5,70,18,0,27,57,-139,1,-30,-93
-5,34,-3,-85,68,-38,117,-29,-85,20,8,65,8,102,0,69,33,-27,36,7,-1,-57,-11,-12,24,83,-57,37,67,23,145,4,116,-56,-34,74,69,-68,48,11,96,-59
51,55,41,-3,-13,-32,40,-26,-34,37,30,-9,-22,26,7,-53,6,-88,-21,70,-39,-5,1,53,130,33,68,70,-11,-39,50,31,40,-74,-20,-27,90,-36,-37,75,-18,84
-1,48,84,58,10,76,60,7,73,-27,-36,87,-82,-6,-18,6,-95,55,13,42,-39,-102,62,26,30,31,-20,31,-7,81,-28,-47,-30,-55,10,-17,-76,-59,46,-95,5,96
-75,13,14,45,45,17,-10,138,-6,53,109,-2,-14,79,-58,106,43,-10,90,87,91,59,2,77,-44,109,106,-29,23,85,52,-79,-32,89,48,-16,84,-19,90,89,38,-3
28,-3,48,-58,-8,-67,45,-83,-50,-24,-42,71,-112,-32,-2,-48,-20,-99,45,-60,-11,-38,-12,38,60,2,0,16,13,-38,41,-1,15,4,-12,-136,-34,-21,-146,18,14,53
0,-16,23,4,-47,27,11,-12,-5,-66,-6,36,-95,101,-24,43,41,24,3,79,0,51,49,-12,66,-62,-22,53,118,35,-24,10,-55,44,-83,18,-64,-40,-35,-10,-18,-6
31,-50,79,-32,-38,0,-52,65,-9,151,102,-28,-18,94,59,-2,192,76,-41,34,57,64,13,7,-42,1,92,59,89,0,35,-13,-46,79,-46,70,106,65,-118,89,26,-85
22,27,-6,5,-29,20,-18,-8,1,-5,22,31,-14,8,86,-70,-23,2,94,52,42,-64,25,35,56,99,-40,-26,66,93,-13,90,52,-54,-45,-28,35,100,112,67,15,26
11,-19,34,-15,-41,57,11,-28,67,40,5,-47,-67,119,72,47,46,34,42,33,0,100,24,61,9,63,-28,53,58,-25,-55,-68,-81,87,-143,-77,52,6,-43,62,15,-43
41,61,11,30,120,-75,86,31,-57,26,1,120,-30,68,-66,39,8,-61,-31,45,78,-30,19,-57,-38,132,73,87,-37,47,114,3,54,3,-39,92,103,29,-21,14,30,-21
-14,-8,40,-23,42,85,13,24,46,57,-59,-13,10,-20,-95,55,37,116,16,-31,33,79,77,-27,-73,36,41,6,4,41,-65,-40,-81,106,-11,-51,8,53,-19,-66,-1,26
35,-70,86,-38,50,2,-2,-70,39,-18,-6,-31,-64,9,28,-7,68,-13,59,-69,-45,59,13,27,83,-3,43,-3,20,-99,60,-7,24,20,39,-89,54,6,-22,1,22,90
9,4,11,76,-61,-11,-32,-64,2,-35,-100,-41,-19,-93,10,16,15,24,26,56,-6,-57,68,-83,39,148,27,1,-1,32,-4,91,-31,-131,-88,-79,0,104,29,66,-53,14
39,-83,-61,65,35,27,-3,53,17,35,87,-44,121,-45,-5,58,97,54,-16,-35,-26,156,-46,97,32,-21,75,0,51,36,13,82,-35,-29,-6,63,32,101,-27,33,-76,11
56,27,-23,29,-38,6,14,19,-9,22,-42,-41,70,-60,-19,-1,-4,0,-9,-6,-14,84,-39,-17,61,-25,-29,-73,17,-30,-72,3,-45,19,-33,-84,27,-49,3,33,-49,3
-54,4,-52,44,-46,69,17,91,60,51,12,-63,-15,-25,92,24,46,21,36,97,54,40,47,29,-22,13,-27,-73,118,88,6,-15,27,32,-18,69,30,-14,127,-14,42,69
10,-17,-12,-31,49,26,22,-33,34,17,38,40,-9,81,34,48,29,83,32,72,17,0,22,-39,-58,5,-24,5,53,54,68,-66,3,-40,-12,1,102,18,-2,37,23,10
71,-5,-16,-53,7,64,77,97,33,39,6,-5,-3,-35,119,56,38,99,70,69,-32,-3,48,37,-48,45,-142,-22,103,49,12,19,5,-22,23,86,67,-34,68,30,42,11
111,9,26,-18,50,-24,25,39,-8,27,37,48,23,-21,8,-55,-15,-114,-40,39,19,-10,25,-34,80,67,46,-12,5,41,42,85,87,-42,17,27,64,32,-35,23,0,88
-60,32,83,-41,26,24,29,78,-12,50,-29,46,-75,3,-2,50,-72,-27,114,-11,-14,-56,-13,168,-66,55,-42,-28,26,12,35,-30,-33,31,132,10,-73,-43,-15,11,-12,-3
28,-34,141,100,41,-20,-34,67,14,-30,78,-19,114,27,-95,35,-80,-193,-80,6,3,-13,-22,22,43,80,104,47,-76,-51,-61,-97,65,95,35,36,55,-34,12,82,-11,-106
7,-34,-15,-46,38,30,45,-2,111,35,58,-35,-63,52,105,-29,11,64,29,-20,23,107,74,43,82,-18,-42,-20,11,-21,35,10,-34,67,24,12,-58,11,-93,-18,19,12
-15,119,-79,-41,51,-15,79,41,-52,57,12,98,6,15,54,-7,-58,-3,108,98,5,14,-51,-7,31,94,-18,-85,-8,-24,56,-31,8,-32,-45,-49,65,-32,85,-10,48,17
-4,-84,-80,-2,9,27,-3,-130,116,25,-14,-75,-48,-83,134,-33,6,36,30,15,-99,97,42,-5,13,-27,-37,12,15,-105,68,-6,-49,-46,25,-70,19,56,-41,17,-22,73
-102,-2,20,-10,-58,-4,21,-9,26,9,29,37,-134,39,57,33,-13,0,65,89,34,29,95,-17,-16,-53,-42,-20,103,-27,7,-108,-59,102,31,-42,-84,-57,-66,-17,14,-88
42,-110,26,-36,84,62,68,38,-8,-11,96,46,40,-82,-6,26,30,6,62,6,-124,36,-7,51,0,16,21,42,42,-29,42,-17,-29,-21,76,-11,99,24,-40,47,9,18
63,38,-7,-9,5,155,103,39,-22,123,8,38,57,1,-17,105,91,133,69,56,8,94,14,-94,-63,80,62,52,26,74,38,23,-85,66,-14,1,130,48,38,9,93,-1
35,-66,12,69,71,-3,-73,-81,-10,-140,98,52,-78,93,-65,-73,13,13,-82,83,-25,-6,-4,-16,-17,-72,-13,71,19,70,-29,-56,-33,-72,-46,-40,-10,-38,22,-49,-35,62
-32,7,-65,49,43,-56,11,-4,86,3,60,-36,8,51,31,44,-20,-7,-67,29,40,71,85,-86,-69,67,52,39,-103,15,55,-21,49,8,22,54,10,-9,-4,19,18,-10
27,43,22,24,46,35,24,-82,100,18,-20,76,56,-8,-30,-66,-70,6,-23,32,-47,14,68,35,26,86,43,73,-53,65,9,45,82,-22,45,17,27,31,8,53,72,110
4,-55,44,-7,10,24,-43,1,76,30,40,-19,29,-66,5,-14,27,-28,2,5,-8,-18,131,95,-2,-10,-30,42,49,9,-40,24,107,41,116,64,-95,27,-102,15,9,1
57,6,-34,-29,88,79,-7,45,2,-3,122,-36,81,-75,22,10,-9,-50,64,95,-33,62,9,10,-28,35,3,4,-48,-49,-28,-16,-28,21,104,24,38,-31,42,-1,41,-30
8,-43,-112,-29,-7,40,52,29,98,-22,12,-32,55,-32,108,52,-5,70,98,-32,-14,68,-80,119,66,74,-49,-37,-24,10,-21,60,-94,16,-33,13,20,43,90,76,21,27
-30,-61,-32,74,-16,-27,41,50,25,27,37,-107,51,41,74,127,-19,-65,31,29,0,60,-34,51,4,34,-73,-97,51,-9,40,-10,77,-40,-27,-12,-33,-49,26,28,-87,-28
-101,-2,36,20,-21,81,61,49,-37,-6,-30,9,-78,-5,97,5,62,37,69,62,-39,-36,5,59,-8,9,-19,-45,87,71,97,13,-21,-51,22,95,-15,-60,57,31,64,109
