72,-168,35,56,74,33,-11,-13,-25,33,58,50,103,-7,-14,188,44,27,-59,87,58,65,-9,-15,38,73,82,-22,-5,-17,-67,-64,9,-4,114,90,-51,23,-35,94,74,-31,26,-48,82,57,-22,72,10,-26,66,32,88,42,7,-11,41,40,-36,-23
38,-46,-74,14,-8,26,-61,172,-53,-25,8,49,-32,-19,21,-78,45,125,7,1,-64,70,29,33,36,-32,-33,89,-180,-9,-51,42,14,91,52,58,14,15,-20,-6,-53,11,-88,103,-44,-12,-37,75,18,7,-39,20,-9,-64,23,55,65,-25,101,47
98,55,39,27,56,68,60,85,5,93,153,88,127,141,88,55,155,-6,3,-45,40,29,-45,-42,10,-58,2,68,-6,124,61,26,71,77,67,-73,12,34,57,2,56,24,-53,89,154,138,-90,4,124,-30,7,6,18,20,-131,-6,-74,2,-21,58
28,-62,-85,-20,-9,98,-98,88,-39,-117,-124,30,21,70,-135,60,-26,43,-41,39,49,121,37,-102,39,-81,132,58,38,-47,-73,-74,19,-7,29,19,-14,66,62,-50,70,30,59,62,-19,51,-130,6,-29,18,-55,4,-24,-84,12,15,120,56,56,162
32,-25,-73,4,50,-55,-56,-34,-34,109,-39,105,-5,-85,-37,88,13,-36,17,50,-8,-81,-33,11,-125,58,81,-35,1,-74,61,-138,-79,-162,-32,7,-69,-90,-66,-32,-104,96,-71,25,97,58,17,16,-94,34,112,-5,42,-30,33,-52,-13,-23,-47,-18
-26,153,7,-40,-65,5,95,-18,18,-34,-50,-41,-31,74,-31,66,-78,145,-18,-73,-44,80,5,-53,-93,18,59,-12,58,-16,-49,-7,-60,62,20,-55,16,64,82,-6,15,30,21,-25,43,-16,15,-42,-50,8,-42,-42,23,5,-53,20,32,-52,72,77
16,-4,116,88,33,-64,-60,-79,41,-80,-63,-34,118,-9,-23,49,16,-51,-108,132,31,9,45,-65,-85,-63,75,69,78,-41,-99,-44,6,35,-10,9,-13,49,-29,-11,6,-14,76,-80,-118,-15,-57,-57,62,12,113,77,89,-5,71,7,-132,33,-39,65
93,-46,-74,74,112,39,-12,-8,-63,-53,0,52,-21,-133,-90,-125,140,-43,85,-43,96,-83,33,17,72,88,22,134,-97,121,116,-71,-3,43,61,-42,16,11,13,74,-4,8,2,68,-23,-52,-17,-109,59,-13,-22,4,-44,-18,43,93,-66,-61,-4,32
63,54,-2,12,88,15,6,35,19,73,-12,-25,39,-1,-18,52,-20,-15,-38,132,-21,38,-43,84,-44,9,24,108,-30,-2,120,-13,37,75,76,0,-108,1,-16,9,-39,35,-105,24,48,-15,35,-21,-35,99,49,22,58,8,-17,-132,61,-25,-13,4
21,-1,-51,40,-54,13,-62,-10,-96,-43,99,239,63,-23,-34,68,110,-124,78,-60,183,-101,-56,-148,2,-35,-54,78,10,55,-51,-26,-27,-10,61,-11,-18,-45,-123,90,-3,89,50,116,45,21,98,-154,-48,-30,79,-106,109,-47,-129,100,-112,88,-25,-16
-60,-16,-67,-65,60,67,44,55,-36,26,-40,79,-94,57,-29,-1,58,-26,36,-17,50,14,-86,-51,4,-14,49,-63,59,56,17,-38,8,37,82,160,-2,47,-17,61,-31,56,105,62,134,78,-28,-170,-151,28,116,80,-83,-18,37,110,58,-59,27,28
42,127,14,-4,-90,-3,39,22,85,3,-4,47,-50,40,82,-44,120,37,160,23,-32,-11,-30,58,-22,-24,-14,-8,-110,-41,51,-17,4,-28,-33,35,-7,-20,-41,-17,-128,48,69,8,81,50,18,18,3,69,5,19,33,121,16,30,-7,-7,67,123
-7,8,25,28,52,90,10,8,61,-73,92,-53,-78,56,-30,-71,84,17,42,99,54,-1,69,-27,23,-53,-18,46,-11,-9,6,-15,37,-45,-8,170,-33,-39,-47,78,-43,-34,-90,-26,-54,-67,-15,-49,60,138,150,-73,-56,126,194,20,-19,-46,13,-71
-21,124,115,100,43,27,61,-70,106,72,-22,-79,36,61,95,27,55,-30,-95,21,-11,20,66,67,31,-93,-23,130,163,79,-7,92,62,90,-1,77,149,116,58,66,94,-4,23,-37,24,-4,-22,-65,-75,89,-1,49,29,-16,53,-41,38,-33,21,108
-44,-57,110,35,-28,96,-88,-4,40,-41,91,28,75,8,41,33,88,-52,77,-12,49,30,-36,-73,10,114,-4,-101,-12,-57,-109,-74,-75,-45,-54,25,24,45,46,68,-63,14,-11,-53,-36,-10,14,78,40,32,34,-23,123,180,81,76,-102,49,-14,-160
92,-78,-23,-32,-17,8,-9,117,-11,-68,19,96,11,-11,-38,4,-4,-52,74,-82,84,6,-68,-23,2,-87,-56,39,22,149,41,-36,99,34,-25,1,40,41,46,-20,-127,63,-58,55,-8,58,50,-40,-27,-31,-5,-10,107,-137,-39,21,28,38,48,-122
-51,104,-52,14,-50,49,103,31,-55,-45,3,248,-62,3,15,-30,-28,61,99,-12,114,45,-25,-27,-34,86,-16,-21,16,-40,59,-6,-130,38,-1,10,-99,-62,-17,122,-121,114,-83,193,92,-46,21,-3,-119,-22,55,17,-1,7,17,27,-50,58,-32,37
-58,30,130,27,76,-74,-22,-87,-108,-4,17,-129,61,98,-36,74,43,-78,-45,28,88,-54,-96,-86,-3,67,-17,-120,92,-78,15,-100,-133,-48,-56,28,-28,-19,-66,27,16,-92,37,-120,15,-2,78,-30,-19,-81,68,60,-5,108,-32,-50,-57,2,-137,-88
151,2,-19,-32,57,57,74,-20,2,-56,-26,-19,-28,2,-14,61,34,19,-18,88,-115,146,47,30,91,30,123,-3,-19,-113,71,-39,-86,-40,-34,-22,39,-31,45,-77,3,-169,-91,14,45,-27,-96,116,75,-99,-72,-47,88,-109,-36,-163,69,-45,-34,4
-30,59,-28,-51,4,-52,20,8,79,-66,3,-1,-23,-15,-110,-19,148,-35,-39,-30,-86,-36,-59,-33,-84,-48,33,-57,-86,54,71,-47,-7,70,-29,81,-13,47,-5,-22,8,-89,-19,103,2,-17,71,-36,22,70,97,-31,-30,-82,-13,-32,-11,-144,-5,-17
80,-118,-1,-1,45,39,-166,16,6,-15,-8,-4,13,-76,78,63,52,68,-45,59,-68,122,15,-86,-85,-17,83,-14,73,6,-74,-51,20,30,114,-3,-1,35,49,133,14,-47,-131,-21,55,-55,-126,111,81,32,-64,6,41,-1,-22,70,50,40,-45,-109
48,-64,5,143,94,-83,104,-35,-9,41,3,-1,9,94,55,-26,33,35,72,21,179,-67,13,47,95,1,-28,92,-7,-36,-5,25,-39,-49,76,-58,7,-63,-15,82,-19,-24,-65,13,84,-53,-41,-61,60,-30,106,52,63,217,48,81,-95,-5,-5,9
12,-90,-12,12,22,92,-41,157,-88,-82,-30,29,65,54,-128,100,52,-6,-10,20,76,63,16,-163,100,0,50,60,-31,131,-12,-60,155,21,-2,106,-46,123,24,72,7,-65,103,74,12,146,-55,-27,100,-18,55,27,47,58,30,122,-59,45,29,-33
15,-50,-42,98,149,-60,-11,26,-17,118,-64,2,133,-147,20,68,38,41,61,62,114,40,-61,37,-107,79,19,38,67,33,-48,45,68,84,93,-62,49,23,-69,64,-60,-5,52,-20,-76,17,77,51,-54,-98,29,38,207,-21,-23,-26,-29,-17,-97,85
-36,-6,-1,45,95,-38,16,94,-73,66,76,-8,-16,-34,4,-31,94,-32,56,32,176,-52,44,-25,22,136,-14,126,-70,16,70,65,-32,48,31,27,-25,-3,54,89,-83,107,62,53,-80,-80,151,-100,100,-49,-26,1,8,95,1,64,-55,111,-61,-6
-15,-117,-66,-56,84,-38,7,115,9,84,32,-14,-10,67,2,-16,8,18,-21,-8,160,90,42,-17,38,99,5,59,-5,108,126,-20,-19,66,51,81,-119,212,-67,134,62,81,-1,109,1,-13,53,35,-9,18,136,121,48,-3,68,40,111,58,119,20
-16,-20,-47,-134,32,-34,15,97,48,-5,-109,103,77,-38,-2,-51,120,92,97,-82,86,79,70,-14,-18,24,58,53,59,178,10,-56,122,41,80,61,-45,146,22,160,-97,-28,1,127,53,46,93,68,24,41,8,113,88,-58,-22,107,-15,67,135,-4
54,-53,2,30,43,-20,94,96,81,52,18,55,76,42,19,-54,43,3,52,-20,99,34,43,27,-41,57,-60,-3,25,25,115,72,68,35,50,-4,25,-44,-66,120,-64,67,132,40,-22,-6,94,-32,-37,-74,44,79,111,69,-54,-1,-37,25,-26,31
23,-45,-31,60,59,13,-63,4,-15,22,-37,-34,22,-62,6,5,-30,43,127,-64,76,37,-44,96,63,30,-19,116,73,97,25,-46,172,130,59,68,137,109,-7,37,31,76,73,55,63,29,147,3,-47,19,-16,-15,79,-2,-9,84,-36,7,92,-38
17,-4,97,-81,-11,49,-38,51,35,141,-9,-25,134,14,21,-48,9,62,27,-96,-61,32,61,-4,-74,17,-83,2,-30,11,74,47,158,84,-81,-45,61,-62,-24,-17,-17,153,54,-30,-49,49,87,6,-122,62,-13,6,-22,124,-110,-25,-9,38,-8,5
59,-67,70,27,-29,123,-58,99,59,-74,-10,84,48,16,-115,47,160,-16,-34,-107,33,41,80,-80,47,-38,113,87,-12,-1,15,-52,-25,77,53,94,50,78,-1,-18,-4,11,-21,42,-130,102,-129,24,9,37,43,87,56,-81,14,100,47,-39,94,53
51,66,96,25,56,86,109,21,-11,58,142,-122,16,59,88,29,-30,-130,35,77,4,44,-47,111,78,-68,-87,100,-2,60,130,17,88,68,-67,-5,5,36,170,61,-3,6,-107,6,75,71,82,-34,51,47,-1,54,-2,107,66,-173,33,34,29,16
57,-40,103,47,83,78,-47,36,19,78,46,-81,99,168,161,-94,8,64,58,-10,-34,143,-19,-8,17,-1,-123,-90,-35,6,-8,28,12,147,41,-49,-21,-16,33,49,44,55,-59,51,23,4,-56,34,-160,49,-17,26,-19,50,-6,-56,122,-17,81,11
-23,66,-26,5,46,23,79,25,-2,75,31,41,7,59,131,35,22,140,19,-45,-27,-50,66,2,-40,134,11,-32,-23,-153,-37,39,-137,5,64,17,90,-24,-11,4,-118,16,18,-14,-12,-34,4,10,22,-98,-84,-27,40,52,18,101,-62,10,19,3
47,16,31,-131,-94,-80,47,39,2,46,-6,-11,26,3,46,-2,89,32,-49,13,-31,-27,23,81,-16,-15,-40,13,-36,-4,-16,40,-24,130,-13,48,84,32,11,66,-6,-142,-64,-1,-51,-98,122,13,9,9,-64,-91,-39,-60,-25,-17,26,38,44,-5
-31,18,-53,-128,-66,-3,-156,19,71,0,12,91,-17,-53,-87,72,48,46,9,15,-36,-36,-9,-41,-67,-39,-4,57,-77,-13,37,-112,4,-72,20,90,5,-46,-157,-19,4,77,-45,43,61,-83,137,-103,-52,76,4,-35,37,44,-69,72,-71,47,28,-142
26,-140,10,-8,20,-37,-65,47,15,-5,-59,88,-4,-18,-119,-90,55,-41,98,-66,52,-23,20,51,137,94,48,-161,-77,46,42,-9,3,-37,25,57,-38,-73,-50,5,61,-47,32,64,9,-86,78,54,-40,3,-31,102,-28,7,-52,17,-39,-34,118,-20
2,-13,-13,20,101,45,93,-9,-1,1,-43,85,176,89,14,41,-62,-21,-67,-8,-75,7,93,-12,-48,-52,-72,-125,12,-24,10,-10,51,8,-89,-24,-115,-116,-63,-52,19,48,-63,-9,29,-22,-102,10,33,-58,126,-56,-69,-53,-37,-108,-114,59,-60,-4
17,-47,-20,61,55,-53,81,-80,-49,80,-53,-5,-80,-110,155,33,70,-58,12,-51,-8,-79,-30,13,65,-2,-23,-14,-7,8,-20,-34,-7,-83,8,-85,-98,-67,-5,40,-97,-6,-12,-3,84,23,-114,-44,164,-42,47,-59,84,-10,-7,33,-28,-57,-156,-84
-5,-25,-96,-26,48,79,144,72,11,-13,-41,85,-45,16,-54,14,14,18,107,3,78,-38,75,-39,67,48,71,-1,-7,27,34,-62,-57,-40,-10,-19,-89,-53,11,25,-22,-34,3,120,45,-31,7,-13,29,-35,37,-177,-43,13,38,15,-92,49,-98,-45
33,27,42,-26,23,31,9,-58,11,-52,43,-40,22,-53,-49,-73,-12,-49,-28,-46,-121,-62,43,72,131,-80,5,-11,-50,-12,10,-7,25,3,-11,146,41,2,-4,-43,107,8,-94,-56,3,25,40,-85,-35,-48,73,-69,-72,1,-31,69,58,-79,145,-34
67,-14,162,81,133,120,-49,-85,10,-6,22,65,51,21,-53,20,54,-121,-74,34,-119,21,83,44,135,-16,100,56,-27,-127,-34,-65,-17,36,-20,4,36,-50,69,-75,124,-69,-93,-42,12,34,-83,4,16,67,4,43,-109,-98,45,-74,52,-35,31,-5
-123,93,73,28,31,-53,18,-120,47,-22,75,27,33,49,-12,-26,120,-155,96,-17,21,-145,50,-97,-78,-57,50,-23,50,-44,52,-76,-79,12,-39,67,-10,32,-36,29,-1,53,-41,58,43,27,54,-137,34,64,236,81,-61,122,12,107,-128,9,23,-16
3,80,168,83,47,-22,18,-55,128,8,18,77,112,7,74,-18,151,-75,135,101,109,-13,72,-2,-43,-45,66,119,89,-8,82,29,23,70,-39,57,21,22,74,88,-43,79,-34,95,19,42,-57,-4,110,85,101,126,50,47,77,62,-108,63,30,182
107,3,39,45,119,-11,61,115,-5,67,-45,-55,43,27,-36,10,13,-59,-5,89,-19,-7,99,77,-76,-135,64,206,33,10,77,-5,117,114,25,76,54,54,25,115,68,-43,0,-38,56,86,50,38,27,126,136,95,5,-22,45,-4,-50,42,41,28
-66,59,-14,50,53,-28,61,-32,22,125,-50,-35,-75,-76,40,-34,52,6,108,101,41,-25,98,-10,-74,69,102,39,1,-53,65,-57,-87,60,50,-18,-32,-50,-49,-31,46,20,79,83,3,-96,23,-19,-42,96,58,-55,86,57,-20,2,-97,-55,-148,-60
-8,183,18,-64,64,52,60,24,-26,128,54,-55,-5,-19,90,24,20,19,87,-110,-47,-101,-48,61,27,68,-79,-43,-20,-22,101,59,-72,9,14,-11,10,1,-61,27,55,-50,-16,-50,112,15,-10,122,128,41,18,-71,47,63,-78,88,-54,-64,-22,-62
74,53,36,-30,5,82,47,-77,79,74,44,50,-4,-67,106,28,-32,56,-70,-34,-60,-97,108,117,-3,74,6,50,-14,-111,163,71,-63,110,17,46,90,-36,-25,-32,33,57,50,28,73,19,-24,19,-67,22,-36,-3,-4,66,-53,58,6,12,15,12
72,-29,-66,58,65,-40,50,72,-54,14,66,38,-43,12,77,-53,89,-11,143,-7,52,-5,39,-26,28,-40,16,75,-70,44,109,88,28,97,-26,-17,-48,-21,-77,2,-58,67,-34,102,29,-20,-4,-37,39,-70,69,43,10,7,-65,1,-19,-12,4,68
-103,59,69,-96,60,81,59,68,-66,76,44,-66,54,11,71,41,-30,-1,24,-25,32,71,29,-68,95,15,-169,-10,50,124,124,64,64,-101,-36,-8,-62,26,32,56,11,14,28,-20,-92,7,-28,-37,115,-33,-99,-72,41,44,-2,-30,34,28,-119,-9
-43,160,-68,-173,-94,49,48,152,96,107,-44,132,31,-43,-32,33,65,49,-70,61,-80,44,68,71,-136,27,-2,98,-5,-10,158,38,43,114,35,138,48,-2,-37,120,-11,69,52,162,59,-35,159,-44,-94,152,-4,-12,5,17,-54,-50,-2,95,36,31
24,156,7,1,-42,-6,147,-26,91,-48,119,3,23,68,22,121,-43,-72,-53,-26,-86,-98,8,56,24,-69,-14,-131,111,-6,44,-18,-83,-113,-88,-63,-53,-44,32,-56,17,-58,29,-23,84,12,-85,46,74,-38,-11,39,155,-64,22,17,-47,-42,34,12
48,114,-73,-54,-72,-27,104,151,-16,-127,16,0,103,72,-139,-110,-72,120,42,41,56,108,98,33,-19,-61,-48,115,-3,32,27,14,31,14,-30,40,31,44,95,84,20,43,-64,116,-23,10,145,-42,-45,-79,8,26,73,-5,11,-10,-30,108,196,197
103,-40,8,-46,-3,66,33,-46,-58,2,-43,96,-28,30,41,13,-64,111,-9,96,41,140,38,-6,105,132,13,-71,-12,-113,-94,-51,-40,23,55,-4,-51,-86,27,-27,12,-34,24,-91,7,-60,-107,44,-38,-72,-57,-103,-101,15,39,97,107,160,111,28
-33,-39,41,23,7,-17,-95,55,-119,-70,-9,-87,40,-33,-37,-22,71,44,87,-36,116,115,37,-69,9,-3,-48,105,60,88,4,-11,56,142,0,11,117,98,115,20,83,79,48,15,-47,-44,92,-39,12,-25,-75,11,77,-19,-74,50,-25,68,56,50
83,-39,0,-20,-26,83,-34,-2,-51,-3,61,-11,2,-12,-29,117,85,-3,43,-146,44,-86,-50,-29,77,81,69,-45,3,16,68,-93,-24,45,104,31,22,16,14,104,107,-78,42,14,121,129,-28,65,58,38,-72,-7,-54,68,-100,102,37,-55,73,38
123,-45,113,-32,120,22,-21,57,43,164,71,5,42,126,-5,121,32,-84,3,85,-11,25,45,-27,58,50,82,154,29,-41,139,79,98,8,-51,62,139,-19,-51,-59,69,5,81,40,74,125,58,-70,4,-6,63,41,-4,75,12,-96,-48,34,-2,-13
19,-80,66,4,-26,58,-79,-1,59,83,8,66,-64,53,73,39,153,-61,34,-100,63,-8,-136,-87,5,52,-49,-42,-57,68,44,-18,22,0,-22,-107,-8,-40,-22,-43,-60,18,162,-1,32,51,-68,-6,47,95,-59,57,-63,44,13,-4,-31,-2,-90,-36
-15,137,26,-45,-25,29,3,-41,-49,148,-69,-129,40,-105,129,-86,-99,21,-18,-34,-55,54,-38,67,-88,138,-145,-6,43,-38,-7,37,1,119,-44,-58,83,33,49,85,4,64,-15,-140,-46,-96,-33,-25,-93,10,-117,3,-70,0,-64,-10,49,94,-65,28
123,67,118,14,54,178,74,21,-155,60,103,72,77,16,47,65,85,131,72,-23,98,113,66,-33,39,182,33,5,25,86,13,46,-25,39,-15,-43,31,61,41,51,89,71,77,-62,105,81,-72,111,116,-47,-49,19,100,105,88,2,-102,86,-28,13
