5,101,-64,66,-7,177,-154,-155,-48,-109,37,44,-61,-51,58,105,26,-45,85,12,-66,32,-21,86,-14,62,11,94,-59,137,-80,109,131,-131,72,-69,-35,-25,-37,126,33,-157,-126,118,20,74,-99,-60,-31,-30,174,-53,-15,52,-31,-30,-34,-9,46,12,-58,-58,-179,146,-17,134,-52,-71,158,-6,108,-49,13,-7,34,-101,0,-22,-73,-85,-155,70,103,24,-18,93,-93,-24,62,-31,-158,43,-44,-109,-17,-27,32,-73,-126,-63,-73,-2,-25,-68,163,114,39,-29,-159,39,-192,28,-125,-69,-20,-181,24,-95,-256,-129,24,4,133,121,72,-76,158,18,193,130,93,66,-15,-88,49,-152,-101,-188,-11,-57,-137,-207,56
-45,166,9,-26,34,28,-3,-46,195,26,110,4,-209,84,43,-119,179,-45,71,94,40,159,105,23,3,103,97,-36,16,29,74,183,111,-138,23,10,5,-82,-86,145,48,134,81,-17,-42,20,48,-109,18,39,174,-175,195,33,151,73,44,55,-79,86,7,-86,70,177,50,-168,59,62,111,-99,31,116,-38,239,149,-56,116,81,-111,-88,48,-7,240,136,221,-15,-24,-25,3,94,26,162,223,143,137,138,23,-133,-136,139,-63,25,17,-71,84,33,61,126,19,41,135,-82,130,2,-50,8,132,159,14,270,105,32,-89,167,0,11,-36,21,147,117,45,51,-44,64,107,100,156,113,-42,-55,65,-56,-38
73,206,76,6,-76,150,166,44,69,415,94,99,-39,8,113,-70,20,156,-73,-155,-28,80,-181,-42,-7,196,159,-21,206,-137,-40,75,-4,227,81,157,98,-21,-77,52,61,31,21,63,-37,35,208,-64,15,45,177,249,44,210,34,60,21,84,-82,65,163,-44,98,88,-155,-87,51,221,-46,205,168,214,95,-78,-111,133,58,-38,105,69,-26,-105,43,133,23,161,85,98,85,-134,89,12,243,170,43,81,-65,85,95,197,-80,145,-49,213,-68,-113,21,94,19,145,111,239,8,3,241,75,161,-12,5,216,73,22,-93,-5,14,16,-35,116,-51,64,78,73,257,183,154,187,130,136,69,103,20,146,131
32,-68,-147,-148,-14,190,-1,-40,91,-16,-32,188,-49,77,43,-66,0,171,239,9,171,161,-72,-30,65,-27,95,-168,24,91,48,-40,17,252,110,-174,309,87,15,-198,150,18,119,150,-55,-4,-3,-123,-99,75,-10,145,-45,49,16,-50,246,-20,23,30,9,-66,209,-125,134,-124,-65,-41,8,43,172,53,-157,-13,-145,64,-12,21,155,49,-110,165,-73,118,12,90,220,93,144,141,37,-11,61,197,157,67,-11,34,302,-12,184,-51,122,65,-111,88,-124,-12,150,23,43,54,58,221,98,-33,-32,83,138,46,75,5,-47,61,118,-34,105,-163,47,-97,-32,-38,326,81,-4,178,-12,20,-8,27,-165,-4,-6
23,-316,132,166,83,43,-1,-31,112,74,11,-1,212,110,88,247,-157,-117,3,-42,161,-119,37,82,-108,26,68,-10,10,-53,133,-50,36,90,29,44,10,-23,-75,56,-27,-120,-119,-110,84,104,2,-14,86,11,29,152,130,210,-144,-64,31,-82,-153,71,122,-16,-185,61,-41,63,7,-120,-276,214,81,-6,-162,-44,-81,-84,224,127,217,-86,-13,118,111,-95,46,59,-4,-30,5,45,54,-205,83,-128,-44,24,-109,76,-28,123,120,61,50,59,0,-28,-159,-10,84,8,142,124,-84,-125,-35,-79,20,-129,-31,88,-201,-131,-65,-22,99,67,-3,91,80,187,19,238,12,-32,43,18,147,-34,-155,101,-53,39,-69
43,-3,127,48,0,148,-16,12,112,302,169,244,-56,167,-28,-65,172,136,7,35,81,16,41,121,140,222,156,150,316,124,23,-110,-88,205,-11,204,255,4,-30,8,88,-56,304,-49,195,-89,39,10,-33,184,180,189,0,-84,-23,46,179,13,147,80,125,191,157,113,43,10,-58,3,77,115,90,123,7,-11,-93,25,-152,139,2,83,-88,5,43,188,114,-17,132,89,55,69,9,61,134,126,60,-82,32,32,232,125,65,192,60,94,145,-21,91,15,81,-73,77,6,73,113,49,0,185,288,3,1,36,281,-14,-2,57,6,24,17,93,38,102,-10,237,238,121,38,224,195,48,0,77,6,55
102,65,-108,165,-141,93,12,5,113,18,119,74,-63,-53,127,155,-20,172,-105,39,37,-39,-163,54,-237,40,90,-36,125,-13,-40,59,-143,-6,-86,-34,218,-327,-14,-21,126,-42,90,-14,52,107,122,57,6,11,29,-2,202,89,21,-7,53,181,98,178,-74,34,319,-31,-21,106,-130,135,115,-58,-29,112,174,140,-91,-109,-47,-106,89,60,-138,-22,-77,90,-35,-205,8,241,136,-128,35,-78,212,16,221,-19,-51,316,134,62,-17,-63,224,-98,-52,-169,142,46,99,103,101,-161,-1,-1,59,133,28,-85,-22,66,94,61,75,76,58,-44,306,96,-23,-40,188,32,-17,15,131,8,18,65,-147,24,27,-42,-22
69,-43,127,-14,209,-70,251,-72,240,132,35,27,158,-27,39,39,49,257,-143,46,-59,152,-62,232,167,92,104,-4,79,68,33,164,-43,34,263,136,86,64,-15,6,-121,72,117,30,-97,167,-187,-65,1,181,127,26,135,-144,67,-33,108,-96,109,205,87,-1,199,-34,205,-78,-87,-87,73,15,124,82,-45,27,-26,-13,107,67,139,221,90,-104,83,109,59,-60,-59,89,125,4,96,168,178,80,82,-8,160,-55,86,-76,168,191,144,132,113,139,-6,177,9,-6,170,30,283,39,100,297,96,142,100,-53,344,158,-1,111,91,164,50,-42,37,50,46,128,237,87,150,-30,69,20,12,-49,189,3,183
-132,-20,-67,-35,27,205,97,-1,21,44,61,130,131,-86,-21,84,-2,56,-92,133,-19,143,79,151,65,12,18,25,6,29,64,85,28,9,163,47,275,-26,116,-56,83,-130,-16,172,34,-23,86,-44,144,13,141,-32,335,-53,20,-94,-48,135,-115,-19,18,75,-63,-34,111,18,-44,-66,151,0,136,-86,13,206,15,-117,-38,-2,-24,108,18,-8,298,-23,-42,30,46,80,-112,38,120,45,81,108,61,63,68,173,11,-30,35,-36,80,20,-40,121,16,108,179,70,96,-76,197,137,149,21,37,62,249,-48,46,57,-138,-59,244,-115,-13,44,121,-38,79,105,-7,74,143,48,-107,3,-10,-140,-10,-93,104
95,120,-7,-76,3,-83,-23,23,12,15,51,123,175,-59,56,95,44,-147,18,112,58,252,-2,211,5,112,-130,96,187,2,42,27,45,135,-95,116,51,-13,181,-79,71,-70,43,246,48,62,2,-28,159,108,10,-137,165,69,-67,44,116,-91,-150,57,12,99,145,30,140,241,-57,305,120,33,-24,-44,239,-29,14,-95,66,-12,100,14,46,-104,75,62,-13,62,-7,113,126,44,-181,202,300,111,29,24,0,170,23,-49,9,95,111,40,24,197,17,170,238,-14,244,38,38,99,7,-14,-44,234,155,-133,44,-37,287,-43,32,-6,29,49,33,65,114,69,53,25,-37,149,104,71,51,-61,167,68,136
113,104,70,24,-135,17,108,79,165,-115,178,82,45,193,226,-12,45,104,-103,-11,107,47,-134,87,-50,11,21,-29,89,57,0,-61,-21,136,26,-12,20,-35,52,57,-38,62,-2,-37,54,97,-178,136,56,190,91,-117,181,112,17,66,124,107,85,12,16,-74,166,12,8,93,-74,109,-64,-46,21,-154,18,92,222,172,146,13,182,67,79,-29,-13,-1,-1,-69,-115,134,88,92,59,186,114,25,-49,-97,-17,88,118,138,136,21,200,-18,126,175,3,-41,-6,-32,117,-18,232,22,168,23,84,252,87,148,278,-50,76,-2,37,166,-82,106,-24,69,-39,149,22,2,-17,-39,160,-19,-54,-2,46,224,126
197,39,-48,21,-88,11,23,30,25,218,179,115,103,-88,-57,-54,84,-51,-29,26,-42,-11,-95,-16,-17,98,96,122,51,-35,-2,97,184,-14,-114,193,19,132,1,109,77,1,-19,222,254,-185,71,-45,90,96,-51,-32,223,119,16,218,99,-140,10,98,91,17,25,-27,-66,122,-37,86,-119,15,68,203,-104,-115,47,65,145,-146,-40,52,-49,8,-34,-29,-107,-113,64,55,83,-71,-18,-1,275,-12,62,-40,-134,111,-49,89,-66,-56,-200,-46,99,-68,65,74,124,173,225,-17,48,-86,-79,113,-25,-47,91,-29,54,57,-14,-86,3,159,-17,7,-46,31,53,-14,-72,-164,-38,119,-37,-55,94,-44,-78,-12,75
8,4,159,58,53,-38,97,42,134,204,3,33,-44,23,-14,-215,-15,53,-90,285,-43,102,29,-99,50,-35,-16,5,148,92,187,-48,8,92,13,66,76,128,11,-52,-116,54,26,131,60,6,157,-4,169,196,135,-91,-51,43,80,-25,-146,143,-38,-112,20,123,238,-19,119,-50,-14,54,44,87,144,11,-93,59,-25,83,-8,118,48,167,139,93,211,140,60,47,184,177,-44,143,-48,6,-6,103,34,146,-106,77,22,56,52,-3,-111,212,-89,-54,55,289,214,186,-85,148,185,-7,63,-37,-21,58,220,219,-45,118,40,91,81,25,-21,59,18,34,82,147,27,-22,51,139,120,-82,-51,33,153,152,-72
-6,16,133,165,-39,-38,49,-120,240,-136,-48,30,17,-10,123,71,253,112,-179,-88,182,74,-32,36,207,-72,34,135,88,9,-22,49,-72,-225,121,-203,-5,-57,-96,61,74,-22,6,-161,-38,86,53,118,16,-1,57,78,-46,-103,108,-2,29,-25,-131,110,-61,25,147,32,-17,96,7,-116,119,20,31,-104,250,-191,-6,242,85,124,6,128,112,2,79,126,28,48,-25,74,135,86,183,-18,219,101,-61,15,23,6,122,-150,102,-8,12,86,91,309,0,74,137,-173,211,-66,-136,-14,119,-19,95,76,-37,165,120,11,-128,6,-151,-33,-14,225,22,197,213,141,128,-27,-51,-71,92,215,58,-49,170,199,-72
92,-2,231,147,5,120,107,114,137,80,92,46,154,15,-162,162,0,-79,-15,223,47,76,-28,-14,-25,3,11,92,-15,210,-9,-19,3,-77,-9,-20,-64,71,274,131,-7,261,-82,-10,3,-223,53,-37,-18,87,-23,81,179,-76,8,137,-73,-54,102,-47,99,212,168,-29,-244,7,64,-118,30,66,-70,-46,49,114,137,-39,198,86,121,101,199,185,-31,-151,100,-64,255,253,-206,160,69,118,-29,-1,-96,-94,-41,-6,66,106,8,71,73,-3,110,-11,52,106,50,21,88,-117,18,-36,-27,86,81,-48,56,-61,69,54,99,115,175,4,112,-91,-73,30,-35,-118,46,-57,153,-58,64,49,43,131,69,-286,-5
129,56,89,205,88,-83,284,47,-156,126,-1,-99,-63,162,123,23,-121,18,-61,64,2,-8,105,-61,10,144,55,-4,285,152,-38,81,-143,56,119,5,42,-12,-26,274,-104,16,78,-52,130,166,-100,-96,13,-6,74,-66,59,47,198,84,-170,253,185,52,72,-39,113,100,197,63,97,-78,44,61,-55,56,-144,35,42,131,160,-71,-51,154,28,13,24,78,51,-63,-118,147,109,-129,-34,95,-68,-200,-54,31,-25,-5,-216,-48,142,77,80,200,-47,-10,147,179,1,-21,-111,14,169,-33,-38,86,27,-24,186,143,36,-90,137,-28,-153,196,17,4,57,25,-13,-51,14,48,26,107,250,21,-98,-141,161,268,152
70,71,-59,107,-119,187,-55,-194,16,-11,58,13,-31,109,202,43,-33,115,-214,-75,0,5,130,-51,54,23,171,-67,65,-39,153,134,83,8,226,130,-72,-35,69,74,133,-82,50,47,-135,-112,64,-27,23,152,1,-182,-51,-26,104,16,60,1,196,-56,259,44,-19,-1,-182,42,138,131,86,-1,168,36,-24,-156,-167,67,122,-72,-85,-85,-126,35,11,27,-151,78,34,-30,22,-138,-12,-84,38,-54,-86,-61,-59,94,-10,19,44,21,139,2,213,-116,-27,172,170,-24,20,68,154,-72,75,-76,184,33,-127,-53,82,92,33,42,-42,130,15,151,-3,54,88,-44,-3,-1,3,-50,-48,-238,-19,-56,-115,31,-19
31,-45,88,-61,161,162,28,-128,92,-140,14,151,-19,116,56,54,138,-72,233,183,153,42,110,137,-19,6,-18,19,-152,-49,-11,-17,196,130,-80,59,-18,120,71,-33,61,-105,-143,200,128,-138,-31,179,4,187,13,39,-43,116,28,231,102,-96,42,-34,30,288,2,22,108,204,207,-73,-1,-29,-116,-157,101,65,-113,39,-113,155,133,-48,200,30,114,158,-32,85,27,76,7,160,77,-67,-22,-31,58,85,-117,160,171,-121,42,42,-176,-38,193,109,-152,87,206,105,82,205,146,134,-171,-154,78,-17,64,-48,44,76,284,83,15,203,23,-66,226,6,83,14,69,-98,195,-161,-71,-114,-95,-73,126,35,112
38,-109,269,170,121,-50,73,-99,136,190,105,115,-5,-64,1,195,56,-29,293,-28,191,-38,-83,72,239,112,50,49,228,84,37,3,77,206,-17,-25,144,96,-124,-34,-162,16,158,-58,233,-1,58,-34,119,73,177,5,128,73,77,-114,-63,24,-83,-96,20,64,245,181,85,3,-45,-34,94,199,156,111,-19,-16,-73,-18,155,136,128,176,70,105,22,133,213,217,162,167,-27,231,-133,-71,107,181,29,-4,-92,67,242,49,106,82,126,22,-55,-30,55,110,-207,168,78,97,66,111,-19,129,-3,52,72,-113,-262,0,-97,125,151,-104,73,-7,4,-77,127,-18,239,112,90,150,168,26,-23,169,-35,180,4
22,32,30,170,359,158,148,-117,-44,162,86,249,95,33,105,38,63,108,13,127,286,-2,11,44,-132,-65,164,78,76,-98,-32,-18,12,45,37,78,338,71,132,45,-56,-29,54,128,67,-27,-69,55,161,249,83,305,0,57,111,-33,-98,128,15,172,30,55,187,135,259,234,83,71,10,-163,-62,-79,-36,246,-51,73,-10,-12,232,-7,88,65,125,153,-21,14,58,280,60,25,104,145,215,158,117,75,19,196,157,-91,-20,174,-14,192,63,227,90,358,141,133,47,124,78,-46,-66,125,53,-63,-40,51,252,-91,-138,40,16,4,-50,-56,41,277,-106,-134,53,-29,-4,24,-171,94,-19,-239,256,110,244
167,-4,86,157,61,2,54,131,-114,61,-18,93,-125,1,-102,182,-9,47,33,80,86,-28,-36,-71,110,-45,-1,-45,-167,14,-63,68,50,166,53,91,43,159,-121,-27,-7,-110,28,29,93,60,21,167,46,44,130,69,127,75,-2,216,6,82,-63,195,-306,99,148,-170,-16,-6,-187,-25,-9,-28,197,53,98,-37,-237,176,-85,87,37,103,147,84,32,-66,-15,-57,102,-150,74,101,-29,8,-28,140,15,2,9,89,-20,109,57,-68,32,74,7,91,-133,-56,29,116,6,43,116,44,-109,-108,28,-82,147,4,-75,-53,-7,134,128,-63,47,59,36,-99,-27,6,99,-127,-183,138,-133,74,157,-84,-4,-67,-43
-60,-33,-75,47,-63,-38,171,-1,169,-107,-74,-26,-41,-7,111,72,-32,192,-28,166,-37,99,241,-177,-35,-164,29,-78,-2,-96,163,111,-63,80,63,-45,20,-95,-226,-101,22,-48,112,87,5,164,-47,151,55,124,166,-304,73,99,123,35,-33,160,-23,-21,-32,-32,155,-40,104,76,41,-13,125,164,8,-81,-5,54,-196,126,33,77,47,23,13,50,18,199,-65,79,-61,54,-26,145,-117,-99,176,208,22,141,-103,110,74,-69,149,145,307,23,-141,174,137,284,106,39,-176,-42,46,79,-2,163,31,-39,-51,-64,32,-77,21,238,28,-68,39,85,38,-33,182,51,-200,130,76,24,58,2,70,-41,11,83,89
210,36,4,136,75,147,-102,-72,140,-8,-63,84,-118,97,-16,147,31,82,-41,197,18,105,58,-152,-62,101,-56,51,131,214,156,-152,90,-9,204,3,6,60,145,118,20,-70,-109,-38,72,-28,142,-44,150,110,108,55,27,21,85,10,-24,5,48,-1,62,157,-108,-95,56,169,74,-60,-41,85,143,-13,104,-36,62,79,-11,-9,91,71,-12,80,112,-24,-107,-26,59,70,93,-136,12,-74,46,117,-45,159,-88,40,44,-2,28,132,113,148,28,143,0,135,74,-139,6,125,56,-6,32,135,3,-80,51,-86,-21,-6,123,2,-39,128,2,113,129,130,-61,62,18,-159,22,85,-26,-86,-68,14,-88,123,24
-52,33,36,153,-26,-31,47,-38,-56,110,-22,-118,97,-35,238,-38,-29,173,-39,-77,244,15,-185,-59,25,-34,109,-123,146,-58,79,90,-2,30,108,193,-15,15,2,-145,80,-12,-33,-7,36,-3,36,28,-142,104,49,50,122,15,5,-159,-159,72,48,47,10,-10,122,-169,-22,102,-6,83,10,2,95,161,-104,-52,-38,14,71,83,21,-43,-50,-67,-120,79,-28,72,7,169,118,-221,-135,-6,112,20,38,-51,-110,140,182,73,-27,125,65,54,86,20,-38,80,55,-24,48,8,88,87,60,158,130,64,-116,-154,133,84,42,25,90,153,-92,30,1,-25,-42,25,56,21,-293,58,-32,-71,8,46,-90,63,131
118,118,38,30,-99,120,58,118,7,50,93,90,-128,209,248,-17,35,103,132,8,147,139,-86,-12,30,215,91,125,231,44,-58,-105,-32,61,-130,14,107,1,-7,51,-32,-82,177,-21,204,207,14,136,71,167,35,-79,13,219,151,103,-31,216,13,156,193,103,140,72,91,235,176,125,102,-48,61,116,-146,-53,-16,62,191,65,69,213,-1,-177,75,236,-6,207,-48,231,88,-68,195,-22,140,-21,170,-5,-28,122,240,1,16,8,155,-26,-59,-96,78,114,-16,68,126,108,42,28,6,-50,38,56,78,-46,95,79,11,-2,-86,-17,34,-50,-3,67,25,-101,-71,47,107,143,275,233,-37,156,119,269,4
17,165,-160,225,26,94,204,37,67,1,-9,168,33,191,137,-106,40,-102,-86,173,134,115,88,23,70,47,36,-24,226,-5,-78,5,2,21,-56,199,313,25,-112,230,76,30,25,158,-31,-26,31,158,130,151,206,-4,84,44,121,118,163,-44,51,-64,34,150,186,30,55,206,-54,14,238,2,201,1,76,-88,-90,120,74,20,174,8,23,130,0,27,22,18,160,100,132,96,-200,90,-52,-90,45,69,-79,160,90,107,96,-49,-23,-197,146,-18,74,170,153,56,28,-42,136,178,167,-6,78,1,183,-51,-41,15,5,37,103,73,-47,65,63,150,184,36,-81,51,-152,112,-35,5,19,-85,-47,82,196
38,123,185,162,126,222,125,-142,181,-13,-44,-27,-21,68,-5,139,11,26,166,-21,108,154,111,108,243,2,194,-74,-71,93,42,-28,-12,-81,218,-73,53,24,-57,115,167,110,-22,115,56,154,46,-4,-200,94,139,-2,227,23,204,-66,131,-31,93,153,2,210,334,22,12,35,64,-133,95,76,233,-42,-171,54,99,-35,163,140,15,231,6,219,-22,51,-170,-31,56,388,63,114,62,94,86,-54,90,55,-22,180,25,78,38,-15,275,-87,174,-14,-33,236,44,-55,185,102,369,235,86,-16,85,136,179,10,75,215,133,94,143,-28,74,120,98,89,105,59,108,-58,36,11,-68,-124,130,-73,61,-26,-28
96,39,29,257,48,101,92,-41,-69,239,-46,113,52,30,-46,0,148,215,-54,88,9,26,-25,90,122,138,150,29,68,172,146,89,164,272,108,113,187,-221,-134,-6,7,2,-9,16,250,46,74,-21,-53,177,186,63,47,72,232,115,60,-32,127,41,4,-120,25,33,-9,-53,-88,87,113,159,91,58,119,-62,-57,22,22,87,-117,40,-144,4,146,36,-49,-10,60,124,106,-85,-248,37,23,-42,-102,160,2,-176,-33,57,-18,45,-3,118,92,-3,125,-50,24,80,55,48,12,94,190,-185,103,34,-16,84,-205,178,118,-65,11,63,142,42,50,49,4,-5,67,256,45,-6,-68,-67,-122,-7,-18,68,10
-30,-137,105,-108,10,-157,-43,100,121,192,-137,-91,-18,-85,-135,218,136,209,89,-137,-71,189,7,-142,-17,221,166,-45,-162,50,57,51,17,0,44,46,96,-2,-91,202,136,84,35,-88,-35,37,29,82,68,-175,183,-136,186,-124,68,-86,33,-118,-62,134,121,3,67,-27,-57,54,27,-3,109,113,-41,126,-20,-88,-168,-54,-62,34,-17,99,8,14,-54,-5,49,-231,90,19,-125,-31,220,-224,245,123,86,62,145,-10,-2,43,-65,159,195,-192,17,-37,-76,-32,-84,89,118,78,-18,-57,154,49,29,36,-3,-64,141,58,-160,71,180,90,89,-17,48,-28,42,-33,-38,10,205,-116,250,169,-87,-24,71,-75,-75
53,91,-136,93,-89,179,-103,26,-98,92,171,90,-43,118,-215,-7,169,-13,-130,126,74,133,35,229,-32,231,10,208,-65,27,95,-48,-162,2,-133,-2,262,-4,82,31,-94,-69,-120,-31,127,-182,-45,-100,201,101,71,86,130,111,113,-102,-21,53,59,-157,28,312,-33,-19,-61,106,25,-16,9,16,93,-31,82,176,117,-17,106,139,-75,152,-3,-51,172,98,166,-86,-124,165,85,205,39,84,-75,75,99,-97,15,50,18,-88,65,187,57,25,146,145,94,60,97,133,140,109,-180,185,72,18,161,-112,217,53,-207,116,-15,-4,124,-49,3,68,9,-18,-33,-79,14,199,169,60,-45,157,49,-81,70,-63,153
19,280,43,33,29,55,-189,-26,-14,83,31,290,-32,-117,51,74,33,67,-88,-110,-175,189,-105,178,-95,-79,105,19,37,-30,161,218,158,52,-103,9,6,-44,128,19,-7,91,-86,-47,-16,187,-33,-65,277,-26,60,-63,47,69,-83,4,-81,156,56,-13,245,-98,281,114,-14,97,8,112,93,10,240,169,172,-147,119,134,101,161,91,82,69,-38,88,220,-85,-87,136,-21,60,-131,-6,38,181,-231,165,13,18,-70,39,111,34,46,87,73,23,246,115,223,-25,-11,17,35,-79,63,111,-16,57,91,-48,-96,122,118,123,170,41,107,33,-5,-97,126,-67,31,13,41,172,96,47,49,37,-43,36,4,-18
73,39,15,188,191,87,94,-74,34,159,-87,200,-11,213,-127,-87,-39,117,-103,17,121,89,47,102,107,129,89,31,96,266,-122,200,-162,18,220,196,139,-93,-66,45,-209,81,159,156,-13,-18,-25,164,11,112,152,28,-45,34,47,-1,-5,64,35,242,22,65,210,92,29,316,8,9,-50,-39,161,66,112,-97,-19,130,16,75,89,28,55,93,7,66,22,0,128,270,243,100,11,127,142,197,107,-122,70,51,214,69,13,92,125,92,185,61,89,129,-8,293,85,69,134,-33,88,-57,-80,100,-68,48,281,182,-1,138,160,124,110,41,81,14,157,-133,42,-87,-2,90,-72,21,-26,-15,243,40,49
51,217,166,-55,43,-52,132,158,243,15,165,-124,97,121,-53,-26,277,122,19,260,20,97,111,125,279,-88,92,110,-98,225,42,-74,-75,126,60,54,-10,8,203,-15,-48,149,245,306,-46,-62,98,65,62,161,-41,34,-40,106,110,-77,201,8,-65,-16,-124,62,178,59,-74,-16,32,41,1,-7,40,-13,-6,19,41,39,-75,-48,-49,106,23,17,104,-38,51,-107,89,107,6,-218,39,149,97,245,-46,90,110,188,92,-99,10,203,26,85,-26,35,-67,63,94,-22,69,-119,297,83,200,-105,-118,4,185,219,113,103,-49,22,-39,32,187,86,181,104,71,10,176,242,-69,0,1,57,145,5,209,28,14
144,99,170,-87,123,-38,-59,70,75,204,185,27,165,-89,-5,-90,60,70,32,-85,-44,53,51,121,47,21,102,88,102,162,-76,-80,-3,196,-64,196,-44,54,262,42,142,153,246,46,58,74,17,-8,91,-16,-92,-29,231,-80,0,168,123,-61,-49,47,8,-74,217,-120,-47,154,-29,126,78,142,34,89,74,-132,-33,-37,58,-44,30,199,109,-186,-169,-84,-172,19,-45,56,-11,-143,80,124,29,45,-45,-37,167,31,170,119,-45,85,-5,64,27,-59,-79,-5,117,-76,108,76,201,135,21,-19,48,208,242,-4,132,249,-32,-76,163,84,31,125,119,29,-79,46,243,31,-46,82,57,38,206,44,108,-4,-8
20,-234,24,170,55,13,-93,-102,135,89,-22,214,-176,53,8,130,-8,116,-63,58,39,-150,15,28,160,54,3,105,-35,22,101,-251,-18,-23,229,-189,9,-77,114,173,42,3,48,-128,56,-51,73,93,-62,56,3,85,-176,-39,216,8,0,117,9,289,33,13,14,107,-122,165,140,102,0,25,123,64,76,19,-98,41,-32,-11,-248,239,48,39,26,15,49,-129,46,67,159,122,-67,-9,-85,163,67,246,141,91,73,-23,2,-14,-83,67,96,56,-158,-133,-123,-36,44,108,-22,135,45,89,72,-16,45,19,39,40,73,-3,4,14,-55,210,24,75,13,86,-60,31,50,-1,-39,32,-9,48,8,-36,108
151,7,123,29,175,-105,254,-102,6,6,-19,-161,52,83,39,-92,204,68,-49,-10,-44,211,40,5,-45,140,145,-42,-50,133,-2,100,-87,-136,-2,36,-67,156,111,215,-166,-53,29,97,-134,-80,122,-116,135,128,98,-88,-90,47,22,132,-152,78,-64,-63,-77,45,109,35,32,-36,55,-85,-62,202,-119,-174,-40,-45,15,131,223,-16,121,-26,138,-23,4,27,48,142,-64,109,-24,8,-51,52,-30,113,-47,36,164,64,85,-108,12,58,4,96,-169,-38,110,-53,0,-34,155,92,8,-136,67,-64,-300,-13,-67,296,192,18,-100,141,46,209,-31,115,84,34,-36,-116,54,73,149,-45,-27,19,156,21,-81,147,133
304,-185,218,66,29,96,23,-98,227,102,-10,70,-37,-18,-29,-24,-44,-61,-21,37,93,102,-73,112,77,-40,96,145,57,-42,-291,-76,15,-45,94,-17,-21,219,9,39,-51,182,-108,-4,-45,-14,-15,15,-1,89,52,267,-11,-1,116,62,124,-58,124,150,-17,159,174,71,72,-163,-112,-115,-13,45,-15,-80,48,3,90,157,179,-101,332,220,100,91,96,-47,7,118,228,-17,43,265,6,28,64,-133,-172,139,71,95,43,44,-103,-219,-50,106,240,-81,123,18,-17,36,165,9,110,-5,37,189,157,-80,-55,11,64,-173,81,39,-130,63,88,54,-72,-47,0,-40,-116,-61,129,93,74,234,204,119,34,-63,93
264,-62,45,95,65,143,-98,28,50,256,52,35,32,-37,32,-147,-49,34,-158,-119,51,-52,-44,286,91,203,209,170,34,9,-185,-35,-35,9,-152,-29,53,65,159,114,-32,156,201,-46,158,127,-117,78,-95,298,49,-33,83,-17,66,70,218,217,288,20,198,158,142,98,136,-76,-66,-283,-106,-100,-74,161,-73,117,64,-7,14,-8,84,296,137,5,24,-19,70,30,14,-28,38,103,120,51,26,-89,149,52,-25,205,132,-40,78,-42,54,48,75,-35,90,160,-16,73,-4,149,117,168,-3,153,-131,178,183,16,80,135,47,-61,-91,12,-47,-48,77,-166,-180,-146,109,234,223,121,141,173,64,192,32,52,147
69,-36,-126,27,102,159,97,29,114,80,-25,-56,49,149,-51,-72,-7,136,-144,69,117,-44,133,-102,-31,186,185,5,165,-4,78,-177,28,12,-31,126,153,77,227,50,21,-12,65,30,-102,-111,143,191,14,203,38,-59,0,30,71,-42,193,-162,-75,41,274,213,-10,40,51,199,19,29,30,65,74,-188,30,-180,-77,251,125,135,-76,-56,-44,3,-6,-60,-72,1,-2,109,3,-2,-27,-23,-93,16,-70,49,-190,8,132,-25,-37,99,-205,-61,231,81,-214,175,27,-117,-29,111,20,-74,140,-98,34,143,44,88,76,21,94,-60,54,121,118,-77,-105,125,-1,36,-80,30,-37,-76,92,-56,-174,35,28,-108,34
57,212,113,182,-35,149,36,16,-82,10,70,121,52,-195,-122,128,96,-12,113,61,151,293,-75,150,29,269,89,14,99,-26,119,94,254,148,-103,180,-26,10,87,176,256,142,88,-20,233,183,54,218,-18,96,31,121,100,27,205,82,15,31,-1,-84,71,119,-19,-34,21,208,100,-102,112,44,87,42,112,-88,112,287,145,172,215,-12,66,9,100,-51,-110,143,177,27,49,25,47,65,2,69,51,-15,-59,211,190,36,-22,211,143,-127,98,-30,-23,57,101,21,223,83,-68,165,121,135,10,65,174,98,47,166,150,71,140,-62,2,36,-126,120,43,45,85,16,48,50,129,-133,217,11,83,158,112
47,-100,-108,-116,-133,-109,119,-10,-97,47,25,-161,165,50,-40,104,5,-179,-57,-27,-126,-191,15,66,37,-64,-10,-112,-232,29,-91,90,170,29,-69,-98,-96,-93,9,14,52,-94,-45,93,173,-32,3,-9,-162,109,44,11,16,94,-41,-125,146,-14,130,-53,-84,-76,-153,-6,-98,55,60,-21,-133,-74,44,-96,-32,120,65,-5,-96,-77,-28,-141,-59,-119,68,-158,4,29,12,-234,150,-97,140,37,-44,-39,26,86,-65,-2,-95,97,-130,57,36,95,-37,72,-101,-40,48,11,153,137,117,17,12,154,-112,-107,-24,-70,15,-16,27,-231,-104,-61,94,70,42,-54,-58,36,310,-1,-70,6,-13,30,-75,95,35,-46,-57
73,-127,190,-71,74,-29,-61,-6,90,75,-163,-5,-81,-12,21,39,-85,211,-107,-9,132,35,-4,93,-70,-32,67,-1,-20,-76,-20,95,214,59,27,7,94,-51,6,-41,222,27,22,8,117,78,-159,24,-212,97,8,-47,239,-4,-102,133,73,164,111,-42,94,-10,218,-10,47,163,109,-38,167,35,158,-171,-50,-28,167,132,8,242,69,-31,37,122,14,56,-95,11,69,-26,157,-39,-19,-97,158,-35,-169,64,7,-12,106,-33,51,85,204,29,-229,34,123,230,139,-69,-38,56,127,61,235,79,38,27,43,-64,257,51,238,101,-119,24,142,49,67,98,-12,-31,-26,85,95,-101,-12,-30,44,-123,191,158,26
-138,22,207,45,140,162,-44,-47,22,-21,-52,20,-48,17,25,-47,67,102,127,88,125,71,109,21,-32,144,132,-19,28,92,112,79,-20,54,134,83,109,103,-6,-42,-60,31,213,-22,146,113,82,37,28,25,42,-154,89,-4,-2,8,55,38,-170,-43,-63,-60,212,84,162,45,96,9,247,50,12,38,-10,73,61,235,90,129,120,-114,-89,60,-61,13,75,-51,56,186,-109,132,-116,243,134,-7,49,67,-58,-123,68,-69,104,-13,-19,-40,-49,43,25,-118,24,148,59,-30,193,138,97,-196,123,243,-40,16,108,-21,144,38,-2,152,-65,-15,6,-101,-122,36,-7,78,6,23,-47,-138,23,-103,109,-37,94
184,141,39,69,-61,93,65,58,85,-28,102,125,24,111,153,-82,201,275,132,155,-25,195,-5,-153,-31,36,-27,-95,54,140,-51,185,89,203,-15,77,7,-58,-50,219,190,-55,153,111,-55,10,-127,-61,7,286,203,28,82,85,194,279,48,51,74,45,-26,55,195,140,-16,-63,86,199,31,21,53,99,36,9,-200,97,-19,75,79,63,-142,109,17,128,-55,107,73,268,106,-136,25,140,184,135,86,-59,141,280,186,-71,-71,179,240,53,-101,128,59,230,101,37,77,-28,121,184,-79,16,56,-52,154,-127,-47,98,47,3,100,130,101,-74,110,-22,1,-141,53,-70,171,49,-96,33,77,-114,-26,219,255
-15,-3,-2,59,54,58,-124,-122,50,215,61,-36,-60,-15,92,65,31,36,145,77,54,243,-30,-31,112,118,89,96,-107,105,182,80,-33,169,156,236,66,-167,-75,-151,30,21,49,118,-8,58,-96,-105,209,107,96,68,-8,-81,107,-5,67,226,58,185,145,-25,75,-49,71,157,223,178,-29,112,72,148,-9,-105,61,-240,99,-71,-51,137,-170,-83,105,31,26,-65,34,185,221,-42,-106,18,160,83,182,76,128,-22,-23,119,-109,113,-69,-29,109,-63,-125,188,-39,95,-24,162,-123,52,56,16,19,-60,279,85,-70,155,66,43,83,84,-140,68,49,133,93,-97,61,146,-138,28,68,150,-70,31,-92,-82,13
40,-36,112,83,-2,31,169,-79,218,130,40,139,-182,139,11,108,79,171,38,159,102,98,247,6,-90,-8,166,-16,-122,17,-36,199,140,166,14,-95,-2,12,-117,60,50,16,144,51,39,191,-7,3,-138,149,1,-48,222,52,216,-81,38,52,103,139,117,83,264,45,85,-63,43,-67,185,-63,170,88,-241,83,119,-37,231,127,-5,107,-4,8,-23,115,27,-228,104,-61,98,114,-41,-15,137,16,99,50,-51,132,82,-34,97,197,223,151,-54,-123,75,20,-20,3,-61,-61,52,160,246,135,81,106,97,45,82,296,-24,119,90,-24,135,111,80,-33,169,-72,36,7,-12,28,232,-94,74,-6,27,-135,21
11,105,142,6,-21,-65,20,-52,79,423,26,85,29,208,163,57,116,45,-112,-85,92,74,63,-192,-10,71,265,-68,149,181,-89,19,-1,-27,-68,229,-222,-11,10,30,163,108,266,120,95,45,-172,138,-6,-57,192,-96,163,54,92,122,-63,69,76,32,-97,96,235,33,-11,76,-93,-76,196,146,83,87,-83,83,73,113,-33,-48,-15,-103,41,-101,19,-150,-116,-49,142,-24,-38,-65,-9,19,127,76,-17,45,-55,116,80,185,-25,9,192,-54,35,-112,-82,-65,-51,115,33,160,300,-85,286,2,156,65,-58,113,211,65,-37,-24,-99,207,130,321,63,15,87,-3,-142,6,123,-138,178,-102,41,-60,214,149,-62
103,-65,72,22,6,-102,-155,-85,30,82,-155,-171,33,-40,41,51,-21,29,24,83,-49,14,-90,-5,37,-54,-119,95,240,89,91,9,3,-18,56,160,-35,20,-15,-33,-132,-10,79,11,48,127,13,33,207,-23,43,-137,-162,-112,35,-95,41,20,-144,-47,22,167,62,55,178,120,23,68,129,56,-5,-147,182,-109,101,91,77,-2,132,-89,154,-153,-9,-30,-42,107,97,2,-47,-22,-19,-102,-87,88,35,104,12,73,120,-138,111,-50,143,-230,-29,47,12,64,0,-9,-25,158,109,-10,69,-29,29,8,-56,-112,-77,30,81,152,45,-6,-50,14,-3,8,161,194,-86,-88,112,202,145,-88,-154,229,182,169,163
96,98,-81,105,174,86,-100,-115,135,27,-31,125,108,60,-7,-28,38,75,-27,-64,-30,-1,57,135,108,-127,72,-193,34,-31,-210,166,-40,-11,-80,-37,59,12,238,-62,136,21,71,89,-5,-27,-73,107,123,-27,52,115,68,-146,66,-125,-117,122,86,152,99,-146,114,-145,64,130,-80,-81,136,-9,-94,227,200,156,-7,-138,9,10,172,115,1,293,-106,-4,-53,-78,77,-20,337,-6,35,80,97,-15,59,-75,215,-74,148,-52,94,121,-25,105,170,186,-51,174,89,-52,71,125,63,-74,63,188,-88,-150,-104,-87,198,111,176,171,-100,187,92,113,126,139,-70,106,44,127,35,-137,-175,121,93,-91,72,-2,-12
-47,138,185,108,71,-111,42,115,159,14,195,185,-37,70,-24,30,182,118,181,37,53,124,-134,72,26,158,102,-48,7,58,33,75,146,302,125,-44,47,-94,-66,33,92,238,127,-30,93,105,30,57,158,94,164,36,160,157,122,-108,130,47,97,-108,79,-85,18,-22,183,39,91,-84,-74,173,161,149,-8,161,131,169,27,188,183,187,77,141,126,30,67,-32,132,144,-194,-22,-48,128,279,143,-136,180,180,102,116,125,-20,-58,183,-12,-29,128,46,22,-74,2,32,-6,102,211,121,122,-37,180,47,0,-67,11,33,164,42,148,166,-75,-15,-57,19,-16,33,-69,177,-80,39,41,-80,3,-34,66,37
98,69,-78,26,39,-46,210,-214,160,175,152,80,49,0,-8,-94,113,-39,80,95,-134,-30,-34,161,31,29,-34,-15,-54,-22,20,111,222,-84,71,261,40,67,35,-100,-200,140,102,141,-120,-49,158,188,47,31,156,130,9,134,54,-54,-174,207,-6,-11,9,75,113,157,114,-35,-46,-38,-136,76,-10,87,96,134,88,92,15,-18,4,-178,18,19,-98,236,28,84,25,44,-122,46,88,-31,183,111,131,142,10,-75,22,104,-15,-18,64,67,-24,-63,31,-61,-28,-46,49,82,60,-247,146,181,91,42,44,143,-18,120,-226,200,167,78,128,200,12,40,32,-29,27,129,246,164,0,87,-67,184,44,-55,13
-111,41,2,81,151,241,177,-120,200,192,66,-25,-83,16,-12,-9,207,34,-105,-43,95,-43,-223,-58,-13,24,64,83,-44,57,-19,115,-35,-51,-163,58,194,8,-108,181,-1,129,160,146,14,132,148,-50,5,3,138,103,182,71,66,-29,-12,52,-9,-1,-14,39,241,92,-54,24,-8,-89,91,-181,-49,71,-125,18,205,-83,49,-24,12,74,77,-5,104,-78,-33,-8,173,-24,-20,97,-93,162,-37,107,152,9,-122,233,126,66,-21,109,-70,41,47,-29,-54,-10,-28,178,70,-52,77,-109,59,43,-85,119,-76,187,-6,5,-113,57,171,-45,53,-77,68,74,144,-130,10,-11,-66,76,40,90,-69,37,48,-32,114
108,-163,-129,-29,16,110,-30,98,215,49,-22,61,21,115,123,66,69,-30,17,149,74,50,-3,201,90,-90,13,49,39,-27,-16,13,-97,12,-17,-84,14,19,-94,-34,-34,85,37,127,-12,-74,-127,-13,89,106,8,-8,-67,38,130,119,85,105,84,90,55,137,143,161,130,169,67,-112,-20,-135,10,33,7,155,81,55,55,-13,-20,139,126,144,252,139,128,6,-34,147,54,169,173,11,72,128,156,55,-1,188,120,-17,137,51,75,-2,6,51,36,249,-100,310,110,202,266,122,-204,153,51,-26,40,12,211,-264,152,76,-84,-13,-84,40,-26,8,115,-145,-15,-145,42,182,-137,-48,-22,187,132,76,217
196,-21,197,-99,-84,147,-49,-86,254,150,162,126,-45,-78,32,-58,-51,221,132,-65,4,-1,-102,122,20,144,97,54,47,-77,-65,-121,94,1,72,130,-176,77,123,-89,53,121,-21,40,159,20,124,60,-163,30,83,14,104,-58,77,74,8,-66,155,98,140,48,63,-35,-67,142,-77,131,104,73,57,84,-8,30,-123,-20,134,-50,19,266,-106,-52,-6,167,0,-56,156,116,-33,25,-28,-2,-94,51,114,44,58,-34,73,96,70,118,206,-56,133,62,-26,68,11,18,-73,50,96,-32,12,214,-3,33,-8,-185,46,-49,246,39,125,16,185,-230,13,78,-49,-3,56,-49,145,151,59,17,122,240,68,-35,85
10,190,40,-26,62,132,75,-62,41,158,62,102,34,6,112,-145,72,-53,68,-33,8,-11,-51,234,94,65,44,14,152,170,21,5,-4,152,36,-95,179,79,1,66,166,-24,96,36,-116,140,-91,-22,173,277,202,137,-78,65,133,30,123,228,183,-59,59,-25,250,73,132,94,-56,-5,218,-163,106,65,-48,164,95,-65,-134,33,110,151,-108,76,-8,152,97,-110,-153,132,149,3,83,235,53,13,103,113,49,45,51,44,4,165,46,156,63,75,190,197,-12,152,45,112,131,142,125,30,109,152,157,-84,1,138,26,61,-5,34,-12,127,138,154,-63,-37,163,32,-15,10,-1,113,75,-118,27,190,17
-144,-20,155,82,130,99,-4,-8,-127,105,6,56,-64,-162,-109,28,-103,7,-63,-22,-100,-135,108,-12,-115,-38,101,-21,47,15,72,15,-61,-193,104,-156,21,24,-57,114,0,29,5,48,88,251,-99,128,-28,-158,30,17,56,207,-42,32,-129,156,-32,143,-148,-57,-3,-26,61,18,98,-17,158,-120,-70,56,-136,250,42,-24,-101,50,-16,-78,63,98,16,-91,-134,-30,-86,-13,-47,-75,-8,61,28,67,-41,59,46,-51,-47,-62,36,-69,-42,133,-69,-110,138,-24,-137,283,-24,75,61,-180,34,25,-64,-33,-180,49,162,36,56,78,-145,-89,58,101,-43,-131,-183,62,-120,-200,-47,-214,14,-160,-179,-244,62,13,-96
41,66,92,16,-174,171,34,-79,-90,-83,69,252,-79,-89,-1,-144,107,-14,158,-40,22,-52,-14,-48,231,67,109,68,79,-59,-67,40,17,94,43,76,0,-39,99,70,28,62,-61,-95,183,-69,-77,202,-44,156,-145,-126,-43,201,66,100,39,11,-76,154,-3,76,14,146,36,-132,-61,-56,0,63,17,-101,204,-143,87,171,-7,-62,157,19,134,-39,123,-38,-29,104,38,-46,-16,-92,46,-95,-59,21,73,4,-239,-102,108,17,-58,-223,22,34,22,176,125,31,-55,37,12,-53,41,57,50,-107,93,121,73,-93,-96,133,131,-17,-19,-30,122,37,118,-95,180,164,-144,36,136,102,184,-1,265,-83,140,176,62
38,-46,17,40,-43,194,-119,99,119,51,65,211,81,41,245,108,28,-120,225,20,2,87,-94,38,70,99,80,139,145,32,-88,-48,51,43,56,8,61,98,-24,-110,66,119,152,-6,-112,99,77,2,100,169,104,60,-127,36,28,3,52,182,-81,111,189,81,212,-9,74,-52,226,46,-40,-7,-42,195,117,-13,56,-76,-109,-146,197,291,29,65,182,149,-151,223,17,113,62,-7,320,22,210,-187,119,129,112,247,221,293,29,-196,170,-8,40,146,36,169,-29,80,209,260,168,264,90,19,127,8,-9,-147,-84,-84,-79,47,23,22,-94,-8,-16,-155,146,246,119,-203,182,89,54,239,-49,301,-121,293,223
-5,-160,-60,-19,16,106,-120,5,-61,-119,108,80,-53,-2,42,175,41,-4,125,208,99,167,53,29,62,37,-39,82,-42,71,31,-71,-19,109,134,28,203,-92,63,23,-88,-76,-30,88,33,-70,-92,26,73,24,87,25,-41,-9,-41,95,51,238,-102,164,162,155,-67,42,61,179,235,97,70,-95,88,-106,113,-3,109,37,47,27,60,-1,56,71,168,171,42,-76,157,244,126,-133,-185,55,93,77,228,64,157,6,30,53,-211,-3,204,122,79,92,-2,91,-49,5,199,-42,77,109,-74,125,197,58,164,30,67,126,53,94,-65,-6,27,-26,123,90,170,10,53,98,-59,203,16,65,-47,-61,-67,-210,169
94,93,38,201,-108,249,19,-152,65,119,195,215,-162,29,-68,9,-16,163,-82,-218,109,83,66,174,-53,239,124,98,96,-38,6,174,135,101,46,-53,184,15,-106,-44,-67,14,-142,81,53,-82,-88,28,-111,-9,84,166,271,-10,-9,-14,61,128,190,-17,160,4,91,51,-110,7,129,68,-106,3,-11,-13,168,-25,153,159,53,42,129,120,27,34,104,51,44,-148,169,35,168,145,32,180,129,-55,-37,14,76,-19,-25,267,-85,239,51,117,-1,183,21,152,140,153,-41,38,1,-38,167,-145,149,104,-2,90,16,98,145,-104,-40,-33,63,-65,54,72,86,-14,-56,50,129,-37,20,141,-142,-225,61,61,175
26,-82,74,-21,-77,182,-51,-178,8,101,54,251,-78,28,47,-12,-45,-51,160,-36,79,34,-81,77,-56,-108,87,-6,-8,102,-111,45,176,-8,-105,-18,-90,59,181,-107,86,78,195,176,183,105,-47,145,-232,0,-152,150,-46,-40,26,97,-19,162,41,56,35,-128,163,205,99,180,-25,-78,-67,-45,-43,79,67,-7,15,19,-62,87,57,134,52,77,-55,72,82,95,183,55,179,-65,76,84,52,-103,243,47,-118,29,93,166,17,64,84,148,-39,206,-139,4,61,38,-108,130,68,-107,-141,-73,30,-77,136,65,255,-78,52,-4,-55,-77,183,6,117,212,-53,-57,137,-135,-136,162,-20,55,29,-69,194,30,8
-140,147,2,163,200,133,-4,-32,24,106,140,87,-25,93,99,-83,33,-64,-20,104,138,75,-50,-51,183,-15,333,52,55,-145,66,24,-47,-36,90,-38,239,86,63,72,163,68,-33,-24,96,-12,86,140,221,165,76,54,150,-98,102,-164,-57,177,70,-98,-69,94,46,35,70,152,147,-63,-116,119,185,172,122,122,72,-158,-69,104,130,-21,141,-18,149,124,26,-57,-84,148,-5,21,160,39,85,-67,189,113,-69,11,121,88,93,120,-225,108,88,233,-107,116,60,6,-117,78,147,127,-178,-38,153,154,150,-41,-121,50,46,-150,-53,-10,-167,25,202,70,65,-89,125,119,-149,75,-93,252,69,16,-76,6,57
-142,-29,-61,62,54,-25,32,-76,-79,144,-18,103,22,76,98,36,113,91,-23,-77,-123,57,-48,-181,-93,197,46,-52,213,-28,30,250,-137,-16,40,236,150,-87,58,132,-93,-110,39,-1,56,128,97,19,-34,-138,226,-90,50,9,-176,11,-53,50,-53,59,39,-80,241,185,13,234,99,101,281,110,-204,6,-67,-131,132,56,3,-41,93,4,-44,-95,-17,37,110,-79,104,140,-61,-105,-74,167,136,15,182,3,32,110,-181,123,1,-12,186,28,70,86,-22,-160,-105,124,130,55,109,20,177,-137,150,237,-209,226,84,42,38,66,-61,111,89,204,-100,73,163,228,-132,88,-8,100,138,40,51,-108,58,25,52
-128,112,-24,55,-10,216,103,-143,65,36,32,264,-47,-90,54,-132,-61,-18,11,131,-48,32,84,-46,-82,36,32,-40,-27,129,-52,47,110,27,-30,-69,62,93,-47,13,-28,44,100,213,72,156,-62,9,-53,-28,76,78,106,73,-66,22,1,2,47,-29,-51,-146,62,94,136,78,-2,-76,-49,-11,-74,139,-44,132,226,5,18,24,143,-52,29,155,30,54,-22,-70,68,60,13,9,-102,80,60,25,71,111,-86,89,57,120,-37,52,93,65,-85,148,66,-5,-130,186,13,4,60,15,159,-95,-45,-44,-191,247,189,111,182,189,159,-19,22,94,192,-21,61,-111,73,-85,-66,-99,-92,-46,6,11,65,-14,47
58,83,133,194,180,101,67,107,152,107,204,132,27,61,114,-79,35,-59,-42,72,105,48,-128,-16,59,68,133,-96,136,148,-128,120,-109,105,30,182,222,-16,119,94,-134,66,170,86,184,-106,6,124,151,102,140,-56,48,-90,61,150,-60,40,-14,89,82,92,133,47,0,128,160,84,118,128,129,63,41,-95,-110,132,91,216,216,53,122,40,11,182,-12,87,53,142,147,-32,6,23,39,200,83,-49,112,-77,173,93,19,124,-87,130,167,-53,74,115,37,131,94,26,141,30,54,-22,40,15,5,69,-20,151,57,98,-56,75,11,179,84,39,108,75,253,150,-95,-66,104,-69,123,39,58,104,157
-46,29,134,1,50,33,222,90,-95,139,-3,239,56,12,85,34,155,106,147,49,232,193,126,64,65,170,227,46,91,134,66,55,-87,-40,137,86,-36,143,-69,190,-13,20,-37,87,152,120,-120,-129,119,62,41,2,38,160,70,45,109,98,-103,99,-56,88,163,285,136,9,94,-114,54,38,39,-1,-137,-115,92,48,1,-56,98,122,18,-43,255,9,118,33,27,454,-55,-51,-222,41,81,5,55,67,171,72,26,16,39,92,59,101,-66,-24,122,-40,77,76,163,-133,34,202,80,-149,103,126,212,184,-70,-214,77,1,-14,96,-47,-74,-11,94,116,-27,-95,206,61,124,107,144,193,-174,44,75,175
-69,214,153,58,-66,132,62,130,-66,-14,193,205,-119,83,61,-106,114,144,-123,196,42,56,-48,-9,-11,6,173,186,-45,7,53,-17,19,142,119,27,81,-138,131,69,138,75,96,145,55,23,-3,-64,87,197,199,-109,130,112,51,-183,76,8,-53,-32,267,91,152,-92,-62,211,-118,199,86,179,250,-16,-230,44,138,-1,200,-68,-162,57,106,-40,-4,65,43,-47,13,205,197,127,-65,52,79,121,67,149,216,55,133,112,35,-70,49,-72,-44,50,93,309,37,-137,-66,92,10,175,221,-34,-38,-113,103,188,-93,-87,-13,344,66,22,22,142,19,-104,205,-100,256,-41,-130,216,147,-21,91,85,-18,-79,-38
14,59,100,78,9,-8,-30,151,131,-91,8,-1,51,297,51,22,10,110,31,89,253,-10,85,-107,42,-115,-121,-35,-139,-55,-17,13,-6,99,-1,52,-140,-103,132,-136,144,43,184,90,-25,87,29,79,-60,34,60,0,-70,145,78,-27,126,119,-65,140,103,3,108,151,66,186,-29,59,-78,-41,-124,38,-112,-47,-72,-20,-37,60,-69,42,26,30,-92,-13,95,45,162,96,116,-37,66,-25,126,168,47,138,-52,8,148,32,36,252,196,157,-48,-43,-217,96,-55,44,-157,18,115,2,-36,-110,85,119,115,146,116,-84,39,62,-46,-14,-29,20,-150,107,23,-97,174,41,-37,149,219,104,-33,28,125,21,-146
-29,-106,-1,207,108,26,133,-33,3,241,-4,-161,56,21,43,97,-40,-94,58,94,191,240,-50,245,144,-65,-39,83,114,-38,-17,260,25,-53,40,132,252,109,-83,43,-222,-118,-25,175,-20,57,156,-88,90,80,92,269,260,-168,4,84,-68,-89,19,-112,98,178,72,118,91,193,-11,-133,-64,201,37,-67,-6,37,-95,211,249,126,328,74,129,-64,206,181,84,340,340,202,69,263,91,-47,216,-180,-144,142,29,72,124,136,116,65,11,181,37,40,122,210,132,119,151,183,79,-34,-50,128,5,13,219,115,51,27,-151,10,229,-98,-118,39,88,-53,127,-63,29,58,137,211,-224,96,-160,211,102,-127,147
78,-13,-188,159,-195,46,28,0,283,36,94,129,20,291,16,124,206,-62,138,78,192,44,-78,-39,52,34,97,-104,-66,123,-111,52,81,-4,0,-53,6,101,-44,-146,-1,4,27,243,-26,-68,191,213,-1,-36,70,75,-22,-72,37,48,-82,-43,-33,42,-112,164,141,-116,-110,62,82,27,3,61,-10,100,358,80,-113,-73,-149,161,112,39,72,-7,51,58,52,-13,123,121,-37,-99,145,-5,266,116,209,123,55,250,77,116,-180,-22,55,-205,30,51,-84,-49,82,200,25,148,118,-98,65,221,98,-41,-70,-97,117,284,-36,55,135,31,213,144,-8,-49,6,-26,115,-35,131,-122,-118,-71,48,55,71,-18,41
57,-28,153,154,89,137,107,7,-79,-123,-49,123,29,126,83,49,23,102,90,224,97,175,-43,9,64,-48,48,74,34,108,75,-45,-76,130,12,41,57,60,60,129,162,90,-44,109,287,184,13,164,-4,131,30,106,116,69,61,-15,18,-17,-27,1,38,254,-94,-110,170,287,-43,-97,-28,144,241,6,-52,-51,-177,21,277,151,59,53,135,96,-98,84,-11,-39,58,165,198,95,38,-109,184,88,-4,172,-68,183,76,-126,197,35,99,29,179,4,-51,97,55,-114,11,337,-85,86,28,162,-4,-232,184,-20,-28,-52,64,50,-35,54,73,141,-34,154,-7,-128,233,25,7,116,145,-20,25,-34,-23,35,13
17,192,187,61,116,276,126,7,-19,147,175,54,11,-21,-45,-27,114,167,-106,0,148,-11,-72,104,69,240,149,72,148,48,46,68,5,65,-13,159,150,62,170,145,91,33,170,236,53,7,170,-36,113,115,11,192,111,188,95,-59,59,-53,74,-48,236,134,-14,-40,8,146,47,86,148,-3,56,-81,-8,-75,82,46,166,9,81,195,10,48,-1,-12,58,-2,29,108,5,59,105,-4,-249,33,86,-14,49,-1,66,-32,-100,65,44,91,57,-86,108,46,52,34,95,21,25,-32,190,-105,-23,58,-36,135,-15,-25,43,-94,64,5,284,-50,258,213,-2,-149,13,-108,-65,127,-92,7,57,-45,160,-15,-12
3,117,141,90,49,3,-2,-59,120,107,9,100,-61,2,2,-44,202,122,-25,85,17,212,5,-84,133,295,34,138,100,131,35,-45,-44,-39,79,73,46,-61,-26,221,-8,41,136,97,-50,-63,-32,-43,166,156,57,-9,1,64,237,50,-44,130,30,73,228,144,187,5,11,147,202,69,167,109,-85,24,113,16,132,-25,9,62,23,136,66,97,31,160,139,172,163,302,145,83,-19,-70,201,242,48,57,71,31,137,-98,-46,-67,136,43,-97,-99,72,104,-24,182,188,-42,135,-6,-45,38,120,72,-18,65,75,-108,202,168,-7,22,170,123,-16,-26,157,60,29,182,279,-54,111,-2,82,26,191,28,97
-16,89,96,222,-6,-101,48,131,135,278,138,136,133,112,24,-82,18,16,-74,57,236,84,-40,24,25,201,274,13,287,178,-44,92,-134,-147,-45,154,179,-3,-2,313,-62,231,168,-7,119,145,84,122,122,147,-46,-41,149,-46,184,-63,2,160,29,86,159,170,159,144,103,85,-29,-95,10,196,151,272,9,141,-5,-21,230,103,114,117,121,104,2,166,83,-101,-122,283,177,-56,167,-5,124,-92,259,-7,59,150,53,234,-93,24,-30,-80,49,-41,228,190,55,31,208,185,128,-42,-22,-19,151,73,85,98,104,32,68,80,166,62,260,169,-60,136,-76,59,148,160,123,40,181,95,34,133,108,172,70
78,106,-34,118,92,16,-40,-118,-12,126,134,247,114,30,105,-55,-56,-166,78,-72,42,43,5,-21,-123,-47,78,-91,147,-7,-79,71,120,46,-192,184,164,74,1,59,190,-51,138,238,-21,-40,29,58,-77,-80,-49,19,114,-62,-26,96,71,-20,157,100,62,-87,137,81,29,179,26,122,39,-12,193,240,119,-101,63,-128,113,54,-3,40,-36,78,-267,214,-84,-194,-94,25,198,-105,4,89,187,-39,76,12,-319,-6,-75,252,-98,262,27,82,85,-126,-90,212,185,160,-66,36,54,50,9,-118,205,113,30,13,120,143,58,1,-104,-49,85,89,97,319,188,20,153,-41,-89,85,-73,-122,53,77,163,96,-108
148,-87,-48,27,-6,18,120,41,-18,113,97,-82,-31,-31,57,24,118,-53,-98,44,10,101,-152,162,38,192,185,-121,32,36,111,87,165,-8,-44,-48,-14,97,-196,-43,1,-60,-8,14,54,-71,-40,104,56,83,80,-5,108,31,127,-52,66,17,18,-74,-109,237,16,62,61,-71,-148,-189,-93,186,150,-115,47,-20,-6,162,64,111,96,10,67,-118,156,-32,-21,-37,153,48,-156,96,77,-178,90,-31,62,85,-50,57,-4,-58,-38,96,37,22,-28,25,-65,17,54,99,202,29,36,53,152,-30,50,225,180,119,-30,218,-78,80,117,-82,93,49,95,-65,-15,-98,49,142,304,34,81,44,-6,16,187,50,80
251,152,80,190,-97,9,49,-71,50,158,-7,-157,10,-27,-174,-100,108,188,-102,-81,-109,169,-57,183,24,55,115,213,5,132,1,98,-55,142,-54,95,88,-71,-21,39,133,183,269,127,57,118,74,-14,109,91,50,132,-109,-88,199,-2,121,50,-7,90,101,83,76,158,81,2,-60,-5,-36,107,1,69,118,-87,-41,148,144,151,-73,205,-75,-61,88,-21,36,-52,47,105,-182,6,22,111,150,29,94,278,-82,120,-19,-19,74,218,118,-55,0,-61,129,181,72,124,-59,-6,-18,-150,53,-114,29,60,17,8,14,61,96,15,18,230,132,-135,124,143,-83,-109,-29,208,340,120,70,105,0,-6,167,65,51
65,65,68,41,136,63,-62,-128,-43,52,73,-36,149,6,-122,111,-10,53,58,71,122,107,-16,-28,6,-61,8,133,1,-19,118,92,146,-63,-18,32,161,9,64,-70,-64,88,136,170,-187,227,60,-101,0,48,27,-124,-124,-213,39,1,-120,52,108,146,203,17,167,154,82,117,36,193,50,67,-1,-63,-34,-129,36,-39,76,-62,182,169,-50,-25,123,395,-74,175,188,185,141,47,128,60,84,89,64,213,63,14,60,-93,11,170,262,22,-16,184,17,268,181,-49,9,-36,-22,-71,-23,-148,-33,149,39,-22,-2,11,-171,135,77,-137,111,22,-46,155,44,81,140,-53,107,213,-6,-121,-20,53,142,28,-55
-13,105,207,133,165,0,151,-29,-88,208,-9,-14,40,78,-131,-26,27,195,-113,70,293,28,-90,44,156,-96,6,148,69,50,1,38,19,97,-82,126,1,107,106,159,-127,4,-71,160,135,40,-123,16,148,129,89,-3,-43,-45,17,33,-107,24,-33,-19,126,69,18,5,114,106,149,82,23,-230,92,-9,-2,-138,31,-41,97,-144,92,170,260,-20,113,52,-30,-1,-69,172,122,-27,70,128,-111,223,16,-26,112,-6,17,-106,-31,40,47,18,4,127,15,76,-158,60,164,105,55,113,79,-15,-102,-68,-18,-44,-19,-15,69,44,126,16,63,46,-98,212,127,-61,81,-129,-209,107,127,107,-77,-16,81,90,5
-31,111,87,30,73,85,131,139,-113,47,14,-167,133,-53,-24,-62,65,-158,-31,69,51,-102,-63,130,237,-26,-10,-78,92,38,75,-65,-16,-71,178,23,99,13,74,18,32,131,16,171,45,-59,136,21,39,-13,-9,51,-105,156,5,-186,118,-41,-118,2,55,152,37,95,-63,59,-22,47,-45,110,95,-21,-91,41,45,-160,-150,13,-133,10,-22,34,46,129,129,-136,14,156,-110,-111,48,-191,-26,60,127,90,81,-54,-10,-40,-86,-4,-66,139,10,-185,166,90,-88,130,96,110,103,43,166,-65,27,-94,31,3,-30,-100,-136,104,8,124,251,-36,181,152,54,-126,42,-25,96,112,-128,-44,134,-122,-42,17,-48
-52,49,28,33,-101,-17,147,157,17,-14,-114,93,-127,118,-93,128,151,2,-65,88,52,118,43,82,79,160,112,-83,-23,-8,93,206,-34,-83,59,19,68,37,-34,75,-44,-21,-89,25,-158,35,81,-81,-95,88,130,-183,161,78,-12,-58,-11,-96,-54,-66,153,73,-14,61,21,-156,95,37,-60,141,16,137,77,12,90,-158,163,54,78,-51,149,-91,108,165,101,-236,-75,21,25,-21,86,74,-61,-140,95,102,-48,37,-128,31,-27,-38,142,34,-165,-5,199,10,81,115,219,-41,84,46,100,80,-120,71,69,106,-202,51,-43,-108,-34,-47,66,58,-40,-218,63,102,41,-85,157,125,-65,-81,77,20,-4,-68,152
145,-22,30,68,220,107,200,-90,-72,42,120,-56,-23,-94,40,158,-127,-88,6,88,-107,46,-83,46,60,35,130,42,65,-20,-217,69,93,188,4,109,112,48,-104,-65,18,156,81,126,-4,9,-100,211,275,80,116,-63,82,-50,6,-12,67,189,68,178,160,-162,143,32,-3,299,-12,-109,82,-65,115,-50,94,-14,87,33,-48,-71,137,4,-14,43,-51,106,64,-40,38,19,45,123,51,182,314,-143,8,10,-10,83,-48,85,211,-121,-63,35,141,7,22,89,44,83,-44,-17,169,-178,137,91,-89,152,29,39,21,12,73,136,-171,182,-34,-51,109,129,156,8,66,101,-109,-149,143,49,92,97,48,-172,41
158,-23,57,54,46,128,122,133,91,5,97,77,199,169,79,246,-116,-212,36,-76,74,132,-126,100,68,194,-29,-197,-1,2,169,139,37,131,79,24,-37,-77,21,-68,213,15,-38,30,-36,-214,-14,-22,217,72,34,15,-21,122,92,-14,103,75,-17,53,47,74,69,-56,-21,160,129,45,2,12,25,-8,252,82,158,84,173,141,244,77,22,-66,195,-184,85,-37,-125,103,20,80,285,38,142,-24,71,5,11,149,326,166,77,77,109,35,166,-134,-169,-119,-72,90,222,43,38,85,225,98,83,214,66,63,44,-67,204,-37,-94,49,60,222,61,-124,4,-33,186,33,38,-62,-40,131,154,30,84,14,-36
219,5,-93,243,82,70,349,29,46,-104,-48,186,208,192,-19,-10,-39,-185,-32,-57,195,115,45,133,164,113,19,-6,27,-73,-34,-33,220,-108,32,-95,143,83,59,132,77,8,-12,123,-21,-22,135,135,28,262,172,39,-142,17,122,55,99,6,92,83,90,3,181,-1,143,184,37,-87,-27,126,-87,65,-7,145,-26,194,244,83,69,132,58,203,96,-39,-20,35,0,160,-23,322,137,154,-45,-148,169,106,111,14,93,0,34,-16,-31,48,75,22,132,140,135,-27,126,23,-22,39,145,80,-116,177,74,63,182,-99,47,-30,73,-8,43,-2,-20,186,-194,-54,217,-55,-29,109,-59,133,75,-95,97,-7,165
-14,-43,-14,104,9,-17,36,-148,115,72,139,75,-37,5,-135,173,-32,78,182,137,60,106,8,211,-14,188,-166,33,41,-93,71,108,105,199,104,172,174,-62,-58,-48,205,-81,157,126,46,40,-26,73,-107,34,-12,204,232,4,-47,58,52,-69,-51,-43,23,201,32,122,218,197,-2,6,-78,144,29,-38,-121,106,143,4,170,161,188,48,18,198,74,120,56,45,184,213,-102,167,-22,134,25,35,43,49,-29,242,155,4,-71,99,195,51,14,-63,-20,-71,44,-41,88,-33,66,65,-98,12,-3,109,248,-63,-27,-67,54,24,118,-58,166,-17,-45,-58,62,46,80,-16,55,120,-110,47,107,-96,83,-136,86
30,-90,-103,44,29,97,72,261,-86,113,-30,-104,96,-29,57,41,-29,-35,41,-48,126,1,-155,61,-76,86,-33,100,70,13,-66,115,36,300,-120,-62,70,-50,0,-105,-22,57,127,34,-22,-43,53,-3,160,33,-9,124,1,179,-53,-32,-31,26,-96,71,83,-141,16,-86,-45,35,-31,-117,-20,-100,53,62,178,-16,8,42,91,69,64,125,46,80,268,-105,14,164,-61,27,-160,22,31,18,59,134,154,63,42,187,58,108,105,-78,140,114,-18,79,233,142,86,197,259,66,-34,-31,195,134,-131,36,-78,-21,-1,-152,-37,-63,-51,135,25,-104,168,17,-61,-48,-61,-114,-23,75,-110,15,-102,-33,75,184,123
-45,-65,150,209,-75,60,52,-153,-6,219,20,58,-1,-2,160,28,198,115,10,31,64,67,-15,26,68,368,36,139,7,86,120,244,51,206,176,120,36,-142,-25,67,147,-31,77,-101,121,133,94,6,-52,211,153,149,-20,75,50,-127,-33,5,24,107,79,-79,153,82,-3,68,122,68,38,72,-136,135,125,45,266,-32,-15,-6,103,-21,17,-151,226,-64,-27,143,46,-37,91,19,-21,220,-59,29,-4,38,80,8,305,116,24,37,12,215,10,100,4,-112,168,22,31,145,107,-73,112,15,5,205,-10,145,59,156,183,-54,58,239,-6,38,159,-100,48,96,207,11,-4,129,44,41,-44,58,195,137,103
-104,76,-26,124,-114,-11,-10,50,114,139,20,29,15,100,-231,-33,186,66,224,72,137,64,-32,53,101,194,-26,136,-20,67,5,-47,-44,216,-105,111,78,-7,-63,-42,-116,-49,-7,39,-83,1,16,187,96,131,-136,165,94,31,59,133,82,-146,-150,-164,-67,74,95,-27,-97,64,113,-25,-115,40,-9,96,185,24,-33,-4,-47,132,170,-26,124,9,-70,-71,56,84,-9,29,41,86,99,50,21,230,-108,-60,23,24,122,4,57,97,62,-122,-61,82,4,-126,-15,237,50,95,3,49,3,-77,26,1,146,-77,-180,167,-17,-50,225,-51,72,-17,192,-76,174,-114,-47,28,-17,13,-75,128,-80,37,87,153,47
-54,112,72,-15,-7,186,22,-84,17,210,153,199,-56,146,-190,80,78,158,188,119,5,159,145,68,-16,212,8,65,92,60,-45,35,91,218,90,321,167,-46,144,-15,39,26,183,234,113,95,78,-60,-51,66,-93,185,135,45,30,-6,32,-16,47,175,324,125,0,135,229,57,160,137,109,-36,69,110,36,-10,92,65,-26,-65,76,98,-39,188,175,135,-2,-77,177,225,129,-76,-96,214,196,-66,-7,53,172,227,27,139,-64,13,106,-61,39,-85,72,38,105,-107,36,62,35,39,144,19,24,9,105,-63,46,74,106,-55,16,159,61,-45,-97,62,128,85,-28,-4,29,145,91,99,47,-57,27,-200,177
25,240,-66,96,104,14,58,18,-90,241,-47,76,61,-17,103,57,-40,-133,46,-52,23,-8,-210,-4,-120,-118,90,-153,88,-59,-106,54,187,187,-144,32,97,77,-37,-130,93,94,153,84,27,42,-145,224,34,102,165,45,-80,173,-2,93,-86,48,153,137,-14,-13,291,53,80,262,-112,-45,-100,-21,117,73,56,-1,-5,84,-33,-64,124,-25,45,67,-55,63,-104,-7,-95,91,77,3,235,-20,189,17,-37,86,-15,174,94,93,17,8,-76,-77,-30,16,35,188,89,7,-29,197,2,-79,177,-127,34,-80,125,-78,78,123,-142,190,-125,170,-21,133,8,102,26,6,135,-14,-9,-173,138,36,17,-46,135,4,-173
79,-57,291,-55,74,167,90,113,247,177,81,47,-55,-35,44,31,-61,-16,85,104,-11,166,-240,185,42,93,91,-38,150,-21,-105,84,100,80,148,60,106,-17,-4,136,-55,125,-147,-15,-19,77,-74,63,111,123,250,95,209,102,18,-13,69,68,-30,11,197,117,96,113,58,-67,4,23,25,59,134,26,25,-39,180,-167,233,46,355,187,61,36,226,20,73,-17,98,84,53,8,53,144,144,-164,22,38,79,2,65,262,21,19,75,132,57,-4,117,138,192,0,134,-67,99,-88,194,45,93,113,148,119,54,36,-18,150,56,-28,134,8,165,199,117,123,-29,42,91,72,285,227,65,132,94,18,183
-32,47,66,19,15,21,-102,-15,99,274,197,193,-99,223,-56,-103,159,69,-40,-125,156,-107,11,-101,135,318,-2,18,126,19,-56,156,47,26,96,227,72,-34,0,25,-54,86,162,-39,133,-9,-5,196,5,11,33,144,238,99,10,-7,-88,7,-102,231,180,-86,174,216,-179,115,-63,166,84,-23,34,211,-96,-5,158,-30,-5,-89,116,9,15,84,-66,52,-2,-16,65,-1,287,-81,36,258,106,131,168,-33,69,-38,-30,230,62,173,-149,95,-106,125,138,86,-50,42,81,61,147,-252,35,106,4,253,79,-156,-8,207,-220,16,-63,241,22,-122,-133,-2,-139,84,-8,-122,-51,28,147,90,5,48,-31,81,194
127,77,-28,-88,-60,279,-37,106,-10,191,-67,214,-39,134,15,-131,-94,156,-132,-29,27,80,-160,80,-12,157,211,53,89,75,57,28,71,104,3,130,100,90,42,-117,-20,151,74,127,-126,-19,-131,25,101,30,-62,146,-71,26,-144,2,140,-10,49,5,253,78,46,8,-28,-117,-113,171,-133,-79,240,70,74,-26,83,-20,-7,67,75,69,-73,-14,181,-56,28,-71,154,30,101,-132,56,-33,49,-52,74,-24,67,-56,182,67,31,15,87,35,95,57,-32,-32,-34,1,-46,79,149,-143,176,-106,126,206,-105,-39,223,74,220,160,150,156,127,-113,-52,-183,-161,-69,-52,159,23,192,-7,43,10,1,112,-79,113
-155,242,277,-85,237,237,90,-27,-16,132,75,220,-76,9,-149,-83,52,-37,157,87,-86,-3,41,-6,87,40,59,-132,41,119,80,-41,65,224,37,102,51,67,237,121,152,328,214,81,-39,-86,30,-7,-52,-45,183,110,88,109,160,29,103,-53,-158,6,48,-12,84,73,91,-76,-58,6,214,-67,105,98,16,140,186,175,-4,-47,139,4,95,285,-34,-19,107,-93,159,-79,104,132,-2,189,-14,122,-25,209,125,-24,132,104,-10,-5,-72,51,4,80,-16,21,8,-122,48,31,162,191,168,52,34,168,125,185,4,50,31,168,5,215,48,22,169,36,111,56,92,-141,-61,178,128,-27,50,54,16,-51,106
-149,43,154,160,247,146,63,4,148,175,105,49,-164,148,-102,32,-54,93,-13,62,205,81,53,203,311,30,-24,36,55,108,-52,108,12,80,6,240,30,-14,4,177,-199,76,195,164,168,53,-119,122,19,-33,47,152,171,-316,52,-13,-135,-44,96,141,59,23,35,62,-59,104,70,-193,15,-61,172,284,-44,57,-65,113,133,142,73,-30,-40,70,-23,-66,49,-86,103,17,1,4,-122,126,143,229,58,-24,164,6,-41,25,157,176,16,-45,42,-58,43,128,-216,157,97,-89,136,8,20,250,208,35,148,-117,63,186,-12,48,91,73,16,73,161,-16,71,-84,48,71,87,-80,189,13,-61,18,213,-8,-141
-97,-99,-12,-80,36,-31,-223,-50,262,76,123,97,49,-51,28,-61,201,12,111,-24,-77,-50,-193,258,26,99,103,65,-81,52,-23,22,-101,22,201,-26,22,-23,10,-49,52,112,-7,-207,-115,-97,44,56,165,4,73,31,37,-24,77,-67,188,135,70,-37,316,113,29,136,-48,59,196,-31,-37,173,11,19,77,25,251,-71,-55,97,42,97,91,-24,-92,13,141,-158,-14,57,48,44,53,28,133,-114,56,29,-56,-28,-48,146,-67,119,-56,-90,29,66,-189,-72,85,133,-15,-19,-94,-25,-25,-3,-17,148,159,75,-39,179,-186,-38,69,160,-149,41,254,138,99,27,61,185,105,-49,71,-42,22,109,-40,35,171
-70,62,45,154,-48,16,80,194,104,124,99,-20,-11,-36,34,133,18,-4,33,-16,217,-13,-53,120,191,81,-41,53,-38,-149,146,82,3,-34,127,6,61,-44,-66,-40,-59,156,107,109,88,60,189,214,42,-88,-91,-36,25,208,96,-209,-184,208,-47,105,160,-169,14,3,-3,152,119,16,-107,-27,36,317,-154,-10,152,19,119,22,24,78,31,224,70,88,56,35,67,172,-4,-56,122,0,50,-25,255,-15,59,-25,80,183,37,58,47,110,-81,-33,18,138,52,114,125,-69,60,-160,91,81,60,127,172,135,-74,-133,-76,156,-65,13,68,-50,-132,51,126,78,-22,-38,-84,249,58,34,-26,245,88,-4,-45
19,60,5,-13,25,81,100,-142,30,-135,79,-66,163,21,152,-46,29,-97,28,41,-25,96,71,179,-58,-95,-39,42,54,21,22,228,63,-65,-62,-93,25,-6,122,-90,124,103,245,96,27,-21,2,20,24,47,59,-221,21,-4,169,-28,155,218,11,-74,-115,-19,68,68,158,2,-61,-141,142,90,17,88,157,113,37,-80,-43,22,-70,-81,42,6,54,-74,128,119,53,-23,13,-5,102,49,-34,91,173,-31,24,213,176,-166,-57,-55,142,-88,220,-37,-57,92,8,60,-219,74,268,162,-67,-26,-33,63,2,-57,-18,-14,108,-108,63,-90,58,-46,83,-137,132,-299,7,42,6,26,-238,-10,80,-78,-167,-43,71
-9,-20,-133,151,29,-11,17,-65,64,76,-91,154,-32,174,238,26,-171,65,6,193,-59,36,-61,-98,-262,-75,-37,-198,122,-43,11,288,104,39,-148,120,148,32,-112,-151,-168,-57,32,161,-17,42,22,-33,-15,116,344,93,-10,-33,-36,-25,-12,82,151,-66,18,-8,81,85,201,83,62,-59,55,54,63,39,-13,134,-45,57,143,128,222,43,18,93,-14,102,62,76,28,31,93,64,-72,61,105,56,37,151,-119,10,-71,88,23,-9,88,-6,-46,261,3,175,55,164,-174,148,-15,105,17,83,-154,-80,-50,-30,13,97,137,35,-12,-60,-119,148,47,124,40,-40,-42,37,-55,-8,11,77,-46,159,7,99,100
151,67,14,55,-2,-183,-51,-70,54,107,25,142,92,-11,66,16,-163,-10,-103,-94,-65,65,-35,62,115,132,15,-40,-21,101,21,-8,40,113,-75,166,-36,21,150,-37,48,17,-84,-42,52,-138,16,-192,101,24,-21,-50,69,-162,107,47,-27,21,132,-70,92,-31,78,-12,79,36,74,172,176,217,0,-45,184,347,7,174,-192,-172,149,144,173,-227,135,102,197,48,138,85,160,97,-23,125,106,33,-40,35,35,-52,246,113,0,204,-67,31,65,26,-129,57,-128,72,73,248,117,-2,-156,69,124,18,-41,-32,122,-26,132,21,-16,146,-110,159,-118,-179,61,32,-30,-29,53,35,25,114,-99,131,32,93,-71
23,-240,-12,86,56,131,24,-28,-177,466,-51,125,14,-62,-206,30,-210,59,19,-26,-80,65,8,8,-109,35,196,152,182,-13,93,-69,8,91,-105,170,122,-81,212,45,-27,-4,44,75,48,-33,13,-89,-35,69,95,-81,-14,24,50,75,-5,280,123,126,218,1,232,181,66,66,-20,-42,-80,24,16,108,54,-21,105,-119,172,-27,-112,127,62,132,11,19,-91,-100,-109,178,6,-47,85,51,67,-79,118,65,-71,263,-128,36,94,-122,74,61,17,-11,217,351,157,69,107,213,162,-86,-78,-6,-103,-27,157,90,113,119,46,-75,48,-78,27,71,-49,-27,-25,-9,15,-17,70,136,290,73,-31,74,112,-96,26
108,-51,76,149,287,88,30,-136,119,272,-24,145,-104,4,-96,-55,65,56,44,-2,-45,109,-166,-9,-32,61,214,-37,-18,-117,197,172,284,263,-44,126,129,-12,-12,-8,87,145,103,39,-37,43,-49,-56,-244,221,188,60,-21,-31,-41,176,13,-3,191,91,197,-57,246,220,68,133,201,46,-87,196,145,88,89,-182,42,105,101,70,80,-66,117,61,-37,223,-48,29,135,232,87,139,233,-32,395,148,1,86,-126,198,50,-91,98,103,122,-63,-54,-30,-78,190,-104,105,59,163,-91,68,158,64,-37,74,-25,52,26,314,-51,99,-79,-52,64,142,-83,126,169,-98,150,48,152,-17,289,-2,-56,67,207,-16,40
99,-117,70,-28,-8,51,123,60,-39,-10,85,41,216,140,9,208,-74,9,-44,153,-39,89,54,16,42,49,-80,-23,-47,121,-39,21,166,-1,-32,32,-79,-56,81,4,150,58,97,294,96,1,29,12,31,139,13,88,-36,-195,55,66,32,-91,2,158,169,50,91,150,-6,253,52,107,193,-53,-192,-73,15,163,-195,47,14,-16,-21,235,-42,-79,55,-68,80,-104,-58,88,114,42,154,219,69,-76,127,109,-22,114,32,76,142,49,65,-54,103,82,-33,29,-112,-48,146,45,65,44,43,131,91,67,-27,-229,75,-95,234,14,-13,63,95,87,62,47,-19,23,-68,-68,128,-99,-5,77,-100,23,233,-27,118
93,61,34,190,159,68,-24,7,114,-63,113,121,-194,269,95,138,-127,-37,-71,101,197,29,91,-38,44,56,129,136,38,-152,27,130,-34,93,82,-7,88,30,113,121,176,29,-66,-83,28,-61,26,44,-46,29,-12,13,170,-118,-147,9,-70,26,137,163,150,177,115,167,-12,234,229,77,57,110,135,7,-83,-54,-72,36,-70,2,176,29,43,43,-31,157,66,-126,211,145,41,122,29,80,208,139,76,29,16,97,40,-57,72,200,26,-162,149,112,-62,222,-159,-80,-67,75,-106,33,-86,8,-33,-37,-79,-120,61,-68,53,98,-95,26,-3,-104,-110,-16,-87,-136,-43,12,23,66,135,245,-139,-196,29,-22,19
146,-55,99,37,44,132,102,-240,-10,180,-9,142,156,-22,41,91,-130,-104,-12,14,-170,138,12,26,-99,62,13,113,51,-44,1,-4,268,128,-139,195,65,-99,-191,-124,-89,66,86,205,-15,91,-6,-61,44,135,298,-130,-224,87,27,11,99,82,87,96,262,-162,121,110,63,150,45,140,10,-6,100,86,32,-51,61,-164,-15,-54,27,145,-146,73,67,171,-44,7,-21,114,132,22,127,152,142,-13,147,93,-81,175,52,98,173,-186,269,-6,-25,23,60,156,179,127,104,215,35,21,170,52,114,66,-295,48,23,64,132,94,164,75,8,60,7,239,250,246,102,45,143,41,91,-166,18,180,274,8,102
-85,-146,41,-74,-33,-21,62,4,44,7,-24,-27,-77,-108,-27,10,48,237,-18,25,109,65,-14,159,296,-37,92,270,75,177,43,96,-154,84,148,-99,113,89,76,78,-44,9,-17,-26,-53,102,45,105,-140,88,-149,222,-94,-107,-7,-25,-37,248,82,-9,49,142,72,-97,-4,76,156,-51,151,-29,214,-32,148,-62,-168,97,33,135,41,106,84,69,-16,66,-55,-142,86,-12,109,76,-50,217,-78,69,32,48,-125,178,-12,-153,160,118,83,36,18,104,-68,56,30,32,67,35,53,-117,14,-5,-8,-10,116,-8,45,8,-37,-155,-16,-34,108,-190,92,-73,-75,-130,98,112,19,-40,36,26,-82,-77,110,201,15
-61,-77,161,53,171,143,129,28,68,239,54,272,-175,216,-10,70,67,67,87,-120,111,80,-130,-39,204,133,151,8,126,154,116,131,50,-7,142,291,42,-40,115,238,-18,134,91,53,164,-136,117,-16,68,-43,148,62,55,76,67,-72,-11,85,-118,-35,189,-85,119,60,-84,112,176,6,-89,176,136,170,-10,-66,131,-96,190,152,162,157,170,12,109,-35,112,65,127,107,77,-33,129,113,193,118,92,27,20,184,104,102,123,-165,144,5,76,37,42,50,-112,4,217,203,11,51,117,102,-47,-17,-14,143,-199,50,-45,-12,75,76,12,170,69,-79,140,-31,67,-26,106,123,126,92,85,56,-113,126,-47
-72,148,-23,91,-55,-3,-48,15,-4,174,-39,-46,-38,25,-54,60,-40,41,-28,74,44,189,-172,50,5,-31,23,11,-43,-141,98,-13,-96,118,-156,135,185,-42,161,-68,25,-93,67,53,88,168,63,58,108,144,-55,-133,-15,38,125,-69,-101,38,25,62,60,122,49,-196,73,64,90,93,-3,36,17,93,59,40,-13,-70,61,130,47,-33,191,-51,39,12,-115,146,142,233,45,-117,-80,-31,-2,10,59,-93,13,20,158,-189,-8,81,94,-104,214,-67,-165,90,-40,8,113,247,-16,-106,-44,-21,29,-215,6,4,43,54,262,212,26,-76,64,-175,-116,6,85,10,58,49,-2,-71,65,153,1,133,116,-58,-73
-22,-202,34,-48,70,165,53,-170,22,251,-1,90,-228,205,-160,-63,31,95,-34,106,6,53,-32,-20,50,98,8,177,59,136,88,23,112,-86,-30,107,81,178,27,63,-32,70,16,129,193,15,142,15,-9,24,47,-98,29,-53,106,134,8,145,89,-67,107,-24,119,59,54,44,63,-40,39,-46,-67,-4,35,78,57,-180,-140,128,0,117,190,61,73,61,-4,-22,217,20,115,-79,-30,140,-28,35,37,103,-191,27,140,62,231,25,60,15,114,73,23,-4,101,80,-7,211,98,-161,-82,-192,88,45,-18,132,130,43,93,-3,71,19,84,-123,-4,-85,162,-79,-54,-111,204,-2,263,86,-199,98,-97,48,134
44,218,71,104,148,75,165,7,67,-25,-29,4,-137,44,20,-14,150,244,99,160,-3,84,-182,-106,56,4,42,-116,-26,11,30,-59,-58,257,4,278,358,-51,-34,18,25,115,79,-39,23,119,52,99,-6,87,280,-19,97,53,39,-54,18,-55,128,97,41,62,159,-12,161,161,24,180,147,11,31,-95,-164,-19,-13,117,154,105,-114,-8,-65,-109,9,211,-37,-147,-27,160,-62,80,67,16,7,22,12,6,-8,42,150,-10,14,128,77,-150,148,2,-127,41,-93,30,131,56,-16,110,247,-81,73,-28,60,100,-50,60,71,117,31,73,16,16,2,88,107,75,219,140,-16,-18,255,37,-169,-39,167,1,-55
-72,-24,63,57,10,-22,222,-169,-96,-84,172,146,157,72,15,-3,193,-80,199,22,103,144,122,-45,117,-10,-60,-44,38,113,88,94,72,-32,23,176,-44,-109,141,70,96,-22,18,-40,-56,-138,-127,46,-30,79,-64,-43,131,76,84,59,-21,-23,-194,12,24,100,-12,75,61,14,112,-24,-21,92,-107,-86,-46,49,132,-27,11,-84,1,-94,18,-94,-6,19,-58,134,53,88,-29,82,46,114,106,73,-45,22,-119,31,-4,-38,-24,113,245,154,-50,154,-39,-28,61,11,184,91,44,63,-75,-35,65,104,179,19,-102,-53,-179,-135,152,102,11,130,88,-30,-36,-7,-32,-44,136,170,-97,-43,-53,-109,70,30,104
-61,10,15,135,80,124,-16,16,158,14,-12,-59,-50,157,-85,51,111,171,17,160,220,-31,-26,-32,45,84,65,139,-8,21,16,70,-143,18,74,67,188,-85,-82,73,20,-41,-30,-117,37,137,-36,9,-31,226,61,-125,104,-153,43,-54,176,-101,12,53,13,257,252,16,32,87,-30,-32,189,-73,53,-48,-32,-127,-112,37,14,-33,3,-98,-13,-262,17,93,41,-20,171,17,61,149,-113,65,97,101,41,141,-79,109,15,-65,121,107,133,-72,172,-129,-41,54,-58,109,-146,28,88,55,67,-107,140,290,157,97,75,47,-182,129,21,-54,24,56,2,48,158,-173,191,109,98,123,88,70,66,-6,82,27,58
56,32,108,145,3,-7,-76,52,123,101,75,132,-34,125,88,82,-3,-118,83,233,48,48,128,-73,37,27,55,-58,53,48,-62,56,143,126,93,-10,-69,40,134,36,47,-160,-23,-50,-49,214,205,82,50,196,143,-178,58,-32,64,-40,61,258,30,-75,54,115,222,168,24,230,66,-104,69,-2,212,-25,-55,81,52,114,-64,75,69,88,25,-27,15,35,47,-90,-56,72,202,23,-39,53,87,83,-72,14,51,181,59,-49,171,-48,125,133,-23,185,81,166,29,-57,-163,140,145,54,84,1,58,-69,94,-72,-100,-14,62,142,-39,44,118,-6,70,85,2,196,-7,10,108,67,76,-16,-146,-39,15,-58,-104
113,45,35,208,117,20,-100,144,94,85,62,-105,160,166,107,-37,-140,5,-241,-116,133,-46,-126,116,-24,53,103,11,-48,-113,-93,-63,140,97,-80,77,-114,-70,-87,1,58,92,0,-40,52,13,-132,116,-31,102,155,69,-43,-123,-22,65,196,-14,71,-3,-40,153,46,74,-40,27,49,-47,-245,116,-3,-84,16,14,108,101,2,96,55,190,48,-97,66,-59,-94,103,-37,46,97,-46,137,169,-48,-110,79,50,88,43,58,48,-47,66,-33,-68,-47,-72,-100,105,-144,-44,74,50,83,94,15,26,-33,199,65,110,-74,63,6,32,-137,-24,-59,-30,-101,93,-99,8,195,136,-22,-49,-91,-21,-60,163,108,213,158
-16,-56,-12,27,229,-176,112,42,-101,-93,72,138,-88,34,31,7,107,156,-47,205,50,-49,-54,-48,121,64,-94,63,90,-65,-39,41,-122,99,-41,82,98,12,58,171,-149,10,2,-107,34,-182,-38,29,33,25,-81,46,11,-50,38,-154,-30,-140,214,148,-63,-39,-84,71,101,180,102,-27,146,171,36,-43,-8,25,-23,197,-19,-77,149,-24,162,-42,-75,18,105,-110,165,112,117,-58,-51,-3,19,215,142,-87,74,23,89,-70,69,-48,-47,-18,141,86,106,47,-103,87,132,185,0,32,-48,82,24,3,-187,26,172,-27,132,53,-83,77,100,83,86,59,171,-139,-57,-12,73,83,-41,15,39,-33,227,223,87
45,59,111,142,10,16,220,98,116,77,174,-1,93,170,65,-33,15,215,-79,115,207,142,-21,107,286,61,57,134,147,222,50,54,25,90,188,88,-14,53,-164,119,5,65,268,267,81,43,-43,150,174,29,149,-42,28,-4,223,-103,168,119,145,22,103,-46,154,183,-103,3,-172,-79,144,124,304,-88,-42,49,101,253,110,71,-36,148,-11,39,140,-46,65,-126,42,34,57,64,8,282,-50,29,45,157,160,-2,43,76,88,107,-14,18,-30,-15,25,140,-46,29,-39,59,194,-42,400,101,-243,257,173,105,19,101,-37,7,-27,148,70,6,68,213,-95,57,93,144,33,-90,144,-137,118,178,79,57,68
-34,148,-40,0,13,57,-130,-52,132,188,181,-125,5,-86,-64,28,179,126,-62,-144,44,100,63,158,32,52,-57,165,-39,-53,132,67,18,-85,-107,46,183,-99,37,-76,4,-173,35,-39,29,-179,120,-172,147,33,134,-54,89,87,48,-101,-22,70,61,8,12,-184,118,54,-24,104,199,-15,102,-213,26,91,-22,66,92,-39,-70,-116,-73,-67,-36,-145,171,-24,-147,-85,189,-119,199,-183,-7,83,115,8,34,13,-3,105,83,-63,-9,101,99,7,108,-105,-73,47,-80,69,185,41,24,36,53,-38,-17,81,-34,17,44,124,-214,-103,14,-77,5,-146,-21,-18,125,7,90,211,151,-62,-2,207,-46,31,-152,0,124
-80,107,29,7,-136,61,-7,148,-1,44,-146,28,29,-1,43,14,109,39,-48,33,-135,27,-31,24,60,113,147,-121,-232,148,-205,38,-170,-115,11,15,-262,-207,25,-1,-147,72,-34,98,52,80,-88,147,-122,84,175,67,-30,3,57,-23,-128,40,128,120,-99,150,-9,-78,-216,31,9,-5,-103,-70,-106,34,-57,178,33,-73,128,37,-173,60,-96,-88,109,-116,-51,-80,-32,25,-149,86,107,-79,-81,-21,78,-24,143,-47,58,-28,-77,95,11,15,-14,-123,-42,15,-92,59,126,-48,144,-115,116,122,-69,49,-140,45,6,160,168,40,0,99,-123,107,250,-172,-152,91,71,64,77,78,60,5,119,107,237,-13,-38
203,-65,123,-39,-79,-116,154,-55,77,101,-17,93,252,-73,-158,-32,153,77,57,-170,-122,11,133,-87,-34,-89,103,-17,121,78,-85,90,167,21,-52,52,-2,6,-8,38,10,-63,-25,101,-97,-202,145,-44,44,86,113,68,-26,61,36,28,-27,-91,-16,-55,-137,-63,241,-28,-94,-54,-17,2,72,31,-27,-187,33,-46,89,-4,19,31,-16,94,-55,115,-31,-150,-119,24,88,-101,-40,-65,17,79,29,32,-156,-47,26,87,69,102,-86,-49,-13,59,-15,-244,139,-4,46,33,-59,-61,-17,78,147,-87,-71,190,-255,-37,-25,128,-31,33,150,-14,143,39,156,1,52,-20,-30,148,25,-180,-27,-71,74,-16,-71,130,90
-84,16,78,76,45,5,0,148,271,114,50,94,-16,108,-123,63,-28,4,-74,-20,41,101,-188,-24,151,105,-105,-95,82,80,145,-13,-11,127,37,49,-85,-186,-59,72,-1,73,71,45,-129,-48,126,168,173,-137,-29,64,28,69,219,88,-98,59,-22,124,39,-6,-114,169,-176,92,-30,-23,-66,-5,184,101,148,100,60,112,34,188,46,61,115,130,126,-32,-36,33,-27,44,89,-148,38,-87,204,91,56,168,-67,135,77,-39,71,205,87,-57,26,99,-50,57,16,-12,332,-4,163,-109,21,44,143,48,76,-30,18,-35,74,123,-38,102,145,9,-6,-95,-30,150,-6,-17,146,-50,207,84,-92,138,189,132,-97
177,5,-38,75,-74,127,-8,-121,-87,312,49,12,-94,-16,-116,-125,-78,185,-117,94,47,41,-154,49,11,-3,42,184,175,128,34,55,-3,131,-191,52,147,160,133,116,-81,15,215,125,184,75,-30,-67,304,97,197,0,118,-65,106,68,-63,158,46,33,37,100,139,145,46,-16,-230,-5,41,68,153,130,39,-25,-58,71,176,192,-59,175,153,49,97,11,71,171,222,76,235,-19,-62,-36,-35,96,336,100,21,112,219,60,-54,-80,-69,5,148,-38,151,104,-23,101,-116,160,133,14,19,3,65,-97,225,28,-38,78,60,82,211,-32,-12,128,57,8,84,-49,134,104,36,300,87,44,80,209,31,107,12
130,22,19,61,26,79,210,-238,41,-84,-70,-11,-13,4,61,62,-47,213,-51,37,-34,140,125,-45,6,-48,37,99,29,56,-121,168,-45,-3,184,41,-137,23,31,204,7,55,-41,32,142,-128,-204,17,147,147,148,38,-32,-14,79,-99,-123,150,70,107,51,90,11,-73,88,132,98,-81,61,61,-219,-140,1,85,132,20,123,36,100,61,162,45,63,54,122,207,-75,219,-97,206,62,101,107,204,74,-159,27,156,54,-177,161,7,256,89,32,153,48,2,-194,4,18,-79,215,-8,-134,271,159,12,-232,-99,135,-273,324,30,131,26,-92,28,27,-68,127,22,32,-99,56,-33,97,-54,191,-96,62,-60,387
123,45,206,26,44,-227,179,14,52,104,-77,-35,-13,-10,119,-9,171,221,146,86,262,98,4,44,160,-32,-97,18,-147,2,80,1,179,152,87,188,41,172,-16,29,52,170,99,164,118,-11,-42,127,-7,139,-48,114,-61,238,140,-97,298,104,-118,69,-122,118,227,82,71,48,-85,-11,13,17,137,-12,-32,51,22,148,62,-75,103,99,295,-8,-70,82,173,-10,14,45,269,-17,60,-45,-4,293,29,140,189,118,197,82,-103,171,190,175,-103,225,-37,116,48,-161,93,184,218,143,230,60,70,-39,234,-45,-94,-54,149,50,93,44,56,-39,-90,-15,83,-79,154,55,-189,173,72,222,117,72,4,96,193
108,14,-114,16,178,60,-7,28,150,-51,-17,55,-24,149,-114,42,30,46,140,146,-90,-4,78,5,44,76,95,34,36,88,-70,46,112,270,-18,-29,31,-68,30,54,76,167,99,74,91,71,143,-6,-10,67,-43,22,131,48,49,113,45,118,99,-63,153,189,41,137,140,136,-72,-124,52,133,118,-28,60,61,31,98,95,199,-14,83,-62,193,-20,192,112,-69,40,-54,60,104,102,-145,196,70,60,148,-142,180,90,-125,84,68,153,12,-40,95,24,64,-119,-162,-15,16,89,194,5,54,-98,93,101,-118,-39,21,6,-37,36,-48,334,96,92,-18,72,22,61,115,235,134,94,42,103,-38,83,75,-23
109,100,64,-108,50,14,75,-79,-137,-59,-76,3,27,109,8,-19,5,4,107,91,-209,139,150,72,205,74,121,-82,-130,54,34,-62,139,166,41,235,0,100,124,49,83,26,-48,157,-43,153,89,134,211,61,90,-146,91,-57,132,-97,131,73,186,-57,-72,57,134,-96,73,48,-144,184,79,153,-45,57,53,37,-171,-18,44,-17,-167,83,-104,-90,-51,72,-55,-17,31,106,62,15,22,87,39,-79,-95,-72,92,-76,138,-32,29,-79,30,-127,313,40,-145,151,29,84,128,129,166,-15,7,61,-46,11,102,39,-69,-38,216,109,196,121,64,38,-144,-37,114,6,70,-42,108,7,101,129,-102,1,10,34,-91
121,340,1,149,-29,38,95,36,100,40,0,81,-162,207,115,9,57,-56,-119,-26,13,68,7,45,2,14,118,34,86,49,-102,181,-3,27,18,180,67,-12,-41,130,68,99,50,84,-38,33,-56,128,259,265,44,9,107,98,161,-49,122,79,-105,118,193,168,125,-51,93,6,114,39,23,-121,203,125,-40,-30,210,11,-55,100,18,30,131,-71,81,63,-4,-108,-30,59,168,-137,31,123,202,-23,100,-70,45,176,40,157,-4,-60,25,74,218,-9,6,157,-111,49,98,77,154,155,238,-54,19,83,88,25,-19,143,104,132,77,61,138,6,14,-80,164,22,-94,101,12,15,55,234,51,-118,24,196,228
-66,-108,-54,144,264,34,-26,-155,-47,138,-9,-46,-187,169,27,18,88,107,51,154,333,283,-168,183,103,34,30,157,92,-13,214,-95,114,292,-128,79,294,60,69,146,11,38,93,118,-95,26,3,35,19,186,-188,135,106,-170,19,-78,0,-23,87,236,130,105,26,142,147,95,36,98,-105,121,215,-71,-24,-127,94,112,173,105,81,40,197,12,107,145,-109,-5,151,225,266,7,-84,-6,355,184,-21,108,-94,189,98,9,19,124,43,-51,124,187,-111,219,-42,24,250,285,57,121,142,-30,7,72,177,70,89,80,35,168,195,-4,-137,123,79,92,281,-230,-26,-26,26,53,129,-54,-133,166,173,98,139
235,21,-20,139,-104,-38,121,94,99,13,-18,-103,65,91,176,143,-51,4,-43,101,-40,33,-68,-182,32,-116,9,-204,-90,-72,-266,115,147,105,115,3,-71,-110,-62,22,33,36,-14,55,17,-49,-107,26,-82,215,187,16,-89,81,36,153,-9,-103,57,82,-122,18,80,-32,-1,-12,42,81,58,101,-20,-18,43,108,-128,65,51,-3,190,-68,-52,-131,71,-91,-3,110,-19,-16,-27,107,175,88,83,129,-94,-36,130,62,227,2,44,-23,102,145,-56,110,73,-23,85,-83,146,-68,107,37,-55,181,19,84,-145,-122,124,78,65,-84,-29,-85,167,195,-83,-50,-14,95,78,-120,-22,-15,-19,-16,111,35,176,-102,-1
194,267,-188,94,-17,-12,-15,-93,98,228,97,79,40,-62,-64,-22,52,-49,95,43,0,132,-136,64,-3,117,106,-58,171,106,-19,139,160,-10,47,201,-18,13,123,-49,124,152,250,98,29,-255,162,-13,102,-79,63,183,178,52,267,-39,-58,118,66,-52,-5,3,146,54,-54,194,-13,151,47,-5,161,190,-10,10,94,-20,117,-74,-72,20,-152,20,-153,104,91,164,49,138,43,7,75,-21,162,170,46,-50,108,137,90,-2,14,44,61,40,81,-210,-7,1,12,31,181,5,128,51,43,249,-31,-35,187,-92,-75,81,-177,-42,89,207,69,-53,30,96,-31,-64,-178,57,97,122,-232,34,-8,-72,-47,15,111
-150,-29,-159,12,84,227,12,40,188,-99,37,116,-149,222,-37,61,169,146,-38,34,203,72,51,143,44,-105,-38,-163,23,-64,74,9,-174,18,-33,33,111,-25,51,59,-2,-94,156,3,-7,-127,-44,128,-143,8,12,101,212,-6,-8,-64,114,-161,25,3,38,123,-12,63,-83,-82,-43,-130,-198,7,40,1,-110,-37,-167,-74,38,178,-90,101,89,217,13,-25,-54,-53,112,62,241,89,0,180,119,163,111,-162,29,191,-31,14,-82,193,-157,-188,173,72,-273,196,101,-13,109,40,146,10,-116,-34,-97,-21,213,137,173,90,-190,-106,111,-156,-89,-80,-41,-27,46,-234,104,-18,-23,36,-64,-74,-58,-151,-155,-77,-20
-49,79,-82,102,63,59,98,-59,-129,73,-181,122,55,123,-100,-20,18,232,-67,-57,-14,63,174,-90,124,-107,39,124,-102,72,59,41,104,117,63,248,144,45,82,171,-124,66,26,129,104,7,-194,-49,-17,260,176,-24,-84,97,173,-2,36,-26,238,-36,144,-26,-13,-41,127,187,158,55,141,-43,-17,114,30,20,-60,76,-37,57,44,-7,-70,-7,32,-1,76,-40,69,5,135,141,-73,256,-39,-20,-5,78,1,-76,-71,-134,-3,87,51,110,94,102,-39,201,138,70,-39,60,80,1,-178,135,-78,127,105,-72,112,36,-9,-182,-21,16,-14,-11,-47,41,-30,-281,-59,-25,-87,42,10,-83,106,-188,198,36,211
-53,47,-63,19,201,-43,-160,-109,-133,-23,77,116,101,73,-23,-38,89,-198,293,-64,24,-85,106,98,195,-8,12,93,-150,-83,-93,50,-59,67,-80,-32,103,11,63,-65,88,-53,153,11,70,18,21,73,-39,83,263,111,-111,146,-114,-154,-90,144,85,126,-110,28,84,58,127,68,19,-135,-50,-84,-45,109,39,263,17,-4,-162,-154,-19,-105,-24,11,44,245,-35,111,16,-169,45,156,103,76,143,43,148,76,82,147,22,-42,-38,-159,71,-21,76,-7,29,-55,-58,30,6,220,15,10,-94,175,-220,89,14,23,-55,151,-203,-70,-216,88,23,83,110,20,41,-21,133,-46,-17,178,25,139,33,25,-157,124,13
-219,145,-126,-87,-32,65,-2,239,-13,74,120,-136,-147,-41,54,80,-46,-210,-172,189,-2,162,-36,72,39,8,-55,126,137,-39,81,-101,-12,21,15,33,114,-14,-63,214,79,158,77,150,-30,-134,113,6,159,-55,-27,-23,-69,-26,133,16,35,127,93,-201,101,82,-70,17,-46,137,5,64,129,-76,86,-44,99,155,90,27,29,14,23,-91,45,-16,158,23,-23,-68,61,-8,-128,30,111,79,-34,0,32,63,104,145,48,203,-37,-20,-76,-38,67,-18,189,96,45,-7,62,72,174,139,10,-41,189,-46,73,17,57,-224,17,-19,-63,-163,90,-26,75,34,215,-107,-9,-109,133,-170,120,33,-145,70,42,-50,134
128,188,-226,-69,283,-124,44,-48,-54,79,-77,-54,120,-21,-118,-32,-25,-119,-79,47,-163,-25,-203,-39,-113,-60,186,-45,143,256,-55,315,36,-41,232,18,-128,-46,151,181,-78,156,154,121,-187,20,102,-82,219,144,33,-25,16,144,-55,28,89,-109,170,-104,49,100,116,-81,7,120,84,76,19,167,1,12,25,-182,56,-140,203,-63,99,-163,25,-62,-70,-84,219,13,108,211,50,-89,31,29,242,125,39,37,100,74,-87,63,8,-103,11,-95,139,-80,122,58,138,-40,19,43,1,-26,86,-138,-71,-31,-89,39,-58,-93,-6,-8,94,65,174,44,-122,105,160,3,-32,19,160,-112,-68,-265,-21,-18,-3,-137,-52
37,-65,-81,-94,113,26,30,-55,23,239,76,143,-222,127,65,15,5,-43,45,104,-115,-77,-34,-88,-56,102,69,70,-26,-156,-108,-78,27,41,-115,96,84,-22,-217,-23,-114,93,64,-95,-3,16,-230,244,18,227,15,51,-126,14,36,261,14,154,109,148,-6,131,111,109,88,173,177,17,-100,-131,28,161,131,54,-87,-155,-135,-58,52,-25,-6,-46,-27,176,5,-103,-94,-7,286,21,90,-45,115,151,197,-56,-116,169,18,-107,221,30,11,-26,142,0,-68,-25,-156,118,21,80,26,-94,-161,234,52,-37,68,-34,-48,140,19,109,-83,-112,55,93,-121,-29,188,-77,57,69,-73,-74,-11,68,-55,19,194,168,131
-23,134,-99,158,74,-123,-84,-94,-17,-94,73,-146,38,131,-56,57,-2,-158,181,0,113,95,-6,-74,-58,43,-51,-190,-174,-70,14,92,105,54,-129,6,-77,-74,15,100,41,-8,-94,18,133,-68,-258,-14,-15,162,33,5,64,188,46,-87,-23,-49,84,-78,-97,162,-100,-41,-49,6,130,-230,-178,-25,30,-121,-116,-7,78,13,153,-74,77,-72,57,-18,-13,34,23,65,-55,75,-45,95,140,-62,2,242,-12,-31,-32,-51,-107,-198,18,-17,205,-11,-19,-142,-101,-33,-135,115,101,1,32,54,55,54,2,16,85,-60,-106,156,-10,15,-118,6,128,46,-25,-17,135,-69,16,-48,162,-16,179,-23,59,-46,-66,16,-170
50,39,89,88,43,80,5,-128,-79,-18,26,176,13,25,105,162,-55,3,199,117,-94,2,149,-194,-45,83,-15,74,-24,79,20,-27,44,-30,150,122,-35,116,125,49,56,22,27,150,-53,-44,-30,37,93,-9,-9,225,-22,38,11,59,-219,57,39,0,100,-12,103,-14,-138,225,36,136,40,4,-111,63,-47,29,44,-81,70,-122,192,57,-119,96,-36,121,-176,-43,8,109,-175,23,148,-18,54,-29,-167,130,161,247,108,89,66,111,297,103,-146,115,117,68,123,0,139,108,-33,-102,257,17,-85,-244,-73,-78,83,4,-45,134,68,212,104,79,89,83,-135,-108,-7,-135,197,-105,-121,44,86,-116,-7,50,62
-188,150,-24,-48,149,96,186,-56,147,133,-111,93,-6,33,61,132,91,62,-27,-17,11,-72,89,-86,111,7,18,-143,-91,27,66,73,-34,139,129,39,203,103,38,150,-17,46,-48,26,-118,-51,42,-104,-4,28,149,18,-44,-58,130,-41,-43,19,-101,167,144,18,211,-43,-81,101,137,-27,179,-150,-84,-136,-142,41,272,49,-145,-67,46,99,19,5,-18,137,118,-110,152,163,-22,94,93,256,35,114,-7,-119,123,115,110,-134,-158,131,-42,93,-9,199,-228,126,57,29,61,-20,84,19,-34,-196,100,28,59,83,110,102,-131,121,52,64,-60,-109,84,65,115,-95,74,12,-97,-21,-27,-35,80,-108,45,-219,27
44,-3,112,67,-26,119,27,170,-69,47,-111,-121,-148,134,-49,194,25,82,-73,133,179,254,137,-89,-14,228,-36,107,175,-71,105,-204,-80,-2,55,149,-40,142,33,59,-17,-33,85,-35,103,2,175,130,13,-8,-1,90,-162,108,69,7,6,37,-101,84,80,290,-9,52,-60,117,47,43,41,122,15,-133,-6,-193,-189,197,114,144,34,0,50,41,-50,-61,-96,83,83,109,-52,-23,19,-12,-106,138,61,27,45,175,-58,-35,135,121,-7,-29,-159,-81,-36,-19,168,0,29,15,26,63,22,15,-17,54,55,24,18,131,52,-80,179,37,-31,-126,-95,-8,-46,-14,5,-31,189,-133,143,-129,46,41,51,-97,185
70,-160,53,114,13,216,58,37,54,163,105,147,72,92,-70,-112,3,18,87,321,34,-6,-103,21,50,225,116,72,-56,16,139,-88,51,183,145,16,173,31,53,-94,-184,74,-7,128,-39,-76,93,64,70,251,196,198,-75,187,40,6,91,81,117,16,-25,239,43,91,-32,116,143,145,-4,67,59,-48,1,94,-65,105,101,48,187,-24,14,118,46,-20,64,-35,267,190,22,106,74,-144,123,75,165,246,28,-23,225,27,66,-58,76,62,29,-51,45,-86,-42,279,139,91,110,-15,89,117,42,101,-20,82,68,47,-12,95,132,31,61,154,24,-45,3,-86,256,35,-3,193,106,141,138,173,182,103,169
-15,210,-1,152,55,-100,84,-70,2,53,-33,72,247,58,-160,122,-57,-93,182,-79,247,82,53,58,106,82,-73,38,-91,-7,-28,134,153,169,-82,40,158,-58,-160,104,-95,203,-34,45,100,120,-55,25,45,-13,21,-48,36,117,45,-66,4,0,167,23,57,-35,139,-97,59,118,46,24,-1,-131,-65,67,-74,37,120,-28,120,-110,274,85,88,85,51,111,12,54,-109,31,202,140,106,-35,124,89,125,0,120,38,-42,89,54,83,23,-84,103,-27,151,160,75,52,139,25,-13,61,6,-98,-23,99,1,77,-46,-41,-46,204,67,-12,149,-95,-109,48,110,-144,193,-147,-169,58,35,111,16,154,72,-10,-277
175,6,41,73,20,-92,105,31,-18,181,49,20,13,245,52,129,-113,-77,58,-46,23,113,-283,209,118,153,-62,-159,328,182,-87,213,-24,20,1,144,94,57,71,132,119,125,47,123,25,-93,49,32,-202,31,57,191,193,-13,-197,8,63,-150,87,-18,95,184,121,-27,-85,146,-48,-67,-80,167,69,125,-111,-44,-113,168,44,25,245,-19,-55,-21,-50,-20,128,-36,180,-70,92,-37,135,117,278,-77,-60,33,76,261,161,311,25,95,148,-17,48,38,36,114,-4,256,26,169,118,-42,222,-28,-62,-87,38,-107,132,128,63,-117,56,190,145,107,26,-106,105,42,45,-84,179,15,-35,61,14,149,-50,41,-45
143,-27,120,-22,-230,-243,223,-104,15,272,186,-116,153,100,-80,-129,-169,44,63,49,-29,59,-42,66,132,113,-84,21,152,-24,64,92,66,119,79,12,38,-5,-131,-37,224,77,30,16,85,14,24,107,-26,189,81,-30,106,44,138,-80,333,65,214,22,116,-15,96,166,98,-6,16,28,-52,-12,9,-116,-112,63,-44,36,54,-10,25,92,65,-2,-53,55,35,33,-22,248,-14,0,30,178,70,5,156,236,-20,-22,11,154,102,32,-46,115,119,-159,252,144,194,117,-44,109,33,-186,145,-32,-80,74,179,64,-14,112,19,-121,-171,68,-42,-131,-93,267,-84,215,148,242,34,13,202,311,-161,153,131,-20,33
