29,29,3,108,-44,-14,130,-16,53,18,-31,-4,52,37,17,-51,67,143,-32,-7,-76,-20,-19,49,31,-7,-62,81,50,7,-101,-83,114,8,-84,-120,108,50,31,10,-47,-4,35,99,6,32,-45
78,61,95,139,122,-74,73,-49,67,75,16,22,51,55,-55,-1,52,41,117,35,35,-49,21,-43,-61,70,65,18,8,40,-14,30,86,-12,-36,-94,62,67,-3,87,24,70,21,139,-44,62,-23
59,104,12,-30,41,22,68,-15,67,4,13,-32,55,-27,-36,-86,-37,13,-43,64,-5,-12,-84,-64,-22,74,-79,21,3,20,-57,59,16,-15,7,-22,35,12,35,54,-15,-33,61,44,65,-71,-87
76,24,-65,-42,61,-38,-1,16,5,26,18,-32,45,7,51,27,29,-18,-69,-4,-38,-23,23,73,13,-88,18,-11,60,-33,15,14,51,-5,-11,-84,80,-32,-21,-20,-47,-60,-39,61,47,91,-69
163,54,3,-52,185,-40,52,-83,-5,-20,-42,43,-17,35,-36,-43,5,20,15,49,110,45,1,72,-9,2,46,26,-2,40,96,144,67,30,26,11,-28,13,73,11,43,39,2,120,-39,109,-50
59,11,7,93,63,-56,-28,47,-31,65,33,-14,19,47,-20,-9,3,67,1,97,12,25,-47,-52,22,64,-62,56,26,55,-69,33,-75,-1,-35,-110,61,-111,-31,27,-33,-42,-30,66,49,106,20
99,-87,-14,20,-7,70,39,84,75,-201,-57,12,-58,31,-29,-15,-25,115,-1,23,9,14,-5,-36,166,-49,-31,22,121,38,48,29,-46,17,35,-97,-3,-91,48,-51,-29,30,-34,55,66,57,-39
54,-44,14,44,-3,-45,69,26,36,32,-61,0,-41,-1,-12,-38,-73,59,-18,93,-41,-100,-21,62,7,112,5,86,15,36,-41,-68,0,94,-109,-78,81,71,5,-38,6,47,21,-7,23,14,2
42,-4,4,13,85,-17,71,78,9,48,61,-26,-40,33,-9,-8,117,-58,6,61,12,52,39,46,-43,-68,62,-33,42,-37,-24,33,-20,70,-19,-25,23,18,75,18,-19,-72,31,165,-54,36,-62
28,6,87,41,-68,85,66,-31,-27,76,-120,50,61,88,53,93,128,-3,54,61,103,-25,19,-32,-21,-28,17,36,67,47,106,5,89,-93,-24,72,51,73,62,3,66,-21,6,30,-56,-29,41
24,-54,-81,24,-67,67,-30,137,52,-47,-19,20,103,75,12,66,-37,-67,-36,109,22,114,13,-2,57,-38,-22,40,13,40,18,62,-88,-73,16,-28,5,-59,-22,-13,24,-38,-30,-105,68,62,-28
-89,70,-8,62,41,-83,43,-41,44,81,2,45,22,5,63,74,49,-57,64,-82,73,13,14,-75,6,-77,47,-10,-41,-7,37,-14,-43,41,5,45,27,34,-80,52,3,-134,-18,16,-49,-23,99
68,-69,34,-12,34,52,11,89,-3,-109,13,-42,-194,-70,-68,-62,12,34,22,48,47,31,42,16,30,-17,-7,-18,12,64,87,1,-102,118,36,51,-38,-91,8,-51,-35,-19,21,93,-25,4,45
41,44,-6,-2,23,-32,52,-2,42,50,64,-17,-14,88,11,15,-17,65,-66,-11,57,19,-7,-65,34,107,31,124,64,99,-23,5,-85,-51,-19,-7,76,-107,11,25,-2,-120,30,37,48,14,110
7,129,152,135,-32,119,-69,87,91,-32,-33,5,-45,1,-74,123,95,15,192,81,-1,-65,13,6,48,-91,44,13,114,56,53,-55,160,-14,53,55,98,159,56,11,94,-5,126,57,129,126,55
-36,26,13,-35,-35,83,-48,91,-24,-153,-14,-41,-47,-47,-49,-24,-3,18,-10,43,-100,92,-40,37,8,-5,-78,4,-31,-8,-35,55,10,-101,69,-57,18,50,-22,-33,0,70,19,-47,93,37,-61
11,12,41,45,14,15,35,1,42,92,-16,-54,87,48,24,18,14,-54,35,58,-69,59,-86,73,-161,-18,20,94,-63,-6,-98,13,-25,19,-54,-16,50,106,17,13,83,-72,22,-55,56,-1,25
-62,67,26,46,27,-63,-24,-31,54,-18,72,64,-42,-31,21,104,42,3,45,-76,-6,-11,66,-41,-80,-54,95,-13,-4,7,48,39,5,-20,74,48,-11,10,-70,-4,2,-95,-13,5,2,-103,-2
-71,9,-12,-134,-41,19,178,26,35,-42,-60,-16,76,135,55,-32,-33,77,-167,-29,-97,-135,-94,5,127,50,75,62,160,76,-20,-50,31,-83,-69,-79,98,75,54,17,99,-13,57,12,-91,17,41
32,117,-69,1,45,-104,73,34,136,-15,22,30,63,-68,-87,32,-154,10,44,5,62,-21,-29,41,8,76,85,99,99,-45,44,66,-43,74,21,33,-1,82,60,21,6,3,124,-43,44,-61,-85
-27,-21,119,155,-65,48,25,-11,-62,51,26,5,0,-31,-14,-39,69,55,61,-62,22,103,92,40,16,-50,13,-21,32,-10,38,-3,-39,-23,42,31,-24,35,8,-69,-37,-19,10,-13,-26,-13,114
47,28,-21,156,-47,-4,16,97,48,-106,0,-42,103,-40,-119,107,-1,-63,105,131,-15,82,82,-6,-30,29,-12,51,69,-44,-67,83,3,7,-2,23,53,183,46,52,-5,-12,67,35,135,50,-115
24,-5,40,-5,-6,-24,-76,-38,74,-20,-48,119,57,-59,64,70,56,-31,92,84,-15,-29,-132,43,-60,-55,115,113,52,7,-10,-33,125,88,21,22,-10,73,42,30,-24,88,49,-45,-16,-81,-62
116,-60,67,97,-44,56,31,104,-54,-72,-125,68,-90,123,-66,77,70,-35,42,121,25,31,12,85,-69,-8,-49,72,37,1,-1,-24,9,26,-76,-29,-60,38,35,-23,65,67,63,70,-11,41,0
45,13,-41,6,28,-124,0,109,-7,-24,70,9,118,-18,-60,11,-9,80,18,15,-35,-71,67,-6,95,54,35,30,79,110,65,20,-54,49,1,-19,31,-75,51,12,-40,22,69,104,-132,20,68
-1,70,-99,16,107,-132,62,-8,50,10,-11,24,67,30,-13,-13,54,16,31,2,47,-13,-26,-156,-85,102,13,20,-62,30,-84,157,-25,-31,15,-57,73,-61,-29,-37,68,-20,114,66,-37,-56,54
99,82,74,58,92,-102,-18,4,-4,11,-7,41,-43,35,-70,108,74,-23,123,-13,166,-107,18,25,-24,-5,4,33,62,52,69,-21,11,84,17,64,20,8,10,39,101,32,31,113,2,123,85
75,42,20,103,-4,-4,39,44,79,12,73,49,0,-71,-35,-23,108,18,95,81,58,81,42,-19,-134,51,117,143,45,30,-44,88,8,87,0,44,0,52,-3,-2,13,-1,77,83,41,89,57
19,69,71,0,44,4,-42,58,-68,-65,3,-93,-57,33,6,58,68,-22,-17,-58,-4,-69,59,95,30,-59,80,47,131,95,23,-24,76,-69,68,-32,38,33,41,-59,28,-33,-17,103,-25,170,92
18,-10,36,1,21,-59,50,-50,-32,-55,44,-26,-41,10,-128,-4,-18,55,-17,-55,31,151,26,20,-96,107,-89,-11,20,-139,-104,31,-76,-49,0,25,0,-112,90,37,-32,36,-27,108,99,-9,-20
-31,-88,-112,-125,49,-23,25,-44,45,-11,-93,31,4,80,59,70,-33,-189,-65,-22,4,32,-93,-74,19,15,-26,-11,-127,21,13,18,15,30,-85,-1,46,7,-25,-20,67,-29,-41,-56,27,-10,-15
-6,66,-2,-40,22,50,54,94,123,-17,66,-87,33,-12,-51,-42,59,-8,9,28,-20,-43,-50,-89,4,12,36,75,25,107,-69,6,5,26,-31,20,106,11,112,42,66,-84,63,117,34,69,48
53,86,65,90,94,-70,4,61,98,78,153,77,-21,9,-81,94,105,74,123,27,32,-60,70,-48,6,41,46,11,87,-8,-41,-27,65,25,47,-31,83,78,58,73,29,7,50,215,60,105,31
-5,-57,23,-36,-91,80,-46,88,-46,-54,-73,0,-63,26,26,63,11,-77,-50,15,-116,105,-20,105,-2,-8,-35,120,32,41,-46,-31,6,17,-125,68,132,8,15,-11,15,47,37,-5,37,45,163
-24,22,10,34,-67,106,6,171,65,9,103,-23,125,18,-120,-11,65,-58,27,68,-14,47,125,-86,-39,73,18,-19,23,74,-21,138,-17,-30,-4,17,37,15,5,-89,92,-25,66,-9,50,87,90
32,-31,53,6,-2,41,-100,58,-45,14,-74,87,-16,44,17,93,2,-12,37,-10,46,-51,16,-53,-34,45,-22,-55,2,3,44,13,35,21,-24,27,-52,-92,-60,-54,-32,60,-24,50,3,-31,99
-70,54,-38,83,20,-96,-47,-9,-105,-41,-45,10,-57,105,2,168,1,55,94,-11,7,15,-51,-39,-61,17,12,-24,55,-46,-68,48,-61,-21,8,-2,19,64,33,37,79,-4,-44,31,39,66,46
45,-12,119,29,-72,87,-15,57,-16,49,-1,14,18,43,-72,-44,-18,86,-37,77,-23,-73,90,18,-19,43,-16,-30,99,-34,-38,52,24,-32,-14,1,27,37,17,-102,44,7,-16,20,-17,-37,-26
54,-33,26,62,70,-5,15,-131,-55,63,19,-32,-50,-94,1,-60,75,40,7,27,-28,50,-17,13,-6,-76,26,71,-70,-70,-67,40,5,31,13,43,26,34,-92,11,-22,-4,77,-48,69,-3,36
13,68,107,69,77,13,82,-43,120,-31,25,-9,-93,56,-30,-6,-20,63,-96,-54,-86,-51,-110,21,-12,1,97,44,12,14,-59,-33,-5,79,7,-26,44,-26,-111,-4,18,1,-46,52,69,14,-27
-65,-19,64,19,0,17,59,-97,55,37,-24,-68,89,14,27,-19,115,-108,43,-19,-13,176,-40,96,-84,-118,-35,49,-66,-30,-6,20,25,-134,-6,-15,50,73,12,27,61,-116,-4,-48,56,14,-10
22,-17,15,-2,-43,39,85,47,48,-67,71,31,78,-9,25,29,91,82,48,-31,22,51,19,21,-67,-70,116,-37,132,0,112,137,-88,69,85,38,-4,-32,-5,-31,-5,13,-53,-11,-28,-37,18
29,43,-31,9,111,-154,46,86,29,-24,-25,31,-15,-7,-51,146,12,-31,92,30,93,-76,-4,-51,-33,98,-3,68,69,-7,24,5,-15,69,-5,8,60,58,25,36,33,-14,80,139,77,11,-35
-11,83,79,70,30,-41,-69,30,111,121,105,25,-90,62,26,84,7,87,58,-14,19,-109,-68,-90,24,64,113,71,-13,142,71,-55,-34,80,35,86,63,-79,-6,47,19,-60,-4,92,1,-7,64
24,-7,-90,-105,31,52,4,-102,-42,77,-66,76,52,9,57,-55,-59,-33,-41,69,42,78,-116,64,-44,-37,38,-7,61,-79,-27,27,18,59,28,-3,-45,66,74,-102,21,-35,4,-135,-64,-33,-19
-39,-2,-16,84,-4,12,18,-24,0,-8,40,53,15,-123,-116,3,-1,-3,110,14,33,154,27,-76,-81,87,-5,-53,16,-83,-37,104,-15,45,29,41,20,45,12,-53,9,78,57,-35,94,17,61
-9,19,26,-29,-45,49,139,83,122,-7,-39,134,23,27,41,93,71,79,-3,11,23,1,23,-4,0,-3,53,44,107,-43,101,7,56,52,-23,42,-20,96,9,-49,28,-52,52,56,29,-62,-39
