48,-8,90,-13,190,91,-123,113,101,67,-3,-22,48,37,1,73,-19,-23,89,-16,-144,12,132,134,78,-59,33,217,44,14,42,-162,-58,-30,-29,5,-14,70,25,36,153,-63,68,40,205,-23,38,190,145,12,115,-21,83,140,13,-42,-19,-46,-75,92,64,76,-17,-37,-11,-46,18,-2,-17,62,-21,26,101,46,152,-32,126,26,28,160,87,-72,74
105,32,11,31,87,-79,16,204,18,49,128,-11,4,8,129,34,27,-75,47,26,-40,-8,46,-42,61,71,-133,-140,53,15,137,48,87,-85,112,54,177,75,-14,-108,214,-88,-18,-5,-67,-127,57,79,99,46,81,6,115,90,118,-18,-19,173,-76,26,178,86,98,68,-26,-21,-82,-34,42,-8,124,149,94,114,8,-50,-16,62,95,108,9,-14,-65
124,13,58,-91,92,157,-71,125,-83,44,37,17,-35,30,-38,116,-78,79,95,54,4,47,147,71,126,32,55,114,57,-100,0,31,15,111,5,139,54,-1,169,106,42,77,62,3,163,52,-17,3,76,-82,107,-48,-70,74,51,59,-153,-49,-88,-23,66,30,4,-10,-82,50,18,186,-20,75,150,161,151,122,117,-45,22,45,98,5,60,13,47
54,-81,80,56,-128,71,-106,-57,95,125,-31,7,1,66,-103,10,-61,-65,22,15,17,83,-77,99,48,-38,85,88,33,71,-147,-57,90,112,13,98,23,120,111,204,-57,159,81,95,65,125,-68,-4,-23,-70,89,-16,75,116,-76,-123,45,-13,49,-54,27,102,56,-36,-33,84,-6,144,-135,7,145,6,1,63,46,22,92,58,-3,-68,-70,185,-87
-99,46,60,127,-6,4,30,125,-69,80,109,-41,52,-43,-1,-34,23,37,161,38,75,-41,-27,50,73,-122,-61,87,9,-229,-65,85,-8,119,-11,-109,177,-9,47,22,74,-82,79,113,-67,-91,-64,10,-128,34,-26,-121,119,0,8,20,-165,-169,-29,73,-128,-139,-35,76,11,-25,105,-109,81,-58,70,43,-48,79,-3,-44,-71,73,26,-28,-6,5,108
31,49,80,187,45,67,49,-77,-95,39,178,135,67,-107,39,-69,93,140,75,-26,-61,47,-17,50,30,-27,157,217,229,33,-26,11,62,-25,90,48,205,70,37,3,95,-75,-70,-21,-3,86,72,57,100,132,35,78,71,183,-40,-114,10,34,-105,-60,167,-14,84,-120,12,41,3,16,-55,81,19,68,200,161,153,62,-15,-9,109,-100,57,0,-25
120,59,60,69,91,95,21,36,-34,101,20,-21,28,-72,47,-86,-31,4,115,84,3,-144,3,42,23,127,28,-45,81,85,-104,-7,173,42,21,104,-114,17,-11,21,157,-26,55,10,-84,-71,-7,40,13,-33,39,-76,-86,5,52,56,88,-16,-9,139,111,115,125,163,37,-128,-87,48,-73,-16,54,13,92,-1,38,181,91,-91,163,46,-4,6,41
207,41,-60,-71,92,-65,-54,141,61,-33,-12,17,93,10,-103,88,-36,-83,-3,-84,9,132,145,71,67,130,-21,32,36,108,80,81,19,10,37,-61,65,19,-48,-92,179,-73,5,99,-18,-27,109,-107,118,-87,62,-34,17,-2,-102,-87,43,128,62,131,182,22,125,-10,20,23,-17,-70,-27,-10,192,97,-81,60,123,34,4,6,98,126,-147,70,39
-15,-88,106,-87,168,64,-50,116,66,35,-186,42,73,205,41,9,81,58,104,-69,-21,38,54,146,-84,170,-77,49,77,30,38,-177,74,69,-106,-161,41,48,-46,-34,171,209,-28,154,-78,-28,111,64,187,-52,144,84,-84,34,-15,-3,-1,-83,-20,52,116,135,-73,4,0,-101,160,52,-81,-82,121,48,44,75,248,13,-8,-96,-64,182,92,139,-27
-15,-21,-3,-8,7,-21,-69,-83,118,32,36,149,66,7,109,109,10,124,112,12,-21,24,80,175,35,99,172,80,-1,65,45,-95,60,-13,15,-18,31,32,75,19,11,96,138,10,51,79,-46,-70,70,-43,-74,106,14,47,47,105,122,128,101,-36,40,211,31,-71,147,2,-64,14,-30,81,118,69,45,-26,63,60,22,72,-5,22,13,-29,-12
-131,-12,20,105,-113,-44,-5,-45,-54,33,8,50,20,79,-17,6,84,7,-11,-19,31,63,-80,66,31,69,-46,24,46,-60,29,64,69,23,66,49,-30,-36,67,3,-14,-22,-2,-57,-88,10,6,32,31,74,79,57,-34,-5,-33,1,-29,6,-82,37,-125,40,-69,-69,-53,124,-164,-1,21,-54,62,72,53,52,58,-141,-95,83,-7,-19,-1,-28,-155
140,33,-118,28,12,107,-51,104,0,-22,16,46,11,-88,15,193,-94,-55,11,97,-40,-147,103,38,-14,25,-19,48,-15,33,-38,29,74,75,84,126,102,-123,-157,44,162,-75,46,-19,-95,36,78,-8,49,26,103,-34,120,-20,91,0,-121,-41,-48,-131,-9,-60,-41,-53,-60,11,-42,54,106,43,132,27,-74,-8,110,-29,29,66,66,-49,161,-78,188
8,-122,36,19,-151,114,-71,38,35,-88,-97,62,-60,-96,-61,-150,36,88,-52,4,-84,-88,-122,-135,9,85,-20,32,91,-28,20,-59,151,16,-67,-123,32,43,-32,-47,35,13,47,-20,-15,12,-28,-64,-3,82,-85,69,-119,-2,46,-44,144,-105,-15,-7,49,53,80,-88,-82,36,110,2,-135,46,-49,-70,4,48,-45,64,79,41,23,-94,-92,148,-57
43,-67,-36,-60,-108,46,-49,9,-24,-7,-16,-15,51,50,-2,22,-27,-41,-68,29,21,31,106,46,89,106,29,-53,-46,64,-94,-50,-31,-65,-60,99,-100,-66,45,-24,67,93,87,-92,189,-5,93,17,92,-81,55,107,102,-15,5,34,-91,78,133,-5,116,-25,70,10,12,-68,-49,149,-27,141,18,-55,-87,13,120,-28,41,86,-45,64,-32,120,-84
-58,8,144,25,-30,-18,-49,90,10,-54,-11,47,-52,71,8,-59,31,140,140,-145,-20,26,-58,76,-3,-51,148,88,171,78,-9,7,88,4,8,-24,-173,86,-7,55,148,-94,-9,32,-102,104,-97,117,113,107,50,3,-36,200,-83,-134,25,-2,-230,139,-34,37,62,53,47,-6,-78,73,-64,-115,-26,-133,98,-78,-33,-21,-44,106,-20,159,122,69,-5
-58,143,109,-59,96,7,83,53,86,-95,-16,23,-27,149,23,-10,100,94,190,39,95,37,69,-12,-53,107,113,69,139,52,68,25,-39,21,128,47,-42,26,130,54,13,186,-83,-17,-138,69,-135,46,143,-22,14,13,-198,20,18,44,-170,42,-37,41,77,0,-15,122,122,-111,-52,178,-60,-36,63,43,64,52,-6,68,-48,145,18,-122,16,83,3
77,16,45,16,29,-15,141,108,54,-22,7,-65,-103,52,-44,-61,51,133,2,-38,-51,-13,60,14,67,9,115,19,84,10,-29,76,65,-127,120,57,253,-11,-52,7,172,-84,10,26,43,34,87,103,39,1,59,-38,49,109,131,-33,73,5,-11,36,-16,33,91,77,-85,142,71,-14,120,-38,-21,37,61,97,22,107,31,-48,-34,18,75,39,-115
33,51,-25,-27,-94,-81,80,32,-11,-19,12,57,-107,-47,-30,99,8,174,14,-66,10,-98,-85,-97,34,-34,63,-35,-29,14,5,-41,-17,-93,-33,117,-15,-112,-152,-39,75,41,-71,-25,22,29,-126,10,-64,92,16,-87,-15,-35,108,82,-118,-104,73,-147,-83,-66,64,110,-90,-76,-54,165,52,61,28,-35,-116,-109,16,89,-61,97,-42,80,15,9,46
-27,-82,110,143,-17,53,-8,-1,176,-25,64,15,131,-78,-12,54,127,180,86,46,-24,63,-116,153,72,125,-16,54,51,30,23,0,-2,110,-39,73,154,-55,-12,54,-24,126,69,-16,30,38,8,91,35,2,-119,87,7,-37,145,82,-169,-60,-9,-38,19,74,98,129,16,1,77,128,64,7,188,22,49,157,114,60,-35,1,-130,-48,37,24,115
-19,36,-6,84,-29,-46,-19,8,20,20,-68,88,-27,129,32,-21,84,57,-9,-67,-80,22,-44,-61,-116,-12,58,19,17,54,-15,102,-150,87,189,65,11,-10,-3,-17,-122,34,91,55,202,41,-15,35,87,67,-44,-79,38,-7,-97,31,10,104,0,76,-41,-15,-31,-32,-30,127,60,-89,-97,-34,120,101,-21,1,107,-81,-10,95,-84,-48,-150,139,-100
-51,117,-48,107,17,-151,-16,112,-20,150,34,34,-28,66,157,67,-57,90,46,-49,-9,-91,73,6,-42,68,134,131,79,-59,-8,36,64,30,58,42,126,-49,61,94,45,-26,-74,-4,-62,-8,-47,-13,77,-41,57,-103,16,-48,34,76,-108,-18,39,-24,-78,81,-55,35,14,21,-6,28,143,-73,-46,-115,-199,-55,-38,-20,-97,104,10,-7,4,2,115
103,51,12,17,191,-16,51,-17,87,15,45,48,157,44,105,187,50,-58,-23,-62,22,96,-28,182,-9,108,18,49,-65,141,-76,-4,-28,19,-51,32,38,-31,169,47,89,-5,43,71,-33,-68,145,107,-15,27,-59,5,47,-69,65,19,6,97,95,182,153,59,67,2,268,-82,-134,38,8,-39,42,75,31,-37,19,160,88,-96,-82,174,50,54,-28
77,-65,121,-17,148,53,-47,113,-39,42,-72,29,60,126,137,92,82,-125,58,35,159,-85,72,49,31,131,90,82,132,51,-46,2,109,110,13,-81,71,-121,110,101,72,22,-6,91,-46,-182,19,16,-107,-31,67,32,23,-57,-10,-90,112,-68,69,7,-46,72,-51,-71,37,37,23,18,-91,185,26,76,146,58,95,-34,98,90,-7,26,101,107,17
22,-6,-96,90,5,50,-1,-72,161,23,2,145,-44,-83,-55,179,4,144,32,-15,25,-3,-29,29,125,64,101,-34,56,3,-17,-22,-39,178,79,47,119,31,-15,21,-28,5,126,-74,-84,-104,82,147,99,16,-44,53,37,27,6,0,-189,-40,-122,-51,-3,12,-27,65,156,52,9,95,-75,0,119,97,35,64,-49,93,66,-123,131,53,88,58,68
38,106,135,101,88,8,-35,40,-94,168,-122,-1,-139,97,41,-162,-7,-65,-72,-129,-22,76,-87,33,-45,181,11,39,190,15,2,-31,125,139,7,44,21,-6,-19,148,154,-121,-102,52,-44,-101,-7,106,80,-51,55,-54,-98,150,-81,-52,68,-59,101,32,27,-20,9,12,-34,54,52,27,24,-24,-87,-53,79,-57,64,34,65,-44,90,178,133,9,-21
44,25,-41,-88,61,80,-8,-65,120,22,-10,7,57,4,-97,237,-41,71,65,-26,103,17,197,297,148,-11,54,103,55,47,84,-38,49,28,33,2,54,24,-74,80,18,153,12,66,166,109,-13,-5,151,-75,66,-56,-110,119,-95,59,63,75,13,3,12,250,23,4,87,-4,7,84,-161,111,95,175,207,-35,8,70,24,7,89,140,-78,101,57
-66,41,28,45,-30,-6,-72,-42,133,82,-3,-99,-64,19,50,-3,13,-26,-44,-94,20,-30,-16,21,-64,-3,-72,1,-31,-25,36,53,26,-93,192,70,-30,-27,50,41,25,-21,48,31,34,-38,-21,102,-2,21,37,53,-36,-69,-6,-38,-3,52,-59,-14,-4,-45,-132,43,-49,-17,-105,-14,45,-9,68,-10,38,-121,-175,-78,130,-38,-47,61,50,14,-119
15,-29,58,26,112,96,62,15,7,-28,30,-32,-18,-81,10,-122,-10,41,2,-91,-91,28,-29,-30,13,131,163,144,102,-20,-58,-98,55,-11,-19,30,16,24,-4,47,53,-110,65,51,73,116,8,-16,67,112,66,-58,26,56,-37,-99,122,15,-12,46,-22,102,-49,26,-99,155,40,36,24,-88,-34,-78,21,-37,95,-11,65,-39,46,67,71,15,48
-26,133,-17,81,93,18,-47,56,181,-54,-23,3,-105,144,2,176,66,63,149,186,13,54,56,116,-5,-24,-43,-141,-156,135,-68,52,-46,15,127,-78,80,-125,28,-45,52,128,8,159,-1,-42,-1,34,240,93,-132,40,-24,110,168,101,116,84,79,-30,43,20,112,100,81,-40,25,84,-68,98,46,13,86,117,-57,97,-3,-79,76,35,74,161,0
28,-31,82,16,5,87,-20,157,104,-24,8,58,90,-117,68,33,-26,27,7,-54,33,-38,-130,-69,-118,57,-49,-58,-16,-99,-2,91,121,-14,63,51,134,14,148,73,92,-67,-19,-16,-115,-16,88,-33,-45,135,-120,124,-25,-79,99,-156,-21,-25,-146,-74,-24,72,56,23,-111,85,-70,46,23,-89,4,-100,58,78,-137,-34,-63,50,-11,-54,42,-14,-51
17,15,-15,-90,-7,-56,-66,2,-95,-75,87,43,94,38,72,-9,-102,-76,-56,-114,-54,-99,104,-9,50,71,-33,30,64,-121,7,7,-46,3,-41,-112,-11,-116,-73,-2,-3,-74,-74,-4,72,-100,-92,-20,-28,-122,69,92,-132,-141,-17,-84,-68,26,19,-9,-51,-116,-77,57,-176,-75,32,157,96,74,44,-38,-110,-58,25,-64,-68,10,-105,21,21,17,43
77,-69,40,22,1,38,-246,34,175,-69,72,72,89,-111,32,17,2,89,38,30,-191,43,30,-1,79,85,25,126,-20,102,47,-117,-102,3,17,50,-3,-20,23,-22,-39,26,9,97,74,31,21,39,68,26,-93,46,-43,91,89,-27,14,-12,56,7,112,99,42,-17,78,21,-29,-87,52,-96,19,0,50,59,134,113,38,139,-80,-113,54,-113,-56
90,-12,66,-24,54,-88,-82,12,84,63,-71,66,112,109,80,12,-40,27,22,-49,-40,-19,-7,-33,-26,-30,-25,-71,-49,10,5,36,-43,9,64,91,-12,-68,52,115,57,60,-9,8,-47,-2,84,-11,50,18,-36,63,2,-15,145,-17,-45,-25,45,81,58,13,41,165,-37,-40,-58,67,54,-117,138,-44,30,24,53,68,32,-31,-142,48,27,25,-73
-49,-33,-26,-27,-163,156,15,-31,40,-44,-51,-95,-89,88,28,-16,103,-4,-19,6,71,-195,-120,59,72,-24,30,-4,135,25,142,-150,57,54,-140,39,-81,135,-89,59,88,75,-167,-10,-136,82,-86,-12,120,12,92,182,111,76,52,-85,70,66,-136,-18,-10,90,53,-78,65,109,123,-43,76,-13,-101,-108,-17,-15,-146,-17,-18,7,41,24,64,46,56
-28,49,-5,60,-28,32,-57,63,20,-77,81,57,-29,70,119,113,-56,74,44,71,-65,-59,147,-17,169,32,138,-144,-63,-108,2,71,11,-27,3,103,117,-124,-110,86,16,10,-15,-44,163,26,67,-1,-33,-73,40,61,-36,55,96,24,-56,34,76,79,-160,-50,-69,-17,-67,60,31,91,128,79,-17,85,-89,123,-28,-91,-7,26,-2,56,170,-82,152
-1,60,5,0,50,15,61,110,92,-66,50,-71,17,96,-53,39,-16,49,4,188,99,175,141,130,140,88,189,-24,-5,182,-102,143,125,5,110,57,157,-85,14,-17,69,126,7,107,-19,48,54,-18,82,-96,46,0,-44,2,3,-9,2,11,99,137,96,113,5,40,32,75,-25,-11,-135,-18,118,123,30,125,156,-36,29,-74,105,124,23,180,34
18,-18,-30,86,119,-84,44,-49,104,63,91,71,72,-126,-21,-26,-66,50,74,-13,23,-149,26,-1,81,-66,129,6,53,-100,27,3,-24,14,-25,89,61,71,81,49,9,4,172,2,77,21,14,44,45,56,13,-107,51,12,0,54,-112,-30,-36,-57,108,-46,-18,15,3,15,-70,27,-3,6,37,95,35,51,24,2,34,152,173,101,27,-93,96
166,60,29,92,145,84,20,164,-153,-1,156,75,115,-5,120,102,127,98,93,5,80,13,6,-16,86,88,155,-5,127,42,-53,-19,90,96,-49,171,80,-45,143,78,144,-74,168,153,29,-52,134,9,44,146,-4,-198,74,97,31,73,-15,-38,106,-48,52,-122,163,50,128,89,-32,136,-3,65,13,-53,-36,21,13,234,115,133,20,201,106,-35,164
-30,65,32,60,10,33,68,-94,-151,-38,80,173,114,-55,37,-76,-32,33,58,-24,15,-58,-34,75,15,67,95,41,240,-23,118,-113,80,73,-94,-50,115,91,-133,25,-58,2,-40,-4,-84,111,34,-67,4,-27,50,-38,-137,45,-111,16,55,-14,38,-25,-5,-61,95,-50,-62,-103,92,-56,17,-12,-101,47,90,24,42,90,-23,-105,29,47,34,26,110
-130,-8,27,77,124,58,131,-150,110,-45,-43,100,41,119,6,81,110,40,93,61,-63,102,133,89,-171,115,-8,-13,8,16,146,-54,-21,29,58,-8,1,4,-79,-51,-27,91,65,30,-42,73,122,-23,102,60,73,9,-180,-35,-20,197,-72,88,127,-26,-58,-43,-145,-58,76,-2,-65,-98,115,-41,-29,53,45,-72,31,-19,-109,-29,54,56,81,29,-8
-24,-10,-56,87,-7,214,10,9,29,19,-62,108,46,-77,32,51,70,83,-55,16,-2,83,-30,63,-65,196,73,100,127,-52,27,-89,116,24,-8,54,119,-12,-26,113,-18,-6,44,-43,8,39,128,-78,38,50,-20,-49,7,30,-39,47,-36,-61,-9,-77,-46,19,-39,-63,12,13,81,34,7,22,24,-115,11,65,-14,10,108,-76,-30,0,161,37,206
24,-7,167,54,108,88,59,67,156,77,23,-21,48,-56,16,104,5,100,136,37,57,61,-5,35,55,-36,43,117,-10,10,-221,97,-19,-157,-10,-7,112,-15,111,-68,172,-66,106,8,11,50,50,174,-137,108,13,37,4,-29,28,-14,-7,-68,-30,-5,24,112,-84,11,97,12,-31,16,-41,-12,80,92,131,2,123,23,6,47,-25,-48,153,2,46
71,30,-40,77,-16,121,-18,108,33,29,76,45,97,-86,-14,63,75,-89,-108,-23,86,130,98,245,-44,180,62,74,-59,71,-45,52,211,74,6,103,131,108,78,161,50,-81,58,10,28,-36,11,-38,46,-66,76,29,56,31,-53,-136,147,43,-57,40,-30,118,-39,-38,120,-31,36,83,23,59,116,18,132,74,-61,38,-74,118,5,-33,27,33,29
-47,-13,-87,118,-66,-119,-104,70,7,-80,47,26,70,16,53,-18,97,-6,-56,-47,-71,61,-40,-167,-45,-24,-4,-60,38,38,1,21,-12,41,-124,-2,16,98,41,66,-7,15,-23,66,18,-24,43,45,221,120,-42,-22,64,64,70,-43,-41,25,-71,46,-33,-118,108,-124,-8,9,-3,96,-17,-58,-105,112,-39,109,-100,-25,-84,46,-53,128,77,-111,42
-14,-92,154,43,-6,27,-19,-12,-13,35,165,105,70,4,63,119,-30,139,88,-38,-41,85,-56,29,72,8,14,-37,-7,-42,78,84,-43,-54,67,27,55,76,-20,165,93,-84,91,63,-128,118,6,-56,10,86,13,-38,232,190,-5,3,-105,-89,-38,1,-20,115,16,59,80,64,-40,44,-65,26,26,-18,152,97,-19,14,26,49,0,59,71,44,31
94,-8,24,-79,229,31,155,153,-19,-97,8,-102,2,-64,67,79,10,93,98,-5,148,-4,107,70,116,-29,133,-14,-110,18,-53,141,43,-7,70,-23,-5,-103,-87,-162,119,-73,105,-7,-20,-27,-15,-10,20,84,-4,-17,-110,-83,-33,55,29,100,141,-66,4,-37,-5,119,6,52,-45,145,-164,124,75,-74,-34,-75,130,23,-88,-17,95,136,-46,39,216
-17,149,17,193,65,-8,-72,83,83,-98,52,56,32,-82,64,113,112,170,32,29,97,53,101,101,2,-95,152,49,-11,40,-151,-19,83,-1,22,28,132,14,59,130,143,8,162,-16,52,31,20,52,108,169,-39,5,105,41,-18,25,-109,-3,60,30,-44,45,51,64,50,-92,-18,107,29,36,114,0,87,-12,-53,146,67,56,125,5,-51,116,25
27,88,45,95,22,-2,107,69,48,-3,65,187,-20,36,-1,57,-12,111,114,-23,-5,-30,78,-24,36,-13,143,102,147,21,32,-103,-17,-34,91,-43,87,5,-51,-46,189,-79,22,-40,-5,2,-67,81,80,17,-32,31,36,85,45,70,171,66,32,8,44,86,135,24,36,54,108,163,-97,110,26,151,1,133,77,193,78,-14,103,-119,-2,141,-96
-54,99,98,-6,125,141,-66,116,59,-6,-34,141,74,46,88,67,50,53,85,-55,38,-5,-38,105,-178,-11,31,95,214,99,141,-146,-85,32,0,34,23,65,-84,15,237,-4,116,33,-80,125,101,188,215,33,-37,112,-37,299,94,-22,131,77,-78,-20,84,-39,31,-13,101,63,95,105,-25,-18,83,-31,10,54,50,8,73,97,-29,94,62,90,194
37,105,55,19,-60,-19,-92,-56,35,109,48,95,-18,-101,-75,-55,-140,68,-32,65,-67,0,24,-89,141,15,197,29,60,25,13,-86,68,-30,20,110,48,31,-46,51,129,-116,-6,-123,-20,3,42,-31,62,4,27,-107,9,115,-33,81,18,-28,-36,49,126,77,89,-80,70,29,-5,-44,-67,-72,149,-107,-72,149,64,76,136,29,147,-38,41,-13,58
-52,-34,43,-26,89,39,81,93,42,68,101,87,172,-10,106,-6,13,12,-66,-46,31,56,156,57,-103,43,24,90,128,-28,91,-35,-77,-51,-10,-3,38,69,88,-39,56,-117,-2,-90,-63,43,-32,100,-114,-15,-11,-4,-56,-71,93,22,18,96,79,-93,30,22,-61,-77,137,10,-97,-149,49,17,-96,30,68,-119,-37,-30,-19,39,-69,-22,42,-30,32
-75,-200,-6,-7,-72,-42,106,-41,68,-57,115,-15,-63,-91,-117,-47,-57,13,-42,10,30,-41,-166,10,116,113,173,74,-86,-37,180,47,54,7,-22,-73,-73,25,-94,-69,-148,30,-33,-64,-53,-25,-58,-183,-166,22,-92,36,-54,-156,-131,-32,-10,-21,-101,-37,28,125,-106,-60,44,20,-18,31,-171,76,22,6,-98,27,-22,-105,90,-54,98,-64,-50,-17,-36
51,-40,-12,-114,-39,46,-43,65,118,137,-152,-10,26,114,-79,-8,59,52,18,11,22,58,92,41,-104,-97,54,69,63,24,-25,-74,27,185,22,-68,20,79,57,40,7,177,93,117,53,107,-62,9,-2,-139,-41,43,15,124,-28,-38,-98,-146,13,-17,-11,-53,-9,142,29,-25,93,84,-169,63,113,13,-7,-43,83,22,37,85,-116,118,-18,167,-34
-11,15,-10,79,155,127,70,79,114,34,14,24,8,-55,42,116,-33,-16,59,38,94,36,26,87,-77,84,23,153,-29,41,98,-11,-65,-85,88,-43,73,-28,10,-31,63,-40,-12,-69,-30,-45,178,104,-48,101,57,-1,70,-79,9,12,32,127,-12,-41,100,102,-39,-132,91,144,-26,8,83,64,34,215,59,-46,-16,27,108,-114,-44,-53,-99,53,-15
-3,94,-54,22,-112,14,119,-33,10,-96,9,33,-107,-42,-31,115,-35,-46,-60,124,-7,73,77,11,132,-74,54,82,-63,114,-13,-13,-108,-59,31,29,3,28,-7,-49,18,110,38,-9,28,29,-18,7,46,21,140,63,137,-37,76,141,-7,50,-70,92,88,110,-31,-76,110,-41,-4,-65,36,-3,22,123,44,51,87,36,32,15,38,-6,38,-29,-67
59,66,37,-15,98,46,4,1,65,39,-13,2,-37,12,-9,83,44,13,144,-42,-44,125,-14,68,74,80,-50,86,95,93,6,-55,51,197,9,-133,-76,71,65,-60,70,-8,25,98,4,-35,-118,142,65,-98,56,-5,-19,-39,-88,181,-54,39,-95,35,127,102,47,-51,39,40,57,-71,-129,61,82,266,90,116,81,-75,-77,71,8,10,18,87,9
106,85,-46,48,92,15,-148,92,150,27,74,132,55,-3,69,111,24,183,164,-17,-22,96,62,47,94,-4,-15,85,14,65,17,-99,52,132,-1,18,40,-39,107,-76,177,39,-88,96,95,-13,4,45,169,-28,-74,22,72,109,83,13,22,-2,-72,-10,92,159,237,-8,120,108,-8,101,-214,93,98,196,93,116,71,-7,34,-33,-65,24,78,113,113
56,-189,6,-109,100,105,109,126,71,-14,42,-27,16,16,67,-26,-16,7,-3,-14,-20,-134,-46,-104,9,10,111,-37,-47,-33,63,147,-97,9,-18,65,28,-113,-10,-31,82,-58,-43,-118,14,-30,48,68,-195,39,-35,-30,84,-117,173,-39,-35,-85,19,-115,18,114,-44,88,58,129,-50,94,11,37,-91,-114,-48,10,87,20,-61,-36,-109,-79,14,19,42
-2,158,7,82,113,49,64,56,-20,108,-5,-48,-113,264,218,-130,13,3,170,74,-92,-17,61,55,-64,7,45,-134,35,-21,33,29,45,203,-9,83,42,-87,64,34,57,112,21,74,118,65,-25,18,34,-105,59,49,-77,76,-65,65,-98,-20,71,82,-64,13,-83,82,-3,98,111,115,-37,63,-24,98,29,155,120,-64,1,-9,75,143,112,36,47
-80,-30,20,-54,25,111,-52,-35,58,-77,-73,125,104,-63,101,81,90,11,-17,-34,59,87,2,-53,-91,225,-57,74,69,18,82,-124,82,69,-61,-91,27,-72,-15,81,39,107,-52,87,-148,-167,-49,26,-21,-40,49,97,-43,13,104,-39,78,22,-44,3,-18,115,-37,-19,76,-30,75,34,-5,-78,5,0,124,19,-60,24,-4,148,-67,-68,62,40,82
36,-47,60,-22,-99,-12,-26,-16,-16,-25,-12,193,184,98,91,-2,-1,-95,-180,74,-172,140,-13,33,13,111,33,139,-30,32,-7,-131,-106,30,-8,127,-34,-59,114,112,-98,-16,142,48,87,55,237,-67,13,-6,-108,39,-43,-41,71,154,41,-52,208,108,-45,-142,-19,-45,-18,61,-14,23,156,-98,33,50,-132,-13,202,-32,208,-31,-135,9,89,-70,-44
-44,-59,72,129,-9,-135,31,-134,68,111,-43,41,-21,-2,-13,-18,33,0,-137,41,-124,102,88,-11,47,-8,-114,27,-66,-100,-71,-94,-123,-56,43,-60,115,-21,93,-82,-81,-60,32,-118,151,-55,100,105,6,107,-49,125,19,5,26,88,-14,-38,27,-56,-8,-44,-67,-24,-11,-29,75,-68,49,13,-56,-3,56,54,32,-99,105,-99,-26,16,195,-87,-129
72,-71,32,74,159,148,59,115,26,120,11,50,241,-85,79,121,63,6,-10,-59,8,-1,123,195,17,-59,56,227,181,144,31,-9,107,134,17,152,191,17,-82,76,166,-16,-55,60,13,40,178,24,51,-36,34,13,4,70,51,-39,36,-10,37,38,36,58,-12,12,0,3,-16,-68,24,-11,1,-32,127,21,54,34,12,45,-67,54,20,38,209
-13,117,20,-119,67,35,11,-44,-17,-4,122,5,-48,134,8,-143,0,66,88,51,-171,-117,58,16,107,-30,27,-21,50,-111,2,-108,-76,6,58,-33,-68,20,89,-133,1,-42,46,11,-27,-96,-63,94,134,75,-57,-36,-95,94,-31,63,-41,-27,-103,71,-42,-33,116,38,77,66,-14,-46,-136,-71,19,-25,81,14,57,25,112,-90,75,133,152,-80,-92
-13,22,-9,39,27,113,-84,22,85,-144,-72,121,0,148,-20,53,44,-66,-69,84,-1,21,-18,114,-71,190,34,-12,85,166,137,-45,1,20,34,-26,10,0,-92,149,-5,72,9,47,-50,-51,38,59,71,-59,-7,-1,-72,19,62,33,52,21,59,93,51,10,23,-53,66,0,-9,-28,52,32,-71,54,181,86,-74,113,70,29,-33,162,80,59,-50
55,28,-63,68,46,141,94,-86,-97,79,-32,-39,-57,-113,-16,76,130,94,-8,14,151,-43,-51,164,5,103,62,0,-8,-52,-36,-71,138,5,-3,68,-12,59,10,68,-36,90,47,24,59,-30,32,46,9,5,3,8,1,51,-8,35,22,92,-41,-39,32,81,1,107,139,53,-21,41,-80,125,8,-70,170,-46,-27,-51,-86,-8,118,164,5,81,85
-31,-7,81,-37,186,-127,0,22,42,34,-41,-97,0,99,-32,4,-29,0,-30,-116,-74,96,141,164,14,78,48,127,23,-49,89,66,-31,-30,10,-162,149,23,-92,-20,49,-36,-30,-21,73,110,1,-21,38,-127,24,22,-110,28,-163,-104,-80,36,103,132,73,30,-172,35,-57,-64,34,12,-2,78,70,-59,-52,-12,159,-162,-60,-107,25,150,5,60,53
29,-54,30,25,-23,-90,-47,-7,169,-22,46,1,-93,41,-93,45,-60,-30,23,33,-190,-16,12,94,209,19,71,-59,-44,47,-27,-178,-105,116,-35,-101,-59,172,20,70,139,-8,-83,62,-21,-55,-64,108,116,-93,-75,178,44,102,141,5,-84,-10,5,43,105,30,80,25,102,11,-7,76,-10,39,-7,23,-52,225,16,92,-9,-107,151,2,178,-72,-16
59,91,-81,48,-40,-121,-59,-35,19,41,106,26,43,80,49,48,6,-48,-60,31,-78,164,137,14,44,4,135,-57,-30,111,-82,115,108,22,123,94,87,-57,110,92,-17,22,34,-47,211,72,97,-28,120,-28,-39,-89,84,141,-29,64,-108,113,33,113,163,23,86,7,22,-119,-156,101,-22,7,-2,34,-50,56,8,-104,50,46,61,192,15,87,-37
17,37,-11,-15,81,-91,69,14,47,-38,-56,77,-26,131,45,89,1,67,40,-61,94,-47,65,101,99,132,143,-166,89,-18,7,-14,46,41,39,106,81,69,33,54,174,70,120,65,-93,-23,116,-47,155,17,99,-42,102,86,48,91,55,87,84,65,130,99,26,55,-1,50,47,84,66,2,184,8,-48,57,-18,52,134,-44,94,75,55,184,54
60,-37,127,-33,47,86,-75,112,-198,-10,5,-57,3,231,26,-125,120,-41,-28,43,-35,10,109,161,54,52,31,60,95,55,-53,-31,-91,-72,18,141,-65,6,56,24,69,-70,-28,6,74,100,66,-13,136,-58,15,88,3,193,-31,-49,29,-73,51,-2,35,-97,-49,94,-97,52,104,90,-6,152,-134,-119,22,36,165,-80,107,-25,-65,101,44,67,-6
15,124,-80,-179,-17,6,19,0,-6,-20,100,17,-33,53,10,69,66,171,51,112,6,1,119,-7,-40,-33,3,-107,-123,-8,-31,7,-24,-23,93,52,2,-46,120,-104,-75,76,23,19,-85,48,-113,-88,99,-78,-40,-153,-23,63,133,114,-112,-6,8,-54,-87,-47,139,40,194,-46,-103,27,-50,11,34,1,-32,11,-3,119,-71,0,15,-64,50,-8,-37
197,-42,-47,-63,25,147,13,-53,71,-66,-200,84,109,-15,31,132,-57,48,-60,-84,55,103,128,-5,-66,-45,126,0,171,100,-26,-61,55,100,-55,-5,-22,50,-68,118,52,-44,-21,-6,30,79,197,0,14,-35,33,75,35,103,-89,-133,19,141,-27,86,-6,80,-18,-113,110,153,58,47,-47,23,-57,108,140,-62,-82,107,79,12,152,108,-26,14,12
97,240,-110,29,197,177,51,-25,24,43,-11,50,-7,-152,42,19,-52,28,89,66,-20,-122,94,-23,128,-13,74,70,53,75,-59,31,87,107,57,198,67,-52,-11,-25,13,-60,46,-76,64,-32,-3,37,26,5,61,-122,-9,-69,-170,119,-92,35,-13,19,11,-14,44,58,35,-15,-36,29,-111,31,141,92,199,-1,15,44,42,-27,108,51,19,26,170
87,-15,121,-77,115,-33,89,122,40,37,30,-9,-128,55,72,53,19,58,191,-92,43,78,22,64,52,73,85,51,-5,-25,-16,-26,-51,27,105,56,8,-6,88,-66,163,-130,59,-36,19,47,-84,-7,70,15,-98,59,-36,130,-6,5,35,36,-3,-172,40,82,-7,198,-47,72,78,223,-59,68,27,-110,-61,71,93,-61,-72,111,69,38,94,62,-2
96,-81,71,-81,-63,46,-28,-100,-93,-74,-7,46,96,68,-80,88,69,29,62,18,28,86,73,93,13,-44,-30,34,141,54,33,-69,12,87,45,60,-161,104,-3,62,-81,66,100,99,7,182,-24,-72,-14,-87,54,-17,88,179,-79,83,-45,-81,-12,14,-62,-4,-13,197,2,-66,-30,32,32,55,35,-10,132,-137,25,119,76,31,-109,-15,33,-13,19
33,24,36,-29,117,-68,207,16,-170,78,-29,-99,-67,26,-23,32,30,39,16,-40,131,-128,36,195,-88,-25,-65,-96,-24,-3,-99,38,-75,-108,55,-53,114,47,-149,-99,57,-95,47,13,-80,53,-46,19,-23,-25,57,-10,51,47,-31,15,33,-15,53,-112,-163,-5,-85,131,-79,-142,124,-30,48,20,30,-80,-48,-83,42,95,-74,-132,-35,53,49,-48,51
51,-108,-81,-79,-18,28,73,4,83,47,-40,-16,25,-25,132,-74,14,-13,36,47,40,-10,-40,-29,115,146,96,43,142,38,-12,-24,35,222,10,142,-102,21,116,-109,11,40,125,53,-202,-133,-27,34,-5,83,52,6,-21,18,94,100,32,93,86,-29,187,-3,26,103,96,127,-2,18,-19,-61,85,68,69,-30,34,75,72,146,123,31,-49,6,30
34,-79,75,47,131,82,58,98,72,21,8,6,93,87,-145,100,101,66,57,-26,82,-99,23,186,58,75,-13,36,107,67,32,-27,-143,-48,-114,-2,-17,-12,-79,-98,82,95,35,43,33,10,168,81,-20,-46,-11,55,-20,-113,18,19,-80,-35,-40,80,6,101,1,86,160,3,-1,-90,-51,19,52,-26,34,-19,86,-47,62,-67,-158,52,-29,215,111
0,-68,172,-69,-38,171,36,57,-47,59,-49,-144,-141,45,-75,-132,40,12,12,124,-23,-27,-28,129,129,81,-11,49,-165,-44,-103,-110,36,-36,-60,45,-91,24,76,-79,-70,-35,60,20,215,68,-5,78,-119,-58,83,42,-97,-25,-82,3,178,-80,-69,152,-14,160,-162,26,19,43,51,15,-48,46,-34,-52,21,7,176,-140,124,-147,49,53,-9,87,-4
36,149,-51,-2,5,-46,75,87,58,-23,-5,-11,-153,24,143,-31,-30,-85,-89,127,-27,-57,-21,-61,-49,75,63,15,-7,38,184,46,30,30,64,-77,2,3,-39,-15,104,9,28,-51,31,-103,-69,129,-77,88,157,-2,-13,-67,69,141,97,57,56,12,80,55,39,-69,51,167,6,-60,42,88,92,-5,-41,45,62,-21,29,69,103,102,-70,18,76
81,-41,4,-52,-16,49,73,-42,46,-30,64,35,121,81,121,137,91,-10,-28,-19,49,87,85,208,61,85,-38,-27,17,-7,-95,77,19,0,161,38,90,53,97,77,-17,77,52,92,-85,5,122,-70,5,-100,-29,109,80,177,15,-55,-121,45,-13,75,-68,70,-35,145,40,79,-2,124,-29,35,22,93,176,59,-23,-101,53,26,-57,49,95,115,-67
0,7,-9,63,53,91,-46,46,39,-1,144,114,-68,-40,30,-36,61,108,58,-4,-80,-7,109,98,34,147,103,83,80,112,-42,-167,123,89,63,17,39,31,-43,-6,45,67,159,-2,152,66,-86,109,145,-107,-3,42,52,86,-8,38,74,-1,-32,-64,68,81,69,-35,29,-10,55,167,-117,154,72,223,100,20,92,-23,99,66,-3,70,151,67,9
