-109,20,-8,-40,24,38,-11,-72,-28,20,-135,65,-111,57,21,-8,-24,17,-20,65,-64,33,-2,-23,18,116,-17,6,93,-10,90,15,10,29,47,-53,20,68,81,-3,61,-31,40,74,64,-99,-80,28,-8,16
-94,27,20,70,163,41,-19,114,54,66,32,91,47,105,6,99,97,-2,27,96,118,166,73,78,60,25,-66,29,-23,93,10,2,3,19,77,74,127,77,-24,2,32,46,56,59,77,61,13,40,61,-48
30,-68,31,6,12,-66,-67,-3,9,-75,50,-55,-2,-32,-59,56,10,-43,38,73,55,-79,18,128,28,22,-47,106,26,64,63,-55,58,36,-110,-34,70,48,-17,8,61,-36,-65,55,-18,16,130,84,31,-85
132,52,80,83,-40,4,25,18,77,14,43,77,-12,-8,36,87,49,127,125,-78,-6,71,86,107,32,2,108,44,25,-41,129,68,66,65,109,-17,18,-36,23,27,-6,-91,26,-61,120,22,75,-8,-10,-34
-36,55,-23,-2,-34,-37,-34,29,-3,51,-6,141,113,5,-75,33,29,59,29,147,-8,14,80,33,-28,101,-50,-16,130,-5,89,-3,33,83,61,68,68,22,-34,124,6,-10,-20,-64,-17,10,80,-76,4,27
88,-116,131,19,58,18,3,79,31,13,41,-57,34,81,16,-14,-16,-128,108,-79,113,-83,-83,69,67,-21,100,77,46,59,98,-27,129,99,8,-2,-45,86,59,-23,-21,-18,-2,65,63,21,65,103,-90,-23
-101,95,3,132,-49,-50,12,11,-8,19,-61,40,51,127,-27,4,-48,93,9,79,76,-41,-45,7,-59,21,3,-24,40,34,54,-6,168,-45,39,69,90,30,33,49,64,-16,11,-17,-81,61,93,68,-73,-25
93,13,29,-62,46,16,-8,-41,44,7,-41,15,-44,-4,38,-1,24,61,55,8,15,-45,-17,0,13,-74,11,-95,-24,-75,8,-17,1,29,-120,-102,26,-39,0,-18,6,27,0,4,10,62,-32,12,-119,-26
12,88,-91,48,89,-22,72,36,2,-69,38,-57,75,12,69,-51,95,114,-102,22,-99,35,-19,-73,24,71,-34,59,141,82,77,-28,76,23,212,40,-66,-20,-123,17,-94,15,87,37,83,15,95,41,54,-17
-38,15,52,-28,20,61,-88,-7,-17,-23,-29,-31,26,91,-1,49,3,-57,-66,-13,46,52,-41,-29,-26,32,-1,25,9,36,-74,-46,38,125,30,15,110,97,28,26,-54,-62,-55,58,31,-42,-107,100,17,18
64,40,20,50,128,113,129,79,68,44,-124,-33,-88,173,23,-1,98,-63,40,10,78,22,55,62,125,-20,26,-2,73,-120,153,15,18,49,34,49,49,-91,28,-5,-47,-52,93,-1,91,44,-122,32,-171,-20
28,64,12,-63,-12,94,-16,-112,-20,-13,22,-49,17,38,46,40,76,-6,-75,122,-39,106,117,-16,29,50,-57,-18,115,29,32,-32,-20,26,21,-29,-24,-39,-50,-30,41,-6,-63,97,7,-19,58,74,18,19
-84,37,-93,-52,-1,-58,-35,33,-21,-52,83,13,-7,6,-26,50,37,-27,6,95,75,2,123,3,-43,46,73,70,112,51,23,49,-32,-9,33,55,35,30,70,25,-70,41,21,-13,12,10,51,16,-46,2
124,83,6,77,64,-39,19,88,23,-100,51,19,12,-6,41,7,-5,-8,-59,7,-10,13,32,36,59,10,165,-24,-33,-32,60,-32,-101,45,49,19,25,36,1,106,-95,-66,18,-46,-6,-15,-36,3,-15,35
38,13,39,-4,11,-41,-83,-21,-22,-6,-52,29,14,32,25,-32,32,-1,8,17,75,35,90,-2,41,-27,65,78,8,62,42,14,-94,91,42,-19,66,26,-99,-21,28,47,44,26,74,46,4,19,70,24
-51,-50,-19,-1,-35,55,-26,51,32,103,22,107,14,72,-49,41,5,-46,37,39,36,0,68,4,91,-2,-58,-20,66,48,-22,77,16,20,131,37,35,81,68,11,60,-22,-49,1,30,31,-50,-22,5,-30
99,76,78,71,-8,15,-13,-48,27,129,48,110,-66,21,4,28,-30,-5,27,14,-80,-12,-44,22,7,20,63,106,-132,-33,-19,-32,25,26,66,41,29,-35,44,39,23,-71,58,77,-61,-19,-31,6,120,9
-106,17,73,6,51,-4,-47,-1,17,-26,80,-91,-47,95,122,-19,-64,48,41,6,48,16,-38,15,99,85,26,-10,-6,56,-59,32,-33,-64,-31,6,-90,44,-110,37,12,10,20,53,-63,49,86,-3,17,41
-180,-26,14,-118,167,9,-83,16,84,-30,15,-42,-63,126,-24,19,53,35,45,64,64,49,58,-77,19,71,-55,-8,98,82,22,-14,122,41,35,-47,112,125,-58,36,-48,-80,-103,128,117,-25,-4,188,-101,125
-9,4,15,-26,28,-33,3,-156,-2,59,-17,47,-44,-7,-65,105,74,28,111,3,45,50,26,131,28,4,-74,133,11,147,13,50,54,-16,37,-63,32,10,-84,-18,-3,-55,-112,35,21,-17,118,14,72,-27
110,62,40,-72,-19,129,2,2,31,103,71,112,-45,-126,-21,128,-24,75,-1,-37,6,79,72,19,-27,5,-52,38,-59,34,-87,-59,-1,8,57,-2,-21,63,76,22,8,-25,-123,87,90,-137,-89,-23,115,-45
-38,67,57,36,-61,1,-51,-15,-53,-134,-1,48,36,47,-44,52,-30,46,123,118,81,34,-39,-2,31,-18,-6,-46,-74,-6,-18,-56,16,-34,42,10,76,9,-18,-18,-4,102,13,-35,-17,17,50,35,66,-45
16,-56,18,13,-22,-36,-94,66,30,41,19,9,-47,4,-51,30,-32,17,-48,-25,73,137,138,-77,-18,5,-4,-30,-43,42,-32,-68,-81,-71,210,85,-37,40,13,24,14,79,-7,59,121,-24,3,-47,23,32
37,2,13,63,73,-8,36,27,-13,-18,46,-30,103,61,0,-41,40,-32,123,41,115,-87,-7,62,129,-47,48,-23,-28,13,82,3,-17,-15,-78,-88,48,21,-73,-27,-10,-13,46,31,0,101,-18,19,-2,-5
-66,23,33,67,74,73,-112,8,-14,27,-68,-44,50,108,-10,-74,43,-12,-40,145,111,111,14,4,-49,127,-44,84,66,11,32,-99,128,52,126,114,148,31,0,12,135,93,-48,94,55,99,39,78,30,37
25,-24,20,3,15,80,20,-55,48,-18,1,-52,56,-155,22,81,2,69,-107,15,-26,88,35,-27,-7,133,-43,51,67,108,50,24,129,-5,61,51,22,-74,-29,-30,93,51,16,-8,32,53,181,67,14,2
16,98,-61,-11,-75,8,-26,-42,-33,-23,-72,83,31,65,-42,63,69,140,80,64,-61,8,72,56,-112,12,-45,13,110,-3,26,74,67,-34,6,-82,50,-49,27,-48,49,-51,-42,-49,42,28,62,60,-45,8
78,115,117,71,-75,-67,8,27,-43,28,9,48,53,102,-48,63,122,-60,-13,11,19,71,113,-20,49,85,71,51,95,34,79,-58,22,80,172,113,37,-8,32,26,-97,-57,-20,-2,-19,9,40,18,18,18
-1,91,-20,15,-68,61,-49,-71,2,65,6,41,45,37,-75,38,-8,48,-39,107,27,9,-25,1,-38,38,-58,22,-77,77,-60,-51,112,-35,117,116,-21,13,51,-26,106,79,-39,14,-43,11,-32,-13,96,-22
18,-142,-12,-12,82,21,58,-9,73,-42,-44,30,9,-2,-23,117,-16,-116,135,-30,109,16,-19,69,-94,-158,-91,37,20,70,26,-53,66,12,-85,6,71,33,-101,5,31,-25,-82,-38,141,33,74,27,-102,-45
11,65,20,39,72,23,-13,-56,93,32,-92,-42,-32,105,31,-47,-39,53,12,2,62,73,91,-23,5,19,20,-66,-15,109,10,40,26,17,28,-51,17,49,-28,-5,-39,89,75,125,117,77,16,15,41,-74
64,210,111,86,-120,-5,-41,-56,-59,47,-37,-2,-21,105,9,23,59,42,51,52,-10,67,98,-5,-11,-26,0,-36,61,34,0,6,32,4,51,-16,28,-63,-4,49,44,-56,-38,25,11,71,8,57,31,30
-64,39,-62,58,54,24,91,-70,0,164,-38,4,-88,44,-1,-51,11,69,48,1,-7,-2,38,-14,-39,-72,-13,-108,-11,-140,-22,1,70,-55,104,16,7,-66,75,60,-72,-12,79,88,52,19,-179,-72,-65,67
86,102,88,15,62,42,12,-39,117,167,-8,-7,-70,78,50,60,35,58,-61,-32,-99,98,86,-14,-83,50,54,-24,3,-14,-43,-95,85,-14,199,73,-122,-91,33,122,-22,-69,-46,71,31,-19,41,-53,-16,129
119,6,71,33,44,63,21,90,84,37,38,26,71,42,-5,35,15,2,76,53,52,-100,71,110,105,136,14,1,44,25,103,24,62,63,7,37,-69,-21,60,20,-63,14,60,-38,-40,27,-7,2,-52,-35
-31,0,46,-65,87,50,25,-67,-3,-46,17,13,-15,-62,46,41,19,100,18,20,-61,34,-79,-30,44,55,-62,-55,-5,32,20,87,29,107,-64,-45,59,-68,-134,-76,-8,53,21,-19,-20,-45,44,81,13,43
58,54,63,-89,1,82,20,13,90,57,55,78,-5,-68,-58,30,72,-2,63,20,144,14,71,-32,141,-32,-23,-49,14,113,-70,79,-64,14,45,-89,24,-71,74,49,55,-13,-29,-89,34,26,27,-9,59,47
61,0,27,13,48,-39,44,38,-9,-5,119,87,38,39,0,112,46,1,122,-5,25,-1,39,5,90,-34,-12,61,27,168,101,-6,79,94,122,-4,31,46,40,-14,-140,15,-11,23,37,37,16,114,18,-54
-77,0,53,50,38,26,21,101,-2,-109,4,23,88,16,-60,-1,-21,32,40,25,32,-50,-81,45,50,143,59,82,-33,48,45,53,125,8,-49,20,74,81,-23,-124,-41,-21,-11,11,-30,-56,112,71,44,47
-3,19,38,18,-4,-76,-7,6,-52,29,-71,47,-66,11,-7,43,-168,34,104,37,-8,-72,-1,43,-52,8,53,-13,79,-81,142,20,-21,-76,-6,-26,-40,50,31,194,-35,-69,119,14,58,-26,43,-17,-41,94
73,14,-47,-4,112,68,7,-60,106,49,-18,-16,-44,90,97,0,74,-60,-38,55,41,5,85,43,1,-133,32,10,-22,83,47,-56,22,67,-21,11,-92,-137,-20,-18,68,64,44,-2,82,120,-40,-69,-32,-40
-10,-11,-17,-64,-17,23,57,-84,112,-52,4,-70,-14,3,34,7,11,21,-82,8,-41,-75,47,-8,11,64,-25,8,-6,8,-33,-22,9,-82,-30,22,-126,-8,81,-54,33,31,-42,-60,-70,-25,-22,-51,-41,-13
66,-42,40,73,130,105,-94,51,90,31,35,2,-66,141,19,113,65,-4,70,18,110,169,127,118,42,-35,50,104,-37,2,-61,-7,14,65,154,18,75,13,-28,-68,3,-43,-112,139,113,54,-26,37,5,-18
145,-2,13,47,3,90,94,-28,83,-6,-32,-43,-6,18,-29,99,84,-87,-18,-33,48,130,258,5,-107,-88,30,-18,128,-3,50,-43,68,18,-42,-32,145,-106,-9,-20,-79,-96,-72,114,174,34,60,116,-142,38
-17,26,-41,0,138,162,153,2,105,12,135,-118,-10,93,78,49,16,-96,-14,-8,1,34,53,27,53,2,51,-43,26,63,-35,-13,24,-64,-74,-42,-69,-76,-51,-15,-83,9,34,62,14,-30,-25,7,-7,45
12,-3,24,-151,19,32,2,31,-51,-2,33,-48,2,81,-21,42,13,-34,49,-13,53,-35,-40,-55,-15,1,176,39,22,-89,56,-25,53,-12,-29,59,-119,129,88,-18,-30,-7,-22,41,32,30,-62,-9,-114,104
75,64,60,44,33,63,55,31,103,29,70,30,33,67,62,36,-42,32,31,-23,71,14,34,14,-62,-20,83,-55,-1,-24,-7,-21,76,9,49,98,-22,-5,37,47,-15,18,11,-41,44,30,45,-38,-52,33
-16,-35,64,70,8,-52,-75,6,65,26,58,7,-31,125,2,71,-66,-47,154,43,44,17,25,59,44,-55,13,21,-9,88,1,27,0,-101,6,-57,3,64,-136,-16,86,-77,-4,83,37,72,84,-6,86,68
-1,17,-17,0,68,37,-12,21,12,47,-59,-31,-64,-4,2,30,-4,-21,-64,53,-23,56,152,84,-4,121,26,12,163,-15,35,46,73,110,49,11,33,-82,-25,-23,-1,-116,-104,22,-44,-28,101,46,15,65
56,-59,41,88,83,8,-44,59,13,-52,46,-120,67,-28,128,-22,-75,-32,-55,-33,22,14,35,22,-24,-63,67,-41,-103,-121,-86,-114,-104,-67,21,20,-60,-16,-63,63,-76,31,-8,71,-23,20,22,-5,-30,-3
-17,-55,-14,5,-108,-2,-126,-7,98,5,-71,-48,40,39,48,60,8
