61,29,43,-8,123,47,51,27,15,0,-39,-48,63,128,11,-22,34,20,-10,26,50,70,28,27
35,-40,-43,-81,-37,-57,-7,9,-25,-13,20,-83,-15,13,25,-68,-20,-24,-88,30,11,-15,-4,3
-27,-14,-30,44,64,23,45,53,95,39,39,-30,-14,32,47,44,10,41,-28,-9,-32,27,-55,-10
-13,0,39,-16,23,-28,60,-1,-11,-26,-47,62,-19,7,41,-11,-37,-25,-47,-66,23,99,2,-58
-7,16,-1,36,-41,6,-43,7,66,82,-36,52,-4,-55,14,4,-37,14,-56,-15,-35,-83,-60,-69
16,49,58,-39,41,100,54,27,-70,10,-21,-27,36,114,55,-13,26,-10,18,42,5,75,11,29
25,-2,-54,-59,-97,15,46,-7,-7,45,13,76,3,-13,51,-42,-2,-41,14,31,-23,-39,-7,-89
-8,-69,26,-7,47,-25,-31,19,20,-68,60,-67,-19,-71,30,1,-21,8,-31,51,16,-48,-39,-14
30,30,-75,5,43,3,30,0,56,46,-11,18,47,15,-2,50,90,2,53,29,47,-57,54,-16
37,40,44,58,-48,-28,-39,-84,31,37,-16,15,-11,-59,8,-15,24,48,-23,-4,-32,-71,37,-9
-32,46,19,16,-18,69,86,31,6,30,28,-7,-19,35,-2,5,37,18,83,-32,31,68,-58,-13
10,-38,-34,37,28,-87,2,-9,22,-19,-63,75,7,26,-84,-29,-65,-14,-37,-18,19,9,27,-17
-29,41,87,46,-2,18,-21,-35,-25,-30,3,-90,-7,-10,30,-55,36,39,-17,-40,-22,24,-11,-37
-33,73,66,-11,7,78,23,-25,-72,49,-37,48,68,44,43,41,67,-57,-22,20,-20,43,50,-43
-24,12,17,12,51,26,-44,-105,-12,-32,-55,96,36,-51,80,75,-27,66,50,-24,-28,50,12,14
13,53,32,42,-7,94,-28,-35,42,35,43,35,32,-59,40,38,40,96,73,-25,1,-5,-57,22
-12,53,55,28,57,-11,52,63,-31,-27,-44,-57,-28,100,-11,8,-41,2,57,-60,47,86,-68,58
34,-30,-77,51,95,23,17,37,82,31,-36,109,-15,68,-43,-50,-12,78,64,21,29,17,11,-65
45,15,-55,-60,-50,13,67,53,34,-6,40,-17,7,103,-26,-41,10,-42,-16,52,-29,13,-5,-12
82,-24,-75,-42,11,38,93,5,56,8,18,86,31,93,46,37,-11,-10,38,-56,-49,90,-1,7
-78,-16,-56,42,52,-13,-27,48,49,110,-4,23,-5,-18,-29,36,-6,61,-74,-55,-87,80,23,-38
52,-6,-13,-51,5,-20,35,25,-8,41,15,-27,-2,-7,35,22,-19,-17,-8,-30,22,20,-20,29
-35,13,8,-29,139,-12,52,35,20,22,-40,-38,10,78,18,14,-10,17,-53,35,4,96,27,-13
-11,58,101,-67,-65,63,-25,2,-65,-100,-37,30,1,-22,12,3,-33,-65,-8,-8,-2,23,-18,-6
