19,104,-27,-35,158,113,-54,101,5,14,131,-25,8,159,-125,-78,278,13,47,39,-80,144,45,-10,29,71,73,45,108,-76,113,236,106,110,130,-31,-31,174,-25,3,51,150,91,-50,-87,114,165,263,-173,32,4,-57,261,-86,88,170,16,69,59,-119,43,145,175,-54,25,-6,124,-79,147,94,-7,188,-55,-59,29,-132,121,20,142,48,64,80,42,-10,-98,37,191,111,-52,65,-37,-56,164,-14,0,-15,-8,-97,147,29,-4,-73,50,48,-100,26,142,6,119,-108,30,241,91,-147,51,50,-25,-6,-127,35,110,-11,21,107,-106,-126,194,70,-3,-8,4,53,-9,-169,173,86,28,0,73,63,-110,47,113,-70,102,-107,-64,-67
319,-55,1,-114,56,100,8,233,-13,180,66,279,103,151,132,136,-36,201,75,13,4,-52,139,167,201,96,-38,96,1,11,49,9,314,-5,30,78,182,141,-12,-43,114,-3,29,99,-106,-32,6,-41,-205,0,-45,-188,132,123,148,348,4,42,187,145,-9,-105,73,-178,120,-118,-157,51,101,-90,36,289,-34,109,312,74,95,127,-9,-58,117,36,94,28,-112,129,126,10,-25,-12,255,124,162,22,286,-93,-78,219,179,-6,123,-369,-120,-60,253,146,49,-81,212,108,-2,57,-200,94,3,13,81,87,104,31,-121,5,-143,157,21,129,10,139,-169,-73,74,-34,92,345,118,181,146,2,40,118,10,266,124,4,52,85,76,16
107,37,-27,0,173,94,-107,-71,-79,88,20,119,-314,60,152,-108,159,-47,115,55,-81,-77,-47,-19,179,83,-30,-40,136,-99,-59,53,97,-18,90,-292,-84,75,265,119,17,21,214,93,90,23,137,158,124,84,-198,-138,-114,83,-69,170,134,-10,-47,-194,-119,-124,215,-40,15,15,145,-141,328,117,-33,107,222,-118,-23,-29,-104,165,174,-32,255,55,-155,62,25,132,173,198,197,-50,49,61,143,41,77,58,116,72,208,-59,179,70,114,-4,-8,-14,118,-68,9,-21,-43,98,-110,53,-42,-80,29,6,174,187,27,105,86,-84,-48,68,-7,115,154,75,197,34,154,31,-18,188,17,-36,-237,9,92,14,77,-61,210,28,-36,54
161,-37,-9,-21,85,4,-4,160,41,178,-55,-85,233,46,112,-82,-27,113,-49,54,130,178,-62,149,-3,162,77,-29,100,-10,150,-267,3,152,84,1,-10,144,86,-84,25,16,153,119,180,103,-79,-6,-100,199,-44,-15,234,171,-73,254,48,38,175,261,60,-28,149,-84,284,66,225,100,130,-28,-205,95,256,-19,6,-83,41,97,104,7,235,62,25,158,0,-217,-153,108,11,91,24,190,16,39,168,-58,217,139,-6,-112,93,26,-70,139,62,-20,58,32,112,21,81,75,-8,119,144,57,-89,134,-34,-86,3,27,245,-89,41,105,194,235,183,-166,56,157,-15,88,32,-25,151,132,175,-14,15,47,122,33,85,47,187,238
-8,48,-235,-15,71,58,-37,25,54,-41,17,-17,92,104,-90,105,38,153,142,-167,-76,-114,-124,189,-68,20,131,146,-58,146,-31,-43,125,-80,80,-24,-38,-60,27,25,-66,19,77,112,-206,47,-130,-38,140,-101,42,-79,123,-24,38,147,265,36,-11,-71,51,72,0,-124,153,44,120,6,-36,-2,-124,143,28,115,180,246,-1,35,-95,57,5,31,63,-87,61,-49,190,-4,2,-14,230,41,121,72,28,169,-46,128,-72,-83,60,140,146,118,144,-12,136,119,21,16,-19,-91,-16,18,-52,103,-7,232,40,-33,-229,24,-22,-38,42,11,-66,165,7,152,46,45,-81,69,199,-9,-107,8,-71,123,146,85,66,80,162,137,55,-13
-26,-31,19,146,20,-40,-74,-56,211,75,-23,-26,-198,88,163,-26,100,41,-163,-61,31,61,49,78,43,-7,123,-48,117,177,145,206,18,155,-15,-39,54,146,-66,28,14,-205,310,49,-12,187,-1,144,83,146,137,9,-156,-3,-33,63,123,-68,-72,-109,213,36,18,38,-101,168,-18,79,-208,-42,193,-167,-27,176,21,-10,210,20,15,131,-19,-67,124,-23,-39,273,215,25,57,100,-111,-25,182,-284,109,50,-172,89,101,104,47,11,-63,-11,20,-35,66,-32,-13,-63,50,7,131,28,87,-23,59,87,14,150,43,90,-28,-45,-18,-65,7,-28,-15,25,116,157,210,64,-38,18,36,26,-42,-121,59,-84,-68,48,-103,-3,-22,251
-66,113,-37,50,138,-34,188,-73,99,71,-25,-29,-214,98,64,69,-147,106,-52,-89,-27,-35,-87,-63,67,159,56,7,82,101,47,60,-12,101,51,-88,-7,143,-94,42,61,-153,-40,98,3,5,18,118,156,89,-60,191,-125,-31,5,-77,91,259,50,134,-49,-33,70,114,-44,42,50,-62,-120,42,58,56,-10,83,-104,25,82,-75,-121,23,135,41,123,211,97,-237,199,-42,-16,7,-7,265,-54,-36,-22,12,79,1,-33,20,213,202,9,136,98,-17,-141,-14,85,17,-179,132,191,6,94,-80,89,55,-44,-108,102,103,-21,-95,-1,243,171,4,71,98,34,71,-18,3,-3,35,-40,43,13,-76,39,84,171,-19,74,-83,10,143
32,117,164,134,92,-183,-101,-8,-94,39,52,86,203,-104,-182,115,47,134,75,36,70,154,72,102,91,-30,-44,228,141,72,82,-16,168,-3,80,4,-121,-123,-25,-38,42,32,55,375,11,-5,-3,-32,28,119,123,-94,-131,26,-83,113,147,17,97,71,-89,18,-2,-2,-70,22,114,221,-163,66,179,-21,103,110,-94,109,-35,24,-275,151,47,156,212,56,-26,171,120,43,-82,22,-156,-156,275,12,-79,-80,23,-52,-39,158,-33,-10,-38,269,54,125,143,45,135,75,143,-10,125,-72,-158,-34,52,7,159,41,164,304,-39,117,111,115,-143,49,264,92,43,182,125,69,32,78,133,55,-146,31,24,53,26,-76,-78,84,-92,101
179,74,58,59,135,-63,82,-86,-28,19,94,178,-11,-11,-62,-43,255,-34,13,44,-135,13,114,125,30,-55,-43,-27,-115,64,136,141,-86,9,164,172,-42,105,-68,-81,-253,29,136,166,-35,-111,1,60,91,30,-21,0,-134,-76,122,-6,120,-21,227,75,101,137,45,186,-32,65,-110,35,-57,186,9,176,101,61,10,-10,130,135,-58,-84,198,26,-51,50,64,-2,179,1,53,25,84,76,150,-57,35,125,-146,69,127,30,161,95,-91,94,249,-90,-129,-235,203,54,255,-49,117,138,229,12,65,156,3,48,125,109,98,18,107,116,2,101,105,133,131,90,-95,-24,191,78,25,-119,-43,50,168,259,58,57,25,-166,141,14
307,43,36,172,9,171,-42,228,136,283,-36,-125,30,6,95,-2,-136,254,101,15,169,110,11,25,49,241,56,0,99,-32,92,13,226,151,187,184,263,84,95,22,125,175,-78,-219,48,127,-102,26,102,125,54,-38,247,206,27,295,36,39,10,132,12,209,180,-117,164,27,154,187,74,142,-31,109,46,68,111,100,39,103,105,111,92,-66,29,42,67,14,103,68,-75,220,173,76,185,-57,60,74,129,195,277,-57,229,83,-48,337,27,-90,347,183,7,64,-19,59,-13,115,-121,57,46,206,82,-98,50,-7,152,-58,121,113,44,112,63,45,-11,-128,25,198,88,147,185,188,28,155,148,103,-108,94,-48,106,22,95
262,98,-191,-93,12,-73,281,230,-24,233,-157,156,6,62,80,166,172,258,72,111,91,158,339,-26,82,229,-32,4,61,89,-33,77,176,69,-2,29,-86,-157,-181,143,-36,-99,157,231,153,-38,42,-61,58,82,126,-10,-90,148,-99,170,157,-82,64,-60,33,82,122,-50,-10,-59,170,9,266,0,222,4,268,49,29,19,-30,72,108,76,357,209,16,136,111,-10,0,227,-82,76,6,64,210,160,186,120,117,4,82,-88,80,11,-23,9,-55,-4,228,38,52,-60,101,107,113,-2,58,-146,150,67,61,108,141,-152,-151,70,8,42,42,-15,291,69,-128,100,60,129,168,164,23,-107,38,8,-56,94,94,-37,184,92,32,130
-91,-7,-97,-35,15,-145,40,-26,-35,65,34,-42,-37,142,6,93,-66,244,-40,-17,132,58,-13,193,153,175,32,103,93,-47,-133,-110,29,-30,14,15,53,-39,20,154,71,-116,18,140,185,53,66,20,-54,186,8,-83,-78,78,-88,156,136,-55,62,110,34,277,-44,-178,24,-129,-16,-45,155,77,39,-109,77,118,196,-116,87,-40,-9,186,130,260,179,-32,-81,-121,-64,103,84,221,165,36,128,-18,163,-72,61,93,-21,10,34,-153,-87,97,-180,155,10,60,-75,-138,189,72,49,77,-88,32,161,-2,-8,224,0,270,156,-118,134,1,74,-109,-9,-64,-58,83,-44,87,-168,88,57,27,91,-26,61,-56,58,9,94,-5,127,244
25,-22,-39,84,154,-54,69,99,122,-98,-45,-130,-54,15,-3,-99,-69,180,94,-196,-46,-38,165,167,98,-41,-78,125,159,-124,-65,65,156,-4,39,59,109,22,53,-98,104,-73,-16,61,166,89,139,-47,136,62,80,76,-4,-104,58,16,130,44,-56,116,-103,199,39,65,-79,33,98,38,135,52,-134,80,-71,-69,-31,11,57,-36,132,72,144,128,-119,-20,-31,-114,17,-34,29,135,-115,88,-19,4,5,-66,29,29,86,3,-119,175,150,107,-41,-76,40,29,119,-41,24,64,234,-141,-96,6,-33,92,104,-5,40,39,133,145,60,-121,78,-1,-18,12,-17,-85,30,109,127,223,-146,-54,8,-170,-30,-60,17,-158,205,73,95,35
32,-45,97,3,250,-14,10,-4,112,-119,36,-7,-42,-44,35,-77,-27,-40,76,80,176,111,-25,175,-106,21,103,101,104,10,13,-28,-20,183,87,33,153,-56,-48,67,-6,260,-98,126,-155,-19,-4,256,225,-49,-26,71,76,91,-100,81,13,59,82,-96,124,-80,-33,81,165,173,51,187,80,-132,33,-33,39,28,28,69,23,-113,96,-92,-28,64,15,77,10,167,112,-124,69,47,27,46,-62,-31,197,-5,93,-60,19,-64,-146,-44,-121,-27,2,203,-63,22,57,-80,-32,-100,26,123,68,66,31,107,-75,32,38,44,155,0,61,25,-5,132,18,209,-82,161,106,17,200,152,99,103,173,-98,95,137,105,283,118,89,183,54
188,160,-25,-62,144,-13,-43,-88,-18,143,-111,59,15,191,71,37,149,62,55,-18,-10,-5,191,-40,-46,87,139,107,111,201,57,57,-91,-56,49,-48,197,26,-67,170,92,70,105,4,-118,-74,-59,121,61,55,-19,-105,-88,19,-33,113,28,126,-122,97,125,107,79,162,66,170,213,-20,139,-38,-141,38,-125,113,161,26,170,133,-224,-1,196,83,120,-8,-20,-57,171,-38,-4,99,-81,21,-51,38,239,3,-113,111,135,66,43,-47,-1,188,-2,37,61,70,107,-71,-84,177,3,-34,52,22,11,-10,201,-92,74,82,-53,222,188,40,-30,111,31,10,-2,45,-10,82,160,212,-27,-9,118,49,61,-47,49,177,-23,32,203,-14
138,147,-45,7,4,-45,7,129,101,210,38,12,131,-27,64,107,140,36,144,-30,-93,185,89,-34,-37,194,-68,-3,209,-117,-66,-55,144,70,151,56,117,109,-12,24,-24,-73,-29,-147,-194,-83,89,-127,136,-213,44,79,18,-45,0,-8,-54,118,153,223,122,202,105,33,219,-137,34,-20,245,15,-38,-10,12,-236,48,93,82,208,68,50,36,60,-29,113,114,-49,32,56,-84,-110,31,-87,103,-92,-25,23,-77,-60,211,62,-101,-56,3,52,-79,-106,41,202,139,130,-26,163,30,70,31,-173,-117,105,78,24,-144,-95,27,169,47,179,8,-25,85,124,-59,-105,-188,-14,142,230,108,-33,21,107,-48,19,75,81,-64,44,-56,-72
177,97,55,172,176,-59,-19,-79,156,-11,128,-75,3,69,17,87,138,166,173,-244,108,8,144,81,126,252,35,-38,-58,168,153,205,110,16,-43,23,24,111,-97,93,-15,-111,-58,163,23,206,51,167,-29,81,43,-42,-33,23,28,68,225,145,128,72,126,-11,170,-17,24,101,129,130,51,118,140,36,-54,55,30,-12,136,-72,89,179,177,83,12,-103,-32,-28,147,156,-104,-137,81,23,315,50,-1,102,22,195,115,128,218,47,-83,267,107,-10,227,-38,143,181,-98,-122,274,26,58,92,48,80,87,37,156,226,-73,-71,107,217,-34,74,137,149,79,22,-2,96,100,60,106,19,134,-48,195,59,153,121,128,151,-134,28
44,-50,49,153,66,57,128,-8,113,-109,136,128,-214,-61,43,186,-192,112,-120,-87,-65,6,-72,150,-47,106,87,25,-92,22,60,346,-122,217,-78,147,48,132,-185,-139,181,16,-173,-3,-254,205,46,94,-72,27,137,216,134,-147,67,40,98,-67,75,11,-53,35,76,-47,-131,50,13,53,-53,160,-48,-104,139,260,-16,169,-84,-4,-9,61,-175,11,-39,-29,101,29,28,-28,16,-6,-89,-19,116,85,-22,16,23,240,-27,141,85,225,-110,-89,102,-7,37,67,-113,63,79,215,205,-80,19,-70,214,85,-35,23,124,-83,76,-26,43,-46,16,-15,-92,239,-131,199,-26,218,118,134,-184,93,-84,89,186,17,52,98,43,41,161,37
50,97,-20,101,20,80,66,58,94,-83,-71,-42,-74,-43,11,168,65,-37,111,-136,71,26,-1,34,117,95,-79,89,61,44,156,127,96,-18,206,-92,-103,-81,104,-48,34,200,-61,104,46,68,40,174,119,76,-5,-23,202,163,112,-71,33,105,130,216,-45,43,109,54,75,139,2,-168,147,152,-7,-24,101,95,-29,-5,29,83,36,92,-58,9,48,-73,-67,5,31,230,-55,59,-110,103,204,269,24,86,163,62,18,80,-43,-10,157,81,-19,80,96,9,30,72,79,-55,219,-12,217,-98,70,99,-29,30,-51,158,15,-7,166,55,146,70,-11,171,30,76,94,84,173,-32,-45,19,67,5,148,48,222,16,25,20,-73,-105
-100,44,47,-26,74,-46,-316,-5,-241,-83,-34,-50,21,111,-164,44,-66,124,218,116,166,-124,72,111,-195,-104,54,95,-21,96,212,110,127,26,105,22,111,24,-179,39,-49,-71,21,-83,-154,-49,21,74,15,385,-128,-34,217,20,56,268,18,101,28,187,29,88,23,87,-20,-49,137,115,-68,50,118,-12,-25,232,162,8,129,-4,-150,-2,93,41,-47,84,103,37,-36,61,75,288,162,120,10,-133,20,-16,72,133,59,-52,-24,59,-206,174,-110,62,14,24,203,-237,-95,-19,117,72,2,53,75,214,10,-6,22,153,63,-31,-54,-53,155,-12,-84,-155,-1,40,-74,-16,-2,-10,-39,129,-37,31,118,41,-90,137,-151,4,136,299
-118,295,-78,40,-110,49,44,173,-6,56,30,93,84,40,-151,80,146,189,160,-96,-261,128,-226,121,38,78,1,-108,-51,-115,139,132,235,-36,154,-113,-280,-61,31,-222,-77,82,2,-13,-28,3,37,223,113,-136,22,-33,54,150,190,94,203,108,46,91,6,162,128,-244,-43,36,16,-143,83,-31,-112,33,-35,8,20,-7,175,133,163,-5,8,-164,-48,-15,134,187,166,92,90,-54,88,70,140,45,92,142,7,21,52,87,42,88,157,-27,210,41,-13,69,22,-17,-96,111,-8,105,48,-189,-180,217,-38,5,-80,-71,82,80,30,94,210,91,37,197,-49,14,35,-83,38,65,-32,89,-65,79,185,-55,38,-107,140,-145,-9,-15
-14,58,51,130,153,-27,-65,27,-7,-72,81,-43,52,-10,-13,154,-31,124,114,-46,34,121,128,113,67,219,-83,48,-35,5,-9,261,93,285,28,112,215,-29,-101,148,-15,-139,-20,197,79,152,142,-9,113,21,39,101,52,67,18,-3,168,-54,87,-92,81,220,140,-212,99,-35,166,278,70,110,275,-28,63,67,145,94,33,-221,95,56,67,73,261,-53,60,32,31,177,-111,-78,48,8,144,45,130,14,98,138,61,258,111,56,-103,25,230,2,75,-84,147,253,189,-48,3,25,91,25,107,38,86,162,133,148,116,-15,-2,145,-90,131,116,4,85,131,112,215,144,219,-24,184,70,-49,-31,133,17,114,136,111,0,58
59,34,20,68,203,13,-10,174,-163,101,-65,75,-229,-23,-136,-77,-77,189,96,-30,-86,108,4,9,-5,51,-74,-30,-67,223,-48,178,187,61,263,-76,123,1,115,-104,128,-47,10,-152,-259,-52,-11,11,26,-41,128,132,40,-47,132,209,119,52,25,-166,58,167,133,33,129,-86,143,39,84,74,12,44,118,-11,95,-78,-85,26,144,72,33,64,-57,45,29,222,91,83,-25,94,65,-7,143,-1,102,57,13,114,197,39,220,100,11,64,125,-88,201,70,39,7,144,135,137,66,-11,-101,72,65,-41,200,-141,112,44,28,42,160,6,-76,-116,119,-39,-12,-4,13,131,113,-187,-125,-66,91,42,225,71,13,58,91,212,199
144,19,46,56,-120,8,133,-66,31,131,207,63,105,-46,155,-25,-40,-31,122,26,26,-144,133,129,-164,-99,10,-95,33,81,216,8,-2,173,-41,190,50,106,22,-45,-80,-35,-4,-11,104,-39,14,181,34,223,34,67,-1,130,95,166,33,-48,176,130,149,22,152,78,-142,-2,36,-4,224,-52,64,114,0,104,77,208,74,41,27,52,286,-101,34,152,233,-46,103,9,-8,127,188,104,49,103,25,79,22,128,204,40,68,54,-59,19,351,-4,-135,33,-17,-15,10,-103,-70,158,193,116,74,64,83,-149,70,-95,163,-16,99,-12,222,36,91,110,44,36,-149,112,310,35,152,9,199,-26,259,66,65,34,-169,-148,1,108
226,49,-44,-52,83,11,172,19,0,-94,-100,-28,-126,53,48,-64,66,106,-26,107,-18,-79,30,-88,65,-125,-68,40,20,-67,-36,66,99,-129,11,171,-10,-76,-45,71,-8,103,93,115,116,13,52,-33,180,27,-34,-34,154,-91,-15,207,-8,57,22,-34,-160,103,52,55,69,-16,23,34,-3,-106,11,66,177,-46,-48,-71,114,-40,154,-117,83,16,73,135,-41,-36,25,51,146,120,-213,76,-115,-69,163,54,71,-87,182,-108,251,121,-170,-20,-101,166,-44,-18,88,-48,34,81,-177,197,144,-28,249,146,78,-40,-101,-134,32,-93,3,98,59,113,36,-85,22,-63,67,18,224,157,-114,-29,117,-10,62,-24,-118,-140,151,-66,207,6
118,10,177,4,161,91,-128,154,-167,118,108,2,100,127,104,-29,-47,59,6,-56,177,-47,57,97,127,131,116,-148,26,-178,66,65,74,53,23,-26,55,20,116,46,160,211,153,96,106,-32,-95,-8,289,95,21,1,115,-58,-46,199,153,-90,-129,-14,5,82,247,85,100,-67,84,75,178,234,172,68,108,96,76,108,119,5,80,8,-34,79,43,96,-52,-8,67,155,162,214,41,-97,73,30,-21,-13,122,128,129,109,188,143,-53,53,74,-77,115,-69,111,112,189,254,-57,10,-38,-243,188,-9,171,253,-4,135,-107,169,193,163,8,73,39,162,2,10,83,79,18,88,9,-89,-3,10,243,9,-173,16,-2,-102,108,-30
7,117,65,-35,103,114,10,-185,-11,-1,-19,60,-47,72,-35,-63,107,-84,-70,-16,71,-91,-161,-22,33,-52,170,64,91,211,85,56,97,65,201,-213,36,194,31,43,189,89,-15,293,-39,-63,122,268,224,-8,-64,-220,-113,169,27,-187,145,-111,-194,-116,-247,-118,128,20,117,173,102,-118,108,81,101,-41,239,62,-117,12,-87,-119,51,27,-158,130,197,11,102,23,132,209,-6,9,103,9,97,104,126,-112,47,-25,14,161,-21,146,88,-70,-27,62,-28,9,-81,118,7,184,81,-50,7,-116,35,80,126,180,55,14,-99,-112,-29,-37,45,111,100,197,-14,53,79,86,8,116,-56,197,129,-4,170,-42,89,-110,37,-84,173,149
-79,243,152,4,103,77,-29,104,42,111,100,97,-39,-14,50,0,452,263,88,-73,61,103,-13,19,112,130,-113,198,54,-56,26,-4,243,29,50,-13,-31,-5,73,139,-1,137,102,114,-70,222,173,116,91,10,-76,-33,168,243,24,103,260,-30,102,-24,98,-78,-13,-15,246,111,171,63,61,275,191,-7,68,30,107,-19,195,281,171,78,45,208,31,40,-2,107,177,194,186,96,-23,-36,137,-60,58,-42,181,-137,71,133,2,-71,101,104,15,23,28,-34,-31,55,76,321,3,72,42,-174,-120,-128,-126,150,7,44,96,130,10,-1,-115,204,92,201,302,96,51,31,23,125,-15,3,191,-121,13,-21,180,175,191,169,5,174
175,51,30,-35,156,-23,194,49,67,-8,253,-73,83,129,203,160,118,181,-57,39,-114,247,-1,107,45,238,250,193,-43,-24,179,56,-22,375,41,181,87,43,-20,6,68,-242,-10,24,31,52,-60,91,71,139,119,249,101,48,-116,278,88,-130,217,267,251,105,88,-31,-35,-176,-7,146,-34,102,160,117,21,193,143,-43,115,-39,-150,35,195,107,91,117,284,-17,73,-70,30,69,-15,118,85,137,255,-90,104,2,-22,50,1,88,17,86,217,-5,68,-13,153,-77,16,119,107,-18,-58,-5,4,220,32,-69,107,74,48,-23,-52,67,161,69,222,48,158,173,-16,-93,20,166,135,-108,-3,-47,275,-66,136,-54,-200,13,167,162
-12,-3,-101,-43,191,-11,263,86,35,242,90,1,104,11,-24,-228,23,300,165,-7,-173,-207,218,4,80,279,109,153,15,52,28,-8,74,19,56,189,38,-47,-9,-27,-23,248,-106,88,-71,196,-26,-111,218,10,-92,53,-80,69,-5,153,199,-59,138,-134,-67,22,125,81,-32,22,53,-10,299,129,-5,241,-10,66,-82,75,55,82,-131,158,158,125,-73,120,-81,-126,81,283,-102,-112,36,-81,67,-33,-83,48,92,88,36,1,103,-7,-15,141,137,43,-55,87,-71,120,133,-2,105,-7,-18,107,37,78,75,82,28,238,94,22,22,9,122,23,63,169,71,27,-26,116,37,343,-59,-208,-94,-57,-49,-70,-79,1,296,8,29,-68
182,278,-16,-175,58,-72,3,58,104,55,-112,18,198,36,-81,-5,182,131,53,142,-20,103,143,195,68,-75,97,-68,45,-19,144,-134,103,-114,48,197,-22,-94,125,-29,-38,150,-5,198,-147,-134,80,177,76,-28,160,21,18,-14,37,-49,-70,51,3,-56,-122,92,-140,-31,126,-10,-28,67,24,-92,-2,262,-9,5,103,147,189,-4,106,-134,-17,31,136,156,73,121,31,-119,-12,69,149,144,-57,57,204,-31,-147,85,37,-127,7,76,-34,74,14,148,2,-9,221,31,-147,220,154,-56,55,-47,-51,155,-20,-70,114,-15,-124,193,39,9,43,267,-33,-102,32,-62,140,-189,97,39,19,115,161,34,-54,208,-8,-78,215,102,4,18
135,-65,-72,59,-96,47,-185,88,109,-42,108,55,37,-34,12,-54,12,239,119,-409,32,-123,88,144,-114,115,-84,165,-100,145,-103,-82,146,-48,48,71,-76,-21,90,-153,59,120,-45,-24,27,-67,-87,-87,-115,83,-57,-201,-26,98,35,63,-12,-30,22,28,-102,25,223,-43,10,47,0,99,36,118,-152,152,13,97,163,-99,-92,79,-33,20,73,-45,-32,-46,-98,64,231,57,110,24,142,-33,157,-70,-45,-176,5,96,175,27,178,48,-90,161,207,34,-27,46,-2,121,-53,15,-5,-3,-5,25,-37,75,132,-88,42,130,-290,57,113,117,-173,-15,96,30,-80,-9,53,239,220,6,131,1,21,214,213,-30,84,81,170,0,36,-1
13,62,84,-34,60,-51,152,44,68,203,42,228,40,-214,50,-58,98,47,-113,115,65,68,165,94,-29,-50,-7,55,-33,205,53,30,209,162,105,32,-119,-139,134,-72,18,121,-17,292,233,85,-73,103,-58,-42,354,23,115,139,73,-61,123,-79,11,148,60,93,82,-88,133,-22,29,23,-120,130,67,-20,-11,-146,11,117,-135,-28,343,2,63,28,163,27,118,151,-22,-3,-30,144,-123,198,115,31,33,70,44,-16,-30,-9,39,123,67,16,-16,80,86,136,75,115,88,170,54,69,79,-75,-58,117,-223,109,1,-190,86,140,-143,-71,-30,240,92,105,199,-151,130,24,136,28,74,114,120,54,-104,16,87,-238,-110,75,-14,10
-39,139,84,131,-72,224,-71,-32,46,163,47,110,70,71,-90,126,119,226,140,47,-36,81,-74,-37,60,67,-23,-11,31,70,228,137,-9,-10,276,54,70,24,164,-129,30,45,-57,-1,-62,119,40,-10,108,-43,-60,215,206,132,96,82,-54,-46,38,-61,28,207,5,-35,92,9,121,30,61,123,34,63,67,4,166,-72,150,178,-91,0,3,130,68,-3,87,41,111,-6,93,151,66,106,81,-34,-36,-24,-26,143,274,92,55,28,194,102,301,-58,-28,38,74,-8,131,121,-92,-61,105,-9,-97,135,27,15,5,-41,114,83,61,165,26,118,-78,87,-128,-21,-128,24,179,110,38,15,174,138,9,-97,240,-264,-17,15,89,95
-5,146,44,-75,43,139,60,124,52,109,-31,-18,83,26,-37,102,86,231,168,176,24,6,101,55,140,216,-101,83,-23,118,218,4,73,161,148,175,-33,34,33,95,34,139,125,50,66,-61,13,-12,76,221,44,77,104,-9,28,82,-66,24,59,33,103,46,109,79,135,-184,233,4,107,248,20,37,139,-19,42,7,129,2,69,-133,185,-83,174,105,80,-44,-81,23,-100,157,72,41,38,-63,37,47,55,18,127,-19,-38,-18,107,32,28,31,93,45,120,-3,-221,205,69,-31,103,95,-84,159,-149,-61,65,-98,226,63,-72,22,165,30,101,-55,52,33,106,-1,242,38,123,66,102,7,-78,151,-56,-193,87,51,17,-180
27,98,-6,77,74,182,-18,203,119,58,-76,67,-54,15,81,106,-43,9,81,-176,85,-149,-120,229,137,-73,103,5,-115,141,29,6,305,31,-36,13,-1,144,1,-46,109,8,63,154,-1,53,17,56,-44,81,-9,-131,-135,170,-19,63,40,-170,-124,77,187,-136,112,-79,138,208,0,120,-54,-47,148,207,23,49,90,7,-37,-34,213,21,29,-58,60,33,136,145,130,20,179,-8,73,-4,231,-110,69,-215,-23,-55,93,294,175,2,-19,148,284,-48,-96,101,-57,119,-45,117,68,46,174,-67,177,125,187,114,-217,162,-24,78,-62,-40,-65,129,81,138,159,-18,215,148,-34,187,69,-141,-13,138,69,24,-117,66,95,-66,-107,82
-58,-20,-115,-51,-130,89,6,34,-37,121,-39,-48,112,48,-72,-106,-275,174,-41,26,75,-107,-141,99,-103,5,249,139,-37,37,239,25,36,-50,64,144,-55,-58,-46,-15,54,-58,-79,48,-1,163,-72,128,-76,12,-33,59,-30,49,33,47,121,64,-10,-19,-53,13,-2,-145,-80,-125,-23,-2,13,-10,-87,-8,-74,89,12,79,74,50,59,85,-71,27,18,0,108,-189,-75,-71,-119,11,-123,-64,22,-97,-40,110,92,-7,40,-16,-104,-41,147,147,81,73,144,220,-55,-12,53,-78,-97,11,-46,106,86,251,147,-25,125,-123,148,-51,159,-96,155,21,-74,235,-134,-168,1,119,-27,2,88,16,-69,90,65,-94,-108,-190,-117,78,-58,-96
67,9,81,-129,52,107,24,97,184,18,130,118,53,71,139,101,88,-133,-10,-22,70,-2,-92,159,-12,58,241,173,-180,125,180,-130,12,239,16,105,-52,85,19,36,69,76,-45,80,-194,108,-33,216,126,56,125,119,86,224,38,35,171,-24,50,-15,160,1,-12,78,157,59,-22,32,-77,197,168,-76,-9,229,51,37,206,-118,131,-222,-28,4,-19,161,-8,61,-40,-55,194,47,152,21,95,-86,170,-72,61,99,-67,168,49,92,-101,23,141,99,45,102,125,-25,-46,-14,10,137,104,-40,-34,32,12,-63,37,-73,-51,33,-68,-75,-5,1,16,247,60,54,125,-47,-31,-11,247,-93,138,-40,142,-70,102,103,-11,5,25,96
255,8,85,-38,-29,216,215,17,6,1,77,-116,235,-16,53,162,-56,-89,-12,76,69,130,203,123,19,209,65,0,-15,-25,74,127,-45,141,53,-54,110,175,22,-23,72,143,-169,0,-68,26,-5,29,92,66,103,-63,24,-10,-5,-4,-50,84,34,256,207,72,-133,149,57,50,-5,73,15,118,245,-86,-91,45,69,36,129,31,-136,96,-197,-101,158,-100,-1,-29,-108,0,143,23,6,-36,88,44,69,-25,58,115,-124,33,58,22,-107,23,57,22,-26,254,116,159,189,76,-32,134,63,-133,-118,103,41,-43,-21,-41,-61,165,68,182,117,2,-30,77,-86,114,13,-5,158,-21,115,115,5,47,87,42,-86,-60,-51,-16,65,-19
87,184,64,111,72,16,16,-20,5,67,221,19,-19,-186,57,83,132,53,90,-112,192,-65,106,135,-55,80,34,30,65,177,108,82,98,-78,118,6,-179,-55,-3,-4,-78,174,-150,62,-19,25,101,148,258,71,64,139,71,-88,105,132,264,62,16,-52,66,238,127,161,83,48,67,-21,148,166,131,-59,76,98,-29,215,-3,31,-24,190,95,45,-10,-46,-39,6,145,71,55,98,164,91,81,78,-4,78,58,113,130,-49,12,56,-26,224,9,114,176,117,206,63,-79,5,140,66,-24,238,146,6,169,-9,27,-8,-44,76,130,87,-14,216,157,278,94,-1,8,55,99,158,205,-26,-12,64,191,81,167,23,163,123,-158,-83
22,69,-8,35,13,161,72,-71,101,-42,180,-62,111,171,77,-205,86,209,-11,-81,-14,96,-36,70,24,236,96,227,34,-31,101,62,-68,84,91,16,-38,16,146,-27,-94,34,-183,24,30,41,93,100,194,60,-45,211,121,-6,118,162,157,7,30,-49,-44,257,66,35,112,38,67,148,82,134,20,-60,-49,104,84,-28,68,-7,-42,-9,-117,38,31,-72,73,-144,141,34,-163,149,-51,109,-8,114,64,174,129,19,-57,11,-101,-15,191,260,-72,35,64,-11,6,25,129,-10,-38,79,-3,71,-49,207,-85,-102,128,18,-14,-78,-63,68,126,70,1,103,-5,168,-20,-150,191,-4,179,68,74,159,156,19,163,-176,-42,150,180,-1
112,106,86,-73,-79,-8,90,59,87,33,-46,-34,13,-49,-10,72,56,207,109,-142,-44,63,88,-67,-104,198,1,182,3,-109,-73,102,53,91,-86,39,-84,45,40,70,-2,1,-47,21,-158,117,1,-11,-124,-172,-158,76,65,59,-28,-19,59,43,-31,244,-71,66,91,-104,-15,78,-77,-80,65,8,-133,28,-28,-189,-55,-25,-52,212,-57,-20,9,98,4,31,48,-49,122,113,-23,-52,-52,160,18,117,55,40,50,-143,-64,-70,130,171,255,78,36,24,94,-28,98,40,64,96,55,87,99,-330,-37,202,132,-105,172,-134,117,-76,120,206,137,122,189,83,113,-3,3,144,-61,36,114,-41,-89,32,283,50,-28,-73,130,61,-49,61
67,89,37,-96,112,-100,-111,12,121,109,-18,-28,-137,-99,57,155,297,-111,18,-71,88,144,-51,-87,-97,41,81,-99,71,-87,64,-77,213,3,111,36,-39,-46,35,109,156,39,-31,51,68,39,-129,158,45,-137,145,-3,260,90,86,2,105,-106,88,-62,-69,-3,168,-112,51,57,64,-10,-41,14,-3,-10,46,77,-99,99,-55,266,-32,133,-26,86,2,172,132,88,160,134,-5,178,-58,75,316,-20,-28,-9,155,-66,75,-26,-19,200,-37,166,61,61,231,102,39,-36,-72,251,-36,-40,-46,28,25,7,123,-93,-73,57,-49,-81,-27,-102,-149,44,50,197,17,-157,1,60,117,-6,-69,111,66,-5,93,-140,119,-69,-50,-53,-23,241
117,33,-33,-126,-36,84,-81,36,38,42,-26,101,9,-106,135,105,86,113,173,196,116,-27,4,175,201,-66,-67,62,73,74,179,-159,11,-119,77,134,-46,38,58,-181,-122,166,-5,175,166,-149,2,27,-91,114,-41,-11,163,69,190,211,43,-65,6,-64,3,-160,92,-88,70,-27,-101,-85,246,206,171,-4,130,27,41,69,109,159,290,73,-17,130,121,95,-64,-59,-113,87,-118,127,63,86,56,89,28,40,77,88,96,105,-62,-134,20,-104,-193,231,70,-38,44,87,7,119,-100,48,-21,133,190,82,32,13,-87,58,-14,167,29,-121,164,-31,-49,213,-26,-55,-98,128,246,22,119,42,-86,86,96,26,202,-103,25,-21,14,-18
103,119,-16,4,182,-82,-171,-18,-94,131,-4,101,-69,-61,-36,147,67,-11,32,-17,-3,-144,0,72,217,-49,-169,148,95,32,70,63,-16,0,108,105,-49,25,28,-64,-33,124,-72,253,28,31,3,278,-9,149,2,83,117,207,1,-19,63,168,25,91,-17,31,25,124,-17,169,86,38,109,108,56,179,-78,189,149,87,112,-23,-85,3,106,92,208,189,83,80,-24,-113,-17,13,64,75,189,151,41,-14,109,110,107,93,-30,114,-52,109,59,73,-28,-121,52,15,24,-55,196,-146,35,-18,32,84,130,27,-2,188,-136,282,-68,43,193,174,29,41,-53,-139,47,193,80,196,-65,81,-85,72,0,-56,125,71,-13,-105,-83,-48
72,132,-73,-91,107,78,26,-124,-148,169,78,-112,183,-107,-91,-39,30,-133,-71,45,140,-68,38,-110,-125,4,-3,76,52,44,112,62,104,191,30,-35,124,126,-98,76,48,-66,19,-59,-157,-46,141,119,-10,-20,-45,-21,136,29,146,-158,109,-40,-7,100,68,-106,71,111,174,6,-69,34,5,191,47,-110,24,178,-115,135,90,-23,-76,97,-182,43,152,68,30,-159,59,62,95,-73,-44,8,30,18,46,-106,119,-105,-12,68,-124,41,2,47,100,-104,-22,113,18,95,97,43,41,137,42,-13,68,65,131,-79,-2,-60,53,13,-116,-1,-54,245,69,-34,139,-68,-120,-22,105,192,-178,74,-16,133,-157,167,74,95,-17,71,-56,0
64,156,-112,72,136,90,71,313,77,43,105,74,140,-81,25,10,190,149,161,51,161,130,-125,218,86,-12,35,150,20,-219,7,194,88,54,108,-135,-149,252,49,-97,12,146,48,126,-34,26,152,3,151,87,15,-111,39,-57,14,100,166,44,97,170,43,115,191,134,161,106,213,47,121,217,112,160,328,-31,193,-11,72,235,182,184,38,-23,-103,-225,-110,54,-49,96,-84,82,-45,-147,89,-54,31,-9,91,135,316,-96,-52,97,97,43,140,-34,209,213,44,127,15,156,183,-186,0,66,45,34,-13,-7,-32,8,53,119,28,174,-83,176,191,307,47,139,150,39,202,76,67,-29,-215,202,180,100,162,29,274,21,145,-22
74,187,-38,-26,-42,105,74,337,-53,15,-69,-104,10,-81,-17,252,31,64,110,-135,101,52,18,63,7,74,66,20,52,59,148,105,123,83,169,48,-4,88,106,-92,50,155,-138,176,37,-30,-65,51,172,290,113,91,41,85,127,186,262,-110,-34,120,139,-16,95,-117,-24,46,117,85,-41,134,4,20,113,139,-58,250,64,2,206,-28,15,-202,212,70,17,156,10,158,49,276,-133,57,157,100,24,2,135,89,169,141,37,141,-132,9,72,96,46,-8,106,185,-38,164,-15,96,95,35,145,35,9,-8,93,165,14,-63,106,17,107,68,26,234,-66,-66,362,171,82,-59,16,50,0,-105,291,100,10,31,150,-82,-177,162
203,145,176,189,-67,-8,-33,-67,43,59,88,44,131,19,-51,-20,97,115,51,-52,104,-55,85,43,20,66,225,-14,98,-6,-19,-52,179,46,166,91,143,-361,-144,36,226,235,82,69,169,-47,-25,165,212,-63,186,-15,171,98,88,129,-38,57,22,-39,6,146,185,114,144,41,21,132,25,241,121,-55,85,80,62,157,-24,-154,96,169,-55,283,31,-12,-74,85,25,84,-8,142,250,-67,82,-165,125,7,89,209,54,7,37,43,142,-53,17,-43,-22,-64,43,-37,-41,40,248,251,-18,-157,57,60,36,127,234,-53,-53,148,74,63,98,62,105,165,10,111,-105,30,105,266,155,2,35,189,167,88,77,-54,-64,121,-182,67
147,67,45,-86,-50,-9,35,104,108,-36,-85,-56,-166,-23,23,-168,-85,103,151,-196,31,19,-9,115,-117,101,56,-41,-9,305,273,4,109,-44,173,142,94,-6,-21,-113,-5,168,-61,-66,-43,26,-147,268,55,93,-42,66,251,121,120,144,134,164,53,195,83,159,316,-140,-78,-49,22,-37,-16,106,-60,216,30,-75,134,-80,63,51,95,121,-34,-6,57,191,-179,51,201,69,-111,111,137,53,29,103,183,1,-115,161,198,13,77,13,135,139,204,-89,203,38,184,109,31,-10,-38,162,80,-7,-52,152,205,-102,141,-122,-34,80,149,-21,19,140,-160,106,51,-98,-66,37,112,78,32,87,126,-47,53,5,40,-89,-33,164,80,-84
-43,64,27,-159,-113,67,74,149,-16,78,163,-7,160,72,103,150,119,93,183,99,-136,56,125,-32,-125,135,41,55,-15,117,-19,-103,41,266,142,216,78,76,28,-31,-70,155,121,-21,121,-28,-153,208,100,50,37,188,86,-26,151,214,168,13,186,58,115,72,235,79,86,-264,77,-58,246,285,214,-35,99,21,140,210,96,70,156,72,249,82,186,142,-37,-15,16,141,-117,247,92,5,265,26,131,88,137,14,131,15,15,-113,189,81,70,46,169,91,72,117,37,164,128,38,150,-14,-92,104,-209,-17,88,-39,110,33,-100,-18,151,4,149,143,-8,192,-135,36,140,-94,104,39,224,77,47,132,71,-7,-10,52,20,46
172,204,48,56,-101,71,74,130,40,180,-60,-52,-12,-2,85,190,88,154,71,67,116,108,-49,213,70,110,-77,-101,63,-83,49,50,36,-22,236,-90,98,43,-30,-27,117,82,-216,-18,-59,58,82,84,-93,19,55,-188,-24,98,153,104,169,84,116,145,-12,5,-138,-143,67,50,96,-67,3,134,-19,102,34,84,26,6,17,229,52,31,-170,-32,107,-124,136,73,66,198,18,96,85,18,241,27,260,128,11,205,149,198,103,-120,-95,-7,-77,163,-43,159,-19,163,38,114,26,108,-8,-109,119,53,83,239,103,-104,98,-4,158,185,198,-5,22,304,-77,164,46,26,11,22,25,76,-25,89,201,27,22,94,-60,33,166,59
-76,-64,127,-154,-53,43,-135,231,-146,15,-163,-72,151,-22,124,12,4,117,55,124,82,10,161,16,40,165,76,11,-26,-5,99,96,120,60,23,284,-21,-149,-8,84,-178,-9,160,15,-20,-5,-47,-58,77,-16,112,60,-235,13,0,-124,26,56,75,-56,-133,-36,101,47,-6,-103,97,27,0,154,164,-37,142,-18,-3,18,37,10,-23,-181,83,-15,218,173,-52,-196,-97,101,36,-56,-60,-55,-44,23,-3,-28,18,43,-4,80,62,148,29,110,-109,-121,15,-157,85,42,-36,123,-64,106,119,-71,-45,-12,294,58,99,10,27,-51,-84,-130,16,152,169,-128,52,66,7,53,-80,88,-128,192,-62,52,-162,64,-162,-176,79,37,90,-25
193,199,36,88,58,-42,261,165,-75,91,89,-130,-82,-59,-7,125,-104,201,-48,16,-57,53,112,-119,48,133,-61,12,-78,-96,-14,191,97,10,37,-1,-27,-84,-66,-81,-75,-96,-52,-64,-52,-20,81,-9,-59,-40,26,-45,-82,-28,90,-59,175,130,-113,126,31,16,-93,16,-149,60,-140,34,-2,71,55,4,-182,94,215,-9,3,-11,-40,57,-117,6,31,-66,-25,53,-31,-158,85,-31,-5,-87,74,-69,28,-214,55,-66,210,41,28,-198,-54,293,-38,52,-71,51,31,108,22,94,54,-136,-46,-41,5,-50,145,-12,-1,23,-43,-46,90,88,-29,45,52,-167,11,-8,104,84,15,-93,-102,41,65,-27,-82,101,-132,-107,-53,45,106,-50
3,51,4,78,102,-8,206,1,180,47,196,-141,24,19,-55,-12,2,56,162,-38,54,33,-41,13,104,25,50,102,48,-208,61,69,28,145,148,71,-20,53,100,152,44,-25,79,60,-133,314,-90,68,98,64,32,216,313,-41,-50,152,-13,12,139,-59,-95,-39,13,-8,109,94,-32,167,-27,157,201,87,12,-7,36,71,130,99,0,99,-21,-24,-41,16,-38,85,160,147,4,119,-70,-76,-108,-102,-117,93,35,-94,-10,26,238,99,34,143,-1,-40,66,248,93,-22,-43,32,-24,-77,76,78,-19,-42,-23,-50,29,-6,98,49,-5,142,157,-180,-1,-5,62,117,47,82,-43,158,58,-48,-30,-90,219,101,32,9,-117,103,109,-132
39,103,-80,118,61,113,85,64,14,149,150,-58,169,199,71,-70,116,161,-81,114,-40,65,22,-1,220,106,173,26,-11,-29,51,233,-6,272,99,-110,32,185,36,126,27,24,235,52,55,115,136,139,67,57,0,-182,-1,149,-96,148,74,79,57,37,127,173,114,21,34,146,223,2,190,179,-131,147,-78,50,87,12,174,72,-93,153,166,56,-93,-208,-164,65,116,148,254,-11,116,-31,234,3,90,4,-11,22,56,-17,130,63,70,229,120,187,2,31,-106,-17,-23,13,128,1,47,-13,-70,-31,69,41,275,54,-13,-71,140,2,17,48,67,29,144,278,-33,131,-25,108,107,41,137,-24,268,-6,-177,122,184,-22,159,86
-33,-75,95,57,-61,-116,-23,136,58,126,163,-47,63,239,146,113,154,-61,28,-74,-191,111,-11,72,-20,120,49,102,-93,-62,-82,-127,-20,12,-1,-100,113,68,39,139,119,184,-14,-47,-132,-29,139,5,93,37,-89,66,73,-129,23,-118,33,231,-39,-16,46,-9,-73,-11,121,-57,102,-45,82,227,-94,43,-130,99,5,-93,178,23,90,-347,14,45,55,-51,-134,-59,-20,44,-8,-16,8,64,-104,212,-31,-99,-3,124,-188,-132,126,169,129,175,194,-39,114,14,94,-79,-88,4,-56,145,-25,10,-78,-70,51,5,342,111,-199,156,144,53,-42,-41,-30,150,-133,124,-51,72,133,-8,169,-94,-50,101,-34,-72,62,62,117,237,132,-83
159,25,118,89,21,-126,55,244,88,29,-123,13,-204,29,-45,-22,47,-128,67,-2,48,85,48,66,40,-51,186,7,-163,135,171,-81,7,151,51,170,-93,-40,-81,-5,71,-260,29,35,219,42,-127,-42,76,-31,-40,23,167,70,77,72,213,27,-96,139,9,92,81,96,37,5,28,-27,9,55,-172,168,-54,-80,0,146,23,48,67,-42,15,150,-132,103,87,-32,-195,-141,34,121,-44,226,-29,178,58,-31,85,-78,128,17,-38,70,9,-32,20,73,3,-92,35,53,-101,52,-28,32,-14,156,122,160,155,-32,65,-187,41,35,-171,-90,26,118,-32,219,130,-68,-73,213,120,45,89,81,-82,-7,21,-31,-198,-158,-31,11,49,-7
173,225,172,95,270,177,44,51,17,-41,-64,142,-35,-141,42,236,166,71,93,107,126,150,249,-5,238,-85,64,-12,-23,-50,33,145,121,-36,146,-76,2,-23,28,224,-53,-71,-47,-28,46,12,172,7,89,89,-24,23,136,204,-84,-9,-104,-83,165,-25,5,123,-7,122,108,118,87,85,90,168,-3,-8,8,128,85,-62,46,129,37,106,148,-44,-44,37,85,-11,51,17,123,124,-36,98,-26,126,131,-57,91,11,149,-38,189,114,90,-11,113,125,-2,-27,94,-133,85,50,180,-70,-1,-138,-46,-52,129,-32,4,-75,-70,145,-46,131,22,152,107,-35,173,155,43,-76,31,123,53,-42,-128,-56,5,246,171,17,230,-10,30,212
208,249,-103,75,44,74,70,29,87,10,-8,-28,5,29,92,144,203,5,165,21,141,181,-3,30,-141,96,112,182,63,229,37,76,59,236,-3,-44,-17,90,11,-103,-3,104,117,158,-46,8,-13,175,183,116,66,72,211,103,46,122,113,26,13,-87,24,-52,140,145,192,-26,243,60,133,60,99,-57,172,143,76,82,-13,-134,49,100,31,14,191,60,-21,138,152,198,-84,122,166,37,102,105,99,-132,172,82,40,-145,202,161,-164,85,89,152,160,42,104,21,-85,32,80,161,98,59,202,103,53,0,192,18,25,10,0,61,216,178,151,-8,21,108,187,26,184,98,75,-46,196,-11,124,105,-51,65,-16,-4,14,107
98,135,26,96,-80,63,175,122,80,-147,37,-54,-106,32,87,97,68,-69,-69,170,160,232,198,92,24,-21,141,-62,58,186,50,257,-98,127,-59,103,-168,-110,145,-83,-186,37,49,200,-125,46,43,59,86,158,210,191,144,-155,92,-10,121,152,88,67,142,42,28,162,-20,81,124,-31,-45,52,273,-92,-29,24,287,26,130,-9,68,86,-48,-37,17,-63,-18,24,3,26,98,69,-26,205,5,125,15,90,22,103,-74,14,100,0,-77,156,-124,101,73,-63,107,-51,-29,24,180,68,213,-51,162,-52,-249,17,133,-109,-54,113,165,-53,147,126,-91,12,-152,-19,-41,-49,94,-155,244,-9,88,41,48,-92,120,2,34,55,-75,169
69,229,42,-96,-173,-36,156,50,-76,3,-54,97,-138,172,81,69,26,159,60,36,-58,82,70,-34,-70,136,-41,58,31,75,19,7,-48,80,-223,27,138,10,-65,88,97,75,-6,42,-26,21,133,74,32,-25,-70,31,-46,46,-50,-143,215,186,79,31,123,49,-19,-53,8,-36,166,-18,0,62,23,-56,144,83,153,36,224,-89,121,15,266,16,61,79,82,-24,173,56,-61,-90,85,16,112,-26,162,37,56,188,-62,-18,-81,141,127,108,159,-167,-24,-18,60,90,62,77,-55,212,138,-199,-38,163,49,-44,209,-71,137,29,-49,-58,121,-74,92,173,-254,-18,153,181,-51,-100,-70,-16,58,-158,189,-93,128,100,199,14,173,-52
79,65,-77,-6,45,-88,-7,-96,47,38,-32,13,70,12,-202,145,161,93,122,-11,-15,-17,119,26,65,-80,92,-27,-11,-114,75,10,48,-193,98,73,-84,-71,-158,163,-2,-257,25,9,115,90,-75,47,132,177,-64,-67,-31,104,71,31,117,91,-59,-35,-299,313,-1,-17,22,120,-33,-117,-113,-71,-43,-33,38,14,18,-3,48,57,-178,-7,-8,154,-89,57,123,81,81,-156,127,-14,144,82,100,-12,130,-19,-122,4,15,40,19,103,119,70,-126,139,43,-34,241,-104,-265,27,169,-25,-96,-65,-62,0,160,75,-57,-28,-107,67,-26,-113,-222,187,48,33,121,-103,46,-125,92,219,70,217,-96,-92,63,-62,-54,-74,31,-27,-74,-16
109,-116,-107,88,49,45,31,102,72,158,-11,108,52,65,135,-101,156,172,18,191,38,-52,7,82,33,27,11,-43,-113,-11,-16,114,193,85,64,114,4,75,14,-124,-160,25,17,36,-10,174,-54,4,58,26,33,10,9,74,104,172,72,-89,-81,-23,11,-81,132,-39,90,143,36,31,173,80,86,211,140,110,17,102,-9,154,-26,-59,235,44,0,4,79,-123,88,94,-185,16,80,140,-5,-95,-34,160,105,76,216,-40,140,-6,-87,6,213,-89,57,-12,-161,73,13,64,163,0,-25,127,-61,224,45,102,107,-82,-102,48,-46,99,209,169,52,-31,217,-148,268,171,166,259,-73,115,21,-12,-31,114,189,-91,-41,37,-83,81
78,-138,-71,-75,-132,45,161,50,-132,31,-147,-27,80,167,-141,19,-201,22,-110,23,59,-6,-26,77,-86,132,-26,-102,17,176,165,-119,-19,-75,11,-41,67,-59,77,-71,8,77,35,138,6,33,-168,29,-110,-93,44,-6,-55,159,-29,8,66,110,-198,83,-147,-49,153,87,27,-68,47,-28,-64,-35,-176,-73,-60,-66,94,225,-107,-47,-19,-34,-54,44,204,46,-47,135,-102,112,-9,24,182,33,76,217,23,82,-83,172,-112,104,-100,-22,-8,30,-18,-60,142,31,-43,24,17,149,-67,18,-75,-107,-66,263,-69,-158,49,-90,-143,43,-137,94,146,43,44,135,-33,-56,42,111,104,-78,-123,140,6,91,16,-91,-179,29,-46,-11,-13,-25
29,-16,-38,-32,7,3,-49,46,209,39,41,-68,-49,98,-212,139,208,-8,54,-82,19,175,150,247,-15,58,-7,5,-141,4,129,135,100,-107,243,104,-141,138,-55,79,151,-199,-90,157,-214,51,104,310,234,110,48,-82,-11,72,112,-114,131,28,169,-13,-113,36,27,68,44,100,29,-53,32,18,33,80,101,40,-71,-42,-27,59,136,-1,31,-11,-23,-184,75,-15,48,159,21,51,68,57,-41,23,78,141,-44,95,113,48,24,164,137,9,28,33,129,198,-11,-93,73,23,80,34,122,101,-12,136,47,-3,76,134,2,-56,35,-13,36,151,46,153,82,-7,41,-61,306,108,32,231,76,-2,67,13,-1,86,66,-93,103,143
-5,107,-9,221,-121,186,-12,-51,142,48,43,139,18,-67,188,365,77,118,5,-29,-70,-61,22,79,136,12,59,190,28,-79,210,90,106,23,105,153,16,194,-75,136,93,-69,144,23,87,-195,0,-113,-51,8,-127,-22,-19,241,45,208,51,-60,88,62,123,-1,-44,-197,-33,142,60,47,42,66,93,-82,271,122,-41,69,116,267,-115,149,18,183,164,18,152,-128,-57,29,-16,30,33,177,94,-62,6,100,139,95,125,-6,117,13,38,113,215,14,-41,-24,-134,58,0,-105,-100,253,162,-67,7,119,109,115,13,85,200,-4,-57,-69,119,78,124,177,89,86,27,158,201,110,22,172,-50,-44,101,73,23,-120,27,89,-140,220
17,39,75,-206,-48,124,-119,208,65,169,115,58,-121,-86,63,-118,7,143,-58,-166,197,-147,34,45,47,152,43,103,-31,180,-104,-122,76,60,116,-2,-84,141,241,-139,155,92,53,149,-166,-67,144,-38,-88,2,-20,-195,137,83,-4,21,81,-180,-75,27,-7,183,196,-36,213,71,8,-131,11,77,70,0,88,13,94,-23,47,-127,249,-86,-165,188,69,-32,-55,31,-54,252,168,191,254,-110,104,-181,111,-75,131,39,60,-107,15,30,3,-32,-110,53,-120,-23,-17,-96,158,57,31,46,243,-6,26,-15,56,107,-35,27,-68,-118,29,69,15,-24,-233,100,71,-29,80,273,151,96,38,3,-70,234,49,-24,31,-113,2,147,184,160
-12,122,-28,119,104,88,62,70,136,-37,77,103,36,-90,82,-66,81,38,116,-18,-167,156,25,136,149,211,115,150,-81,42,267,11,5,35,78,31,-42,195,94,32,-95,131,-52,77,175,34,92,71,-9,7,5,32,-115,160,79,-98,126,-4,5,-3,109,121,100,-85,-18,-18,126,-12,230,98,-5,15,78,25,202,-90,53,160,51,-63,-73,56,74,-84,-139,-116,141,167,170,-91,101,96,-19,116,-61,-125,14,76,138,52,-25,1,40,207,41,207,116,-59,120,19,103,47,-110,46,74,3,73,-54,54,-55,143,118,79,126,144,-105,-3,75,96,72,-316,120,39,129,205,123,310,192,191,80,259,25,23,35,65,8,108,-76
-32,88,-59,111,64,98,-19,233,73,27,-77,133,-118,97,-32,171,-181,158,93,-155,-34,5,-27,-26,136,313,12,14,2,-24,-24,120,50,-16,68,57,5,98,21,71,148,-98,35,44,63,-57,-60,-84,-13,-130,-54,50,-50,121,-116,-20,-6,144,-66,-2,-38,230,58,-249,-178,125,59,-16,-159,-10,45,156,-1,-10,119,29,85,42,-91,270,27,163,201,5,-16,159,96,-31,68,19,-21,107,-2,-40,-137,-50,-32,33,-85,70,-66,6,177,88,21,-89,38,100,-50,26,-34,235,-18,-170,-15,-80,-38,32,-1,195,-192,187,72,-71,36,74,-3,7,38,-106,-168,8,44,5,51,-8,-47,-24,-85,111,63,-80,148,-116,227,-65,35,143
115,16,104,43,60,168,55,98,-32,27,135,17,-52,77,155,-3,-13,17,8,25,9,160,140,81,77,79,175,-16,6,81,3,197,148,154,69,36,92,69,26,99,40,18,-78,-47,73,-9,-4,149,298,-89,-3,143,104,129,-89,52,142,72,169,77,-10,6,227,-35,133,-297,124,21,196,229,-100,91,-31,-7,321,153,11,84,172,31,170,107,-62,74,63,48,163,27,98,-117,37,-24,245,76,231,-77,144,103,-4,-14,-12,126,152,47,101,-103,84,69,247,-131,31,171,-70,31,77,-67,-76,91,177,-43,-7,17,-36,42,75,60,67,59,-5,172,76,131,-74,144,191,76,144,21,-99,-10,160,-59,207,90,169,188,135,-6
-33,-82,-161,127,14,-154,-78,71,189,84,-34,-18,131,198,-1,-103,98,-83,135,145,-26,91,28,214,-55,-79,176,75,53,141,81,-66,-18,120,-78,99,138,5,-38,-64,-112,-62,122,-15,3,-53,48,78,-103,-8,132,-48,-46,109,63,104,129,185,31,-23,129,-1,30,-83,79,47,-125,112,-192,10,-46,61,-39,86,-6,-61,101,-167,183,-95,86,84,57,30,-125,101,-112,-104,-95,-298,226,132,-8,-85,60,-78,-10,144,-172,34,40,132,160,-27,122,76,144,-218,3,-113,-134,-203,208,162,54,-75,112,-35,82,-46,305,117,-194,75,14,-75,31,-7,15,104,-77,3,192,2,-4,69,274,-42,-25,-113,59,102,106,232,73,145,-56,26
191,61,96,23,-90,-25,-67,70,-73,-58,-150,-26,73,-68,-70,275,102,27,30,-44,-46,65,66,76,105,-66,21,36,31,-156,22,67,3,161,35,-54,-9,60,-20,22,69,-32,-177,115,-247,-68,287,-85,-13,46,58,-281,61,-59,109,-53,128,-36,126,227,133,1,-27,-36,41,189,-157,8,-72,74,-187,52,-24,-89,-4,117,104,-104,-158,-220,71,-49,97,-105,22,-175,-84,142,-19,34,57,80,214,19,162,65,27,141,-72,114,165,73,-35,77,-142,50,-166,37,68,56,-140,96,101,95,71,-48,-37,184,8,94,179,-141,77,115,135,25,219,-6,-29,42,167,-28,-1,274,73,86,-25,79,-67,-65,113,-50,-225,-107,164,-140,140,16
186,-20,-44,-29,49,-33,97,-178,206,185,237,-47,138,198,-255,-145,114,74,24,61,-6,16,-42,250,16,143,37,156,-93,67,64,-101,65,136,137,76,-155,135,115,34,110,-15,-40,128,-52,142,-2,97,166,17,166,134,162,-61,0,211,211,22,42,-87,-108,144,86,-207,96,74,112,-84,68,-25,119,115,42,174,9,-53,11,-69,-19,-58,-71,241,23,31,93,166,94,-72,25,18,138,8,135,13,54,26,10,20,-148,-65,-61,68,85,181,74,206,94,213,71,-80,20,-184,164,40,-45,129,114,64,0,-64,-12,9,-10,-73,6,85,77,33,-65,141,26,86,116,-59,170,227,179,-65,106,86,63,27,136,-56,22,194,-15,-51
-20,-13,-16,2,-100,64,46,79,-63,-25,131,-20,-10,-151,10,139,-20,13,-125,-12,133,-86,26,164,87,40,125,160,-117,36,46,-5,-56,155,73,211,50,27,-9,-86,4,156,-82,143,-184,120,173,37,-75,-105,52,164,-194,5,-26,-11,31,-10,-21,-327,198,-70,-63,-97,88,-54,-16,133,158,72,150,105,80,182,138,59,-78,6,149,-182,6,-27,100,-94,82,-4,27,140,18,-58,60,-219,157,-151,-42,-176,-43,60,184,177,8,-28,87,37,57,86,-64,99,52,115,88,-41,-181,9,118,70,62,87,184,45,7,-4,-94,-59,-148,-42,130,-133,122,173,-161,95,10,312,99,168,126,19,22,97,69,99,180,47,124,-29,7,-67
227,271,-77,63,212,51,170,47,-8,154,-88,158,132,156,72,309,105,33,-42,118,-26,116,46,140,131,213,-87,3,-47,-85,39,331,77,17,93,-29,33,133,-123,155,9,-65,-10,205,-13,136,109,72,194,-67,94,31,-37,-35,15,-48,87,133,131,9,219,155,-30,213,111,44,210,67,110,121,47,136,55,-44,29,164,192,30,119,-120,187,-89,169,-12,85,-29,-90,-35,285,-91,52,135,141,134,43,64,34,123,109,-139,197,180,-127,66,87,-120,20,42,-15,51,-37,61,117,120,97,-29,51,157,80,102,84,31,143,-8,-248,320,84,81,160,5,27,123,-129,-19,115,173,-91,25,73,-17,42,4,-105,60,71,-90,132,206
-50,50,244,-68,54,122,-50,33,-57,-242,167,-75,225,-85,18,129,143,215,-108,-182,-104,70,-142,-50,-97,40,22,55,-9,72,-78,-31,29,6,-89,30,144,2,-119,17,55,103,106,-179,-179,61,47,177,-66,55,-156,171,196,-58,167,96,-78,196,132,159,95,-38,60,134,180,-45,31,90,38,38,-20,-112,-167,78,23,-44,161,198,46,-61,13,43,-63,-98,55,-9,22,-34,-101,-126,-63,-74,11,91,80,206,44,57,-55,48,-32,16,66,13,215,12,-16,-124,100,-76,-260,39,88,174,25,-193,-96,4,-134,-49,218,-79,23,96,107,163,100,146,57,238,155,45,-118,-49,122,-55,51,88,169,49,87,101,204,117,-175,100,-24,22
-68,24,-21,-35,31,237,34,105,24,47,223,-121,-26,-85,-111,99,91,-19,49,-66,56,-123,141,27,32,69,-4,75,182,47,74,62,-29,80,100,159,129,-50,189,-82,44,106,-45,97,-31,-184,121,20,75,237,136,-6,-32,6,189,26,67,-189,-34,233,-11,79,54,182,31,-140,-99,201,9,87,212,-100,-61,-76,14,127,-35,56,175,66,14,-77,30,150,93,107,-97,206,-51,-19,-16,-38,160,92,95,14,65,-9,176,108,-107,89,-13,13,-17,-34,12,-17,-23,115,76,-71,60,167,112,-104,-109,247,-7,-40,-12,43,-120,-9,-90,3,85,-21,11,281,14,-140,77,-46,123,168,189,121,-295,170,206,5,-91,-97,-2,-19,53,-13
169,92,-71,-85,-21,43,187,219,132,150,-24,-106,56,-217,-43,10,-90,88,92,5,127,110,68,33,14,40,67,83,45,5,-79,142,156,111,19,79,118,20,154,-43,112,-32,17,-30,-202,73,-101,83,75,-41,237,141,132,-90,146,-111,113,-82,206,-32,47,101,-38,13,77,-41,67,139,-19,48,142,128,-20,191,127,66,73,31,5,29,-118,-27,111,-152,126,71,45,155,-38,74,-24,-140,6,75,-21,97,-46,23,109,-62,162,70,-144,-143,144,-71,31,286,-4,-54,109,84,34,-7,-11,137,-4,-117,108,101,188,-126,103,-48,117,-46,13,14,-46,9,50,34,46,152,72,205,-36,-93,155,59,70,226,-6,126,-88,75,158,93
160,-24,57,3,46,51,-57,119,114,-132,-106,-9,82,-77,53,-43,-30,49,117,35,67,14,81,168,-67,-29,140,101,71,103,185,28,-62,60,36,4,86,-59,-42,-103,5,-25,45,108,-53,91,33,179,234,20,156,218,192,146,167,79,114,102,-31,63,-19,160,191,101,8,145,103,234,-190,20,81,24,-46,116,116,105,90,-48,-89,-9,66,-51,-98,-69,-106,112,-11,162,-18,-15,66,204,-25,22,55,3,-10,242,22,55,-77,-6,-20,47,-12,181,157,33,88,91,-133,-39,251,91,-9,37,-9,76,183,-20,180,-160,51,158,-130,-55,64,130,-17,163,7,69,143,-3,-13,99,207,32,61,21,7,-144,61,57,129,104,117,148
-7,-46,5,-34,195,-322,10,-56,102,102,104,-98,31,-14,-11,-18,19,22,168,65,50,22,139,-53,-252,-124,36,-32,125,18,-40,72,40,148,56,-49,-63,21,-143,-70,4,-181,111,58,-7,-27,103,-5,-41,25,-42,38,25,-132,112,185,153,102,-79,114,67,296,123,35,-106,-59,10,-92,41,-28,13,53,-9,-5,128,251,168,-5,-58,168,-29,225,-50,-56,128,-148,-98,-33,58,209,112,27,102,75,123,67,169,-53,-45,106,2,93,159,72,93,65,126,111,-94,-6,3,41,171,-133,-130,-48,-17,241,25,192,105,-69,76,126,-145,25,-108,-115,33,22,26,-23,16,43,25,115,-134,25,-150,-62,24,-133,-3,-194,119,91,161,188
52,42,-69,-102,-137,-48,202,-120,-74,118,-61,-29,-12,21,-47,119,-227,-16,-125,250,48,-11,76,99,121,-58,-149,12,128,96,67,61,-147,30,141,-66,151,-28,125,99,-40,140,-64,165,-26,-97,86,71,-237,211,-13,-66,-159,-8,109,14,-155,-16,205,-24,-4,77,-20,29,-65,-56,-59,20,6,119,97,48,32,43,15,-56,-14,-7,-165,17,98,44,31,-6,-20,69,-90,59,-173,-73,73,-120,96,137,-6,22,-80,191,32,111,56,-176,59,-101,-152,-1,-15,46,-92,-67,88,-169,-110,-40,29,68,186,73,121,87,70,16,35,-15,11,94,74,-188,6,-118,-41,153,14,-52,40,55,178,-63,-72,115,-5,25,-15,-45,-129,0,118,-22
68,165,-64,-148,-142,-37,-55,113,58,138,-13,74,-158,23,128,-75,-151,175,21,88,128,18,-26,62,175,92,94,85,-2,254,-18,-25,202,97,42,40,-243,-120,225,-19,26,-152,133,230,97,120,-92,-60,226,79,117,36,27,-89,91,-117,128,102,123,34,45,134,112,116,162,110,127,-20,-69,188,255,-105,172,83,70,60,86,-113,107,-35,179,-78,169,243,180,54,77,-5,58,69,189,-17,80,64,36,48,125,-157,1,71,226,80,72,-57,48,-106,-167,66,-114,-82,71,52,89,198,255,-48,197,134,5,52,-81,-29,173,-54,-131,81,-19,70,97,94,98,131,33,10,130,-108,65,-57,55,-3,72,169,-7,-110,-115,-34,90,281
132,78,-146,-193,-103,20,366,245,115,190,21,-162,56,-101,103,-38,-55,139,-88,170,40,210,104,213,94,20,7,-52,-19,-90,40,27,-79,60,155,118,-139,88,4,-29,-109,117,57,7,-1,80,219,83,108,65,-119,-49,19,-1,-45,11,143,-20,174,37,10,4,-13,64,-55,-54,-29,20,-29,20,210,247,105,11,275,-97,145,106,279,173,7,41,26,-92,33,48,-12,-15,130,-99,32,-8,-10,-147,-64,2,0,-129,160,5,7,-72,86,-3,142,-42,2,223,44,164,259,103,-123,-140,27,-57,-87,44,-2,52,82,163,77,92,-52,57,-53,9,21,82,-47,72,37,-5,96,10,25,-32,-25,27,-176,-55,65,132,231,21,56,-123
-105,-32,62,-106,111,253,-183,204,47,-28,85,36,138,65,128,52,93,89,-15,-192,93,-6,32,184,145,108,137,64,109,-187,73,99,109,121,72,47,110,150,62,126,61,111,164,146,-84,11,54,40,190,-14,117,93,203,78,79,71,-79,-42,142,-168,9,143,140,-25,56,21,-55,50,138,190,102,34,-14,8,26,-9,-22,140,2,25,-70,71,-73,-6,-196,75,15,8,-16,53,-67,-73,-30,-32,26,-43,-139,98,173,111,-120,-55,14,-72,-38,-76,55,39,132,81,-61,130,-96,134,211,-124,114,14,32,107,6,-87,-148,39,308,8,-85,131,23,187,70,92,-7,-108,70,47,204,69,34,26,178,281,35,-12,91,-26,66,55
-9,32,51,20,13,-37,-190,57,-120,-116,-91,219,6,11,38,71,-193,31,16,4,351,-265,50,141,57,-82,56,167,-16,81,-175,21,61,-6,-91,-113,-157,-133,111,279,-5,-94,-36,169,9,7,-26,92,-94,18,11,13,34,87,-21,-57,152,115,26,-167,11,61,104,99,91,194,51,-116,146,131,47,120,-117,-41,137,31,-52,-72,62,62,11,181,72,-54,9,214,-52,-121,121,59,252,82,90,149,-125,0,31,-43,-137,263,-109,-124,103,-2,-128,96,-80,23,11,23,-227,-42,-9,84,-40,-133,165,79,33,169,83,-46,-102,93,140,39,-6,-35,106,187,-156,43,-69,68,108,38,99,2,-83,98,255,-106,85,-58,159,41,-141,-24
-171,-92,123,181,321,-142,-76,99,11,-36,22,56,-80,-8,38,21,95,-50,220,-166,-176,-22,-29,101,-77,59,-166,-54,218,11,-59,34,-167,183,79,216,218,330,-138,37,-211,94,-111,-104,-93,87,13,82,79,-2,-152,67,100,114,-5,-64,96,-106,-57,201,58,-37,-8,87,56,54,5,4,20,51,35,26,115,2,-112,13,70,67,94,-29,79,-14,133,195,124,-143,221,14,-113,170,-238,147,-111,-87,49,-43,102,98,-10,166,169,99,-222,-4,-3,-10,259,-103,166,264,266,225,136,-53,130,-104,135,105,-126,131,-130,-59,166,220,-69,-163,83,-65,-56,20,-15,-209,-22,47,-59,106,-106,95,-238,-13,-135,181,56,191,10,-128,-55,-45
174,-108,132,-27,15,-8,-160,40,-21,-93,-97,-91,96,-78,-15,241,115,-84,193,-39,-13,113,42,-62,6,-22,190,240,10,-157,-155,-19,133,111,53,88,216,2,14,-26,102,58,-117,-218,-77,-83,-9,100,109,-31,-93,-29,109,17,46,126,95,-65,174,32,68,76,1,22,93,-31,-64,54,5,27,100,126,65,-62,-56,100,168,-111,-210,-98,-4,68,39,116,-12,-21,-8,-25,48,61,21,130,113,66,113,-29,99,-61,8,-148,180,177,-28,105,8,94,118,-179,127,44,-8,0,182,145,-95,167,-128,36,93,45,164,243,92,103,-119,18,84,73,-68,112,249,-94,-44,69,-41,206,24,104,-83,-32,88,54,-78,15,67,-67,-36,-40
-50,-133,234,-73,24,49,-122,95,-131,78,73,-33,99,-31,78,-200,-18,16,-54,-47,138,-106,140,173,-132,70,101,-94,55,13,-30,-1,-5,93,-35,-65,-197,4,228,-20,-124,112,68,151,-4,43,-20,42,202,84,88,-41,-172,18,56,-43,238,66,-281,-57,-18,1,65,192,147,125,186,-34,-6,-65,-73,34,-14,1,36,57,-29,-97,40,-210,0,85,82,-107,-3,-64,-12,-94,207,123,19,55,75,82,-24,-4,131,142,-134,-174,99,175,55,19,-10,-22,69,-94,11,84,-61,116,-69,128,107,-79,32,-73,11,36,69,-11,60,-72,138,33,40,65,-26,18,183,-15,202,85,-52,-66,-73,128,-15,-67,89,-50,-9,24,163,206,79,22
-59,-41,103,-75,78,-165,74,-26,94,183,-28,-17,59,-29,-69,36,12,-20,192,14,22,152,-67,137,-52,18,1,-23,21,-104,-22,35,177,284,105,-47,-18,-63,127,-48,109,-72,140,-83,12,123,-101,112,-162,-18,94,7,71,42,116,106,80,-75,154,18,-65,107,162,17,124,47,-235,6,-89,184,-18,7,19,-56,-19,62,52,90,91,35,-117,-1,89,32,-18,150,32,-66,178,20,44,17,176,-65,25,-20,-20,-14,-127,174,54,228,61,-31,46,79,-127,-1,74,175,165,184,236,-75,12,-155,36,27,112,-17,87,114,-20,8,-38,-63,-84,191,-12,75,216,4,102,56,-150,85,71,-18,-35,102,70,51,-112,-60,1,-56,131,108
71,-179,65,108,210,-134,15,104,-61,-54,-42,-58,-75,156,184,87,286,131,46,49,114,-61,-10,63,121,-39,94,131,299,19,-154,-24,-39,93,41,1,164,41,11,-20,139,34,29,23,12,22,192,-25,319,210,85,51,-40,-80,-67,105,63,-53,74,-66,61,-130,-22,158,264,38,142,-6,260,-31,251,-71,102,254,12,-65,-24,-128,215,-7,105,214,-108,-87,134,125,-62,292,-12,197,-54,-82,202,4,4,-31,227,110,2,173,173,66,-302,80,-209,151,126,91,126,103,70,171,345,12,-45,-150,103,-80,-48,122,-48,177,102,-87,18,-121,71,-188,96,117,21,220,224,89,-11,187,-94,-38,154,55,-62,-100,266,158,36,163,28,129
194,22,-62,-218,-49,74,179,132,121,-82,-51,-24,142,91,-69,261,202,-63,9,103,236,94,-48,129,-149,70,86,23,46,-38,205,1,-56,242,-19,-64,-7,141,104,85,35,-9,-2,27,-73,-10,5,67,-42,-80,173,192,55,-135,97,-62,31,77,3,115,88,78,-108,210,122,73,91,-34,89,-20,130,22,-39,215,247,116,221,119,-25,-44,-31,49,89,48,216,57,-54,-27,85,148,0,-14,242,79,2,-15,121,4,-140,87,-126,165,67,231,77,146,167,202,-18,59,-79,139,95,-71,78,5,100,162,9,-164,-31,29,-83,-141,-24,121,2,-198,165,125,35,97,80,80,160,-193,46,-112,175,73,132,-22,253,-30,103,51,177,152
241,246,95,-37,145,-94,2,87,98,76,89,11,-108,131,164,114,-11,124,250,9,-114,283,-19,10,-94,51,45,-135,70,141,16,-52,51,202,218,-82,108,-55,59,-28,100,-262,122,7,43,-226,141,50,26,-2,-35,221,-15,-202,122,184,-59,305,-24,3,54,-41,-42,-5,27,-85,102,24,-31,53,-65,-70,-75,13,127,185,31,156,153,231,141,36,-30,130,170,69,187,-57,83,220,8,-87,-9,44,176,-117,56,1,37,48,205,143,154,205,57,69,155,-29,142,40,-22,169,100,2,18,23,55,-15,146,-73,67,-159,58,27,10,44,108,69,84,100,31,170,91,-59,84,-49,-2,56,162,-33,-31,219,116,24,-147,185,137,38
32,123,19,-111,8,-13,-16,-48,-15,-36,32,-51,-24,57,-50,-74,207,186,66,88,-147,105,-17,42,45,72,104,47,-6,92,256,92,60,119,203,-76,124,-41,-30,8,144,-219,-55,-79,56,-2,198,31,-62,162,57,37,66,5,103,6,67,-66,-162,194,53,181,38,-162,66,7,-1,37,35,34,-78,-168,19,70,-114,-67,-77,105,40,-38,168,154,-150,29,132,-204,71,59,-59,10,26,75,57,115,266,179,48,34,-17,150,-21,-18,107,-10,-45,-126,82,-9,56,-110,141,-24,139,90,81,-192,-11,257,87,72,288,-115,165,-32,-120,-72,141,-6,-88,118,-1,2,34,9,73,60,-76,60,-17,58,-177,90,55,-221,-159,126,13,11
358,68,-21,-12,282,-113,-29,111,102,97,135,0,187,178,150,-89,83,112,113,-53,-21,37,93,136,-137,34,25,72,-38,188,201,127,172,74,177,95,-21,64,73,-121,21,-76,106,65,1,-8,85,71,132,8,83,-12,67,20,-65,22,-1,133,40,194,162,211,108,153,170,153,45,29,81,76,83,5,-155,-4,211,5,87,87,94,54,93,71,133,117,-55,21,-12,-203,161,-84,-89,-240,206,51,88,-92,82,186,212,-3,102,188,97,257,125,-85,201,59,91,144,66,7,173,29,170,-207,-224,196,299,-68,19,-62,-153,92,17,282,-127,223,202,101,129,90,191,51,350,73,-11,58,87,-32,-114,-32,73,-26,-39,173,116,56
64,123,-28,-36,56,94,8,-52,-18,97,-84,294,64,-24,187,39,104,-98,-32,-13,-67,-237,-126,-169,1,39,0,-209,-16,-33,28,-31,19,-85,-80,-9,-156,-132,-14,46,-181,-141,-21,120,78,13,-88,112,184,-70,-18,220,-76,-15,125,179,38,121,21,-98,-23,-9,114,85,58,-6,195,-5,23,95,41,-101,135,116,-86,171,64,22,41,-88,26,99,-145,73,141,-1,-102,113,-6,17,59,-112,2,153,43,163,164,57,78,76,141,-27,-93,-4,153,-57,38,36,-98,42,-29,24,-56,144,72,-110,1,-20,76,-44,-37,-136,125,-52,-91,20,-21,-17,277,-23,-103,96,-11,-78,3,101,19,39,166,96,133,-123,-28,-40,28,30,-63,-24
21,35,51,47,-70,-49,45,-21,178,-59,12,-18,-51,-59,-53,64,31,22,7,-99,-67,-47,220,124,-32,16,96,71,166,148,55,89,-10,-95,115,210,66,26,-39,-72,-89,125,-10,111,6,197,200,15,-76,-11,-109,31,-49,109,-3,-149,280,132,144,-87,-22,-32,-2,26,-84,150,-170,-8,-7,-51,45,60,-72,68,65,-93,25,57,-8,96,114,35,174,5,162,-140,62,98,-18,-27,-151,-42,111,-92,-27,64,40,-121,-9,103,108,86,153,243,-126,168,90,158,-38,-18,124,-25,93,-71,40,-107,137,-3,9,107,106,-126,-3,125,-13,-15,252,75,162,1,-166,-184,-82,34,-35,106,-46,-73,-63,5,-26,-63,56,20,122,-128,48,27
45,122,-4,48,104,7,137,64,87,252,163,82,-2,156,178,126,148,-12,-111,153,0,27,50,109,9,62,48,-77,-5,84,105,28,-76,87,22,123,79,-5,-95,-38,56,247,74,82,23,-33,-24,210,-57,96,158,96,-16,-58,145,106,133,102,106,-23,-16,144,212,-21,86,38,-41,21,23,179,21,-114,157,334,136,8,221,-37,160,243,41,100,186,39,42,123,-94,106,-116,23,137,-10,139,-106,157,148,4,394,103,172,33,79,62,108,298,103,106,42,-137,211,-154,121,229,105,-29,-18,87,84,-59,121,20,160,-20,40,113,115,123,94,141,335,43,9,181,57,-16,146,44,-67,138,20,201,26,228,231,97,129,69,-84
141,52,17,135,-2,-30,67,-75,164,8,161,135,118,26,-83,-63,97,-55,-67,-44,-45,-16,271,42,0,179,40,-19,157,138,174,34,-45,139,31,4,75,-18,213,-32,128,-87,-61,130,132,-208,78,38,32,-59,151,-50,35,32,171,-105,93,167,-19,67,-28,67,48,98,167,203,-16,45,17,134,1,86,-119,-2,-141,9,-71,47,209,72,51,-106,-44,82,-8,120,-114,220,-169,-64,171,-13,102,-69,47,-1,-22,11,-3,185,-91,-13,47,115,-39,83,57,7,28,157,191,-176,132,112,53,23,-23,76,18,-91,233,-16,-197,-3,-23,-75,153,19,-73,108,-100,-77,-14,284,15,-73,89,93,178,20,32,-19,141,65,-115,72,114,-79
-22,136,44,-27,-144,42,135,194,107,49,-74,57,-2,-11,-188,169,264,131,97,-106,169,66,-79,290,115,95,42,212,-167,81,66,36,80,3,102,-21,26,61,153,2,28,22,35,159,-97,48,67,52,39,-73,81,81,117,110,78,-148,60,29,166,52,209,70,-94,103,155,156,119,113,-29,158,-3,34,-28,103,156,-86,14,55,25,-28,49,36,78,-134,153,-85,103,19,53,-4,5,202,96,51,-83,123,-52,26,-25,195,107,123,160,-43,60,2,19,49,-114,-127,-145,133,-37,189,-71,-8,28,-10,-54,155,94,-184,-28,70,-90,15,60,151,131,120,-36,59,-66,51,105,89,160,-153,11,184,35,121,156,28,150,6,11,79
-54,111,102,33,-5,-174,-23,-61,-22,28,18,-95,-27,-29,-21,91,7,66,-71,32,29,136,-110,97,-34,186,-38,-46,128,68,-121,-66,-27,107,73,31,-24,60,-48,141,-94,-16,65,-127,-238,50,164,38,-30,165,-19,7,-21,-92,29,-8,195,-56,-55,85,-47,-43,-50,-113,94,94,36,-33,-29,4,-136,-141,25,-14,-64,25,52,22,91,-110,-10,-48,115,-104,124,101,93,81,-58,-36,62,91,-31,75,90,38,-6,40,-103,6,-113,39,-210,27,14,85,-137,-5,91,22,8,68,14,171,113,157,93,14,31,44,219,-57,103,-111,181,-193,-89,129,-62,-84,184,-93,73,49,-58,-4,16,78,-3,151,9,79,16,7,-89,29,34,14
65,89,-10,159,154,20,289,177,5,-107,-38,-82,5,52,123,249,-65,108,101,-93,-118,21,81,77,76,52,38,56,136,-66,184,129,88,147,77,131,225,159,-181,35,134,65,14,147,9,-57,142,166,53,105,-78,-42,-109,7,34,99,129,154,162,150,69,114,56,68,-19,84,94,150,-79,4,131,-80,124,9,-112,183,238,42,91,42,-4,-80,145,26,26,86,-96,134,112,-7,-284,-32,-66,43,171,-120,-24,136,134,170,134,104,-56,137,44,49,107,65,153,281,196,293,213,-82,184,-129,-28,62,24,92,154,43,45,25,-40,82,96,72,138,136,131,137,12,53,147,53,-147,150,193,-47,57,60,-8,120,113,-60,39,217
5,175,196,120,5,-126,-88,216,106,46,64,13,-118,173,54,-85,294,50,8,-6,-113,121,-88,204,39,66,194,3,-202,189,30,102,-15,267,29,137,-32,197,17,-96,-37,-24,191,78,-84,153,93,165,162,-9,55,89,-100,-161,90,-56,238,201,132,-34,111,138,151,15,111,149,240,53,216,63,138,311,93,93,170,-94,161,-135,112,2,100,-23,41,-45,28,115,298,29,92,-8,168,-284,154,-160,-100,-162,47,95,115,163,185,195,-141,46,156,-92,176,-105,101,259,74,97,37,-54,-32,93,99,29,97,83,146,56,38,-43,245,-146,-73,190,78,28,-225,171,52,113,95,-9,100,67,50,248,247,-49,-50,127,-2,53,9,148
130,-26,105,57,-31,73,-5,102,113,-3,8,-70,-192,219,99,-140,-107,-69,24,-88,-12,-81,64,155,-71,100,158,27,-64,46,0,179,-108,134,35,162,40,-14,-18,21,43,-209,39,19,-124,121,-68,40,281,-285,66,-99,-132,-54,-8,-63,129,118,-13,-77,170,24,22,253,-62,92,140,8,16,-12,30,-41,-87,-121,108,51,-29,-156,25,162,118,19,-24,-42,-99,90,169,-4,89,-103,167,-162,126,-65,5,-59,-106,43,-148,60,26,151,87,48,136,-138,89,3,4,-18,-20,-168,57,5,-80,56,21,114,129,-63,8,-150,65,-142,110,54,-10,-96,160,95,-114,156,30,18,160,105,9,-67,-16,-106,332,-229,-90,18,92,117,228,22
-98,-229,97,247,128,-75,-195,56,118,-93,162,99,22,-132,133,68,-107,165,153,-4,208,-230,75,87,192,15,-121,137,23,-108,-63,0,-85,87,-79,153,207,-68,212,17,-25,-54,-136,-116,39,30,36,9,-53,26,41,214,132,-30,98,-34,-225,63,65,-51,54,45,-17,62,31,111,-41,291,100,174,179,109,-121,91,-134,135,22,66,35,51,30,-83,-4,-64,33,-69,-108,62,-148,-17,101,59,41,44,-147,188,-60,90,-35,27,-20,-36,-180,-6,-33,-130,-229,-156,-70,132,-137,-103,43,91,-63,141,11,-21,21,39,73,113,61,43,65,-60,81,37,-16,37,-44,67,59,32,198,21,101,-18,36,92,10,-91,92,80,-6,163,102,34
244,175,-29,-75,79,204,177,147,64,54,-71,95,16,63,63,-1,-3,256,166,-95,40,117,-42,68,108,123,55,39,59,139,4,-20,93,1,111,44,192,239,20,-127,0,217,194,105,82,121,-113,217,-17,-94,-76,93,83,201,33,85,139,32,-67,73,-180,122,164,-56,-4,-29,38,-18,55,54,-4,43,46,41,186,-89,131,0,324,169,2,181,16,-186,-180,151,42,100,56,-21,-32,-18,5,119,188,69,-32,181,91,9,110,75,134,75,172,18,80,151,2,124,31,192,79,-23,-97,-157,-79,-9,21,-60,190,-52,7,34,74,246,-8,168,34,143,136,19,113,-53,60,89,-68,-151,207,64,52,122,140,22,66,120,13,61
184,71,168,-45,-46,8,156,167,117,118,118,-119,81,74,-25,-17,-72,16,177,110,-47,36,70,44,143,93,-37,-26,44,-198,62,-109,31,-85,86,176,31,344,167,-118,68,82,80,29,-25,71,13,-1,43,19,-70,-104,39,-74,-78,224,-7,72,99,163,-63,-57,-13,44,75,32,89,-38,65,108,168,146,25,130,95,200,190,206,227,26,19,-127,87,157,52,93,132,-16,-11,231,-9,-118,59,105,21,79,40,-6,125,180,-111,-48,141,2,10,134,11,159,98,-1,306,23,-153,-12,-22,-99,-45,34,199,2,-41,141,-10,72,-91,-89,220,127,19,158,52,117,-1,75,-46,106,92,-77,10,172,207,154,-44,165,-114,-194,243,50
84,201,-37,78,59,233,-13,-46,-123,-48,120,-18,22,134,154,1,141,145,63,-146,-168,124,247,-86,-66,192,9,-27,72,60,108,194,-11,28,-103,-119,8,23,-121,-23,12,84,47,-60,-1,-127,190,-33,142,118,-25,26,75,-40,-149,119,104,-119,-2,-30,123,-26,-40,-39,173,-29,69,74,149,34,-117,-6,-54,38,-74,-91,20,140,17,-93,-37,-31,23,-95,37,-129,139,43,18,51,-159,72,-40,-5,131,-12,-81,39,141,-204,36,117,0,83,85,80,116,104,190,-15,95,79,-86,110,145,-40,-80,64,117,42,-115,-29,-103,27,55,-20,154,278,-44,-85,153,-46,118,-9,82,104,-162,17,-45,19,-22,172,-55,-27,-9,67,-17,58
113,251,-77,10,-4,289,239,113,196,147,125,111,106,-65,93,-6,-83,26,-31,-96,-15,-21,52,-46,-33,96,62,-83,-22,-89,166,35,42,249,274,12,12,79,-45,10,93,-26,24,74,-33,-64,-13,143,160,-79,140,124,131,142,219,129,176,110,15,-12,-55,55,141,59,20,42,71,57,15,185,-50,145,-7,-25,124,331,89,197,-54,84,-191,53,-39,88,67,-79,43,-16,58,67,19,10,282,-36,295,116,66,23,127,-6,75,6,113,264,84,23,-38,266,-73,37,-142,146,45,116,247,-4,-38,33,-32,93,-65,-194,75,-16,-98,127,237,-52,49,148,158,131,-105,26,152,123,16,128,130,62,285,205,-81,-53,59,58,184,68
156,-64,-56,-27,139,-10,-59,35,-8,-31,60,108,155,5,26,32,180,116,-199,-98,127,83,-52,10,176,203,-106,80,168,-44,-120,194,-130,-73,132,-31,55,119,71,-38,-82,124,19,233,61,115,230,113,25,-59,-40,-158,32,156,-8,-73,44,-58,88,-8,103,193,23,-139,-97,133,-12,-120,32,-23,-17,80,7,176,2,-182,229,-23,158,-64,107,61,107,-84,131,67,55,170,145,45,26,1,64,120,121,37,15,-93,-4,33,146,-92,-25,-84,-19,39,161,-136,-123,-9,158,9,-122,14,17,-107,175,-17,3,243,138,43,-14,-65,153,253,100,-97,-132,5,1,33,-76,21,-18,-7,-23,-22,-52,90,93,93,246,106,84,-172,14,40
44,185,162,99,32,15,284,191,274,-32,182,109,17,-33,114,214,92,18,37,-145,-106,164,115,163,-51,75,86,24,144,60,-25,50,43,173,57,187,58,-91,12,18,-45,63,-71,-10,-152,79,-33,66,29,80,-22,119,-74,-70,119,81,32,64,4,99,61,84,74,-22,120,136,-83,12,-60,136,-116,89,-18,6,133,-139,38,104,85,-52,-47,-154,142,-215,127,117,84,-22,-27,162,-98,57,-10,-34,55,-67,-161,102,144,94,50,72,142,-8,194,57,-36,114,9,43,-191,14,241,-12,95,73,-44,-37,-60,41,57,18,76,9,85,-69,-42,27,147,128,91,-5,107,2,102,82,101,-142,115,-129,-99,127,104,199,66,-28,-18,53
-13,68,-86,48,21,48,19,-29,25,24,-17,-30,-16,101,28,144,50,-68,63,-51,-16,-120,-206,79,-41,-67,31,3,-85,141,109,81,-47,87,31,5,29,-6,-69,-86,-44,-180,68,79,-56,20,67,134,37,134,122,174,-16,100,94,216,134,3,-57,22,124,-110,26,-141,17,83,-101,161,-100,-125,19,-154,45,-6,162,131,25,-47,-23,-38,17,-9,-76,71,-2,72,-38,-68,-10,-41,182,153,9,-66,66,17,-58,118,213,167,-5,16,28,-42,142,68,10,13,-159,28,-84,-238,107,127,170,3,-34,-144,-127,31,-139,-66,125,-84,-96,-45,7,-1,-11,-54,-35,18,240,33,58,16,100,40,88,-128,84,50,-9,-6,19,-15,-117,72
175,35,71,-17,13,85,41,115,89,-14,68,54,117,296,153,115,138,25,53,-61,91,41,103,189,-119,57,164,193,4,125,-108,182,91,145,27,-14,69,52,48,-84,9,-32,45,227,26,103,83,253,119,283,77,-72,7,39,60,157,88,-31,15,-42,143,-43,279,80,320,263,203,-42,165,155,44,106,75,203,140,-102,190,-106,163,-91,195,59,111,-1,11,105,67,63,-32,130,23,-1,244,89,227,4,265,249,-35,28,205,221,161,0,100,178,220,-28,4,156,-33,-33,264,240,179,113,89,183,-12,-38,157,107,-36,-48,128,24,171,-13,188,40,287,101,73,192,230,-53,129,-42,75,85,290,3,182,218,119,67,154,251
31,22,-32,193,3,-8,91,30,326,-21,-66,-99,42,51,-112,158,81,93,164,5,81,224,10,110,90,-46,-136,302,32,69,-59,-174,116,-30,110,78,22,-65,6,33,-9,-87,-158,15,52,120,-89,-26,21,118,-127,-146,78,102,-77,-50,-30,-48,203,5,67,100,-126,87,249,-71,95,-34,51,39,12,0,149,47,143,-120,11,-11,86,11,-6,47,189,-134,182,-128,-71,-181,-15,173,87,81,37,-19,236,19,-8,55,200,32,134,110,85,86,-10,61,-55,76,170,-53,-116,15,-65,-29,30,87,142,65,-34,45,-99,92,118,-39,-52,221,-18,39,233,18,170,29,-58,102,197,32,93,142,363,-45,43,81,94,116,-65,26,-30,22
51,43,-94,-84,-77,123,246,96,42,75,-73,70,57,-8,141,223,202,-5,-67,11,-34,50,216,69,83,-2,-49,101,-103,41,63,-36,-115,122,10,87,-32,24,-137,18,-59,18,-93,241,-23,25,-129,110,-36,25,-118,51,-9,160,295,136,136,91,58,11,101,13,-59,163,41,0,-12,50,106,179,0,15,183,80,34,185,73,71,25,70,121,39,4,-65,102,-38,-165,33,65,124,-85,110,57,45,158,-17,48,34,-44,-12,121,12,92,116,9,110,25,-41,9,45,40,204,70,-55,60,13,171,56,12,-138,-55,-29,-15,-61,-46,87,226,-36,-16,81,70,93,-63,207,102,16,42,165,60,-198,230,137,116,52,80,120,89,65
142,-3,-11,156,123,-116,33,-71,160,279,196,181,-146,-21,146,-80,11,52,160,129,-67,69,96,51,-44,140,153,-87,20,-27,82,-75,207,62,169,74,-208,151,125,19,-11,-118,-12,85,52,82,-66,179,131,22,134,-2,-17,-172,19,90,220,55,21,52,-22,30,136,-5,77,73,153,77,208,-5,17,109,28,-143,-14,94,26,141,180,6,16,41,120,-30,59,27,91,49,-11,44,20,209,85,-62,28,163,-39,-132,264,-23,106,-24,-97,214,44,216,31,302,206,230,121,94,112,34,156,216,-70,134,23,126,-117,79,158,37,19,-79,92,213,152,197,56,-15,109,114,190,116,168,145,187,45,47,-48,-285,-63,-28,49,128,-30
86,107,99,11,75,-4,108,238,-4,145,-71,-67,163,-22,32,-61,237,36,153,70,86,114,-67,2,176,-44,69,191,57,-79,-131,21,161,250,113,-206,41,96,139,7,29,177,5,-24,-12,-14,69,-9,42,138,-127,-73,5,149,-3,-77,83,7,121,99,117,100,77,128,133,102,-43,-52,274,187,-125,375,18,-51,81,-81,130,174,66,-99,27,-11,-101,-61,-46,142,94,-38,155,25,178,59,7,70,162,-178,-5,-82,75,148,32,119,188,128,228,-41,-83,4,191,24,-12,140,-83,-76,3,-74,4,-39,170,17,147,154,-75,211,108,147,-221,151,108,147,143,237,176,77,59,156,130,-65,90,-68,160,194,16,-116,358,74,79,-12
62,-19,54,-43,-3,315,-73,-2,94,53,89,61,23,153,30,-117,31,101,-56,-106,-83,-151,-39,-8,58,154,47,49,88,-117,207,-29,1,22,20,101,90,212,-1,136,189,2,10,-92,-53,-146,-28,47,60,48,97,9,53,51,-81,-98,-79,-134,-76,22,-115,50,260,1,183,23,-74,17,120,-47,89,99,-21,-84,98,-253,-64,161,-112,-68,-177,14,36,-108,-52,-40,9,-33,-154,-25,88,54,28,-97,67,-96,-172,120,98,-47,-113,-90,61,108,-83,-29,165,-14,-48,64,-125,-6,170,-130,167,-97,-182,-8,15,-101,-119,-32,-177,-50,-8,-38,0,-98,-111,66,188,-36,-77,18,73,242,144,25,20,123,-31,-110,-78,-119,-12,121,33,-102
-74,219,36,119,48,-16,27,128,96,-14,127,8,77,12,53,23,223,41,-16,91,25,86,24,79,43,104,-33,137,249,-181,-111,94,17,63,137,28,53,72,82,-87,-32,134,175,82,-91,65,193,82,139,101,61,2,24,91,-60,117,140,93,110,-93,-46,59,25,2,50,206,109,-43,231,-31,70,35,92,141,28,22,243,115,144,138,54,17,180,-220,-69,160,18,201,24,76,99,-125,-7,-15,54,116,76,120,111,13,-112,-19,59,-55,32,137,-89,38,-175,31,21,-52,140,30,148,-8,9,-45,-51,161,67,153,30,34,58,-22,76,146,150,120,73,170,168,-10,-67,159,-127,-77,93,8,21,178,-20,255,242,26,239,62
-12,235,-51,-106,-25,44,124,59,-76,139,93,-45,112,62,-103,2,231,-53,125,13,85,74,-10,8,42,91,37,63,114,-49,93,101,44,132,87,-174,34,-40,44,-70,-40,-37,-6,15,-5,-137,214,76,-50,-140,-119,-111,92,-40,-68,8,186,-65,-1,123,145,183,60,-17,39,-54,14,-86,177,9,-84,157,10,54,133,57,214,-25,110,149,58,19,96,-47,-10,-57,223,59,99,231,19,69,191,88,62,-5,-83,-95,35,16,-170,-61,169,53,-60,102,36,113,34,-7,159,120,-120,5,-100,-15,90,-11,109,-70,-19,-40,19,-78,-35,-41,-6,45,-105,-10,23,55,-203,24,9,33,3,-137,21,8,-112,132,81,3,18,-9,101,-71
-57,71,-124,45,-41,61,-43,-40,-16,-18,39,33,108,24,-11,-109,86,94,162,-118,-5,-226,73,-35,-136,-89,-42,-1,158,22,78,-160,7,127,67,131,137,231,-6,-31,15,71,25,139,78,-27,-22,-28,146,-15,131,68,-1,77,95,-17,167,-16,120,120,-52,-38,81,98,-118,17,2,203,115,-71,-19,-17,-109,15,118,317,85,3,-71,88,28,153,62,159,11,22,103,-16,5,97,-55,38,195,13,166,65,40,56,151,166,-140,-121,101,73,-47,121,47,115,8,124,-9,4,5,17,-47,44,-61,67,43,162,-50,-62,60,25,9,-4,267,113,77,140,0,52,-108,126,59,163,-82,72,231,98,60,-74,-119,-50,-13,87,16,54
91,54,-24,126,-85,98,13,172,127,145,-58,181,-50,26,48,-25,-21,75,-16,2,46,45,-125,154,141,67,65,120,-111,64,15,-102,116,31,328,-152,-132,-96,-42,-277,68,-68,-69,67,82,48,64,-68,104,112,-103,148,168,-47,197,51,78,91,-110,41,-17,128,73,-66,139,84,15,62,29,90,-78,61,167,168,167,81,-79,-25,10,189,54,128,-88,-102,86,22,-4,58,69,72,154,165,-34,148,173,99,277,31,100,96,41,-8,43,133,181,-64,-54,160,-57,121,24,80,33,233,-31,-17,-52,156,-21,235,174,15,-11,174,7,153,30,33,120,228,49,43,86,112,127,103,86,94,157,26,154,60,179,-47,-30,82,81,30
50,25,42,-29,96,-137,128,64,34,81,137,-67,55,30,68,95,175,66,59,23,18,-127,33,94,-110,-70,-6,-13,47,18,197,16,126,-4,234,85,100,162,28,-25,103,181,87,37,-25,34,103,152,-53,387,-156,76,-25,19,242,192,202,135,-104,-22,-106,-100,161,126,23,106,-151,-47,25,122,4,108,46,140,22,215,241,143,26,29,32,5,99,84,85,-46,-56,-35,104,279,-127,91,160,97,65,103,207,176,254,-21,71,14,55,200,242,67,56,-55,86,289,-258,369,20,-4,211,61,66,84,59,27,206,66,134,172,36,-14,115,71,95,224,254,-140,30,67,112,73,-86,48,85,94,99,79,56,-40,60,-82,2,-128
287,134,12,29,-2,-76,-48,-51,89,-80,10,-38,52,12,-7,24,-81,83,72,-202,87,-8,-2,15,-51,128,89,-48,-33,-105,-97,-78,198,20,-2,174,-32,-58,-2,100,115,-28,41,-60,39,35,-69,-108,88,-58,49,-14,157,10,-28,-4,-43,127,-45,0,65,35,105,-14,32,287,6,53,-25,-17,-79,-9,-43,23,9,-146,-31,49,102,34,-3,120,-191,106,75,-98,-101,-196,-69,-48,-19,-142,-18,38,83,-173,49,-93,18,77,73,-87,312,59,130,-188,-93,-53,-184,-71,-46,-68,27,128,109,-114,81,-12,271,-51,-79,36,-10,129,109,63,-37,7,125,9,20,36,16,17,-37,137,15,-35,43,-62,-37,-74,41,64,191,92,-131,-78
-8,-46,-34,-108,160,-25,63,-69,-137,107,-91,56,-24,83,-16,115,-67,-5,79,-10,-92,-77,18,55,-2,-106,-35,-19,-4,-102,-75,-42,167,-39,71,-42,83,-60,-89,79,197,100,46,-105,37,-168,-141,-23,-47,17,-58,77,-90,-113,-52,21,-217,-12,123,-170,-116,-72,65,13,29,-55,-152,-18,124,-55,-87,-81,-55,-150,-70,-79,-69,60,121,73,25,11,-78,51,-71,23,-178,65,-16,44,-130,-64,-23,32,-69,39,-119,5,116,47,46,50,-130,50,51,-13,-92,130,87,29,-111,156,56,-102,-3,43,-67,-89,-45,43,-67,94,32,-8,135,-94,-55,-71,77,-27,-61,-15,63,35,86,140,-148,99,230,-159,-111,-44,-22,-63,-7,-73,53,-62
-86,226,-215,17,114,-22,87,22,-9,253,-122,30,-108,-82,-137,-98,-121,-28,173,-21,-45,-48,72,-14,-7,-13,-206,54,71,127,-7,66,97,-15,62,-79,16,-182,-131,106,-94,0,42,109,-19,63,66,40,54,-46,-11,-24,43,177,-142,127,27,138,175,-26,55,193,3,1,32,-38,207,69,-73,21,-80,-51,83,-11,74,53,-40,30,80,214,30,113,102,108,75,121,-3,88,14,-63,90,-34,189,-183,-115,-37,-55,-152,63,38,134,27,-76,-23,60,15,105,61,-8,4,72,88,-37,54,21,-74,-19,-4,35,101,-93,-17,97,-41,-68,-77,-121,-10,61,-130,-201,8,41,49,10,192,-34,182,-149,2,-89,48,-41,128,17,5,-81,-44
141,81,164,217,262,116,79,-9,-64,-32,28,110,-49,-17,38,15,132,2,97,29,-66,28,44,85,45,91,-62,97,42,86,152,154,133,19,9,69,146,32,-80,-79,8,85,-10,-35,-132,-56,92,-14,-10,-38,5,49,-45,116,-229,7,-24,-12,55,-114,-79,-30,-73,-30,130,45,87,43,51,-45,110,98,58,5,-37,-2,2,66,-192,-11,-85,29,-24,203,40,53,29,-46,-55,-61,-100,132,-7,76,231,62,-55,177,32,109,-3,199,0,161,139,101,165,70,105,170,88,123,31,26,142,87,-64,23,-88,-192,-60,-122,79,125,-46,-24,117,105,171,-119,152,97,-74,-55,163,140,-208,38,-12,48,-33,69,143,-54,36,-80,54,-77
51,-90,-18,74,58,-3,-133,-42,123,115,153,-103,-54,149,-16,29,224,-128,92,-22,-125,49,-11,127,100,-33,-7,-2,107,-128,94,-38,129,32,164,123,-86,86,26,67,-68,-17,16,-20,8,-99,53,114,65,236,27,-110,19,-75,-12,181,-22,7,64,109,-85,-81,-34,36,107,-11,-227,23,106,103,-55,-47,-4,31,-8,-66,-46,193,237,-37,93,15,-78,106,-55,8,-6,-144,47,55,-23,131,115,104,230,34,-19,109,79,65,-59,-65,-76,-2,-118,-1,-4,-66,173,-88,13,14,-99,69,70,89,205,14,32,0,-84,159,-110,-81,107,-70,34,151,55,-41,57,56,-88,34,7,94,92,114,71,-27,-37,4,114,1,-16,4,22,-154
-63,-15,92,-36,-34,77,70,30,-79,-48,216,-97,-105,-62,97,81,-73,117,-161,-164,-137,-88,-9,6,-28,20,-48,106,121,76,66,188,-81,-5,49,88,44,-67,71,73,-40,82,-145,20,-40,134,-28,69,69,-80,162,161,106,82,11,-100,-21,-42,121,-53,76,71,55,60,105,-74,-68,57,74,187,-22,-200,-18,99,59,-93,-94,-65,-213,-42,-84,31,45,56,74,25,-68,4,34,-120,64,-5,39,-65,-24,-115,46,-73,-41,72,107,-90,-43,-23,85,98,-3,18,-258,118,-120,-25,140,-20,195,-5,55,-144,-86,13,48,122,10,-71,171,116,-55,-103,-8,38,145,45,-32,57,13,-52,-66,-123,-93,-160,90,-52,144,134,-51,106,-2,111
145,35,-20,-80,53,20,-27,16,42,19,166,-10,-125,8,-36,8,61,150,-187,75,81,157,22,201,86,-11,135,216,43,99,314,234,-40,16,91,10,-18,39,133,43,-74,0,-140,-27,-158,-49,2,137,64,80,247,-129,-62,76,27,235,174,8,-83,195,49,138,-179,-33,37,29,186,110,13,-17,-98,58,8,195,197,71,253,-116,-47,-6,0,217,87,-135,46,28,83,32,-56,-74,-8,112,183,111,186,69,-30,94,101,-137,27,-84,-143,73,81,180,54,12,117,-47,-35,-4,44,-54,-18,90,-110,131,46,-189,153,52,111,-71,235,-111,157,-87,0,-118,-24,-1,75,140,-5,-13,111,86,-44,-29,104,-95,-91,142,26,112,318,67
40,64,138,134,71,33,-56,226,48,-25,112,76,65,175,27,37,128,65,156,35,7,-46,30,159,141,271,164,193,1,-53,38,285,93,216,224,151,29,162,155,163,26,11,93,166,-71,226,22,133,195,87,169,6,-213,26,-100,-2,60,165,-7,69,127,152,167,88,134,134,155,134,100,205,259,-10,9,-2,149,-50,36,241,15,-110,143,-44,152,18,-30,158,-21,99,191,-48,144,30,63,-55,-11,-46,-65,104,119,81,84,109,143,95,103,45,109,-60,130,-37,98,57,174,42,334,-67,91,-139,150,27,253,223,94,-89,82,-2,72,170,156,46,98,188,116,138,17,264,276,45,147,41,159,41,6,108,132,-14,1,156
-89,-160,184,-67,-65,-124,67,-63,117,160,73,57,-171,146,138,-117,133,-270,151,61,37,25,38,61,-26,7,127,4,-116,41,107,-211,27,161,84,-164,15,144,111,-88,-30,35,-7,-170,14,0,174,-69,130,92,-140,-104,5,-41,104,-143,127,56,-63,25,-67,-126,70,73,140,-37,92,-161,172,24,30,-96,76,-86,-109,-44,4,-76,51,-167,-142,150,-53,172,-22,-174,-151,173,52,106,112,106,-13,136,4,-58,68,-49,-52,-64,55,204,51,6,20,34,-211,-74,72,-59,-68,54,-47,180,29,60,10,-80,-165,-68,67,-7,-24,-47,-44,59,87,-76,-182,165,-15,27,-101,124,123,16,-24,42,43,1,4,-81,107,-74,25,272,199,63
355,86,-37,-25,258,24,12,59,27,208,-92,22,69,-55,-5,-20,54,107,-132,-22,60,-70,-91,-68,166,39,-80,22,20,45,23,-14,-24,89,164,81,-29,165,141,19,80,-9,168,190,-28,59,-22,-165,-60,-55,62,-4,-57,31,-129,33,51,-125,142,-6,26,69,104,65,54,92,-63,-16,33,-22,-100,153,157,66,-44,139,31,28,-86,-3,97,261,24,-75,-35,31,34,9,154,28,-99,-48,62,137,16,88,106,88,160,42,101,-1,107,106,15,104,174,-5,-114,181,-77,-9,14,-36,69,-94,255,54,35,76,-41,-6,8,-12,101,249,-136,63,165,-11,166,6,85,70,73,263,94,-54,-61,-27,199,72,-48,-58,68,15,-23,121
241,166,48,21,-43,7,17,170,87,351,-53,71,2,141,34,192,66,38,184,-67,71,118,10,280,-48,89,-4,-31,-38,-13,139,-24,5,-4,127,-65,-216,30,-76,-120,20,-1,-18,86,105,-103,100,-14,-63,194,-71,15,108,-41,-178,148,14,22,7,213,162,106,21,-102,53,145,152,-56,-5,164,-134,-54,140,85,94,81,-39,64,0,86,175,310,90,156,158,-73,-42,-112,-26,145,-35,120,95,229,-21,6,175,102,-65,-92,132,207,22,138,62,-189,53,10,100,83,56,290,150,108,172,70,51,56,68,83,-40,217,-3,32,132,-11,9,93,111,56,115,74,143,21,231,-87,45,36,-176,3,60,22,304,58,-22,32,25,105
19,-25,41,122,-51,47,207,-235,165,-11,181,-116,-2,67,-118,-9,71,-59,10,41,-54,118,154,-59,-37,43,51,-26,219,23,231,66,-8,-40,180,-12,48,133,-3,32,97,-49,52,-199,56,95,137,88,68,23,201,86,125,28,-91,70,-16,-95,-60,82,-153,209,73,53,-48,-78,-38,-266,9,-41,0,-184,-79,92,-38,-147,48,90,-27,153,-175,115,143,47,13,-22,-64,42,29,180,-16,106,32,-20,-68,106,-113,-66,22,5,-10,73,94,87,-35,168,137,69,-9,-95,20,79,75,30,-99,-19,-46,1,-117,-149,96,23,-32,2,20,11,56,-126,-74,130,134,-109,-93,-12,0,31,-51,-113,5,63,57,-86,64,-35,-166,-44,2,-100
-92,-13,-11,103,-30,-31,190,72,-68,-42,-10,-18,-92,169,-43,75,-126,-95,13,-16,-140,198,12,70,5,76,56,-62,-10,-121,-113,64,-173,-18,113,106,122,12,71,77,-106,17,9,33,43,213,-144,137,188,-225,9,213,-12,30,6,-202,-50,126,132,-275,180,-44,-117,319,53,-229,140,66,-7,240,83,45,6,-9,290,-146,12,-128,65,-147,1,117,85,-33,-32,-122,55,-227,15,91,-123,-28,-110,-57,-60,-71,-42,9,37,16,184,82,209,69,70,-12,28,107,69,-119,65,12,-62,-198,-76,30,56,-150,-146,167,127,-32,-31,133,-112,8,91,-10,133,-124,-108,-43,-198,-75,-13,-40,152,-245,2,232,144,69,88,114,-34,-55,90,16
211,105,-9,87,-60,-17,-135,-55,180,24,163,-111,-51,-167,-143,-91,17,8,75,113,40,229,162,101,59,-2,3,-66,-32,-117,-20,-27,140,18,195,48,-233,87,55,2,88,-50,69,183,-91,18,-88,-1,224,-20,211,-14,-29,13,-8,-92,91,-5,-50,-27,-124,215,-36,-84,-76,166,67,-21,23,-2,101,1,-40,-1,1,36,-77,223,54,-31,-28,-58,-95,-203,-47,70,-39,47,60,51,181,55,-151,-29,72,3,-131,-170,233,-1,61,66,144,5,103,95,-2,166,59,-143,-51,-119,-29,-117,17,263,-26,-62,-15,-73,64,41,3,87,97,138,-122,103,-47,147,154,27,57,93,137,103,0,91,36,36,128,13,41,14,90,-17,-37,193
-142,164,25,-107,107,-84,96,72,129,84,102,62,-2,-43,-51,-94,-90,-9,36,5,-5,60,112,151,-101,74,-207,-14,178,-64,8,-44,-40,185,167,-89,9,86,-45,-37,98,91,-98,-2,-52,48,190,2,-113,171,-144,62,19,31,152,89,-3,91,71,89,-15,8,-14,22,-80,9,13,12,111,-21,-45,74,-68,-114,5,-76,71,135,-45,108,12,-32,-12,30,51,11,-100,39,13,78,-30,-36,-45,-8,12,0,88,-76,-29,33,12,92,134,118,197,163,-42,66,-9,-106,-162,-11,87,-261,-89,160,0,-69,-98,-36,119,-52,150,-19,-61,-15,187,10,-5,-85,35,-148,126,109,-123,152,-128,62,-10,-75,22,111,101,16,10,-87,216,4
162,52,-2,-158,40,-103,97,70,24,-60,74,1,-54,-176,104,26,-99,144,62,-5,223,-9,-56,180,9,28,-22,145,-137,13,-35,136,214,166,97,-2,-15,4,0,-88,89,-147,24,203,13,91,-158,85,-59,248,72,38,35,61,-50,57,13,-111,233,224,137,52,203,41,-79,-62,52,130,46,58,60,251,131,-21,101,32,-17,60,112,115,181,-92,-25,112,55,107,-88,-17,124,83,-64,23,213,-55,140,49,4,-96,81,32,66,183,-8,-56,116,46,28,-15,41,-35,49,45,52,20,57,149,146,130,140,14,0,45,278,-70,-85,137,-82,7,81,-74,299,181,10,66,8,70,100,12,-18,-38,270,16,-98,8,-49,-51,35,80
140,94,-28,6,-7,11,87,180,191,232,-122,122,-4,110,77,-220,-151,75,121,152,228,184,-96,206,218,43,238,184,170,-91,45,-25,225,187,66,15,-139,95,-46,-12,115,28,-8,175,45,89,-60,-89,87,-9,68,36,71,-27,-95,8,131,-167,63,135,-92,-53,28,-72,-40,166,154,45,134,-71,174,58,173,-7,78,-190,-63,-49,75,70,-27,164,-11,135,15,55,94,-5,50,102,5,-30,3,-74,-96,-52,159,-212,-27,60,216,102,-105,87,-97,-5,186,219,-41,-61,259,-3,102,40,12,-23,85,131,-50,-81,-35,-121,8,37,41,37,-74,-21,137,94,-77,115,154,40,-100,-17,163,-33,-6,65,106,148,21,-135,-47,116,123,165
50,-51,-130,196,101,-86,-206,-86,21,-31,-95,-3,104,7,-9,137,130,-158,183,14,25,47,-39,27,79,155,-150,64,193,-148,-98,-47,-125,158,127,-83,-43,157,68,16,71,-19,165,41,0,-232,63,-8,386,-112,-62,-21,-97,-84,-145,112,2,-25,65,-14,50,73,-34,-16,-24,-18,16,54,83,-55,-43,36,56,4,-57,322,156,29,-92,-56,252,-92,236,-24,143,106,119,268,-65,-1,19,167,75,169,-56,64,50,-95,-16,-12,81,13,-134,106,-12,120,89,-26,197,79,8,99,17,-50,-23,205,-79,12,20,144,23,130,11,-27,-158,-63,24,-68,6,-52,123,21,141,-71,40,142,107,35,46,-25,52,-95,39,29,158,-214,158,37
-15,-13,-187,0,124,-95,52,-130,156,-47,196,46,-68,87,50,50,23,102,125,77,-155,-28,50,212,118,-35,121,115,-102,93,144,11,-57,-29,-27,192,-160,-14,41,-53,-29,-33,9,231,-54,45,0,99,40,42,-69,59,44,-90,10,90,-92,71,-8,252,-49,-1,-70,203,-174,-56,-89,106,-45,143,131,368,-81,138,30,35,-78,178,7,112,240,-201,-60,42,74,-195,-16,-18,64,43,-12,217,-177,36,-165,-99,-33,-80,-6,-37,253,60,46,183,177,-4,55,-18,-59,-107,143,250,103,-286,39,100,32,230,161,-157,84,172,-56,221,-217,-2,53,80,58,-111,10,189,35,-159,32,-72,-19,100,49,140,-108,-158,-35,-57,-1,-87,73,-54
53,194,-48,16,277,-100,130,22,-24,110,45,157,-81,-27,83,15,60,-15,-49,-35,99,114,-4,179,53,93,48,75,39,72,-3,57,-86,144,132,-38,-127,222,60,123,-77,-41,19,130,-232,0,-65,117,230,59,106,4,14,224,-83,53,330,-112,96,-78,87,318,98,5,105,119,44,-82,-27,3,237,-11,118,-74,33,-80,119,-18,110,-29,-48,45,81,16,-61,176,170,182,46,-15,282,140,221,1,52,-104,-208,145,-21,37,122,-33,39,78,46,33,118,-24,250,-49,-22,35,138,-39,13,-73,-20,-33,63,79,69,118,-7,-117,-11,18,57,-134,-260,118,65,33,-73,106,-114,311,163,-27,-98,44,62,-162,204,-24,-53,59,152,13
65,-91,-22,-13,169,95,34,60,14,-118,-36,84,278,-97,-208,99,17,258,-205,110,196,38,-106,-24,250,197,81,112,53,-33,-152,67,-189,170,50,119,230,260,81,77,143,5,36,36,-4,86,30,41,-115,21,67,-21,27,285,-47,27,-22,-132,-19,43,96,187,224,-108,100,-33,65,205,62,-140,-110,57,26,91,46,-4,200,46,-53,-24,98,-4,10,-143,76,132,-327,32,58,22,-29,-28,-85,-41,218,54,126,137,21,55,-290,-117,134,-158,107,108,19,-93,-38,38,43,-115,89,-74,3,-22,69,232,53,79,97,11,204,36,-52,152,93,22,38,146,31,-64,-120,171,-130,254,115,-76,102,6,30,102,45,206,158,-60,107,117
50,84,-104,24,-116,31,45,24,28,255,-8,-65,-8,254,59,-80,81,32,58,109,-20,63,50,-220,-20,-4,138,10,124,221,12,-44,109,113,44,-161,44,-201,145,-7,-31,-118,53,41,30,5,28,103,32,87,-92,-13,-155,-41,-48,-1,-3,44,69,3,-68,179,-2,42,53,-13,159,-198,116,131,81,45,108,54,45,-78,-1,-140,9,50,83,153,-7,-1,-73,276,98,189,60,29,180,-33,82,281,43,-90,-55,-74,7,29,57,38,78,109,-191,-63,49,-3,-37,-89,24,-34,171,-106,-116,14,27,28,25,148,29,285,-52,-163,-5,118,-97,-6,-5,29,-191,290,-42,-96,21,-102,47,-25,180,148,89,-227,20,19,17,132,123,-57
85,31,202,87,113,56,83,6,7,140,108,268,126,-78,88,-147,-28,53,-80,83,171,-125,18,-10,-9,121,71,103,75,72,48,-9,143,32,129,-92,81,8,-17,20,2,288,77,30,97,64,200,-114,44,-117,-30,-43,96,12,-133,0,183,218,62,59,-58,58,97,18,90,7,-21,-37,132,64,-150,133,94,-39,28,205,16,13,170,-5,121,37,146,-26,-19,-33,16,67,-7,14,19,-86,279,-261,-12,54,69,25,37,91,-79,2,66,205,-179,-44,144,115,116,183,60,102,-10,124,-35,71,-88,14,27,116,31,-125,-10,103,-60,123,41,91,193,120,-5,85,21,9,-2,-65,128,4,21,58,69,58,78,16,19,208,199,-159
98,166,18,57,157,-172,25,-79,-50,-64,-20,49,-22,-133,-71,81,-47,184,61,-40,118,-243,9,13,-27,-15,-31,4,-42,122,41,36,-150,56,219,237,39,-78,124,142,-42,-74,117,44,-11,103,-13,35,147,-52,-118,236,24,42,129,133,121,169,-55,-146,-158,-5,55,21,-86,218,-31,117,-134,55,-4,96,-83,22,107,146,138,107,-29,80,12,-43,-34,62,136,258,-19,76,61,182,-58,-83,47,-121,-107,81,110,20,202,-58,-20,43,-93,-98,27,65,-72,-82,-46,101,8,-116,-47,43,-85,154,-14,39,182,126,-2,-32,275,-92,-10,-127,127,17,-132,90,-115,-129,180,99,134,-25,-169,10,-89,-19,-18,-136,-81,5,-162,-169,-92,-21
87,174,-37,97,128,200,193,87,10,-77,71,-12,-189,-57,71,109,-90,152,53,41,144,42,25,-17,212,-32,-43,63,21,-141,74,139,91,313,26,-46,133,92,-99,65,165,176,142,342,141,-37,68,93,102,85,132,46,211,193,-54,69,55,-134,69,200,18,88,147,-96,-11,-4,132,42,161,112,210,-19,119,45,162,134,74,-117,134,89,61,128,-39,20,-156,82,-23,163,37,125,20,202,184,130,178,-19,270,100,215,-15,112,-4,-137,-19,91,98,-10,-22,-86,38,-21,-10,114,77,77,37,-37,89,-261,121,-13,66,203,8,-35,181,74,62,16,111,178,98,68,272,143,137,-112,133,-52,35,285,35,140,-19,163,107,11,240
