-9,67,0,80,-23,10,-1,60,59,14,34,16,3,76,32,95,74,96,7,-64,5,99,3,-54,49,58,-53,30,63,66,-55,44
29,3,-75,16,-34,91,23,-16,-57,41,54,-7,-8,37,-70,48,-38,11,-10,-55,3,13,34,15,21,26,2,-40,-10,79,53,27
46,31,-14,59,11,-3,-5,-19,-16,45,45,32,37,-18,68,74,101,30,103,21,56,29,3,9,2,24,-48,-50,12,-16,-51,55
41,53,10,-22,-36,-17,7,20,4,-5,123,-74,-27,-76,17,111,59,5,50,45,51,71,-17,-58,-10,-17,-68,-82,43,14,-10,28
51,70,61,64,-38,20,9,9,14,5,1,32,31,28,-23,54,32,38,0,31,24,47,10,10,11,16,-30,19,50,32,18,74
57,111,38,-10,2,-40,46,14,17,54,-9,19,22,28,37,10,7,-39,-20,77,9,75,1,-77,38,47,-3,-43,1,3,84,18
21,-58,29,-21,81,82,-56,-37,20,-46,-6,1,-66,4,-52,-69,-78,24,-76,-121,-64,-72,-14,16,-11,-32,25,18,4,27,14,9
-20,94,106,103,55,32,34,18,-37,16,-35,-1,-16,44,-29,38,-4,90,46,-44,-38,32,89,-12,64,65,13,-74,67,65,56,42
-57,-136,-63,-33,-11,4,-150,-29,18,-54,26,-1,56,-80,79,39,-65,-79,30,37,35,45,22,84,-67,8,-9,-12,-19,0,43,-53
39,103,67,3,36,34,71,-5,96,-43,50,-99,35,14,8,107,81,45,10,0,39,65,-26,-46,94,66,57,3,33,0,-2,-26
9,-13,73,-21,20,-22,67,36,-21,20,-61,5,47,-3,61,-26,-38,-28,16,25,-3,75,12,-5,-13,-6,27,-23,-1,-31,0,34
-121,-38,81,-9,81,-58,23,52,104,-85,19,-10,73,-26,-48,23,-46,-10,17,-51,3,4,-43,9,-17,-25,-31,9,74,7,-33,-11
21,-12,-16,-9,-59,-80,-38,-5,-30,-39,85,-16,-91,-81,140,33,69,25,74,49,85,143,-68,-46,-31,-15,-113,-1,15,46,-83,56
-6,11,19,-29,2,89,26,12,-37,-8,-6,-22,23,30,-28,1,-68,27,-1,14,40,29,-26,-25,-7,2,22,-41,-24,-63,26,54
-17,0,1,-18,6,65,-40,16,77,-66,-66,-5,29,7,-13,-17,-46,-1,-6,4,-18,23,31,19,-13,36,82,91,-43,-6,100,2
-32,-74,-43,-8,34,-35,-55,11,-35,-7,-34,21,29,-14,67,-19,-53,-58,-26,19,10,44,23,82,-16,4,-11,-1,17,-3,-26,16
7,30,13,17,38,-44,17,25,-64,96,-74,45,91,16,41,-12,15,-7,-5,50,-41,-11,-5,-103,-3,24,-38,-45,44,-56,-8,-5
54,67,74,105,12,-20,22,-4,-43,68,-18,8,17,25,-46,36,63,58,58,24,-35,-7,35,-42,0,40,-83,-62,61,10,23,89
-85,-26,5,40,103,3,-109,39,81,58,-75,74,64,33,31,20,-4,28,69,-67,-28,10,59,-8,25,54,7,53,19,34,48,19
-44,7,70,-44,44,6,2,-13,74,42,-38,-15,86,7,-50,68,-53,-7,5,50,15,51,62,-28,9,25,45,35,3,-23,111,26
18,56,33,19,51,-19,20,68,83,-12,38,0,-47,39,-93,3,-47,-5,-24,-74,-57,-84,16,-9,19,15,2,0,42,61,0,-6
-31,-39,9,-9,65,40,-66,-6,28,92,23,-30,-20,-12,88,-6,-33,-17,12,-72,-29,22,107,-68,-17,-14,67,-35,44,33,22,-26
91,70,3,-20,-23,16,91,-37,-37,25,11,39,-73,28,-25,-39,-9,-47,-15,66,37,16,22,-5,8,-33,26,-76,-35,15,78,57
37,56,21,30,72,-31,1,-37,-14,106,-109,-17,74,-31,-59,-8,101,75,-15,9,-54,-18,53,-16,57,88,61,22,12,22,28,6
50,40,20,-67,23,15,1,-29,40,-4,3,-100,-28,-33,-48,-47,4,-53,-128,37,-1,23,-8,3,-31,-23,21,-65,29,-7,57,-32
15,16,-8,-39,-67,18,-43,22,27,17,98,-13,-69,-43,-48,70,-20,22,13,0,6,-55,43,-9,-45,-54,19,8,7,51,-16,-8
32,-4,12,11,-125,78,10,-8,-33,-158,75,-26,-74,-53,42,-10,-48,37,-67,-33,37,37,-67,26,-26,-69,-79,-2,55,43,-110,-49
117,62,63,22,122,15,83,28,-31,93,-19,-30,16,45,-37,-13,17,-23,-44,-76,-63,-3,-41,-63,54,41,16,-40,19,-18,42,91
25,-1,26,-9,64,-33,20,41,-53,88,-66,52,-45,-16,8,21,6,15,12,-14,-90,12,86,-52,-2,77,-77,-141,45,3,12,-43
152,109,-55,53,-79,16,83,-8,-43,-3,26,-105,-90,44,-44,62,-40,-66,-2,56,-25,-8,30,24,60,10,91,56,-52,110,115,70
21,-5,-73,-25,59,-38,11,-34,-40,48,2,-41,52,11,58,17,9,-95,-50,39,2,62,-20,-48,87,15,4,-17,1,-37,58,0
19,14,-35,-12,67,-49,-66,-27,38,-27,-29,-7,29,-83,32,1,34,-62,40,37,33,-45,6,44,59,34,-80,-35,-28,-3,27,-24
