51,156,54,42,-46,46,-41,-9,110,-47,-36,60,40,47,-8,67,53,110,-140,22,69,14,184,22,47,-10,-76,26,-40,25,94,44,78,122,48,-2,152,-70,95,18,81,32,60,41,111,-88,129,155,-62,-64,-43,-11,49,-67,-10,23,19,-9,-17,6,69,44,-16,56,58,77,64,47,126,-73,80,113
-24,26,-46,129,-72,50,27,86,35,29,-11,121,-62,12,56,172,51,103,-130,-88,48,17,60,-9,52,-29,2,140,80,150,-56,25,-39,-23,115,-33,36,-45,-1,39,-13,9,126,11,-115,-99,71,15,72,63,-141,-79,21,-30,80,60,2,83,-26,-21,130,96,2,13,82,72,-108,-22,53,-42,94,-33
28,52,149,-91,54,51,63,138,-78,2,-88,67,164,7,88,-64,31,42,117,-9,-26,19,65,-77,-3,149,-9,-140,129,46,-37,32,172,-99,-8,54,-67,-53,-114,51,251,30,-6,-79,31,113,85,34,91,13,-76,126,191,101,-92,-58,61,79,-60,64,-126,80,81,81,-156,-22,89,-59,32,90,-49,-1
-28,-19,42,-55,52,113,-91,-48,-25,39,0,-31,-60,-61,22,-57,-40,-67,15,-47,-70,29,165,9,124,-31,19,69,64,6,-13,60,-1,15,-19,58,33,-64,-31,80,60,-26,-91,-80,15,100,27,-15,-25,-90,78,146,12,-13,-21,56,116,-104,46,36,-196,10,-39,22,-12,-19,23,37,34,84,-100,-13
25,79,-161,3,27,-167,152,141,-1,-42,47,52,35,-133,-31,-1,-6,127,95,109,13,107,-136,135,-64,45,62,-44,20,-46,-151,19,114,1,80,7,27,-86,64,60,48,-16,14,-20,47,-39,-124,60,97,131,-67,15,48,18,-120,-38,-105,-5,52,44,67,65,29,-57,-44,66,68,-93,7,98,-89,-56
71,-41,105,106,-51,93,-1,-94,37,93,-129,-65,261,19,-30,97,-58,-143,43,58,52,112,80,24,-142,-41,-34,17,-77,7,200,-100,-7,-106,106,5,-15,129,-37,16,24,-34,-45,-33,-17,163,60,-16,-36,49,33,46,9,-5,74,99,-20,-95,-34,26,-23,-41,116,284,-14,0,9,2,44,-66,-35,-32
1,40,-7,-58,-36,59,-17,-2,-33,-13,35,-5,19,-5,-93,-19,95,-154,23,-70,-26,-135,0,13,-7,66,-149,-67,-139,55,-33,-10,-70,97,-58,-12,69,-118,50,-51,25,44,-49,-30,-53,-63,23,5,11,-15,33,-26,-17,-75,57,-57,87,-51,-56,31,-12,83,-24,51,-102,51,40,67,-86,-9,24,-11
123,64,187,-13,75,62,19,95,57,-17,106,155,88,-21,72,45,61,75,-37,146,-64,75,65,-6,126,29,-19,-49,159,118,83,70,164,-140,-2,61,15,-29,-27,-54,158,68,77,52,35,-3,137,143,-48,-85,9,-62,123,24,-32,-8,-57,-22,-38,55,110,54,-22,109,-133,68,-13,33,62,36,85,38
-30,8,24,-41,-104,-28,104,51,31,44,23,1,207,4,55,185,20,67,91,193,-43,42,29,153,1,56,-36,-91,56,81,144,96,51,-6,0,115,121,38,-39,-42,36,27,87,62,15,-4,138,42,72,59,-52,107,-36,-30,2,-69,-75,-215,85,12,26,99,39,61,-6,90,25,27,116,-81,64,-31
48,60,-203,-55,-12,-116,-71,15,-106,-39,-95,-57,68,-143,-108,-35,-76,-19,-24,-8,140,6,-113,16,-131,78,106,-69,23,91,-24,44,67,45,-74,16,30,28,26,116,-68,158,-52,-68,71,107,-13,30,20,73,-77,-91,34,49,-123,-26,31,163,13,-40,-26,92,68,-2,13,134,47,-45,-45,93,-10,116
82,46,136,96,60,-22,-21,-1,60,43,-61,85,78,-90,62,6,-27,19,-12,229,150,121,16,-98,-46,-54,105,45,74,18,117,25,96,51,100,-78,44,33,-115,25,-47,-97,-26,-102,-27,36,11,-84,-114,29,48,6,148,-39,-29,36,-9,46,-87,12,52,-120,129,97,-77,20,-78,-87,8,38,21,159
-67,64,77,49,-63,-42,-99,-35,-67,1,-111,-29,11,-73,114,56,-155,28,14,-32,48,-5,25,-88,89,-79,51,-12,127,46,84,-29,26,-91,71,-12,9,47,-1,68,-11,-12,-20,-101,28,75,81,19,24,-74,63,-103,59,65,-2,-109,31,68,-38,-66,-86,49,79,75,133,57,-47,-98,55,-58,41,103
14,32,-81,85,75,-6,111,126,-51,-2,-39,-113,104,-97,37,-72,-35,-37,-170,93,79,194,0,53,-171,51,131,65,147,-87,-106,-10,17,20,58,27,61,55,27,77,-50,8,117,-24,9,30,97,-14,74,-26,7,-56,118,48,-33,82,-134,-2,152,100,105,-71,33,-182,92,-19,1,-5,134,-29,-10,-39
62,133,-47,-58,-50,94,-83,49,98,9,107,53,15,-64,-23,128,79,22,-1,150,65,73,32,31,79,10,-23,194,61,109,80,74,-22,110,98,-19,92,-82,-23,68,-26,7,-2,163,36,-14,5,15,-1,-33,-65,31,33,66,-109,75,-62,-35,78,-60,78,40,20,55,-45,62,81,21,-15,65,46,79
157,139,-1,101,34,-66,-10,101,115,-13,-52,94,9,-130,27,-95,-70,11,29,102,58,112,-185,-21,-73,-127,56,-4,51,-41,14,-31,72,-125,100,-26,-52,39,32,129,40,106,30,-34,80,104,66,146,90,-52,17,-32,57,31,2,-43,-70,69,30,33,127,54,78,89,-50,1,59,-103,-18,39,-130,-9
95,-84,51,114,-50,-9,67,80,7,30,19,-19,120,18,72,52,-13,56,-68,142,3,50,43,-59,105,58,46,165,179,296,12,108,77,-46,41,150,41,-43,0,-17,-26,78,113,27,-85,23,82,21,-4,-9,-162,56,128,26,-51,213,49,-142,42,-113,103,117,69,-11,-83,71,-138,-7,1,8,30,97
-87,-2,20,70,-39,35,86,3,-71,-13,105,-11,5,-71,22,-169,86,104,88,-1,94,28,-75,54,35,150,0,-8,21,-8,-87,152,77,-12,-13,74,-75,49,57,125,24,7,-77,23,83,60,-41,-50,82,52,22,15,125,52,18,-4,-77,46,49,-48,-25,-8,90,107,-57,-15,132,-2,-51,19,24,121
96,55,15,10,5,18,-34,41,104,40,42,22,68,26,-39,88,33,-118,-87,68,27,124,209,77,52,-58,80,144,73,88,5,90,77,49,181,45,155,-21,-21,53,65,78,7,6,2,42,128,62,-6,-3,-23,39,-65,-49,-37,130,150,-109,93,174,111,85,-13,-35,6,-6,13,85,74,111,-142,91
14,-15,98,34,7,-97,8,-71,92,70,108,-130,36,-11,85,23,97,3,50,62,-93,163,37,56,11,26,68,40,-9,36,55,130,106,141,-59,199,55,-10,-68,74,9,-41,-42,-237,-67,-65,-94,-44,-10,78,83,-55,104,-57,-50,-42,-32,23,-11,191,-109,-73,59,53,83,-38,-42,-115,-25,-33,-18,101
42,54,-81,96,-45,-28,-64,103,-33,55,59,-30,22,-13,-43,12,-47,-28,-19,-35,70,112,14,-6,-165,84,-74,35,-14,14,-37,58,163,78,-34,15,-3,-48,-36,-28,-46,69,129,-33,15,-88,48,69,25,117,-100,-26,48,33,113,56,-54,2,-10,73,121,129,20,41,51,145,-6,94,-17,46,100,38
107,56,-26,-40,-6,73,-60,-23,13,-20,-59,16,-12,34,32,44,-83,8,-94,63,77,15,37,-56,176,-100,93,62,83,3,104,-109,47,35,-38,48,-16,111,32,22,-16,94,-62,27,-33,135,23,-45,-112,-217,-54,35,63,72,-155,-5,6,-82,50,-206,64,-72,0,-6,-56,-41,23,82,61,-38,-70,93
-69,99,92,-59,38,106,-151,-46,62,31,-113,47,23,-50,47,157,31,100,119,54,90,4,38,-2,174,58,7,99,56,10,165,-28,-74,-140,136,20,56,20,29,144,-14,-70,-89,181,104,106,207,141,74,-147,16,-5,-49,116,-96,-54,74,53,-34,-45,-74,53,36,227,-57,60,32,1,135,48,-82,-2
10,-1,-46,61,-21,46,5,92,42,-34,96,67,-70,1,52,104,187,82,51,-129,-48,51,32,39,107,7,37,95,55,10,26,26,128,-25,-12,54,38,-26,-18,38,75,5,75,-30,24,12,115,45,71,40,-99,28,-107,91,6,38,-6,-84,-19,55,70,44,-4,57,-41,58,30,-74,85,5,4,9
-69,37,112,-6,12,22,-74,17,21,9,18,79,-30,-22,43,-180,23,-16,-43,82,58,0,82,-45,48,148,76,43,2,2,-66,73,-81,55,88,76,35,-13,-22,150,72,10,-63,75,130,223,-139,11,53,85,45,98,48,-5,6,-35,70,-8,-18,-42,-119,53,23,-6,-4,26,132,-82,53,67,31,96
73,79,2,39,-73,57,-18,21,-6,154,57,-36,29,41,20,63,28,29,-37,57,62,82,32,33,107,-64,-51,120,51,159,-16,144,-16,81,109,138,60,-217,31,-44,57,50,92,-40,-43,-75,43,-47,38,31,91,-118,20,-75,85,15,31,-64,139,79,101,108,72,9,165,92,-47,-36,105,53,40,33
43,120,-71,-119,-94,-3,-1,-50,22,-37,81,-54,46,30,-52,98,-30,47,-28,8,-57,68,12,78,61,-64,-27,-66,-74,40,55,-33,82,12,-57,1,32,-15,121,70,35,161,63,51,34,-33,-18,42,12,-31,-105,-37,18,71,-37,-45,-98,-42,47,0,82,162,9,65,112,11,54,39,-29,-40,43,52
-32,-148,46,23,53,38,24,47,25,115,102,-16,52,-62,67,-15,-34,-106,-123,48,-1,65,28,-22,-16,105,3,171,69,83,-27,-62,-71,-7,151,-24,91,-96,36,105,22,-31,-54,35,-112,-13,39,1,22,271,-103,66,-73,-17,102,149,14,-28,106,57,19,79,-21,122,128,11,-76,-38,-31,-4,-38,-93
-116,64,65,37,-188,59,94,113,63,-20,111,92,-67,-20,87,81,188,1,8,-106,-38,51,-26,54,94,87,-47,-30,96,134,92,46,78,156,-50,105,79,-17,-65,72,153,-8,-76,-102,-21,-38,66,11,32,-37,124,-108,71,-3,-56,-54,96,33,119,72,9,46,55,92,5,-102,33,-47,43,-20,44,92
52,110,40,-21,-17,67,83,5,23,87,9,33,-63,66,-107,-19,-44,43,-91,47,135,-99,29,9,-7,58,8,37,-69,54,-67,93,-42,95,64,148,12,-149,81,-97,61,64,97,115,26,30,-152,-31,-108,80,32,51,-16,-44,126,0,32,-75,18,10,24,38,35,-85,-5,-14,15,7,8,65,11,175
53,-77,-74,-23,59,38,131,-46,46,55,68,-65,48,17,149,101,-18,148,14,214,-66,84,18,92,53,37,128,-32,86,11,139,127,12,73,-9,114,92,18,24,11,1,8,22,76,-38,-37,53,-6,-34,-2,-2,158,35,100,-117,12,-122,50,165,-44,51,-69,131,40,111,-61,-49,10,5,-71,10,10
-89,47,128,31,7,95,56,-18,-33,59,-41,78,-95,-33,106,-122,-40,78,-53,-13,-83,-73,91,-81,50,143,-19,45,-3,200,19,61,-49,-27,46,-48,56,-113,71,69,86,-106,48,103,80,-27,38,100,-40,-30,2,137,0,-31,112,36,43,59,-59,33,-48,42,-103,-71,15,39,-49,-58,82,-22,-64,61
42,50,15,-16,-2,-69,-68,58,111,98,132,47,-49,-46,-47,-82,-2,44,-72,56,-21,87,55,39,97,82,46,113,-13,22,121,112,40,83,24,-2,89,-72,-21,104,67,-26,-9,133,29,-29,-33,16,-125,-10,39,30,-113,-81,14,-26,61,-81,-25,90,-27,-36,15,0,-17,60,51,-45,-4,43,123,114
-75,-23,-39,96,6,87,-49,36,21,57,-104,-31,5,9,-41,45,108,-19,-61,-91,75,64,125,126,-23,-78,-4,144,29,-58,-89,-31,-51,10,84,-5,-4,5,68,62,-24,-147,-59,-101,-24,-117,96,-38,113,-47,-56,18,-34,-26,30,80,4,8,-11,70,-17,-41,-17,4,-132,-38,42,-63,34,-37,-31,-56
65,71,47,33,-4,-119,21,116,56,96,28,61,39,-61,-40,-81,-137,20,42,113,153,97,-62,22,107,19,130,81,4,-55,-28,16,31,-20,73,97,24,-22,-50,39,-50,70,-9,52,-60,65,59,-114,-28,9,147,-53,121,-115,33,-14,68,-26,68,32,23,34,68,-7,71,-49,54,8,20,-3,-46,119
-110,69,-125,120,-50,5,23,149,98,-90,15,91,45,-75,158,-9,30,1,-26,34,49,49,-108,21,45,57,27,-62,27,-31,-27,27,58,17,19,31,114,-55,-24,161,126,-28,43,29,32,-28,136,41,84,117,61,63,-138,-61,-73,206,-81,38,15,-33,199,126,3,44,181,-36,48,83,17,-78,-24,67
29,-91,6,-45,13,-96,-77,-24,123,8,92,-60,-74,-12,-19,-16,-5,23,-39,115,-45,-6,13,148,-1,28,-80,147,-59,-83,70,116,-22,115,-25,-9,51,-26,62,6,31,-92,-38,118,68,19,-79,-62,-135,158,24,30,-190,-40,60,109,-29,-102,-33,-11,96,-121,-21,-17,148,-23,102,-26,-92,-73,54,-76
57,84,-69,-2,36,-16,37,50,124,143,50,-86,8,-65,81,-177,7,0,58,67,46,-8,-32,38,-5,79,93,43,66,-13,-23,-25,16,86,18,81,13,-131,38,67,15,91,-120,-71,52,25,57,-26,-107,-28,124,113,211,82,-143,-59,12,-49,47,-70,40,-67,56,-30,-154,-87,-39,12,41,-91,-57,38
-6,131,55,-24,57,-30,-34,76,-11,-26,34,-104,-107,23,65,-57,-92,-13,-34,6,-19,-64,11,38,-12,-18,-61,-96,63,-24,-83,11,19,-83,-35,148,-85,-91,-23,-61,-20,73,-69,72,43,71,124,21,53,-75,-39,50,-41,-55,-38,-46,41,18,105,-22,-2,9,21,-43,4,-136,29,-44,21,-38,-5,-4
-42,38,-60,-83,15,-64,-2,50,-45,-51,24,10,-8,59,29,0,-30,16,-43,47,1,-90,-94,105,106,-97,-49,-70,-33,-91,-6,-110,-31,-71,50,-109,-93,-8,88,-63,37,11,-117,121,97,-42,-68,73,80,26,21,-108,-234,-12,-30,-171,-11,73,138,-5,11,24,-21,-61,10,4,65,-33,49,46,29,-120
19,-17,60,-49,-70,32,35,30,-1,-70,-43,-173,81,49,-113,57,-104,11,20,-10,38,-66,105,36,-104,10,-65,104,27,-42,-53,-111,74,-85,78,26,-24,24,-57,-31,1,-8,166,72,37,-6,48,36,-158,-28,82,96,-12,94,-126,84,-46,-227,19,24,18,-10,-53,-58,2,44,60,91,41,-44,-68,-37
70,58,130,-31,39,34,8,-17,138,16,1,200,-29,102,95,-60,-14,5,34,147,53,-2,11,42,131,3,25,-15,-40,20,108,-25,56,103,-39,-36,87,-63,38,17,63,55,33,30,-40,-8,77,-41,-104,1,7,122,-4,-46,16,96,101,-37,60,-131,62,-8,23,-25,-77,-40,73,23,25,-49,-109,-14
15,-84,41,81,34,35,-97,-79,68,83,-38,26,-49,72,-87,17,34,-9,55,-25,106,-98,11,193,-32,11,-27,3,-113,72,-58,139,22,3,90,110,120,-111,39,5,72,-76,6,108,77,-40,53,76,32,163,74,-42,-214,-208,156,-31,121,-39,57,57,-12,37,15,23,48,110,54,6,28,34,-70,8
42,122,110,-53,7,60,-33,16,122,-18,35,-30,-148,-64,124,45,150,64,4,-3,-29,51,44,58,56,42,30,100,39,151,57,152,71,60,115,67,82,-145,71,43,168,-15,90,-26,170,37,206,142,-64,9,-70,-47,48,193,-16,-67,-68,73,40,-26,30,-18,49,80,-16,70,-25,-82,49,-11,40,87
110,-13,118,48,-5,-60,56,109,61,93,90,63,51,-29,86,43,-93,-78,18,68,-91,-4,28,56,21,-88,-23,-111,110,13,57,-177,12,20,-40,29,6,91,59,60,-117,60,-176,-89,-57,79,-49,-25,106,131,-57,148,28,-104,101,-78,-68,-44,-48,-56,42,66,10,80,42,54,59,-47,-47,-157,-11,-144
-41,43,-57,12,-53,2,71,68,-41,171,60,-3,110,-7,-45,61,85,55,-100,-61,76,41,197,81,-11,0,91,101,94,123,17,17,97,27,108,44,-23,-93,86,-50,197,17,3,-7,149,-57,132,127,0,2,-41,25,139,75,-20,-80,38,53,-83,4,21,129,50,15,-89,37,-16,49,102,51,69,115
104,-130,153,12,40,62,-76,-3,-56,-24,39,-101,66,48,135,-86,-53,-41,48,143,14,-115,-51,-76,52,106,32,83,97,129,32,-91,105,-12,-18,137,16,-12,-126,73,44,18,-7,74,-34,95,133,16,-6,-62,60,36,-35,58,-171,69,113,-4,97,-142,12,-50,77,-37,0,31,-22,23,114,7,-121,-15
33,6,-59,-18,80,-145,-2,-119,87,32,-2,-10,66,-57,-30,25,-32,133,154,130,37,-7,-24,-43,85,-64,52,-21,-7,-3,17,101,-49,8,32,-59,17,-52,23,64,-16,-4,-77,59,-17,-29,-146,61,-106,-8,-66,105,20,-19,-89,-158,-113,-64,-94,-111,-65,-4,127,23,-9,85,71,-83,-42,-3,65,22
50,31,-67,-69,-75,47,-138,55,-60,32,79,-13,-17,8,-100,95,165,20,-37,-60,78,-77,2,-43,-64,5,-97,121,150,150,-105,115,-59,120,36,-30,64,-192,31,69,17,-51,36,12,-2,-74,29,15,107,31,-39,-107,-99,-10,-73,-18,-11,82,4,72,-46,63,20,-86,-58,63,14,-78,38,112,67,22
-100,49,-66,71,41,103,-26,-108,-3,-28,15,58,-56,181,86,-43,-13,15,40,-122,136,-48,97,13,173,69,140,27,-22,-171,-96,19,-32,47,29,95,-52,24,77,1,90,19,-8,-79,2,79,-93,-19,-160,-83,49,24,84,26,-29,-9,18,-7,1,-109,6,-19,31,-64,-55,-160,117,70,12,7,-121,98
94,198,20,-34,22,38,71,90,71,9,-16,23,181,-61,67,44,119,-28,5,120,37,139,-4,69,-5,60,3,19,125,52,54,102,134,59,-25,31,3,-127,-14,60,92,47,-13,-48,-1,-3,98,43,163,107,25,66,87,21,-32,24,-65,-5,88,-23,-77,88,161,22,-34,46,36,-31,90,139,3,-28
14,75,-4,4,-125,73,41,-26,-46,40,41,-88,-7,107,45,95,23,36,-78,-35,37,-47,90,61,157,-33,16,44,111,41,-20,-19,22,76,78,118,46,0,96,37,-61,50,46,-76,-44,-59,-1,14,80,56,-24,45,66,77,-30,25,18,-7,42,-1,75,-3,75,-4,-15,-58,53,-2,125,26,-83,-45
3,62,-48,-8,-78,68,30,-71,-33,-48,66,7,25,-59,-24,192,23,117,18,41,-34,58,41,89,161,-70,-69,70,87,107,-77,150,86,-65,72,18,0,-34,106,38,36,28,5,30,65,-44,-8,167,53,-38,-13,-133,-24,118,-26,69,-42,29,132,132,32,77,48,67,5,-14,-14,-11,133,57,-42,30
-83,41,-92,43,-40,-160,141,43,-78,-71,48,141,41,-127,-62,3,-135,127,29,42,-53,43,-47,24,-84,-78,-29,-163,23,-26,-100,38,158,-87,21,-68,-20,22,31,-44,52,-57,87,17,44,-183,-4,181,106,-38,-25,38,93,-46,53,-45,-120,89,-50,33,92,103,-30,-86,65,47,107,-11,14,-14,-8,-75
120,49,86,3,-111,5,17,0,132,99,94,74,75,-128,27,153,36,-40,11,181,-89,113,-11,110,62,-76,23,36,12,17,194,-16,58,37,48,23,88,29,-56,113,-19,63,-145,-53,-40,-11,31,74,127,95,70,-3,95,1,-22,-12,22,105,39,131,95,2,105,193,0,-112,-39,-111,12,-52,-21,3
74,15,-8,51,-45,54,28,-132,-20,-8,44,39,52,24,-91,69,-201,-114,53,-106,60,-71,35,17,-71,-85,18,-112,2,37,13,2,-11,-84,20,51,-13,3,89,-142,-13,163,43,62,-17,62,11,28,-152,-24,41,28,133,141,49,-12,-16,-93,100,-36,-54,75,-19,111,77,41,21,76,46,43,74,91
48,6,70,-25,15,-48,37,-12,40,47,76,-45,74,-57,14,36,147,-59,-13,52,89,-8,-46,-6,-83,-23,30,87,177,29,-49,34,133,34,121,14,-44,-70,65,-13,41,32,-61,-97,22,-39,161,-22,-80,-3,-3,-34,207,126,-216,-13,-33,-101,137,43,54,37,-21,105,-145,2,-104,-36,71,26,33,57
-111,19,5,-14,2,38,-1,-141,-84,29,-47,67,-26,-19,35,-146,-41,-35,61,-148,104,-75,44,-118,-10,-49,129,-65,55,-45,-71,66,-41,23,-44,-12,-70,18,-34,-41,45,-67,7,-72,-24,86,-167,-96,-141,24,89,40,77,-21,18,-21,-16,43,-61,-67,-126,9,74,19,-31,37,6,-28,-82,73,69,5
58,67,-52,-48,42,-108,-111,45,-10,-100,15,22,-81,-56,-114,53,-64,168,-25,-32,56,158,-56,-19,-9,-106,88,67,139,-56,-76,219,82,11,-88,61,29,25,6,9,-53,-69,26,-70,-14,26,0,-26,-60,29,77,-170,-87,-39,36,68,-30,150,66,135,77,-90,70,-69,118,-104,-78,-63,-89,29,85,99
-139,94,-16,-73,28,38,-45,37,-34,-83,-109,25,-19,-76,28,-78,-87,-21,123,19,154,-41,-25,41,68,31,100,59,109,-48,-161,-64,10,-150,53,8,-28,152,-56,157,48,-44,-95,127,105,214,53,54,138,-50,-4,79,70,149,-116,-13,37,67,63,-42,-27,63,-36,-58,139,-24,53,65,-14,18,-87,-3
130,-97,117,59,-134,75,140,-51,35,149,1,106,88,-56,121,58,-39,-8,-66,62,-9,137,29,20,112,-46,48,187,87,160,54,32,118,43,68,38,78,-42,-18,39,100,12,-16,39,-65,-104,5,-1,-2,-39,116,-73,187,-100,-4,121,28,-163,56,56,55,-23,65,-64,-50,-40,-85,125,103,69,-81,39
44,-41,62,4,-6,134,34,-115,-54,118,-11,-56,-40,61,-1,91,-32,7,10,93,34,-2,-7,59,55,47,0,88,-9,70,60,98,-34,38,-4,182,15,-43,-59,-24,-15,-2,37,-17,-88,0,-43,-20,-68,15,172,72,86,-7,-1,81,68,-5,113,68,-19,-23,27,57,109,-27,-80,107,33,122,-71,-38
37,-92,-73,22,11,181,36,-54,-49,-47,-179,40,20,-6,47,-18,-20,157,12,-56,68,35,49,-67,67,145,95,62,158,60,-13,62,-113,-19,-31,107,196,-1,149,161,141,-24,27,107,-22,137,-52,-12,80,-63,26,31,34,70,-5,101,-48,80,4,-18,-78,-46,135,-7,135,41,-116,-41,84,-34,41,53
118,114,11,-8,-9,-51,-48,22,49,7,-40,-90,62,43,31,61,16,-3,90,-36,71,59,-59,-72,-80,-66,91,-28,145,-6,-8,-119,97,41,-115,184,-61,56,-32,-25,-52,68,-4,-234,-94,0,136,-11,100,-66,50,9,173,151,-196,5,5,96,-1,-46,-23,-52,57,28,-31,-18,36,-15,33,-11,-135,-74
-81,101,-29,43,-11,-21,15,24,19,51,-38,-50,107,-63,21,55,-20,53,97,113,39,-21,193,76,41,181,42,-17,-56,69,14,95,66,90,-4,60,118,51,-31,-31,18,-3,8,16,10,32,48,-18,40,48,-65,-17,83,6,120,-52,-45,-4,-80,21,53,49,38,14,91,20,-47,77,162,-138,25,171
3,-43,-35,17,92,38,19,127,165,-1,16,128,63,55,61,-52,-17,11,144,55,1,-46,6,-167,-24,32,-92,-131,-9,-21,-107,35,136,-91,20,-89,-88,-61,-94,-13,51,-50,129,38,-16,-13,121,72,-30,-145,-33,66,-140,-53,60,184,-18,29,48,28,12,156,4,2,-41,64,78,108,-39,-91,-84,-113
32,85,-49,-37,57,6,-16,52,-4,-35,15,-134,-90,132,52,27,19,71,-99,-2,-18,5,-30,26,68,-20,44,138,37,65,-78,-78,88,-52,127,5,-81,25,-58,109,-69,39,83,-86,-23,-91,-6,-39,8,-6,-81,-26,-13,40,-117,42,52,70,107,29,39,-29,-32,-37,83,-38,-38,-21,14,-23,-105,47
2,56,-3,58,-87,11,48,40,85,39,32,-7,6,-74,49,-12,12,32,39,17,6,100,164,154,-13,51,29,72,52,53,-9,158,109,93,101,13,174,-39,-28,80,37,0,85,-4,67,-159,144,50,51,24,63,28,115,44,-71,109,58,28,17,136,-95,26,38,-1,29,105,41,55,-34,-86,4,133
-102,37,7,-6,-28,58,-33,-63,-59,55,18,-50,54,-27,41,66,-1,183,30,-18,-30,-81,-4,32,130,90,21,42,13,51,-40,30,-6,-92,60,84,84,-52,49,113,63,-113,75,97,121,0,35,93,79,117,5,49,-83,-56,43,85,-63,-39,-101,-36,-5,54,-48,37,141,-75,63,149,12,0,-167,-10
113,67,8,50,13,42,111,3,-3,96,18,-98,-73,19,42,-144,15,-70,-51,-27,79,-65,-43,106,-129,104,-4,-34,98,138,-84,14,77,5,59,91,27,-71,35,113,129,113,59,36,57,-23,49,-2,136,131,-19,97,121,63,14,-4,32,22,17,73,-56,-5,71,-64,77,71,50,-87,62,118,-29,-59
-83,196,-65,104,1,96,82,-86,67,-12,-30,-39,70,-56,70,8,182,51,56,36,82,119,-63,6,-1,-40,85,4,-49,-71,-24,190,-7,68,-31,148,36,-42,32,13,50,-30,-8,-37,102,-51,-22,79,66,24,135,21,43,-87,69,93,-97,34,8,79,-17,17,169,46,43,-146,9,65,44,49,-75,161
-5,-89,-20,-20,-158,66,72,-62,-76,61,0,-81,8,-31,61,11,-8,47,26,1,-121,-22,33,72,-38,31,-68,-82,104,71,50,25,-29,48,-45,139,27,50,78,2,-13,69,-97,-125,56,89,-140,-28,-69,83,38,113,95,68,11,-12,-73,-113,-17,2,-21,-10,44,174,-10,-34,-66,50,8,-100,-22,29
-14,-14,-16,-50,-181,-82,162,164,-75,-47,108,141,70,-21,-75,2,-29,18,-95,-79,-52,26,-13,120,-51,-51,-83,-35,120,40,-17,56,103,14,35,-128,19,28,105,-46,25,-50,58,-20,5,-136,45,29,-12,140,-28,-39,-67,-68,30,150,55,-38,129,94,185,101,-94,-76,3,-4,4,56,-84,2,36,-113
