39,93,-39,181,33,-61,90,-68,-21,15,13,29,-33,-40,72,48,142,-21,-115,173,-148,-32,-28,17,61,-44,89,-20,-28,69,-87,95,210,-15,28,45,18,174,37,50,59,21,66,-44,57,49,131,151,24,41,90,47,115,80,55,-44,35,-54,-6,-23,-1,-58,84,51,-33,-2,-6,-84,179,4,2,29,27,1,89,-26,-82,81,24,101,89,2,86,113,53,-3,12,59,-103,42,32,48
55,56,128,35,-29,11,122,147,130,53,19,-52,-127,25,-16,135,33,-83,79,-12,33,3,26,119,29,-5,28,94,218,61,-75,163,-121,-30,-105,-25,-53,-101,66,68,68,-22,12,34,-54,10,-64,-92,60,73,51,44,5,63,114,163,-31,16,13,-4,35,95,79,-29,49,-91,88,23,-224,18,20,-4,78,36,110,20,38,6,-117,-142,-8,-100,80,91,-54,14,10,-93,71,-118,74,-38
-18,-72,-9,-132,-142,-11,36,60,-37,4,-103,151,124,-46,91,71,44,48,38,-23,39,156,191,127,-34,66,56,-13,82,-1,-3,-86,-131,173,-10,129,-93,-42,-138,49,72,38,-219,39,42,-174,84,120,23,-28,207,7,-15,22,-40,107,-41,137,24,-36,-94,117,56,-115,-16,-61,-60,55,-14,88,18,15,-58,103,2,-38,145,-205,71,76,65,30,-56,67,25,-57,-40,180,41,-97,-83,226
-24,95,-98,-44,32,167,27,135,-12,-6,-134,25,32,52,-147,77,92,116,92,-44,89,82,8,66,119,100,67,-1,27,-22,-172,-98,55,6,-116,-95,136,-182,84,58,201,44,90,88,-14,-23,2,34,80,76,-119,-198,-86,-11,17,-116,73,57,-107,58,-73,-74,3,-68,102,-65,-39,218,99,-45,21,63,105,177,61,-3,134,-70,-24,228,-163,100,-34,-20,-53,121,118,-12,5,56,10,-25
-103,262,55,199,85,-10,65,-94,24,-111,18,120,118,-152,121,43,113,192,11,19,-30,91,33,94,199,-6,-62,34,-67,-38,24,-5,168,2,21,140,56,116,-33,120,69,71,117,51,269,-38,-35,-15,34,88,-92,41,-67,45,157,-56,53,64,120,70,-152,-19,83,14,63,-6,70,-54,94,-1,31,-45,55,-80,47,55,99,179,127,129,60,304,11,64,-1,9,-21,20,-11,6,94,81
124,-74,144,13,59,-127,106,78,49,65,-100,-138,-21,-107,56,113,18,25,207,60,61,103,-111,27,-6,-34,217,-112,186,164,-75,-51,-39,112,85,20,-29,32,-74,60,4,107,133,-93,-89,110,120,90,101,157,27,144,10,156,141,-123,73,130,-16,123,-26,38,35,22,-7,99,38,23,77,178,54,64,-13,14,66,119,-13,74,120,-83,103,46,-16,83,56,112,-21,28,74,-8,-71,65
88,-174,39,-39,206,25,-61,75,133,-134,46,78,54,-3,24,36,17,115,149,12,109,-45,-11,44,211,55,-73,3,32,97,91,37,18,8,49,169,50,116,69,178,125,146,38,59,-207,116,28,173,-22,243,48,176,64,92,26,-61,-105,-44,67,-6,-21,3,51,163,0,17,12,130,121,112,-31,85,9,77,55,64,54,-48,-33,40,24,128,49,-45,153,79,-59,-6,117,1,47,-46
14,61,-80,3,-7,-3,-127,145,83,-83,115,57,85,-28,-64,51,15,-144,8,-48,-43,-44,-147,-74,-70,28,44,1,-62,-115,193,-62,5,88,-96,54,66,192,53,18,21,13,108,6,35,104,-100,-44,79,-68,66,100,2,42,-2,104,-1,-100,74,-70,-45,-45,29,-22,-132,118,-8,8,60,26,-140,8,-166,-79,-5,-19,-63,41,-91,-45,-2,2,91,-58,134,58,19,15,180,-26,33,-74
16,-73,-13,134,73,-36,43,185,-42,22,44,37,-148,-36,115,-79,-23,-126,-34,-81,-123,-65,-45,105,-144,140,60,24,85,-88,139,28,108,75,-166,63,55,7,-8,-108,30,-26,64,-18,11,82,-67,-5,69,-109,-109,69,1,-6,-77,106,-74,-33,22,82,-52,-34,-25,-124,0,81,181,-86,-26,-18,15,-120,44,121,40,89,49,186,-181,66,-22,-139,136,156,55,-96,95,40,-19,-18,129,1
-91,69,42,51,-94,46,172,29,23,-67,-36,65,43,-46,121,-46,-34,40,-113,-74,-157,10,41,-13,-25,126,-64,-34,-8,-113,80,13,-10,4,-66,89,-30,38,-24,18,-88,38,-50,123,102,-41,0,-7,101,27,-95,27,-67,-99,-13,81,-7,51,26,191,-169,-146,-14,-68,34,60,92,-150,-42,-27,40,-100,3,-25,-8,63,110,156,-10,85,-64,147,39,-12,-54,-14,12,45,23,-90,-33,-26
2,-219,102,-9,63,-20,28,-24,167,68,100,-67,66,54,33,-20,18,177,-135,-33,24,158,-20,169,112,138,47,59,95,21,230,50,94,173,59,-63,38,145,22,-20,89,100,31,119,-220,143,-2,-12,43,67,22,159,-105,91,20,-1,51,17,-6,-14,-75,12,-28,28,10,124,132,82,4,-114,110,94,103,49,38,120,29,95,36,88,143,-56,61,9,119,15,127,11,46,-6,71,99
-81,-67,-52,80,108,-50,-39,-122,-64,-49,-116,105,52,136,-1,76,-28,118,218,101,-16,194,77,62,141,-98,78,47,152,69,50,-3,-123,90,71,56,-80,63,38,25,-7,80,-31,193,28,28,34,83,155,-25,99,166,21,52,121,97,131,140,37,-2,-75,114,-77,94,147,-124,-46,134,-33,-12,92,-3,160,110,116,247,-113,62,16,143,74,199,-38,95,-57,94,-65,-10,60,26,52,63
25,-3,79,-61,161,49,169,-3,83,33,17,-128,-42,163,70,-18,138,116,42,106,18,-73,49,-88,81,51,146,-16,-95,-20,77,6,47,-51,-11,18,119,174,-60,32,-3,84,-27,140,47,-34,34,14,65,147,14,18,50,-33,160,-18,96,20,24,34,89,-58,4,-19,31,-26,-53,-114,22,-118,54,0,146,-20,-70,129,98,197,-33,137,15,-111,23,211,15,254,-65,96,42,21,31,52
54,97,44,23,149,42,108,163,-168,-26,-101,124,67,-11,116,66,4,11,203,59,-39,128,-20,98,-35,42,115,-99,210,-7,-126,26,20,5,-92,125,61,16,2,98,-8,120,63,54,-9,-8,-40,18,54,52,114,-101,-71,-22,165,8,-113,-27,120,199,-53,-135,162,-114,-48,-19,69,214,-64,-5,-5,-70,65,61,-51,108,135,16,-69,168,-56,97,-193,163,22,94,-2,-77,41,76,45,-68
133,61,7,35,139,-93,138,14,27,-73,-16,-65,-63,-223,-91,14,-48,9,-48,42,-7,-53,-25,41,-42,-32,94,147,-85,36,22,119,-50,18,2,-112,-125,-161,-136,-145,-21,-35,22,-23,16,-1,-165,-86,-14,41,97,100,43,54,-25,36,-75,-57,29,-146,95,-23,-85,30,-51,19,-96,101,41,37,26,-13,-9,-27,-35,-20,-99,50,75,42,-53,-58,55,10,14,29,-106,-14,73,37,-61,-104
185,82,-66,156,55,-28,-19,-5,54,-47,-96,3,-25,50,68,88,104,-64,-29,1,75,69,-70,222,153,-49,-108,23,164,-67,197,48,-48,-29,61,112,165,3,12,-150,77,-55,159,99,118,82,-166,43,8,-65,103,132,-12,223,-63,-67,-111,137,62,-22,4,122,110,10,48,-17,139,120,154,60,-13,6,84,103,71,-15,2,3,-19,-90,-52,-18,60,47,72,57,68,-49,-111,236,43,-13
-24,28,57,11,69,112,-32,109,56,109,21,30,-54,15,45,-53,163,65,49,5,84,5,-75,6,110,-25,-119,102,-48,-60,36,217,38,-145,-56,121,-36,130,80,18,61,-97,75,-1,-63,78,147,32,-56,57,-17,-128,20,19,79,-108,9,8,67,-35,-8,113,-68,89,-23,43,53,-97,112,-31,-44,47,-41,-97,-16,93,70,-66,11,84,72,-14,13,80,59,102,46,-23,40,12,46,-23
-45,-1,-24,70,11,-24,-105,28,29,-2,-13,-90,-128,-23,-165,0,-55,109,68,42,-9,-90,79,24,13,45,-51,89,78,163,-45,45,85,-62,-79,106,146,174,-10,-3,37,-160,119,-9,63,13,135,45,4,65,29,60,-35,-61,121,-40,-110,-17,26,-50,20,64,-50,67,140,53,111,65,149,127,27,-73,90,45,-7,135,-39,164,40,62,98,37,87,67,-52,99,-32,-11,-26,-72,54,-115
58,-140,-130,-45,5,-85,-177,-43,11,9,0,17,-72,-2,-121,51,-101,35,47,-76,-78,4,99,103,95,-216,-103,-53,-100,-246,120,-12,-73,64,2,136,-39,125,8,-92,105,-28,-18,59,2,-15,21,37,62,-41,66,22,-122,61,108,53,-60,47,26,-125,-13,148,94,76,43,-21,-65,-128,118,-9,74,90,64,-141,-67,-113,33,20,172,24,65,96,50,-76,89,-107,-32,32,-80,-11,10,-3
53,-7,-30,35,-162,105,-14,-69,119,99,156,33,-2,41,161,74,171,96,-45,-61,15,68,73,-20,90,2,-91,-23,2,-4,-11,12,90,144,-62,7,-56,179,14,46,130,-108,-18,83,40,-100,68,57,28,107,33,14,-39,113,-61,-65,-27,120,139,-17,118,31,151,45,62,-65,-49,-78,62,15,-34,-51,39,60,24,33,164,-33,4,80,75,-22,-14,16,9,29,64,66,93,-80,177,-71
67,-42,-42,107,106,9,75,-76,71,113,10,-6,30,-31,60,68,3,210,-16,30,66,62,35,32,85,-96,119,52,37,60,21,81,98,10,103,-46,56,83,86,131,-28,128,28,32,111,88,77,44,61,-20,-16,45,128,66,53,36,81,-16,112,-11,-55,10,-29,50,79,111,3,-78,-7,12,188,258,-135,127,114,-24,58,73,51,119,70,32,-1,78,-38,70,122,-5,-10,103,-103,54
-17,131,-180,26,88,-26,-163,56,-82,-2,-31,9,-65,-53,115,10,58,-5,-55,-86,-61,-145,-111,27,-84,23,5,53,-57,16,-118,-17,-30,4,-84,80,74,-24,82,116,90,93,-34,33,11,-76,8,58,-33,-44,77,138,-61,11,98,-15,-32,-110,26,-92,55,-95,23,112,74,-158,7,-8,-61,-53,21,142,-18,-10,-36,-96,-57,-129,8,-136,-53,167,-82,-27,53,36,-14,108,208,-85,74,-72
56,-37,73,65,-71,-105,101,-107,-17,-77,-42,-43,-33,116,58,56,-40,103,-63,154,-133,25,121,-71,-94,9,50,-118,99,-128,-46,-46,18,150,8,-5,16,-15,-137,4,-100,28,-46,35,88,21,12,210,211,48,11,17,-32,-45,-19,56,9,23,24,260,-11,-43,17,-92,54,5,-46,-25,-50,-10,12,-58,-18,149,-10,143,59,132,-27,133,85,6,56,5,-80,68,24,9,-129,47,-24,-105
129,103,-56,55,138,66,-106,17,63,63,-4,36,77,-28,-142,5,-51,65,128,95,137,-35,12,50,46,33,112,44,22,5,147,20,11,47,-23,85,50,154,76,-26,88,-28,87,111,64,74,-19,-69,21,26,69,103,152,-42,97,31,2,0,86,-73,-77,-54,47,-98,-6,79,-79,27,61,124,55,-82,136,29,176,196,7,95,-210,163,-84,42,150,-20,78,87,-191,-66,23,-88,194,48
20,60,153,-84,115,-12,137,44,-47,79,-125,-69,32,41,71,-67,-32,4,140,185,131,43,-84,215,2,-37,173,3,19,-78,82,-37,1,-91,103,59,115,-93,-134,-44,-81,116,-72,11,73,-109,28,6,8,19,195,-40,98,-52,66,36,42,173,-65,130,73,-4,-69,-157,75,145,-109,128,40,-92,131,-67,20,9,-7,146,-23,40,80,20,-28,-99,-66,246,-3,112,9,87,30,55,-34,140
-8,23,150,-151,3,-122,21,36,190,140,140,71,37,35,18,-3,94,7,-93,-6,8,-35,15,7,-28,23,-93,165,15,-74,-50,-23,40,184,-23,21,87,-50,68,9,48,-42,-126,20,-117,-26,-36,-106,-110,29,-20,61,-14,192,-2,-91,-11,-21,50,40,-46,-17,46,86,33,-108,171,160,-114,108,8,-14,52,41,-112,24,-24,-171,90,-70,71,-25,-82,36,19,-45,33,-92,-61,-78,-58,-8
37,169,-37,155,138,224,-148,182,84,9,-61,65,-100,-30,-156,-25,170,154,157,133,138,33,-127,99,262,-39,51,69,39,78,22,58,30,122,63,101,100,153,198,39,150,85,234,-93,64,167,-9,203,99,159,-50,37,55,76,-40,-91,84,-13,-91,-12,10,23,118,22,-78,107,84,51,208,113,125,237,42,-60,153,-56,-89,176,83,16,6,103,46,34,237,-6,86,-25,1,19,127,117
86,43,-24,-60,84,44,-59,-19,-1,-10,92,-50,86,24,-71,68,93,-14,-43,-50,3,-62,145,56,83,104,-32,26,30,76,-7,-79,42,89,10,-58,2,176,-78,27,-128,87,-69,161,132,57,123,-33,64,101,-9,75,11,57,213,68,-22,52,-24,-71,-54,-78,94,5,97,-36,36,-113,68,-45,-50,-41,9,48,55,-42,129,152,-138,-39,-151,86,4,145,-77,-34,-120,20,-2,-85,-110,145
35,145,-48,97,-33,31,-102,-15,116,-48,93,45,113,-31,61,133,20,3,-160,5,-3,121,48,159,57,121,-41,97,63,27,31,-150,149,190,80,-71,-61,-5,-94,108,29,17,40,-54,37,2,-25,96,66,-10,41,105,88,99,-57,-6,-5,86,-33,-27,-83,-40,2,130,34,29,28,69,-15,-32,24,86,-31,8,42,-48,-95,-56,-38,-63,32,76,147,-16,149,-84,98,113,122,-83,123,-2
101,16,-46,-43,84,87,-36,187,42,102,107,-160,23,62,-10,-6,-29,91,108,89,16,86,37,138,36,125,68,64,113,155,24,40,96,104,-30,87,152,161,-42,51,174,66,-20,98,-139,10,133,83,9,242,-137,-153,-5,-26,-71,-29,20,-76,22,-9,57,7,58,98,142,172,4,79,200,-48,16,113,48,135,101,-16,133,-46,-68,152,61,-36,83,114,66,141,107,-35,88,33,5,150
115,-25,49,13,182,-57,-35,-62,138,1,53,101,25,22,-22,111,32,214,-40,67,157,62,84,127,156,25,126,80,33,49,51,-27,89,228,47,-194,-118,-74,-30,36,150,83,7,15,-27,112,11,62,1,113,34,77,38,42,9,46,12,-54,120,-154,59,9,15,164,29,66,-84,244,-16,10,145,174,53,102,165,18,99,-50,-52,171,59,30,69,51,167,9,22,56,155,41,88,-52
-4,40,31,72,-43,2,77,43,107,-24,-84,-104,-99,-57,-74,61,-65,-95,93,79,106,20,-32,70,65,-16,-29,28,166,180,4,41,-68,41,4,115,78,6,-159,93,1,40,59,19,-48,-84,-22,-54,82,-41,7,73,78,94,11,72,78,49,18,-33,-90,10,-34,-88,35,71,-4,-2,38,113,145,62,-71,185,131,25,-37,28,-3,-66,147,0,-21,127,1,-46,19,-10,110,46,-166,127
78,-8,-26,3,188,35,98,-63,-57,-88,73,-35,70,14,11,55,-193,-6,147,43,74,65,100,173,99,-128,-33,-40,196,82,171,187,-75,-49,56,102,136,100,22,71,117,148,87,132,41,49,-40,-14,214,234,195,-17,183,126,190,116,-166,55,58,29,-2,-25,64,-11,110,163,-67,120,47,37,349,41,45,23,130,155,39,116,39,106,85,175,26,110,41,130,-215,-117,106,189,-129,61
43,-2,82,-4,182,-5,-26,-46,29,58,-54,20,77,36,132,-32,53,165,61,22,32,117,89,134,5,15,-4,87,169,-90,152,15,50,85,4,27,30,97,10,-5,163,154,9,81,34,74,-192,-1,38,-33,199,11,21,112,120,6,103,84,128,16,138,38,77,29,41,-20,222,122,17,31,130,91,29,35,-7,91,160,20,118,43,104,0,68,189,310,21,-8,45,30,158,95,-35
-13,131,-75,20,19,48,-29,-70,-235,-23,-121,-20,14,-37,73,69,-74,102,266,-12,-146,43,172,115,-44,-61,53,-9,233,280,23,120,7,120,-71,103,20,77,7,189,77,194,134,-23,158,-39,97,135,31,106,232,137,10,-127,246,40,-46,-52,83,54,92,66,61,54,102,37,51,5,-20,139,55,22,21,56,15,110,41,126,153,21,92,32,-27,77,72,83,-153,62,67,103,34,195
56,23,119,172,171,-73,-7,-27,145,-157,-36,64,131,32,48,63,142,18,57,-27,146,55,-28,-21,138,-121,69,-7,36,180,93,-59,-1,13,144,13,35,131,2,186,65,177,129,-100,82,105,4,11,-79,151,-16,185,52,34,88,-101,31,56,-71,-42,-51,28,-58,-11,-139,-7,107,-73,77,16,58,-29,134,5,88,1,28,173,57,-175,16,201,11,185,105,42,47,79,67,128,57,-39
-102,-22,218,-133,-17,-23,59,112,189,-65,91,20,115,-64,-39,55,82,-63,45,-5,61,200,-21,118,49,68,-116,87,62,72,88,-13,-39,-81,-27,-3,40,165,92,67,63,-24,-49,0,-11,163,-101,65,-197,53,50,-47,169,-16,94,106,-108,-13,30,-61,-64,97,154,-16,-55,97,86,-41,99,-131,19,73,-80,-100,-83,-36,-113,-9,-5,-97,-50,-14,186,26,12,34,69,-124,77,-120,-72,-115
148,-17,21,74,44,-69,64,139,-48,197,19,57,-96,90,104,18,41,107,132,46,98,-26,179,261,9,-41,0,-64,-16,-20,-46,120,225,-8,97,39,-54,69,90,4,137,88,113,-23,89,80,-18,229,61,45,-46,-108,56,-109,50,13,147,53,-12,2,51,147,67,91,73,131,-85,-110,37,64,-37,-11,274,56,168,12,207,62,-24,91,3,-53,28,144,75,97,148,-18,-8,113,59,-62
23,85,1,134,88,181,-47,-9,-8,89,128,-74,-19,-39,4,14,-31,23,107,282,-138,-64,47,73,108,-55,95,-14,-15,105,-6,38,-15,28,86,181,91,69,-10,26,-29,142,76,81,181,85,0,119,58,99,-17,-34,49,85,230,84,58,50,38,-26,182,10,180,182,95,6,81,-179,3,136,240,273,-39,-26,-42,48,-80,108,71,-62,38,106,-46,-19,164,75,-16,-46,117,-78,-12,169
-22,-66,-7,-68,-51,52,-115,9,37,78,-26,99,107,14,-18,85,86,-75,87,-6,69,139,27,-15,155,59,5,-155,-99,71,69,-30,-18,-96,-4,-175,-71,-64,56,-33,109,-40,-53,25,-76,-85,14,35,-64,-43,-29,-34,159,33,-42,44,130,67,32,-116,35,42,118,-33,-41,-130,-49,28,40,3,-63,139,52,3,-9,-1,-53,-10,-63,16,-70,-70,-48,-60,82,-87,15,95,32,50,106,26
-35,21,49,-17,110,13,1,150,79,-19,-107,27,64,81,157,100,29,57,182,91,141,138,61,118,147,54,78,105,-33,134,73,93,158,70,142,14,-22,210,71,16,134,-41,63,-74,152,-51,21,-27,-7,172,-33,58,145,154,93,-46,36,51,12,-203,217,86,22,98,39,98,85,-50,161,-21,25,20,269,-82,-89,93,60,185,79,67,63,-40,104,118,50,101,106,-1,43,118,75,-50
-3,43,-98,44,-57,76,192,106,53,-50,44,-139,95,-134,53,22,39,8,8,116,-95,82,-98,-24,92,-10,75,11,-9,-22,-15,50,17,45,-149,40,3,52,21,18,27,-5,-54,139,-48,-25,163,58,71,112,-70,-86,-73,65,76,-19,46,-66,102,85,-87,-15,18,-9,40,64,-30,41,64,16,139,118,-60,44,69,61,129,205,-8,254,127,119,20,94,2,-10,-48,-4,-6,-114,75,20
46,50,-30,13,-43,64,-11,-28,62,75,33,48,-104,62,-45,50,118,59,-48,35,78,-76,102,28,-75,116,-83,81,93,-62,-14,150,57,141,-8,-8,-6,157,7,88,13,-3,-4,23,43,87,30,39,113,31,-3,-57,-65,-58,119,29,-110,-61,104,-42,-126,43,153,114,-79,107,76,-10,95,40,24,-75,199,29,106,-81,-1,121,12,83,53,-106,-6,111,-22,135,57,27,-66,106,77,87
37,-26,-8,119,176,64,-145,105,179,50,64,68,240,57,39,-51,88,39,23,54,30,79,-60,68,-13,-3,65,85,-25,-25,52,-59,12,17,147,91,107,15,243,49,93,99,130,-57,9,150,-21,-83,46,-21,62,25,134,104,31,-48,153,66,-102,-32,-21,28,13,-63,21,80,8,-37,1,41,70,149,120,-2,26,-18,-29,-35,-76,-36,-27,21,-87,23,145,77,130,2,78,-15,71,46
47,-47,100,-68,83,-181,40,1,142,6,12,5,-134,-25,-41,73,-4,0,58,111,108,52,74,-12,55,-31,52,1,-68,1,72,127,2,41,135,39,-35,-37,32,-2,35,-99,-3,24,-162,54,60,-24,-14,218,-80,128,28,104,19,-66,104,-65,2,-48,129,-18,31,47,23,19,-5,92,-18,19,-6,-63,-65,69,71,11,18,-84,16,-58,58,-8,0,-193,-4,51,-82,-52,-9,-120,-111,149
13,66,82,29,-36,13,99,47,153,106,76,11,-106,-35,-24,-37,11,31,63,88,51,-35,-67,-41,50,150,-32,-19,-118,-27,-59,109,104,-73,97,21,22,120,115,-224,152,31,56,60,-50,94,-85,5,201,48,-45,-106,171,109,-15,-171,43,85,-55,59,11,-125,86,35,-37,90,8,-32,132,4,138,-142,12,-5,105,-48,93,91,24,115,-6,71,111,12,31,-63,-19,-24,-55,22,-52,15
78,-162,29,-13,-30,59,211,238,-169,-4,-47,51,-6,-96,86,-25,118,41,226,104,-36,14,-35,-48,-3,223,-36,-32,103,57,-65,-5,24,-11,48,202,-118,112,61,-54,-43,125,75,-26,-57,6,-158,144,75,85,-64,-147,-69,-3,24,-53,23,72,-51,66,2,-45,163,4,-114,140,125,-3,29,71,-10,12,62,7,175,-23,188,88,90,106,-46,109,62,-52,171,-24,15,-41,-65,138,-21,-4
-70,-137,-113,45,117,-67,27,-118,-59,-108,-71,-114,83,-32,21,66,54,-123,36,-22,-84,-22,154,91,10,-114,-71,-29,96,75,72,2,26,-60,-14,-67,93,134,-41,125,0,106,74,-172,106,42,-12,-6,-62,138,117,81,104,33,131,-17,-14,-54,-54,-114,5,82,23,76,93,24,66,-118,35,-4,-95,-33,214,-62,157,9,125,112,20,-10,-4,183,51,123,31,-122,-111,42,-27,53,-35,79
115,-26,60,75,52,-90,31,32,-134,-46,-88,-65,34,-68,39,50,-24,131,101,11,-4,33,42,-56,92,-26,85,-16,-70,44,93,47,16,-35,43,6,-176,103,-59,-106,-123,98,78,-54,105,97,-38,90,-1,220,2,94,-43,-78,63,15,-32,-82,82,-107,120,-17,-51,37,-226,91,-54,-103,83,56,-75,22,55,-202,-53,-63,31,113,50,38,-7,125,-30,146,-19,135,-34,38,78,63,192,-18
290,129,143,-19,69,20,42,81,0,247,131,146,-28,-8,150,11,158,219,-2,126,181,77,38,2,140,85,241,-46,7,-9,116,126,88,111,25,140,-62,295,204,22,139,8,66,168,35,86,-50,198,192,199,68,-196,200,-27,139,119,-10,46,125,52,-14,-60,169,59,-77,251,-8,119,223,-37,161,11,62,-65,62,89,139,102,-17,249,21,-98,138,173,-26,300,45,-47,22,57,175,-15
45,-69,34,91,95,38,14,-71,52,32,129,46,4,-72,52,-8,-42,-48,-106,-125,74,68,-74,137,157,-61,-10,-2,50,47,136,105,44,3,107,-30,160,-27,-39,105,157,-19,64,87,34,57,-9,-78,-48,0,93,175,20,27,-91,119,-57,22,0,-32,-185,74,53,-114,-46,-84,-20,-48,-60,-96,18,28,-75,-39,116,65,-31,102,-9,-44,46,19,-32,18,53,-93,54,-79,74,-42,-4,3
67,-40,-88,-83,102,-83,-158,-173,-103,-21,50,-58,-31,13,-116,-35,-124,-38,-100,3,8,84,-39,-37,80,2,-107,66,-15,11,98,7,-104,-13,52,-101,136,114,-93,-146,103,20,75,28,-58,6,-15,5,13,85,-6,-53,113,59,-94,47,-85,46,-172,-84,62,-94,-30,25,57,114,26,144,127,-88,-68,10,19,45,-19,-26,32,80,67,-6,125,47,-35,-142,-18,-21,62,-35,80,53,-23,-99
9,37,-12,20,14,-7,82,65,69,-52,-82,-144,-93,45,-85,66,-82,21,138,15,51,-132,-126,-33,-45,-26,5,-80,32,77,-97,25,87,-52,-77,4,-126,17,49,-48,-59,84,148,-20,-89,14,17,-42,76,53,-17,69,-48,27,147,-43,-72,19,-15,-50,-16,-10,-27,54,-79,-10,-1,-37,-4,-55,230,-46,0,56,62,64,65,95,-83,118,33,4,84,117,-19,83,-18,39,122,41,25,-136
86,149,48,39,-20,-71,22,-75,-34,-10,22,123,2,-17,-46,45,35,207,54,43,45,46,82,194,9,-39,-104,-32,51,-30,123,58,159,-5,10,57,-12,128,1,-53,97,184,43,18,105,110,-55,70,-20,48,127,19,70,-12,95,60,-158,73,32,-50,52,-45,56,56,-112,-34,134,55,62,-97,-142,67,-63,-37,-61,-109,126,-47,184,35,-12,33,57,-80,120,-58,-73,-18,-40,-2,24,39
-129,-54,46,15,58,84,-30,-9,-218,94,-192,14,19,-81,163,-62,36,27,258,133,25,-10,114,31,-169,-151,54,-46,-34,-12,-147,-63,6,55,-139,40,-106,-95,119,95,-123,102,-134,27,29,38,-1,140,-28,98,101,-91,22,-163,188,63,49,-86,50,-28,10,38,201,51,47,25,-19,73,4,24,130,-21,35,73,119,153,46,-34,-98,143,-30,156,22,160,-15,76,-145,-16,-99,-29,-49,82
47,-108,104,104,92,-99,-63,-51,-39,-14,-38,-27,75,52,99,39,-3,15,50,82,-21,97,-25,16,-17,-9,-89,83,-3,-29,64,29,71,-3,65,20,-104,10,205,-120,-54,164,174,-121,115,219,-59,194,-7,20,29,20,71,2,102,-75,18,74,-68,-7,92,49,156,39,11,41,59,-134,-137,-6,11,17,89,10,35,-16,61,75,-54,31,27,11,39,-152,54,21,131,11,39,-12,80,-189
-35,-109,21,-98,114,-57,103,7,10,49,-90,-56,-50,56,-20,-19,-62,-66,95,-33,80,-50,184,-42,18,4,-110,-96,-82,71,-15,-45,45,-116,168,130,31,104,115,-58,93,25,126,44,-70,95,-71,-46,-84,17,-128,-22,109,-15,117,-95,64,16,-64,-12,-22,31,31,81,165,71,-108,-6,-45,162,12,-165,153,134,17,71,107,58,-11,27,11,19,76,60,80,64,-100,-19,-72,64,-112,-35
66,142,44,140,66,-10,38,8,79,-91,75,91,76,93,40,155,-23,69,199,113,-91,52,-10,80,121,-20,131,-99,69,199,32,48,-16,4,-39,20,27,158,104,123,-41,183,143,37,155,173,167,130,97,202,-15,137,102,8,236,59,-118,-37,-72,-36,-34,1,75,70,-113,-12,118,-47,-53,18,150,124,2,5,-28,51,-35,162,44,81,50,127,-40,110,-41,46,-26,-50,137,-24,21,129
55,175,37,-7,13,35,-2,-54,46,-52,47,90,31,-40,18,86,-43,103,57,111,108,66,161,302,79,-31,81,-11,90,139,148,99,14,93,175,47,47,85,-24,182,0,107,-161,-42,130,-78,54,70,105,131,221,85,24,-41,4,180,-139,61,165,14,-36,37,101,7,18,-69,40,29,7,7,123,95,31,-12,27,4,-22,34,64,59,82,66,61,84,82,78,86,95,43,-82,72,-4
44,24,-36,-70,107,-193,-52,87,-111,-94,-133,24,-17,-6,34,-104,-2,-65,119,-15,17,-30,-5,-2,-125,-33,60,-53,14,-38,57,29,-140,-201,165,107,58,-102,-31,12,8,-61,-94,18,-42,-43,-175,-80,-5,-52,70,36,-146,-33,109,-27,15,17,-66,0,46,-35,40,-47,-31,-35,37,163,-49,140,-36,-137,151,-147,-148,50,-78,-17,46,-56,-72,85,-55,-23,16,100,13,-77,42,37,111,-117
-123,29,1,-20,-102,-38,16,10,16,19,-109,96,56,-119,-88,29,112,199,-75,54,49,2,-61,-135,69,11,4,161,-148,55,-273,2,9,29,63,-143,-38,13,28,-40,-136,-9,-137,-32,-25,97,29,89,-20,-91,-165,-43,-20,-1,-106,-45,-100,-141,21,-162,-89,-20,6,-81,-172,-47,36,137,8,-31,-19,47,53,132,-59,-108,103,9,-76,154,-59,176,-55,-86,-152,-6,28,-64,-112,-44,-5,-115
59,-127,25,108,-64,-50,61,-23,-113,58,-77,-25,33,-32,84,59,-40,111,21,149,-24,155,-14,-58,103,-78,76,5,8,121,-72,-31,-68,25,141,72,-115,156,21,37,-153,21,39,-43,42,-45,89,202,74,-26,10,70,-157,-63,-82,-49,77,88,-4,23,-5,138,-44,55,22,-81,-25,-83,-12,-47,-19,122,61,-79,44,23,-27,70,182,-55,242,178,-213,4,79,105,74,25,56,-29,16,-75
199,-25,17,8,-62,15,64,93,94,15,118,-168,130,-45,-61,18,-69,35,80,72,-19,-17,-159,-2,55,-48,41,6,-7,54,83,99,-107,32,47,110,62,196,-87,-89,-85,46,-7,62,7,43,129,-14,125,-42,22,-5,158,-47,14,42,-79,89,-33,-59,-162,-2,-4,-20,-7,224,-43,-72,173,1,221,51,-65,16,71,58,43,32,-26,155,105,123,6,103,21,196,-99,-23,107,-16,-75,10
96,-25,46,0,67,68,-38,-118,-105,9,-20,23,-122,-25,99,39,9,104,86,123,46,-46,174,11,114,9,43,57,109,214,-44,31,2,139,49,-97,-55,146,39,83,5,99,41,-220,71,17,23,117,61,173,-60,0,-38,-8,46,-51,54,-55,0,122,90,-14,16,88,1,-34,156,-20,59,131,-68,-68,106,10,140,58,36,181,42,-38,91,2,17,-28,-85,6,-3,55,-41,89,98,-49
-107,226,-6,40,-23,182,-148,-36,-4,34,46,10,-16,116,-40,53,-28,-5,83,-102,195,-11,42,82,40,-85,-95,3,26,118,-81,70,83,186,9,-49,99,49,-1,107,131,118,54,11,6,-26,2,-12,20,91,-131,-98,66,-49,64,-73,46,95,63,137,-100,45,-93,154,153,-5,15,1,10,42,92,-65,73,16,130,66,-60,-25,-41,-164,10,-1,-28,61,-57,21,91,-73,117,95,-31,29
110,-153,-1,60,174,-68,-22,49,-24,134,35,-112,-85,109,46,-80,-35,37,80,118,17,-117,58,182,-93,-57,12,37,64,-36,16,44,35,4,144,174,194,-35,9,135,96,-24,16,-36,-77,21,-64,25,53,45,56,-22,-41,-77,113,-71,-15,-24,23,24,90,86,-28,-23,101,92,30,127,-62,106,23,-76,104,174,-10,177,-56,-166,-63,-5,103,-133,78,0,42,106,42,68,-82,-3,48,-28
10,143,-100,-13,-30,3,123,71,-51,-83,-112,-10,162,17,83,68,-31,32,94,-117,-37,142,-109,52,38,-61,-12,-10,5,-33,-88,-44,-115,-8,-97,-37,-48,29,-10,7,-149,-4,25,67,35,-8,240,76,31,10,89,12,-1,-165,-24,-145,11,-4,-81,-28,-174,65,-94,38,12,-16,-107,-20,-45,-105,44,86,-105,39,-23,53,-39,-54,-15,127,52,104,45,134,-15,27,-32,99,105,48,-142,-18
80,-75,28,25,23,98,12,-10,-49,41,65,-106,70,-209,148,43,110,68,-52,56,87,103,81,-104,13,-23,-84,91,-41,74,38,83,-48,134,90,49,-57,102,-18,0,-58,-22,-9,-27,30,-51,-41,22,-43,254,-140,-61,-47,109,10,1,115,-11,45,12,65,49,73,42,21,48,80,-80,30,3,-37,78,-13,-39,27,22,90,215,68,-77,128,48,-5,3,31,44,-47,-121,-82,119,19,37
-33,145,67,88,-67,-53,-85,71,45,0,-55,51,68,65,27,177,54,124,63,154,-99,48,81,89,-2,-31,53,-56,114,-42,-19,-95,104,115,-62,60,5,108,2,-39,-28,-31,91,-27,147,61,72,115,62,68,161,-81,-17,-75,70,47,-14,14,86,111,85,84,143,110,117,16,-55,-80,147,-10,-86,-88,50,-72,28,-49,-61,61,135,49,-56,53,-8,216,20,-15,18,-68,-79,-12,101,-61
-91,-78,148,-62,14,48,18,43,32,24,-2,38,-131,-48,74,39,-47,27,83,106,78,1,55,14,-12,72,81,-36,108,-7,72,-41,88,6,-104,103,112,91,31,42,-40,-35,18,-20,-68,-25,-55,-33,100,-50,-70,-57,-61,41,-31,71,-29,-44,77,28,99,3,44,19,70,95,48,213,-76,-29,-7,-27,-10,148,148,82,46,-103,13,65,-42,-23,81,-32,-6,110,34,-37,90,14,-9,155
83,-81,-38,-121,-60,136,1,15,5,-2,51,-12,180,97,30,66,-70,-80,93,-102,155,21,-10,52,55,-44,-123,-28,172,30,111,60,19,-2,-10,97,40,76,140,123,-4,-31,63,55,-25,-55,42,-166,-133,-84,174,17,50,-47,131,102,-64,18,75,50,-39,7,-16,1,-62,-26,-23,50,-47,-44,-89,-98,-37,-90,-63,198,-45,-67,-79,-46,-116,-35,75,-62,-79,9,-155,-174,72,46,13,126
94,29,21,16,1,7,-139,34,92,-10,104,-21,125,44,142,98,122,180,56,-50,112,96,-13,46,184,-51,118,20,21,111,-1,-62,-1,137,114,50,52,96,45,143,17,138,29,97,-21,-169,47,123,-48,80,128,127,-99,21,-69,-43,-18,-21,52,-25,130,125,63,67,-40,-26,18,87,46,-13,38,159,33,-158,-117,-15,-29,79,176,100,194,111,36,92,101,-24,84,-46,62,114,158,45
160,44,-75,77,152,-11,-14,-97,-37,-43,23,89,-81,27,-44,5,-109,-23,145,42,-49,45,163,43,73,-65,45,-109,45,108,170,102,-75,4,76,62,48,211,-63,3,132,86,145,-43,160,26,130,175,51,121,50,-60,112,-128,42,-34,-181,-57,102,-11,110,-86,-3,13,-140,19,58,100,113,-12,39,49,17,5,104,-48,190,-89,14,210,174,81,49,-53,133,152,-18,112,112,129,84,7
32,3,87,-53,117,62,-132,23,-20,3,-18,52,-49,-7,-141,-71,14,155,172,167,56,12,126,113,110,-35,-68,94,86,59,138,148,-81,-56,128,101,120,221,36,76,86,2,48,-67,-84,63,34,-5,84,102,84,-127,-121,-20,92,45,96,8,-24,78,58,5,7,-18,-68,25,129,58,121,143,-124,7,66,-137,68,36,50,62,123,-34,100,64,-38,44,151,79,114,-45,57,-80,124,-32
-52,-25,127,47,94,26,13,71,244,-26,162,23,126,140,-73,-75,-6,70,-13,-78,3,-17,-60,-4,71,24,-26,7,-51,91,64,-100,64,-13,52,40,70,-18,62,19,-82,158,65,56,54,136,124,-52,-222,-65,-91,138,25,74,105,-13,1,50,-43,-88,-32,67,-53,-22,-47,-89,76,-160,-3,46,68,164,4,-31,-234,42,-73,50,30,-45,15,82,-184,62,54,88,59,17,71,-65,-214,-20
-46,170,6,164,58,115,-68,-18,19,65,102,9,-56,87,-16,6,-10,43,105,-35,-30,-64,-1,26,8,46,-26,-4,118,56,-48,122,-20,54,-42,38,86,186,103,121,-2,138,188,29,227,173,100,66,25,119,51,1,41,-109,244,57,27,-27,76,93,-176,32,37,158,65,46,42,-137,-19,57,22,5,-54,-33,-33,117,-48,131,-32,74,48,76,-11,94,0,114,35,-44,-1,-57,-61,21
142,16,-32,-46,117,-20,14,68,-100,-87,14,80,-30,121,102,30,33,49,120,107,-16,-66,17,42,16,117,69,138,22,32,-21,41,75,41,-4,-80,-6,-68,52,77,50,-98,-46,16,-6,-35,182,86,87,-7,68,-33,-86,-81,-9,-64,23,-1,-23,88,55,-5,-128,6,138,-135,-49,48,-33,-32,-115,-6,51,151,15,110,-57,-40,-92,137,84,-183,53,-107,13,59,29,95,-23,22,-4,-76
133,-89,-21,-52,53,114,-37,75,-55,70,-7,56,79,-16,129,19,34,13,207,42,2,105,25,-16,211,-82,72,43,-84,14,57,24,0,129,90,195,-20,192,126,-28,101,81,30,125,-46,56,43,168,131,-111,94,-94,188,-25,66,-9,165,151,13,12,-140,46,101,146,87,-53,-86,-30,124,-37,70,8,-11,65,179,23,14,-2,-61,146,109,111,30,18,142,152,35,26,78,49,51,31
-54,-37,100,77,129,-2,71,8,234,-116,-14,-4,6,116,60,-14,0,-50,15,127,118,10,-54,153,135,21,10,-86,162,93,21,69,-6,-56,136,93,117,154,66,14,155,55,270,-225,41,109,79,63,-124,125,68,50,184,161,-6,-118,32,65,63,233,-1,127,-96,63,73,-1,26,21,202,154,-127,8,125,-128,57,93,-53,30,96,-41,131,-86,-8,45,120,109,122,-65,-19,81,45,-91
20,-16,-83,125,-12,71,86,-30,-87,-36,-140,-71,-35,11,-33,-14,74,-123,17,9,-37,47,18,-42,5,-104,169,-106,43,42,-86,13,-102,-9,-1,-32,-65,43,-220,0,30,64,112,-25,129,-49,29,13,123,-9,-11,-21,-36,25,53,61,64,101,28,8,-28,38,-29,-86,11,-19,-35,-103,152,78,-7,102,34,-28,106,-70,147,76,55,-40,117,19,-63,124,91,77,32,125,120,71,-42,150
123,31,39,216,113,37,141,-59,31,92,-6,1,20,85,86,20,-114,131,47,198,-17,74,69,92,25,35,74,15,206,64,-21,112,180,25,-45,-113,104,-10,72,89,111,3,163,20,111,209,258,24,180,-1,27,-1,10,21,-5,-39,199,-55,-102,103,-10,-23,-40,-14,124,79,30,86,-10,99,103,67,42,103,242,203,-182,173,73,96,186,-81,28,24,42,-56,-10,-26,-83,146,18,238
-84,-111,77,-108,133,-63,52,-8,90,-143,77,-108,-42,223,137,47,-113,-28,-76,86,98,-83,-12,188,117,47,-210,173,213,-38,42,183,29,74,9,-72,1,4,53,25,-5,151,-138,115,-28,118,-80,102,36,204,7,90,146,138,-7,14,-106,28,62,104,132,-25,54,169,236,108,55,142,-34,42,88,56,41,23,15,76,51,142,-13,4,119,29,115,47,41,-28,16,-82,17,46,6,8
-68,-31,-93,-131,149,-55,-37,117,-119,11,-38,-165,11,-42,-103,-90,-14,-56,46,66,48,-80,94,143,-171,168,59,38,-13,21,-1,-59,89,-9,134,28,95,-32,-78,15,-61,83,-1,-60,-95,-96,-121,-29,18,-1,47,-52,14,10,144,-94,14,16,-49,49,-76,-14,-35,61,123,87,-5,99,-36,23,39,-28,57,38,-106,38,-43,60,42,78,-32,-47,-86,20,48,57,27,42,-6,-15,-152,-3
51,98,-30,-1,-9,-42,-64,-34,53,-12,-56,-37,1,84,-49,115,2,118,-5,-28,127,37,249,95,94,-61,59,-53,40,-7,147,-16,117,251,135,-15,-80,174,-67,58,63,20,116,3,23,-86,-72,70,68,146,-5,70,82,-4,51,44,-16,53,235,29,-62,125,26,172,133,99,-77,76,70,80,-46,-57,186,-10,97,5,140,104,-31,62,52,-67,93,61,168,169,7,50,1,-20,113,-85
4,133,-58,-16,-53,78,-38,130,84,76,72,25,71,-17,-5,-7,67,45,19,-74,27,46,-56,-40,30,-67,29,52,-57,75,31,103,69,-7,3,-25,-61,177,177,-2,83,-73,45,9,-90,9,72,49,-4,12,108,-60,206,-64,-44,-115,-37,-4,40,-52,70,34,-7,41,-49,151,-66,-108,201,-14,87,-84,52,-111,-75,-35,32,64,-43,33,-15,63,108,70,-28,111,-49,40,71,25,147,-45
138,31,7,103,9,111,40,-99,12,-35,-71,34,-40,97,112,7,-40,32,193,128,93,-60,-5,-38,-28,-46,65,-26,40,135,-67,27,-36,-32,91,23,-51,-18,99,-24,20,108,82,-65,155,13,-13,-19,-89,-74,124,128,-1,41,17,17,153,38,74,100,119,4,-141,-3,4,-190,39,-10,-27,176,-155,8,-31,-27,-4,176,-122,-8,-27,-79,78,-47,-9,-72,60,38,32,-29,34,17,23,-104
19,-21,41,-3,43,-24,30,59,-211,-26,27,61,-65,-53,34,99,41,-41,26,24,-41,-45,98,88,62,-122,126,-82,173,37,-10,234,87,40,56,37,-92,26,-35,55,-123,34,57,-7,95,-65,-146,142,104,60,131,-63,-96,-110,179,104,-72,87,130,156,10,31,208,117,167,-17,75,-4,-132,92,-72,-40,-168,-2,4,3,31,-36,17,26,-47,-75,90,-75,95,94,99,-58,-60,-44,43,-10
24,6,18,64,92,94,-37,-69,117,-63,-47,257,-29,82,110,80,1,126,75,-29,-49,73,40,-137,161,-25,128,-68,96,-130,65,-123,-35,217,3,53,-2,38,63,59,-3,-18,-19,89,99,152,-59,43,71,-4,38,126,73,-37,-35,-31,73,66,195,24,70,-67,113,104,55,-81,83,36,-78,157,97,3,-66,146,36,11,2,-125,-139,62,-64,35,110,-6,88,73,16,27,-30,-10,211,-81
-84,-9,1,105,11,-7,-8,-47,-151,77,-75,73,126,-148,-2,-81,50,91,50,-43,25,118,-2,-175,44,-69,95,-77,-122,-163,-104,-88,-75,-13,98,44,-63,1,25,42,8,115,107,86,30,45,-84,71,122,32,1,-44,-4,-68,41,-45,87,92,35,-40,-70,47,130,-56,-23,77,-190,86,-99,215,9,-70,-16,-51,168,-79,165,15,-46,103,63,165,-51,20,67,74,-90,-35,32,-40,129,0
5,93,102,122,21,20,-18,64,31,49,79,37,76,7,109,73,104,-9,-19,108,-55,25,-60,30,56,-171,216,-36,-38,9,-3,-32,-52,23,-55,12,91,-18,108,22,20,54,61,18,87,41,-55,122,10,25,-47,-136,57,-20,-21,141,-91,-97,111,96,-23,23,101,-49,-27,-28,-19,136,-64,-33,116,57,-30,20,43,-55,53,-86,-68,165,79,30,-17,92,-60,112,3,-75,45,3,24,-62
24,-97,-33,46,208,-97,-46,63,-76,-61,50,-76,15,-27,-12,-82,-102,28,-24,100,-54,-69,60,141,8,47,90,41,26,49,142,22,45,-151,155,99,18,-27,-145,114,-71,57,-98,101,-73,19,-223,80,111,18,-23,77,-10,15,109,9,-48,29,-16,-57,27,-28,63,131,19,-1,72,37,-47,13,-6,38,142,-162,50,40,78,61,-87,18,-48,104,53,22,70,133,-9,-99,100,-18,69,-118
-11,5,-75,0,-102,-64,-18,42,96,91,-6,-102,81,189,42,-26,8,-5,-162,46,118,22,21,58,-174,87,-196,129,2,-78,34,192,0,9,29,-101,-157,11,2,-85,-6,-89,-119,-18,50,124,158,-13,-63,-76,-4,27,166,-29,49,23,-7,17,-47,-89,34,124,-100,-22,87,78,-82,-269,-3,-81,-38,11,-18,65,-69,30,-27,-3,-163,-193,-38,-148,-66,0,-125,92,-8,83,12,-14,-57,-35
