-92,139,-33,-35,-70,-2,116,90,90,-36,52,42,-11,-34,-61,-67,-37,123,-33,33,22,67,105,-111,-16,-48,-18,120,-63,-51,-37,-37,81,44,28,47,19,116,-125,43,17,140,38,120,24,-71,39,-12,-90,-3,120,133,-116,73,-134,31,-105,13,-88,63,-3,-10,-103,-11,-93,-4
43,15,-6,41,-59,20,-21,89,94,43,110,49,-9,-19,27,68,-62,11,55,20,-122,59,113,50,-115,57,195,127,-44,45,40,55,-24,89,30,49,-21,13,-7,66,-69,44,25,101,82,-34,-1,89,5,-47,-23,-5,62,-7,-4,40,123,10,227,104,183,73,3,-10,0,66
140,-47,19,106,-64,41,-66,117,39,27,3,-52,122,94,-2,39,-115,133,14,169,-81,48,74,87,-23,37,-35,-46,-1,81,113,-42,-130,3,6,12,43,110,-121,56,90,35,-57,13,-35,1,124,-12,65,6,-1,-30,-91,-46,-1,-11,-2,55,-22,118,30,16,-57,97,-92,75
15,54,-76,-2,-81,-31,10,-52,122,-95,68,-36,35,38,3,-56,-120,41,8,57,15,68,7,76,41,-11,-25,96,58,117,82,6,33,20,-36,14,6,52,-48,48,2,16,21,-5,98,-3,18,-10,-3,-89,72,-132,-37,33,70,34,7,-105,-17,161,69,149,-84,-147,-17,-4
55,47,106,53,-121,67,-103,22,-55,11,-79,-142,27,53,52,-13,32,-23,53,23,-45,-7,66,71,32,51,-3,-172,9,84,106,17,-49,-22,-208,-6,10,-61,-56,-41,-97,-5,1,30,-54,49,129,-8,122,-25,61,25,-12,-23,56,45,84,-6,115,82,18,13,23,-8,-32,133
58,74,13,57,77,42,3,87,128,-46,16,-96,98,-8,28,42,92,-59,-76,-26,52,60,29,31,59,3,-21,82,93,33,76,23,46,-77,131,-38,-55,-40,-9,79,40,65,82,7,-33,36,-101,96,-91,-64,6,40,-1,102,117,102,121,-5,-32,43,73,11,72,63,-75,11
-35,20,55,17,-68,-61,41,-18,25,-62,27,-97,-188,-79,-87,76,82,-34,25,29,36,43,57,36,28,32,20,-9,13,70,-110,-2,-8,32,5,83,72,-93,90,-43,20,-20,38,-9,-27,55,119,51,38,-1,-53,-8,-66,123,27,98,37,150,108,41,-6,-113,-5,-21,98,-25
123,98,163,48,73,-69,-33,-53,-70,44,25,-35,-142,105,5,-15,99,-26,-8,40,56,-8,-64,105,-12,151,-68,-89,38,84,-48,8,46,113,-15,-63,15,-10,119,-79,-15,-14,-24,8,92,19,133,86,93,89,-37,-27,-38,-31,50,-45,-28,37,-28,-25,-35,-63,99,82,7,65
-7,8,9,93,-68,120,131,56,-63,-55,-14,57,-84,-97,1,12,-63,84,33,59,-31,36,12,-10,89,24,96,-3,47,-2,-8,68,27,101,35,92,-38,-3,-45,98,102,-107,75,-6,-57,-54,-83,56,96,-25,33,103,62,-23,29,22,91,-3,105,-62,78,3,-126,4,87,-100
17,-114,22,13,-66,-134,-37,79,162,-18,-3,30,35,196,91,-10,35,105,15,62,86,47,79,131,-60,-1,69,-30,8,28,13,-25,33,-38,-18,1,21,-75,-51,20,54,15,-42,-62,-36,51,24,54,46,-128,-27,-106,58,108,40,36,-21,-77,2,116,5,39,-33,41,73,112
230,23,3,62,3,-43,3,63,95,-77,3,23,48,50,39,-40,-19,103,-63,78,131,-41,87,79,-38,54,-33,27,79,-98,-68,40,177,45,48,-2,-68,36,-36,77,179,-67,83,20,42,79,-55,131,-86,-105,125,-56,39,21,110,43,89,4,122,59,203,33,102,97,-90,95
-93,-105,57,1,-13,63,-25,10,110,61,76,138,58,77,49,29,9,-35,-55,36,22,-34,70,38,-36,-44,110,99,-10,4,25,34,68,15,15,102,-6,-196,40,66,-28,9,-184,31,84,109,-64,-20,-37,-144,-58,19,0,28,-35,107,121,-91,105,-82,36,114,-20,75,42,113
81,-59,-5,135,-37,-9,-33,45,-133,10,4,25,-62,171,29,-54,-16,55,-26,27,2,-69,38,45,63,63,141,-36,58,29,28,21,42,-47,49,-7,-114,38,29,-30,35,28,89,-35,-40,-82,116,-4,88,68,-40,-70,95,2,85,-116,-22,47,100,4,7,-52,-42,-105,-64,169
94,66,112,31,19,-48,96,75,36,-134,-39,59,-77,-77,0,27,55,100,1,46,52,-56,19,178,-8,16,-23,-81,-39,-16,-48,-75,-121,23,-5,-8,72,-13,-78,113,143,2,53,143,62,-42,-66,195,84,52,142,49,-53,2,88,-78,74,30,13,106,91,-42,40,134,102,-23
213,105,-14,40,-121,-45,-33,46,212,-84,85,37,40,212,1,-10,45,70,-57,31,50,-14,27,40,0,-6,-43,67,-24,43,29,108,96,55,-106,15,-68,-36,58,0,-73,86,6,101,66,28,8,-16,16,-74,97,-36,80,94,35,68,56,-96,42,55,46,54,84,22,-3,128
29,-5,100,50,79,112,-18,8,111,-26,52,88,-148,-27,-78,83,31,-121,71,-29,-28,86,-55,-14,44,35,17,-36,151,39,-106,43,-27,-43,104,-34,15,-28,35,38,90,-20,106,-75,-20,-47,-145,21,-62,49,-45,50,-29,-3,-31,-24,-189,4,-44,-60,-39,-47,-22,-8,163,35
68,-11,88,9,65,-68,-114,10,-42,22,-101,8,57,-46,13,28,151,-35,-42,-45,7,-61,-43,-22,-141,21,-19,-48,26,35,-40,-76,-40,25,41,-61,-118,-79,-1,55,-123,-55,104,92,50,-6,-47,-2,23,50,96,59,51,-137,22,-15,193,-2,129,-75,241,-54,-5,65,-21,-37
-80,-66,-118,-58,-11,-11,-84,53,104,-44,-26,43,-17,160,100,37,-83,-35,85,-22,110,55,104,93,-44,-4,85,-96,100,91,24,19,-25,-61,31,11,-7,49,-53,-88,-76,165,-1,37,15,50,-35,-36,-17,-66,-33,24,-83,26,26,-15,50,44,84,39,44,118,-112,-9,-2,58
54,20,20,106,5,-39,0,-73,66,91,134,-17,7,117,-16,28,8,23,124,59,-21,78,13,38,-116,77,-34,76,19,78,-85,0,48,-34,-68,32,73,-35,15,-37,-25,77,-34,59,30,-15,30,70,-45,-77,-93,-184,57,4,73,55,-35,-36,-44,118,-18,-33,84,16,-80,126
72,-64,60,-33,31,37,-51,178,19,-94,-110,30,139,0,56,18,98,60,-159,-19,18,-35,-24,158,5,-133,34,-90,-81,15,-14,3,-96,-68,112,-65,37,-13,-76,41,-15,22,71,-9,-41,-16,-52,30,41,-61,57,98,131,89,10,-52,49,-174,36,42,40,-100,141,76,59,-35
20,35,8,41,-86,-48,107,76,-10,47,29,-12,-27,142,74,-79,30,118,-45,45,26,13,-75,28,13,33,-38,29,-53,-31,112,-85,55,31,-95,192,-73,15,-9,44,-80,-57,5,224,112,-60,29,-22,11,44,73,18,-84,-19,5,99,121,-35,65,-27,34,2,-12,35,-25,-56
-44,-17,47,-54,60,26,-27,3,82,-17,59,39,66,65,34,86,-35,104,16,78,45,33,-89,159,-87,-27,16,-93,158,31,47,75,-6,-58,119,-14,37,69,97,-33,-59,11,-14,104,-10,-21,60,-10,140,-84,-129,48,-52,62,19,59,180,-4,35,191,-17,152,10,-29,157,87
55,18,126,143,22,-35,14,-36,149,-4,31,15,117,115,209,80,31,29,115,144,172,80,101,106,-47,35,109,65,82,138,120,15,111,-80,-13,-67,-36,59,23,-12,10,139,66,-26,-38,12,49,-112,0,-31,-87,17,-30,-48,78,76,101,8,49,143,108,93,-13,38,16,76
208,33,145,-69,2,31,-43,11,100,1,27,47,53,188,-55,29,57,78,56,44,217,54,40,25,47,53,97,-61,93,-13,39,18,82,145,157,-28,-89,133,66,-16,90,-19,138,-8,3,23,-7,54,-34,14,43,44,70,113,-24,-44,6,-66,57,70,135,39,136,51,66,108
9,-83,73,10,73,11,-110,46,23,59,14,29,3,52,-20,37,41,-1,38,46,-27,34,100,63,32,30,-48,-68,60,65,77,17,-92,-27,41,-60,31,54,-41,48,2,152,29,-122,-144,-45,134,-57,9,31,-75,8,-106,-8,20,-32,-31,92,-102,11,-53,-44,-3,18,-49,147
117,-117,-2,-1,-20,82,20,-5,23,-20,106,31,81,-64,-200,-59,-46,30,61,73,1,92,109,-5,4,106,38,132,115,-13,-71,84,47,79,-64,-40,-13,-7,-22,2,170,-8,-8,45,138,70,-80,99,-50,-85,-67,57,55,-67,5,133,61,38,130,72,87,-55,52,111,-124,56
-73,78,-4,-86,-53,26,51,23,9,-76,81,-26,-52,-10,51,54,-73,87,98,41,-27,-32,114,-25,35,-53,116,40,108,-93,29,17,16,3,22,0,4,141,4,25,53,-23,53,53,44,54,-10,32,-164,-49,-49,-6,-68,26,-2,142,59,72,64,-28,54,68,-77,-18,14,-99
171,-30,145,5,35,14,-4,63,-84,-77,-63,177,63,135,-32,70,56,-82,85,177,111,31,-43,59,78,-40,45,-139,51,-54,110,-23,19,-134,175,-41,110,114,23,-9,90,-75,-70,-72,4,-102,-115,18,-5,-82,-126,-187,71,-7,-108,-82,-61,51,14,-42,43,14,-2,18,59,81
81,23,-6,70,77,16,30,71,-75,-5,43,-19,-18,98,137,40,27,68,-64,-26,-72,-71,48,13,-68,17,150,-74,-52,-4,41,-53,-67,-27,51,-106,24,60,-62,-20,54,125,27,-23,20,-137,-39,15,5,86,-56,-63,81,-41,-38,-21,-17,92,-33,40,77,23,-99,-12,-57,-19
14,-58,-32,110,59,64,-87,10,-37,82,-44,50,100,-46,-116,-109,20,40,-22,-17,-22,5,-54,-89,10,-67,-90,-49,-8,-2,-64,-28,31,-59,-83,57,30,-87,-119,-58,-133,-9,-131,11,-27,-79,-91,-98,42,-114,28,-18,102,-160,-109,55,0,-115,58,-91,29,16,-49,67,-52,112
-33,-4,43,12,-19,63,-32,-47,-57,32,-18,-24,-79,-86,-49,99,-38,-38,52,31,-13,36,5,42,-15,6,-61,-20,-78,13,2,-18,-61,-15,-52,77,2,-110,-44,23,-95,25,-112,-53,67,-26,7,-70,-97,55,6,-43,-46,9,-6,-27,-29,-43,-10,33,55,9,5,-9,-9,-32
23,-125,20,-35,26,-85,37,-16,-13,-1,32,65,-38,-4,33,2,119,-69,32,112,-115,-111,68,9,-13,-32,66,7,-186,-60,-98,-161,24,-26,3,-10,103,-66,2,125,188,-8,-139,31,124,-3,-89,34,0,55,-69,-154,-63,3,-52,83,-38,82,-126,-23,33,-80,86,79,-64,-59
47,47,45,46,-119,-1,25,154,74,-21,-27,-16,-52,104,-26,24,102,26,68,104,71,69,65,35,76,42,38,-1,-14,37,172,-47,56,-24,126,85,-35,20,-40,-7,145,-37,-3,34,0,49,-13,75,30,65,-165,-7,33,137,14,69,-101,-37,-37,20,76,-49,22,96,64,3
32,-31,-56,8,55,6,6,-39,77,60,118,-6,115,-64,-53,32,-39,60,22,2,-102,-6,89,-116,49,-15,39,30,-137,8,4,58,-28,51,70,-75,79,72,41,-83,-85,80,59,-15,-12,-152,66,-153,89,-56,-17,22,51,-139,-1,-40,-46,14,62,-68,-34,82,-70,-49,-2,-6
188,-98,58,-116,59,41,-131,64,118,29,-43,-99,22,58,-80,-44,122,-98,63,-84,5,80,134,13,53,-3,-8,0,-63,-21,123,56,78,49,-32,-12,-108,-80,14,-8,-56,-27,-89,78,68,16,38,38,-31,3,-27,30,74,-16,-49,9,129,-64,92,-38,18,-22,126,192,-152,52
116,-83,19,11,-106,-96,83,154,-54,-47,-43,38,10,120,91,84,61,59,17,29,77,17,138,110,-57,10,24,-26,-114,-74,139,42,-106,21,-66,-5,13,24,-59,-25,124,97,-41,-39,68,-75,77,-196,22,35,-38,53,8,-45,20,-122,88,-42,47,-1,18,-64,46,144,43,33
11,-32,51,28,47,-85,-85,84,106,-24,-84,-64,-20,156,69,-47,78,-38,-26,28,145,8,73,61,23,45,93,18,112,26,101,61,43,-2,-10,4,-99,-47,43,-11,53,51,60,-41,-1,171,59,13,87,41,-93,94,11,87,83,141,60,48,94,-40,27,-61,26,38,-67,98
77,130,-32,49,66,23,112,37,157,24,53,-10,-23,47,144,-209,-33,-3,-118,-27,-22,-3,12,62,-32,-58,11,55,79,15,115,-59,40,41,-26,55,-36,-58,-21,69,36,-28,-45,30,85,78,-10,110,5,-54,25,15,-54,104,-27,204,69,16,-58,94,26,52,-53,85,-76,-31
8,-8,86,55,70,43,-25,-12,43,26,7,121,-39,200,69,-11,-11,-99,-54,41,78,79,39,208,-45,79,46,-55,-14,187,20,47,64,-15,-9,-28,-22,-230,-72,93,-3,110,14,-112,-41,38,-45,129,172,-29,42,68,89,3,137,-36,-8,12,41,-19,52,51,-125,-49,8,11
214,-12,58,77,17,-97,24,98,11,-32,-4,47,149,62,10,70,111,133,-13,168,171,13,75,147,65,122,-69,-21,50,86,7,73,-16,-73,109,-122,40,29,73,-132,118,116,80,27,26,-50,-48,88,22,-135,98,-64,88,-97,172,-131,95,58,39,22,74,39,115,153,-4,242
58,-15,111,27,81,78,-8,87,58,-146,8,88,-77,129,-38,-45,-41,78,-11,5,-30,-47,5,-20,78,-140,40,-91,33,-42,-32,27,123,51,21,-11,52,74,30,95,150,62,72,3,-69,-77,38,-28,-3,95,0,27,2,146,-110,-7,-61,-158,-71,55,-71,79,-4,3,-48,105
6,-16,87,13,12,51,62,1,131,-18,-8,-60,-45,-39,-13,-91,101,-34,30,-106,119,46,74,33,67,87,86,-24,81,39,7,-20,-12,69,116,95,-97,110,-58,27,85,-87,169,-78,7,88,29,56,-24,72,-7,48,54,27,-1,55,5,-26,117,-35,-7,-229,6,-37,15,45
20,-59,81,-24,-32,101,-44,43,79,88,65,100,-20,114,-27,13,-6,-30,54,-8,54,68,-88,103,-61,79,35,-5,80,5,46,55,59,12,53,31,-26,4,-73,38,151,-106,-140,-174,91,121,-29,71,11,54,-67,-11,151,10,26,93,6,-101,-10,4,36,-56,4,51,119,79
26,115,43,89,-18,186,-58,90,106,39,35,-56,-24,8,-54,-8,84,28,-74,-58,37,80,4,39,89,26,9,18,110,67,35,63,55,38,102,60,-116,1,16,-18,-65,19,26,62,-33,56,-19,49,95,-21,-11,100,15,108,33,90,54,-101,10,91,29,70,141,35,36,62
-41,-37,113,125,43,86,10,-23,16,-10,106,120,-5,-23,-149,141,136,43,78,59,-11,104,138,34,102,-55,-5,20,-13,148,38,29,0,80,89,64,-17,14,3,23,-9,162,107,40,-68,-14,87,-114,-26,111,-86,130,-162,12,57,98,59,22,106,-26,-48,-20,3,55,49,31
43,134,90,41,-11,-72,42,-11,-6,-92,70,-135,-9,14,22,126,149,32,-2,27,-45,-16,-23,-55,55,67,-51,-104,-12,16,192,61,22,66,18,-11,57,96,80,-25,-17,-45,104,31,0,-87,78,32,-25,23,2,-25,-6,148,5,20,111,-65,19,61,-93,49,-18,-76,46,-12
57,-70,68,54,80,-48,64,36,-71,160,-13,143,-56,44,44,66,69,-24,57,127,-130,42,-15,18,6,74,-22,-76,5,-99,9,10,-112,-20,109,-60,27,40,154,74,6,-35,15,76,-138,-56,67,-23,69,49,-51,-21,-95,-28,22,12,-26,91,-87,11,-76,-31,137,85,24,71
93,98,114,79,67,134,92,-50,-18,-118,32,-68,25,63,54,0,17,-23,72,43,88,46,44,74,-60,-78,23,-98,119,68,37,-103,54,-69,9,-76,8,35,97,-60,7,69,27,-2,22,-24,38,34,138,7,2,9,58,-119,-47,-89,37,42,-3,56,2,58,-43,44,35,-23
-52,-95,40,71,48,52,88,79,57,59,32,150,-19,234,42,-72,59,49,37,5,122,2,85,51,-29,24,-9,-45,-53,8,127,48,101,-3,66,8,-7,12,-46,10,84,107,56,1,-119,-196,-72,35,152,-48,-111,51,131,6,6,-78,50,-14,-19,-4,-137,33,11,52,-6,155
-84,-1,8,30,26,29,-57,-22,-181,1,-151,-52,95,-70,30,4,-73,31,19,0,-50,-57,-46,16,63,62,-118,-87,-198,-26,57,13,-6,-27,4,-49,199,-7,-31,30,57,-127,-34,-43,-158,22,-41,87,124,70,-91,-53,53,-120,144,42,-30,-152,19,-42,-46,101,38,73,8,-128
150,-21,39,-47,-10,158,7,-136,133,-115,141,92,15,16,-106,-20,-61,32,123,29,-35,71,126,64,43,21,99,118,-41,37,8,78,53,55,-57,-79,55,3,-44,123,109,-10,21,-24,39,-39,2,56,125,128,-83,-58,148,-46,9,107,-16,-83,25,130,-9,66,-54,-19,47,29
39,40,-70,-73,13,-13,-1,-60,-14,-3,83,42,-23,113,69,-10,12,70,-67,-56,-112,-147,117,95,-70,6,22,101,-101,-35,66,18,-43,149,-78,-68,-32,11,-87,51,42,116,-93,67,86,-47,148,3,186,51,-6,36,6,20,36,67,151,-32,-56,27,-9,-45,-66,55,-56,40
2,6,86,-22,-59,-59,-89,9,-28,-54,-78,16,-1,35,62,48,46,1,21,-47,156,-162,-13,25,115,-3,88,-36,-87,82,75,26,64,3,29,35,-58,-2,-130,5,153,-21,-87,-90,-37,-4,53,-4,31,141,-210,54,60,23,14,6,-37,0,111,-110,52,-57,-118,25,39,59
125,34,2,42,57,-21,-15,78,-131,-67,-52,35,-20,208,92,-66,-14,123,38,4,160,25,-77,236,9,50,31,-190,93,-51,15,-146,45,-44,0,-13,-16,69,10,-121,49,-2,54,10,-95,-1,136,41,145,82,18,29,47,20,112,-61,-52,-55,-44,-36,45,-13,127,2,142,-36
23,-18,11,107,95,-85,1,-141,-29,35,30,15,9,152,49,61,49,52,80,-62,89,15,22,129,-59,110,-19,-23,-25,101,-15,84,-9,-25,23,-80,-23,29,-101,-25,-29,68,162,61,-59,-54,37,-9,85,-30,-83,-18,20,-111,166,-15,23,-55,42,-19,35,-33,-95,-59,63,-81
131,43,-17,15,72,-30,28,189,134,18,11,-2,-39,117,-13,36,114,25,-68,-13,-45,17,89,-74,60,-4,-18,-55,-66,1,-25,79,-6,67,96,-67,15,15,-5,-16,78,11,73,20,60,-12,-104,-7,-56,110,-46,6,22,72,15,123,-35,-55,8,-62,-50,10,82,84,-43,29
120,27,85,112,33,-51,69,15,91,-114,11,34,-52,-7,8,3,56,-4,4,20,163,36,54,33,93,39,-6,29,1,51,-60,10,86,-33,80,46,55,22,61,-14,38,26,89,82,0,-72,29,-38,-10,-75,37,44,13,-35,-20,-56,-20,-62,85,-4,114,28,-40,48,76,106
162,71,-15,26,62,15,-1,-76,-49,-32,24,94,110,93,67,62,-3,49,38,59,96,-94,96,-33,-41,-87,62,-52,3,-120,-10,-3,36,7,63,-36,68,112,-13,-11,62,136,-6,-13,38,-130,29,-130,-70,-60,23,-22,9,-4,-36,-2,43,103,-7,18,168,10,-31,16,25,66
-40,-67,-11,42,-8,48,-136,44,-47,202,-114,44,17,15,87,-158,-43,-130,3,27,-44,-35,64,-47,-57,46,33,-63,22,101,75,27,-128,33,-24,-49,4,13,-40,-24,-33,-32,-219,-115,57,91,55,-62,45,8,5,73,108,-59,-72,65,76,60,-93,49,74,-42,16,74,-17,75
67,-38,-9,-39,1,20,3,168,145,75,-20,132,34,172,140,-55,-49,4,-7,71,54,69,34,86,-77,61,23,99,79,53,13,141,-19,31,22,-7,-132,-53,-2,113,-72,81,69,6,-73,59,-29,-12,41,-122,-51,113,53,-48,84,50,31,-28,-7,-100,64,-45,33,66,-129,17
206,56,80,45,32,76,69,110,108,-4,54,16,98,36,26,-30,26,23,48,33,88,55,127,8,68,89,183,65,-10,18,37,-4,48,157,18,25,-67,13,57,-13,7,67,119,-11,25,85,10,3,-32,42,65,78,-60,4,58,-25,124,52,104,-5,39,37,147,143,-109,129
49,-11,48,-146,-5,-57,-59,19,16,-39,12,-51,44,-6,-25,5,6,-95,61,42,34,12,-113,-11,-85,92,-23,-13,40,-8,41,42,40,-3,70,-47,27,93,29,42,123,-61,9,-76,157,7,-84,135,-126,61,11,-5,137,47,23,-41,6,18,-7,45,19,-125,88,30,-67,73
98,20,-44,-112,-20,-77,45,77,157,-69,3,-2,-91,128,-22,62,14,43,50,110,77,88,84,129,48,-94,67,0,93,29,25,6,-87,5,19,-41,-29,-57,-3,86,100,158,-64,103,19,2,8,85,-26,-82,12,65,-90,232,-21,101,-34,30,-118,100,76,-14,5,41,-10,10
97,112,36,33,0,26,174,88,23,-9,-10,-28,10,-14,62,10,-74,-41,-26,193,-1,49,-48,3,0,49,-7,-81,16,-2,-39,79,18,-74,126,-35,97,21,37,48,95,-79,53,-15,30,-65,-97,25,40,-89,55,-5,26,-26,-4,-84,12,182,68,16,-16,38,42,16,-3,46
273,53,-3,-126,-51,126,110,112,98,-12,28,106,0,159,91,-13,12,1,-33,82,56,57,86,125,20,12,89,33,7,-34,67,28,60,73,4,-36,-83,45,-21,87,123,-15,130,28,22,29,-49,55,43,-5,82,27,-51,60,14,16,13,51,-19,58,72,50,157,-49,-46,2
-28,21,51,-24,107,-42,-41,-61,-136,13,60,3,-66,122,98,164,-107,77,-9,-35,-74,-107,-147,22,-131,52,-6,-25,-31,-112,6,-59,-47,-7,-67,-59,43,70,48,-70,-36,38,65,25,31,-104,-33,-146,-90,61,-21,-15,-128,-33,-33,-42,3,7,-61,-18,66,122,-14,-81,66,-121
110,59,-79,-43,-130,2,-68,-53,101,-69,-42,89,106,-24,-58,22,-56,0
