-14,53,-95,31,27,126,63,58,-62,-147,-52,77,-152,-10,61,1,-21,177,-65,-60,64,-39,189,18,31,-164,138,40,-94,-3,-74,-17,-22,-3,-41,4,47,76,-9,76,-107,88,56,60,-116,14,-8,-136,13,-36,28,12,-79,68,44,-61,-86,-51,46,-7,14,-11,34,-80,151,-177,51,80,99,135,80,-7,65,64,100,5,-41,-72,-11,-154,13,-15,73,89,-51,19,-75,80,51,-99,-48
34,157,-9,-49,-37,27,142,-134,-105,88,13,152,-101,-78,75,27,-71,32,-26,47,38,-177,-34,10,65,22,118,33,-8,93,-68,-42,5,117,-105,78,-27,-158,-46,-100,124,30,-69,88,70,89,-15,-34,67,-45,97,-6,74,118,-41,-21,-45,-23,61,20,-38,52,20,-43,60,-146,-65,10,70,102,-85,-30,158,69,77,54,-25,25,63,94,59,11,36,110,-144,55,-42,-83,71,99,-6
76,-110,42,105,-36,149,-60,26,24,-81,-15,-33,131,-58,-11,33,-22,-48,-96,90,-95,-49,-2,143,51,-99,61,68,-2,56,5,16,-103,77,-3,114,113,82,109,171,-95,-4,-94,9,-16,0,-56,54,-62,139,11,110,5,-126,77,-3,-88,52,-9,-11,225,19,74,62,41,16,1,-28,-29,-75,37,162,-64,65,-59,60,124,27,-29,73,43,30,-17,50,-74,62,-13,33,56,-29,-32
1,-125,-145,-44,70,37,-13,55,110,156,37,-23,88,183,-29,64,-98,18,6,120,81,95,53,19,31,-22,31,56,-101,-10,-159,-21,-35,-34,-28,17,157,50,56,42,-77,168,-52,45,2,-15,53,-13,39,-22,23,45,-92,-42,26,-80,27,54,112,64,-6,1,31,118,67,31,143,18,80,29,87,-28,79,-14,-13,-107,56,104,13,42,30,155,-36,-19,118,-90,116,224,-92,-102,-59
70,-69,153,91,90,20,96,13,46,-1,-65,-74,72,53,31,-32,92,0,207,-1,-55,-93,136,119,26,-130,-20,96,8,-28,4,53,159,-16,39,-109,36,182,127,50,87,166,38,182,92,95,282,82,63,63,64,40,83,-21,100,155,172,-73,-22,-24,91,3,79,73,148,-2,46,7,67,87,34,74,-133,144,-14,47,117,118,94,37,18,60,2,22,-2,97,14,98,-54,-45,7
126,91,-4,-102,76,-101,63,-155,26,37,-19,9,81,106,107,-24,124,-17,-30,42,-48,-30,103,95,-76,-1,12,-47,0,33,5,112,33,38,154,31,-72,-27,45,-27,-22,77,56,-3,27,-88,17,35,101,55,10,-154,-14,-104,-22,6,100,-67,-55,-13,-71,-1,-38,3,-40,107,73,-109,56,11,-94,-10,35,2,147,27,9,-24,87,36,0,86,35,-42,-10,113,42,-66,209,-199,-20
104,-2,298,46,61,82,59,250,40,-83,13,-56,65,61,44,-46,108,-28,91,-47,-73,-72,-41,144,16,48,-59,52,110,27,70,91,-56,10,92,41,123,50,77,88,-101,-80,123,47,110,-14,79,-9,7,101,81,-22,55,-80,93,-8,144,-1,-63,6,191,-57,57,-33,83,46,-80,-82,58,67,11,35,-82,-61,-9,94,-49,168,-39,-22,28,-55,17,-165,-10,144,-113,67,-76,65,22
-128,-20,-14,-53,-72,70,77,-9,81,68,130,48,-29,78,-44,41,-59,-45,-54,66,68,185,49,-26,107,98,98,-99,-117,52,26,3,1,134,53,91,-6,54,-7,-171,146,-95,-28,-140,136,35,-91,-98,26,-28,135,57,41,-101,-174,-84,8,34,64,19,-113,86,57,8,50,28,-53,-11,-90,96,62,-36,154,187,-17,90,84,-84,50,-78,26,27,-28,232,-127,-53,26,8,-47,27,10
1,51,1,-21,-27,117,40,-68,-11,38,-23,80,14,-91,164,-7,-23,9,-8,14,33,-27,-181,-41,40,47,-75,-85,67,61,58,-123,6,-11,46,196,63,95,102,11,115,22,56,-30,-101,30,170,71,122,190,-4,45,56,33,82,23,0,-88,27,-74,101,-23,199,220,-124,146,-20,180,-33,-136,50,-97,59,-96,-43,83,60,92,-1,50,44,-16,26,-17,-19,-109,2,78,139,77,40
126,-48,-29,-1,239,-3,140,-13,-63,185,92,169,57,161,29,-13,15,-4,82,10,52,-64,-39,44,92,107,-33,48,0,120,72,40,-18,-5,-60,113,61,-39,-105,-45,6,106,-57,5,67,61,47,136,196,-65,78,-53,-3,24,-45,11,163,48,-50,53,99,58,49,74,-8,0,22,-1,128,87,73,3,102,108,25,27,51,40,-32,175,102,149,142,61,-71,102,211,62,-58,48,26
33,27,-11,83,15,3,-113,-97,108,-12,51,-60,-30,65,-28,50,88,-109,140,12,124,93,-147,85,91,-4,-42,76,48,-152,53,93,97,-97,18,8,101,-12,-105,31,-36,40,-17,-14,127,-9,60,-64,51,37,73,60,-193,-91,-76,-120,-41,9,-32,156,59,-77,56,71,-72,37,71,-46,-42,-46,36,104,13,64,19,20,30,90,1,51,155,-8,-12,1,-50,84,26,172,29,88,-51
-88,12,114,-167,-27,83,139,28,38,-49,21,22,92,179,118,59,87,-36,-44,-76,57,203,46,-56,45,-10,-74,-56,-58,-9,81,70,62,-144,-47,-164,108,107,-115,-57,-11,114,71,39,57,-110,-45,27,-27,-20,74,35,-23,-25,-6,109,18,44,0,-17,-44,-80,81,138,44,146,1,55,-32,25,-89,-6,101,-76,-85,190,95,-62,-111,50,-79,10,-21,42,-72,-81,61,-26,24,-94,25
-46,52,-8,-59,44,110,-11,-123,3,-79,-30,24,-26,32,112,-74,-126,61,-13,89,72,63,90,-68,90,135,-35,78,70,-31,74,-53,59,188,-11,-12,100,131,-34,-99,4,89,43,75,31,156,-2,-62,65,69,34,24,41,63,-20,164,53,-38,11,4,11,-24,25,54,-100,180,138,124,-30,5,70,-62,-24,50,124,73,99,11,71,57,6,-58,10,88,-111,78,-51,-95,45,-104,63
38,40,-9,61,136,-29,63,4,20,94,53,-28,26,16,26,105,4,-27,112,-5,67,-22,45,75,58,196,-102,-7,-21,-24,-43,11,-5,177,132,191,133,110,34,120,63,-90,81,-33,0,21,168,84,133,-23,-38,89,-124,14,-201,54,164,-3,-20,254,179,-66,54,37,70,73,217,120,-10,107,70,-22,99,107,86,220,87,119,-11,17,60,46,33,28,-52,-47,121,-10,20,67,10
-48,-96,-61,-15,110,133,35,63,-46,-49,-18,83,-12,-39,63,-5,28,-74,72,3,75,-43,54,213,-48,11,-59,87,80,34,14,209,182,24,62,123,15,101,218,76,91,-61,69,51,121,36,133,25,106,113,-24,98,106,96,120,-101,39,74,-45,-21,125,13,139,41,170,167,65,44,156,62,3,11,53,57,49,37,-113,54,109,66,99,-45,48,29,123,26,-26,230,-27,-31,71
157,46,-8,-44,6,103,90,-136,-35,18,168,42,195,228,163,32,-36,205,-77,8,3,-36,46,-38,162,31,127,29,17,135,136,-115,-38,120,111,117,110,70,87,185,93,66,-104,69,38,79,96,-189,32,83,9,40,135,98,-8,96,97,97,96,93,115,24,107,-87,46,-55,-109,239,110,20,62,24,238,-22,135,45,125,-30,116,4,11,187,-14,-5,-118,19,60,35,97,41,98
58,-159,-18,59,101,115,-81,-90,-105,-84,-143,-10,7,0,82,-16,88,-47,-86,-116,-57,-97,69,-37,-97,-81,-24,149,-99,174,-23,19,-68,67,-57,68,96,104,131,182,-123,60,-46,-75,33,-77,20,-67,-12,109,-112,42,16,-90,58,55,43,61,-35,-91,128,14,42,-106,-9,-115,107,161,58,-55,-26,76,94,87,-44,38,-150,-96,224,-96,38,42,-224,106,27,70,58,28,38,3,187
22,-79,5,23,100,91,230,18,1,-20,-32,115,75,147,35,107,104,-36,52,-52,59,-27,152,112,134,-24,32,121,37,-94,-45,46,-34,-173,42,7,-88,-27,242,53,10,17,70,-66,21,15,129,-22,-42,-17,43,30,-62,-110,-50,3,16,56,114,48,40,39,132,-32,129,-96,44,-11,5,-31,52,75,-1,146,-13,113,49,138,20,0,60,-13,68,-66,-50,59,-24,103,18,101,16
96,-18,16,158,18,59,122,-1,41,66,80,16,120,49,36,143,-38,-30,163,23,-102,58,144,-54,130,40,-43,-32,85,-36,51,21,-59,86,-36,75,14,46,50,-12,94,-104,-27,-40,52,61,100,50,-63,16,-67,50,167,-18,-39,21,-37,57,52,-37,92,58,-52,-146,67,-114,-8,128,-63,-32,28,43,27,173,141,8,55,-65,95,-78,6,26,224,-28,-41,40,-43,-48,-78,158,142
-38,94,-13,-72,83,-55,118,106,-5,57,-113,19,152,-52,-2,-108,-115,2,-28,16,49,-59,18,30,28,77,-69,166,81,-23,-142,-105,-55,16,-17,-135,-23,-103,78,-30,45,87,-54,-105,2,122,10,-17,20,41,84,54,23,-52,59,-22,23,-11,-39,60,60,-39,12,53,62,-194,71,-1,33,137,-8,-28,-6,13,16,-70,206,6,-39,-70,22,11,-20,-60,3,95,-90,43,-138,15,61
-128,67,36,108,165,-119,47,24,-68,72,-37,36,202,22,75,-44,-79,34,113,93,55,-8,21,-22,142,173,-116,109,76,31,81,-54,112,33,20,100,-56,113,-85,82,64,-48,-22,-7,-56,18,77,30,52,112,93,-33,-50,-88,-79,127,222,-4,-200,117,98,-30,116,-2,-72,2,42,161,41,-87,95,-62,32,10,100,75,144,-68,108,-59,25,-114,26,47,-33,-52,111,-23,-33,210,86
-22,-61,54,-123,-1,44,97,111,50,-64,-11,-84,37,-10,46,-146,98,50,-74,94,-157,-13,-42,102,-54,9,33,115,119,146,-25,4,-16,-49,34,18,17,-24,63,97,79,-19,157,30,-64,105,186,13,91,8,11,-85,79,42,116,-73,-8,-63,130,-170,27,27,-116,-11,29,125,-21,22,-94,90,95,53,85,31,47,117,7,-88,77,-39,-22,-17,48,-129,66,-170,-12,-22,81,208,144
42,-80,69,5,63,189,63,-65,108,-58,174,-2,113,-50,134,-32,56,69,76,-36,1,0,115,135,-10,-12,190,134,53,-73,18,32,64,-88,57,22,-24,-13,-92,143,-11,40,13,3,-16,142,64,33,37,137,114,66,-3,-34,29,-97,-77,-66,154,-34,53,24,137,171,132,48,-17,98,34,9,39,29,70,82,19,142,20,224,-99,12,179,-197,-40,31,-79,-122,41,144,-13,46,-117
-37,-9,-20,22,-21,162,48,59,18,-79,-128,60,45,24,-98,-135,192,-4,-90,112,107,-69,7,59,63,-50,226,56,9,41,0,18,119,-74,-1,25,110,-32,42,-5,26,-51,25,220,24,26,-37,-138,16,23,65,23,64,-41,-72,-152,94,19,13,119,-1,40,53,-70,57,-57,56,142,53,-9,-12,78,106,3,9,135,138,59,14,19,-92,-41,-91,56,-157,122,44,-19,23,3,34
65,-49,31,16,181,98,162,82,-10,150,-57,-15,45,-56,-49,-56,60,-94,100,87,-16,-70,31,153,59,52,-32,80,81,-63,-25,32,-61,-122,11,181,78,-141,211,-51,-125,110,2,-19,110,2,45,0,55,-57,124,23,68,56,15,20,-59,-23,13,-66,12,91,157,-71,112,-86,99,-9,-21,68,262,48,104,272,49,71,-64,58,32,46,-60,-81,134,75,16,-28,63,129,95,138,106
108,2,73,-90,143,-4,67,131,-125,-42,37,100,129,-134,26,-158,-127,185,80,34,-122,-26,-47,-50,-84,-108,74,-68,50,45,73,-43,-55,5,115,170,59,23,60,119,-129,-65,74,-14,-99,126,73,52,27,-76,-57,22,26,-31,44,-63,-32,-122,60,-14,31,179,-79,-76,-119,104,52,90,-64,-9,-108,3,88,270,-101,12,6,15,-94,5,51,84,60,-187,60,26,-134,-25,165,95,-4
-73,-66,78,11,17,39,20,-85,57,10,36,19,22,172,41,101,-161,20,42,92,150,138,14,-14,300,-75,35,61,21,-76,71,60,41,85,-47,14,-30,-17,-148,-36,54,110,-104,112,74,-107,8,-73,-5,24,112,55,71,35,-109,89,7,-16,91,52,-60,61,72,-3,187,-40,40,93,3,-22,-22,-47,56,65,-62,11,132,-70,86,45,106,31,99,172,33,41,4,-35,-164,-114,-28
-18,22,-53,29,-98,52,54,36,-82,-58,16,-40,115,81,12,14,87,99,-60,17,8,-7,3,19,69,-49,61,11,-41,33,85,-17,52,-43,83,-91,38,-24,82,-18,-15,-15,31,62,114,16,24,-99,88,-17,-2,147,8,-50,29,-41,74,10,53,33,19,32,45,-76,-39,85,84,29,105,-10,-116,194,130,125,140,101,87,-28,-10,-62,63,13,38,132,-54,88,48,218,-26,-8,-39
151,-98,80,-76,115,122,-4,9,-35,57,69,18,29,73,13,200,5,7,2,-9,64,3,-22,-47,-26,14,106,121,33,170,37,15,-15,28,-5,239,34,-70,26,169,78,33,9,93,79,-29,155,134,31,50,51,2,100,-87,-27,54,-51,31,35,-34,105,-134,-33,40,202,-21,-66,-6,27,98,84,68,85,118,-28,203,31,70,145,-7,0,162,223,-9,-57,28,101,12,33,71,104
73,-26,15,1,67,7,33,89,-110,1,-1,30,66,32,-1,-40,-33,-7,81,-23,-197,63,-91,-179,190,-57,112,106,3,-58,61,-34,91,-105,7,-72,-106,49,-63,142,31,78,5,-24,93,133,-68,-81,28,-20,-51,10,57,9,122,8,-4,-9,1,58,10,17,-42,-46,-32,-149,-94,51,120,-66,32,120,-40,-11,-37,-58,-32,-61,-77,-10,-36,-132,114,-10,41,11,-98,-36,-36,186,62
-6,14,46,-41,55,-30,0,144,-50,-12,-54,43,21,87,34,12,-14,27,-193,28,45,-21,-95,-64,-73,-6,-9,-110,49,-2,-99,-83,-164,77,103,0,49,-124,77,-25,-62,-59,60,30,-45,-43,14,69,35,-7,16,-32,-78,73,54,-42,-8,12,98,-40,0,68,53,50,7,86,-2,-163,-103,-39,-108,4,295,103,20,7,-193,-29,61,-11,16,53,-135,71,-69,13,-4,48,56,-13,7
53,64,101,62,83,105,100,127,-104,-10,8,35,-140,141,154,-72,66,-56,29,50,73,52,-81,226,153,148,96,124,72,50,52,27,94,-29,-41,-49,31,137,1,30,24,63,-129,100,208,222,15,61,97,178,73,162,-116,33,-19,-112,51,-46,14,149,109,48,159,44,117,18,-24,6,55,-12,127,357,47,0,29,58,142,57,-44,151,30,-91,96,124,-114,52,9,95,-108,142,77
-7,-91,-103,45,100,64,-48,-40,114,42,-96,25,25,62,81,-53,-1,30,3,122,192,51,120,-63,-54,133,126,63,79,19,-89,-88,34,178,20,36,-1,34,2,-72,-51,56,-107,153,-11,86,-27,69,34,107,20,36,26,33,-36,22,6,37,108,8,-21,6,107,20,52,-44,125,110,-65,-62,38,-65,185,109,-33,39,89,10,100,8,67,86,-2,148,73,21,123,58,-50,-31,103
-56,19,28,-13,17,60,119,-10,84,-59,39,90,146,33,-63,96,95,-38,-94,-34,-36,-18,40,71,166,69,134,-95,30,-78,0,106,85,-36,47,73,90,-105,126,140,42,-31,24,-48,78,170,110,-100,93,-5,71,-45,60,163,127,102,26,125,54,-34,38,70,117,-115,6,100,45,174,154,8,12,18,139,177,-5,61,5,115,66,15,-74,-122,8,117,15,-8,7,36,-43,81,85
31,127,-67,-34,38,-45,-210,-42,99,-85,77,-204,-64,43,-73,-110,33,151,-141,135,-16,72,-3,-175,28,22,126,44,26,142,6,-215,1,27,-77,37,-9,23,8,46,1,7,16,88,-40,89,-98,29,9,66,12,46,82,-69,-39,-103,43,90,127,-18,-101,-2,22,-35,105,-111,-108,-41,37,151,95,-122,-47,-111,-37,-73,-23,-9,29,-98,49,47,-65,54,59,-111,144,16,-67,53,-25
-26,-126,43,-109,56,7,-86,21,69,6,66,5,22,-30,-20,-28,49,-84,-43,39,-39,-5,-158,170,-132,-15,70,20,187,9,22,105,26,49,-6,-1,139,4,-20,-53,-16,113,-14,-103,22,153,81,-76,45,160,86,121,94,13,99,49,-33,31,-132,66,82,49,75,167,-109,232,11,-85,-67,-68,27,8,17,7,-96,79,-11,165,16,218,-73,42,-9,157,-47,-116,4,171,5,91,67
113,-64,-189,69,122,67,77,209,-2,75,41,-38,48,-2,97,-75,73,-143,126,4,49,36,-120,146,15,9,102,28,81,-12,-78,93,70,-66,91,11,174,52,182,66,11,1,91,21,48,44,35,13,206,82,9,96,5,133,-23,-202,91,-84,14,224,178,-17,-6,60,93,-14,145,84,57,-39,135,15,38,-24,128,-6,-7,53,-69,96,-89,58,97,-84,-30,52,-2,-22,27,144,36
67,12,-104,-6,-53,-2,-34,-62,-46,94,-86,-11,99,25,15,-10,-43,102,-68,91,24,-24,-21,-34,-47,-285,39,-23,-133,60,28,-47,109,-22,-4,-49,89,12,194,-47,44,78,33,-69,-108,-100,55,-36,66,-104,-111,12,-18,-53,-57,11,7,-3,-32,-75,36,27,-51,-87,-173,-44,131,22,102,-4,-166,16,30,68,15,-40,-33,-179,57,92,20,229,-76,-71,42,73,-19,12,35,-81,52
97,9,-42,32,50,-72,208,240,-20,-73,97,71,-2,84,81,59,28,-57,-39,67,-37,190,1,5,75,84,79,29,28,29,-120,12,-89,-25,63,16,-19,-23,62,-47,-40,-20,20,117,121,190,27,154,38,138,152,69,42,64,258,-103,-41,-36,58,81,5,-53,-82,-97,265,-10,-27,-13,-13,46,45,128,37,-12,69,1,-12,-54,74,92,-80,11,57,-46,27,107,-38,-94,-17,29,6
165,65,58,-72,-7,43,68,71,80,-47,31,1,11,2,-10,115,54,-38,26,24,129,7,2,132,-34,96,39,17,90,6,82,46,-35,173,-69,108,82,-38,-18,-111,-22,4,-27,37,7,-2,136,-61,-28,-16,-21,114,127,-47,-58,131,-108,-18,29,106,13,-70,94,-53,64,76,-19,48,-65,16,125,-18,33,-41,22,128,-49,76,-97,87,-140,121,87,-74,-1,-68,-15,46,16,-98,66
33,-46,-86,-8,132,-20,8,-34,-33,-178,-117,180,-157,-116,23,39,27,-47,-62,9,42,9,69,-35,-20,29,20,139,-8,138,-20,45,-26,175,-60,97,40,156,45,-105,-40,0,-62,265,-13,64,59,-52,-42,101,17,30,77,-60,10,14,-1,-134,-19,142,-100,-62,37,77,94,3,-82,-14,55,36,-117,-33,-173,-97,72,-59,-26,32,-49,116,14,-70,-15,45,49,109,-12,49,-22,-220,18
63,-137,-30,32,33,176,-48,-88,60,33,28,-87,81,-36,-28,-42,96,-90,90,-33,-58,-59,165,20,18,18,26,167,86,-8,47,175,94,-60,62,183,73,-28,65,7,-142,58,-40,-1,56,-90,121,-59,-65,189,-21,90,85,-61,154,45,-83,-44,96,25,-46,144,117,17,28,96,43,136,27,-38,38,-25,-52,224,201,-108,-23,-72,77,-48,15,-37,49,135,111,119,156,184,60,-126,158
85,-89,-50,61,83,43,-79,153,10,-134,20,-12,-61,28,34,109,80,69,-57,68,32,32,79,156,-5,-38,220,-189,65,56,44,133,82,30,-1,-47,123,112,122,46,20,-70,-34,15,15,124,66,44,-14,-82,70,65,-76,38,-35,-68,32,-65,135,13,13,7,18,-154,10,140,199,32,-83,-56,-41,120,56,44,109,-3,-103,-11,85,-29,-78,2,55,12,1,-9,84,60,57,-4,115
-101,-12,-22,19,-120,79,-153,-103,97,1,29,-86,0,-67,-25,98,65,-28,-14,39,-57,14,133,-30,1,32,2,128,-26,-19,-29,55,56,-47,10,19,-96,21,-109,-27,-67,74,133,15,113,-94,-60,-118,-22,20,94,51,27,-94,109,63,-130,48,47,-74,-38,-79,97,16,75,-3,27,-80,44,134,16,-28,34,4,58,0,-33,-30,34,-51,69,-107,29,-24,109,14,-25,-79,-14,30,10
58,-64,33,156,-2,-53,11,-78,22,-32,40,-52,-55,158,90,-33,113,35,19,1,-131,8,127,3,83,24,132,-25,-95,35,84,46,81,-19,-134,23,130,313,103,12,-50,-15,-90,61,147,112,11,5,-102,71,118,81,43,-40,145,-104,62,75,69,44,10,42,144,38,14,33,26,72,-63,97,27,96,-12,-83,-59,13,72,-13,31,-28,102,-48,-194,103,-31,97,-46,131,4,-4,82
25,-48,36,-36,-97,114,-78,38,-37,18,90,-148,43,35,16,-29,-90,43,0,125,85,-102,-30,130,16,11,-24,49,-45,138,73,51,24,-74,52,10,56,-75,51,173,-1,111,41,-23,-78,21,225,-52,82,32,8,-1,-40,21,12,-11,-66,-93,140,-43,23,-41,94,34,-8,66,78,-87,63,-75,77,19,68,-4,98,133,-38,-93,-111,16,-37,4,26,-16,-3,-170,-23,116,69,-17,75
-48,29,39,23,-34,-51,-171,-87,180,-52,102,-25,49,-104,-61,80,22,-105,28,30,1,-23,-43,115,6,71,15,-77,-39,-41,82,-34,138,-64,-50,79,100,95,81,-1,-105,20,-22,-69,-116,84,58,-56,-39,7,66,116,-99,-68,-62,-26,52,37,56,66,48,-34,189,90,58,72,-28,20,23,-81,107,-57,-141,-106,-90,37,38,132,-186,94,63,-71,-115,-76,13,-267,-41,127,-49,26,-41
-87,6,-32,-41,19,28,142,26,28,-31,-92,-40,117,56,-42,-5,0,136,-60,55,114,-6,216,-91,88,2,-75,27,11,-62,-35,-31,81,7,156,-45,-141,0,60,-30,173,-41,40,166,0,77,-28,-135,36,-7,-21,-14,-4,42,18,-27,140,47,-91,159,-8,38,231,-2,58,66,104,-52,156,-36,-67,-24,26,-37,35,43,32,148,31,34,-18,-47,-117,73,19,-97,118,73,-98,-70,-98
-15,-21,58,-48,134,84,153,38,4,-12,-63,68,72,138,26,-51,18,49,-44,32,114,163,144,-120,2,41,94,42,101,33,-58,-66,-58,35,134,-6,-187,-90,-207,-7,-83,-4,45,-56,-61,81,-33,67,90,-61,69,-175,104,44,59,84,44,120,-50,21,-39,-60,-71,37,62,-32,-107,-116,81,44,79,-93,121,27,55,152,1,112,30,64,-17,77,139,66,30,85,85,57,59,39,-39
78,-40,106,113,86,36,-77,111,115,24,-46,-27,16,142,58,57,52,132,-97,202,27,70,17,0,42,-54,109,-92,185,150,39,-23,25,114,-18,48,41,9,3,-19,19,89,106,132,137,-24,-29,190,67,5,53,-18,14,-38,41,-9,27,58,17,-205,115,-21,-33,-46,73,48,-6,-40,-101,65,79,26,241,10,111,71,-78,-82,173,11,63,153,83,-25,-3,65,63,-1,93,102,164
2,43,-29,41,118,146,159,99,36,5,84,77,49,121,131,21,22,24,43,221,94,52,130,78,137,79,47,-70,186,64,-31,26,65,63,30,8,111,121,74,60,-12,-20,129,111,138,129,-18,89,163,-7,30,105,-26,154,7,-18,174,14,85,173,140,-35,17,-7,112,133,58,63,94,35,76,85,205,106,83,219,63,75,-88,58,-35,113,198,-16,45,36,-75,-17,-17,233,-4
3,-94,-83,-157,-116,86,93,125,-33,138,-21,20,-60,16,-29,-85,-61,70,-143,-21,161,-57,23,-18,10,39,-65,-103,71,90,-84,61,-156,52,-26,123,67,-44,-62,-146,77,103,-75,-27,-119,-99,-34,37,2,-109,12,2,31,177,50,31,-92,-39,-12,-7,-16,6,18,86,74,-63,6,-28,-121,142,-23,59,97,141,-46,0,106,28,-137,79,-102,199,152,-26,10,69,153,-71,71,22,101
89,65,85,76,163,73,3,-87,-130,-64,-88,2,5,-54,13,93,1,-44,209,-3,-32,-36,-130,91,134,13,-74,186,15,-67,-5,-35,-20,-73,57,158,63,-60,136,175,-92,93,79,140,171,-40,177,-12,117,-95,147,127,54,-54,13,115,-3,60,-76,-51,-8,29,216,-83,-82,-64,30,-20,77,62,52,71,162,53,62,87,-1,-103,-68,-24,-3,-23,26,-77,-6,214,49,67,-59,66,48
111,135,88,65,167,-8,19,-177,-32,66,106,196,41,112,24,218,-56,-176,240,6,-169,-115,-20,9,118,88,-34,134,-29,-12,0,-21,90,103,-142,33,46,58,-208,-4,50,45,-27,51,218,13,147,157,108,-69,42,54,80,-29,-96,145,87,-25,-63,108,88,116,-14,9,72,-128,-84,12,168,12,17,14,-40,46,167,-7,119,12,104,77,162,-151,132,26,-149,92,-111,102,18,30,-49
129,88,25,90,25,-24,179,31,-20,-94,137,11,79,-100,-71,-10,-12,39,-40,105,-63,19,8,52,-15,21,213,56,71,37,22,42,-90,3,189,44,-14,-42,151,-1,60,-3,-8,-26,-6,32,-67,-19,8,-3,-1,17,141,-92,8,11,44,-39,208,-28,87,6,-3,1,54,71,-49,-33,24,239,44,-9,54,84,38,-18,45,35,62,52,-23,-139,-103,82,-10,86,32,55,93,15,-58
-1,56,21,55,31,-24,56,133,-19,43,-145,108,-20,37,75,67,-10,9,-145,173,163,29,-78,127,143,14,-37,123,100,48,-57,-86,-103,168,-3,76,54,-6,14,-61,-51,46,87,91,-83,-62,100,71,22,-66,18,-53,-29,20,-66,37,46,72,43,36,82,-14,-61,-78,131,40,-7,-12,-38,44,21,-17,202,106,16,74,19,100,100,121,-24,4,163,-40,-73,161,67,40,25,182,76
144,-48,-69,-51,58,88,145,95,-36,29,82,-40,-123,53,-75,-110,82,-132,5,-128,186,95,-68,110,25,121,180,-38,35,14,-96,176,-49,-101,-1,40,62,-97,59,5,-27,-42,-64,-9,-15,71,-47,159,4,-94,71,-43,38,248,50,-31,-29,79,52,-18,-54,115,10,62,69,99,22,33,125,103,186,15,121,140,21,-19,-113,190,-141,177,-123,78,145,83,53,-82,187,-40,-39,46,-17
96,75,-28,-15,-19,61,62,-32,103,-39,-6,-46,31,67,146,197,40,45,4,64,18,38,105,130,95,-128,54,7,102,-81,-185,29,60,69,-9,-49,79,-31,8,94,-49,101,43,4,28,13,-14,-87,94,60,51,156,47,-4,34,28,-47,9,-21,67,61,-82,18,-103,73,18,-9,-5,50,-61,9,38,46,10,188,56,77,-10,-91,49,-58,23,163,-87,56,-86,-15,-37,-6,-27,-109
-51,-72,83,-23,88,-27,176,53,26,143,79,-22,141,351,6,-63,65,-78,-27,55,252,117,54,-28,59,92,135,-213,86,-36,147,88,137,-127,61,61,2,36,3,3,149,-13,-51,-39,-79,202,-82,174,167,-19,20,84,-3,-7,104,22,60,85,-56,162,33,-16,97,122,41,81,48,-66,129,50,106,79,153,-108,-63,171,216,178,69,217,-14,44,-24,76,45,-76,69,52,-146,-16,57
8,-26,33,-171,-57,25,136,149,93,69,-66,-128,84,-2,221,-78,77,-155,36,-89,82,66,21,146,154,52,28,6,71,26,82,161,105,22,82,-78,-34,79,5,72,60,1,165,-49,49,69,73,-35,-58,161,-33,85,5,107,43,37,20,127,108,69,30,40,27,1,92,132,83,-123,2,107,35,-19,-79,5,-46,103,-63,106,-102,17,19,-132,-13,39,131,57,-103,-153,-60,-12,-3
14,121,-10,-24,107,-58,176,-11,-51,104,54,112,24,284,52,-42,-38,99,-125,-16,-13,67,-95,-31,120,90,-33,2,-91,16,-68,-91,-165,78,129,-14,-61,44,-199,-58,116,34,40,-14,23,2,-15,37,160,15,65,-43,76,51,2,60,156,37,-13,113,74,152,131,109,-31,22,-69,56,118,-35,-10,-185,229,-103,23,18,18,9,113,64,131,140,-18,89,-68,-3,159,119,49,-78,-138
20,22,-13,4,-20,124,159,-4,99,0,31,68,82,63,114,176,-70,-205,61,94,33,81,77,95,117,155,84,-21,64,-166,-123,55,-14,64,49,53,-36,58,-22,147,17,42,142,-120,16,107,48,-21,165,-92,18,7,25,41,-15,39,-54,0,188,89,174,-39,-19,-5,57,63,58,-3,-13,19,12,57,3,-38,65,45,145,65,-107,-43,-4,-82,111,-55,41,28,-292,-56,46,20,-185
88,95,101,97,206,66,44,76,-63,35,-65,39,31,74,36,125,-86,114,105,-10,23,-8,31,96,156,-7,50,10,49,69,74,3,2,16,67,79,43,-32,-32,97,45,77,44,-24,87,-54,210,67,4,-160,46,-90,-13,129,-48,243,90,18,73,-23,134,-3,-68,-86,107,-75,158,70,62,-22,181,-25,171,106,252,60,-77,-46,136,-11,4,122,140,-105,-5,-42,58,-21,134,58,161
-8,36,-56,139,127,-5,60,50,-103,-41,18,-16,29,-205,186,47,-64,-2,179,-116,-23,56,36,11,45,94,-64,118,31,95,-31,68,45,-11,25,35,65,133,176,186,31,42,87,83,4,28,208,93,19,78,-34,48,23,22,-31,-5,36,-45,83,54,114,30,48,106,-98,-14,192,169,-29,-16,-96,-19,-106,46,9,-29,132,3,-122,-108,170,-76,2,-68,107,187,26,-21,39,-27,137
25,-19,-53,-47,-55,82,7,-15,61,37,-34,14,50,59,78,-87,15,-60,-24,31,55,-25,-26,44,70,122,-40,-161,47,-27,-21,109,115,52,33,25,-26,-25,-138,-181,39,-1,-10,35,110,115,13,-8,43,158,47,98,83,190,156,-39,22,60,3,-72,-70,57,123,38,127,106,26,33,49,-44,45,7,55,158,73,-44,-86,166,81,132,35,10,32,16,87,-30,56,-26,4,89,50
67,-36,-215,-61,115,4,253,-78,180,112,26,26,225,110,82,272,21,-36,-98,34,-8,-15,24,62,244,4,93,-52,72,-84,-206,137,43,-62,23,-22,98,70,68,24,82,113,68,-82,102,35,25,-181,87,-2,122,116,106,181,163,69,115,110,77,48,90,44,106,11,105,11,-93,47,164,78,8,-88,206,-43,144,70,-52,59,101,26,21,-57,77,-3,108,-132,-46,66,-45,99,-113
-54,4,3,134,147,202,75,75,-30,-26,98,-23,98,70,88,29,6,29,54,0,118,59,7,94,66,113,21,166,110,56,42,27,89,-40,87,42,15,24,16,63,16,24,94,32,-39,107,37,-35,160,24,33,62,82,-58,-10,42,28,77,-23,-73,87,11,173,117,-121,93,53,63,97,-110,-70,26,245,77,132,202,83,-86,66,64,189,-22,24,2,25,-67,36,187,-145,-14,13
-58,65,-3,94,-45,7,133,39,-12,-24,-66,22,-45,22,76,67,31,28,-121,-18,-14,-44,23,211,-55,-107,72,52,-39,80,-18,-53,73,6,-193,-243,200,30,98,-19,-93,163,129,42,99,-43,-162,-61,-48,-32,-4,-47,138,70,-95,0,15,-64,-24,-143,96,7,-36,-54,39,-8,67,142,23,-83,20,-25,-125,72,-58,107,31,-64,-3,-19,-205,166,152,81,-73,-37,-46,-41,-13,-1,12
-30,-75,-41,-152,-35,-48,-30,-24,-56,63,-87,-117,-76,91,-39,-59,-165,84,90,-14,113,72,111,-5,38,-87,-22,6,80,-19,90,-44,27,104,87,139,-156,8,89,42,70,64,71,-67,-27,1,58,-98,-30,-51,-29,87,22,-60,-33,-45,-63,-50,-26,11,-28,120,-8,-129,-19,5,76,-112,-94,5,44,10,8,60,15,2,-115,-18,-82,-28,-64,14,105,-33,112,-14,43,83,-67,-29,33
24,-30,-22,-46,-15,61,139,170,-30,-131,42,-106,-126,-72,-72,-28,139,54,55,-4,55,34,29,-16,61,-69,-25,31,-14,-31,80,7,25,-60,28,-30,-26,-223,-32,-85,54,-62,54,156,-10,-5,113,6,27,-2,10,-5,100,68,-48,-58,60,0,1,-28,-111,-66,5,-66,36,42,39,-53,-22,29,-56,-39,12,106,-18,175,-18,-12,6,-47,-132,-92,78,119,12,97,46,-29,-95,-86,-84
95,-163,-20,157,40,138,78,-62,45,64,61,24,14,91,-69,5,117,85,43,59,-51,-55,12,-78,-32,93,106,97,97,24,-118,12,2,23,18,-23,-41,37,1,-88,16,48,61,81,112,-60,94,87,125,-57,56,86,136,7,36,34,77,-131,131,3,63,117,149,148,56,-20,-37,63,-50,-84,-38,43,67,-13,97,146,20,89,-75,93,109,1,-25,1,-155,87,200,180,18,9,99
-15,116,94,9,145,-156,131,10,-14,75,21,65,181,-24,89,74,-112,51,94,48,89,-61,23,44,180,106,115,58,147,-21,97,113,42,44,175,81,107,-11,63,-52,-17,1,45,110,62,91,198,15,-2,-47,193,-14,-38,-24,-41,119,-56,21,2,103,-40,170,11,25,51,95,91,71,-70,120,-15,-61,8,105,143,41,208,63,87,18,110,-8,181,-11,41,129,-45,87,1,33,162
164,-12,-61,57,8,24,30,-25,-57,-52,-115,33,102,-92,43,9,-2,-49,-56,187,69,-119,-119,217,-6,47,94,223,104,-45,-69,78,158,-4,111,-61,-27,-71,19,84,-31,233,-141,13,10,74,67,-139,126,123,-108,111,27,53,110,1,12,-126,9,99,153,-17,34,-68,-78,3,118,111,172,-37,-74,169,48,-39,153,-49,3,17,12,31,-119,-31,101,-27,75,3,-23,209,5,71,-77
169,137,8,77,181,63,251,145,-62,-20,29,29,-45,111,58,-16,127,84,42,-6,33,35,-21,-1,101,-56,-36,34,85,81,39,-62,-41,-79,80,-7,63,99,133,-24,55,153,93,75,137,-10,90,28,93,-30,-101,10,2,19,48,82,59,-50,2,27,158,90,118,136,-61,106,-3,71,-45,31,114,69,158,82,60,29,44,-32,76,71,-76,132,57,14,-8,70,24,112,33,26,207
30,-74,112,52,-33,51,-48,17,152,-54,-3,-108,42,-34,46,31,48,30,46,47,50,31,-36,34,42,73,-45,-27,33,60,45,27,68,65,63,42,139,-50,75,67,9,23,30,-82,68,-155,72,40,-68,42,59,-83,-41,-85,-118,51,41,64,-24,-109,146,-74,41,61,-146,111,57,47,-47,35,77,-78,42,110,55,22,-56,48,-82,46,9,28,-52,-49,-20,64,101,9,31,25,61
-84,-62,-26,86,-20,-59,12,-31,20,-28,83,-11,45,41,151,119,54,25,73,17,-54,106,-41,57,-73,88,-101,17,-67,130,58,-29,-8,28,80,-9,-68,-10,-10,82,64,7,16,-18,74,-32,116,-22,9,217,18,-7,114,-29,10,-15,101,111,4,-124,125,-145,-50,35,-99,-3,-45,93,-30,23,-63,-68,119,-172,167,-54,9,-97,191,-56,75,-34,-39,46,84,77,51,71,-2,-23,30
16,-123,-72,-38,-163,60,0,9,95,18,61,160,-19,107,153,43,14,19,-31,-83,79,-16,-16,252,-104,-31,-19,90,-121,-14,-187,83,68,38,10,25,-87,-31,2,48,45,-19,166,88,142,20,54,-108,57,100,47,-15,40,20,88,-98,62,-87,14,26,25,-90,183,48,53,188,140,17,33,-116,-153,-60,113,-117,41,24,-36,63,-25,-3,84,41,-158,6,-15,31,-26,-42,-23,-253,-73
3,20,-139,105,41,-23,82,38,-138,-15,-3,106,-86,90,175,52,-171,53,140,40,23,1,-19,221,133,18,1,87,75,100,-15,21,71,8,19,-52,63,95,106,109,145,37,146,154,134,60,101,96,143,20,130,61,145,68,-146,-94,87,-78,77,6,96,138,43,-116,-1,51,11,112,65,-152,8,31,64,23,140,88,78,-176,13,106,28,-69,227,44,-60,0,98,-4,16,252,33
47,9,84,-82,-103,-30,136,44,147,76,-28,18,73,66,-70,21,61,-71,-13,84,76,200,-15,70,121,-99,-84,-11,74,-162,-68,-6,82,14,28,108,-52,15,50,-129,100,49,-44,65,55,5,0,-106,123,57,-72,8,38,119,27,-68,34,-47,31,137,-19,51,34,-39,122,1,-42,-44,25,130,-93,112,99,114,-119,67,116,-38,-58,66,-1,-44,127,-34,38,-77,-143,46,-55,113,-197
32,-119,114,114,53,29,-77,162,-58,-16,40,-123,89,116,-139,6,-50,15,150,-44,-73,26,-59,-25,135,7,-89,-75,27,-45,145,23,45,-17,0,107,-50,132,-17,95,103,-100,-213,133,126,190,113,26,46,74,94,99,-5,18,115,-7,75,3,-1,184,89,-56,117,174,12,105,73,-43,-111,-35,125,124,-39,-89,-84,-49,92,-45,-32,-11,123,57,-48,-14,-11,-16,-19,119,-19,-94,60
44,-70,145,-44,13,-40,157,44,124,53,-75,79,-49,93,-41,66,73,-116,81,91,126,4,-75,-2,84,-8,-28,-71,93,-10,-52,21,144,36,-123,-63,12,-72,-79,-1,30,127,-87,-97,55,39,106,66,76,-79,-81,64,4,3,-4,51,-14,-25,77,27,8,10,-1,-75,-51,-67,-67,-65,-18,95,72,54,-90,178,1,6,-73,65,-92,158,-81,4,23,-2,-103,-67,93,60,27,102,-6
-29,-21,32,-12,18,152,-23,-38,-135,56,3,42,21,2,-45,-23,-31,6,16,-15,30,-118,131,-69,-122,55,123,-190,-72,72,31,-21,-41,92,44,75,-41,87,-16,-131,122,-88,-18,-118,-88,116,19,-1,125,-12,33,61,57,-50,-37,34,62,26,-71,26,-77,14,57,81,-72,-93,-99,20,26,39,-46,150,-3,16,10,76,20,144,14,-29,8,59,-95,72,-21,55,-75,66,-101,-32,26
242,-64,-59,-153,217,34,89,75,-35,118,-96,-38,51,110,-12,56,-58,-40,-17,-54,130,-31,-95,64,133,77,88,97,-93,31,-117,151,-53,-25,107,107,-18,-12,73,121,-84,89,-82,-37,52,91,63,-54,58,-36,128,41,-27,-35,-20,107,156,32,21,67,62,-39,76,9,-52,93,93,-37,30,79,93,76,-26,183,56,5,70,87,90,-31,27,45,113,49,28,91,149,129,33,-55,91
-194,-77,-8,71,-69,86,-30,-17,133,-46,86,-41,87,140,-53,77,110,111,-138,134,-20,161,100,71,11,53,79,-84,-81,70,-95,22,97,-180,82,-146,88,140,57,89,39,36,118,-52,173,186,0,-115,129,27,56,163,14,-120,22,-132,107,111,75,-95,16,-68,102,95,-4,88,-22,60,-42,53,159,-45,151,-67,100,115,153,-35,148,-25,-104,64,29,115,1,-120,50,42,17,90,123
-63,15,5,-43,94,-11,-125,14,36,38,127,-45,46,-7,28,182,23,72,-109,-37,-23,-40,-71,-33,33,58,19,37,-81,67,-143,-67,-47,-48,-33,125,-59,-133,-97,150,-58,-54,105,-90,-76,51,43,127,53,-8,172,50,-168,-53,39,52,63,34,-31,9,29,-25,153,100,4,64,28,-36,32,-96,33,-49,64,0,86,69,55,18,6,-57,150,-26,-69,60,-25,-53,132,-13,-26,-80,-48
-3,56,-25,-116,102,-131,-176,5,31,84,-86,-21,-2,-40,-42,24,-97,-24,46,94,-26,-140,-87,142,-13,-92,82,114,-112,-5,-26,-81,-45,116,-46,-59,166,11,54,-60,-81,117,-33,-28,52,-119,74,21,95,-62,139,79,-29,3,-87,-36,19,18,3,21,-35,52,-51,-66,79,-80,7,31,-28,87,90,28,41,106,-86,-77,-130,-85,17,0,14,68,-7,-130,7,-96,-117,98,-46,99,-53
-136,49,-32,55,3,107,43,16,1,-4,-18,19,-33,85,89,-100,-12,-39,-74,44,209,107,-10,-8,70,-9,92,42,27,122,127,-6,-55,57,75,-48,-78,81,-25,14,-7,-39,-3,49,-35,17,-51,73,22,1,18,-57,45,82,-35,-83,53,236,39,-179,-82,-3,-49,75,-93,66,36,15,51,9,-16,-26,212,9,-150,-19,1,5,-56,59,56,27,-80,30,97,83,-71,-36,-69,-28,39
87,17,6,20,143,121,42,-93,35,113,84,56,113,104,-75,17,2,-4,-48,59,-114,39,136,-9,-122,183,145,-42,47,178,-33,-72,-78,49,-61,63,91,-3,-13,34,87,29,-7,-28,-19,276,78,58,165,-5,69,-81,37,-5,-2,4,-16,-95,123,-52,112,-27,-68,42,40,-120,-51,38,67,6,63,60,107,-27,151,46,32,-23,144,69,109,149,16,-45,-35,-77,0,49,139,36,96
45,-109,-88,-79,-2,7,127,35,-13,46,27,12,-33,-46,91,-53,64,3,-48,-137,8,155,-27,-42,-25,2,35,46,-122,6,24,-50,-36,-14,105,142,-39,-14,126,-37,-90,66,26,11,-79,50,85,-109,-127,110,92,-67,-28,92,151,-55,-170,99,-68,-36,-58,76,13,95,20,3,-36,-29,36,24,84,-26,-3,-26,61,-91,-164,79,-35,92,17,68,-45,-15,-2,-41,37,81,53,-67,-13
-142,32,-94,-21,29,22,-72,-72,-21,-96,10,127,-34,41,-8,99,-109,76,10,-52,110,110,60,-47,-11,-15,-124,5,-32,16,-116,-17,-76,91,-19,88,36,145,-37,-99,90,-40,112,156,142,-74,14,-77,18,-67,186,77,70,-62,-32,33,37,49,-197,29,-145,-53,202,110,67,89,75,62,-12,54,-56,-90,194,40,-27,119,-33,80,72,-61,41,105,-122,122,-76,-11,84,101,-80,-40,74
-121,-70,18,160,62,153,22,-73,8,99,23,47,199,135,60,70,-31,32,49,84,-18,51,222,-12,75,92,-81,-79,186,-33,49,-15,36,106,18,104,-10,127,79,136,88,-6,-33,-71,-33,31,1,42,176,-58,-36,81,53,45,-11,94,64,70,-5,53,142,8,94,-130,-68,-60,173,213,68,-108,123,78,190,87,139,75,99,-58,71,-73,64,99,93,-103,-92,-66,141,100,70,189,145
