14,-2,62,43,-75,36,26,44,44,-35,85,83,147,-29,-89,-50,1,7,-6,9,-60,-26,34,-35,116,72,13,64,-25,66,116,118,42,-33,137,34,63,18,70,-59,49,1,99,103,56,12,21,33,53,-8,91,14,99,-57,-49,137,-92,-44,58,15,24,77,43,151,75,39,79,-28,-17
11,-133,79,109,-19,-56,-31,-10,-106,-94,21,16,-17,78,24,74,25,-161,-37,-148,-59,50,30,78,102,17,-6,53,48,-59,37,78,40,-30,118,-53,-24,3,49,-78,110,22,-17,6,88,-49,-11,-27,-74,104,66,-102,-140,18,77,81,-66,7,11,70,-13,3,18,-5,31,43,139,-29,-8
-61,-86,49,106,-50,-48,-79,-53,-59,-55,40,-33,2,-52,-25,77,-78,-23,132,-83,37,-111,56,106,31,-54,41,-10,38,-27,-8,46,-73,-13,27,36,-14,204,42,13,20,24,64,76,96,-80,-40,74,-183,71,152,85,-25,-49,-60,-186,-88,-47,-105,113,-31,-111,-38,58,-27,-179,-117,140,2
-81,0,59,-9,151,106,-14,66,90,-12,111,-52,-8,-118,19,100,49,72,78,33,-111,-9,134,28,87,56,-44,-73,-34,4,36,43,-3,37,183,-119,27,-58,192,8,-131,58,-99,87,-31,14,6,117,-48,91,195,46,143,133,13,52,17,-64,50,-63,32,-32,31,98,43,127,13,140,39
50,-124,17,61,-83,23,94,4,-108,53,-60,56,75,30,39,79,-73,3,-61,-45,87,35,-78,24,18,-71,13,83,13,34,30,-51,75,-53,-103,-4,15,82,-16,-11,48,-2,-53,24,-91,-79,9,-59,-27,5,-63,18,-28,71,82,32,13,-52,30,-18,-23,-60,-86,-94,38,36,-27,-6,-80
-2,74,16,-45,69,46,-27,32,125,-52,-26,-126,27,-67,-159,97,71,-102,50,14,93,-20,-41,1,18,23,31,34,72,167,167,150,68,-81,-46,-42,-51,-26,-93,-15,-93,119,-125,37,2,-77,46,0,150,-104,65,171,58,-137,141,-1,-103,-25,81,106,118,58,51,-42,-5,-40,139,81,-63
53,-64,157,31,49,18,-107,-45,-35,106,97,-8,19,-96,63,24,-65,-175,20,-69,95,-57,-73,125,55,-16,128,96,-3,-37,60,209,76,48,-43,-109,81,-65,23,-9,-11,31,-16,72,-5,135,158,-63,-167,69,60,185,82,44,0,36,-106,82,-106,32,75,-29,-85,13,37,31,34,-23,-8
2,93,5,-11,13,-25,28,-45,10,-70,64,80,-107,-130,19,17,106,162,7,-136,15,71,132,-128,-45,119,16,-136,-31,-152,-53,-48,-8,18,76,15,-29,-64,69,-31,23,20,-37,-95,71,60,70,-44,63,-52,130,-132,82,77,55,136,101,-36,93,14,55,-37,69,69,83,295,-9,39,-16
151,116,133,-1,83,-1,-17,99,16,93,66,-54,28,-42,70,28,90,-107,94,-67,-139,-5,21,78,-67,-3,-14,-26,-119,109,97,116,52,22,-24,-30,39,78,111,24,66,77,-49,128,86,97,14,-109,50,-1,71,35,12,130,39,135,-44,-13,90,274,81,14,17,91,-36,147,40,16,-23
-86,-30,-130,-17,-2,43,28,19,89,-23,-4,7,27,17,-116,-39,56,-66,-41,60,-48,-61,70,32,122,24,-63,-134,-34,-47,55,-71,50,-103,88,162,-50,13,28,184,-96,-33,25,-43,98,-198,81,-65,-68,-90,-13,2,-76,-13,-18,-41,-25,-114,14,-4,32,159,-110,-28,45,-45,-181,-85,-49
57,129,116,61,-1,53,-12,125,8,-67,158,-41,-56,-160,-60,57,-18,3,56,20,-34,98,178,144,135,-17,94,-43,-20,11,151,76,36,-9,89,30,21,28,89,67,70,-37,101,59,53,100,-50,147,-44,98,280,147,-23,-9,-7,-75,-2,-140,90,17,27,32,126,108,-76,27,86,64,57
-74,62,-71,-49,26,-1,-15,24,31,40,-6,-27,61,43,-30,-64,64,-21,-16,41,-158,27,-58,-83,2,-35,-72,-77,-22,-1,23,-96,-98,-80,123,-34,-113,-1,-98,27,69,4,-30,-8,-27,7,68,-37,98,-127,-112,57,-52,48,-20,-4,-50,10,76,-14,45,110,-19,108,52,7,20,-18,-30
-37,34,-5,105,-79,69,67,91,-9,107,125,95,-18,126,62,-18,-22,3,68,171,-71,6,48,74,116,-39,37,70,-20,-96,113,-11,9,126,146,-98,15,-144,153,46,-12,61,-21,168,-18,13,-37,66,155,35,88,105,83,138,197,46,10,52,130,-43,57,62,32,138,11,-4,134,-25,71
69,-109,114,80,93,-63,-121,70,-12,-26,-13,-18,70,-54,169,72,-106,14,7,6,76,43,174,121,-24,-10,63,52,-78,47,-151,67,55,-29,10,-134,40,80,9,-12,-77,-35,-20,29,-23,134,77,46,-129,147,57,85,-24,77,44,-67,38,-30,66,77,11,-108,-48,82,-6,-94,-44,53,109
-39,121,-10,-80,-6,8,87,-55,-86,59,-22,15,8,113,-58,-130,-96,-46,-12,44,132,53,-10,-8,22,4,91,25,-28,-5,102,34,27,45,-40,32,-38,-66,-26,133,-13,-64,66,45,19,-56,70,51,-17,-50,-4,115,-8,-22,85,-34,31,13,30,-90,5,18,-88,14,69,6,31,69,-45
-9,45,74,-112,43,106,68,-54,61,126,-20,-26,51,-3,-3,-16,89,107,82,15,30,-37,67,-155,-31,103,-69,-22,99,-38,97,11,61,97,43,6,-11,-29,29,-80,-3,45,-148,166,19,-76,-87,17,219,-7,116,-62,25,-22,60,50,63,4,158,30,41,-11,124,54,-60,101,54,-34,-125
40,38,-67,-98,75,117,-107,26,89,-11,65,94,88,-12,-90,-36,29,-86,23,52,-101,-193,64,-70,-79,88,-52,-131,-134,-29,-54,5,5,-113,1,-39,-145,105,97,-2,19,29,-31,6,75,52,65,-45,-85,69,58,-30,-30,-37,-34,-7,-1,110,-134,202,67,0,47,61,-22,-46,-194,5,-61
118,20,0,95,-31,-17,11,12,-28,36,76,116,-12,51,-38,-2,17,-40,80,12,-51,-36,4,67,64,-3,34,87,14,39,-37,80,116,-40,-13,-147,-87,2,-8,66,-9,189,-105,6,104,174,-28,-14,7,21,51,112,-19,23,42,-23,-97,14,112,50,42,27,60,92,-123,-20,56,-94,70
120,107,-43,-127,-17,39,52,161,-45,-25,-107,86,46,-40,-28,-7,26,63,20,-15,95,-63,18,-5,-12,-30,49,-68,94,23,138,68,15,121,57,-67,-29,-50,-63,-32,-120,126,-46,-18,69,46,74,-1,40,-105,-14,6,18,199,9,-37,-21,-118,131,-73,-22,10,-8,14,-87,118,7,172,-19
-30,-42,11,-8,-69,-54,74,71,29,73,28,36,47,24,146,-22,-62,56,-101,-2,-7,-18,133,29,7,68,-116,-11,82,-73,-39,-38,-39,25,198,47,20,32,142,-1,31,-20,59,140,-34,-72,-111,110,40,111,29,-114,73,19,76,3,47,48,-7,56,44,-22,166,60,7,-5,25,11,-2
54,43,56,48,-83,-24,63,150,-47,29,85,-96,92,140,-67,-111,12,-72,-28,28,-42,63,34,86,213,-63,74,75,-68,14,31,-8,25,-42,50,-19,-59,18,121,110,112,-8,79,-49,70,49,187,-27,82,161,13,105,-32,92,48,34,-78,9,56,-49,98,31,-83,142,62,20,23,35,20
-39,56,-6,-44,35,28,-43,28,-89,-154,10,60,20,-94,-17,-2,149,66,-100,92,-41,18,108,62,-15,21,20,-56,-38,-75,135,14,-171,53,24,3,51,83,8,-28,-94,17,-41,-47,-78,81,42,40,37,-108,-5,75,41,30,101,64,10,17,78,-83,45,-42,-21,63,93,70,-21,10,-84
-29,29,40,-4,102,-2,-44,-90,94,-19,108,113,-80,22,16,-8,1,-108,6,-4,-80,59,-1,-25,9,13,-118,-108,-69,-27,3,94,-12,-40,88,-21,-18,-60,87,28,-67,-27,-9,11,36,53,30,6,-117,-26,115,-5,-21,46,62,92,43,10,-68,80,-35,-13,101,70,31,-6,38,6,24
-54,11,90,111,3,110,-122,-179,-57,14,6,-75,33,-53,104,92,-35,69,18,-143,61,45,-2,8,-8,11,-76,53,12,-92,21,-74,19,24,-2,62,52,-35,28,-7,141,22,141,-123,-18,123,43,40,0,128,25,-24,58,-88,26,124,54,45,12,-57,65,-92,74,52,151,128,-37,21,-79
-4,91,9,-54,146,73,-22,105,-38,93,-16,-103,56,116,-70,-58,-19,-19,85,135,-58,-8,-119,81,28,119,20,37,30,45,141,84,71,55,-47,7,22,-23,6,73,0,4,-31,69,-63,-59,31,11,193,-18,-55,127,-61,26,203,-77,-25,65,148,-35,133,199,-113,31,70,-59,-23,50,36
160,56,-140,40,17,41,-60,54,-68,113,-28,6,72,19,-30,137,-16,-134,73,20,13,-44,19,71,-51,17,-44,26,11,162,33,47,16,-37,74,-76,-51,-83,-38,-54,21,-56,-64,-22,28,59,42,1,76,-58,7,-8,-108,-12,-68,-49,-131,-65,26,-13,-103,20,65,-60,2,13,121,38,45
154,102,14,51,30,20,-21,119,29,76,26,59,20,-62,-7,32,66,9,133,-108,33,-30,106,70,74,-110,-53,99,21,53,215,40,-96,5,173,-76,-25,110,-32,-1,-57,-17,98,91,206,12,122,114,3,16,164,6,27,144,27,37,-198,-153,152,105,-18,3,-36,179,13,7,162,102,-80
24,-1,160,-26,-52,12,-2,-64,31,-88,29,62,-43,-126,0,18,12,101,159,-37,-8,-4,110,-52,-24,56,25,-56,-94,102,24,25,35,-7,56,-87,-21,20,-69,-78,59,15,-73,-25,-80,134,4,103,52,-64,47,35,10,4,-11,-66,38,-42,81,48,-17,-13,84,-87,-70,-30,111,82,108
176,25,-83,5,4,105,84,57,15,81,1,-45,122,117,-35,-20,-43,-63,-10,86,-4,-9,-85,-38,109,9,95,89,-5,164,86,-38,164,2,-81,13,45,18,110,100,-74,-18,4,85,-37,-32,96,-79,26,34,-36,171,-3,67,38,40,-39,-142,178,22,10,95,-78,54,13,-26,80,-130,-46
-118,-48,86,40,-87,-31,-52,-54,-29,31,55,-54,69,20,-44,-79,-59,11,76,-53,21,4,-212,-123,22,99,-30,2,38,76,99,-55,74,54,68,54,18,-76,33,134,59,12,122,147,54,-75,8,-99,47,-33,-8,18,55,31,16,-15,-34,-16,17,-12,15,107,109,13,-69,-29,41,8,9
13,-26,-36,150,33,176,35,33,144,-12,102,69,7,4,-6,16,145,-83,70,-12,-34,-138,-44,-47,165,120,-101,-10,14,-21,9,46,111,-5,44,85,64,123,163,20,-91,16,26,116,64,-123,59,32,-39,82,19,-45,25,0,83,40,-40,-21,-1,156,142,-40,16,3,75,-134,-10,-95,-128
103,62,129,47,62,-45,38,20,-58,20,5,-102,112,-36,101,-48,16,37,99,-24,74,-30,53,137,30,47,100,150,15,76,139,76,21,73,-72,42,70,168,56,16,199,142,86,40,70,199,-65,10,67,-26,-102,72,69,83,-2,-22,4,10,115,91,125,45,-6,-17,6,46,-12,81,-70
62,4,53,42,18,-85,64,64,-5,40,35,19,27,-25,102,134,18,42,30,-50,114,173,61,92,-26,44,1,77,98,70,-128,103,28,-58,-60,113,-50,176,78,32,39,89,38,82,110,20,-34,75,22,222,-29,-79,69,59,55,3,49,-74,114,116,92,-34,-80,154,87,15,-98,104,-8
41,-57,95,120,20,26,24,34,-109,-157,91,52,72,-109,174,92,-21,160,-132,-108,41,123,121,88,21,-26,68,50,35,-38,58,-44,-14,-8,127,94,6,85,45,-43,2,-98,79,-20,29,48,92,75,-37,116,0,-34,27,115,31,94,50,-77,192,-94,-88,-86,65,-5,-23,75,-15,-11,-126
-23,30,56,105,23,-93,-11,10,-7,85,124,-26,77,63,-41,67,-31,87,63,44,52,133,-3,102,52,23,1,4,28,-50,58,-4,162,-105,43,97,-18,-79,62,69,-94,-28,145,-58,70,163,3,-36,112,78,-88,76,85,55,2,60,3,-34,122,-42,130,91,-33,37,156,-39,-55,-117,-2
-13,-128,-51,17,-80,3,-17,83,-66,24,47,68,109,241,8,18,-81,-31,-76,127,83,44,60,-10,16,-35,-76,-40,-54,-3,-2,-61,91,35,24,-110,-21,-10,74,-62,65,-62,13,18,-50,11,192,23,59,185,54,-111,-24,-44,54,13,-17,-39,-51,-54,-50,75,-1,36,11,-82,-51,157,53
80,-8,-13,114,66,91,-42,52,52,-53,0,-22,14,3,57,85,148,-67,157,16,138,12,95,52,78,16,93,59,44,35,192,85,4,45,-69,1,35,131,37,56,-48,178,10,118,112,10,46,101,-11,68,141,172,73,46,111,3,-25,-58,191,152,136,-14,55,208,-58,-54,-147,133,-94
35,-2,12,-4,86,-15,-48,15,143,64,63,124,-81,87,63,31,138,-41,60,133,3,-9,163,100,-38,6,-58,-84,25,-26,61,34,78,46,81,-25,46,86,71,-33,-11,63,-87,82,32,58,4,-18,104,50,23,-54,21,81,10,-64,68,-12,52,103,-22,158,56,16,-125,-116,-4,60,91
18,133,60,-30,86,-28,-26,-3,6,49,110,-45,137,52,3,-11,46,-32,68,-2,13,46,78,148,53,35,-90,-130,-22,-48,56,-18,102,-6,9,79,75,-72,-21,75,165,-102,83,-117,11,76,61,-4,102,49,-95,-91,-158,58,-37,-48,-63,91,-3,8,-63,80,1,-11,4,81,-17,64,10
-45,45,42,110,190,95,12,-38,195,-42,46,-62,-161,87,87,43,86,16,128,50,-63,71,-16,9,30,136,-9,-12,-25,-56,18,-75,78,4,28,142,135,62,209,46,106,-17,-14,162,-5,-90,-81,-15,118,55,54,37,7,99,49,19,160,84,159,77,-51,96,85,-3,-86,-142,20,-32,-6
-23,45,18,82,121,-84,73,-18,-42,-15,-26,79,-10,20,-84,-97,200,-40,-2,42,-65,37,8,11,76,-40,1,-23,-37,42,134,47,-38,-50,-35,-15,-46,48,-53,8,-49,20,50,96,13,7,-92,-21,16,-155,42,-24,-106,-44,69,53,-112,10,190,29,-2,169,-75,78,-51,85,43,-11,-89
34,-84,-24,115,-28,-62,-24,-54,29,-129,62,86,49,64,62,109,-32,56,-20,-116,39,2,66,18,31,30,-25,-58,59,-23,-27,-115,-122,14,-2,-21,57,83,88,19,70,-30,73,17,-92,-121,-16,58,18,127,-13,-59,-12,50,11,-5,49,117,23,6,-54,-107,112,51,-67,-30,-88,15,19
114,117,-20,67,92,74,-46,68,21,17,2,-81,-6,76,15,3,-4,-13,-34,37,44,72,-36,5,-57,36,-79,-18,-87,85,-26,-44,-28,75,-101,-67,19,-34,20,30,4,-28,-62,103,-48,10,-16,10,192,30,19,1,81,-26,101,166,-92,-57,206,-21,160,-5,89,14,9,44,80,-79,34
127,81,104,-51,126,24,110,4,-66,121,-4,-71,50,-50,35,92,27,63,28,50,38,46,80,44,2,8,57,-47,17,-37,96,110,116,49,52,-16,49,-137,99,22,-149,48,53,58,106,-8,-91,47,-9,63,97,34,-8,91,156,108,56,-49,81,50,61,9,69,74,50,156,23,106,-3
122,78,-52,-18,147,75,108,34,8,58,94,22,29,28,56,49,90,-76,-57,-49,-42,26,14,-68,-39,42,63,61,80,7,59,109,74,-45,35,-12,-34,55,47,-8,-89,36,-44,141,-9,-79,-25,-55,37,-34,-84,30,25,164,-39,72,58,37,32,-5,3,-21,59,-98,-60,12,-27,-72,-120
-83,-144,-53,78,22,34,-151,7,-77,-44,5,88,136,-25,-84,3,-29,15,-27,83,109,-34,-3,28,50,52,-93,14,10,78,-62,59,50,-73,-16,20,76,-45,-60,-25,33,53,-25,-81,95,210,-72,-26,-45,-74,-115,-135,-11,-52,47,-1,3,-65,-60,37,10,113,-41,-108,43,-11,-87,-26,38
82,10,-17,93,-52,-74,17,115,-58,77,82,27,61,54,-47,-55,154,-96,-106,-10,73,-16,115,-40,127,-2,-7,-108,22,62,89,41,85,86,-94,-18,32,-74,-17,4,-74,-34,18,-20,52,23,-8,-102,86,-16,-76,62,14,109,-23,74,43,16,3,76,74,62,-82,-61,78,112,-8,1,-58
-4,97,-88,-31,75,1,-8,51,14,-28,36,167,-194,26,-32,86,94,-36,-41,110,-10,-78,80,-63,-10,14,37,0,41,17,146,147,-126,94,59,-49,50,-83,62,-73,-135,107,-132,-8,-39,62,-46,30,63,-49,70,1,77,104,52,60,200,-17,59,30,99,-4,1,111,54,81,74,12,104
125,205,-78,-35,32,-40,101,-4,-72,-69,91,-73,-35,-32,112,-41,-113,60,-36,-43,-24,159,129,93,-87,5,141,47,33,-54,39,-148,-13,9,-53,-29,-69,54,48,156,128,40,39,-28,9,144,55,71,105,45,10,-8,65,126,67,13,77,-10,189,-111,76,22,52,51,-49,100,-49,-33,-12
-29,-60,18,77,66,63,-69,-24,89,-79,111,-44,28,68,-87,-14,1,-10,-104,32,-64,-25,-62,-101,49,57,-22,7,20,119,-65,116,37,31,-120,-39,-28,51,58,-99,-44,11,-30,11,-6,-49,73,-95,67,20,-31,71,31,-136,34,-34,-40,-96,7,156,96,68,32,-37,78,-82,-16,-63,-3
3,-21,-6,14,-88,22,-4,4,58,-110,133,9,-37,-136,42,43,-58,185,77,-46,27,32,82,55,66,-72,8,-42,29,-37,65,-35,-52,-117,142,-51,23,77,-6,28,12,28,30,1,-39,100,0,44,-116,-31,167,45,151,101,-5,-55,-35,-143,103,75,-24,-9,76,106,-28,-74,45,-6,-30
26,37,51,41,100,54,-66,-36,121,-70,4,28,28,-28,42,32,76,-65,-54,33,5,-40,42,65,30,11,74,-49,91,-79,1,40,14,8,-7,2,26,125,19,-61,-35,38,-9,58,15,-18,83,-22,-2,52,-34,30,25,-36,100,23,-33,31,-16,5,146,25,-49,-31,92,-18,52,-175,-30
-66,1,-134,-68,-59,-59,-11,20,-27,-138,73,103,-124,30,-16,-60,29,-38,-7,108,-76,20,113,-56,-87,32,-52,-52,-52,26,-53,11,-153,-59,173,-90,-138,-15,-13,-18,6,-16,-118,23,29,67,29,69,15,-109,11,-264,49,117,-12,-48,12,-104,32,27,-1,19,32,64,-77,-168,-88,91,134
29,49,87,16,-10,38,139,-29,35,-80,54,29,65,28,27,-75,-88,147,171,2,28,68,-32,-20,-40,202,135,-48,-44,-10,115,-56,103,-13,78,163,-20,1,62,117,79,-54,3,66,37,99,96,46,54,-56,69,-37,-84,87,34,29,14,-119,48,-77,-102,0,75,-65,11,4,13,79,-72
28,21,44,-55,-5,-46,-55,-32,22,180,-55,-33,-48,103,-41,-48,-44,-34,21,35,37,-10,26,-80,-45,83,-34,61,-120,162,-9,126,70,-109,-31,97,-82,-29,-68,116,-20,-112,-20,-46,69,86,-40,-30,-69,2,-36,-71,38,-57,-54,47,33,-79,-16,51,73,98,-140,16,109,-8,-1,-121,78
-21,36,18,-72,71,179,-87,20,64,-21,4,-137,9,-91,-9,34,-34,66,-21,-36,15,-67,13,77,92,-43,-56,27,32,57,58,42,-11,-53,80,0,49,-22,-8,-65,-39,-68,-34,-97,-24,25,86,-42,-68,-41,27,41,24,-2,36,-42,-67,-119,17,6,27,-67,-30,-32,74,1,119,-7,-98
91,40,1,90,53,76,145,112,30,-97,79,79,72,-75,78,1,69,15,75,-79,-107,-97,63,81,130,-76,59,14,-40,29,141,92,14,-28,137,35,-32,174,74,-39,116,33,-71,144,126,-55,-8,-35,21,-1,-58,-98,-109,180,-10,64,9,12,212,36,46,-64,30,4,-73,53,46,42,-78
-39,53,19,100,56,15,-44,81,-70,-110,-4,-39,-1,166,-81,-55,-5,-107,101,36,-67,43,-18,89,-58,24,42,-112,-113,-65,22,-38,37,-26,-25,14,-57,6,24,7,-2,-30,46,-28,38,49,60,-70,104,-4,130,0,-171,-11,93,-61,-72,7,-12,20,-34,7,-32,-44,66,-94,-17,49,20
95,78,-37,-35,11,33,-30,64,50,33,107,173,-61,13,165,26,-8,-16,36,-56,13,-132,74,65,-64,165,15,-17,-22,85,62,41,-91,120,122,59,45,-23,23,-24,-75,-90,-66,-11,67,-76,114,26,-28,40,-31,-88,81,88,-11,-39,43,34,14,-51,-44,-127,-62,53,-39,9,9,39,87
-138,70,48,-23,-7,40,-80,105,31,20,-5,-41,37,-30,-128,-99,43,-8,44,96,-68,-82,-32,83,65,5,40,34,21,-48,64,166,-60,28,148,-72,18,-55,-8,-74,38,54,-146,-28,18,-41,-6,-9,159,-111,-1,135,-33,-18,71,-40,-24,102,-25,-18,64,-13,14,43,25,16,125,21,12
65,98,19,29,-82,75,-7,28,126,23,4,-97,88,-68,18,-86,-62,101,1,59,100,33,84,-27,143,49,121,-41,42,85,16,-157,21,71,2,-1,116,-133,23,116,67,-97,102,-33,-45,48,116,104,53,44,-78,106,75,56,-44,-24,32,-23,19,-103,-71,71,35,-55,-157,106,-18,-3,51
25,170,54,-91,-73,132,83,109,134,89,-10,20,-12,-26,-87,-113,-24,97,109,122,-29,-99,31,46,115,66,22,5,-38,-20,-47,-41,91,105,31,11,64,-49,152,76,47,29,-23,-34,-18,3,120,20,101,58,92,109,106,70,83,48,-36,-135,-21,-5,23,10,-51,77,46,58,159,13,55
91,48,-45,72,42,-4,-1,64,-46,77,90,41,-23,-5,24,87,53,-18,25,49,47,-21,-5,79,125,18,-133,33,-48,178,41,62,-109,-6,65,33,71,11,131,0,27,-35,-23,108,74,90,-149,-9,-59,69,98,41,50,70,-51,28,-7,77,78,-125,-75,-10,111,34,-23,29,138,65,19
34,133,2,-133,-1,-69,127,12,-36,-111,4,-9,-77,-125,20,30,133,11,-144,70,72,76,84,-167,-50,138,63,-39,-136,41,-39,70,46,11,113,109,-33,23,60,-74,12,-5,-10,-95,18,102,80,28,73,-110,-75,-8,70,25,-35,-7,92,-138,153,19,97,-4,99,44,86,70,42,106,-6
-54,-45,85,129,-3,128,-2,76,60,46,54,-28,-52,34,110,-35,68,65,76,-35,-72,-139,-3,-151,48,-56,60,101,32,-56,68,48,56,89,68,20,29,-91,29,-144,45,19,-54,9,77,74,-157,1,170,-52,-53,67,0,74,35,-19,65,188,53,73,3,19,51,-68,-45,82,136,-20,67
7,-63,84,-90,-51,-121,107,-42,-121,41,-8,10,21,112,53,-59,-158,49,-6,42,58,11,-44,-19,-13,126,47,24,-15,-39,-54,-99,53,80,-38,16,35,1,48,207,79,-61,14,30,-75,20,66,-60,-24,50,-96,-41,-50,203,22,-55,3,-27,-45,-135,-36,-8,-74,10,44,-44,16,50,107
21,120,25,-213,46,44,71,62,30,57,79,9,38,-63,9,-50,133,-96,-86,107,7,81,110,74,110,33,-95,39,1,70,-23,97,-54,-31,5,57,37,-91,47,41,-80,-70,150,-16,23,185,118,49,-83,34,-28,114,115,47,-63,-37,-72,43,-117,-2,-36,-17,-68,77,102,93,44,18,-134
-23,-96,118,-77,-18,-78,-28,-10,87,-100,44,78,49,19,-1,20,82,38,0,100,-20,126,85,-7,14,22,-105,-22,-37,-30,-15,62,9,-39,-24,-71,-18,157,27,-82,-75,155,-61,109,63,177,-109,47,-75,52,118,63,98,-37,7,-11,28,-6,34,49,52,15,15,122,15,-112,-88,7,-34
-51,51,-25,62,-30,118,-7,-35,-95,120,26,-9,77,30,-7,-7,-59,91,-53,-14,98,-26,25,-51,19,18,98,-32,71,-33,8,4,-10,43,88,-12,68,-123,-41,45,1,28,71,34,58,-57,37,35,69,31,-58,-39,62,19,82,136,-11,-42,-74,-103,-10,73,-99,-45,177,39,43,-3,-57
