12,-20,33,15,-61,-17,46,19,19,-6,-23,13,4,47
65,3,-20,-26,25,31,-7,23,-17,-8,12,4,-27,51
-26,-45,-11,-19,23,-25,-34,-31,-9,-2,24,12,-72,-21
-8,-56,-38,19,-18,-60,32,-48,16,35,98,-11,2,20
-54,50,-10,-5,80,47,-34,-45,-41,47,-54,-27,26,28
-43,15,-23,31,12,-42,-31,-48,9,5,-31,48,-43,-29
31,-15,-22,15,24,21,-4,1,27,6,28,13,-12,1
2,27,34,-38,-15,-49,18,44,44,-10,39,17,29,-49
-37,43,3,54,24,-8,46,-13,-45,68,1,4,96,26
18,30,31,-32,-38,-42,8,21,30,-7,30,-2,17,-10
-10,-43,22,50,-29,-28,22,12,-1,-8,34,20,44,34
8,-4,31,42,-57,-23,39,54,19,-3,-11,50,42,6
63,-7,22,54,-64,7,32,53,-13,-37,-27,35,-64,-40
-60,-42,-9,-24,-17,24,-41,-3,45,-47,-1,-64,18,-14
