48,-71,-12,89,0,68,-89,-131,-38,-43,-11,-60,54,-23,159,86,-32,-106,2,159,1,57,-20,-19,98,79,-89,14,68,55,-35,83,3,-115,50,42,-122,-157,19,50,72,30,6,-60,-130,-41,-76,51,83,11,64,-74,87,5,-9,7,80,-154,2,128,35,18,150,-168,39,-49,26,49,-52,58,-105,-204,116,-10,2,150,-56,6,93,21,-35,127,58,145,118,17,61,-149,99,85,66,56,-8,-171,144,140,-117,-113,-23,89,49,60,51,-75,7,55,72,60,2,170,146,-15,18,130,71,139
-46,5,39,-45,4,112,139,-118,-56,-40,189,26,164,132,233,-37,41,83,158,10,7,-49,15,-93,2,-20,186,129,141,-35,338,201,34,-60,64,-111,-5,-8,-69,-10,0,-54,-69,-26,-12,-50,195,99,59,171,55,-82,98,-79,181,-10,-54,149,196,-62,40,86,169,98,39,-22,210,133,212,41,195,211,-52,119,-50,-143,102,35,180,117,-21,-192,14,16,0,147,-49,117,-62,-71,169,-37,57,-157,130,42,-68,-53,112,100,88,-14,-52,120,73,-78,-12,-45,-112,2,57,84,134,63,-91,92
-83,81,53,136,102,112,91,66,32,-91,13,78,82,59,-8,-60,58,40,113,-81,152,67,42,23,32,45,55,54,54,-247,204,-59,72,139,56,-3,4,42,-51,182,47,-94,156,29,17,27,75,-34,7,-2,113,234,-23,2,-86,115,115,-16,-73,43,180,118,-69,271,-53,-1,11,-22,-5,-65,25,57,61,-20,109,20,14,121,79,-125,-196,50,100,137,77,16,-111,115,65,-44,82,-91,-83,65,109,80,7,1,53,-51,292,69,12,217,-56,-17,81,31,63,-12,91,-52,-137,-5,50,15
196,95,-61,242,-81,85,37,115,-64,-42,28,54,111,-62,70,53,64,128,52,103,6,-15,36,87,53,24,-131,80,106,-94,-21,-45,30,-60,69,160,-29,169,-94,71,148,-37,-82,-40,-104,-9,-88,-82,51,112,-97,61,-257,61,45,-71,135,3,-57,20,229,-1,142,-65,106,144,-41,-95,54,-111,180,-80,109,-21,49,20,78,102,-46,128,-25,157,47,55,78,102,48,36,119,33,14,-31,-196,32,17,138,-126,46,63,46,72,56,48,-49,-46,-88,122,38,-21,209,91,11,-7,-17,173,84
37,116,21,-60,46,83,144,-15,25,-25,-62,-2,231,-9,-35,258,-9,85,-36,45,-111,-60,95,83,-63,39,77,3,82,26,-8,-62,-27,-34,-14,50,-92,-135,-49,79,108,-54,37,-75,67,111,119,236,40,94,-80,-47,149,-63,-85,-3,-8,34,72,163,147,105,37,182,39,151,-54,44,-13,-81,28,75,-210,73,-70,165,86,72,-23,-81,58,-17,151,87,118,-3,-61,33,-106,-8,28,39,172,130,123,146,-25,-191,-52,-19,20,135,17,-15,5,170,126,-42,43,103,-21,133,129,93,-99,13
77,297,122,90,100,271,48,205,54,63,43,113,72,-10,96,103,217,190,55,-227,79,-12,28,-50,176,143,-13,148,131,-35,83,39,58,85,27,108,165,86,83,119,-9,-89,88,30,5,-30,-16,114,47,179,55,175,-25,75,209,13,-180,61,85,-32,72,43,45,149,33,141,207,69,78,-20,91,158,-121,142,88,27,-83,64,69,-151,8,30,32,55,14,20,32,97,20,-47,119,131,-66,-118,97,139,112,119,112,83,120,2,42,64,92,47,-86,-15,30,107,174,51,-23,210,-38,90
51,27,-23,-51,127,22,-74,-47,14,-17,-62,164,-51,-153,29,-5,52,-28,-116,-104,53,-64,67,102,36,-75,69,-18,22,-7,-18,2,-51,-37,5,32,15,-98,50,-87,-138,-64,-95,24,3,-70,-102,-3,97,-52,-7,4,-106,-136,156,11,-82,88,78,-27,8,91,2,107,-45,-18,193,41,86,79,45,70,-10,-130,-84,96,-119,-44,-105,117,70,-117,11,162,-22,9,89,-67,-18,-183,-95,-39,65,-83,-83,68,-17,59,-41,39,64,-19,-56,-46,2,47,23,-62,133,-63,144,-141,8,126,40,135
-73,52,253,129,-26,133,-82,-107,100,103,-37,-166,-137,87,-24,-4,217,-6,-112,-73,-71,44,-74,2,93,-70,23,-167,-17,143,73,-18,41,138,68,152,110,-47,-28,77,-40,37,-124,-28,-36,-141,135,18,79,109,-91,-162,-97,-88,-77,-57,56,-34,28,100,-7,42,73,-74,-151,25,144,240,20,191,8,-70,52,-64,-123,-50,-117,-156,-27,46,45,-11,10,87,91,42,-31,170,117,60,52,20,-8,-151,-17,187,-32,-14,70,62,58,30,53,41,140,94,26,41,31,152,79,43,-13,-22,-22,59
17,-19,-118,52,88,55,-127,108,95,-63,159,132,-164,-7,129,189,10,42,-45,-161,8,31,23,3,0,125,110,32,193,20,20,13,-86,-89,-135,99,-57,-17,-27,100,114,-1,102,75,-153,68,-17,126,112,66,22,35,-14,-42,0,-2,-116,82,-71,10,185,141,121,83,-62,72,8,-62,-22,-31,21,65,51,-119,-51,103,-43,167,52,-7,-181,92,-60,-18,76,203,120,23,-15,-111,88,-88,-15,83,-126,145,48,31,86,-180,44,137,-149,161,16,26,55,8,162,-146,97,-37,-26,-96,248,21
-131,14,109,67,30,128,-7,-11,20,82,34,177,-70,-67,210,196,91,25,-167,259,174,110,-3,30,34,-45,200,108,84,4,238,-68,101,99,-55,168,-6,-122,-69,202,14,-27,72,51,42,63,-39,120,-31,240,68,-77,106,-77,58,-47,-91,27,23,148,228,250,-133,-38,135,-39,-100,-85,123,-74,153,-56,-131,-11,-101,76,-1,-3,-161,94,53,69,-175,174,169,105,54,-2,46,-37,-28,-159,1,-128,82,166,35,28,-70,248,39,5,95,175,193,-77,222,57,181,-90,171,53,122,-14,118,66
-16,156,49,131,114,-9,-69,-4,97,85,25,61,171,103,76,102,2,23,40,-17,90,246,43,82,92,161,16,87,0,26,-3,113,-27,182,-145,155,77,-89,12,154,-27,97,105,66,68,5,50,51,262,8,47,-70,-87,157,-130,73,-11,29,11,112,-56,63,105,-29,-34,58,-30,81,-59,-39,53,-52,136,166,-10,45,39,-97,-55,-14,13,45,19,-62,73,133,6,149,93,-33,-109,199,-149,26,-127,-33,59,83,45,85,83,28,106,94,20,-23,-62,79,-50,66,61,-18,38,-66,5,128
-60,50,20,155,64,25,31,104,53,-30,25,-24,117,44,93,-3,27,28,18,-103,85,-24,-24,-77,169,52,44,43,73,-14,40,101,-22,61,125,-61,61,83,24,228,120,131,188,-86,51,64,258,136,146,24,129,40,40,-14,-30,130,96,51,101,12,75,-21,125,106,-19,137,13,-1,-252,-19,35,9,61,80,-149,138,29,74,164,-29,-69,-58,-87,-33,104,166,85,118,46,-56,7,88,142,62,7,44,28,-61,221,-34,265,188,78,87,-86,196,65,100,149,63,-16,-45,-21,36,128,55
14,207,85,11,75,231,-135,64,-30,14,-38,-98,163,-50,-7,159,105,-18,-19,-191,213,66,102,-58,175,98,15,-46,-83,-122,-80,-49,94,197,-20,81,-37,95,-57,-3,164,212,-78,0,112,68,113,28,180,-68,83,12,37,-10,126,117,67,-38,-4,84,45,42,-36,-67,218,79,130,31,-28,67,139,119,-187,107,-21,274,-44,-18,-93,161,205,27,7,144,-76,-3,-102,60,102,-218,38,-31,28,-113,77,-53,79,-34,8,287,-147,-21,95,148,6,24,6,36,17,166,72,-119,-11,-41,277,-52
-2,-79,-23,-118,125,29,150,6,25,67,-124,-60,14,208,0,-167,-49,-165,-34,-36,8,-137,35,112,98,-156,-215,-1,56,51,78,73,-176,14,106,-3,-140,89,-76,-38,115,-32,-90,100,4,-97,-26,40,-50,-91,8,25,104,106,5,26,10,-9,24,117,-83,159,7,136,80,-73,-51,-100,4,-36,-96,105,-56,-34,-116,165,-45,-99,-8,21,-10,-59,7,60,-58,-41,-56,190,28,-39,135,-8,184,50,-35,6,-16,-18,-81,-11,129,59,-7,-4,47,125,-135,-95,-40,9,14,127,108,-11,-83,40
60,7,-5,60,90,112,-71,10,-22,-184,-61,86,84,-12,260,84,13,-53,99,84,9,-59,62,-110,-43,-24,-16,94,148,131,69,163,-56,-60,100,1,137,148,-152,166,261,89,-27,-55,119,272,67,-32,93,158,84,-38,304,36,6,-119,16,109,-101,52,139,99,56,-35,-4,216,111,35,57,-119,83,87,-34,164,28,125,132,-21,9,-7,7,-210,130,-128,-135,51,142,122,-25,-188,126,162,90,58,3,232,-78,-57,154,91,10,70,20,66,38,164,53,105,98,34,158,106,168,-1,33,27
-4,-134,46,20,-76,51,-97,107,30,-98,29,167,-114,-163,47,188,93,107,-109,-55,16,120,-118,144,-8,29,150,-139,-51,-18,50,-106,-68,119,252,137,-68,15,-17,-74,42,15,104,32,-83,-136,85,-24,-36,-44,139,94,-70,37,26,-6,-79,112,92,-132,37,-46,-96,63,5,166,55,-70,28,83,-153,-17,4,-32,29,186,-13,42,16,110,84,7,169,83,31,-11,58,161,-28,-57,80,-39,-50,135,4,81,-4,136,21,-150,80,-17,-22,68,101,-225,-40,38,72,21,-132,-114,-108,6,13,-76
-21,-11,55,-9,23,-22,27,157,129,-40,-15,-10,89,-24,130,43,19,-73,-121,155,46,-124,-133,-107,34,-75,-39,-25,32,-18,94,38,0,57,130,-59,-16,91,-134,56,43,-16,-35,-19,80,82,152,-24,-127,-51,-70,94,-31,146,-109,-51,2,-9,-85,-41,106,-44,59,0,-14,49,-172,-119,-4,-61,18,-22,-22,21,8,199,69,-71,13,-171,65,-107,18,113,-97,78,61,16,48,-161,93,78,56,23,-66,-183,6,156,-86,-36,73,24,6,-84,59,-138,6,131,35,24,118,207,102,-5,63,23
-117,45,189,119,111,-53,-38,91,-35,-41,-92,35,-129,-53,96,-106,-34,76,-136,-48,-21,-28,-104,56,-4,-58,112,38,43,65,-81,55,-160,69,89,69,41,-85,118,-92,91,166,-13,35,-113,34,-24,142,42,38,14,123,37,-31,-34,12,-6,-82,-7,-51,68,73,-48,-159,-169,-18,63,25,-57,86,22,-50,1,-52,-65,18,1,-166,184,134,-82,145,29,49,-23,-51,-30,24,-15,-56,104,59,172,-57,97,316,36,87,-7,106,-5,-118,-23,-19,19,60,128,197,96,-78,-92,72,34,-78,-3,135
-137,16,25,-93,-37,83,-41,-55,18,71,-192,34,-79,-15,39,-23,-24,-61,-56,-232,-90,-63,-93,185,-88,5,38,-242,-215,-56,19,-137,10,-71,145,17,-61,-2,-6,-44,98,-10,-58,-79,39,7,128,-148,-125,-68,-109,197,0,65,116,-41,-78,-4,141,-1,-117,-105,-106,58,149,50,207,26,150,165,31,154,-16,-13,34,-5,44,-16,-24,189,74,-48,124,57,26,-170,-61,-30,-76,-5,-4,78,-74,-96,175,-59,28,-67,68,-40,54,-19,17,-178,24,-57,54,-33,86,32,-73,35,-55,-10,-63,-144
81,146,137,-101,3,-4,72,27,43,40,60,76,77,-146,126,-82,232,134,43,-177,-56,-104,66,9,-75,-201,-8,156,-63,-37,0,-44,-39,-57,-35,111,-18,-26,47,-77,49,-39,-25,71,-45,189,193,-64,-7,82,-28,229,-2,103,139,-7,-125,195,266,10,-12,4,81,40,84,126,161,77,176,-49,63,55,-4,-19,-88,82,-35,228,225,104,19,-61,94,-120,-32,100,-165,71,-160,7,112,29,178,54,-22,9,26,60,-7,-41,-51,30,-38,-64,-20,68,33,65,-93,94,56,-125,-88,13,115,62
18,88,-9,75,41,101,-32,99,-73,-87,7,-68,64,-19,11,115,68,97,35,83,87,-55,121,-3,-95,-14,87,86,-5,138,-49,0,144,44,-48,57,18,68,101,55,191,72,93,-106,55,117,70,-17,8,-13,-14,-138,10,91,-20,94,-9,24,7,210,38,6,-66,-156,103,62,-71,-6,3,-50,162,41,-24,-2,46,-21,60,-71,7,66,130,110,-70,-14,97,-12,16,-15,-14,35,-10,72,37,38,67,67,-108,20,-38,-4,78,102,7,122,58,-66,189,-14,144,-1,19,126,67,22,67,64
-99,-7,59,-47,-224,19,-5,121,-1,-163,200,133,-62,181,128,60,91,75,-77,-42,49,49,99,-2,12,100,8,21,-116,87,-56,46,-149,-31,-64,-75,126,92,-57,163,42,152,-110,-74,-34,91,75,55,48,62,-91,-8,43,-160,-101,112,178,150,5,91,124,221,29,-24,-143,-10,107,162,-13,143,-51,43,172,44,24,32,-22,45,36,79,-21,-115,-51,-49,51,31,-76,2,-87,0,37,30,94,259,72,89,17,24,220,-38,-33,43,-18,409,-134,5,-98,202,70,53,59,4,-119,-84,65,222
135,-9,-4,66,-11,-39,-5,30,24,35,215,-57,33,180,55,-121,-88,23,-43,-22,31,70,-17,-8,39,105,224,36,-29,-12,8,181,12,122,-29,-16,-1,-151,194,-62,-57,67,-15,-55,65,-95,101,137,126,-44,42,0,-2,23,-39,36,164,32,179,-64,85,133,-32,-96,80,67,-19,124,36,77,-97,-11,168,95,94,1,-45,55,67,-51,-32,87,-70,-18,72,110,-13,-48,88,67,7,55,8,-23,-32,104,19,215,43,-29,-10,33,113,114,-67,-27,-81,20,27,91,57,18,15,55,-55,98
18,10,-22,194,26,-95,64,-39,127,-73,37,-67,-40,26,82,189,22,97,-24,-109,36,-80,7,53,156,82,178,42,17,-45,134,73,37,-5,-119,-18,-18,3,-53,66,-32,-88,59,27,-38,68,141,-3,132,115,-42,-61,-70,27,-48,-103,65,115,117,15,119,14,4,-174,123,102,30,49,72,101,70,28,53,-55,-5,-78,45,57,23,42,38,-84,6,-74,-37,-28,44,-18,155,-28,-88,70,38,-63,-63,125,-73,-85,55,-4,-12,-16,209,96,-77,-89,15,15,-65,63,-12,131,-44,14,88,125
-95,103,123,-152,-38,55,231,117,-26,43,109,-70,143,109,11,-36,62,167,32,153,73,-9,-127,-36,17,-41,81,121,-46,145,180,114,3,58,119,-44,88,-61,-60,26,-48,-148,148,15,67,144,119,73,-124,192,98,13,117,68,-147,-89,-222,-111,-3,32,19,117,85,14,125,-33,-73,0,47,-3,6,51,-4,56,-40,-125,-80,-73,27,-65,60,-51,38,44,-98,63,-130,85,-32,47,83,-106,181,-55,83,5,-14,11,67,43,53,115,18,-5,5,144,-15,100,111,-89,10,122,39,82,-104,138
-46,86,78,-27,25,46,86,-18,72,111,103,6,117,234,113,271,-120,118,-143,-9,86,-18,125,-29,-158,177,124,175,43,98,68,158,-79,144,-37,-26,92,68,-25,-18,40,-55,32,15,-24,202,105,166,100,-56,21,-55,158,178,37,36,53,-13,-53,-72,18,107,-58,-3,133,181,30,-2,65,-144,14,160,-2,29,80,30,57,34,120,135,194,148,-145,11,-9,85,-130,165,-95,100,189,5,68,186,151,143,-11,-5,124,-62,80,58,-26,209,-43,-35,-175,-112,134,36,-90,103,0,-87,-29,66
111,67,-8,20,6,81,146,85,94,-81,12,103,114,9,199,7,-20,39,104,20,-107,18,88,-6,-27,11,-57,102,-7,6,17,96,146,78,155,24,127,105,26,82,49,46,64,61,205,102,91,156,20,51,-133,98,-122,-111,45,33,-109,162,-49,-18,104,-110,-99,144,96,-82,-3,-34,159,-60,-167,47,57,115,-16,41,-5,137,105,-67,-25,-57,178,-219,96,42,51,21,-57,-18,144,13,39,39,101,-64,97,-76,113,-72,-78,-33,-78,108,13,211,-100,-109,149,31,92,-2,-34,89,203,29
-2,126,-62,-216,68,27,4,61,-33,68,161,106,32,99,216,27,-48,101,-91,-61,4,2,-66,6,58,114,150,-44,2,48,-72,16,-58,217,-19,49,58,-154,59,71,-87,-2,-97,34,-17,104,-95,-79,9,-26,24,22,-134,-111,43,-26,-68,107,100,-27,-39,31,228,130,129,218,16,-29,-65,79,-255,134,144,33,-14,-95,-11,-29,-131,-102,86,155,51,-75,14,198,229,239,-35,13,147,180,-67,105,-58,87,-58,143,173,48,149,85,-15,-75,58,-40,-157,162,24,-99,-40,13,-51,71,-149,107
15,94,95,-66,155,53,-22,88,-63,76,72,-98,135,-65,125,155,-24,-107,-11,9,29,277,79,-151,113,-62,-127,12,27,67,2,99,81,36,134,44,45,111,-67,56,137,243,-151,-27,169,108,225,122,133,45,-19,-81,101,73,116,154,122,-80,45,143,147,-4,112,-89,17,75,-24,137,5,-11,206,163,3,25,50,253,51,-41,-13,29,254,35,-115,88,81,61,155,237,39,-70,227,67,-39,253,27,43,9,-49,17,187,-48,-34,21,174,190,133,83,221,-87,209,25,-35,92,-58,7,82
218,40,-24,26,-32,78,-13,-7,19,-50,73,72,19,71,-99,139,76,121,-31,-53,-32,181,2,24,34,-94,33,-9,116,16,8,48,-7,102,15,57,49,121,30,141,151,-117,182,50,172,-24,143,64,109,46,130,24,31,-39,78,68,106,78,37,-4,98,36,48,191,-141,256,66,19,16,126,24,-27,-19,34,-21,-57,-3,280,5,-137,-54,-40,212,115,-100,118,-79,165,11,93,157,-155,-17,128,-20,28,-12,-141,158,-121,101,262,6,122,22,113,-59,37,38,46,142,145,119,65,-40,23
129,144,7,-58,75,37,104,-29,-51,58,152,9,158,153,29,227,-21,74,93,14,35,-40,313,-48,-4,60,-102,237,163,-5,128,9,0,78,55,65,6,79,23,78,43,-22,44,6,-118,88,164,61,142,-72,239,66,77,-102,43,60,221,3,215,32,43,106,4,114,186,-24,105,-82,78,5,67,139,24,-55,-28,40,191,209,143,-40,193,-61,28,-108,42,-48,-35,268,-101,90,112,114,51,47,42,-34,-59,-146,42,6,27,66,-41,137,1,36,-17,-166,18,28,-107,122,33,-52,-4,53
-60,185,4,250,11,63,-47,150,13,-19,111,174,-26,-75,115,28,152,92,-53,-89,-81,85,46,35,165,-31,6,12,40,-75,4,-42,67,-53,187,179,145,111,-14,82,-43,42,-96,-26,58,13,-33,-183,-9,-78,-56,97,-15,134,61,38,43,179,88,-34,170,-77,-27,-5,-147,160,82,2,144,48,15,16,-55,98,30,-39,-34,-48,45,115,65,56,98,-126,28,5,19,-47,25,114,44,110,-39,-138,190,112,-98,-9,12,17,55,203,83,51,-21,21,163,171,-3,49,-83,-37,-54,-24,111,-94
64,88,144,22,-47,102,86,120,-19,-97,15,94,154,84,87,-50,42,143,63,238,-11,144,187,-29,-13,-46,43,144,-20,179,-166,50,233,-73,-30,40,26,14,31,-71,89,146,-46,-26,109,36,-50,59,-70,73,43,117,-59,-90,-62,29,-34,-15,104,211,35,288,-108,0,-75,-194,-71,13,31,17,102,44,25,123,-35,38,128,3,-64,-64,60,8,238,73,-22,-32,11,60,180,-13,-26,29,89,14,79,-182,93,41,3,64,39,63,-113,38,30,180,-5,-90,-163,4,134,158,-32,217,168,-12
49,66,77,151,96,-86,-48,61,7,-1,82,134,65,-15,11,-101,172,59,218,77,216,70,-26,-28,-26,139,62,234,101,78,126,110,31,65,-48,85,203,-23,20,190,-38,37,328,-49,127,150,46,2,129,62,101,53,102,52,88,50,6,1,38,-1,62,118,106,98,-30,30,40,32,-7,-6,103,-111,57,60,-85,42,41,50,127,97,64,222,-110,-54,-9,184,26,110,123,83,56,232,103,100,56,189,-121,131,182,149,43,70,-17,190,-22,203,-8,163,117,48,-10,-241,-23,55,-25,187
198,127,80,36,124,125,-108,44,60,-90,121,-75,111,54,113,54,-30,41,-42,-26,44,20,197,73,-78,-25,48,64,-13,117,9,-91,42,146,-14,96,194,92,123,-57,79,100,-181,-76,34,0,10,156,138,-107,72,-37,31,-12,-121,172,134,3,58,114,-17,195,-15,9,63,191,134,39,35,48,60,77,-32,209,-16,61,-87,7,-180,110,156,-11,-105,82,56,170,36,145,-62,-117,30,118,75,161,-77,17,0,211,-59,93,81,12,78,250,29,-4,48,78,56,179,194,76,161,129,115,-41
59,222,251,1,99,63,11,116,10,-11,111,166,138,78,-53,-30,-14,188,-10,-125,49,-27,11,86,-139,-6,41,21,-30,1,-25,3,-44,6,-136,91,108,138,-26,131,149,101,62,91,55,68,152,-176,218,-136,-14,30,-126,123,205,135,131,-54,242,245,204,252,70,3,-71,73,96,129,96,140,187,78,94,50,5,126,95,-10,42,19,63,69,-78,156,-11,184,-65,0,51,-94,128,38,-14,91,48,112,-41,90,117,-1,125,17,-48,213,-40,26,172,181,-125,111,-35,-14,-33,-27,159,38
-6,-22,-6,38,202,-17,-80,-102,150,81,-12,58,-91,-5,48,9,10,-103,128,34,106,124,72,70,-90,89,177,-2,126,-109,113,-43,-4,-24,43,-41,46,83,88,-4,21,45,99,97,14,-75,147,106,-23,107,150,152,159,1,33,-32,-72,-20,63,-102,117,75,-85,-81,-43,-12,235,137,52,223,71,-45,-185,-70,-35,-14,-38,45,-22,33,-30,5,39,22,-89,48,132,116,-19,-69,56,-67,-49,65,22,-29,47,43,-51,-98,19,83,-14,159,124,-5,19,-39,-48,37,45,-93,32,-111,78,-101
99,-65,152,54,125,59,23,-139,-30,-97,-82,12,125,73,119,12,-151,-52,61,43,-29,45,35,-105,129,63,-74,164,181,101,6,61,16,59,111,86,16,-274,-74,-43,49,-158,137,119,23,-98,116,-117,143,23,167,-13,84,2,145,88,35,-14,241,-36,-59,-116,-76,-60,158,11,202,29,-51,40,-9,9,171,-25,68,19,135,89,267,12,74,-133,75,-67,-46,124,56,133,-19,-27,96,-19,-28,69,6,65,-21,101,62,-5,101,63,-27,-196,14,89,-72,3,-4,134,-23,-1,-116,79,-159,41
-62,2,87,210,22,63,-51,-106,-27,-22,46,-73,34,43,76,79,34,-44,-19,-81,-59,77,122,24,42,60,97,-5,-14,-131,122,-65,82,-21,-106,54,-21,-73,81,-20,50,-97,-62,99,-63,-78,71,-38,65,-51,162,-66,-79,148,32,72,-164,178,-27,108,-61,59,49,-23,-52,1,159,125,58,-60,79,-88,-28,-22,89,183,-14,4,177,11,56,85,51,117,195,15,-26,55,-40,-16,-45,24,-51,-46,120,41,-60,-76,-50,70,88,-35,-160,209,-4,12,22,-140,-6,145,-104,-18,-181,-39,-98,-92
193,141,150,0,21,4,58,203,107,33,149,3,22,131,183,49,69,-17,-46,68,-35,168,162,-4,15,58,43,202,80,-14,91,60,66,82,-127,126,102,-32,54,177,96,93,-2,-77,-95,112,112,154,61,30,119,47,8,8,-127,83,51,32,-1,10,-24,56,91,58,131,43,-41,107,12,-3,82,57,34,146,-46,62,97,141,39,-181,189,64,-132,36,11,13,101,257,-73,-106,30,142,-7,96,-85,-186,114,52,-96,150,104,52,-42,216,7,5,-30,56,-12,119,127,130,18,-35,47,122
-11,73,-26,1,43,-243,-48,-6,29,14,-37,-103,29,45,-78,-106,87,-79,126,-109,117,-79,-73,27,-96,2,1,-8,174,-53,29,74,38,-24,-72,-53,-50,-41,33,-9,33,-52,32,-43,144,44,49,39,138,52,103,-86,17,58,-144,-19,-47,-146,8,-5,-90,-28,104,-118,123,12,-26,-1,-38,-25,179,-142,-22,88,-65,-60,-5,-71,-71,25,0,-33,-351,-52,-90,2,-54,-45,-119,-53,-103,147,90,-46,-111,-9,-39,39,-3,88,-16,-5,175,-132,34,-77,2,-16,94,85,41,-218,304,-113,25,-37
-154,-287,294,30,248,-19,46,117,-76,-50,-7,-64,-102,25,-28,119,-89,42,-90,-14,21,-44,-50,28,-80,-127,5,-84,32,-3,92,-74,43,-41,-147,-19,59,-43,19,-81,50,-130,57,103,-121,62,39,29,-78,-117,-7,-22,-78,126,-71,-70,59,-30,-16,-25,-97,125,-181,-15,1,-58,-119,20,139,-111,21,-17,92,-135,-85,36,143,111,-44,79,93,-12,-82,-19,18,25,-149,-19,54,-59,-8,-51,29,77,-151,-89,10,112,-186,-47,23,63,-12,-9,57,83,-43,-151,118,-33,104,-54,79,-75,35,-71
145,0,-16,166,-119,46,-89,105,31,-17,-5,21,-63,-124,87,101,205,96,11,223,80,-23,-28,-124,-74,-225,175,31,42,80,-194,-94,100,166,22,160,-13,-19,52,-86,-35,169,101,52,-94,71,-65,-106,-99,-37,7,-45,-87,60,-39,-40,-27,-14,-107,80,-46,108,108,-156,-148,95,-95,-98,38,-4,-69,-216,58,-92,-122,101,-87,158,87,166,34,142,-43,118,-11,86,-65,-14,109,80,90,12,90,-85,-37,32,24,122,-110,84,86,30,-96,95,-115,-49,226,120,101,-6,88,2,-51,-75,258,14
70,-1,2,-80,-57,-108,35,-38,-10,64,85,-39,110,113,25,1,-145,-45,-36,75,-73,-126,83,-94,-194,152,76,-54,-119,-78,138,143,38,97,-31,53,142,145,-30,-67,-63,-64,34,133,-107,36,-29,104,152,72,-154,128,41,-7,72,-127,-60,108,165,10,-62,-107,-82,90,86,0,-42,-95,48,53,26,10,32,-46,-207,-51,-83,15,214,58,-13,55,-14,-146,8,151,13,35,-53,58,94,-15,73,-61,42,112,-114,15,-1,63,-98,-113,-110,-105,-170,77,-18,-91,-53,141,-247,-65,68,60,-8,29
-67,-15,37,55,-121,75,64,-93,78,167,163,70,92,-36,50,-3,59,-49,-89,95,33,15,3,159,24,-5,67,1,14,148,-108,-40,83,101,-4,50,29,-153,22,-95,-8,50,60,-136,14,-86,-52,38,-96,189,143,130,-67,-60,31,115,-86,66,144,70,-19,180,-3,27,-9,157,80,96,-151,-5,17,76,15,-57,-240,116,-173,-172,38,-70,-49,61,175,109,137,-47,-59,-149,138,115,-57,23,93,46,84,82,23,151,-49,96,141,-57,28,55,36,-28,159,114,19,86,-1,71,47,81,53,68
-72,119,-35,140,-12,90,-21,255,111,126,-77,3,47,28,8,59,-68,89,82,26,102,-39,6,52,-15,121,135,-61,-83,-106,41,122,-92,-64,-149,54,170,-31,152,161,-8,-11,124,-220,29,-24,113,159,112,60,-88,179,-83,-128,-4,-62,-14,-117,-12,-42,35,-9,-88,-76,-166,110,-15,16,-117,-48,-116,-74,181,-96,-123,149,-26,71,19,-115,-157,61,39,102,167,46,135,-87,39,-77,-202,176,49,-7,-29,93,248,-4,93,-250,176,52,110,72,-109,94,54,-43,178,-33,21,88,-80,-70,98,17
6,43,-11,-127,-40,-105,-65,-69,-112,0,109,112,-58,11,-60,89,-9,-1,-9,127,68,-84,16,-57,48,-111,-214,59,90,127,-206,-54,34,-58,-115,-19,4,21,-113,-60,-80,-121,119,65,4,51,-90,110,152,0,-77,-4,0,-141,-26,40,109,28,-12,-75,-24,42,13,32,-118,-10,-90,-14,-86,-135,123,61,117,-176,5,-76,43,22,15,124,-10,-114,-3,-102,-83,-103,44,-79,13,53,17,-42,-64,76,-194,-162,114,0,-117,17,-49,14,130,60,49,67,16,-116,-19,-39,0,-33,-50,-38,86,85
90,7,188,25,6,-68,52,85,-21,31,-25,114,-51,0,18,-85,171,60,-27,9,-161,-69,112,158,62,-10,146,-13,-112,4,161,-66,-62,201,146,16,92,-16,104,116,-160,50,9,84,-189,-35,-99,72,15,-112,-28,137,16,-4,90,-74,0,39,173,62,99,30,-82,174,-70,-87,47,-105,92,142,-9,-24,-122,-14,-26,43,59,44,109,2,-16,38,101,239,79,-103,121,36,-57,64,144,19,208,-50,178,125,87,5,-18,13,0,51,22,52,114,205,35,31,35,-24,95,-12,107,73,-50,27
39,-8,-38,97,122,-63,75,-36,18,-108,11,66,6,-94,147,69,35,-18,34,78,27,-13,144,125,34,113,18,9,90,19,-13,-134,122,137,-46,51,102,174,-40,46,164,47,47,141,-91,83,-94,20,-75,22,79,67,-89,24,-113,-50,32,203,-137,26,25,56,-4,124,-66,-103,85,-40,69,-106,41,-34,-7,133,-87,-91,26,-14,-17,-7,23,170,-78,2,82,145,170,181,275,250,-38,138,-105,-10,121,-76,-8,-214,10,90,-1,92,-139,116,95,182,68,50,14,39,188,-120,40,-13,104,146
44,163,124,-10,45,309,85,-61,-13,104,78,104,35,136,88,170,107,63,-44,-40,177,106,109,-85,-19,-40,99,119,171,14,35,183,53,139,-166,169,113,95,137,168,210,-14,-22,32,34,5,-8,-29,146,-57,23,-55,178,-22,207,58,89,99,137,167,99,232,74,161,-55,316,170,230,87,-128,99,93,110,82,-175,68,138,205,132,-91,62,-25,15,38,0,236,85,253,16,-49,93,137,10,37,-14,102,35,-22,170,63,12,125,-24,293,72,33,-5,107,1,99,3,150,195,-74,32,85
140,-24,-103,-69,78,-72,49,-4,100,52,7,-8,129,-133,79,149,-71,23,11,-135,-43,31,-22,-39,67,37,-172,62,89,-147,145,-45,-152,87,-21,47,18,116,-105,113,-8,-73,147,173,-3,140,-53,52,73,19,129,32,-217,41,79,-125,-6,178,-121,133,127,-107,131,229,43,80,-61,-49,-29,-111,-92,120,37,-115,1,-28,-213,188,160,-219,-69,69,36,-110,93,60,-2,209,-105,-54,49,-50,-6,147,-180,37,-73,-127,23,51,35,-62,-134,-70,-93,74,-41,106,-18,-34,-29,-82,-53,-108,47,33
-36,114,111,-35,-108,11,47,65,-58,73,4,21,167,14,81,120,-51,209,45,85,-4,0,-1,-82,-13,-46,33,-64,1,-10,41,90,33,-222,84,-76,-27,45,-20,93,97,40,-72,-36,120,-20,148,183,85,132,38,40,-13,21,141,-41,-51,39,210,-45,149,-2,245,-80,127,142,112,214,114,45,166,8,-78,-16,32,-134,-16,16,94,69,-3,-46,-129,-91,76,156,-15,-8,-84,-73,82,-131,-23,-118,13,179,51,-190,24,168,-16,-62,-43,-111,167,38,108,-84,38,65,-34,-24,34,14,-36,-35
103,170,22,55,70,177,67,213,-2,167,198,94,10,125,118,140,131,171,-143,-20,56,49,138,18,148,94,178,139,-8,68,66,84,96,56,166,99,-64,80,197,51,-21,118,-22,-174,-25,-5,-107,44,91,16,51,254,-48,97,73,153,89,-65,249,75,156,44,-31,47,200,6,-87,-47,66,-44,41,84,68,-2,90,145,155,172,10,63,208,220,-52,41,30,134,-38,-4,71,207,199,218,-17,154,177,67,-65,288,-48,2,275,198,211,161,144,-89,63,103,70,166,55,162,102,36,84,147
2,91,140,46,188,143,2,65,-4,40,63,100,113,-83,32,13,-48,-29,125,-39,3,23,206,83,194,87,-148,-157,5,-7,18,131,-50,-41,-43,95,163,113,-9,-3,135,-74,-34,-11,36,60,40,-15,-22,-82,-67,104,104,-180,92,-132,49,117,-15,44,114,83,13,107,-166,58,167,184,86,-49,132,54,10,128,66,-7,-44,-125,73,82,0,31,163,-19,141,59,123,107,3,-119,-19,-53,-101,-12,0,3,94,-18,57,97,70,104,-227,79,7,135,71,100,12,-36,-57,-12,-4,-44,15,-120
-25,5,12,-47,187,-136,79,195,67,78,-49,23,-20,-8,12,-13,-72,95,-91,-222,-14,103,72,89,3,-1,39,48,-123,-59,7,52,64,40,3,-41,-189,21,59,25,-20,108,98,-11,87,76,114,81,-6,76,93,140,-5,194,29,158,-64,-125,269,45,37,64,90,-50,212,75,-27,-91,-89,128,-29,6,50,-82,85,111,161,-30,8,-102,58,26,-21,82,-118,116,-59,45,29,111,186,55,17,125,101,135,-151,-30,219,-134,27,106,-13,-31,-103,12,21,84,32,47,127,-23,-39,67,-209,204
81,4,-35,68,72,-37,-69,46,10,-11,-96,28,95,196,55,74,-32,-40,-8,3,130,13,112,-58,115,-29,-23,209,-16,152,96,212,-114,84,-18,164,90,218,-70,57,15,156,-1,113,-17,-27,-47,59,195,56,-102,28,-18,194,-44,52,8,-92,-91,-103,-81,-62,193,-48,138,149,-55,-48,-43,101,27,-142,80,-42,40,7,-24,-132,-6,90,150,-47,-77,-114,-234,96,128,30,85,-53,73,38,25,-117,76,5,-7,-52,67,61,-115,-40,-27,54,-118,143,-108,56,46,81,51,117,-39,-59,-42,121
102,1,131,-13,-139,-31,-10,172,150,53,21,34,123,-36,131,-74,-64,176,-6,83,-181,11,20,43,8,-26,-34,-32,-81,124,-19,106,-40,48,55,149,129,166,-46,111,-16,100,-105,-24,46,167,93,-59,18,-74,-82,118,2,-15,-16,75,44,-77,38,-47,147,-28,164,77,-3,131,-128,-58,-55,-39,-141,75,227,9,136,105,71,198,91,23,43,-35,-49,-27,-69,140,89,118,-153,-88,196,19,124,262,-125,95,67,96,100,-94,88,31,-158,57,56,-43,15,151,-73,175,104,-35,-127,-81,114,-59
56,-48,-74,-35,200,83,20,128,43,-152,69,75,165,-37,62,173,-64,58,167,-1,-46,-32,258,-42,11,-11,-1,165,-18,-144,55,39,0,145,117,37,38,152,-30,205,-102,59,163,0,75,114,13,-61,12,-17,-46,-1,30,134,205,11,-61,160,-1,-18,81,7,36,-13,326,-66,65,-80,91,-23,111,303,-43,-103,-8,-10,96,132,163,76,261,58,-123,17,2,2,46,145,-197,-106,-60,-63,-90,76,-22,-29,-79,64,69,206,-94,70,71,204,-117,65,84,-54,186,55,12,22,-188,-126,-48,220
-4,-12,-214,-34,8,124,-40,39,-10,78,95,95,86,-9,39,-62,2,-80,90,-68,113,-19,124,97,-22,-14,-77,31,-111,80,-136,-30,50,-215,69,-85,-20,173,-40,-126,17,258,-181,-73,222,7,-99,16,-79,-140,-73,51,88,64,-49,166,8,59,-1,-11,1,84,29,129,14,134,-67,82,10,-15,-82,89,-52,129,212,-47,57,-40,-214,-45,117,38,-85,19,-17,-29,-20,95,157,43,-114,74,-36,111,128,37,106,-27,21,86,-134,171,17,153,-57,113,-35,-180,-142,-26,9,-56,-71,162,63,-204
3,107,14,-77,-105,-12,-51,69,1,-102,171,114,148,80,53,0,-78,172,-64,27,106,-63,98,-25,-36,11,76,175,79,141,-7,-21,11,16,4,48,-60,-36,87,23,-2,5,2,-88,-182,-60,23,130,61,-130,74,65,89,-110,139,41,7,-25,160,-58,142,155,115,141,9,-3,123,-60,85,10,71,183,92,-56,8,-52,29,-13,236,146,52,-33,101,50,-15,119,82,-7,-59,-15,90,-68,73,-2,117,76,-52,73,35,-1,119,41,-132,-20,-82,74,136,32,-58,-102,-31,228,3,25,-54,159
-46,-7,-136,-46,-36,-24,-68,-63,34,-36,-67,26,53,3,50,123,-16,11,155,58,15,54,0,6,-44,76,-33,-195,-132,-5,-142,-5,68,-28,6,55,54,239,-26,-27,10,4,-8,-6,17,64,105,-25,-8,-84,-64,135,-53,-43,226,-6,15,-32,51,-8,-18,-24,139,-17,74,230,138,-179,18,-27,110,112,-64,-60,-43,119,16,100,-54,107,40,6,80,4,-49,74,73,20,77,-171,207,-7,-41,128,-173,32,-19,-62,50,-20,-132,30,-186,42,-145,77,51,-10,102,53,-140,-75,-56,90,62,144
47,12,40,140,35,-176,-8,87,140,149,58,160,81,-79,-29,-6,-8,21,106,150,31,143,119,132,-46,209,193,151,18,210,-33,246,11,181,-14,95,-19,-28,64,197,8,201,72,6,56,142,46,178,139,103,-80,40,130,141,-112,94,-58,-94,-38,-137,90,50,220,130,171,123,52,109,-184,103,49,-23,156,89,37,49,18,41,-25,27,-89,68,27,-19,17,42,277,95,95,9,-4,69,50,134,-5,216,8,-7,228,-51,32,196,3,1,-58,73,-57,85,49,-23,9,-149,72,111,9,157
45,118,-29,82,89,177,57,-2,-8,49,98,36,-46,160,38,-94,-43,63,-123,-207,-183,17,-39,113,55,167,88,-79,62,-102,-71,78,6,27,71,15,96,-108,102,45,-68,-150,-146,-11,-72,0,-43,-36,109,-138,64,80,-96,143,-75,150,-20,110,109,-19,-38,-64,87,21,-1,44,-49,-8,-7,38,-50,56,46,56,124,11,-82,17,47,-259,-3,172,-6,-149,45,75,-92,-59,-22,6,35,55,-155,-93,-5,97,-61,198,-27,-48,96,56,-7,-37,-30,-77,35,142,21,86,-66,54,-50,41,-17,65
43,95,83,49,84,110,-11,96,24,-48,-3,-46,107,64,83,147,104,11,133,78,41,-216,57,-45,4,27,228,97,120,-30,135,148,46,65,-14,-26,-6,28,-77,92,-56,-81,195,66,-10,43,-32,62,198,0,-54,85,57,136,111,-196,-94,44,-47,-70,72,-123,103,-72,-57,106,-2,-48,92,22,37,-86,14,-133,-125,77,67,168,124,77,91,35,121,89,-148,-22,124,66,44,-87,-2,-46,112,-166,37,27,33,-156,43,24,67,128,158,18,-51,1,-37,-172,91,14,46,-170,-70,48,278,-56
-13,24,-1,46,-54,1,42,48,81,4,262,192,-115,123,74,82,31,36,63,15,-4,92,148,145,-33,-38,-122,116,19,240,-145,-142,37,-173,-52,55,163,107,-74,143,55,-19,-41,-86,53,10,-42,28,-14,-52,-12,-26,-77,-78,-3,63,52,40,171,18,65,99,59,167,-97,60,100,127,-62,112,42,65,185,-28,-57,-17,-87,0,-67,-37,122,-111,-26,-22,34,47,44,34,-41,64,93,97,47,249,-102,-64,-62,100,148,-176,18,125,-122,202,93,128,104,107,64,40,-48,-7,-40,2,-32,122
37,-13,18,-14,103,-21,-39,127,-111,-23,-89,27,195,-235,78,43,-182,-39,50,225,77,-8,114,153,-105,-66,2,-208,-151,-183,9,204,109,-123,-29,17,-93,71,-60,-80,-26,-33,-42,12,19,39,31,-53,-57,103,38,1,33,198,12,-115,5,-168,63,101,-85,-50,-31,38,213,140,-72,-68,0,-53,-11,12,-7,-107,98,148,140,21,-128,166,87,98,61,94,-30,-4,4,-105,-69,-35,94,-25,-49,62,23,58,-10,76,40,32,-81,34,49,-8,2,16,155,-146,5,92,-34,5,128,102,-132,62
59,166,115,195,-12,147,-84,309,-29,50,-21,143,-27,-151,54,82,-25,13,-41,100,24,171,95,88,-23,157,-65,-89,-44,29,-77,-9,93,-105,-50,200,172,-15,-95,9,119,104,146,-40,-53,82,205,-10,89,-4,-27,113,-68,91,-220,-83,-117,5,-55,37,98,-13,-14,-153,-107,-33,-36,124,4,-69,125,38,105,93,87,94,275,-89,-26,63,120,75,166,-43,142,-126,-5,30,135,-10,-7,179,-81,7,86,-15,131,-43,90,-58,74,65,77,68,-25,133,60,152,69,103,104,2,27,76,50,65
41,150,23,37,23,189,90,-71,-46,184,102,25,109,-37,182,170,4,108,134,98,140,100,-2,-35,145,-87,122,16,136,147,8,223,60,214,128,30,-41,-26,78,213,128,41,36,-54,-68,-61,72,97,108,34,43,6,-32,23,38,-44,144,74,117,76,231,21,1,237,227,203,-25,63,-122,-7,98,50,98,26,-68,59,182,111,-7,41,-70,79,-17,89,168,166,138,68,126,125,91,-55,26,-54,118,11,59,-25,210,-77,103,171,90,97,115,-65,84,45,157,33,87,65,197,-32,117,-55
10,53,145,127,-120,57,95,91,89,-5,141,-31,4,116,17,-95,114,94,39,-21,-14,119,159,41,151,50,90,52,-65,86,5,117,138,203,26,77,95,46,66,140,-68,19,-105,-113,207,41,168,-27,171,62,-23,-16,25,-162,-80,37,17,44,54,-3,-1,9,-21,124,-55,-27,58,90,-97,37,33,86,31,226,81,-6,-21,-11,44,-30,45,36,-49,9,21,203,64,16,-49,-52,30,33,27,57,89,31,94,-8,145,81,70,90,35,148,119,14,-3,90,74,69,26,-65,20,58,-136,8
134,258,166,-23,-29,-3,30,172,-54,100,-45,99,96,192,-104,45,-64,99,40,204,83,37,31,12,-1,1,173,134,150,87,158,102,17,17,-159,219,88,-39,94,161,-18,4,133,11,-47,-169,-98,120,133,117,98,1,-107,-59,57,-20,16,-130,142,30,52,0,-1,-8,-47,-85,43,95,45,126,62,4,184,4,-83,-17,108,113,-141,-136,92,-54,-193,86,68,115,20,-183,-110,57,27,87,-12,-56,3,58,54,114,-29,80,65,-160,180,104,131,64,11,62,12,-12,-3,-52,116,-51,4,120
-52,-96,-14,174,-12,-96,35,64,15,-119,-133,8,-63,-60,77,-9,-8,-11,-7,170,-80,43,183,-31,57,203,83,101,-47,36,57,-73,-20,-46,7,86,109,-154,111,-11,65,-14,71,-82,91,-11,88,186,64,11,-29,94,10,-150,-79,20,52,52,-2,-11,128,-29,-179,-95,-59,-279,22,63,-15,-110,-39,4,23,108,66,-53,23,-25,92,-111,0,43,30,-66,123,74,56,-128,-20,-15,-112,-63,26,80,85,83,-18,46,-56,-140,-9,-46,8,54,76,3,-52,206,86,-2,53,-27,-38,-10,-119,73
131,219,15,-122,139,83,80,66,54,91,-18,119,22,97,102,63,28,77,-9,-40,53,14,35,-53,-72,19,184,130,36,-4,14,-136,-10,68,21,22,9,51,-121,-29,146,13,90,124,50,-110,65,83,-12,106,72,-37,-16,34,43,71,-108,42,28,-78,63,-29,161,115,-2,70,1,-38,179,-40,9,-64,4,170,-65,-18,19,-33,-30,37,150,-71,-19,-80,-54,94,-70,119,0,40,69,104,-31,39,144,202,7,-34,40,15,4,-104,-57,38,-27,68,36,-56,61,-22,40,-77,11,-63,-85,184
119,22,7,44,114,59,39,-77,44,83,83,106,171,145,33,-6,-73,39,203,-27,40,101,83,-34,-39,4,17,194,38,18,-70,92,66,-86,-55,155,4,177,0,145,5,119,153,133,-5,59,27,26,15,48,123,228,-69,69,41,-12,18,-29,231,130,-23,86,39,107,-100,104,28,88,140,163,144,20,224,-48,142,69,-59,32,52,-226,76,-12,149,34,82,108,213,103,222,58,73,167,-8,35,-30,-56,7,0,149,23,33,-45,-32,64,-9,162,135,-103,-58,132,89,25,-129,61,196,-50
125,-69,184,20,-150,-70,231,-15,88,244,184,17,-128,89,86,-4,118,-203,-77,63,-96,-4,172,69,153,-2,-60,161,91,155,-155,-8,-74,134,44,3,80,-22,27,38,201,89,-70,20,23,-84,65,115,36,81,-32,33,-25,-235,-23,23,267,-61,156,37,-44,44,-65,-51,-24,-24,267,71,-67,10,203,69,131,64,-88,18,65,-66,100,-33,2,-130,-144,39,221,-73,60,157,-15,90,58,103,203,179,-85,76,-16,-21,7,45,27,75,35,144,103,-46,16,54,182,119,145,-37,239,-27,-53,120
86,165,50,107,28,25,6,141,-26,8,-116,59,113,50,143,175,-32,6,-30,87,79,136,-3,45,-9,28,118,63,31,117,34,63,25,109,83,2,299,-48,-43,77,15,115,37,-84,202,100,138,109,83,169,169,96,-32,-59,68,134,16,57,73,-15,-28,-58,-60,-113,58,74,208,-57,97,7,66,125,-16,141,115,14,67,-29,-35,-106,127,169,-23,-95,16,99,71,131,77,28,37,134,-16,-49,9,95,-94,-36,126,174,125,14,-15,79,-19,80,18,39,-59,154,20,117,14,194,-87,204
-70,-124,-12,229,36,80,60,122,58,192,126,150,-55,-17,167,-6,11,14,-14,3,55,47,45,121,81,-18,-10,28,-52,-20,-114,-20,-65,6,-78,56,89,90,74,12,155,104,-44,-69,-76,155,-49,71,76,122,-104,36,-5,-107,14,-57,179,-46,-56,42,135,181,-89,-31,1,57,129,130,19,-10,40,-34,-15,65,-23,83,30,30,81,145,-126,154,14,72,186,43,76,101,85,75,75,35,193,-21,17,192,154,73,86,9,58,25,96,153,22,-101,80,47,41,-35,49,54,-13,-166,252,-48
120,39,-151,57,133,101,-46,103,71,104,-56,60,-105,95,24,-77,119,93,55,-24,44,4,31,-20,53,90,100,9,102,91,-12,163,28,60,84,15,-108,62,54,-77,2,84,58,84,-12,-82,85,45,-73,-4,35,0,38,53,-77,-4,-87,76,-44,-22,78,19,133,52,-31,123,53,91,9,66,-39,-39,-82,125,-14,-187,29,91,105,71,-62,-40,-38,-14,-97,73,7,108,60,-3,83,-35,18,-144,-24,108,-48,53,93,10,-28,72,-128,137,-10,18,-47,-73,-103,-113,0,20,-73,25,-13,-16
-18,-15,-62,-5,-63,-66,37,150,93,16,-68,26,-2,-120,70,-53,40,41,-28,77,-45,-42,107,-72,-28,-34,2,17,-90,-30,61,-6,10,-97,39,-76,-94,11,37,-117,-111,-84,-33,-76,-105,-34,45,-125,-113,-77,-144,29,-6,39,-60,-58,-55,27,1,-46,-8,53,59,-62,-91,118,-134,-95,-85,-117,-134,-38,132,4,-2,28,133,31,122,42,-73,-142,106,-4,-75,19,-96,58,-186,-127,-137,-89,-39,117,-128,-20,36,237,-72,-158,19,-49,59,-7,-91,-133,11,-28,-75,-82,-10,19,-218,32,-135,-73
149,67,-59,96,1,90,-69,44,-153,7,102,150,-20,16,177,-56,102,-92,42,103,-90,133,14,5,78,77,112,51,76,126,-16,227,116,-24,-142,32,206,-17,3,81,171,209,61,-53,123,245,14,2,178,107,43,126,129,39,-13,-83,23,86,195,97,125,-48,87,98,-87,186,-31,40,85,55,46,161,112,51,137,83,71,94,-66,-8,115,157,104,-89,-78,155,252,13,137,119,212,163,95,-47,90,104,-102,-78,-27,81,159,141,161,237,178,181,29,368,-96,157,137,-14,71,66,46,132
35,-28,-19,65,52,-32,25,48,154,52,-75,84,92,-53,-48,180,80,149,-87,-133,47,-9,16,-104,-161,50,-25,116,42,75,-15,-25,-34,-13,73,39,-37,55,119,21,-7,-178,52,17,-91,42,43,76,51,202,18,159,-66,133,-35,4,-92,-99,-100,-10,122,-77,124,98,153,115,-47,-69,36,15,89,-98,-43,-183,5,18,93,0,-25,-60,101,-81,83,30,-77,5,-51,-13,-107,-139,12,3,-92,108,62,204,-51,96,17,-43,18,-44,-54,-74,-134,60,-11,-69,127,-30,-72,240,11,171,92,59
63,49,-22,68,40,-29,82,84,-138,27,90,144,56,42,69,120,-8,83,-97,55,-85,194,153,-11,140,-8,-95,89,99,-41,-81,137,-73,13,-85,-20,41,120,172,146,134,-58,35,-13,-63,91,-34,67,85,-19,84,92,-23,37,33,-78,-24,149,-43,-96,70,-57,23,70,-25,-44,69,-46,120,14,201,33,69,-90,121,48,98,54,92,80,55,-84,31,-164,64,58,171,47,-8,-74,-148,-76,-152,-48,7,-74,-39,-62,27,82,-21,88,24,235,-131,0,27,50,-11,5,-27,176,-41,-101,52,50
36,110,-28,87,-11,-104,-46,35,-93,63,61,168,181,-4,-25,92,35,73,9,65,93,177,91,84,-40,-82,96,80,47,17,109,94,67,10,109,8,-106,65,55,-46,46,46,-14,-88,70,114,-18,115,25,60,-6,-70,1,84,183,-80,-68,54,135,-63,137,103,11,111,-24,-28,-47,112,135,128,126,-28,3,152,154,65,69,17,24,234,31,144,-28,52,47,42,-22,-1,42,133,15,0,-36,-75,264,1,-52,-51,189,66,9,15,107,30,-86,-98,119,-71,-112,-5,-25,-18,98,-20,-91,58
116,134,74,15,89,98,169,206,-125,36,-109,110,67,-12,-9,82,-48,200,76,161,5,71,-42,17,23,5,60,191,174,-51,-51,178,53,84,65,-8,-83,-16,-59,12,96,-146,268,105,-48,-65,7,110,44,198,42,-27,21,161,-59,-43,-5,-66,-1,-3,143,-25,135,13,144,51,-73,-149,19,-50,68,-36,67,-16,-56,-32,106,60,16,60,-42,-5,102,-35,-38,21,75,3,-16,123,39,89,-127,-48,76,156,-106,14,45,-21,127,60,87,-32,-21,92,-34,-12,18,43,-3,-47,-30,110,-64,240
168,210,-2,-44,-53,189,-43,175,-44,-97,247,52,59,60,48,216,16,124,8,136,55,83,114,42,12,183,234,70,-32,-49,86,131,235,103,-73,141,29,-78,-53,36,139,75,76,-71,39,-118,265,111,89,-49,-38,150,49,-27,-69,23,-77,28,168,88,126,148,57,-120,85,40,13,82,113,5,235,40,126,100,17,49,79,2,-97,129,115,-32,62,-30,70,-36,-19,-46,171,-33,54,-74,-44,-24,124,-41,2,70,-99,-48,111,83,88,285,10,1,37,91,6,103,3,42,105,37,47,160
128,95,167,155,88,81,114,72,163,-90,96,3,-4,-174,159,-115,-39,-115,128,69,10,13,114,95,-35,19,47,-32,57,-11,121,244,86,41,-149,6,98,44,-65,190,172,-60,110,-59,165,137,2,42,-7,167,39,-20,37,-215,-122,-17,-28,-4,-79,151,138,-22,-50,271,-41,-3,39,250,63,-36,212,52,21,86,-70,46,68,0,120,-73,-23,30,75,19,33,91,137,142,-64,92,-32,-41,85,184,63,75,-38,-21,266,-11,154,2,-31,228,170,57,138,-35,38,117,3,-6,211,41,-49,-33
-8,145,130,-11,146,163,92,118,53,33,-64,120,48,60,-3,48,193,130,-17,-122,-108,10,10,-55,47,-4,-43,91,108,194,-7,61,50,86,15,136,29,41,-37,-27,44,-2,79,64,41,63,15,118,21,7,-60,86,107,137,-122,85,-43,-62,-56,6,25,155,78,165,-34,92,30,51,160,-56,40,-80,39,179,-115,38,138,93,-28,-51,24,-192,45,60,-77,20,-41,-15,149,20,135,201,32,-94,92,25,116,55,41,84,-58,154,108,-23,27,300,-192,38,-38,26,205,5,116,80,97,24
-1,-86,61,-119,67,-27,85,-14,-84,-60,19,31,80,-108,136,-1,26,120,-103,172,-104,-41,13,-183,132,32,146,140,97,49,1,74,-182,221,55,69,75,-88,108,-92,-56,-29,58,109,-70,129,-46,102,-84,4,48,6,70,-30,177,-23,-63,148,-95,-97,20,145,88,-158,25,-120,-39,-93,19,-68,-193,82,19,30,-79,-86,39,92,138,96,23,180,30,-6,8,39,46,72,-115,-86,86,-43,144,-40,-32,172,11,70,-43,268,-26,64,-12,-3,-107,21,-115,155,91,-162,28,83,-27,25,-43,334
-64,43,76,-26,-16,194,160,20,158,21,-53,83,194,108,48,-24,5,135,-137,94,103,54,-184,190,15,-58,166,88,-56,62,89,115,-39,234,-16,43,104,5,-29,45,160,-54,-13,44,125,88,-91,29,-49,53,-47,115,-67,76,-75,149,-93,96,-85,87,-58,187,117,112,125,192,49,54,-24,-152,-107,86,49,91,-210,14,-222,-103,-34,17,9,8,190,42,-63,39,-62,100,126,-72,29,-27,37,139,103,139,-14,124,22,75,162,-17,82,71,-37,-4,-191,155,-12,67,-13,147,-8,86,-20,25
77,59,-12,57,-92,92,-32,-182,-47,-1,76,30,94,-9,138,6,18,-55,-76,89,129,121,-41,28,-3,44,-29,-124,178,-36,25,38,-33,186,212,106,106,-10,-60,30,15,52,-120,122,97,53,229,98,-60,32,17,180,36,18,199,-1,20,263,114,-139,119,-96,-19,161,-50,124,154,58,219,215,165,109,18,77,68,27,-125,-8,130,154,9,89,132,-44,9,8,46,143,2,-86,41,-268,-83,-85,103,-117,125,-57,53,116,24,-20,-43,43,-19,-47,106,112,13,39,33,-21,70,-15,81,-139
38,56,204,211,20,212,42,77,242,22,149,113,77,146,56,108,59,120,-93,25,77,56,81,28,-81,75,80,78,0,5,21,40,88,94,-28,93,149,148,96,209,-1,114,107,-85,125,68,60,80,49,21,-62,9,-43,-8,147,72,114,105,281,285,194,135,-53,46,65,158,-53,183,68,-12,132,110,130,18,19,51,112,150,130,39,174,154,-95,146,106,175,121,171,155,35,-34,154,-13,137,-18,-53,119,34,209,53,91,132,-16,216,-21,31,91,-19,-3,312,47,165,13,47,220,-5
148,-21,-74,52,116,40,46,-67,171,-32,94,-10,13,193,-8,101,107,0,-5,37,-76,-6,24,-21,-20,34,-47,89,-43,18,38,73,-66,76,100,24,-53,120,-51,35,111,-16,56,65,21,-16,25,-93,203,73,-215,-67,-91,104,-35,7,-61,-92,-83,40,-76,64,52,-218,1,77,111,-93,-18,-6,-49,-64,100,0,-19,-3,-140,17,143,28,-78,24,30,-117,27,137,-18,125,125,-64,223,23,108,111,2,199,-181,-41,82,-134,53,78,17,123,-202,-17,8,-6,59,180,77,22,-84,12,149,116
27,179,122,201,84,-33,66,50,17,89,27,14,-29,-211,134,75,174,-25,-21,3,-92,133,346,17,36,94,102,37,19,-171,-158,66,61,-22,-38,74,51,-48,-24,-119,-87,155,-83,40,53,141,33,119,95,198,82,25,94,79,-183,28,61,50,-96,35,165,-28,73,134,-284,-12,-2,118,-81,43,-48,-196,-108,-6,73,228,106,14,53,-19,26,36,128,-13,-42,40,-28,-59,-31,96,5,97,37,14,116,175,-52,46,120,-41,56,83,63,168,167,269,-37,-46,59,0,19,-228,-1,62,4,10
100,-30,91,15,43,101,43,30,-81,-118,94,-34,149,58,50,55,131,68,13,-31,-67,-3,2,-31,117,-93,-197,249,13,123,-7,177,-79,59,-20,78,5,113,11,105,99,-107,-30,-65,-98,215,-116,-166,163,-185,18,-95,44,262,60,-119,71,0,-19,43,-88,-18,106,-60,86,100,-34,-81,109,2,72,32,20,32,115,87,-16,10,151,-153,167,6,-73,-54,-60,60,-46,105,21,19,145,45,-3,-34,36,2,-113,109,-70,37,6,1,-110,17,-69,-46,-83,31,-36,43,-11,139,-27,102,155,-1
66,72,61,86,60,244,144,111,-34,-20,36,65,190,233,195,-112,-17,69,83,80,132,101,44,171,17,171,28,137,-46,-140,40,72,142,-57,31,20,82,-8,-59,220,88,48,23,15,106,-71,106,-131,107,17,-107,-136,73,107,-18,200,139,-16,20,135,123,35,91,21,45,-11,62,122,274,-13,96,163,67,9,-66,-81,120,-19,-72,40,159,5,-33,11,39,115,-69,140,-19,-69,-65,145,-221,37,153,41,15,92,38,131,101,144,24,230,45,83,78,35,-46,95,-11,182,81,-78,3,23
-53,-131,-131,-7,-53,80,72,-173,-19,5,14,31,-35,-121,70,295,60,-41,86,28,33,167,26,85,177,164,115,80,-6,-56,-53,217,80,-85,-92,-66,-66,-40,-2,118,-85,89,145,120,95,13,-3,-102,-94,113,0,-57,153,174,170,35,-172,51,142,64,-73,-102,90,-121,-25,-41,-45,-49,-55,24,-69,3,142,34,77,47,-90,40,1,47,37,119,5,-4,22,45,77,-61,-45,7,48,-51,60,28,-24,-41,-137,-123,-11,-73,119,47,36,81,147,-102,57,154,-18,57,64,-94,-100,54,46,156
26,-58,6,37,98,68,-39,39,27,-153,48,-76,-21,-10,178,58,-60,17,-84,-57,-56,137,46,90,89,32,169,56,-66,-129,112,65,-79,-108,46,100,157,-2,-50,-47,-15,86,-73,29,100,2,-8,72,119,26,17,141,-106,12,-65,229,28,121,-26,69,10,-37,-143,110,169,-200,45,28,43,142,173,155,-5,-89,33,-68,7,-37,-103,-13,-20,112,-96,-86,40,37,-134,104,-36,-91,-38,-148,135,126,-82,34,-116,172,-30,106,-31,31,-29,86,-22,-91,-8,-24,33,35,2,79,-46,-14,29,-101
36,93,11,104,22,8,29,-12,103,54,-44,200,107,-152,18,114,167,40,-110,112,-12,-36,239,-48,70,28,132,98,-86,80,-153,-11,69,60,-67,107,-76,-62,82,-183,63,-11,44,20,78,58,-138,39,44,36,136,84,12,-8,14,87,23,174,127,50,43,170,-73,175,20,116,136,-1,-66,-151,-23,46,54,99,100,208,58,-10,106,102,141,184,98,111,115,144,192,-53,130,-31,-22,122,4,14,37,47,-110,101,38,71,139,85,130,158,45,52,96,171,5,111,122,-61,-94,186,94,209
84,-115,103,180,64,-85,41,-32,13,-109,37,47,160,60,21,108,52,45,-61,113,145,-70,228,-18,62,-106,174,163,-55,209,-131,-26,12,121,-17,161,79,138,13,-5,97,157,71,37,159,49,131,101,80,-40,65,106,4,-24,-50,142,136,67,53,-21,55,57,47,144,90,117,91,8,3,-19,-18,-32,118,7,126,149,43,-62,83,108,387,10,34,82,-84,29,113,47,133,-67,-107,16,136,43,42,-3,-21,43,105,43,49,49,184,149,-14,40,10,-81,107,110,71,16,-58,107,-23,72
-74,54,-25,24,-25,160,79,-118,-13,123,-71,147,165,-11,74,114,-32,39,-216,-91,-17,62,61,38,125,108,-18,-28,6,88,-88,27,-17,-152,89,183,-100,-18,102,148,-17,143,-110,-43,6,-178,-22,-26,32,-46,-124,-19,70,101,151,198,45,16,136,46,7,-74,2,134,28,56,250,146,63,-36,18,111,-47,16,-1,195,96,3,12,-30,105,-124,-19,109,88,61,21,-78,32,-20,-15,11,-45,1,196,93,106,-12,36,-46,94,178,42,-41,-33,78,56,-35,35,114,89,68,-56,-2,38,49
83,69,18,-7,-36,-47,-64,72,-262,-82,-75,21,134,-32,3,-126,-26,139,48,20,15,-131,-194,79,-84,-95,-28,25,4,-40,48,32,-110,-80,251,104,-104,5,16,-45,96,-73,-81,-17,-54,-78,-40,-10,58,-136,99,137,-9,170,10,-130,15,-84,-132,-182,53,-183,209,2,115,52,105,-57,165,127,76,-10,-57,-108,-90,-83,-113,-33,-19,63,156,8,-31,13,-108,-2,101,59,-82,-191,-119,7,-12,-182,44,31,-65,85,51,45,-107,-70,119,-146,-88,44,-16,-18,99,-108,-193,137,-8,30,160,-121
15,-14,15,114,67,-5,12,-29,9,-56,49,-30,115,3,192,-46,15,-98,-7,26,-15,149,129,-56,193,136,-36,79,89,-70,87,215,111,-108,-39,175,-47,113,16,80,149,-8,-49,-149,153,58,35,48,204,51,-38,-11,141,50,-47,55,-42,-47,55,-35,-44,-115,88,-8,92,169,17,26,66,39,-55,62,-88,162,143,255,120,-28,-45,86,40,-93,-26,-1,-55,51,-47,68,179,65,24,137,51,-87,68,172,62,-98,-15,-23,-77,97,-58,82,-51,29,-57,35,-17,155,-44,-59,97,106,-80,77
163,-63,161,-7,-38,-109,-23,66,22,95,-104,-49,43,-135,-120,-60,-52,65,-42,100,-2,123,-34,40,-78,-87,-17,69,28,264,99,29,12,100,-86,-14,85,-110,-39,145,70,103,116,-85,117,258,113,176,-14,113,139,3,81,-1,-136,96,135,103,-64,31,57,13,-56,265,43,-32,-62,112,10,-72,127,47,39,56,64,-46,-40,236,14,-203,-137,-12,52,-33,41,118,7,69,47,120,-121,-103,17,181,-62,-39,62,-49,38,65,61,68,-57,-117,84,115,-108,114,-80,14,178,-42,111,74,50,-122
106,69,42,115,-128,-17,85,21,-58,-3,41,-40,26,-65,129,-74,188,27,109,-17,-19,12,104,120,65,11,17,195,163,-34,163,39,118,-85,153,91,-86,-23,39,37,142,2,-44,-170,-14,1,34,113,95,39,75,71,-39,-29,-31,-28,43,54,95,-19,133,-144,25,71,140,82,50,-7,84,-37,-37,120,-37,36,31,13,-26,142,68,-83,-53,84,6,-77,61,4,-127,-7,-142,7,-63,-26,-6,-22,51,107,-184,75,5,-34,94,82,31,47,-22,-25,25,22,84,90,-14,-26,150,68,69,66
66,54,188,148,192,25,-159,8,49,58,107,67,-133,86,130,75,78,-50,178,49,23,108,194,-155,-12,18,116,24,-1,36,-44,120,8,21,-43,-4,84,150,26,104,178,170,-87,62,-48,-74,-34,12,178,3,157,188,0,13,-12,112,79,-28,112,-23,-56,-19,-176,-91,-23,172,71,-59,-113,163,75,-44,37,24,94,118,74,44,-185,-43,-13,86,6,64,58,84,152,155,227,-59,148,78,-63,37,-24,60,116,7,91,-51,-31,-58,-107,222,134,-53,50,25,-38,31,91,-19,81,-8,204,-69
11,48,-28,-87,-50,168,-38,61,53,29,43,157,39,115,-1,104,105,111,229,-75,8,160,-49,143,-119,44,9,-12,51,71,137,-64,86,90,6,130,71,68,37,76,223,-74,78,19,-14,65,137,-94,90,-238,54,79,-18,-53,113,3,62,6,128,189,137,97,-53,-43,40,141,122,29,55,29,145,138,-14,-9,-51,84,197,260,-78,-85,172,-100,94,47,46,-33,-27,144,-10,-65,184,-24,10,150,7,-62,-36,-102,68,-119,29,126,-64,228,48,45,23,126,14,52,182,49,-6,-81,144,-44
-15,-21,83,170,-118,-16,29,80,-13,36,3,182,59,87,19,-61,68,61,104,34,-9,106,147,205,144,-79,102,121,40,9,-47,392,62,55,82,37,-63,8,73,-19,23,185,-93,56,184,-72,95,159,96,169,-44,122,64,-160,-91,47,55,103,131,-18,56,-49,103,-71,53,162,-34,61,-54,68,96,-180,-123,186,35,56,-80,-55,-64,-27,-7,-109,78,-194,-125,132,17,-104,55,-104,46,-64,28,-100,-1,-60,-28,-75,-144,119,1,-63,-46,118,62,-29,-59,82,28,12,119,-18,-79,60,151,54
46,235,-85,47,-78,52,-104,116,-24,139,48,28,80,34,109,105,160,-18,-7,12,29,80,72,16,169,154,85,69,-86,-84,-24,67,79,151,78,25,-28,-11,-2,52,86,58,11,-76,-72,-33,112,22,192,1,142,88,-73,11,12,-69,122,-53,-58,73,59,12,-33,80,-19,-29,128,-68,-100,-12,98,58,12,-78,31,216,70,97,58,89,-89,57,129,137,63,-59,-89,-53,78,31,159,15,29,-37,24,122,-53,90,105,33,68,-5,-67,211,48,-23,127,99,74,61,107,87,68,-110,14,281
83,-91,-120,-165,-40,-86,-88,198,43,26,98,114,99,68,-130,18,-19,51,190,-107,16,-37,37,88,-157,-193,68,52,-29,257,86,53,12,-2,95,-202,101,217,-105,136,68,80,149,-125,54,158,-5,21,139,65,60,69,116,47,-54,-21,24,-100,-3,12,135,113,125,42,159,94,84,-78,34,100,93,-11,16,-14,-32,21,-114,73,-87,-110,-7,1,-78,117,-109,151,34,-91,-45,158,118,-76,148,22,64,1,-253,-55,123,40,61,16,-5,222,-34,259,-54,155,84,5,173,58,-1,-40,90,113
102,74,8,26,-36,59,-16,115,107,32,129,-66,54,21,29,69,8,128,100,89,60,48,29,27,-96,-182,-32,-83,-82,138,-48,-21,152,23,224,-45,34,84,27,-21,200,110,17,-47,19,-39,147,145,63,40,-72,27,-62,59,-117,68,-172,-67,-18,-4,159,-32,187,-4,180,0,-54,146,64,55,173,-10,91,-97,-133,-101,-78,-148,22,-4,-23,3,32,-104,-33,-34,134,46,53,-49,-36,-74,-20,59,32,-117,-12,-82,37,21,84,-35,-119,68,-35,82,146,-8,-68,182,41,164,124,-13,133,-66
55,-195,110,58,99,-111,-102,114,38,-135,23,108,106,14,105,-68,-21,74,170,119,105,-29,101,93,-60,44,-34,-2,99,37,20,235,-208,-40,-129,-18,101,-33,47,64,32,-23,118,178,121,97,97,-48,174,240,126,111,126,-29,96,63,102,48,110,3,112,77,90,33,-55,171,162,99,-24,92,-34,-49,143,-89,3,-46,3,118,55,-28,-112,27,22,-124,-29,228,90,92,-39,-132,82,42,-56,141,20,106,170,-68,127,11,-44,-38,-113,90,113,241,-77,108,-9,-81,110,-46,-63,6,-18,-125
5,89,-6,-65,82,35,-68,107,73,-128,39,-28,111,-44,70,82,-71,69,1,173,19,73,87,-42,-122,90,137,72,-4,-71,83,13,7,-73,-192,-17,-7,28,-58,24,50,6,133,-1,-18,-91,139,30,72,87,95,-73,55,145,-75,210,5,11,-123,127,44,-70,-19,105,129,32,26,23,60,-72,86,40,-41,-48,-77,1,26,158,68,162,3,-39,-149,-7,41,66,-49,-149,-198,-151,-26,-71,16,166,86,102,45,99,-94,46,119,-21,-30,85,-119,46,124,-112,-30,61,-103,24,15,-47,-35,-48
110,156,32,18,84,105,38,113,8,38,-105,11,114,113,49,-55,117,-83,19,198,63,106,129,-88,89,98,49,39,-103,-71,-15,-34,154,325,-48,214,55,-31,-68,-96,-19,139,41,90,44,-39,84,12,69,75,-45,228,-109,-61,-106,97,89,-55,-62,200,20,61,-129,67,38,-22,99,8,122,164,97,-31,-28,-23,5,70,74,-82,-73,87,149,50,168,189,91,20,143,93,146,14,93,-46,117,-92,39,-1,-18,98,-98,239,70,-21,48,161,17,-41,-32,71,-14,56,-5,55,-107,-6,71,-4
-2,147,26,131,45,112,117,61,70,-54,-85,-12,9,55,51,20,-41,-10,-77,47,-16,117,41,-57,149,63,-91,164,147,-67,86,47,-36,106,33,142,115,100,-18,65,-79,-10,79,23,-28,-46,115,90,36,16,83,174,-1,87,37,-55,141,73,-126,79,93,-21,-155,-72,-52,-10,80,-174,-55,-134,77,160,-36,23,-24,37,27,47,173,-143,-79,-14,156,-159,-67,105,-8,-37,-19,-49,85,-94,-83,-3,-96,-48,3,232,75,-66,-4,36,8,16,-33,147,35,-30,31,18,29,147,-55,-87,41,47
-156,37,268,18,101,70,151,-74,85,-47,-128,-61,-113,82,236,-68,221,93,-86,-41,-166,139,53,55,92,72,53,-2,4,61,-44,-49,14,120,196,115,-39,-52,15,53,84,-54,-201,-37,-13,58,-27,122,80,-50,7,-139,77,-88,-48,111,103,95,-27,97,-6,-91,104,200,-123,34,42,125,9,68,-203,59,-86,136,-119,77,-27,-102,-24,-99,57,-22,101,12,6,162,-14,138,79,-29,133,106,-6,-5,179,160,38,-130,110,11,78,132,-206,-46,22,231,-94,55,65,35,27,-11,13,75,10,-29
138,111,115,65,-42,145,195,-50,30,239,89,149,45,-153,-48,124,43,75,-39,-33,10,94,-82,-16,109,-86,203,58,66,-52,68,-18,-6,195,-82,201,106,13,-58,45,-23,64,68,119,-5,76,-42,56,-93,143,-17,94,-147,-99,-8,16,-155,136,-13,-4,85,233,-40,100,92,117,-114,110,-3,-122,65,115,-92,46,-18,-21,-70,181,15,-101,18,155,167,-22,157,-13,-71,225,152,5,118,-26,59,-8,-53,96,6,19,-90,170,86,39,26,49,165,-73,48,56,-196,108,2,-23,15,5,131,43
56,86,66,-19,85,98,-4,182,105,125,-19,123,-105,52,-21,-115,-11,131,80,-94,56,117,-96,59,-107,-39,135,-33,-210,-88,70,43,33,50,-117,33,122,19,68,-17,-24,18,88,30,45,-52,151,-60,80,112,-14,94,40,-21,-53,100,44,-153,61,-42,79,5,-52,142,63,258,-140,-23,-31,28,3,-2,-4,-91,74,-194,104,-20,-60,-242,215,26,23,-23,-91,117,59,102,-57,-45,173,166,-231,263,58,104,15,217,25,-115,96,4,20,32,210,-49,63,83,-20,-31,-19,226,-20,-15,-199,-94
