53,-28,112,-42,77,152,-2,-49,26,108,22,129,-46,-62,123,89,-14,12,-60,22,32,132,-30,-32,29,-145,28,61,180,18,145,72,34,-10,61,41,60,-16,-9,2,125,8,68,62,83,-69,12,-48,44,100,26,74,-12,43,46,109,46,139,121,142,-45,85,20,-24,7,84,81,56,90,147,199,140,-75,70,-14,35,-5,62,-37,223,-35,31,39,-115,-31,-10,-57,24,-24,84,-123,-14,22,58,95,4,145,41,-5
134,40,97,1,40,-119,56,-108,3,71,22,-20,121,-78,281,-152,71,105,107,-122,17,73,-24,18,-28,-9,-37,85,-74,121,95,-21,252,-102,3,77,124,26,85,44,29,-131,54,139,188,-58,-73,92,45,164,-47,71,-59,150,130,55,-40,-56,246,-15,-130,13,46,33,44,-13,51,143,72,-66,-85,-105,-1,-32,107,115,-53,68,-67,6,109,67,58,-78,33,-87,160,102,-19,-9,-130,116,-66,11,4,-51,-17,122,-29
19,36,-39,23,-16,61,8,124,-57,7,-44,49,35,-57,-18,-6,-64,117,-104,44,78,-73,85,-68,-8,-38,126,17,60,13,-182,29,-12,-45,56,1,129,13,32,127,-16,90,-47,126,-69,82,100,69,19,57,119,193,47,65,-31,103,99,147,33,-109,52,57,80,25,-73,-40,60,39,-109,54,105,75,47,185,103,64,-32,90,28,8,-33,51,211,97,49,19,-74,65,94,56,31,57,23,189,63,27,37,-113,171
157,24,36,-81,101,70,103,-110,-144,124,-121,-111,-19,156,155,14,118,47,26,96,-4,-18,-40,-84,-67,-39,14,4,-5,-27,98,107,75,-29,27,3,184,30,-66,155,-55,-50,-62,275,116,69,-76,164,32,6,30,54,109,91,159,60,26,113,131,100,66,-16,95,-33,139,-26,17,-86,139,-28,134,47,-62,-17,63,30,126,-186,8,42,153,-99,168,-11,189,-63,42,143,-63,-57,-123,105,82,142,9,64,60,49,37
-33,-181,-64,-34,154,80,-50,-90,-11,56,-39,126,-32,-59,138,60,85,5,20,-9,88,-143,-120,-25,123,80,-118,14,-99,-181,29,170,-50,-14,26,-65,59,-64,4,4,-107,-32,-1,-21,34,-76,-75,-6,132,32,-72,103,172,100,77,7,97,97,-26,-19,-60,-51,55,104,110,-58,120,-29,7,13,-56,47,169,-125,-74,-50,74,27,50,93,193,-83,54,-24,172,110,-31,71,9,-63,63,-40,168,115,100,3,69,12,-112
224,24,119,25,53,-22,-35,-112,66,158,-15,-16,-14,-67,84,53,130,-91,3,-10,77,53,195,11,151,19,90,-71,45,8,78,37,-51,14,-88,83,12,-127,-30,211,-19,-41,137,-54,24,64,-20,-115,14,121,5,-74,-83,117,134,-43,70,120,-23,134,130,-29,85,162,141,134,-22,43,13,-36,58,158,61,-30,-146,48,42,-165,-174,115,57,29,81,-6,65,-9,-206,5,-98,134,-19,26,-91,55,43,51,-39,154,23
30,52,-157,16,158,-23,180,-149,25,-8,99,-72,-21,42,-2,138,-109,-157,-42,-25,78,-74,109,-36,53,25,34,3,-102,-4,33,-62,-108,-32,189,-50,83,154,-31,6,-115,84,-28,-85,96,-40,96,-108,11,-47,-156,113,107,92,67,-62,-22,-63,72,-20,-23,23,-32,188,15,-123,120,-25,-100,-83,28,56,40,-55,-39,-33,100,134,-78,23,75,-273,-50,-55,-39,-114,-76,54,20,-169,-35,133,20,196,231,-72,-41,-63,2
142,-14,1,-212,-13,54,199,36,-4,-67,-97,-20,-29,40,-64,197,-66,-134,-16,-90,110,23,-43,-203,168,105,15,51,11,89,48,-48,-121,144,98,-300,-55,87,49,-34,-63,91,-17,92,233,43,-13,57,-168,-63,63,108,-44,-17,-32,34,-79,239,-67,71,62,88,30,1,-139,29,75,27,-63,84,152,-62,77,45,79,64,-22,62,-51,30,40,-26,30,132,-44,49,153,-14,-33,106,-81,69,-39,17,6,-101,29,128,60
40,-138,69,51,26,65,57,-37,-50,88,-9,-88,-18,32,87,95,39,133,-50,-70,-19,68,34,113,61,-201,30,3,39,-40,165,50,-124,-111,221,71,116,10,98,108,22,-149,-37,63,42,15,111,85,50,-32,104,60,81,159,-92,185,111,78,7,99,219,21,42,88,130,-54,22,70,-13,-61,48,103,49,71,154,137,137,47,-1,-26,104,-88,190,-80,13,-76,-36,158,157,-75,-93,79,112,-4,128,61,-29,-20,164
101,106,46,11,150,122,37,40,-32,135,-131,109,62,103,-32,6,42,-32,83,-51,-32,-108,-72,140,154,-73,31,151,124,-59,87,180,56,-73,-109,-56,196,-115,-31,78,71,31,125,36,71,195,47,180,36,24,58,117,42,-34,123,110,141,81,83,96,119,30,187,42,48,26,140,-81,-112,43,246,199,-54,174,37,252,-105,-16,-24,13,85,-6,161,58,70,212,39,203,123,137,45,120,333,167,42,-78,91,-27,52
74,75,-32,61,-11,-13,56,104,154,112,77,54,102,223,180,74,-43,69,101,-19,73,-32,5,145,287,-116,123,20,29,-163,102,124,97,-23,177,-14,-23,-179,51,61,201,124,-69,55,170,161,44,-64,74,-136,46,23,-5,183,69,-17,12,93,96,-6,32,-81,54,-177,52,193,-22,15,-46,-110,-55,119,121,168,12,259,-6,100,67,110,108,-16,-72,-23,84,7,-26,-45,225,22,-1,-77,-19,94,73,54,134,-140,94
52,-24,13,29,95,-59,75,14,127,-84,-114,-95,89,-100,-146,-21,154,0,-79,173,-36,85,143,-24,-98,78,5,23,-2,112,130,215,70,-10,68,44,39,11,-34,92,32,-107,71,108,-13,215,-14,93,28,77,85,-85,111,67,-64,-139,-15,38,-26,32,74,-93,74,41,105,-48,-92,-213,129,61,48,40,-4,-58,-73,72,162,-109,-127,-5,237,-23,34,-31,-64,-16,-102,118,-152,178,70,100,72,3,-52,125,53,51,-63
-106,-9,69,-47,-128,57,8,105,-9,-17,-13,17,-109,9,-64,7,-21,-20,-107,138,65,-93,5,-9,-84,-47,100,52,-18,-32,-128,-41,-84,-38,41,39,-91,-25,-52,-109,70,-44,-41,-92,-1,17,-29,88,116,-46,143,49,4,30,-147,127,81,26,-78,-98,13,-21,44,-85,-64,96,38,12,-24,-89,7,-79,-34,65,-75,50,134,113,-22,21,52,-21,-51,-22,0,67,-88,-117,64,-17,16,-90,46,-36,6,66,-3,4,-71
98,78,-6,-45,80,146,138,64,-2,88,-57,146,152,39,26,-31,33,70,30,90,100,-20,78,-54,87,-15,68,172,61,-39,129,-15,105,-7,35,-126,-49,123,-58,-40,154,63,46,46,-35,106,191,159,124,61,173,17,12,-24,158,9,-32,120,-75,66,105,52,84,-103,9,116,53,-67,-18,126,199,54,102,144,19,110,-40,37,62,-27,-67,95,-93,108,163,2,-22,-23,39,189,-50,93,153,140,207,1,90,-112,-18
-54,65,-86,-89,243,179,-18,-47,-20,1,35,138,-182,154,-33,26,75,-2,-90,-87,46,-98,49,-35,-9,-89,84,-72,1,-43,125,25,29,145,8,-36,91,48,-50,-32,121,133,52,69,-64,81,103,64,68,-69,-11,72,-14,138,103,14,75,37,-136,28,38,17,40,119,46,-23,83,72,127,69,135,79,63,-20,75,44,46,84,-8,-59,35,8,-104,21,-85,47,-1,166,16,145,27,-112,157,45,-64,-2,38,-18,-88
6,75,46,-51,102,73,8,-6,-31,-43,130,-67,93,78,68,-38,178,109,13,-20,-49,89,-22,24,-88,144,135,-109,170,-12,32,72,186,-93,-8,50,48,-50,75,79,50,-103,-180,203,151,-53,21,84,-81,11,-264,1,40,-35,101,-108,45,21,-15,-129,66,-49,-47,-52,19,-48,71,16,113,-4,1,-44,-128,96,153,172,108,29,-73,-40,-67,21,-49,38,62,-62,18,63,62,-81,-105,-72,-103,-58,93,-6,8,-39,-17
26,-98,-73,-9,-84,-90,-79,28,-5,29,-107,-132,55,1,45,103,95,28,-171,77,1,-28,21,-44,-43,147,121,66,-5,208,-94,-42,-48,2,248,-35,110,17,35,-7,-72,-19,34,113,131,50,-41,73,-20,109,27,-104,-65,-97,-2,-32,50,-4,73,-65,-149,-101,235,-26,-9,-107,25,20,4,14,-42,-129,79,-260,-5,-6,152,-118,-108,-53,76,-42,222,123,-7,-83,-118,156,-57,84,-121,14,-121,40,-34,-45,5,189,-72
141,37,84,60,26,128,13,-92,-38,183,78,-78,137,-81,87,-139,-107,36,151,-75,-97,56,54,47,-30,-30,48,58,127,175,-2,-47,-29,5,-79,93,54,68,150,90,-92,54,58,216,117,-56,19,76,-50,120,31,-82,-11,-35,-32,-113,-39,-44,94,75,1,-57,-86,10,-60,-41,68,-19,62,-163,34,-31,-33,99,81,105,40,103,-44,114,-19,41,-27,39,-11,-88,56,105,3,76,-136,25,29,103,114,10,-9,0,36
37,-15,26,10,-43,95,145,-1,-15,129,-10,36,-53,-154,-47,25,-12,-38,33,88,82,173,-80,122,148,-97,-13,49,185,-61,27,113,33,17,260,-3,50,-1,101,-10,72,56,6,-68,47,-70,25,-33,0,-66,27,-6,59,56,31,57,-39,163,-10,11,-138,147,63,47,-129,-42,-66,-166,24,47,-91,158,62,53,44,93,-9,78,-56,94,180,-82,159,30,33,-116,17,68,134,2,-47,120,-67,127,85,86,107,-43,-34
64,58,-85,75,46,-58,27,6,31,-58,-109,-161,30,205,-6,-15,13,47,-139,-36,101,-32,86,-2,21,-84,-18,-85,52,72,58,29,-138,16,15,2,163,1,-96,74,-80,-157,-45,-68,-24,36,67,102,-218,-34,129,-25,-79,71,-164,133,-73,-106,78,79,-53,-128,22,-1,144,65,-121,72,-79,11,21,4,72,-80,-21,132,89,-14,-33,-2,-107,33,34,125,52,53,176,86,105,60,54,211,-104,-46,-16,44,-136,69,78
91,-10,-20,-36,10,44,-85,77,78,110,32,13,-77,-183,-1,87,71,-4,-35,-52,37,-108,106,-20,4,46,7,28,-36,81,63,90,32,199,-77,4,-7,66,-47,-15,-12,88,51,59,-84,43,112,5,7,177,138,136,-71,111,175,-51,92,-41,-188,52,-110,-50,99,29,23,31,19,-97,94,70,169,33,116,-96,-138,-100,84,19,30,57,144,117,-6,79,33,-76,-100,-27,-106,79,15,-83,1,71,119,-40,28,130,27
-37,-27,47,-70,29,-95,-112,6,48,-44,7,-11,45,-47,45,-150,72,125,110,-41,20,57,196,-55,18,47,96,-57,121,176,-52,-40,-111,-91,-155,127,75,21,141,70,-180,-65,-20,254,81,50,-5,117,-104,168,198,113,-10,26,-9,-10,-56,-2,10,23,-7,-5,-75,22,78,-116,1,128,12,-2,52,76,34,47,58,14,-66,-6,-45,86,120,255,-29,24,-70,-85,72,-14,-112,118,-112,22,-28,65,65,-50,44,135,97
-28,171,-49,115,-79,-19,44,80,1,85,46,31,-31,99,217,94,48,-98,44,-171,-62,2,86,59,-1,13,133,45,52,138,168,92,-131,-165,-125,-35,83,3,-118,22,-11,17,80,-65,-87,80,32,96,-26,-15,160,-8,35,86,133,-112,51,11,61,60,-21,-61,41,18,98,24,-119,15,-172,68,203,112,63,-37,55,68,104,6,-29,27,-25,7,86,40,103,20,95,101,156,66,7,136,140,-9,118,-73,-59,57,22
-71,-43,54,90,167,62,7,45,-24,72,-1,-49,45,-63,1,-37,75,90,-32,-4,-4,114,44,120,63,-29,72,-65,98,115,248,73,104,79,202,52,86,-54,8,22,79,-10,39,196,89,100,128,-22,34,96,-30,-23,3,-1,23,254,125,4,64,126,-23,62,40,-215,137,40,133,72,21,170,129,16,-43,69,136,76,103,19,166,142,57,25,99,142,-32,-132,75,134,52,24,-86,77,33,11,-50,119,106,14,-32
71,-48,24,35,125,98,-2,11,16,-55,-103,187,38,-53,91,-50,-73,45,-17,-96,1,38,-65,-19,181,-44,-97,41,18,-85,-34,104,25,80,-80,-8,143,96,20,-121,39,79,69,40,65,-46,-158,27,15,39,118,26,-7,91,33,11,0,33,136,47,-113,39,80,145,-38,137,-34,-97,-85,-50,-24,-47,117,-22,-11,74,-40,85,3,164,-7,-61,177,103,38,228,37,-97,-128,20,-125,50,156,118,96,31,32,5,-151
-150,-108,-6,30,-152,100,-76,4,144,8,-21,70,83,30,-147,-1,106,93,-67,-30,-50,-50,-124,204,129,15,-10,-50,164,-149,27,76,-93,38,243,29,-32,-100,183,28,163,5,19,-145,78,-29,66,23,4,-163,-53,25,-93,-120,-121,13,-16,73,-24,-34,13,67,-36,0,208,143,62,11,106,-16,-28,57,-50,146,50,46,94,85,18,28,-7,3,13,21,-87,164,-85,107,157,-54,75,-71,30,-50,0,-9,-108,-30,51
-91,-117,-56,55,37,-60,-50,-55,-41,100,-61,62,110,-34,51,166,-93,-37,58,115,-128,178,-29,73,150,46,56,96,83,31,68,100,-151,0,108,-26,102,20,9,82,56,-126,51,-76,106,36,-32,-5,-102,-85,123,56,99,26,-132,-73,-81,40,-3,40,136,-186,-8,27,41,75,133,65,52,92,-75,98,18,-89,133,104,181,-53,37,-10,73,127,-14,-57,109,15,100,193,101,-14,-16,44,43,86,-7,-9,-6,63,1
70,137,45,50,155,81,35,25,-36,44,32,29,-88,84,101,-143,35,-9,-42,12,-5,81,112,81,-44,-1,44,18,36,71,42,198,220,124,-80,-98,114,-15,-17,11,-93,23,-7,4,13,59,-27,121,-38,193,105,16,-166,-2,18,-44,97,70,-37,165,-48,-42,145,241,164,-15,-72,4,76,92,77,14,149,-37,94,75,-104,-21,-53,53,161,167,105,174,9,70,38,7,130,72,-5,111,138,-39,-24,5,90,186,72
105,22,-115,-18,-30,4,61,-3,-43,60,-30,-184,23,22,87,21,72,105,-27,-97,55,75,-20,-42,-89,-43,1,-89,200,-27,66,88,-98,-34,-30,-4,3,94,25,2,-94,121,-17,245,13,113,144,32,-65,88,68,28,35,176,100,-82,-32,96,37,54,103,-131,112,7,36,-23,-15,-189,67,-91,53,-3,88,-39,-11,107,86,-173,-1,20,53,-16,29,91,76,-115,-89,70,-52,55,-90,102,-46,-68,72,67,-93,72,-8
-17,13,117,90,15,36,-123,-7,-152,-68,-60,-31,17,12,76,32,-78,113,113,-19,-82,53,95,-55,87,-135,124,86,63,43,-48,109,-173,58,-16,28,63,-35,38,138,-1,-17,-110,194,147,-25,57,81,133,39,8,1,154,79,5,223,77,-34,152,115,35,47,-81,108,-48,45,32,2,85,152,22,3,-68,62,81,61,85,-15,164,60,38,141,85,-150,-30,-88,-76,51,142,18,4,41,-32,-52,-75,208,12,156,88
174,-51,-41,14,170,12,109,-31,-38,25,45,35,105,105,63,121,23,83,64,26,-9,81,87,124,124,61,84,33,87,-42,86,121,58,-7,19,-34,49,36,51,181,6,-145,-47,66,60,34,75,80,-40,34,18,15,-52,84,93,-40,19,-88,132,54,272,-61,28,134,186,41,-81,-43,14,6,52,77,85,-115,-45,-52,109,-12,-28,-26,64,-90,30,-9,32,129,2,103,-8,99,-62,-8,68,60,15,60,9,-48,34
3,-157,88,-79,161,49,-20,1,98,258,-146,-22,10,-47,5,-21,30,130,72,-107,44,101,9,-41,143,-57,68,-3,48,-143,101,53,99,-122,-24,65,-30,-64,85,-60,-5,151,17,-11,224,104,42,73,110,38,1,4,-77,86,77,-17,54,65,90,-51,72,153,129,-287,-14,78,47,-40,77,-110,23,108,34,-46,-69,172,-85,76,56,185,142,31,-52,100,206,105,-27,-9,-20,223,-99,-147,55,110,223,-20,148,-59,-156
24,121,51,44,-118,120,81,32,-187,246,4,-29,52,-96,42,83,35,-116,29,4,-64,197,257,-6,77,-27,101,90,48,40,78,174,-47,-30,239,-95,71,-2,-10,47,192,-123,131,96,46,119,121,82,-153,90,17,33,80,44,23,84,63,47,188,85,-136,-45,-8,158,14,75,107,-57,-15,118,63,152,-87,53,-43,81,171,7,-25,111,180,54,127,-99,-89,-95,56,69,75,26,-46,119,-117,83,-5,52,68,252,123
132,75,82,-48,190,98,97,-52,133,-32,-10,40,2,68,-22,-50,59,-7,-38,109,80,-47,60,-72,-35,-35,59,-14,47,-53,-24,42,184,-15,-41,84,-26,50,-9,-24,22,99,18,-61,-34,-18,-16,-43,-37,78,65,-25,120,-6,-34,72,50,19,-188,144,65,35,-84,-11,-43,93,80,-27,111,117,174,-110,15,-32,-4,34,46,91,-25,134,-1,114,-154,-63,44,-157,0,-73,-21,-82,-133,13,95,-88,8,-59,5,96,-152
-185,21,20,26,6,-69,-93,81,150,-96,-76,-96,64,25,-59,-98,66,105,42,-35,-74,-36,2,35,-48,81,-19,-18,133,97,-7,-19,-40,7,23,20,-27,41,37,54,46,-140,-17,133,-61,116,21,38,-119,38,117,-78,-99,22,-171,7,43,19,-50,-57,76,-113,49,-80,63,96,-5,74,-50,-124,-3,-82,66,-20,-33,213,124,-34,11,-111,-39,123,59,104,-47,-69,-45,11,-11,42,56,71,17,98,-83,79,-37,100,70
-100,13,37,24,41,19,35,30,128,71,-157,22,32,122,141,-110,-6,95,-3,35,13,-48,-33,-59,113,69,21,37,7,1,226,-4,115,-141,-31,48,131,-143,41,-86,-58,-11,93,-26,206,28,-49,41,33,78,136,-75,1,47,-19,-17,26,-55,87,49,-46,116,69,-170,6,50,43,172,102,32,58,34,91,-41,181,129,-8,7,-76,114,45,61,114,-40,44,-78,114,147,-160,160,-66,103,51,90,18,-99,256,131,-36
178,5,-31,-74,5,112,124,128,2,234,-76,-33,87,-23,-20,-63,159,-28,-62,138,-50,23,0,-34,-126,95,-10,81,-38,162,35,-18,103,-17,-69,-149,-50,120,0,-17,-68,26,135,114,102,85,-32,35,-157,119,-22,-122,19,-154,-63,-113,-5,90,180,45,25,7,160,-63,108,-21,131,-118,43,-93,-20,-62,45,62,26,-111,-38,-85,-205,-47,133,-37,106,-29,51,47,53,12,-87,-65,-134,31,74,-19,54,-61,80,22,1
-18,71,88,-53,74,127,-31,-48,-4,-7,-96,41,71,26,-138,40,11,-40,-24,65,-104,-125,45,-76,-13,119,153,227,93,155,-39,152,49,8,-66,-36,117,-34,21,41,76,-21,-46,20,87,-47,-21,-23,-33,-4,-180,78,78,-30,97,-23,-13,68,-103,-28,34,-48,248,-8,-15,-18,127,-111,-131,-104,156,55,-49,78,-113,136,-76,-119,-51,-162,185,-84,153,-7,84,6,28,38,184,11,-82,81,146,179,22,23,88,-43,126
17,19,55,46,34,112,44,-71,-14,-18,-17,40,73,85,-20,-78,110,11,27,70,-17,-181,154,75,158,-76,31,21,-107,73,46,-48,-59,-82,-25,107,-44,-79,11,63,17,-81,-50,97,20,57,-26,76,-35,-34,-96,13,65,-76,24,179,114,-24,6,85,48,-127,-49,124,-66,-72,77,42,-177,-14,157,149,-83,94,4,72,155,-89,-26,-82,-11,-31,45,17,-63,-9,26,49,117,53,-140,18,137,48,-45,2,95,3,43
-20,-119,31,58,-7,26,-11,53,143,192,153,57,-65,144,140,60,95,97,-37,-109,-54,67,12,53,-7,-55,-26,134,-124,0,40,78,134,-110,20,30,-9,-182,-170,-1,-28,84,87,109,-43,12,-2,-40,120,150,91,-149,75,105,48,84,-85,43,86,-98,-119,-59,114,-134,82,-55,3,131,-94,-105,51,-26,124,33,-154,-57,-4,15,83,-76,52,-102,49,61,-22,95,44,5,111,171,37,-34,-76,-29,127,-41,29,-59,-127
-1,-168,-9,-52,170,1,-216,-8,-207,12,-51,56,-10,-60,-24,-2,142,23,-95,68,70,7,83,-132,-193,143,-48,-102,14,18,14,49,76,162,211,44,103,146,72,27,-61,-17,45,76,13,-8,16,-75,65,18,-5,70,8,-20,40,-1,12,-83,9,-56,44,36,109,5,179,-55,33,80,129,69,-51,-90,-7,-79,50,108,54,62,86,81,-65,177,-30,52,16,41,-87,231,8,85,3,-18,-25,-21,8,-24,-33,72,-27
42,-128,160,78,109,9,15,-39,-115,36,-37,-18,55,-63,165,109,23,-49,25,-19,-55,90,66,-33,92,8,-14,113,-52,37,136,19,-52,81,73,26,23,102,-26,234,201,-140,121,139,65,90,53,-55,29,48,91,16,146,46,-28,149,40,102,121,95,-47,27,13,172,11,-8,126,93,-67,102,134,60,14,-78,95,61,310,26,27,21,56,-18,-19,-43,32,-87,-35,263,123,28,66,205,181,154,35,33,15,129,-23
-129,-4,37,80,90,-4,-43,-18,53,26,-21,-4,96,80,-38,19,-59,65,5,-40,-18,-55,-84,160,34,49,79,26,146,114,143,71,61,65,31,2,21,-50,-8,-8,136,45,-16,20,40,-50,168,37,-65,-30,-41,102,-24,-7,-12,48,-68,-19,48,17,-15,-6,32,-152,58,92,137,41,53,76,85,6,-39,98,57,38,-126,97,123,92,-10,-24,-42,43,188,-40,66,31,149,2,-58,44,71,127,66,115,45,-186,55
130,-7,-146,-52,111,-21,31,-36,-31,62,36,108,-72,6,-49,64,-42,104,-23,60,14,75,51,11,95,-28,-33,49,-26,132,44,90,-1,116,-85,204,158,28,14,56,16,-2,-37,-48,7,79,111,162,-46,71,118,60,73,-23,5,-35,25,-143,125,65,-135,-56,157,49,49,60,-66,33,-51,207,83,99,-92,65,139,1,-15,38,-28,8,19,211,-11,-50,-78,63,59,141,0,143,91,84,4,30,24,-96,-65,-1,37
132,154,27,82,71,82,163,153,141,87,-6,-12,40,98,64,-40,16,-45,-48,45,94,-57,109,-27,-38,-17,-64,8,-8,42,32,78,103,79,-30,7,128,-26,-134,-63,11,0,138,33,104,-17,-91,196,23,184,91,-78,114,57,-31,-109,-6,5,10,84,48,-104,-19,32,-2,65,-55,-102,-31,-18,160,-36,62,43,-35,58,79,-27,-124,122,50,95,-13,46,-54,30,222,41,-121,27,-33,69,25,-37,-144,-20,59,35,34
82,7,133,-53,-73,33,48,67,-75,95,-92,61,146,-138,97,75,-45,11,45,279,22,99,113,-145,163,79,50,27,66,-26,11,70,2,121,-1,138,-4,-40,-29,22,130,8,86,-7,3,123,-121,135,42,73,194,88,28,80,117,15,-1,10,-12,263,59,119,-73,143,-109,143,-161,-21,-42,116,135,36,-40,46,50,82,67,-16,127,51,104,200,-33,29,-31,38,-59,-46,-24,123,78,85,-48,138,5,-69,123,28,88
-40,-17,65,-50,-37,55,40,-55,45,88,224,42,-228,-51,147,-117,143,-21,-35,-83,-30,190,-135,48,-53,-2,26,-57,-83,-98,-33,48,207,148,-108,75,-24,-193,19,84,59,48,66,-8,-19,43,0,-126,-29,33,81,41,-140,6,196,52,73,90,-105,-33,-169,-15,-12,96,89,-106,-25,131,88,12,-49,30,79,19,11,-115,-68,47,-80,9,2,113,136,74,16,-81,85,61,7,-18,2,-178,-172,-22,13,-101,-93,66,-49
-52,31,-118,68,71,62,101,99,59,47,33,173,-39,105,84,21,139,-124,-130,93,71,-15,-37,129,-42,17,72,96,-43,82,216,99,78,62,176,-70,2,38,-134,84,-25,-70,111,-54,-64,27,44,125,-77,104,17,101,94,106,21,7,-51,86,10,-31,-15,-233,65,102,133,4,16,65,-171,77,42,87,101,29,70,-150,70,45,-118,-86,250,-40,56,-125,-2,30,42,25,9,-71,-49,-19,146,24,-123,-38,56,-71,-15
53,119,-84,100,-6,-6,135,-29,-31,-46,-41,-92,-79,163,135,99,26,16,-93,-148,60,108,-12,-29,-116,56,140,-85,52,6,95,-24,81,53,-20,-205,-86,104,53,82,150,-21,-190,39,107,33,245,2,66,15,-21,115,-80,27,136,-85,117,12,47,39,-208,114,183,-4,169,41,52,-45,31,118,13,-126,-10,-108,130,8,-95,29,20,-61,85,-115,28,-34,136,-189,-69,40,95,-112,-61,11,-89,16,140,20,-23,9,-29
54,115,48,59,149,16,-14,-25,16,80,29,58,104,-18,158,13,-36,112,-30,22,-62,-58,95,-61,-30,47,107,41,70,-38,0,-25,140,126,-38,-26,134,21,46,82,21,69,12,14,52,-34,-3,198,53,107,-165,-73,-46,-3,25,39,6,-143,117,-14,-63,-86,85,129,71,123,-67,23,3,57,116,-99,46,61,-23,30,-51,-23,138,-11,-125,-5,108,90,62,101,65,43,-26,-131,-3,245,30,3,-37,19,-40,23,13
165,99,94,-16,97,4,158,59,15,227,-87,-17,-4,-13,20,152,-130,79,25,137,-24,222,157,48,225,10,4,-78,-27,61,140,10,173,-114,157,4,67,-67,-98,226,46,3,5,-103,45,130,-57,59,-18,-51,129,60,84,191,4,-6,23,2,58,254,61,23,44,-111,28,131,-83,67,-44,84,61,161,-25,78,242,79,22,15,30,16,130,88,72,17,27,19,150,58,-44,-12,-5,127,-140,137,-85,-134,102,-61,82
-121,81,116,16,3,129,62,11,-56,178,-39,84,6,-11,24,-65,23,51,103,141,-1,-29,-15,167,113,-51,65,-59,-68,-85,-25,13,-29,-104,125,-23,-53,-28,-112,99,62,-64,-113,55,-88,-21,22,79,106,40,33,60,5,17,73,151,161,26,79,120,136,94,-157,80,-99,193,79,2,11,-5,5,26,-201,61,44,152,88,99,42,61,-66,150,-75,-118,-12,95,-106,80,129,108,33,-46,56,-8,17,43,-92,-34,-47
29,50,-13,-10,9,-21,38,54,76,12,-58,-103,-98,20,15,-69,-36,134,-228,70,69,-115,9,-13,-78,-124,151,39,-62,179,23,33,47,-15,44,10,31,-69,24,-97,45,13,-7,191,206,77,95,119,143,-18,26,-28,13,-23,64,22,168,-23,-67,2,24,-88,122,-154,-1,-26,-15,17,146,22,80,-98,14,104,23,26,95,28,-71,96,131,-118,14,114,59,-31,1,41,-73,55,31,14,-53,-13,52,-13,12,-19,-47
-39,-15,74,77,177,4,-24,-6,-108,75,-155,102,-4,-39,3,115,-147,-83,-62,-41,30,-10,-46,-19,77,-28,-33,111,-15,-86,46,144,103,69,21,-95,134,-124,39,-123,45,15,7,-50,93,24,-186,-50,127,-44,-110,37,-36,181,-115,-25,6,33,-27,-132,-22,-123,172,-124,76,-40,237,-13,90,-134,-6,14,4,-57,-10,171,-23,-47,-1,-9,266,22,21,-122,189,-88,54,88,67,149,30,-2,-79,126,26,23,215,118,-47
-11,-52,102,-32,69,-26,-27,-83,66,63,30,54,8,98,149,-59,177,37,45,-46,24,-46,43,102,68,-24,19,66,-76,7,83,118,142,-83,-87,-50,49,-22,72,31,-45,-34,98,208,22,-36,7,-20,22,82,-146,-55,4,-8,72,124,57,-50,118,-115,-140,-60,44,2,33,-50,180,60,-49,-99,75,83,-10,10,-34,-91,-58,-14,-78,-50,121,-101,10,-94,137,7,24,29,97,77,-97,158,112,170,90,-11,18,28,-133
52,-113,124,14,-20,49,-26,45,18,61,-169,-48,14,21,1,-25,69,17,124,0,56,1,148,26,-40,-69,-3,-113,-3,123,101,72,-16,-11,95,32,-81,-34,40,94,-48,-8,41,88,133,71,22,132,98,-18,-15,-130,1,-44,-51,226,139,94,24,-29,37,176,2,-212,71,13,53,6,91,13,52,-65,12,69,71,-94,62,62,-34,55,144,-27,154,-71,-11,-27,-6,-137,78,3,-113,-63,86,74,-4,83,-16,129,16
149,-97,-48,9,-18,13,48,73,-31,120,83,84,67,-91,-2,-73,98,72,97,-94,152,-74,124,79,87,-172,26,-28,-64,1,30,-23,-36,-87,89,103,-22,13,-12,33,-102,71,58,10,5,67,182,-186,87,-14,-18,171,-64,103,131,44,12,42,42,11,136,-84,62,-21,0,-14,40,-29,-117,-47,33,161,18,74,-15,19,10,-49,183,27,-126,119,-113,85,-49,83,-209,-47,45,-41,-70,-52,-145,39,123,-52,-12,-158,97
14,-35,-75,-19,33,114,101,-60,-45,-27,-98,103,-64,37,185,24,73,-85,-77,-55,-47,64,-38,52,-11,-50,125,-42,40,16,3,9,29,-164,9,-110,-112,52,34,-65,-11,-80,-6,47,5,110,100,26,-13,88,27,97,-87,-149,223,74,161,-1,-5,68,-79,19,8,219,9,36,25,30,-65,20,72,30,-13,-121,103,-58,40,-13,-16,-20,98,-75,54,-61,17,-97,-102,58,122,-29,-39,12,34,48,119,-8,28,93,-180
-120,32,-70,34,108,-29,68,18,98,152,-5,4,-73,15,92,21,-7,-46,53,58,-29,4,111,124,93,-134,-66,-62,51,86,2,74,-23,-21,190,145,-25,124,97,110,-20,51,-15,0,6,144,103,95,25,105,40,57,2,138,42,80,85,178,160,-8,0,-46,-22,261,130,23,-92,120,-35,-24,15,162,80,-31,206,95,106,44,101,89,131,38,7,84,13,-108,-30,99,165,72,85,211,140,212,51,19,-22,94,95
90,-44,109,-64,107,-20,-53,31,-6,-4,-49,78,46,-13,-15,-163,162,173,-60,18,87,-64,8,-44,21,-27,150,1,43,45,-120,68,149,-21,-56,132,80,25,81,-73,178,-147,97,78,117,-26,84,88,90,137,-17,-39,-76,43,49,141,100,97,26,-74,-9,91,109,-56,86,67,-64,-33,116,95,13,-77,26,67,-34,58,-38,23,78,41,49,85,108,61,79,17,33,2,211,164,17,189,-58,13,-47,65,-81,71,-65
-27,86,57,189,192,77,43,67,44,16,14,48,95,263,100,-2,-93,26,35,70,-25,-64,70,139,79,83,-49,32,26,-27,119,-79,26,-3,-29,62,127,-104,-99,143,-20,-109,-109,27,-3,31,148,-27,145,35,201,-46,146,-20,-44,-40,-32,-49,75,31,118,28,-45,-121,-12,-11,-25,51,-12,90,28,-3,-52,4,74,-12,133,-54,20,194,-24,53,-37,-144,-12,-153,-58,46,-7,-27,4,-5,-63,-45,107,-17,121,-91,27
83,82,130,79,-36,-171,-12,175,54,98,113,50,82,-39,-54,-175,270,76,95,32,4,-12,149,309,113,57,22,-11,66,171,59,-85,93,-100,-77,229,88,-66,-68,7,-148,27,84,20,-2,-32,-37,101,80,69,25,10,21,51,6,-39,-53,-14,-50,8,27,-42,3,-58,67,-78,17,-55,-159,49,-6,11,-68,186,-5,1,-15,-102,77,2,137,3,190,-27,4,107,-69,-102,63,18,-153,62,-11,61,-31,8,-118,-73,166
23,186,9,70,13,87,38,57,-36,119,76,130,64,30,4,-75,-35,-3,136,55,28,-70,73,29,-65,131,98,13,130,-71,-36,207,113,-54,-175,-6,17,-243,2,146,-32,-126,-76,-56,-64,-7,61,20,-23,-32,-54,152,-39,37,114,-58,84,-23,-31,4,75,-17,-7,-20,209,48,162,65,82,-26,85,138,5,184,2,45,-157,61,-18,-56,22,108,-58,-66,71,59,49,20,73,-9,11,-114,-20,49,90,-11,128,-56,105
-103,-3,40,-39,-70,-137,23,153,145,-102,-98,-59,2,130,-46,-22,168,-2,36,-89,-29,-110,17,8,34,108,-33,-13,-57,108,-64,-50,-134,-13,-35,-6,-93,17,57,34,-101,10,63,38,-8,135,-17,102,-98,6,116,14,-38,13,-72,-100,27,-6,-55,-51,112,51,64,-18,-131,-114,-10,-56,-25,21,-4,6,114,-119,28,6,-117,-106,-3,-52,-28,38,64,-22,-84,53,-53,-75,-201,71,-59,-77,15,-26,-1,-36,136,64,-40
252,31,23,7,-31,-16,69,-116,5,112,20,-46,129,-41,78,-40,-26,118,13,-57,-16,153,34,17,158,3,-34,182,128,35,146,81,-30,12,56,178,242,173,179,107,-106,114,203,-8,163,-117,64,78,-36,97,171,85,21,79,99,50,-39,-148,127,201,41,132,40,41,16,181,0,62,47,108,60,94,26,107,150,153,132,54,-9,169,-64,25,121,-27,56,25,90,110,98,90,-82,220,55,110,344,9,-13,23,-94
8,17,-58,-3,56,98,77,-96,79,-83,83,29,-36,-12,39,-186,90,4,-178,46,133,-74,-155,6,70,97,-87,-80,108,102,124,3,-37,89,13,57,85,101,-16,-36,-118,36,-68,-83,-59,-111,48,-80,-49,7,84,-46,26,-41,-31,-31,-131,74,18,57,-68,117,-2,95,94,-20,-31,42,-74,-22,56,-18,188,20,-13,16,107,-17,-65,108,-33,-23,208,30,-9,-60,22,-52,2,-108,-88,34,-61,-110,116,-53,-122,-23,73
11,-6,31,19,-13,81,38,-16,157,90,-60,39,105,-125,40,19,-9,99,55,173,-44,17,22,78,78,-93,80,30,255,-49,20,188,-62,-12,-21,155,-1,-85,-36,82,59,-1,88,-65,-65,58,99,170,20,142,198,36,11,122,16,161,27,-158,-72,132,116,-128,83,65,-19,155,37,-87,30,29,43,-70,77,-66,-97,31,72,-17,93,45,130,174,89,-16,90,81,-44,-72,161,96,90,-34,30,31,-66,66,-97,150,90
101,9,175,-8,-202,-122,-168,-112,13,-41,-72,25,91,-172,50,65,-14,103,187,78,-47,16,-199,-7,27,98,-54,120,36,-62,-56,-71,-14,126,-86,-40,-42,-108,-83,200,139,-52,70,-36,21,-64,-122,-23,167,12,23,-42,95,59,55,17,-132,44,-63,112,-36,206,81,-29,-88,137,99,128,266,37,-64,-76,67,52,52,10,-94,-38,30,-96,76,126,30,-57,12,60,-43,26,-162,-67,121,-120,-76,-95,-56,-65,26,44,-36
-5,69,99,174,54,114,65,15,105,69,-55,204,-90,3,-122,24,58,109,61,-94,34,121,54,55,24,-18,28,13,115,-86,14,261,-76,-47,-63,39,129,-60,40,136,28,-148,40,-36,-10,-45,140,38,15,128,58,177,-32,103,118,134,200,25,-50,50,165,10,214,215,132,118,46,-9,37,90,196,66,-2,111,49,2,-56,91,-12,-40,92,81,155,71,-21,95,-58,95,207,56,-38,170,177,32,48,33,-56,-32,-37
77,132,-39,-98,47,24,96,-61,159,83,59,66,64,-40,45,29,93,66,5,-33,-105,16,-84,39,106,57,36,-15,104,87,68,-13,-123,-41,-13,-9,-4,82,-79,115,-46,99,76,-45,-85,-5,-61,119,-22,24,56,71,-62,20,21,-95,40,41,-44,184,83,147,-70,-41,74,97,56,36,121,139,148,166,1,102,7,50,5,-56,37,-52,-79,85,42,13,-56,84,-22,49,16,12,3,37,13,-27,73,-46,-31,48,64
81,283,154,27,100,144,125,115,2,75,99,108,-9,72,-22,12,-12,-65,183,19,-70,95,34,-13,124,52,78,253,126,-23,4,12,-5,69,-92,28,232,2,6,-74,48,43,19,-5,157,-96,-61,168,79,134,168,19,76,-15,-13,-100,52,153,71,206,-41,78,95,72,-3,-1,61,-74,83,98,48,95,98,47,-69,127,-127,-43,-155,112,150,137,137,-18,-33,-58,-2,-23,65,-1,-111,72,113,63,48,101,162,132,25
147,35,-10,-131,95,-63,111,-79,161,109,-20,-39,-64,124,20,-66,-18,-33,18,72,49,-30,158,-84,46,-60,-71,152,-69,-55,-23,126,30,48,34,21,87,130,-30,100,-195,22,-57,-115,-34,-4,40,-4,55,-14,180,-9,-51,160,184,-110,-172,-49,4,115,-7,-88,1,222,161,108,-151,-101,108,-14,46,-28,89,-112,-105,-8,-51,-75,53,74,38,88,-144,-7,-56,116,-7,-33,-19,75,46,131,-42,97,129,30,-11,62,-47
-7,-53,23,-36,-99,22,-114,-1,-98,18,107,-22,70,-87,-46,6,77,-33,126,-118,-24,-95,-103,-15,-10,114,164,21,120,-35,35,-49,-149,-24,10,1,87,60,41,74,194,-64,182,80,-127,-1,138,-113,-117,-4,54,46,-44,-48,65,43,-25,66,-14,-5,-135,48,-23,1,67,-14,146,-183,9,-16,39,-15,-65,-31,-87,-61,-101,110,-56,91,76,11,92,-16,62,-245,-216,-12,89,-86,-163,-77,82,11,-15,59,-5,-16,159
-50,-44,94,32,78,166,-96,-20,-190,74,-75,82,-58,20,101,156,164,-131,106,-116,-27,69,-112,32,-41,5,-94,23,96,-197,81,-90,-17,-18,-90,-153,70,87,-143,52,243,-32,12,79,-3,-67,75,27,-51,50,20,91,148,75,207,55,67,229,-95,94,-58,189,-10,97,93,65,195,184,118,58,46,57,-19,-165,173,14,-10,-117,-28,-63,59,-83,19,-105,125,-72,69,80,161,-10,25,-7,192,93,83,97,-82,104,-97
-151,36,65,171,88,17,-99,123,-36,84,-157,-132,-2,71,-18,8,38,-119,-49,-93,72,-27,85,-15,-277,71,82,-41,158,-36,235,73,114,14,-72,-74,68,-43,-26,17,63,69,83,84,23,111,101,15,-32,31,22,-59,-28,59,26,88,142,-7,-13,11,-1,35,187,-146,61,126,140,-63,30,-29,65,10,54,-40,-43,186,-12,-207,-65,-93,84,-154,195,52,167,-67,-9,42,69,84,-88,52,93,10,-107,55,116,-7,-49
63,74,104,-39,-41,-24,67,128,86,37,72,-46,-65,-28,-3,54,-15,19,20,-134,-19,130,65,-99,67,2,146,52,-33,68,78,57,57,26,21,-2,-30,45,101,-93,68,92,142,8,47,-83,-61,34,43,71,2,-110,-62,-6,84,-69,21,15,26,13,-12,39,-36,-65,1,-37,-134,-62,42,-7,29,22,-31,2,72,-36,-149,42,-2,15,45,7,-4,16,93,-90,65,-165,-95,41,-38,-31,-45,39,3,14,96,-9,-45
-103,31,74,140,1,-81,6,111,39,-163,72,83,30,105,-67,86,109,65,98,47,72,152,129,32,-31,-25,-1,141,43,-105,42,190,5,77,175,66,154,78,38,160,78,30,38,73,96,-40,-109,-76,176,-2,123,95,63,216,-80,-26,-170,98,9,-57,154,-13,64,12,123,-32,60,24,-128,30,207,73,-46,-85,-31,85,120,-41,171,-82,211,62,8,-54,68,95,-29,104,97,76,2,3,69,64,113,-44,36,-117,64
-138,-78,52,40,45,50,2,-99,-21,44,-310,-55,146,-22,53,-52,-2,68,-82,-11,88,-89,79,-24,-76,54,5,-31,-5,115,135,55,42,-213,0,-65,-34,-105,-85,23,-54,-74,-61,-60,25,86,73,59,-95,-15,-182,93,21,-15,0,99,105,63,44,12,56,9,-30,-94,-137,-1,93,204,-96,19,180,80,-139,3,136,76,52,-79,-33,18,19,-31,198,-25,65,34,115,69,-170,3,-155,72,132,127,64,-96,117,19,-28
180,7,-58,62,236,135,52,-64,-132,67,39,53,73,92,57,-129,-21,104,-84,-23,134,29,76,-145,-28,44,10,9,59,8,129,35,136,103,47,9,71,142,108,-15,25,54,146,77,25,9,70,-15,84,117,72,11,-30,43,-22,-21,55,124,34,120,17,51,62,-71,141,-20,53,11,-5,-29,69,-61,58,49,90,114,50,-21,98,93,43,72,107,5,98,-194,77,140,185,-13,-40,192,115,80,112,68,154,-31,72
-47,169,68,22,-49,-63,-42,243,53,120,277,63,-143,54,130,33,-9,103,4,42,138,58,124,-93,60,-51,239,-31,-58,56,97,64,-72,5,12,10,-12,-41,-36,-53,47,29,88,19,-61,-45,39,39,188,139,113,-25,3,163,-85,-62,264,73,8,-22,133,-93,80,-109,-2,64,-145,198,-63,77,27,163,190,81,44,152,-139,8,125,71,95,70,95,174,39,89,124,-126,4,92,1,-66,93,-132,-80,134,121,-119,181
15,67,40,-87,37,13,37,31,85,-13,60,42,-63,17,-12,-73,-65,-48,29,-39,87,-7,-187,74,94,-85,-173,240,-4,-64,19,19,15,77,-159,-45,68,25,13,-85,-23,62,-52,-50,-13,-34,-13,15,74,-22,150,54,-69,-45,74,-70,-69,142,34,49,-104,156,-41,-24,-121,36,8,89,63,16,88,-21,-25,-22,99,-84,-159,10,47,-32,139,125,31,-136,18,-70,62,-31,17,132,87,-9,-56,-30,93,-83,-35,1,-20
-28,-20,10,-31,131,-52,-27,-4,-28,13,16,8,65,68,60,151,-92,122,18,-69,86,36,124,-106,69,5,33,5,11,69,54,15,14,103,13,-81,120,58,95,69,101,-1,-124,175,10,113,150,17,71,52,30,26,74,33,-82,-60,49,71,143,-85,53,-140,145,68,39,-113,37,122,41,74,192,110,73,10,188,140,-15,-35,31,-73,-65,51,-103,113,35,-79,-6,123,-60,190,54,71,-15,106,-72,-54,33,-78,82
96,14,-38,-98,18,-15,-85,51,-14,-18,27,15,-88,-22,-33,32,3,100,-180,182,79,-72,2,48,105,4,76,-184,-5,-27,-54,-52,131,-95,87,-19,12,-51,-51,-103,17,116,3,-66,115,-29,-42,-29,74,-111,26,-8,39,15,10,138,104,32,-145,19,5,40,-25,-42,93,-95,-13,60,-81,-44,-26,-54,10,-30,102,-99,125,63,-69,158,62,-75,0,102,68,-14,54,-65,58,-125,-85,34,-10,75,-36,-168,-115,51,108
19,-128,140,-20,-63,-119,48,-75,-133,-12,-47,-132,-80,-67,100,0,107,-51,141,-78,0,99,-78,19,-101,78,-73,76,-245,-11,-62,-94,19,103,-108,32,-30,-96,12,122,-54,-142,-87,-24,61,-6,-78,-25,-30,7,-45,28,-14,-34,103,-1,44,-29,-51,-52,58,86,9,-15,-59,-118,-19,51,109,-7,-43,69,-56,-52,115,-79,-84,-181,-80,-226,90,57,81,-84,101,-71,52,133,-171,-54,-29,-153,-67,-26,8,-32,7,12,-88
-4,-20,4,14,63,87,147,-10,-7,51,10,-31,126,-67,-4,-83,11,-53,4,71,16,-74,41,97,-29,32,34,4,-5,75,92,66,32,-4,-39,-80,69,16,-19,37,66,-209,-165,54,-51,1,127,-41,-13,69,-111,39,-32,-75,-17,-153,-66,6,30,10,64,-50,19,5,38,26,168,-52,94,56,57,7,-38,82,23,11,-64,-70,-1,-27,18,-8,44,-61,-51,-61,-19,33,-66,-31,-14,60,-139,106,128,29,132,-147,226
146,78,46,-55,-95,-167,-54,69,78,-39,-15,-108,-32,63,9,70,72,-73,54,-43,-33,56,31,-8,50,-68,-23,-21,-111,-26,26,-116,-7,3,157,38,-19,69,-122,133,-4,-17,-120,-104,30,-44,-35,-105,20,-19,119,81,25,101,84,68,-7,-22,-84,144,-63,89,87,-6,116,18,-20,181,-57,-41,-151,-7,184,-93,88,184,-41,11,-29,-99,38,135,-20,18,-41,7,49,-18,233,-84,89,-109,-94,25,-17,-37,-65,57,157
32,95,23,14,60,35,3,120,61,-26,75,59,-22,53,54,27,-23,90,-7,-14,81,-13,165,-15,-46,-25,152,11,148,-15,99,105,113,-41,-59,83,161,15,-85,20,21,-10,60,75,-40,23,106,218,100,150,201,125,-31,111,43,124,-92,-83,-17,95,7,67,-84,44,48,-14,-46,-86,18,162,269,-14,43,19,-24,25,-53,150,13,130,108,165,-33,-3,-58,-2,15,8,70,45,26,71,91,59,-31,-102,114,-37,258
40,11,-116,-18,-46,-25,-62,-10,52,-187,68,61,-75,61,93,161,-24,45,-143,-35,59,27,-44,-117,67,65,107,56,41,10,-23,155,40,-45,143,-38,-49,44,-2,-135,104,8,29,-17,117,-55,-38,23,33,110,117,127,-14,122,79,-14,-44,6,68,-51,-179,-46,63,213,74,42,-77,-11,-71,4,52,-15,107,-150,-116,55,127,115,-14,56,148,20,-86,-23,-68,99,-74,-5,-4,-39,45,-37,-20,-41,64,-11,9,170,-192
-44,29,-66,139,-28,-16,121,166,3,114,27,121,-60,-58,38,-37,-39,-46,18,90,65,99,93,-24,32,34,33,44,-33,-1,44,158,32,91,1,-83,26,52,28,96,-165,75,-100,-40,-1,136,118,98,11,105,102,55,-14,64,-42,-71,-30,40,169,-67,-3,-8,48,22,57,77,-55,176,-43,33,55,31,198,33,75,-15,-34,64,-15,43,69,-22,86,114,118,106,4,-67,86,129,83,67,-25,-35,130,-132,22,-109,182
165,45,-1,88,-39,84,91,-23,-105,75,-68,53,52,-167,71,134,-76,-85,8,60,7,156,36,-117,-118,8,55,169,164,-77,82,114,5,136,109,-126,129,128,28,121,-23,-77,26,-50,-70,1,95,8,39,74,122,-14,102,59,-45,-23,-72,38,-25,114,9,-27,103,103,259,1,-8,29,57,73,199,13,197,64,-13,33,-59,41,17,-50,94,-76,225,32,105,-98,109,57,88,-109,-85,233,-20,82,47,64,-21,17,76
-62,54,-52,-77,-62,-62,0,92,-37,62,83,-63,-58,66,37,78,82,-20,-59,-1,36,138,37,-30,-10,82,122,-57,41,4,108,78,5,72,80,-24,-54,18,-51,-65,64,98,34,53,50,52,-9,-2,-71,55,60,29,-20,154,-24,30,26,58,65,-59,39,18,-61,-86,28,52,-109,59,-26,142,-116,-31,-113,89,54,77,194,18,125,98,6,-40,93,-111,21,84,27,-150,22,86,7,15,-54,73,35,17,25,96,79
-59,-20,78,-120,31,-157,-77,-70,123,-65,-79,-54,-116,12,13,5,147,-120,-88,-161,50,4,56,11,-5,-81,55,-115,-68,-100,151,-104,120,158,126,-133,5,-11,72,134,142,-19,-44,62,100,31,-43,-80,-26,-238,-143,83,-214,83,-11,238,-42,180,-140,-126,-4,129,60,-22,96,-31,33,14,-84,-12,-6,92,92,-176,-5,73,-52,-16,-26,-38,97,-100,-40,28,11,75,26,-39,-42,-114,-173,-135,96,25,-75,37,40,70,91
38,30,142,27,-61,56,61,-119,0,24,-23,-30,57,32,8,-15,140,-21,28,30,-43,11,44,33,89,1,-40,-29,14,24,122,-96,-91,32,-1,46,34,-20,4,107,33,-110,-44,-23,48,-3,63,-54,45,33,-9,-10,71,-33,-80,42,13,5,98,147,59,140,-55,23,-4,85,-90,64,27,88,82,20,-153,106,48,66,99,-63,-106,202,-63,35,-32,-79,-162,-129,-75,14,-17,-96,-20,207,-81,-116,32,49,26,59,89
-48,147,104,222,20,-70,-91,59,-50,-26,34,55,-34,43,-78,-34,3,134,208,-9,118,-72,77,37,29,113,-2,-90,15,-22,-47,-122,-2,5,-109,-13,177,-132,-23,116,-2,13,-46,-2,101,-211,37,28,30,107,2,8,25,44,25,72,-11,34,-114,94,96,42,91,-94,11,-37,189,3,66,141,68,102,0,13,9,11,-30,-224,-30,22,-42,81,30,91,41,48,47,46,33,-10,-118,-39,21,-71,-84,-85,62,-49,69
-24,140,-6,-60,24,-183,112,20,124,-109,41,48,33,62,-54,58,-20,64,13,94,80,-53,172,-7,10,-105,172,-84,-28,4,-102,2,-21,-102,117,99,16,87,124,-30,38,13,17,22,-123,72,48,23,71,81,69,107,-45,72,-40,-19,-57,-125,-5,4,4,-11,-28,10,88,52,-71,-33,50,77,15,55,2,102,-48,140,-191,205,77,-26,-60,106,-320,23,22,-25,-25,17,94,142,70,231,-40,-31,77,11,-58,-133,42
152,-7,179,-45,-25,-67,-112,-24,-31,118,-44,29,-89,-155,-1,-15,-46,81,-28,-49,92,58,15,-32,33,-13,-34,120,34,4,-3,-58,114,10,-9,73,141,81,177,34,-61,153,48,161,169,-47,-55,-37,51,112,-83,69,92,100,72,115,-44,-103,26,-173,-49,45,-22,-6,-54,1,113,88,66,-83,48,-92,-56,66,94,29,46,91,-41,-9,93,-32,31,-105,118,-88,-9,27,-6,47,-143,124,-19,31,-75,-84,-66,29,-6
33,-32,6,-7,135,56,55,86,53,106,-33,-26,97,271,-62,-3,58,-11,67,-17,-57,132,272,69,8,27,-56,-94,139,143,47,111,158,-77,54,163,189,21,60,24,-220,49,12,141,153,44,-18,-15,0,48,9,3,3,107,107,-21,-141,70,60,93,197,-57,90,-101,104,-6,-116,-65,-41,-186,139,22,-41,55,137,32,107,-90,78,25,144,-110,84,-76,-91,-105,69,-26,179,5,-181,132,34,131,-15,-26,-14,-105,17
-125,-150,128,36,130,77,201,70,-38,-15,23,35,-131,-179,-63,24,97,-77,-58,72,43,120,145,58,-117,-51,18,-48,74,-32,98,15,-40,174,143,98,65,249,84,55,-3,-94,77,-37,-74,45,124,64,-65,127,-25,20,-4,131,-147,0,-30,-82,-76,-13,167,-64,-128,112,112,65,-3,25,66,99,29,-25,-1,-7,26,-149,75,114,62,-35,25,171,-60,-29,-46,-126,-31,1,54,21,148,126,-20,108,-31,45,-28,-12,108
40,99,-127,117,-2,118,22,65,-7,196,115,248,-33,50,100,34,184,36,-54,-90,-54,83,112,-21,136,138,68,-20,0,17,152,-38,93,149,58,-127,-78,26,-20,78,190,6,94,-10,-25,72,150,113,155,24,-51,55,36,56,153,-12,136,191,-24,-15,0,-34,192,111,179,-21,-132,145,-150,90,69,58,153,103,164,79,192,37,170,-72,-40,-93,164,130,20,0,-3,42,247,9,16,120,25,70,27,-61,-4,-64,39
,-24,140,-173,63,27,-21,-13,191,78,58,98,-66,-1,51,7,223,26,-4,-29,100,-59,132,-5,82,161,109
