37,-25,-12,37,-41,94,124,-28,-11,5,-85,-17,144,62,34,-71,-55,140,-46,-27,49,29,-13,189,62,94,84,39,123,65,-26,49,55,84,46,-41,133,-94,-10,116,85,-78,102,48,59,51,27,48,-39,51,46,98,14,76,64,22,34,13,207,131,46,38,-12,97
119,14,-2,-61,-63,49,31,-27,-26,31,69,-2,-31,66,-56,26,6,-27,49,-9,27,61,-67,-6,4,-34,75,140,-2,-50,-33,36,91,57,-171,16,46,3,50,-37,107,-16,-16,36,90,59,-54,34,157,-40,-13,-112,-25,36,85,38,12,78,9,-64,124,66,-35,70
65,-60,-89,28,-44,-24,-9,41,41,-1,86,14,37,15,108,34,35,-66,-39,68,45,47,-24,68,68,-95,12,33,54,-27,31,-50,-16,-16,46,-23,211,-160,48,43,-97,-33,4,4,-4,70,-34,36,22,-1,23,94,8,-9,-5,-50,76,-79,-44,-71,6,-38,50,138
45,76,174,-77,36,3,82,-148,95,-67,21,34,108,52,-155,109,34,-54,33,-23,-19,91,59,-6,-62,-23,1,-113,-15,-11,-38,76,113,74,4,-5,98,73,-34,-70,150,-14,-86,-127,-99,-84,-39,-38,68,19,81,-108,10,39,64,-43,75,36,38,-1,82,41,16,-36
-34,-5,-14,109,86,10,-123,64,-80,33,-30,-49,54,9,88,-59,38,25,12,-6,92,66,26,-44,60,113,-16,122,-26,27,16,-116,8,21,6,-34,46,66,53,76,66,68,222,4,44,-76,33,-63,57,-52,85,115,93,-17,37,-60,-83,-30,60,99,1,-81,-50,109
24,61,121,-57,-5,124,36,23,-44,-23,-69,99,45,38,-60,42,46,25,-45,42,95,-68,-18,-11,45,2,1,-41,16,-99,61,-8,127,90,-37,126,60,90,84,18,110,-37,23,-49,85,-62,38,-91,-84,-58,-84,109,-52,-60,10,91,-31,55,36,-12,166,-144,7,41
1,-26,202,-9,-121,33,75,15,3,40,4,-18,86,71,48,36,84,6,-36,-64,16,147,-75,119,39,-14,-102,31,35,134,84,70,32,22,-39,90,-6,14,8,-21,13,-9,78,-1,82,-72,-16,-17,127,-69,139,-3,80,39,101,-25,-54,95,77,100,146,70,73,165
76,4,-31,-59,3,75,-21,-73,21,-116,60,-32,106,-20,-70,-57,172,-43,75,-80,60,24,42,-13,-150,36,-22,-49,5,42,85,89,-23,177,-104,137,22,133,-29,-8,160,27,-76,-9,-10,-239,19,34,42,18,-19,21,-61,126,54,-53,-28,40,68,-16,-48,-43,57,48
-42,-93,79,-49,80,-16,115,3,-96,-107,-35,6,146,113,43,48,110,77,40,-110,23,49,31,109,88,18,-106,-61,-53,-22,95,23,-54,-31,-134,23,81,-62,45,5,-59,118,183,25,92,35,-84,-69,11,13,-62,-82,48,-33,-7,-5,32,-101,147,43,11,165,124,-2
-154,37,-9,68,107,36,175,-141,102,-23,108,41,89,51,17,-77,-126,2,188,-91,-34,106,47,138,35,-8,81,-8,18,36,81,171,-13,-92,-57,37,93,-3,-85,-19,10,20,95,77,20,57,12,24,-43,59,26,9,-18,26,23,3,23,0,150,51,29,119,-9,27
139,41,-10,55,-135,41,78,95,-8,36,6,69,-8,14,88,37,26,-56,73,-64,-4,61,-23,19,-47,-149,43,90,-4,-27,-26,118,84,41,65,75,-96,-156,-38,1,55,-93,-40,-13,13,114,6,15,95,-46,170,47,78,116,13,-12,-17,42,-23,67,-40,-51,-28,67
-60,-134,-36,-13,37,-68,-28,44,9,-86,-24,58,-40,-23,83,-22,70,-26,-114,-52,-36,21,21,-80,23,-48,-37,72,-6,50,63,-48,3,55,-26,-5,86,-81,-36,10,18,0,-38,3,-52,2,45,-85,-27,78,-21,-22,-127,97,8,-96,27,-138,-39,-55,-21,17,11,-49
34,17,-83,72,89,-35,42,-82,-15,-129,-11,100,51,93,17,-40,40,-23,-98,-16,100,105,44,51,-52,83,-91,1,-62,47,3,106,45,47,35,168,38,17,-172,-34,29,-37,-58,79,-10,103,20,-41,99,-6,65,-11,-39,7,32,-81,-5,196,73,106,-36,130,-25,158
-91,30,73,1,8,56,27,31,51,72,55,-54,19,51,54,-32,3,4,58,2,98,27,-49,90,108,-23,-36,53,87,60,34,148,-17,-7,-52,-36,28,39,-35,23,-90,120,82,83,95,-37,-129,137,-37,24,4,92,8,31,34,23,52,58,20,-77,4,2,51,50
48,-26,102,-38,61,-16,-57,34,105,55,-1,51,149,5,-59,-45,4,-22,23,-82,-30,67,-34,91,201,8,30,137,19,97,-21,15,44,36,97,-61,87,-2,67,-89,13,35,57,59,-3,-120,10,71,42,7,-76,-60,-28,39,70,135,72,84,-8,38,63,46,-12,-57
14,-45,12,86,34,108,57,-28,-72,-83,46,109,-62,20,70,1,-121,-37,18,0,-27,-26,-46,38,67,-5,100,-115,2,-1,80,-24,5,113,65,35,-37,202,-76,53,62,-91,-46,49,74,-29,27,-91,-39,-79,-2,68,6,6,-31,53,-44,-61,67,79,49,-20,-69,-72
44,20,-7,204,-60,-13,-71,37,25,-142,32,50,127,79,-82,34,98,18,-9,43,1,116,46,-18,-90,-78,-23,47,-43,91,-29,8,35,70,2,-30,-21,-5,-137,15,7,-142,47,63,-100,-40,25,-12,82,-80,5,39,-42,93,61,-39,-84,-11,-48,-7,63,111,17,-10
35,59,150,-86,154,-118,193,66,-56,75,-11,149,-36,34,56,-12,-16,106,-100,-6,14,111,-14,97,148,139,70,9,-78,26,52,12,15,70,11,-66,24,-57,49,-19,67,-114,-111,83,2,59,-52,81,-51,26,171,60,72,-52,-111,86,34,34,36,31,82,1,27,-12
-147,-1,124,-106,2,5,-42,55,63,-59,60,76,-26,-40,-19,-87,-21,4,89,17,12,-60,-8,0,139,-22,-33,-71,-117,14,156,-12,-36,44,-82,137,-52,14,-8,-78,-42,-74,26,-16,124,-2,-41,-107,-86,91,-30,75,-24,17,-31,61,-20,-24,-42,31,126,1,3,-98
-12,113,113,47,-38,-6,68,72,16,112,-62,176,-19,111,147,-81,19,-126,49,45,76,73,24,-25,91,-3,-3,21,-46,90,85,-106,64,9,7,154,6,-13,19,184,64,-48,102,42,61,24,6,-15,44,49,84,169,-21,90,17,-31,-28,11,13,49,137,-63,-47,3
17,27,-2,21,-17,-32,-18,-59,-3,-28,-61,22,-57,31,87,71,72,109,-83,2,90,59,15,9,83,17,-149,28,-59,-43,-35,50,4,59,-13,-70,-9,78,16,-107,10,51,28,8,58,34,13,-38,22,-28,69,22,-103,-24,72,43,45,100,63,17,15,54,26,-41
23,40,42,80,64,67,-54,-36,-35,-6,133,35,-1,-15,-114,-27,-87,-96,-124,100,-41,-138,72,70,30,-52,149,-25,-8,7,-53,148,-28,23,37,-60,-117,-29,-16,-40,-78,-14,-11,58,-118,-85,-48,38,17,47,-150,-42,14,-55,-85,133,18,11,26,29,-182,5,3,-23
23,133,106,34,0,23,-26,40,-41,44,0,99,3,-16,19,10,-50,53,66,-23,9,-21,117,37,138,2,6,96,-32,-119,-37,-11,18,-8,-92,35,61,-79,86,-8,-137,-50,115,190,9,55,16,-27,24,-43,-11,5,78,-89,13,183,-31,34,-43,100,157,68,134,10
-25,18,66,-38,-18,-48,52,81,-137,-44,84,-56,65,50,9,129,-49,82,-25,-89,7,-69,20,67,93,13,-161,28,24,49,2,9,46,107,-21,37,-58,12,108,-36,46,29,-94,96,37,-57,41,-16,67,-1,5,95,20,93,92,146,11,17,140,136,21,20,82,19
139,79,-60,-57,53,-34,40,31,-12,92,-11,85,-1,106,83,-59,55,-105,-68,-44,22,66,-35,56,74,146,29,22,-114,-1,-41,-134,26,-40,-46,-54,-51,-28,68,89,5,92,-4,44,87,74,43,53,24,-14,13,-19,-12,-74,6,47,-33,63,33,22,56,46,-117,52
29,20,127,21,156,-32,-33,-13,-17,109,14,21,114,51,97,90,32,20,20,12,-6,40,3,22,94,101,21,-19,-106,-61,-54,-84,-140,38,-108,-65,5,61,115,-20,31,26,137,-11,48,-144,-15,-19,-8,10,96,101,51,-56,-9,65,-25,-36,-29,11,120,-131,11,-5
49,-97,-77,38,-55,34,24,9,18,14,92,-48,92,41,13,190,-1,-18,32,-152,-30,116,7,179,69,22,-71,18,34,32,-78,5,-87,-45,36,-59,-123,53,54,-78,12,142,12,125,47,5,140,-27,129,-102,-6,-78,83,-63,72,153,-30,59,141,181,-13,110,28,54
109,40,32,-37,-5,78,80,-43,-177,36,38,41,34,11,-108,105,85,-1,-79,-21,-84,117,97,77,-6,-2,-75,10,-27,0,-80,-98,58,17,20,-29,92,14,54,8,110,-12,-66,-36,-110,-73,34,3,119,14,-53,-4,78,-2,34,-33,-73,3,142,81,-58,33,8,206
81,44,-33,89,-13,-9,12,-9,-52,-16,139,-17,60,-14,29,42,14,14,76,40,66,48,-15,17,-50,-54,165,-19,-58,-173,-29,10,76,-79,-123,-16,-46,-30,-21,-38,-15,-38,76,73,-1,-4,-40,41,-17,-94,58,81,4,-139,170,97,-32,18,-36,-29,131,20,79,56
45,6,-71,-41,39,57,174,89,-32,-118,32,44,-45,-2,-71,-22,-2,34,17,-74,17,-27,-77,9,-40,65,-39,50,35,51,30,33,32,41,70,49,-12,27,20,23,92,-45,-100,79,-57,24,6,49,-56,-153,-40,116,73,27,-31,-23,-52,-7,174,7,-121,-78,66,58
-42,-4,46,-126,-69,51,76,29,53,45,26,11,-26,-23,39,-57,43,-29,112,-19,-64,-83,74,-16,64,7,-25,-46,-11,-8,79,45,36,64,18,258,-32,75,86,-31,72,-27,-36,-14,91,-127,31,-21,-7,88,-1,82,-35,188,16,22,-95,-57,66,88,20,-45,-38,-70
55,50,39,-62,80,-95,48,0,-114,-2,51,149,55,9,-35,-11,-37,53,9,-51,-20,-32,22,132,99,55,81,96,-38,-109,-88,-8,10,126,-7,-34,62,1,67,-24,108,-30,-107,181,-94,-50,-8,110,-19,96,-73,3,-13,-71,38,150,30,25,109,31,16,34,90,-95
-5,-2,5,-1,20,87,47,60,-3,-29,-84,-75,22,4,-29,-107,-40,127,-36,-40,-26,-28,92,104,89,63,-33,12,120,52,-123,88,-119,-7,178,12,-69,57,39,46,92,45,1,38,-71,-26,86,-16,-54,143,-90,61,-21,107,29,51,-65,17,133,23,-139,96,-15,-79
101,52,-103,-10,21,154,69,108,91,-79,170,55,95,74,119,-101,-31,29,205,-11,83,38,-37,108,164,127,119,41,202,-21,46,17,-51,44,-11,77,86,43,109,25,-30,-59,120,190,249,42,-23,-1,-35,-75,-11,192,136,8,131,135,29,0,164,119,106,30,75,59
126,99,-5,-24,16,-4,-23,8,-83,-79,92,49,8,41,-15,103,-16,33,47,-68,41,47,64,-34,-9,86,6,1,53,-60,-35,-12,125,95,84,-21,-17,-34,-33,-77,71,-29,-89,79,-18,-12,-19,11,-10,-81,35,-4,17,-64,72,30,-55,132,16,198,37,53,38,167
-62,-46,-11,117,-91,-8,177,0,-117,1,9,156,55,119,156,41,38,116,-23,83,134,26,-5,87,101,46,37,16,-38,-68,36,12,1,1,90,148,-6,29,31,55,12,-18,123,27,68,66,64,-8,-94,-148,-44,22,23,-75,-34,51,11,-58,106,68,111,15,-56,-47
-108,-58,95,-29,41,-29,-18,27,-14,-3,-77,-107,-22,-76,50,-96,-64,88,124,-18,3,-2,80,35,-15,115,-48,-70,97,82,17,22,-99,32,47,84,142,116,-25,78,-6,51,-34,-58,9,-21,16,-13,-6,30,87,77,-78,155,113,67,-5,-27,-4,-43,86,-38,-109,25
-8,-5,114,86,-51,-86,126,9,-49,68,1,2,21,152,58,85,40,3,56,-15,-39,82,18,6,-39,60,54,-6,-43,-56,10,31,-51,-28,-89,90,-129,73,-63,54,55,26,110,-35,27,10,-75,-32,80,-19,74,22,-16,21,50,-73,-67,-48,-20,9,-9,-29,69,24
-8,-19,71,-16,88,-33,-85,19,-112,-6,23,-118,1,-85,16,74,14,170,23,43,5,-33,52,-22,22,-15,36,70,130,-134,-75,-4,-95,-86,-38,-200,-41,-66,42,-102,-13,0,11,-24,-113,-48,-43,-10,-28,37,9,68,7,-160,10,31,-45,-46,-88,-84,14,-41,111,-45
35,16,98,91,-13,72,73,-19,-39,-33,-113,7,102,14,46,-18,140,129,-36,-56,102,55,53,49,47,96,100,50,-47,-61,50,82,-6,127,-50,68,122,8,-10,-44,127,23,218,24,9,22,58,-57,1,58,104,-70,19,-49,-2,-17,-22,-26,99,155,90,-5,119,-45
5,55,-91,-47,52,93,-2,40,114,26,140,39,-7,-30,119,-31,2,-130,55,-143,-22,-47,-53,113,19,-16,-109,-44,48,-14,50,-75,-11,-63,-25,-21,94,-9,64,-3,-222,-10,-47,9,65,44,-23,9,98,-42,106,30,-19,7,33,38,79,89,40,87,-5,16,-27,-9
-51,-123,-146,-28,4,-45,-82,0,41,-10,-36,-13,-68,11,48,49,58,95,-37,172,151,-57,-78,-60,-10,-5,67,-69,-58,-47,16,-49,90,43,-13,-70,41,44,-42,-4,77,56,-88,43,120,122,-41,28,-179,29,-105,92,-136,-183,34,-76,-16,-3,82,-137,41,56,-20,-32
14,-66,83,79,87,-131,177,143,-21,-33,13,45,68,-14,-42,-1,25,126,54,-79,-77,133,28,67,122,12,30,116,-35,56,92,-14,59,8,36,36,38,1,-33,12,33,-55,3,193,-67,-12,13,86,-2,-36,-12,160,-61,52,49,49,-52,-53,39,-9,-7,-67,101,26
81,24,84,-41,-106,1,-48,59,54,87,15,-60,64,-27,-22,11,-6,33,12,-49,56,-79,45,-88,3,98,106,119,48,-13,-63,136,-49,111,47,92,-148,54,55,-68,-6,10,2,-93,53,-156,-51,85,-13,-100,-30,-142,4,-5,8,72,-109,127,-18,70,103,11,-41,-6
-58,36,23,20,-41,-60,-35,-25,74,214,-44,52,28,-48,84,11,25,-22,68,-15,-109,30,31,50,47,36,-8,34,25,44,-44,-20,-47,-66,-29,-69,94,-60,7,12,-151,29,18,146,-8,16,6,141,-28,83,26,48,-56,19,31,48,2,15,-46,0,50,-56,-59,-8
109,92,-16,80,-16,61,-31,127,93,76,26,-86,47,-45,-42,37,137,1,58,-28,-82,172,55,-9,27,7,-88,68,-1,30,-6,-95,-96,-39,-1,-37,57,121,134,25,-78,81,149,-35,35,-51,83,-56,107,-108,-43,-4,-23,-51,-11,125,-27,10,-37,-19,57,-65,89,74
94,36,98,-62,65,11,79,-5,141,130,68,-145,166,8,58,99,39,-33,159,-130,31,103,-19,88,49,-20,38,-13,30,-87,17,150,50,109,-133,-66,60,8,119,-51,19,139,79,-32,220,-119,-21,78,64,70,138,88,119,5,74,140,-27,54,74,83,119,-64,85,75
5,-76,-40,39,81,-102,40,44,80,-64,-24,-30,84,17,64,-62,110,155,-57,62,74,16,26,73,-45,126,91,40,-8,-36,47,7,-103,80,-43,124,-5,93,41,24,52,97,164,-15,7,14,78,-140,-20,-80,73,54,45,-71,10,-38,29,29,169,51,-82,-78,27,19
-7,-76,-66,68,125,28,108,32,-65,32,29,-49,-1,69,229,-56,-74,19,52,-81,108,53,-129,70,77,128,85,-64,67,-80,124,-13,-112,27,54,-27,107,91,73,21,59,61,56,38,167,18,56,-63,-48,4,99,145,58,-30,115,3,39,-46,62,45,18,-78,38,33
4,-38,-5,116,-41,-91,89,44,-104,-32,-22,-86,-41,-65,32,-43,11,103,46,14,92,26,-18,17,-6,56,51,-18,-100,-130,-35,57,-34,-64,66,34,-37,109,-62,-1,-7,141,42,-48,15,25,-45,48,22,-79,67,57,10,-112,95,58,-17,-14,-5,-82,-51,0,97,-20
-11,-16,20,-3,40,93,-23,18,56,5,3,-10,197,48,70,1,127,-6,-6,-36,115,-5,89,24,153,67,-51,61,116,51,-61,-79,-15,-79,-39,-34,23,-60,143,26,-60,138,167,108,87,-8,49,25,-22,11,48,-109,74,-27,106,23,33,-35,39,159,48,1,-149,40
100,59,-12,62,-7,0,-41,29,-82,-35,23,84,-14,52,-30,12,99,-23,21,73,67,60,92,-20,-14,-55,-44,186,-41,-37,-150,52,5,-44,31,46,-65,-102,63,-18,145,31,-4,57,-118,62,102,11,132,-17,5,12,-59,-73,58,26,5,7,23,3,-57,17,58,71
118,181,21,-87,122,129,43,43,42,4,45,65,61,57,28,13,55,-26,132,-67,1,113,6,48,24,-100,-27,-18,58,13,38,46,97,-108,-8,-59,188,-214,45,-30,-94,-126,17,53,25,60,-118,132,21,37,58,-24,28,94,-15,14,46,102,-7,19,183,120,-18,97
33,22,-69,-49,-27,-29,81,8,-137,64,37,145,35,7,16,67,104,-61,-30,-39,-71,23,82,49,41,-45,-30,123,-72,-121,-104,-46,77,-14,-85,58,8,27,183,102,119,124,-10,157,-43,-135,164,84,118,22,-38,9,14,85,82,133,-58,-122,102,69,-8,10,-10,-38
56,20,59,-34,-4,39,51,-71,-28,47,-56,-8,2,-44,72,-5,-62,24,19,-8,-52,68,24,-18,-50,36,47,-112,18,-22,1,-9,20,57,12,-4,-42,10,6,78,94,-78,-88,-74,54,14,83,-90,-22,106,98,99,-22,52,6,27,-30,43,12,0,131,46,-81,-94
71,108,-23,27,-32,4,-84,-57,51,36,-9,-15,30,42,-14,1,93,-13,-42,109,72,82,104,-133,-23,-89,22,97,-43,-25,-13,131,29,105,-55,-34,14,-53,57,-24,59,46,13,-6,38,-46,-1,11,150,68,45,-138,160,62,-12,-96,56,5,-46,1,-37,89,20,33
52,-11,33,5,-114,40,93,5,84,83,-72,-56,23,-106,-68,3,41,77,-42,-74,-71,96,-161,73,-28,123,48,55,-1,199,-76,91,93,-35,42,57,-26,48,24,0,180,23,69,6,-14,-2,91,126,42,-87,172,22,157,132,126,35,-12,48,202,140,-2,-12,-106,62
84,64,-22,-76,28,-123,-15,-40,88,5,40,1,37,18,-3,73,65,-36,32,13,-32,124,-19,-53,-53,160,45,-6,1,5,-74,-63,104,23,12,-29,50,106,-28,7,109,95,-11,-45,29,-76,-42,91,1,6,81,81,-40,-16,142,-33,-60,69,114,51,123,76,-43,36
-188,-31,-43,-2,-130,20,-39,-26,-23,-30,50,-56,-72,-70,9,54,-7,-36,80,-16,-16,-13,79,59,36,-42,-91,12,103,3,48,-23,16,-82,-111,57,148,47,-115,-16,-123,101,41,-41,90,39,-5,3,52,37,7,58,-117,50,47,90,-6,-12,-32,59,29,-82,-12,94
99,87,67,26,38,48,10,45,-92,-19,32,107,-22,34,-72,80,64,-69,-69,-3,7,17,35,6,39,68,101,-17,4,-45,-1,82,140,10,39,64,36,-35,-12,-15,161,-41,-25,-27,-31,-22,44,28,87,51,3,60,97,-1,57,57,1,-28,95,191,-34,-36,14,76
10,71,-28,-24,106,30,-9,21,19,-71,87,21,72,-38,-117,-17,-12,21,123,-38,75,8,16,-38,56,-8,22,-69,3,49,48,44,102,-31,7,23,-9,57,-76,-109,-43,0,-27,53,21,17,-85,65,-9,-74,-70,-34,114,-121,0,18,-23,66,4,136,18,54,52,130
67,30,-90,60,-32,-33,-95,108,9,105,32,120,-3,-30,51,-14,53,-7,-20,110,-26,-6,-19,-5,-1,-60,-2,188,-86,-3,-74,-23,11,93,2,-54,32,-164,156,35,-71,2,9,114,70,80,93,64,43,84,-104,-51,-38,-5,-11,37,-52,3,19,-10,24,57,-59,25
6,50,-101,-22,160,6,24,-38,-1,-78,139,-13,143,2,88,53,63,158,41,-55,148,130,60,-4,114,218,-62,62,144,44,95,-20,18,130,15,-89,68,76,7,-156,48,30,5,200,76,-95,-39,13,-71,-9,20,89,14,-125,-7,-9,18,173,145,198,50,47,138,67
52,-69,69,51,-63,25,106,42,57,106,42,6,101,-23,40,-10,43,72,77,-65,-151,6,2,150,82,87,91,-58,116,77,-55,29,-28,-3,107,52,21,-29,82,3,1,62,47,165,-87,-28,126,71,-45,24,-5,32,68,82,129,60,135,-162,90,141,-83,52,31,-82
