-32,-10,-30,109,22,21,-23,-45,72,-34,25,14,30,43,79,147,55,61,79,114,-10,60,-119,1,-98,-67,9,44,-71,56,48,10,-70,27,-13,41,-53,-145,-42,-87,16,1,145,25,-97,20,-49,204,72,5,-2,-39,116,18,14,73,65,43,5,-19,124,14,-48,-100,11,19,53,24,-39,-40
-43,1,38,15,17,-7,-36,-55,-65,59,-21,-77,-11,34,83,8,98,-25,-53,-61,114,-198,-69,9,8,-64,3,83,-60,-51,12,56,61,-20,24,-74,-113,-13,84,-22,11,24,-67,119,-36,29,93,-7,104,-59,-74,-49,46,-37,75,-45,19,-66,-12,-4,5,-24,-55,5,5,12,-117,6,27,-34
83,71,60,105,56,-35,-93,137,121,158,-23,43,161,-40,9,67,46,96,22,46,77,17,23,68,80,58,5,-15,-10,214,51,-8,67,3,-63,68,87,141,156,-61,52,21,15,120,-43,90,94,-65,23,129,26,49,-27,48,219,85,-111,44,13,-4,-99,-51,-60,-54,49,43,2,64,-9,21
37,77,24,85,15,62,56,-71,82,207,-8,-58,-61,18,-27,10,61,-62,9,44,18,-49,-29,134,-12,-37,24,61,-30,138,52,-110,72,-7,-4,107,144,-11,14,70,-49,0,185,-37,-33,67,51,-81,147,125,-21,73,61,-16,87,-25,143,-8,62,-1,13,-54,-88,52,45,168,-106,-4,41,130
42,8,29,37,87,9,-86,3,149,28,24,116,-3,64,-156,-25,-79,-87,80,13,98,86,-26,-105,-121,-26,30,-76,-9,-84,68,39,-63,111,-2,128,43,-87,-54,-86,47,57,160,-13,54,-12,-2,168,-74,50,-13,34,10,14,69,54,14,-36,-90,-59,24,83,-40,-14,-4,-160,-141,80,41,-33
-5,-68,26,-44,108,-7,48,64,53,8,-22,-43,0,111,-8,2,52,-82,106,-65,-54,-37,-43,19,53,-43,12,56,20,30,-15,7,-10,43,-11,22,74,-75,25,23,25,-27,-43,-16,7,54,-24,7,81,-105,-119,144,95,117,-14,29,-80,18,-8,-72,-87,46,111,41,-4,35,15,86,-86,87
-103,8,66,-39,70,118,129,10,118,-70,40,49,30,-19,34,14,22,89,75,28,-32,36,-52,-7,19,24,-69,107,-59,-104,-18,-30,-73,1,86,-93,-103,-7,63,-45,62,66,21,86,12,63,14,142,122,2,9,38,-81,53,-154,136,25,-105,14,-12,31,43,-28,-7,96,-45,2,9,5,-29
-159,22,16,95,36,91,-4,-37,15,168,26,-126,47,63,62,79,143,172,-80,-148,181,42,1,87,219,-124,52,63,39,15,98,92,7,153,-42,-188,224,89,98,19,5,206,-24,27,-20,151,-16,20,266,51,27,129,-60,106,12,82,-82,46,122,-66,-18,32,-108,142,-4,96,-47,-31,-49,30
13,-14,56,40,-10,13,5,81,-139,180,-61,32,9,51,-14,70,90,103,-93,131,15,-67,-35,57,130,37,34,-37,-56,114,161,-106,108,33,-42,-19,79,20,14,172,-13,-124,-23,-107,-28,-38,12,-86,-85,172,46,-45,32,-84,33,39,-14,89,40,-34,-48,-17,26,49,208,59,76,-5,-34,91
68,-27,-21,-72,69,-42,-41,107,63,4,-74,48,78,-9,16,49,125,8,119,-55,-2,50,-81,-103,73,51,67,26,7,19,-11,93,51,-59,-6,45,20,-48,64,-37,-93,98,-7,59,23,59,90,156,84,-86,46,-92,72,100,-66,46,62,-22,5,20,-9,125,-129,103,-55,-13,-15,77,-23,-3
44,12,101,196,45,137,-30,-22,-73,48,101,36,21,13,51,33,131,99,-130,-94,179,-106,100,62,57,-4,-84,59,0,57,72,23,-6,28,-24,-21,142,97,55,32,195,125,29,115,43,70,-42,-32,36,32,129,68,83,25,187,-80,-65,-106,30,-10,49,23,8,-124,-18,-9,-44,-23,8,69
5,-22,116,119,122,15,17,68,44,7,30,-25,38,104,151,-82,9,16,98,-22,7,-23,-44,-7,-46,-17,156,0,4,-57,78,-79,83,125,-39,-35,41,83,1,-86,-48,-98,-28,-60,-26,49,-66,-71,-49,-39,96,61,41,36,136,-87,117,95,-57,46,35,-15,-6,-91,-8,35,27,20,-28,-33
54,131,7,100,-19,21,-123,53,-94,98,24,158,-17,108,12,43,-50,84,-7,-35,-34,-59,117,-139,-70,119,17,-69,53,-1,40,-129,19,33,-31,-33,24,4,47,-35,8,21,-7,22,0,8,107,67,19,16,2,4,17,37,93,-43,-10,-177,11,-143,-142,-12,-77,9,-33,83,-94,-41,18,-34
-71,36,-23,2,32,56,135,-30,124,-71,-55,23,-51,46,-14,-142,41,-97,138,72,-106,76,-94,4,-21,36,74,62,40,-148,-45,-52,105,-20,67,2,-81,-14,-174,-79,-106,27,-95,43,-6,54,18,28,35,-125,-13,45,-3,30,-131,44,146,-48,-26,-9,70,39,-8,21,-61,52,49,-18,123,-70
-15,0,181,145,95,102,-28,102,102,227,38,129,5,34,-11,81,87,74,24,-47,166,98,-33,87,146,-81,-13,72,-23,133,116,32,-44,156,61,-8,319,-5,45,89,52,108,97,128,87,65,8,96,88,127,50,54,65,165,134,67,87,157,-14,59,8,108,-94,131,157,21,-8,56,-65,80
48,166,41,156,82,151,-22,128,102,162,32,101,19,137,200,51,75,41,86,-31,65,-25,-101,8,-53,2,82,-58,-89,45,39,-28,50,141,-89,-42,19,-42,-12,-85,-2,161,140,110,-111,77,61,109,246,-11,-34,15,69,67,122,-136,201,-112,70,-99,-132,125,-138,-6,16,18,-38,-8,3,-42
-40,-51,42,-39,135,-46,-34,-81,-50,-82,96,126,40,44,-19,104,67,-81,14,-88,-19,64,199,11,85,-5,7,-1,174,-84,69,-121,-5,-39,-11,4,179,110,26,61,74,-88,1,5,144,0,11,51,20,72,107,55,20,108,53,62,72,-37,55,5,34,120,-31,53,-42,-37,-6,-10,39,141
151,-7,4,70,6,-48,16,-14,-13,16,-10,135,24,-52,-70,17,86,-92,5,115,-43,32,-120,30,11,103,27,-88,-102,-64,147,6,3,-89,-53,93,-57,-41,2,128,95,8,41,-48,8,-51,179,36,8,40,23,8,18,-99,58,-80,31,-30,-27,-94,-41,112,90,74,78,63,0,-70,201,32
35,-69,155,-79,20,155,56,-208,205,10,-83,-188,42,54,57,27,60,-12,-44,6,-63,-21,92,-72,86,-105,-29,160,-110,-1,-105,79,-34,166,-25,-54,-28,67,79,-38,6,112,61,133,-6,39,-102,10,132,5,-13,144,-102,62,-4,185,-29,-67,-24,58,4,-117,-78,75,22,8,-26,140,9,-33
69,11,77,9,60,-2,-114,-138,60,-97,20,137,-3,30,104,42,-20,-92,-111,-36,-38,-11,-72,12,-82,-36,51,109,-14,-29,-82,32,-110,57,2,-63,-34,-115,99,15,26,29,148,33,-115,3,-144,173,-30,-47,-14,11,-10,-55,-2,-38,-8,17,-28,-13,11,1,18,34,57,18,-62,46,74,95
16,-15,24,-105,-98,-71,-87,34,20,-81,-33,-62,-56,-9,-105,-134,32,83,1,-4,197,-56,63,-60,44,1,1,-134,2,65,65,72,181,-8,-30,104,67,13,-28,-14,-43,43,-126,-43,9,-56,42,0,10,-19,-85,-93,1,12,50,-93,-5,1,-29,0,8,-43,-9,-75,-118,-17,24,-3,-21,-80
47,-3,-91,-4,-89,-14,101,-42,-10,-35,-121,39,10,-12,13,4,-20,-42,41,33,-183,69,-83,-25,29,-98,78,-48,-71,22,-66,67,-18,-23,61,-126,-32,-110,-39,-71,-48,47,-22,-30,-58,76,123,0,43,-114,-17,38,-19,30,-39,38,128,-73,128,37,-135,-71,-122,105,-13,3,55,-52,125,-84
-46,-34,116,-22,178,86,3,-87,4,-19,96,43,-91,121,102,79,-30,147,111,71,112,-93,-24,33,-20,-162,83,37,-15,63,25,-117,132,123,28,-50,49,-22,-37,15,79,43,75,-60,15,84,23,45,131,19,56,29,282,-28,134,-31,55,146,-49,83,42,5,-15,15,54,37,-63,78,-111,97
16,-148,88,52,24,-57,73,-66,-45,-85,-41,29,-105,151,-70,-58,7,63,-75,70,37,-104,13,30,26,-75,81,100,-75,75,26,-123,138,59,15,-29,42,52,-16,94,72,121,49,-15,-16,31,-44,-30,-48,29,44,-57,46,-100,58,-21,-61,26,-5,62,88,-47,-51,-36,-97,-6,-42,53,40,17
-48,7,-9,-100,-127,-17,155,-7,-2,-170,-63,-72,-34,38,11,-58,-56,-65,-95,-32,-111,-43,84,16,20,61,13,-19,-86,-81,-108,-20,64,108,-15,-25,-87,35,-85,-9,-71,-65,-26,0,-4,-80,-20,-70,-111,44,-102,56,-126,3,-48,66,-55,-64,91,-83,-39,-71,75,-33,8,29,233,45,123,-39
-20,14,81,86,-160,84,-78,23,-22,18,19,-69,21,39,63,86,25,6,-130,46,-1,71,-63,25,62,128,-160,29,-109,-55,79,0,30,-55,-61,-10,-74,85,54,104,87,34,2,-61,84,-70,33,-30,13,117,166,-9,15,124,90,-8,17,-52,57,90,1,3,35,168,-67,29,159,46,70,-36
2,38,43,38,-27,-30,-66,57,84,-62,-51,76,-46,-1,-72,-54,60,-20,-37,-94,116,-54,-27,-9,-2,123,75,-72,30,60,87,52,11,-12,1,79,32,100,1,-176,11,36,45,155,64,31,57,36,121,2,-5,92,-46,13,105,69,-112,43,-79,8,97,56,2,66,-84,-45,17,-7,-17,89
-101,168,-36,96,-4,-76,39,20,38,-11,0,-75,58,81,-23,39,36,12,52,86,58,-4,138,33,61,-15,-2,19,87,59,12,60,64,6,-81,12,45,107,25,23,51,55,123,-5,-42,31,-37,-67,147,83,-119,86,-23,88,214,-56,-54,14,84,-107,-25,-12,7,-84,-120,-5,-54,20,-3,82
-17,33,73,65,-26,-123,-67,41,54,91,-11,186,-7,160,-80,12,45,-47,-120,-7,21,-34,100,-65,-28,-34,85,4,-13,81,28,-59,-112,52,-29,36,109,-26,-29,-38,15,175,90,20,122,-12,-131,25,-90,33,-63,71,30,13,160,-3,-114,-41,-1,-98,-16,-71,20,12,-27,-65,-85,118,-19,-24
-55,18,58,-3,-30,-83,50,68,-62,90,74,33,-44,129,41,-9,57,153,38,25,126,-66,174,-124,-50,43,-33,-77,33,10,107,-16,-6,158,-25,77,127,53,-130,-138,138,186,54,129,47,-35,-74,87,0,-9,-40,59,68,-16,106,10,-107,-50,-43,-23,33,13,5,-175,-30,-65,26,39,25,-8
86,131,-60,104,-55,21,16,25,-6,81,98,37,59,11,-30,64,18,41,-141,-48,22,81,163,25,-22,43,-25,11,-9,52,-26,-4,-46,72,-47,-55,49,60,77,-3,12,-25,-26,61,32,26,36,133,-83,37,55,90,-41,37,27,13,-103,-89,19,-59,40,-26,-54,83,-11,-86,-42,3,37,-29
42,80,-94,40,65,-136,-64,113,-33,36,8,25,74,21,16,39,113,10,-18,18,88,24,19,46,-3,81,-121,-92,3,-29,20,32,16,-91,-38,96,31,45,-29,-8,-7,-31,-15,11,75,-36,-58,168,27,73,-28,-107,26,155,80,0,-7,18,37,-128,30,110,68,-1,-74,-69,53,92,58,130
29,-61,22,-61,98,99,-47,-38,8,79,-27,124,32,64,84,116,166,-15,63,-77,123,-50,42,-36,157,-76,72,12,97,5,65,216,-8,45,-24,44,18,-3,-11,85,60,77,-15,121,40,25,-13,48,104,-51,-51,30,75,123,107,153,-48,106,13,98,83,101,48,109,166,57,-5,62,-98,153
79,-50,78,32,6,-17,6,-34,-58,-32,-120,159,-41,112,-22,-31,41,-7,-96,37,21,-71,-26,3,13,13,-49,-60,-98,-3,54,-1,114,76,4,6,-32,2,-57,26,56,101,-32,-5,31,27,59,-16,-39,95,21,-28,7,-53,139,60,80,-66,18,-4,-128,28,2,-65,132,-10,145,-26,101,68
-3,42,-62,0,66,152,52,-33,8,163,102,122,59,16,-41,162,23,41,-42,6,54,20,110,-10,105,-30,27,-48,-44,53,176,133,58,155,-21,-37,-27,11,-16,23,125,157,59,48,56,-29,157,50,169,78,73,7,80,125,127,125,67,21,107,3,-130,102,42,156,61,-41,16,-2,-9,128
-42,43,2,-37,43,181,22,78,-145,-60,40,-35,3,8,134,71,226,7,87,4,39,-2,52,93,0,132,-158,-48,18,40,97,131,59,-49,-99,60,62,28,-143,-53,80,22,32,51,2,-16,140,-12,135,54,54,-25,13,78,62,48,83,-85,97,49,-52,178,120,-44,10,19,174,72,125,110
-155,26,87,0,-38,18,70,-3,38,98,35,-14,0,51,80,16,-42,49,40,-4,-54,5,53,17,-48,26,52,-38,-13,5,24,-17,-37,67,48,-217,40,32,42,-42,-26,-18,44,28,53,39,-33,77,-42,32,-15,112,-95,-5,14,48,-22,-10,78,-184,-65,-13,24,-37,21,1,-25,77,-32,7
54,59,74,-116,-109,65,129,152,39,96,100,-25,-72,4,44,-89,-8,145,98,-210,135,-106,95,45,-80,83,18,-201,-26,-66,68,157,-16,50,26,37,9,-26,-24,43,152,-8,33,133,20,-2,40,72,-5,-95,-83,135,-177,87,32,-106,-77,-141,112,-19,-48,37,85,-9,91,67,70,43,27,-27
49,90,-24,-62,-18,79,107,-2,-42,63,-5,-37,-50,-12,-2,-35,82,1,7,54,-29,62,64,15,-39,-39,-12,-59,-90,-46,6,-40,12,7,-6,9,187,-2,5,60,-42,-127,72,-20,-30,85,-37,-8,12,109,-29,16,-28,-77,-47,6,24,-32,44,0,61,-81,-69,-67,-12,35,-34,20,147,-2
31,-59,-70,149,54,80,53,-24,-28,77,58,106,146,104,-73,145,-21,-60,-19,75,-41,55,-59,-13,134,-54,153,10,12,87,74,47,-8,210,17,-16,7,33,-62,-34,-51,-22,-51,-4,12,66,112,-1,0,101,58,121,56,117,143,162,138,-15,101,54,-38,45,-20,186,14,-108,-12,-68,-35,4
-65,-104,204,-69,108,47,-58,63,1,68,62,-22,-20,-10,82,59,-65,-75,78,-21,108,-68,-130,-31,68,-162,31,73,-102,2,21,2,-108,-2,-79,-27,-178,-80,-38,0,33,92,-50,88,22,-51,-23,159,135,-128,74,-92,78,33,-30,-90,86,66,-73,46,-138,190,47,102,116,78,-104,-35,-193,63
42,17,21,170,-119,-56,58,20,-70,-17,-29,-106,-15,46,10,-91,34,37,2,123,-37,-16,44,-20,111,90,36,18,39,91,-5,-152,96,-22,22,-17,126,93,-60,13,-97,-16,-57,70,-53,-47,148,-50,36,53,10,-27,-55,55,72,19,11,12,52,4,72,-104,-107,44,-144,136,6,-3,117,-130
47,56,37,-6,83,4,-44,50,8,-69,17,116,-25,84,38,4,11,-114,138,63,133,32,53,-53,-4,-49,-121,12,78,21,-52,116,-88,-40,78,182,-47,-31,-203,-23,68,43,70,81,15,-26,-29,109,144,-28,55,-30,16,147,165,121,23,89,-37,140,53,94,24,44,-7,-72,48,0,24,119
-44,32,-3,131,-30,119,113,110,84,18,-72,115,-68,-29,-25,29,26,93,71,13,-70,49,-43,38,62,-47,80,38,-118,52,94,-66,-41,20,-30,99,59,-82,-50,46,87,74,165,-66,-23,49,-40,-112,67,12,21,18,89,-26,39,-48,12,-72,150,121,160,27,49,39,42,-29,92,-32,117,-74
-58,25,96,70,-85,-64,39,113,0,73,15,70,-29,69,-32,-87,155,-97,45,60,-103,18,-111,-112,-128,110,69,95,-14,-53,99,-98,27,-119,62,-22,-24,48,34,-54,-160,-64,33,56,-20,-3,100,15,-41,76,-35,-30,-99,-72,-23,-49,48,-118,-155,-88,11,-106,-91,-55,-130,47,-36,36,115,-72
29,91,40,26,32,-79,-36,64,67,13,-41,-166,-36,37,-20,8,5,-60,16,47,28,-15,-30,58,62,-22,-54,22,-81,-4,24,26,11,120,-140,53,30,-68,-17,10,38,105,61,73,36,21,-85,157,44,-29,97,14,25,12,13,29,37,60,-33,-64,-44,101,125,-15,142,-75,20,55,9,130
-49,-48,-23,-26,0,-65,-13,38,-17,-6,-62,267,-62,111,-88,95,9,43,57,-35,16,40,-93,-8,19,-23,197,-66,37,-13,123,75,-27,-63,147,-113,-14,-83,7,83,-5,-101,52,-22,58,39,12,165,-10,-25,-102,67,9,47,14,25,-28,53,20,-49,-44,20,-56,76,90,-18,25,-63,-22,67
-2,-79,22,-23,18,10,164,64,-66,44,-29,-25,-37,39,3,27,13,7,55,42,-9,-19,-34,-38,-20,41,31,-163,-5,64,-43,-72,-118,44,63,35,63,52,-27,-42,26,61,-39,-4,88,113,40,-131,47,-32,-61,199,84,29,3,63,-96,-57,101,-87,0,20,-5,46,14,51,-57,37,43,-12
-39,77,-35,-25,87,-10,13,38,-31,-40,50,-66,-4,35,36,97,50,71,-30,42,84,6,-2,13,-13,-32,50,-51,-69,-65,-34,47,67,7,-66,-16,-88,-30,10,63,124,25,-24,-106,-16,45,-17,-119,135,-63,-37,11,132,-22,31,-96,-100,-96,-17,17,-2,-5,-2,-49,-9,42,12,14,-53,-66
82,30,9,75,50,16,-120,-20,71,-32,13,103,22,-28,73,52,174,4,22,119,25,-54,115,66,32,27,-124,85,-3,98,-44,102,-10,-129,16,51,145,29,-73,7,65,164,92,40,86,50,55,-35,79,94,20,1,14,57,120,8,44,87,1,-14,-63,31,129,-17,10,41,27,108,-104,76
18,93,-45,32,-22,13,221,154,55,52,104,-19,20,-16,-1,35,-83,53,135,36,-115,-11,-82,-35,-20,60,92,-94,-57,-145,40,-74,-75,145,83,-19,-78,36,60,-72,40,-29,70,21,5,72,17,38,-4,-77,-13,163,4,-73,-49,42,-49,-135,-5,-84,-86,43,-10,-35,158,-15,-16,-73,71,-8
4,-69,1,-13,211,31,46,-22,-33,-42,15,56,-3,-32,-72,-6,32,17,-20,69,164,48,40,17,120,12,21,-18,-95,11,31,126,-106,112,126,40,169,11,-122,3,36,95,20,41,242,80,32,48,77,73,104,-30,114,89,92,128,-8,273,35,80,38,178,113,244,65,-122,-51,157,-114,80
14,216,28,2,50,56,-33,-67,101,102,79,-64,14,-9,15,102,-73,-8,-20,-44,41,21,85,84,-47,-56,3,87,37,25,9,19,51,69,-58,99,5,65,-81,66,113,9,100,71,20,-92,-3,-31,66,45,16,-12,15,28,127,83,56,5,54,69,-8,-59,-17,-83,146,141,70,-33,-116,56
-37,80,55,72,-10,116,33,-20,-54,186,98,64,59,-50,40,39,-33,62,-24,-102,52,-163,120,-20,23,7,-62,-60,-27,37,129,153,-63,8,-54,62,-20,-91,-71,-43,79,-5,-4,46,77,10,7,35,76,10,111,-3,30,74,168,-40,-13,8,67,-33,-74,3,149,-72,28,4,74,74,-46,21
53,-83,24,20,-31,-3,98,17,53,98,42,36,-53,86,-4,74,65,110,102,89,84,48,-11,-80,-55,25,132,-154,-163,-75,229,112,65,171,-45,-21,-63,-143,-15,96,116,117,107,43,-46,45,11,47,-51,57,-30,45,133,4,92,5,73,-24,32,-51,0,-8,25,-103,109,107,35,6,119,-15
-95,7,-60,-95,-58,-82,15,1,-18,-72,-56,-53,-51,62,60,14,-68,-4,28,-4,68,-42,-21,123,-36,126,13,-91,48,145,-65,-34,19,-25,4,-82,-48,-48,-73,-103,-128,-94,-55,80,8,87,-84,67,-21,70,-194,79,21,15,-61,-30,-48,26,143,-91,9,-104,64,72,-51,-10,-11,83,-43,111
-88,13,-103,-30,-53,-71,23,-5,0,3,3,64,39,37,27,40,-111,157,10,-3,-64,-45,154,-7,-70,112,23,-31,-57,-36,133,-37,27,42,24,37,-77,-173,-15,-118,40,188,65,156,-74,-77,132,40,81,-105,-24,-99,54,-51,46,-72,-25,-33,-29,0,68,-84,-55,-61,-50,-20,156,51,224,-100
80,-122,5,154,-10,101,-64,-51,-33,57,87,114,77,-101,-121,-6,-54,44,43,32,-48,22,-32,-15,20,51,4,3,91,90,148,61,60,17,24,59,32,-38,-22,-62,71,76,-52,-3,-40,-63,225,-6,-49,-24,77,-32,46,51,106,28,92,-20,-103,81,-67,58,-64,-13,-60,49,16,-69,14,11
-102,20,89,49,21,179,76,-56,-29,117,23,189,53,-51,-4,45,-27,160,96,-56,88,122,-66,71,98,-55,33,-30,57,-55,169,56,48,-37,98,-134,24,22,97,90,170,116,74,-64,3,22,86,-5,52,-32,99,67,-24,-15,83,-25,-50,-81,49,54,-39,41,-84,117,102,124,-14,-62,76,92
-53,-130,-64,-50,-3,-5,-22,-34,23,97,107,-12,45,-60,-91,66,14,89,-71,-48,115,-106,6,35,-6,-14,-66,-66,39,32,99,101,132,62,62,-4,80,-128,-68,-73,69,0,32,-105,28,1,79,71,-11,61,45,-14,84,-78,-4,-24,80,-27,77,-1,-31,-16,42,-191,27,-21,-9,-63,-75,86
7,-61,-73,-40,-1,-112,-60,171,134,-18,-72,-7,175,18,-51,15,61,49,98,30,-21,90,21,-30,-10,194,-40,7,40,43,57,112,-59,-70,-19,103,-77,27,-104,-132,23,140,133,151,-130,-6,-100,-87,-27,106,-97,-22,-110,0,65,68,3,19,96,-27,38,-55,41,37,-10,-47,76,-31,-40,-40
98,2,72,40,45,65,8,-40,-44,-99,-100,181,-110,30,89,-43,36,-117,-4,-76,19,-50,-11,92,16,97,-37,28,-29,68,-52,-8,-105,-8,62,4,79,-132,-61,-53,-2,53,13,153,-1,36,35,63,76,-6,-25,171,-5,6,-52,16,-24,-57,-1,-2,97,88,113,103,80,-12,75,-36,21,124
-31,66,-79,-61,12,79,37,6,31,55,19,118,42,11,-45,-19,-30,38,-61,-54,-65,125,117,-75,-35,51,77,6,93,-94,-31,-37,-82,20,85,-28,142,-14,19,45,36,37,35,-33,59,73,33,134,-41,-29,34,76,-20,21,-22,49,-1,-51,-46,-88,51,20,-185,0,4,-5,-15,-37,30,12
141,8,-47,-73,55,-20,36,-2,1,20,19,-86,-57,-9,74,20,3,38,-1,53,13,27,67,-4,67,-76,21,-86,25,-29,-42,-11,42,149,-9,17,105,13,-75,-13,103,65,-5,31,-45,-42,5,3,97,-94,23,68,26,-26,-19,53,21,4,89,65,12,15,35,15,185,131,37,-105,-2,44
-22,-44,2,19,147,41,41,-26,115,30,126,-43,179,-103,-24,65,118,38,-2,-37,107,89,32,1,44,27,-44,86,-63,-50,104,153,32,68,35,54,52,100,48,-38,77,108,159,108,44,-3,2,-59,90,50,78,3,32,132,136,71,35,42,28,70,24,111,17,-32,-29,-87,77,43,-95,-3
5,66,28,-32,18,-10,73,-58,23,13,15,-23,-39,-4,-62,-25,-29,2,-39,25,39,65,116,35,1,-90,-58,52,3,64,-44,11,-29,-6,-42,102,-19,97,26,106,213,141,-18,4,103,-50,88,-94,108,-11,20,-5,-64,44,118,107,-91,-29,38,67,14,-36,-7,37,-34,8,-31,51,105,-10
57,-5,-9,123,83,-93,2,-35,0,28,-54,-41,-29,20,44,19,-38,-85,116,82,-93,-5,-126,-7,57,-64,28,132,43,68,-81,-24,-12,37,130,-115,46,-97,183,62,-57,-11,40,42,-69,134,23,26,109,-58,-11,-21,3,-17,4,98,-27,85,47,7,-106,-94,-66,54,112,101,-129,-23,-30,55
-9,-14,-27,-10,102,46,-52,-116,9,-10,-21,147,25,-16,60,57,71,-34,34,-4,23,-65,-17,-52,-75,3,32,55,-7,24,30,71,25,-75,60,-31,-20,-86,-33,6,9,-7,87,11,-44,8,135,89,-11,-10,-29,21,35,-38,-76,-15,20,42,-55,-31,-30,11,3,32,-38,-48,11,-18,-61,9
-64,75,64,-65,-18,-3,-45,-63,183,103,-41,-58,56,20,-122,-50,6,-66,-75,-76,-8,-26,-44,-100,78,13,15,-17,-9,41,-34,90,62,21,-99,67,-115,-45,54,80,-73,106,51,-61,81,-60,10,59,77,-68,-70,-95,13,118,157,-65,82,-114,122,-112,-123,-6,-6,169,-26,-16,-131,167,22,-38
23,-35,-9,70,-51,82,-26,57,-139,61,-60,54,-146,77,44,50,74,40,11,19,55,-90,-67,-89,37,11,51,-13,23,186,-6,61,32,24,54,-109,155,-18,-50,-50,-86,-11,66,68,-30,126,163,30,90,33,-46,76,131,61,85,14,-13,100,33,-24,-100,13,-74,48,-68,114,-88,9,-10,70
,39
