15;43;14;28;6;26;46;34;-39;13;30;33;-8;-35;28;20;36;-22;-44;10;-3;18;-42;-23;-49;45;-37;-48;21;35;-29;49;35;-20;31;-36;33;-30;-9;13;28;8;-45;-2;13;30;2;17;36;-23;-20;-17;-33;-32;10;-33;43;45;15;-42;32;-8;40;16;19;-39;-4;-11;-44;40;-46;-9;17;38;-6;17;13;38;44;37;-23;-3;-8;19;48;-5;-22;2;14;-34;6;11;-38;21;-24;-3;30;-12;-43;-28
35;-46;5;32;-48;33;-11;3;1;-14;0;10;45;21;-29;-33;4;9;28;39;-31;-42;25;7;-18;-15;-28;-24;38;-35;46;-33;-5;37;-7;6;4;42;20;-6;-11;49;-30;3;18;-45;-27;-44;-13;-31;-25;-45;-18;-5;6;20;-44;4;-27;16;26;41;-13;33;-3;37;-13;-11;-23;-47;6;-46;24;-36;-2;-28;26;2;30;1;2;-32;-2;-46;32;-17;30;33;-18;28;-48;46;44;38;-45;-5;-46;29;48;37
45;39;-23;-33;-33;7;-25;33;24;-9;-47;29;-43;14;-8;-44;-47;40;-40;46;24;47;-41;-49;-26;-17;12;28;19;9;-15;17;-41;-48;-16;-32;0;7;-15;6;4;47;-39;-31;-17;-6;5;6;-45;-33;-31;35;-36;-5;-8;-36;16;-50;-35;5;-27;31;-27;-43;23;-40;32;-42;35;37;-2;-17;-26;-47;19;15;-25;35;-45;-46;5;9;4;38;30;25;-8;-21;25;-12;47;6;-8;42;19;39;-19;19;41;22
40;-38;-4;30;0;36;27;-4;-15;37;15;-19;6;-27;-4;-6;-48;-34;-5;-11;39;-14;-17;43;26;-48;-4;-7;1;-10;-40;-9;6;29;-4;9;41;22;-24;-8;2;32;10;-50;-39;-14;-39;-24;-30;12;17;-27;3;4;-26;-9;-25;-12;0;19;-12;33;1;-38;-33;21;17;1;-34;31;-39;-10;-31;28;-6;-36;21;-23;14;-20;-49;2;13;-41;-9;-44;6;19;18;22;36;36;37;-41;48;9;-38;-39;-11;38
-47;31;-13;45;-3;-13;0;-36;-17;43;-39;13;43;12;-4;-36;7;13;7;46;36;49;-33;-20;17;-48;5;4;-7;47;4;47;3;10;-19;25;26;5;45;-30;25;18;39;33;14;-19;-25;39;23;3;46;-6;1;24;-31;-13;-6;29;14;-23;21;5;-19;-36;-41;39;-50;-37;36;-8;-5;0;-13;-36;7;-31;-26;12;-20;-46;25;44;-34;24;-8;43;-49;47;9;-10;41;-6;24;-46;-43;-47;45;-27;-13;-9
-34;7;49;12;-47;-30;3;-35;6;27;-49;-11;1;35;27;4;-38;41;10;0;38;18;-7;-20;41;7;-9;29;7;-11;-24;-32;32;-1;-38;12;23;0;-43;45;-25;-34;-45;-4;-33;-13;36;35;7;47;24;-50;-6;32;23;11;-3;21;-12;40;3;-22;-3;-2;-9;38;-20;8;-48;30;33;11;-41;-11;-45;-8;-48;11;31;33;37;-22;49;-42;-17;-42;32;-19;-17;38;-8;-13;-14;-27;35;-17;18;-25;-26;-44
-6;-15;-1;-50;13;-48;17;25;-6;38;30;48;-23;-19;-47;42;-9;38;3;28;-5;-12;-23;45;-25;-13;-2;-22;-32;29;41;8;-17;12;45;3;26;42;47;46;-20;-1;12;41;8;-37;-20;1;-14;43;43;-50;-45;16;35;15;-2;37;-19;-23;17;7;-38;8;-9;31;-46;19;-48;-24;-24;-37;44;-27;-41;-27;39;11;9;15;-48;-26;-8;-25;20;-25;-41;19;-48;-41;21;-20;-16;19;29;11;39;14;-40;-8
7;19;10;-17;-2;29;23;27;4;15;-26;-4;3;15;12;-48;35;44;34;37;44;20;-28;48;37;-16;9;8;-21;-3;-15;-31;-9;13;-13;-26;32;20;4;-9;36;-7;19;29;18;-23;35;-35;-2;-42;-22;39;18;-22;21;9;28;14;33;-30;5;-6;-36;40;49;-24;-10;20;-30;26;-36;43;-13;39;-3;24;-14;-41;49;48;-18;-11;-46;3;-8;-49;-48;-38;5;8;3;9;-9;46;-32;-30;45;3;13;-33
15;-23;46;-48;-13;22;23;-4;37;-20;12;21;-8;-35;-14;34;-21;44;23;-37;0;-7;-32;38;-14;-31;31;11;4;26;-28;17;-29;-16;42;-29;-12;-3;-40;-32;-27;-3;-50;24;-4;-38;24;45;-1;16;17;3;-14;-45;8;-20;43;22;36;-34;-2;-23;32;34;-32;-38;-14;-29;49;37;-18;-17;-49;-46;-32;-11;6;27;-42;31;-45;-4;14;26;38;-50;30;48;15;28;-1;43;-38;32;29;-22;15;28;-12;20
29;-17;-15;34;37;26;-47;25;-17;25;-18;1;-7;-9;-43;-18;46;45;-15;30;-48;3;-34;-26;41;27;-38;-49;-13;-49;22;3;-33;8;-15;-1;-9;48;27;-47;-34;31;49;7;-34;-12;-32;31;-36;-45;10;-25;-7;19;29;-26;-13;8;10;36;-50;33;-21;-38;38;32;-5;-49;27;22;7;-10;-4;25;-32;-27;-35;-42;-1;40;-25;-12;-13;14;23;28;-32;16;34;-30;-22;32;-50;36;33;-20;16;-8;14;39
15;27;-5;49;4;18;4;39;-12;17;-42;-16;-45;47;-2;-12;34;-6;2;-33;-2;17;-27;-11;38;17;22;-34;-44;-47;12;-28;-40;-4;43;-24;-18;-21;32;38;-8;-20;-31;-16;-30;-26;43;47;2;-23;33;49;47;-42;5;2;6;38;7;1;-20;-2;-28;-39;4;11;-30;-6;-37;-32;-12;-18;37;8;10;1;49;-35;-24;-6;30;-26;28;-40;-21;-29;21;5;3;-9;30;-27;17;19;-2;44;10;22;40;8
0;-15;44;-44;-30;-2;42;-31;-4;-6;34;27;9;32;31;-31;-17;-26;19;6;-11;-8;-29;27;-21;-37;-7;-12;-24;-10;5;-2;-29;-25;10;-8;-1;-29;-42;-20;-49;-10;-23;-36;16;39;47;17;5;49;-35;-49;-26;13;22;-26;18;-11;5;15;29;-27;40;12;13;18;-9;28;21;36;-8;19;38;-19;-38;-32;1;4;45;40;40;0;49;-13;-39;-4;9;-44;39;-5;-6;-24;43;29;28;0;9;44;23;16
-11;14;-28;-23;-31;-50;-16;-20;-49;25;-15;19;0;-1;13;-21;-8;31;1;38;-16;-15;13;-19;42;39;3;-38;12;15;1;-42;46;11;-23;43;5;42;-37;21;-34;-15;15;25;-38;21;43;28;-50;-20;-10;49;45;13;6;30;0;22;-22;-29;-16;0;19;40;-43;-35;-36;-17;25;-23;-32;21;38;-11;35;25;-5;-48;-31;5;34;-37;42;6;32;-30;-33;16;45;20;-8;-50;-7;47;-24;34;-33;-4;33;27
21;-14;-22;20;-31;13;18;2;-9;-46;-7;33;-19;-7;2;47;-46;12;26;29;-6;-31;47;-34;3;0;47;-39;-6;-7;1;-48;4;-45;6;-44;8;-13;-46;38;2;-31;34;36;-26;32;-48;10;42;-18;12;-31;42;0;20;-33;-19;39;12;38;-41;36;33;28;-22;-31;-17;19;-32;-49;33;41;-30;-12;38;42;-14;46;15;12;-48;44;-47;42;42;-6;5;-50;24;1;27;-37;-15;24;6;2;35;-24;49;0
-30;33;-21;10;-20;22;-28;18;13;17;46;-10;23;10;-21;20;22;-33;-33;43;34;4;40;-35;29;-34;-9;-25;-45;-10;36;47;-49;9;-14;43;17;4;6;-16;-49;-5;-43;11;-7;-47;-9;-1;3;34;-12;-17;25;-7;-28;-10;-42;-25;-34;39;34;-32;-48;40;7;36;18;-17;14;-26;18;-45;11;-1;44;-27;37;-7;-10;3;7;45;10;-16;-40;5;24;-19;-14;-48;-2;-3;-12;12;33;24;-29;-13;25;-41
21;-15;27;-16;-17;-24;3;2;44;-46;-25;-22;-28;-22;-31;49;2;26;-34;-30;7;6;-39;-38;-11;-11;27;-49;36;11;9;-40;43;-23;-19;-39;32;-28;-15;-36;-40;26;-11;16;29;-49;0;49;29;29;-25;21;-24;-35;42;-20;-49;45;-6;47;-41;23;-5;-49;-8;-11;-18;-6;-49;21;-33;18;10;10;-45;-8;42;-16;-49;-37;-17;23;-9;30;-20;17;33;44;6;-5;-30;-17;-1;-3;-5;-41;10;-1;-46;49
32;-6;-49;-11;26;-25;17;-48;20;20;21;-42;46;-46;35;32;-32;-35;47;13;22;2;-41;25;-30;30;-5;1;22;-49;-39;10;22;-2;29;41;-6;-23;-27;-38;49;-37;5;-12;-48;-10;19;-45;10;-1;12;-47;7;27;-30;9;29;43;-2;47;-39;17;-46;5;3;-46;13;-18;21;-25;44;3;-37;-39;-34;-39;19;27;42;-16;36;-9;-32;18;-36;-7;-35;49;-39;-22;41;14;-37;-35;-9;41;-32;38;-49;14
33;40;-41;-1;22;22;34;46;34;29;23;-44;6;48;10;-2;-31;-21;-17;16;-32;-46;-22;14;19;16;-5;10;23;-42;24;-4;-39;37;49;35;0;21;-32;-21;-43;-7;32;3;11;-6;-28;6;-25;-41;42;26;-46;38;46;-5;6;1;-32;-8;18;-16;-13;-11;-40;-15;40;38;-9;-8;10;1;1;6;-41;-47;31;-17;-14;12;-31;-46;-27;49;-33;14;-39;11;49;-23;-19;-21;36;49;47;48;-44;26;-32;24
45;35;-1;20;37;-2;-22;48;-28;-2;15;7;-38;29;30;-38;-29;38;21;-44;-39;37;-19;4;43;-43;21;25;-18;-49;-45;15;43;-3;-6;29;-6;35;-15;-49;8;-49;-10;-31;3;34;2;31;1;-25;-12;9;17;-4;35;13;-19;31;-28;38;45;24;-27;-17;26;5;-12;-8;9;28;-3;-24;-7;41;7;4;21;14;9;3;-37;-38;-44;-42;-4;-35;-34;-6;29;-26;45;-18;7;36;-19;4;14;25;22;44
36;5;30;-50;-18;46;44;-49;15;-29;12;4;27;14;1;32;-47;15;40;4;3;26;-37;34;26;-34;4;-43;12;-22;-35;-35;-25;23;-28;-19;-16;-33;43;-2;-48;42;-38;1;-37;-33;-7;-33;40;38;-35;7;27;20;-48;-23;42;-35;1;-20;-2;-17;-15;39;-49;-45;5;-36;12;-11;2;-39;-15;47;31;5;-35;23;7;36;6;10;30;-32;-36;41;-45;20;-44;44;-2;10;-13;-14;-24;-35;-12;3;-30;-45
-18;31;-34;-27;-32;-33;31;-19;45;23;-17;-7;5;1;-23;-25;39;-47;-41;-17;18;-27;29;28;34;20;30;-41;-20;-42;-26;-35;-43;45;11;-28;8;0;46;-11;-50;13;-50;43;27;7;-29;-50;27;16;-23;-27;13;19;16;5;-16;-3;24;-4;9;25;49;14;41;1;-46;28;-3;-41;13;34;-24;-41;6;32;-38;18;-29;17;2;-24;-27;-24;13;-28;-4;-22;24;-50;-26;44;35;-6;7;-14;-25;-45;-7;-50
-31;20;-5;-21;-37;20;15;-13;26;6;-21;-49;45;-36;-22;22;-39;21;-40;-19;21;7;-37;-31;-20;44;-8;-32;15;-25;15;-12;28;-27;42;-4;-36;3;48;11;-26;35;-32;24;-26;19;45;-35;2;-9;0;-33;-5;-35;1;-6;43;11;15;7;-1;-45;15;1;33;-42;-16;31;-50;2;15;-41;3;-16;-35;-20;2;-15;46;4;-26;10;-9;-50;8;26;-16;19;-25;-25;25;13;-27;-9;5;29;-21;5;23;11
-5;0;47;1;40;12;49;-3;42;-9;-23;15;-46;42;-3;12;-20;49;-37;23;-45;29;7;2;39;-10;19;-19;-32;-46;-48;2;13;16;21;-40;34;-4;-5;8;-43;37;-24;-42;-24;42;5;-48;39;6;-4;16;35;32;-38;27;-7;-31;23;-40;16;-26;0;9;-28;19;-11;-40;1;-29;-28;-15;-15;19;1;16;25;-22;-28;-39;16;-24;-36;-23;25;-50;40;-2;-24;-39;11;11;-5;7;43;-10;-13;-23;-26;-40
41;-41;8;47;41;11;14;6;30;-30;-13;39;6;29;-41;-38;-2;-34;-43;-23;23;26;-40;27;-1;1;-37;-12;33;-2;12;-50;8;45;9;30;-32;39;33;44;-24;-33;-12;9;-31;-50;38;-27;-44;-28;-35;41;1;-11;-45;0;49;46;-26;-35;29;-37;29;-5;18;-33;-33;42;20;-10;13;-20;19;39;31;-41;39;-29;10;16;-37;-42;49;-36;-42;-45;16;6;37;-50;-24;-39;-29;-43;13;33;19;37;7;26
5;40;19;43;-39;-2;-4;6;-11;-31;-33;32;-43;-2;49;31;44;-40;-4;-24;-48;-37;29;-37;25;18;-7;-41;-42;-37;-44;-22;43;0;5;-11;-44;6;15;-25;-7;15;-19;-44;-9;-19;-35;-46;30;-15;30;-29;31;-23;46;0;-45;30;9;49;-29;34;23;7;5;9;-17;-47;-15;-15;12;14;-28;-25;19;47;-33;-1;-8;28;8;-48;-50;5;40;-23;18;-21;21;-12;-25;21;-18;-34;5;-15;39;-47;-25;-14
27;-13;-17;-50;47;2;-9;-17;-41;-12;38;-39;-32;8;27;-20;8;-16;46;2;25;37;-38;-30;-16;42;15;9;-48;-33;9;17;-46;41;49;-8;26;-40;-6;-28;-49;-37;-41;-49;44;-11;33;45;10;30;-7;34;46;26;8;-19;34;10;-11;20;28;0;-24;38;-13;-11;-4;24;-50;35;-32;7;-45;-15;28;49;-33;-45;33;40;-16;15;48;23;-21;38;4;23;35;-44;-7;11;-20;-13;-8;-23;-40;-21;-36;-12
48;-29;5;7;-38;-37;-13;44;10;49;2;-10;0;31;-20;15;40;-20;8;-35;-9;37;-39;-30;-4;-17;38;-26;4;28;1;-39;-28;-14;17;-28;-32;25;21;-15;30;-49;-24;-43;-25;-2;33;-43;7;41;-29;-44;-25;-11;-49;-6;-16;27;-22;-44;28;47;22;-46;15;-26;-21;43;34;-29;36;16;-43;-19;5;-37;-18;33;-9;-38;-37;-50;-1;-21;18;-34;45;37;14;-45;5;-28;28;-26;42;8;-16;28;-30;11
34;13;38;-4;48;17;49;-36;-37;-20;38;13;-35;27;47;-48;-5;3;14;-44;-4;19;33;-37;23;-28;14;-48;-25;26;-47;6;-31;-5;33;9;12;21;-9;24;20;-2;25;-35;-18;10;5;-47;6;-10;20;-29;-32;-44;3;38;47;-24;-45;2;11;11;-45;22;-30;35;-41;48;40;-34;-44;30;38;30;-42;28;-44;-49;45;-4;41;40;4;-1;-23;-2;45;-40;36;-14;37;-1;-50;-24;-4;0;45;-6;2;-32
1;-48;9;-30;7;-7;-40;34;-48;32;36;2;-5;44;-30;21;-25;-35;2;43;11;2;-48;-38;-34;-24;47;37;-36;15;22;-42;-19;-25;-22;27;34;1;10;19;11;8;-24;-35;-1;-31;-43;-10;14;-9;20;25;1;-33;43;31;-43;21;18;24;-41;17;-2;48;-46;-48;-48;-46;1;13;29;-12;42;-13;-28;-27;31;-49;4;13;-17;23;38;-16;9;13;-25;-21;34;33;38;-37;25;-31;-48;-42;33;46;-42;44
-45;-44;-41;-19;15;45;-14;44;42;13;-36;-38;-9;-9;21;-27;20;23;-24;10;-41;-28;-11;38;9;6;0;-14;34;-21;3;-12;18;42;36;-17;-28;-34;37;-31;-20;48;-27;23;-30;-44;33;-13;-30;28;49;-7;0;-47;31;-30;-25;-42;-8;-34;18;-35;44;18;-48;-35;-18;10;23;37;-13;-9;-24;-28;7;32;43;18;-4;49;-45;-23;6;-6;22;17;-43;-28;35;10;38;-20;40;-17;1;39;44;22;7;-20
-45;28;1;-21;43;-8;17;14;-12;-8;-31;-13;-17;-41;-41;48;-40;31;3;-24;-22;3;10;12;10;37;-44;-14;-50;-12;10;23;15;-7;1;-1;7;-41;-17;38;14;-45;-28;-44;-4;-50;-35;-24;43;6;-11;-1;39;-34;-28;-21;-24;-42;6;28;44;42;-25;-42;-21;19;-23;-44;-21;-15;7;44;6;-41;-33;40;15;10;-22;37;-13;-4;49;6;-14;3;3;-2;10;-21;3;-24;2;-18;18;13;15;47;47;-48
28;12;37;-11;-37;-49;-50;-42;-23;-1;22;17;31;-35;-5;15;-45;9;-49;25;23;20;-7;46;-33;-13;47;31;36;25;-28;19;26;32;12;42;-27;-47;2;-25;-8;41;-46;-13;-27;-33;-18;-3;-31;-38;25;-40;13;-50;0;26;35;-3;6;4;45;31;-32;31;-15;-46;24;6;9;22;-5;18;42;-3;-50;-47;-32;-13;45;11;15;-28;45;32;-33;40;14;-27;31;-11;-12;-8;-25;21;-31;-38;29;-24;-21;46
25;-39;20;-16;-24;46;-34;46;23;39;12;-16;6;-36;24;-7;43;-44;-40;-8;48;30;18;-17;-20;10;-14;-28;6;22;-29;-34;23;5;-36;-33;-47;-46;34;-13;-10;-25;16;-33;-39;2;0;37;26;18;15;-14;-5;-25;16;-35;9;34;13;7;31;-18;31;-34;2;-26;31;25;15;6;-36;45;-12;-46;22;-6;43;46;20;0;-6;13;-13;20;-16;18;-34;15;-34;-14;-2;-49;-35;-12;12;47;42;-4;-41;-46
10;14;29;-16;13;-29;-2;-19;-8;25;-4;44;-47;46;5;-22;-3;24;13;-16;16;16;-4;9;-16;-41;49;-33;23;14;-2;22;18;11;-50;-11;19;24;-6;9;45;-11;-16;4;49;17;7;-43;-50;31;-47;38;-19;10;33;28;32;-33;-36;25;-21;48;-27;42;-43;-10;-2;-9;17;40;-30;11;-4;-40;19;37;-29;-23;-32;6;-41;-47;22;-9;49;-38;-11;-11;-40;-9;13;-27;-38;41;10;18;-50;-17;40;8
36;-5;-49;-8;-21;29;42;-38;-31;-43;-29;-38;23;18;-43;-11;-42;-21;30;-22;30;38;-43;-11;2;-38;33;15;5;-9;40;-20;-1;0;-8;-24;-6;7;-15;-28;15;2;40;-28;-30;11;48;27;38;29;-19;4;-19;-29;4;28;-7;-42;44;27;-30;-30;-40;32;13;44;37;19;24;-39;43;3;-15;-39;38;45;-20;32;22;-50;22;-32;-24;39;-24;15;32;-2;-50;42;33;-43;-1;0;39;32;39;-36;-2;15
-45;-9;-22;46;31;-24;3;31;31;13;-50;24;20;-20;9;24;39;-31;-28;7;-42;40;-22;25;46;17;16;-23;-40;-22;43;38;38;28;-24;1;-8;35;40;-9;8;23;3;-16;-9;1;49;-23;30;-5;-50;-25;-1;35;4;24;35;42;46;18;-15;11;-34;27;8;-31;7;28;-7;-41;-25;-4;-48;-13;43;-23;-9;-39;-2;-15;37;1;-33;33;12;22;-9;-34;31;27;37;-41;28;35;-35;8;25;-14;0;-6
-15;-3;-11;0;-16;47;39;10;-18;-35;13;-39;-6;4;32;-3;0;28;-13;28;0;35;7;-8;9;17;-1;-18;-17;-16;-40;11;-30;48;-12;40;-20;35;37;-6;-46;30;36;28;-3;-43;0;-7;38;-28;34;-29;-45;26;-50;22;-25;32;-14;49;31;37;-22;-13;34;-13;-14;-2;-6;-39;-40;-41;0;15;49;-6;-42;23;-36;23;3;-40;-23;-7;17;-44;16;-25;-18;-12;41;48;-2;-4;17;44;40;9;7;7
4;45;5;-8;26;26;3;37;16;13;38;-29;24;42;6;38;-39;37;-20;37;7;24;15;33;36;-50;38;16;39;-33;-35;-40;3;31;7;3;30;-46;1;-18;16;-49;-46;-43;-31;0;14;-33;2;-9;-17;14;17;-28;-30;-22;2;-8;44;-18;-5;15;-39;29;-41;-16;-39;-15;-12;30;-22;4;-28;0;-50;-10;-49;24;-16;46;46;26;16;31;-38;22;-8;-7;-10;-4;34;-36;1;-23;-44;41;-21;-10;-8;-23
43;2;19;46;5;-50;-34;43;-1;25;-8;37;16;34;28;-48;-23;49;-36;37;39;42;-35;16;17;-22;3;2;15;44;-30;24;28;-24;-34;-33;3;37;19;31;31;28;47;-8;16;-23;-4;-5;25;39;13;-25;28;48;7;16;-39;4;31;41;-18;-15;48;38;5;-21;-6;9;20;19;11;7;2;4;-16;-31;7;-13;-11;-37;30;-31;37;34;1;-15;16;-5;35;22;-1;48;18;-7;33;-50;18;-3;-45;-44
-20;38;44;12;-47;3;-21;-35;33;40;47;45;41;-40;-5;39;-26;-38;4;-39;-5;8;6;33;46;-3;-36;48;4;44;-47;-1;39;-3;-6;-34;-37;15;-40;-42;33;7;3;22;38;-40;-7;-39;16;9;-19;17;-25;-33;2;-2;1;12;4;36;-40;45;-9;13;7;17;10;28;-41;-30;41;21;-46;-50;48;-50;-14;45;17;42;-45;3;-38;-44;42;-42;5;-35;-8;-39;35;25;32;-7;-16;-42;4;-50;-21;15
44;7;-3;-50;14;24;26;46;-48;-47;10;39;4;-17;9;-48;33;-22;-12;19;47;3;39;-35;-14;44;-18;-21;-22;-33;5;-30;41;-48;2;48;-11;-4;-26;3;-36;-40;45;-23;-30;-39;28;5;39;-29;-15;22;6;41;35;-24;11;-43;16;-8;33;0;25;18;25;-40;-41;-27;-25;46;3;27;47;-36;-14;41;30;-19;10;2;48;48;22;-20;28;45;-48;17;4;35;-24;0;-49;-22;-9;-11;-24;-14;-14;20
-8;-15;-15;11;-28;19;4;-34;-39;-49;-34;-48;21;18;-18;-42;-13;47;3;-24;-34;22;47;35;-17;-17;0;-39;10;-36;4;32;-24;12;-10;-20;39;26;32;-44;-18;32;22;-28;25;11;-41;-46;-15;38;31;-21;-1;-42;-48;-29;-48;-26;-36;34;-32;-50;-4;-14;-1;-33;-31;-36;-35;14;-32;46;-27;39;28;-46;11;-36;-48;-31;-18;-23;32;-5;-14;-21;-38;-37;29;49;21;48;-1;17;-18;-11;3;3;5;41
25;-41;41;40;-43;3;45;30;3;-33;-43;25;0;-39;28;16;36;13;36;1;11;-44;-38;-22;-20;-42;-10;26;18;-22;13;16;-14;-12;-15;22;15;-39;45;-3;-26;49;-11;15;17;-42;19;-44;11;3;33;-26;-45;-35;-13;-37;-5;-20;-19;18;-47;-41;22;-9;27;-21;-3;-23;-15;29;-38;11;-40;-21;-6;1;-36;48;-30;43;13;-39;-32;9;37;13;-1;28;-15;-28;36;27;-32;-40;-16;27;-23;-27;-7;-32
39;8;-7;-35;33;-2;-19;-42;28;-21;45;-49;-17;-48;-6;-21;-13;25;47;39;34;0;-19;-30;8;-38;19;38;-18;49;-35;-31;26;48;-48;42;43;-26;-35;31;37;-22;29;11;-45;-22;-12;1;-14;-4;-23;-38;-2;9;14;39;35;0;20;24;3;1;-6;15;-30;3;12;-12;-16;16;7;21;-50;10;-47;20;-32;4;10;-38;25;-10;-28;-11;-50;-50;-26;17;44;2;8;48;40;12;35;-26;31;-3;12;39
27;-11;-37;-31;36;-25;-25;-14;10;-2;-41;-29;-42;-10;5;41;33;-34;31;34;45;37;-21;12;-49;41;-49;-34;-40;-6;8;-20;-40;-19;35;-49;-29;-35;20;42;-22;37;-47;-19;16;-9;23;9;18;31;11;28;38;23;-26;20;31;33;24;7;14;20;19;-45;-34;-39;23;14;-17;-38;-36;-18;-46;1;30;31;35;23;-41;8;25;37;26;-25;17;-20;-7;2;19;-41;-41;-2;-32;16;3;7;-49;45;-47;-3
-50;20;-32;39;-15;-13;42;-29;-42;31;-37;22;-9;19;47;-34;4;23;-10;-38;-26;45;-42;-23;2;-23;-13;-34;-35;8;1;4;49;-3;-21;-42;-41;35;5;16;5;39;-8;-37;-18;25;24;-34;-12;-12;29;-38;-25;-50;12;0;-48;-45;-13;4;-3;-9;-46;40;-5;-11;37;-9;23;37;-21;0;-28;41;39;0;35;26;44;41;33;31;4;-36;-6;-15;-14;44;-18;37;17;28;13;14;45;32;-40;-8;5;-26
5;-48;3;4;11;-9;31;2;3;41;-26;-44;21;12;-22;-4;1;24;-44;-33;26;35;-26;30;-27;-14;-22;-8;46;-17;-2;-29;37;46;23;27;-24;-47;-2;11;-25;10;-24;7;-15;-10;33;-34;-48;34;-22;0;14;33;-49;6;-20;-4;5;45;-1;4;-29;16;-34;4;13;9;-24;-1;-36;-17;32;-26;-5;-36;-11;-26;5;9;46;-23;26;-6;16;-48;-33;-49;-41;-42;-16;-49;13;21;-24;-23;-37;2;-41;-7
-14;-4;-21;-34;-26;45;41;18;-2;-24;13;40;33;-25;6;4;-34;7;18;40;-40;-4;-1;0;-50;-14;-43;16;44;16;-11;-25;-47;-20;25;-12;18;10;-3;32;31;0;25;-50;1;-13;13;-9;33;41;18;26;6;-44;2;41;32;-25;49;-27;-5;44;2;-9;39;32;-12;-50;-44;-17;-35;-33;-2;-16;-12;0;-16;34;45;-21;-40;32;31;-34;-46;14;-18;1;-36;15;-2;10;38;16;-3;15;20;-35;19;-50
27;-4;-38;40;-36;38;0;-10;-20;-17;34;-4;8;17;-48;-11;-19;-4;44;-24;29;48;38;-13;46;9;-30;20;1;-25;-41;8;30;-40;23;7;-50;-10;-36;7;17;-50;36;22;13;-25;3;-7;-26;47;8;11;-7;45;22;17;33;-23;-45;-39;-41;6;-39;42;39;-29;-8;-22;-16;8;30;-1;25;6;7;16;-23;48;21;6;-40;-40;43;1;27;31;-41;-1;-30;1;15;-1;40;46;-41;-50;22;-21;29;-20
34;-5;-27;-22;48;12;-20;28;48;34;-41;5;45;43;3;-18;-34;-5;17;-40;43;5;-9;-33;-8;-13;29;-30;-4;26;-9;-13;10;17;30;17;-42;-18;-21;-47;8;12;-37;23;48;-20;-10;-15;11;45;-28;18;-46;26;45;-38;-4;-29;-43;26;-9;-1;-8;-27;-39;32;-50;29;-9;-47;-19;-29;19;27;38;34;-25;-8;32;29;-15;33;-13;-28;-33;34;-36;-50;10;23;23;13;25;0;44;3;-13;42;-39;6
-13;-15;18;-7;-37;14;-25;33;-35;19;-6;43;14;11;-15;22;-1;25;41;-36;19;34;25;18;-20;-22;17;11;5;-42;5;-2;29;-37;4;10;-27;15;38;-50;45;33;4;24;-19;1;19;33;-6;14;44;22;-32;48;20;25;49;-32;-40;46;-8;-6;-46;-17;33;3;-49;6;21;-32;7;-32;-21;-11;40;47;-11;44;-42;5;8;-29;-44;13;20;12;-27;-31;23;-19;-46;5;-22;-10;-1;-19;34;23;38;49
45;-18;7;-37;-47;13;-12;-18;-23;23;-34;-32;38;-16;43;-19;-11;17;-32;-35;46;-50;-11;26;-31;28;22;10;29;42;12;-10;-49;12;-43;-33;47;18;-30;-37;-46;-35;41;45;16;-32;-46;38;-16;-25;26;-49;-18;9;19;-36;35;-46;-23;-35;-10;41;32;-38;6;23;-3;42;21;37;-3;4;45;35;45;-8;24;-45;26;48;-13;44;33;-35;25;7;39;-31;2;-38;-11;5;22;-39;0;-43;15;17;-18;23
21;36;29;-27;-13;42;-48;32;-40;-46;18;-40;-41;-11;-35;-50;37;-35;-25;-39;-36;-37;-28;42;-45;9;-10;48;-31;-12;-44;13;2;4;7;6;-14;-31;-18;12;-37;45;39;39;-29;-44;-31;33;40;-16;5;0;26;-28;14;-32;-25;-44;-38;-41;38;3;1;-3;25;-43;10;-4;18;-23;24;-37;3;-39;19;-47;-31;33;3;-11;18;29;-2;-41;32;5;-50;-11;23;-7;15;-27;-11;34;41;47;-37;-42;-20;36
4;21;48;-39;23;-35;48;49;-38;-42;33;38;47;-34;2;-24;-2;37;32;-39;25;45;-7;-23;-38;-41;44;4;-24;18;45;7;43;1;35;-42;-36;-39;-11;-7;48;47;-2;18;37;-16;46;-45;-34;4;49;-5;-41;-18;-9;-12;-10;-29;-42;31;9;16;-14;-8;27;32;4;-3;-39;31;20;19;9;-6;34;40;31;-36;35;-5;23;14;9;4;29;-44;-41;26;-12;-34;39;31;27;-4;-7;32;-42;-42;-9;-3
-14;-35;16;45;31;11;-48;24;-42;29;-42;18;46;-20;17;-39;12;-43;36;0;16;-23;-14;-17;46;43;-26;-25;19;29;-40;-33;10;45;-22;44;-20;-22;15;-26;-50;17;-21;36;11;42;-45;-9;45;-2;-39;44;-50;-25;47;9;3;38;46;-22;-48;12;-38;-42;7;-12;-31;29;-40;0;-16;-18;-17;5;-13;-8;-25;10;-46;-17;-23;33;2;8;36;-44;44;36;40;-46;-31;12;-13;-15;7;-31;42;-27;17;4
28;-14;19;39;-11;-8;18;-38;49;-22;-30;-42;-25;-30;-45;-2;-19;-18;-12;27;-22;11;-27;35;24;-13;-41;-48;28;18;-11;-47;48;-4;19;-16;0;-38;-15;34;-16;-50;-1;-33;18;-19;-15;-32;-27;5;0;-46;-39;-14;36;-36;10;44;27;16;49;47;-30;-25;41;10;23;0;-39;45;-32;-43;0;-40;40;-43;-23;23;26;-46;-32;11;-34;-35;41;25;48;32;-42;2;25;0;-31;8;4;34;25;-46;32;-46
3;3;-48;10;14;29;23;36;8;-1;-27;-47;-28;-16;48;-33;-46;-10;1;19;-48;12;-19;8;-10;4;49;43;-45;-42;-8;-6;27;-7;22;-23;14;7;-9;49;2;-18;31;-8;-41;-12;-14;14;38;7;-3;16;-37;-27;-38;-29;-19;-30;16;-31;32;7;13;-5;-34;32;-23;-33;46;-5;-26;-9;9;18;-37;-9;15;28;-41;-50;48;-23;-41;26;-22;-35;21;14;44;10;-41;-21;-12;15;49;-39;-49;48;5;38
16;7;-21;-18;28;39;-8;6;-7;40;-6;14;-32;19;33;35;-12;8;3;-16;48;29;-22;12;-49;31;19;24;-7;-45;16;21;42;-8;-12;2;23;7;46;-14;-38;-31;23;47;5;34;-8;-26;-49;-9;-6;-17;-7;-30;26;-19;38;-37;0;-10;-17;11;21;14;-42;-49;9;-40;22;39;34;15;-22;15;-25;-11;-38;-17;-35;-2;23;48;14;-8;-26;48;29;37;21;22;-22;-5;34;-28;-33;11;7;-50;41;-43
-15;12;23;-27;-35;-29;-20;-14;-15;-22;-29;-10;18;-14;-1;-3;-11;-4;48;-43;38;-43;31;1;8;32;-39;11;2;45;-10;8;-12;-31;30;9;4;-48;-12;4;-6;-26;-29;12;-50;15;27;10;-40;24;42;-44;-49;-38;-9;49;-46;-26;5;-22;42;-48;-44;2;-38;-49;-9;5;15;2;-4;28;9;10;24;-17;-50;-36;-3;-36;3;-3;-49;3;-30;-43;30;21;-46;-41;-50;-29;-29;-22;25;46;-13;-5;34;-33
-31;42;8;40;-36;-44;-37;29;-22;31;-44;-38;-30;-31;27;-18;2;-18;37;49;12;42;-25;-49;5;45;13;-19;-42;24;-41;28;25;36;24;-13;-39;-20;-22;2;-20;-14;25;-10;10;-31;11;4;-22;2;-32;-8;34;-37;25;-35;-14;23;33;15;13;20;-42;24;7;16;18;-39;-31;49;-13;-25;39;-30;10;-16;15;-2;11;-43;-30;-50;42;9;-50;36;41;20;1;23;-42;26;32;6;6;6;-47;13;28;34
-20;33;-35;-23;34;2;-26;36;5;5;40;27;4;32;15;14;-23;21;-14;-3;-26;47;42;39;14;-44;20;16;24;-19;-31;35;11;2;30;1;-15;40;27;-2;-32;-50;16;42;45;-38;41;-49;-36;-44;8;17;48;18;27;-8;49;-10;-36;-37;20;-43;23;-36;-1;-5;5;44;45;-29;-23;-21;23;33;-41;12;27;-43;30;5;-34;48;-28;-22;26;-36;-16;-19;47;41;30;-34;-38;25;4;-25;11;-8;8;36
13;21;-31;-2;-26;-49;16;20;12;-41;-50;-30;19;-14;1;-22;37;-14;18;5;44;14;-39;-35;-10;-3;9;11;26;-6;-43;-10;-33;36;41;38;-44;-29;-31;22;19;20;-44;4;10;40;48;0;-4;-47;4;-43;7;42;49;12;0;40;-12;-16;-42;-11;-35;-6;-23;-14;-34;2;13;-26;3;15;35;-49;7;-26;-16;22;-10;17;-16;-4;-24;35;-5;40;-21;3;-17;-44;-33;-16;-46;-17;22;34;6;33;10;-18
7;-16;-5;-29;4;-18;-18;45;-47;13;-1;17;20;-16;-2;19;-39;15;18;-13;35;-4;13;27;-42;13;-47;-18;-21;48;42;6;0;-38;-36;-47;49;38;48;-4;8;-36;36;-6;12;-23;46;-15;-17;18;49;39;10;-18;20;40;-19;29;-18;-35;16;-23;-50;-30;-19;38;5;-26;47;-39;22;39;44;1;-24;23;-46;-47;-50;-22;-42;-46;35;-6;-50;21;11;23;-32;-33;-22;36;38;-21;28;23;-12;38;-13;-23
46;-6;18;18;-46;-31;-28;-44;-9;15;24;-3;-12;-19;-21;0;26;6;5;45;-15;-2;-44;-27;42;41;-50;8;49;-19;1;-11;-19;27;18;-21;15;-40;-15;-16;1;-49;-7;-20;-20;12;39;48;23;-38;25;25;4;12;32;37;-17;-43;43;48;-22;42;-38;-21;-19;15;-18;6;-48;19;-1;23;-27;7;25;16;-24;49;-25;-20;38;6;-18;42;-31;-2;32;47;20;-6;-33;7;-39;1;32;20;-46;34;-34;34
17;-30;-47;17;-2;-39;-4;-6;39;-39;23;23;-44;-27;19;-22;1;6;31;14;18;48;-36;31;7;16;12;10;25;31;15;11;38;-32;38;-28;-24;-31;29;38;-17;17;1;-15;5;49;32;-8;-30;37;-3;-9;-27;48;40;25;-31;41;3;-45;20;7;28;-21;-24;6;-29;7;-32;-42;-8;19;10;20;0;-40;10;-11;-31;-36;48;-6;3;41;-34;40;-17;-40;-32;27;-4;-13;40;-1;-49;-21;-29;18;21;-9
37;48;16;9;27;39;-48;39;-20;19;-7;8;-25;-34;-49;-16;10;0;36;16;26;20;-39;21;7;-40;44;-25;-22;7;-44;-23;20;-37;-34;-46;-34;46;18;48;-11;8;39;-43;-48;15;5;-10;12;20;40;23;-11;17;-17;39;37;34;-19;-2;28;33;38;14;-3;7;-3;44;-17;26;-30;-16;-36;-15;33;-24;7;-4;22;-11;23;-45;-5;17;13;16;-1;28;5;-30;-27;32;-38;-41;6;-8;38;-36;10;-13
43;-10;7;-35;2;-28;38;16;7;-41;31;27;-28;44;26;-27;7;-8;-40;29;-16;-50;11;23;32;-17;28;16;41;14;23;38;22;45;10;17;-19;-19;-35;-40;-49;-30;-35;20;43;-6;40;-24;-21;46;-39;22;-18;-36;2;-6;-41;31;43;-10;47;-40;19;-4;-18;-47;25;14;-30;-48;-4;18;39;-30;-11;34;7;-19;-20;15;48;16;17;-13;-13;47;-24;-43;15;5;-46;4;-32;-16;27;7;-11;-25;20;4
18;0;-45;-6;-37;25;20;-45;41;1;19;14;9;10;24;-13;-13;-28;19;23;16;47;-31;-46;2;-20;13;-17;-21;-12;22;-18;-38;-31;10;22;14;-6;36;-28;-26;-23;19;24;5;48;15;-35;-47;-37;35;-36;14;13;-32;-28;-25;17;44;-24;-32;-31;16;-45;11;-22;-43;-9;13;-7;12;-31;8;49;5;28;-30;48;40;-28;43;36;-39;7;21;24;17;-13;17;23;-39;49;18;25;-44;-3;26;-16;17;-26
-23;45;34;33;-40;32;-19;32;-24;-35;-44;19;46;-43;-23;-4;25;-23;-23;-39;-19;7;14;13;16;20;35;34;-35;-1;14;-20;16;43;12;-40;39;21;14;13;-31;6;-27;42;-19;-43;-36;-25;1;-25;40;34;36;14;9;5;6;38;-47;44;11;36;37;3;-32;34;31;-1;-38;-42;-1;17;-39;12;-33;-37;37;-1;-48;-20;-47;-34;44;-40;-47;-29;13;-47;-11;18;-34;-47;-50;42;15;-47;-16;-1;-49;-46
1;16;44;11;8;-29;-43;6;-18;-28;-26;-17;-17;10;-12;-23;14;-27;-15;-42;-21;-48;41;9;-13;-5;0;5;-49;-17;25;-12;20;-5;35;-43;-11;19;28;3;21;-25;23;7;-2;34;-11;-38;36;-43;-45;-15;11;11;-27;-24;25;38;40;12;4;-40;-18;0;17;-44;-34;6;12;18;-36;14;-38;-30;-2;47;32;12;-42;-16;-7;-20;33;11;-40;-1;36;-30;10;-7;-41;-27;28;-42;28;-36;-5;15;-16;22
-29;-33;-5;-16;-20;42;23;-8;2;41;7;35;-14;45;-24;-19;-10;-20;-37;-17;-37;8;0;-30;35;33;-40;15;30;40;23;38;-19;-14;22;-10;41;42;-49;46;40;-12;-38;9;-3;-11;-43;6;10;25;46;0;9;34;-34;10;-19;39;29;-38;-34;34;-35;9;18;-5;14;-32;13;-45;-12;33;26;-28;24;16;-50;29;-23;40;22;-8;45;-4;-20;46;48;21;-38;-19;-16;-50;19;16;-33;1;26;-3;0;-14
-44;4;1;35;-44;43;-9;25;44;6;49;-43;-21;-37;-40;44;-6;17;-3;-31;-3;-28;-48;40;-17;18;24;37;-3;-38;-25;22;-17;-47;32;16;47;27;1;-22;-38;39;-31;32;16;-13;35;-30;17;-41;0;32;-1;-16;42;-8;-2;44;40;48;-33;-38;24;-21;47;17;24;27;8;21;-11;16;31;42;-4;-27;-11;-2;-11;20;30;-13;25;41;-43;-40;-15;-19;-6;8;40;-23;-29;-12;-6;-50;-4;30;-26;43
2;-24;-4;38;-50;5;42;16;1;12;23;12;-49;-2;26;-34;-22;10;49;-24;-2;-49;45;35;-20;-12;-46;38;20;-37;-9;22;-28;20;-11;33;16;-26;6;-26;-37;3;-14;-28;-34;2;48;1;-26;-30;-7;-49;-48;-9;-14;13;5;47;-6;39;3;15;42;28;23;-15;-8;40;-43;-3;23;-43;37;38;41;26;-43;17;12;8;3;-45;-4;43;12;7;-13;42;15;25;-18;-29;-34;25;6;-44;-15;-13;-24;3
25;-36;-46;39;36;2;35;-48;30;-46;-24;1;-46;10;42;-34;-46;5;32;31;-36;-3;-43;39;28;-3;-44;-41;-9;-31;-18;-35;2;48;-45;6;43;28;48;48;19;18;-49;2;-7;9;19;-40;-17;0;-16;29;-11;41;-30;48;-5;-25;48;-27;-35;-50;9;-11;22;-17;-37;49;42;-39;-14;-3;2;48;-45;13;17;35;28;-28;-12;8;30;-28;5;-19;-48;36;36;-5;-14;-11;34;41;45;-41;-10;-38;18;46
13;34;-1;-6;8;-12;-25;-15;-16;33;-44;47;-12;40;30;46;9;-1;-12;-22;-32;-42;20;28;-6;-39;39;-32;-14;8;-24;37;16;-4;-34;43;27;42;-13;30;23;43;-11;-46;-27;-15;-31;-6;31;-14;-49;15;15;-18;-44;48;33;10;-6;48;-28;38;20;-34;-26;27;-43;15;-30;12;-47;-45;27;-8;-30;-18;3;45;-5;47;11;11;-49;19;-38;48;-33;12;13;-44;-17;-12;45;28;48;-42;3;-17;13;-23
16;42;19;49;-3;-38;11;42;-17;30;-10;-32;-4;-6;49;-37;-34;22;42;41;17;-42;-21;25;-1;-13;18;12;-26;35;40;29;-25;36;35;-13;-19;17;43;39;-7;12;45;-13;2;-10;33;-30;3;0;-22;4;16;22;16;18;-24;44;26;-35;-21;14;1;-43;39;-18;-35;27;45;-17;3;4;-30;28;41;4;-38;1;-5;26;43;9;44;-37;-6;38;28;10;17;-15;-42;18;45;5;-28;5;-32;43;18;1
-34;8;24;-10;-5;-13;-27;-24;-38;-4;16;10;33;17;42;23;-40;9;-2;-24;41;-8;-17;18;12;-30;17;42;19;-12;-7;-17;-45;-14;-25;42;40;-29;40;-23;23;-2;-19;-41;39;25;-13;-26;-15;-28;-16;1;-16;-17;2;44;34;41;11;-22;49;32;-14;-33;37;46;-24;-37;-36;-29;-35;-35;42;18;-5;-30;-37;-47;-20;-18;-28;27;-19;-29;30;-39;-15;-46;-44;40;-38;24;28;-4;-24;-12;-30;-24;-29;6
-13;11;15;49;24;-29;35;43;-35;-29;-33;24;-44;-1;-43;-46;-21;-40;22;28;13;44;-41;-37;2;-46;-29;29;-28;8;-21;6;43;15;-33;-31;-7;26;19;-3;14;-3;4;30;38;4;15;39;-48;48;-13;37;-48;40;29;-5;0;6;-8;-30;30;-36;-34;46;-46;38;-10;-18;-40;8;11;-11;5;46;-33;0;-2;-8;-11;5;-10;-25;39;-32;-17;-27;36;34;-45;-42;-50;1;40;-10;39;-50;27;-8;-50;-10
-7;-15;23;31;48;26;18;13;-42;-26;16;11;-45;35;27;12;49;41;2;48;-41;36;-34;-32;29;46;4;-29;27;-2;-19;-8;-13;4;-5;43;-29;-41;5;-22;46;5;5;2;7;29;39;16;-41;-1;43;-30;-25;20;-27;27;21;39;28;-24;-47;-19;-21;-35;40;22;23;1;-13;-39;12;-37;41;-11;17;23;36;9;20;22;-39;47;-19;-26;17;-43;10;38;-24;29;-48;0;-46;14;-18;8;23;12;44;49
-5;-13;4;-20;11;45;19;-46;38;-28;-14;-46;14;-11;-17;-35;-8;-46;13;-39;23;-17;39;-19;10;-23;5;-33;18;-42;-23;1;-41;-50;-8;-17;45;-13;46;-38;14;33;3;-18;-49;-10;6;26;9;-32;1;36;-1;8;11;-9;-30;-21;-13;38;15;38;21;-6;13;1;-14;-32;13;41;27;-23;25;-12;46;-10;-8;20;30;48;42;33;-49;43;36;29;-47;12;12;14;1;-24;44;-20;-7;16;-18;10;-2;-43
2;-9;-23;35;46;-24;-34;-31;-19;-29;10;-39;-37;-15;10;-31;-10;-39;-39;17;5;29;-40;-47;9;8;32;37;1;-37;-2;42;48;-35;16;10;3;-47;-38;-42;-20;2;-42;-26;3;10;-38;17;-25;-44;24;-11;23;40;36;-3;-20;0;46;-9;21;28;-29;14;30;-48;-43;24;-40;-25;0;-3;40;10;40;-5;-35;-15;5;6;44;-50;-10;27;45;-16;10;-3;-10;-20;-26;-38;-15;38;41;-20;-3;7;-44;8
36;15;27;14;7;-12;-39;-32;-8;-15;21;0;-38;-28;-50;-41;-5;-47;8;48;-24;-36;20;20;40;-46;-19;17;-40;-35;33;34;-21;-29;12;1;-17;31;-43;4;14;-10;-19;35;14;11;5;28;-24;23;-45;-10;-50;26;-43;-42;-44;26;20;-38;-15;45;-1;0;-44;-49;20;24;-30;-10;37;39;11;-10;-38;22;49;43;40;27;-21;-42;-45;22;-2;-16;1;10;41;-42;-5;43;3;48;-16;-48;26;-39;-2;-39
-9;-15;-49;-34;30;33;-9;-8;-31;19;41;-24;-39;-6;-22;6;-48;-8;37;14;12;11;-21;17;-34;3;-14;-4;-17;42;-13;29;34;46;-41;28;42;-44;44;28;-37;-34;-12;41;0;-25;28;-16;-9;-49;-22;21;7;5;8;-20;15;-14;24;44;4;24;-8;-18;45;-15;7;38;35;11;32;-18;-47;8;46;40;20;-45;-31;29;18;-31;49;16;-34;44;-34;-25;12;12;-5;-5;-32;45;-32;-44;17;-50;-10;-16
-21;11;-16;44;-12;41;24;-31;-47;22;22;-34;13;-6;20;-46;36;42;33;-30;47;15;-21;30;33;29;-5;-19;-1;0;-20;37;-1;22;-19;-22;-37;32;6;43;31;-45;15;-42;-50;-42;-24;-17;26;39;11;46;-18;-27;29;-13;-25;20;40;40;46;45;41;5;-42;43;-46;-5;31;-3;-29;-48;11;-12;29;0;22;-25;-17;21;-8;41;-5;-34;-41;-39;-29;23;-46;47;-26;9;-3;-44;2;-44;-42;30;-1;-10
-1;35;-31;49;39;-3;-2;-45;46;-15;37;43;-26;28;-47;-7;-11;43;-3;4;19;42;18;24;23;-9;-43;-5;-44;23;32;-18;21;-38;-36;-22;-21;-5;16;-1;15;-50;31;16;18;27;37;6;29;-2;-1;-25;40;-47;49;-49;18;8;-30;46;49;-47;-33;46;31;14;46;-46;-15;34;38;16;-28;-18;29;-39;38;24;-28;-23;41;9;4;-44;-9;49;17;-10;-10;45;-4;-6;-23;29;18;-50;-17;31;11;44
-31;43;6;14;-45;-5;18;-39;11;-8;26;11;20;37;16;44;-47;4;-38;-19;-47;-39;-29;-43;-43;15;-3;8;-2;0;-2;-39;-6;-42;42;34;27;41;-48;-27;24;19;-4;28;49;20;4;-2;15;10;-4;0;-29;38;-14;-28;12;-9;-2;1;-17;-31;18;-47;2;-36;-22;31;-18;-8;42;29;36;7;-40;-17;39;36;-38;-49;23;-42;32;-14;-31;3;22;-2;24;-6;-20;-41;8;46;14;-24;30;31;-40;-43
49;-28;-45;-28;11;-10;-36;-31;36;13;6;-17;38;-9;48;29;20;29;46;27;-11;10;-3;-38;-46;2;-12;14;38;9;-29;14;43;33;-7;21;-18;20;-30;-47;6;-4;42;29;31;5;30;-10;31;49;-8;34;-44;-31;-8;42;-17;44;16;2;21;-9;-6;43;47;-37;-6;15;42;-21;-5;-20;-46;-45;24;-29;-1;-9;-15;41;6;5;-22;-7;9;-44;25;28;-27;43;-13;42;-28;-25;16;-18;18;27;-29;-13
4;-38;47;1;-42;40;32;-19;31;0;5;-11;49;16;40;22;39;-49;8;-11;15;-24;-5;12;26;-10;30;11;-47;-10;-33;-15;4;-37;-36;22;43;-10;-48;-16;-34;-27;-28;-27;13;-50;45;-4;7;35;3;29;26;7;22;-38;20;29;14;-14;-50;-9;-21;-24;-36;-1;-24;-8;-26;0;-42;-35;-41;36;13;24;-14;-31;-41;-2;36;47;34;48;-27;12;42;-11;-23;37;25;-39;-3;-49;16;-48;-19;19;-43;31
35;-16;-29;-34;-41;20;-24;34;26;30;-24;-22;4;46;24;-2;-4;-31;-40;18;-5;-28;-46;7;-44;14;-20;45;38;-25;-20;21;-36;-25;-12;15;-12;25;39;24;20;4;11;-15;12;49;-3;36;47;-1;-33;41;7;-45;-13;-42;31;49;-11;-29;-37;-34;-8;33;13;46;38;23;31;-45;-5;40;43;-41;-33;-29;20;17;43;-47;-38;-27;44;5;4;17;-4;46;-42;-11;3;28;23;-24;49;-49;26;-11;-42;45
0;49;-15;26;-40;2;-47;-13;-50;-3;-49;18;7;-32;-10;46;34;34;11;21;-1;36;31;28;-1;30;46;22;-34;9;-21;15;1;-14;7;-2;-41;-3;22;-29;22;32;16;-21;44;-10;19;20;19;27;5;-2;-26;-11;-36;36;-3;37;44;-27;13;13;18;-12;-8;-9;-7;6;-14;27;18;48;3;36;26;-44;41;-36;0;41;-10;-35;42;-20;49;-1;-19;-42;-31;39;39;-47;23;-37;-13;10;17;21;27;-33
-48;42;27;-50;17;-39;30;-27;-44;21;-18;37;22;-35;-37;24;19;13;19;24;17;-26;17;-24;48;2;-4;33;19;-23;40;-17;-31;38;24;-20;15;28;-32;-7;-43;27;10;-11;35;-11;-37;-41;16;31;-24;26;2;27;9;-10;36;19;8;-24;14;-40;47;49;-17;17;-29;-30;-41;-11;43;14;-8;7;27;31;-28;-30;35;-29;-19;15;-50;42;-33;29;-45;-7;-48;35;11;27;-26;31;41;-25;-45;35;29;-48
44;38;-34;27;14;7;-9;0;13;-30;-7;16;42;-8;-4;31;32;-9;37;-8;-29;32;49;7;10;-24;-38;46;22;22;47;-7;45;17;15;-31;-6;-40;20;44;40;2;-20;-26;44;-40;5;-46;-12;41;25;35;-7;-39;30;-45;19;-41;-42;-37;-17;-44;-33;19;33;12;23;-37;-7;42;16;43;-41;3;7;-23;-8;-11;-20;5;3;5;-45;4;-16;-3;13;-50;44;-34;-49;26;17;-18;-36;3;-29;39;26;-42
-12;-41;9;36;-41;-5;36;45;28;28;-37;-49;-31;1;21;29;18;9;-16;10;30;34;-13;20;-38;2;-34;-39;-5;40;-50;19;-26;31;18;-11;45;-4;27;49;-32;12;37;32;41;-18;7;-22;46;-46;29;-29;48;-31;34;-42;-6;7;7;33;-16;26;-28;-24;21;29;-7;-7;-6;-50;12;7;-5;-45;46;42;10;29;-29;12;-14;43;40;-39;26;19;7;31;-50;0;26;21;-5;30;14;45;-44;5;-31;-23
-14;20;39;2;-48;-25;-27;20;-4;-13;7;2;46;31;20;30;-20;-40;23;4;-47;-50;22;-35;-19;-12;-24;32;20;8;-31;2;-9;-50;18;23;-8;-6;48;-14;39;41;45;26;43;-24;15;-18;14;33;-7;-24;-26;-12;16;24;26;-37;-36;-13;-18;43;33;36;-8;26;-50;19;-4;-37;5;17;49;47;-4;26;-46;24;25;19;-41;-13;-20;28;37;29;47;34;45;48;2;28;29;-14;-4;-22;0;14;-28;-2
-34;-15;-17;-5;-20;14;48;3;24;38;48;-18;-10;-8;-34;-38;36;-25;-17;48;37;38;-35;-11;41;46;-5;-24;-36;43;-12;30;16;27;-29;33;41;24;-21;-46;-11;45;-30;-9;-15;-12;-6;-37;-23;44;37;3;39;29;-44;1;48;36;-12;-19;-49;-18;-45;-10;16;46;17;31;22;-8;4;22;-28;-44;30;-25;-4;40;-16;-4;44;-8;29;32;1;36;-14;-23;45;40;-41;9;-36;49;-15;25;13;33;-16;6
9;-27;-26;13;43;24;23;4;28;21;-13;-30;-28;-22;19;-27;12;-10;43;-37;-42;-19;16;-1;-2;38;-32;19;-19;22;28;-17;-35;48;-16;-48;33;34;-36;7;-36;-49;-50;-8;-4;-31;45;-45;31;16;12;32;-43;6;27;36;-6;32;2;9;-29;11;-30;25;-31;-30;46;8;-32;4;43;19;21;9;10;28;-38;-24;31;-38;-24;-10;-33;35;4;11;-27;35;-22;34;5;-9;-34;-46;42;18;-20;47;-19;4
29;-11;-8;-42;-48;0;-37;-42;8;37;-34;48;-28;-21;41;36;-18;-40;-31;-30;-41;9;35;44;17;-5;-44;27;-25;44;39;-1;-44;-25;-37;-28;-12;12;-46;16;-9;46;25;36;-3;12;-49;-7;-10;48;19;14;-26;35;39;-45;-17;11;-46;-19;-41;23;-22;49;34;33;-26;38;-43;-10;46;-34;-43;41;-15;-3;40;-40;-47;13;-17;-39;-4;-25;-17;-29;-23;0;8;-31;-7;49;-33;-1;43;-4;34;-29;-23;44
-36;6;-24;2;48;-37;-1;0;17;-17;34;21;23;-5;3;-11;28;-47;-10;31;40;7;9;-40;-21;26;-13;-38;-15;-46;13;-15;-23;-15;34;18;-1;-3;18;-27;-48;-24;-35;28;16;14;42;-3;-42;-27;-10;35;14;16;-38;14;-31;-48;36;-6;-43;24;16;37;-44;-45;5;-5;-6;47;-14;-29;-30;-41;47;-13;22;-24;33;1;-21;-24;-8;19;-30;46;9;-23;43;-40;-12;41;30;-21;24;24;8;-32;-16;9
12;-7;45;14;49;26;-24;8;-43;-4;13;4;-31;47;37;22;35;-13;30;13;39;40;-13;-5;-40;-44;-9;-31;-26;8;10;-24;5;-44;-20;36;-2;32;45;-30;-3;-30;-5;18;32;-16;33;24;7;-41;17;-45;-48;26;40;19;42;-37;-16;-7;-34;34;47;49;12;-9;9;-35;42;19;-25;0;-31;-27;23;-18;-6;32;7;32;-47;-36;44;-6;1;-1;-20;35;-30;24;42;-13;-44;20;-10;37;41;23;-22;-47
-3;-25;23;32;49;38;15;2;44;37;-37;-42;15;-27;25;-19;40;17;18;-24;16;39;-8;24;-6;1;24;-35;44;29;-37;-5;10;-48;46;10;13;29;31;-11;-26;-37;12;-46;45;-37;-22;44;-20;-23;-22;-17;-31;42;-19;-50;8;28;28;-41;-18;-46;-48;-25;2;-24;7;-9;-16;16;44;-47;20;22;29;-33;-14;-19;23;-22;42;-29;-1;-45;-39;-29;-18;-3;-27;-37;44;37;20;-50;14;24;-18;-29;28;31
