-6362;-2853;-2360;-497;-1167;-7111;-8743;-4741;-14901;2788;4000;4688;-10561;11098;331;-7768;1025;-1457;1624;11732;5796;6349;9188;9760;4624;-5679;-12285;-14500;2077;917;-257;9972;5688;12414;1206;-1595;-3362;8051;3407;7317;-4788;-5151;12895;9957;2123;5890;5560;13158;5154;4070;2043;-6020;-2230;-1599;-4723;-930;-2931;5246;-3233;5627;-9051;-1994;-4610;-8620;-5877;12521;5338;-3632;5770;-1272;-3491;-7240;11191;-5625;2158;-1940;-9860;987;12657;-2614;-12554;-733;-973;-339;9169;-1189;14910;-6281;3128;-4625;13234;-11394;76;1217;8100;14441;4129;1198;-7767;1186
4982;6886;-8379;-10217;-9276;6089;-1277;4605;-8675;7114;12925;6918;-35;10930;10588;287;1352;-8833;14740;17984;20492;24907;5846;8311;2594;1831;-9316;6636;-2360;9966;-11412;-1051;15256;9233;-3928;2037;10486;-2930;-12901;-4148;-3039;9395;-12241;12218;1682;-1739;3766;-1425;2318;7090;-6771;1705;10918;15597;2456;-6001;5271;-20693;3989;4565;-448;3278;15968;-13513;9688;-4537;6894;12404;7061;17711;-3334;7996;1232;683;1044;-1116;-2241;-1692;20969;2509;-630;13723;-49;9728;-10619;-1016;13103;-12966;-4517;-1770;15126;-212;1906;3836;13428;15913;-13589;-8196;-6433;9486
586;4801;7673;-1897;-1202;-4098;15629;4244;10936;-8129;6679;3696;-9243;7637;-1125;-4188;-16098;18427;-996;-3062;3743;2142;10975;-4949;795;-24391;8939;993;561;9762;-7040;7228;417;-9376;-530;4045;10648;-6;-645;16391;-3094;1932;-19666;-2876;4514;9893;2314;5379;-2445;-905;3706;4757;-1884;7210;-10816;-4460;-9857;14821;-18632;6325;-8560;8468;-1022;-12334;1645;4159;-9558;4127;-5770;57;-906;9440;-9254;957;-7996;-5505;-1271;-1076;-8054;11737;5492;3256;-643;8478;-5498;-9096;11620;-10079;5950;12448;3574;13824;-5863;-14549;9375;190;3957;11199;3579;-89
-13839;-3438;-2078;4222;-7679;-2720;-6176;3329;16525;16616;12476;-6068;-10884;-17892;-5672;17235;-6692;5570;-6594;-4645;-4130;14637;-6510;8786;-11118;8654;5574;-1070;3838;1023;-4687;6181;-7525;4000;-8567;7806;2597;13711;-5738;5525;528;-10983;-5004;-802;-6831;-2114;-7790;-5997;-374;-5112;-127;14933;-4541;1064;-10269;-3695;-3284;-5060;3249;-3444;-3905;1330;-6080;8587;11561;-485;-1607;-6685;781;6289;-4012;-10536;-904;-10998;-3422;-5301;20085;-2797;-11447;-6137;794;2424;-5613;-6436;1402;19926;-5340;9157;-3761;-6760;10028;-1911;-12877;13605;-372;-2585;-12187;11878;6144;-6648
-9000;295;-3777;11037;7046;-808;82;-22661;-3468;-227;-6783;-795;-4865;185;13405;10161;-8732;1909;-8002;-4973;5373;17449;7707;-3703;11333;9115;4614;4871;5810;2201;21217;103;2468;2267;-7149;4739;-3741;4061;-10652;-1868;-8096;-7970;12584;16715;-16974;-944;13768;-2122;1099;-3603;7395;-8664;11156;12231;-7843;-11455;-3331;-9956;4312;-14108;-3971;-1627;-1188;997;5984;-9068;5618;13021;-1489;-4103;10168;608;11048;14069;16120;5289;-4388;-9239;-5252;-5918;8172;-2429;-740;5711;-9274;-9009;2120;-4525;-4755;5427;4177;-17887;-15158;-9377;-3031;657;-5002;-11237;-4542;-8040
6521;-6460;-10598;-10526;-1108;-3795;-12752;4300;-2443;-3895;-2195;1072;1012;13976;-589;4857;-11497;6959;6586;-5837;2226;8530;1741;-4728;3639;-20279;5372;296;-6605;13888;9892;4740;2506;13283;2753;-2982;-1111;1507;-1135;-745;1577;10944;4432;12451;16136;-6316;87;-7978;-2793;-480;10210;-10669;-751;-5923;5270;-10552;-5822;-12022;1755;5401;-1122;368;10003;-10992;-3744;-10414;-6943;-9546;10442;845;3989;-11489;5070;-6109;-918;882;11011;8468;3700;786;-15565;-1658;10572;7871;14027;-1811;-5433;-928;-10066;-3533;4320;2694;-10333;8957;2278;5097;8359;5628;372;4393
14630;-10786;4254;874;-344;-5002;-6102;2611;-1974;1764;3190;220;-4442;1673;7757;-1361;-6853;-1570;-4972;-13402;-1832;308;20094;4723;-3366;539;684;15409;-1445;-14480;-11504;-11673;-2068;7992;-1501;4153;-3591;501;-13267;265;-3024;7399;1083;-5669;-3105;-14698;2316;-3346;-9511;-5018;21060;3362;4413;-276;6937;-4940;2344;-12239;-2786;11411;3936;5130;7901;5571;4718;6452;5664;3532;1257;-7803;-7760;574;-9784;-6138;-13331;-302;-7680;225;3352;10085;15897;-1480;-4242;-6521;-6365;-4140;7251;-3516;-5418;3623;-11430;7907;11631;-12181;-1724;4400;1592;494;1591;1767
-8161;-1632;3743;-765;6232;3303;5574;-5379;-4796;-5170;4798;-12881;-2175;-13360;5926;-179;99;21059;-9937;16598;4415;11712;-7030;11101;5435;-11366;-7578;5223;-6366;8245;3598;14041;8300;5699;3309;-5049;3997;8605;3530;-2566;454;-2928;-2564;12862;14954;7030;-9431;-5106;4096;8789;4995;-1530;4196;-2906;-4062;-5287;-159;-6927;-6059;-12745;12961;-5651;7602;-1168;-4413;922;-1289;4684;7861;-8834;-11833;5859;1507;-1939;2727;-1366;7847;7253;7792;-3029;-17315;11010;-5246;1545;18935;4438;-1089;4877;-3142;17662;4665;-9759;-1787;7598;2633;-2848;-2642;8167;1613;5053
-6441;-3241;6953;6030;-9693;4513;-8599;-6277;541;-6395;4696;-34;9956;8144;9566;2061;-5749;-7791;3625;6863;-2942;7650;4457;-2094;-5991;10962;3306;5269;-2395;7541;2186;-7333;4824;1494;-8367;8724;5647;-7819;3157;3388;1700;-253;-6503;3934;9111;6754;-6664;1841;5001;2896;-9854;2696;2546;1214;6826;5927;2326;6513;5168;11368;661;-5552;1876;-1393;-9244;-8425;-6484;6733;16469;-5360;4321;1696;12925;3406;3757;-5463;-2508;-5705;-1447;3079;7842;-12595;-2000;-5810;-9719;-3237;5499;2400;2241;7157;-7430;3985;-5871;-3987;10116;-6467;9583;-9944;-8550;8506
7491;-3088;4943;-10038;-4794;2418;14871;-6887;1237;4336;4259;10753;1155;-9728;9143;-6115;7441;547;-8504;8599;8828;-19389;-5295;-9620;-6910;1819;4827;-6815;-4686;-4763;-9746;-648;10407;4287;4330;431;4053;-22802;1881;-1871;-4292;7960;101;-9157;16285;6923;-5692;4476;10509;-3311;-2418;9435;-4908;7900;1076;-4102;-343;-15120;-3770;-9039;-542;-4887;13636;-15606;1455;-16677;-6977;3264;567;10107;10467;3225;-240;6541;-6883;296;10073;-5854;-1427;19813;-2707;-6262;-7484;3356;-11981;-7247;-4330;-5030;-6658;-11352;-9741;-897;-3793;-6578;6467;-10454;26391;-10255;411;11042
-1137;-6835;2214;-7438;13492;7007;-4064;8242;-3991;6914;11684;-11084;14758;-2206;3613;-8390;6157;-8192;-6336;11557;-9515;15015;-5768;4516;-1195;-4506;-1142;-2723;13722;-2816;8510;1166;-17547;-2051;-3487;13031;-9278;-249;-3492;-4795;1693;4270;5391;3255;2178;5205;-20538;-7495;-7237;-1576;-1137;-8274;3106;3840;-3232;-6539;6189;-6088;10264;5989;4239;1367;6788;11192;-553;1864;5130;-4522;5955;-5082;-2294;10949;4152;-6645;7757;-751;-2473;-5488;5658;-12684;12618;4389;3209;6920;-399;13185;-4287;-924;335;-14743;-3215;-8525;14802;-9465;-9415;-3741;-18833;126;9305;-3972
20409;1695;1938;-3340;7613;-1738;-582;-24989;5787;-16490;-4483;-109;2944;14480;2417;9379;7712;-7875;1728;12935;-690;-2923;-7391;-18781;-203;11728;-3270;4008;2667;8135;2249;-8874;7058;813;4906;-8857;10477;-4701;-12091;6179;5625;-13051;-10916;-1527;-7282;12566;7026;6005;15055;-15962;4647;-400;930;-4451;8014;1009;6233;-8536;7721;-12908;6959;-19140;-11218;-17559;1359;-23014;3378;4813;3849;13428;5020;2127;2049;17566;14349;13905;-8384;-28;-12700;-6430;7148;-10112;4511;-9646;-13189;3687;1849;-20014;12553;8288;-10710;3802;-11732;6170;10522;5315;11353;-11006;-8803;7035
-5104;1460;-5952;-770;-3021;2389;7432;8282;2422;4707;3136;11632;2244;-5263;-3009;-699;-3548;18508;8940;-2023;-10355;4462;10470;9261;1665;-3406;-4794;8903;1427;-2858;7994;7554;-7951;4043;1211;525;-18973;7756;-9758;971;-3967;-3497;11072;-1062;2291;-723;-5573;254;-408;4884;10809;2151;-6316;652;5524;-5016;-8078;-18069;-14889;-4028;7716;22358;5120;499;13426;-13799;-71;-6885;9762;-2252;-843;-16744;5923;-8420;12714;3034;11933;1678;-2564;-2904;-4361;-9873;-6455;12320;-2044;4701;11217;-10441;-2929;11144;7825;-12433;-13696;5257;-8054;4771;-808;6074;-25112;-701
-6257;-5007;656;-5696;2827;-11336;7148;-17700;-8553;3900;-3656;11673;4894;17966;-2639;-4627;5576;547;-6502;-2532;12135;23701;2925;-11505;9159;6918;-1308;-5759;-7845;14033;8946;9654;8257;6374;-14291;6113;1215;11049;6275;-3880;-8721;10207;-5380;10640;6242;7585;6405;97;-18013;10106;-6145;-14651;-2745;17663;-1039;715;-3636;1557;10743;1407;9001;1970;14673;-2777;-10200;9381;-8110;6835;5083;-5621;-10501;-8708;8110;2427;-5811;-3881;-7084;-6857;11947;-10136;1736;4019;8558;-2828;-2727;12485;1588;6401;8181;-9806;4681;3212;-6986;8458;4006;-4346;4191;-31885;-13186;12379
5178;-4208;-1076;-2799;-2002;-10510;-3025;-9636;3242;-6855;-6252;8577;19175;-4232;-5250;2573;-739;-1886;25101;-5108;-15875;-12858;-275;-4725;7747;1827;-196;-7722;-276;-7443;6664;-12994;-1248;1565;-5563;-9040;-7345;809;-5075;-2178;8254;-4808;-12434;5442;-6717;-1404;7966;2114;1066;-5322;12664;7374;20322;-9580;1285;4465;5662;1250;-6470;1214;4523;-10170;-6415;6911;7861;-502;8078;1159;-311;-10187;7450;-9568;-1277;14279;-2765;-11527;13643;5972;-2902;-742;-5584;-6020;14588;1058;-4824;-2783;-1868;14374;2759;16319;-8275;7411;8037;-1736;11058;-6552;-4072;10195;-410;21394
-1749;-4605;10778;-4850;2040;1299;-10869;-3268;7813;5531;-1344;-15791;9706;219;2661;3943;-10166;2877;16336;12526;-992;-8820;-894;-8761;-8788;-12869;-1512;-10154;-6132;-7222;302;5394;-9969;13708;-16404;-11402;8306;-2429;-9532;3851;-2091;10255;6777;1052;16473;-1901;-3849;2993;5094;7309;9348;-9149;5451;9452;-2446;1473;-10334;-10927;-6965;12409;5678;-3731;2684;-7607;2385;-843;-16293;1990;4252;-13791;5359;-117;1934;-8256;-8204;-8645;-10952;-1250;5067;-6974;8653;-4870;10138;-4335;10639;-10016;-5566;10788;-13354;5712;-11351;2935;-2713;-7304;-9030;-2093;6702;-4458;4082;-4106
-1426;-1184;-12624;9037;-3430;-5124;5236;3889;-219;548;-7093;2428;-2857;6776;-2413;-4313;-8828;-5399;-12329;3818;-2129;-5801;-717;10652;-9165;7009;-124;-699;-5016;-2706;9773;8275;-3916;-2784;-7789;4844;-3845;-7040;-5796;11119;-365;-1883;-8053;4676;-9335;14739;-1186;13029;-4761;1045;-9452;5970;-704;-724;-1892;-5275;1472;2427;-10477;7433;-3203;-16783;4036;-37;-751;-3901;-1079;12551;4253;-6267;3153;5732;9952;6951;7235;8463;6520;-8326;-8590;5691;5329;5610;9839;8472;-102;-12174;3786;7429;-9957;-19132;7436;-2803;-8607;-3339;-4050;-2097;1367;6510;-9964;-5820
11099;2465;-6734;-4970;-3387;9121;-4639;-31;10263;6441;-8739;-9068;19824;-7597;12320;-3185;-18472;-8797;4926;-620;4599;-11366;-9195;-1132;-8098;-1660;13727;9174;3177;-11664;-4547;-1114;-11426;-2974;6953;-4106;-3326;-6826;-10645;4048;5484;4641;-2459;41;8916;-112;-6680;-8484;-1340;-1805;8810;-13549;7842;12676;-18905;1007;-2339;-11137;-2598;769;-4880;-2067;-1740;2023;125;-1284;8250;-4408;-6116;6304;-278;2919;8699;-5697;875;2796;8869;9611;-15407;-9116;-7829;5056;4566;-1393;-1971;-6631;-11796;9711;-13194;14205;-14391;-3028;11005;-4466;-6718;2591;-80;8545;5825;9233
-4956;-13386;-5569;4775;-2498;-966;-2376;-710;-4494;4767;-1962;-19311;7465;4400;-104;28890;14005;-7168;2395;722;-4936;-7484;-3737;1062;-2101;10416;-1668;1834;7524;-14896;-7452;-11363;6750;-1131;-3150;6868;-11762;-208;-695;3669;8383;-7911;11;-2180;629;6963;930;4905;7229;9535;-4380;450;-5300;-2362;9948;6510;3402;516;-8581;15339;-2028;11514;1004;-22212;-1921;-7215;3694;-7516;8475;-6110;5785;-8186;243;-5962;799;14232;18810;-13632;-10498;-6618;-9950;17412;15884;-8738;-1559;10058;1925;4783;-888;-15797;-7868;-3070;1132;8818;-12801;565;1004;-6490;-4851;-4220
25915;1623;7354;3922;-12772;4818;-9959;2497;725;-3127;9456;-1871;7115;3974;5910;-3460;3379;-6324;-1112;8037;-5181;1045;-173;-3825;1416;15681;8958;-10002;16949;7496;-2098;-10021;-13576;9207;17358;-8558;-5872;-5332;-12580;-468;352;18288;-3544;8825;-5941;-11281;5062;10916;1227;-6921;-19462;-14255;7162;-3589;2501;4424;12455;-4563;6172;-1261;-619;-10742;2616;4932;-6216;125;977;3123;2160;2774;5759;-3028;11311;809;5968;-128;-14612;-2543;12330;11116;9553;-8721;6942;-913;236;2638;17333;-18019;9805;6590;-7213;2061;1445;764;-777;5852;-3921;-12998;7494;-7126
-9661;1379;1409;3569;-13901;5755;11010;2989;14234;11515;1763;2121;-12234;-4077;-8279;-2341;1367;-12857;-9704;-7686;18038;-6435;3492;4290;-9194;-13223;13083;18089;1598;-4639;11821;4501;5066;-15638;-16012;16249;5403;482;-3550;4498;-6966;-4754;-6209;5787;7989;11233;10821;-5585;-881;-11579;-17790;10525;2951;4643;-5371;-2851;-932;-19282;-18908;-3733;1577;-6900;-2965;1693;11010;12145;16703;11298;-1022;7753;1030;13355;-4446;-2372;-2910;-1780;2513;11211;-12482;-6211;7741;-5509;-1391;8009;-11801;-2541;1193;-5964;-12357;-2059;-13357;-3628;-6038;9143;4521;13478;-7336;7018;-10544;-10051
13170;9493;2619;-9600;-9417;13080;-4079;1940;-10349;-2922;-5505;3759;2884;-12505;10492;-14943;-448;3034;22908;787;-19442;-3822;-777;2936;333;-3378;-7905;11342;-14609;-303;-3251;13820;-2727;1535;7014;-15905;-6396;6870;-9182;1977;12834;3343;-5642;-9119;-3382;13462;12248;15636;13892;21;4637;-24135;1443;-21480;-963;-868;4081;-8158;-1951;9901;16010;1347;16584;-311;-7592;-5017;15118;-8090;16299;10030;3440;-613;-1414;6408;-2517;-2708;4242;11862;4739;1550;-20620;-8706;11126;-1765;-8108;-9945;-881;745;6880;6867;1133;-3715;-6069;11813;9198;-4755;-13585;10986;2277;-5912
-4560;-8806;-1061;-6946;8523;-11321;291;-1007;5103;-5843;9463;-8217;3235;-7186;10794;-3337;-6492;3546;-6737;-21724;-12434;-11714;-4872;3832;-9758;-9763;-9308;4379;7737;4583;-8105;4514;-5028;823;17663;2625;233;5625;6373;-8385;2301;-14831;-6309;-7868;1694;-8962;-9522;11939;12166;-772;6941;-5375;7773;-9475;-457;4205;-659;2979;5219;-7895;-2851;4618;-2696;106;-4474;2571;-1194;-771;6454;-22490;6038;-2484;-2964;-10291;901;12782;1960;4744;-963;-1266;2272;-6800;1584;-9286;-5630;-1293;13005;3260;-8591;11144;-8026;-5655;10665;-7493;5751;11123;-6461;13887;-863;5029
7155;4913;3202;4432;-7037;-118;11742;2120;881;-4093;4289;8930;-7348;1708;6574;4856;-2435;-13518;-4586;1988;7958;-3777;-3872;2367;1974;4532;-5096;-3110;7416;-1220;6000;12161;9126;-7815;-589;-1083;4093;-4064;2802;14004;-8034;-296;-6465;-4719;5045;6404;-6298;7199;13183;2290;-2767;-20436;-5421;9309;-9078;4366;-10748;8711;-699;-887;-3534;-3330;-8366;-4266;7193;-10176;11372;17699;-17769;6894;8535;-11382;-13903;-3366;6232;18012;989;2141;-5153;-9026;14053;-662;2784;-6238;-9185;-8482;10044;-15098;-9504;-21854;4317;-8125;-5464;5383;1447;589;-704;-3936;943;-3035
-13309;-8833;6586;5237;6733;-8821;1646;-1049;-4362;-10665;10066;2729;7738;3536;-2873;14191;3786;-5709;13584;-30429;7731;3542;13941;8919;8002;-43;7450;-5120;-2967;-8354;6445;8092;4166;1520;9280;-7341;-10468;2342;-2994;16543;2866;-4303;2919;24702;6090;6142;1206;567;-2770;18223;6414;-14460;3250;5185;-10063;-11324;11200;7761;1817;7860;-2226;8229;6685;-1848;-15697;7538;7043;9258;5796;-2943;702;6042;-14019;-3673;-7983;-967;10800;4661;954;9696;-10303;2088;14882;4102;-8603;-11946;6741;-2180;2978;10149;-15782;-2779;8945;-6269;-11040;9056;10515;5756;-1354;3324
-1950;1263;9537;-1920;-2945;-2303;-4215;-1578;-11202;-1188;5681;4661;17934;-4968;3475;3130;-1002;-4053;-16341;10311;-7773;-413;-385;8875;-574;253;6270;2781;7860;9167;-5862;-451;-15851;147;7835;1752;4681;-320;5709;-654;-379;14155;-8391;-19267;-6536;-18704;10203;8404;-206;46;-8481;-18516;-11284;-8660;2651;211;9492;9692;6235;-9860;3218;-2968;11773;21362;-10285;-1646;-13859;-18178;-5405;-4825;4761;-1693;14342;-3458;3406;12989;-3659;-5376;-5581;7409;-759;2637;443;-11778;6132;11077;6;1518;-3202;2084;-2875;-8546;-2191;2643;602;-7634;-7716;2363;-2784;3640
-8289;-10668;-2526;-4567;1307;2103;-22552;-11170;13504;-12884;5102;-5935;-618;-5355;-1296;2653;-19208;-2044;-9817;-3225;-7500;-1102;1611;-6104;-5938;2101;8011;-10957;12414;-247;-1919;-10450;19530;287;1211;3892;22557;2979;3780;3079;-5223;-15837;-8739;6300;15109;6140;-2435;12278;5187;-5562;6483;1791;7261;7424;-3765;5744;-29;4124;-6708;-7610;2620;-424;5927;-6337;9561;7945;-13091;-12350;6761;5398;10916;-3144;4538;-3375;1673;8557;2394;6857;-11631;5420;4219;9000;-6210;2195;-4517;11424;-15969;6194;-19673;6628;-16919;8533;-658;-10727;1737;1408;3659;630;10116;4068
-8706;7816;-7010;-11918;3739;1634;4992;-545;10334;-8063;1373;2096;-7463;1111;-13244;15705;1930;-1139;-2342;-16287;-8682;-16090;-5047;-6559;-5052;-3177;16803;-8410;809;-2367;-2446;22425;-2851;-5420;-9940;-3395;12069;9289;4339;-278;-6346;676;-14717;4674;5469;-2552;-11287;5365;15898;-11362;-390;11768;-2002;-7258;2588;9889;-13523;7004;10731;-10383;11321;-5574;63;-7266;2383;5022;3194;18257;-8336;-13843;-2436;-8634;1189;-668;-7661;-6811;-16872;6673;-13533;-6729;-901;-14911;2166;-3329;-3601;-2633;12923;2624;4573;-3950;-3233;3361;-17976;207;-5707;-7714;6643;3051;97;-13105
13186;-188;3844;3622;-12086;-15097;-9458;15146;-6690;-3466;1100;10219;8836;8754;4211;642;1735;2642;-950;9419;16524;3893;2253;-2530;13381;5069;-6884;-1944;-10548;16578;-5214;-10660;-1192;5745;-5319;1632;9243;-12190;-4070;-6802;1419;11265;-220;12416;10304;-2875;7128;-9723;1787;-747;-4784;4433;690;14920;4983;4423;12217;-9269;6234;-4115;-541;-6879;10594;-11622;639;-18564;1412;-5406;-8845;9019;2361;647;5208;-1983;246;701;10856;7705;2003;-5665;5674;-3844;-415;16974;-9159;10287;10626;-12448;3368;-96;-248;6093;-4542;5769;11261;-1799;17290;-2418;2266;8933
9877;-8599;6013;6705;-10859;13205;10180;-14380;-4520;-618;446;7354;2669;-8912;-12020;3056;6509;7033;-22930;-376;-2646;-15166;-6133;-2359;2303;-4633;4142;1107;1946;-4813;-4431;2143;10944;-4162;-6429;3848;9842;-1950;11380;-541;-9852;9031;-4055;-13150;-1123;4069;94;-3186;-11990;-14887;-5530;-5109;-3609;-17465;-2033;689;2153;-5678;-10946;-16417;13709;15031;2589;1905;5248;4192;9166;14644;-3610;3687;6871;-22007;13924;5899;-6658;-2026;-8971;607;-5299;-3913;1165;-11613;-4246;-6563;-13950;14773;-8098;-4741;7036;-5310;-3995;85;-1907;16156;12748;-1803;2778;-5813;-3389;4034
-4482;2020;-11845;-14381;6959;2341;-2022;-3426;-10135;13582;6642;8520;-13127;855;-900;-1926;-13791;7056;-8049;-1510;3491;-12395;-1022;-15005;2804;-4971;-1112;6928;3031;-1885;2114;3208;13719;-581;-1318;6883;17079;-2195;-14072;-5303;9662;1257;11944;4734;-11331;-5506;-15109;8919;-2744;-3607;4297;3996;-7335;2288;2131;-2566;-1135;10624;-12734;718;-14734;1847;1436;-1592;10817;-13771;-2931;4299;-1216;-903;1290;5154;1059;-845;-9790;-188;-7555;-3336;437;15779;-7619;14998;-19757;2151;6662;-15332;7772;2938;-7096;-2640;13387;-4365;-8298;-11467;927;-5788;4740;7262;-6654;-12791
1792;5412;-5410;8079;-3216;4149;13517;-1776;-12115;9200;4547;7931;595;-2496;-16659;1557;13986;-5286;707;-4791;-7372;5308;-1836;8217;-750;1646;5827;10110;-11241;-3095;1639;-1548;3727;351;-3988;778;-12996;3288;3384;238;-22;6068;-7218;2787;-7005;3228;1270;-10190;-12678;962;-11959;-241;-2123;-3138;2165;1155;11943;6680;3192;4139;14657;-20050;-3103;19334;-5329;-3751;-798;-4437;-356;-18448;-12290;17979;-2286;-9879;2869;9351;9753;1996;9586;6924;-11056;4706;6164;-1820;3032;-8715;8784;-3483;3647;-4294;-14524;1470;2561;-8239;-4118;-6386;-1953;2270;-811;3637
-4365;-165;-8389;-3947;-6603;-15837;1370;-6675;-5701;9738;-4105;2361;1923;-1595;3953;4026;-982;6419;7773;99;8656;5526;-10908;-12491;3441;18923;-647;-1617;-7208;16906;-2062;299;5112;-1919;1280;-4863;3623;6920;-1660;6844;-2696;-16590;-14467;-6265;-17190;-116;-9083;5184;-3271;18219;1177;5571;7456;2644;10897;573;8332;-17048;5906;-11901;3552;6207;711;-8914;1126;3147;1169;67;7813;-10639;-8948;-5611;-6947;-1774;814;-12056;-3974;8254;-12518;-7035;3013;4055;7587;-790;-3214;21591;-13543;11681;9834;-3524;-1225;-7782;-474;17400;11306;11940;-8598;-14510;-14397;5385
-1073;1852;-8714;14860;3370;2924;13396;-1646;-8836;-15686;3615;-17176;8838;-17937;-16365;11381;8550;-5340;4389;9138;9997;-12641;-805;10529;5039;-15308;-5885;3850;-9085;5921;-13147;-13061;13359;20645;-9868;2940;20770;-7799;4582;-5986;5311;4503;-560;13139;5207;5166;8822;9207;8335;8919;3074;-1328;-3597;2226;-10090;4862;15265;9584;2360;-3860;4569;-3261;5762;-18402;-7960;10900;-5860;10231;4747;-4251;1634;12511;-14496;928;6335;13654;3869;2806;4148;9543;-4571;17891;-3184;2018;-16714;-6833;2275;-8755;1910;-5398;4118;9087;11170;-1912;-6906;-6946;8227;5393;-2574;3002
-1134;2038;1893;-13337;3434;3548;1544;-10045;9502;-3691;-5842;-10348;2908;-4905;4311;-3037;5378;606;-3665;-11891;-2312;-675;658;-3871;-6943;-4182;337;-3542;13165;11601;-259;10749;-2206;-1882;4932;-3144;-3945;-2258;-798;3532;10160;-11344;-11663;4956;3846;3301;-5572;-10341;9039;-1094;9001;7832;3388;-13184;2155;-13037;6424;945;-4007;-19695;921;5446;7761;4210;-2483;-2263;-765;6011;18606;-3559;-7596;2886;-6519;401;10833;4379;1478;13587;-2010;-7753;-5014;14919;1031;7955;12241;13213;-10204;-4138;19047;2499;9554;-7473;4651;10452;-9395;2950;-11435;8919;-2441;-9170
3454;1222;-2320;13988;-1727;-11719;-13783;10494;-1716;7560;974;98;4158;-12708;10959;7129;4067;9524;-10019;-5365;14512;-6828;-4559;1522;6897;12452;-4897;-3457;-10508;7514;-5074;4848;11619;911;-10403;-79;-5385;-2484;6278;-4943;-1172;490;9045;-8066;-15505;3610;6800;5331;-12038;13317;2778;5408;10405;2444;12273;2088;9765;-3913;2766;4834;-20924;1239;-2683;13137;4740;-10651;19396;17649;4164;-2043;5221;-13997;3851;3845;1177;843;-5557;-3827;12338;-6498;-6269;13109;-14666;15473;15778;9293;-2359;7819;2493;-6612;7892;-8883;-17911;19514;15103;-4414;-7074;-7940;-13901;-240
-7268;5756;-14776;16122;-4664;17287;6534;9451;-2875;493;1379;-4275;3175;-4643;-10348;-9205;-676;480;13422;-1389;-1735;-8330;8014;-5561;14941;-18045;3220;14056;-3042;-12209;-80;-1795;5474;-6223;-82;-2161;292;-6487;-10127;-11962;-8766;3415;20765;7064;10817;4261;17082;8748;1875;-2350;3967;6192;13243;857;-8228;7366;-4223;-11794;-2904;4051;7630;-3250;-7446;-13935;18183;-7738;13835;5602;-8444;16469;-5737;-21205;4483;16970;-3387;-4037;-7246;-4472;-12809;-22381;2209;-3822;-4277;9988;-8958;-4326;-2366;3879;-3745;11816;3603;123;-13828;7131;8530;14294;8671;-12390;-12916;-1875
11866;1005;-25422;-7931;2583;6123;1047;-12143;-1011;26197;4854;6579;4426;16867;27417;2320;-9860;157;-13603;-6942;-6849;13791;5643;-2571;-1294;4777;7189;4280;-4188;7123;-1048;789;3521;-5076;2234;8978;-8224;777;3291;4652;6808;-5512;-3557;3371;-4344;6742;-6782;-5252;-2126;-6079;8882;11875;7632;-10172;5658;2535;10228;-9940;11218;-9606;6646;10950;-16197;3233;7602;-4240;12985;737;11631;-1568;-2110;10975;9977;8835;25874;16013;-8864;-17189;1461;-1951;14976;-2831;9317;20176;-17735;817;3122;-2420;-2147;-6504;4199;-1592;-4633;7362;6013;9456;-17211;-11332;-7805;-2665
-2383;-2893;14579;5249;-2833;-8871;4800;-1414;4100;1643;-7498;19242;4412;-1584;-4246;-3053;-509;-3076;-1514;-1077;-15270;-8793;3944;-5348;-5329;3869;-541;-8149;-1652;-1653;2765;4925;-4119;7242;-4384;-3282;13115;7613;11925;-7149;-6108;5483;12130;-4102;-1234;-26145;-5028;771;2254;-14075;-7633;-8599;-11286;6051;2867;4773;-4253;6234;6220;-13627;6709;12665;4438;14313;8512;1121;-12702;-5469;5353;-1160;3438;1819;-9856;-3979;-7702;-2934;-4980;13978;-14681;1416;7479;-10353;-2659;-1502;8113;-3371;1974;7579;-3179;-2916;-5505;-4334;-10684;7086;-11878;-8919;8846;-5374;5358;-695
-3123;-2141;-4503;-19596;2186;-6799;397;-13662;2977;271;-728;10069;-1735;5057;-9986;-5571;-8855;2329;2923;3820;-4301;10285;-8435;-1916;-2259;-10180;1907;7150;-3311;-4567;3496;-7993;7603;-6330;-1205;14669;11926;6913;766;-4168;-10482;-4428;12807;-3324;2174;-9929;5954;-2930;7482;-11145;5210;4918;-3500;950;-1736;-6217;-5792;-6701;-5112;-8810;9110;-183;-9075;-9117;645;-14387;-14847;4021;13293;-8107;7355;3185;25633;-9642;-3589;-9836;-12482;6283;-5693;-9252;6904;-12486;-9731;-3495;-9839;-12529;-647;-11208;-6474;7652;6673;283;6759;-2156;2248;4727;15154;-3157;1302;12962
-2478;630;-3203;7692;411;499;-12070;9440;-3419;-1032;-7276;-8333;-9396;11240;1173;-4357;-4173;346;-5781;2632;3671;-6769;4924;-6183;7784;2752;-2552;-12822;11090;3254;3875;-14234;-6623;-962;10506;7548;-93;-1264;-862;7617;395;777;15322;4435;-6017;-1907;-6809;-3237;-10288;-13931;-2042;1777;17534;-990;-5129;2424;-3198;8753;-23600;4750;-13741;10209;-2197;2222;4383;13714;-2253;-15342;-12718;-6041;1797;1405;9464;-6104;4330;352;-2024;-22300;-5164;-3965;8757;-1084;-24605;-8116;-5604;-4336;7646;-11434;-4904;7178;9469;6225;29082;-244;-4296;5120;-4680;-1640;-72;1906
-5527;2995;-2878;-16459;18306;14228;11678;-3024;-4692;-5662;-4544;-5404;-4311;1181;-1108;4474;6506;10303;-937;3337;-1230;3828;-14233;1546;-5009;-13456;-7537;2308;10702;6790;4937;-1640;18619;-5647;990;8477;10293;-342;5919;-8774;-10683;-6235;-3957;-2340;-2975;-8686;1606;-4533;7952;-1176;-3202;4541;-4267;2578;6095;2081;4765;-5803;5430;-7585;5698;3514;-8165;-9419;8143;-877;7636;-10913;319;8157;-6170;-2461;4887;4860;1997;-2220;-6105;-2641;2977;-10050;2148;8918;-15977;3023;2450;15638;-18088;1326;-3645;-1055;6371;3329;-6296;4603;-13708;7814;-3178;-9524;-380;-190
-22258;833;-11083;-7157;-2471;-7108;-6996;-7443;2989;-719;8338;-10013;-2644;-5839;3135;9304;-4164;-7294;1527;664;-14444;4484;-12537;303;-8902;15110;-1702;4745;836;-10165;-737;2097;100;-528;1127;-4883;-6797;5101;-6432;-8366;2426;-13362;6114;4136;6091;1408;745;-5224;21940;12973;8660;1613;-9854;4997;-4775;-2649;-3631;-4366;-2485;-12645;13493;-5984;4518;2099;4180;-23111;-572;1107;-6972;-13159;3980;-8787;7837;-4937;-8316;-979;3675;22649;-1935;2310;2231;448;-4238;-24255;-2354;1471;7960;10232;-12598;-8683;-2427;-9554;-6139;4234;-4638;-3469;10879;13875;-4031;-12357
607;-9495;-4263;-2955;4484;-673;-863;21656;-7822;-662;374;8482;-1396;146;-6927;110;7955;1226;-7311;-16966;7955;8291;5196;-1228;14316;10500;12967;-3520;1472;9032;10489;-12207;-22574;-1961;17596;-1083;-1700;1176;-16358;12095;6283;-2506;-2968;12404;7836;-141;8477;11785;-4739;-8546;-19989;-1258;-534;-6447;-8122;-10387;-8722;-111;546;-18399;-10967;-14568;5869;16408;1544;4962;8361;-17444;-10850;9462;-428;1357;-5554;-2284;4729;-6861;7404;-4059;-6535;21324;2246;-2213;3670;8630;-3488;-1908;3638;-24948;-10711;-1297;-7851;-2290;7347;10130;2267;13243;10481;17369;-2778;-18035
-9969;-4536;11635;6104;-710;816;-6014;-27992;-4697;-13876;-467;-3914;-854;18690;6885;-2213;126;6177;19390;-16642;-2991;-2582;4006;-7440;7409;-8217;6701;9152;7121;-4897;5586;-3022;13002;5915;-2609;4716;-20358;-3882;-2297;-4832;1208;-603;8753;-19289;-15628;3238;18802;-6811;-6027;-4985;6104;-435;2647;-3824;11319;4659;21045;-1304;6939;17267;-18505;5499;-1937;3097;-8126;3905;-5105;-386;1074;-1737;13400;-4926;9536;-4701;-964;-6159;-4397;-2470;5113;-11231;-3264;-4376;-4527;-503;-1373;8424;5075;8452;4095;15686;10175;-8702;-2914;-7540;-2511;1784;-6416;917;-19318;17800
2708;11322;-7595;2562;-6105;-42;-4720;16234;-10382;-3470;1981;2320;3338;329;816;3392;16669;6177;18845;12909;-993;25239;-16935;8313;11970;13630;-6245;-4483;2122;10954;9627;-12162;5444;-1162;3406;-3821;-2426;11021;4860;-275;1791;-512;-7188;9316;-1487;849;13608;-3463;2185;5918;-2546;-8127;5545;-4063;23648;-1813;6311;13705;-9383;16698;-12161;4648;-8480;-12933;7770;-17416;-2360;-18255;-1652;7138;-3616;-5694;2664;-7889;-5582;5626;7202;-9171;6343;753;-11035;528;-3359;2308;3760;3872;-3727;-10933;628;-6449;18596;458;-16325;15355;-2040;6076;5279;-5021;-12189;11383
9779;-172;21128;-4544;-13281;1422;-3512;2928;273;-124;-138;4395;-6645;6335;-2574;-10789;10508;2679;848;4736;-3889;-2884;-10349;-11641;-1502;-4089;10248;5848;-3155;2366;-1081;-2762;-7399;-1557;4925;-4615;-3867;-2637;-8337;898;-4475;6456;-9673;32;9576;1611;6673;-8640;-2408;1005;-449;-8087;-1671;333;-3668;2865;6541;-554;-8787;-2578;10691;-25599;8877;3397;-12535;-2905;-1213;-9629;-11445;-4326;1382;5197;7624;-5904;-5721;-6647;-4244;10518;-5144;297;4883;200;6126;-15119;1383;-912;10485;-2246;8898;-2319;-21301;-6264;10460;-14548;3934;-461;11080;-2014;12685;-1835
-8258;-15281;7984;5200;-6336;2682;-250;6468;2345;-2318;-3255;-565;1801;-810;-4397;5593;5539;-7293;-4225;3089;-4583;-5688;-4655;17323;2682;5722;-18832;-13559;347;2243;4061;1122;-1965;5266;-12751;3327;3300;8606;9248;5304;-1222;-2886;-9202;3689;-740;7491;5331;-1163;1015;-8210;2818;-6804;2051;-6035;1645;4900;12470;12772;6893;3823;2905;25;21378;7533;-4963;26283;-4949;-24884;-7260;-9471;-8315;-3204;-3301;-1772;-7504;-7857;5864;8609;6696;-10040;-7789;-3753;750;-6465;3138;8680;6269;10867;-7590;-15333;-11751;20829;9608;70;3112;2;-14137;7407;-13757;10546
3838;3225;-3578;118;-10137;-2765;4374;-19210;-3079;11448;-6052;20597;5540;12897;19478;-11613;-1544;5667;-3059;-6010;-941;16956;5934;-8326;-5311;10564;1993;7500;-16160;11296;6100;16378;981;3939;-4996;-6167;-3229;39;3675;23205;1880;-3971;-17237;-3661;-297;4822;-1631;4445;8037;-6970;7959;-5310;4187;-3551;-4600;-3474;-929;-14149;-3771;986;11896;-9991;8366;11620;10851;5476;7239;1876;16560;-16565;4242;9249;5157;2809;6104;4649;-7705;-8396;8593;6320;9377;-17067;7681;2593;-9537;-465;17334;-4482;4500;-1022;-4725;-9452;-3570;14363;6349;576;-15620;-6686;-6576;7755
2688;6287;-10357;-12897;3665;-155;7401;2411;-8106;3941;8655;6440;-3749;-2467;-6120;1869;-764;-3728;7241;-1768;-3430;-2900;-2789;-933;-11702;-6467;-654;7122;-482;-1932;6233;976;261;-19426;-4826;2718;-8607;-3180;-3783;-4667;2790;-1674;-8775;-1964;-4707;-10367;-4584;-2654;-10196;8843;-2060;14786;-10662;-2443;7307;-10186;-7264;5911;-4904;5443;16652;-7474;-7659;643;-2354;9870;2588;5426;2926;-1232;-6111;-948;-1744;-16404;-11189;-10895;11446;-8051;5996;4617;5023;4926;5772;-12649;-10798;-5238;-9414;8484;-1388;3389;8704;14556;13061;-4927;4328;-805;-9786;18536;1206;20939
12050;-2183;-1882;-2890;-3261;-4302;7910;-3966;-8898;5630;5558;-2301;5207;-16349;-2697;-12072;19493;911;-5706;3562;-1702;2566;-6269;2376;8557;492;9677;3405;-5521;7163;-1617;-8069;397;-907;2143;7531;6161;11506;-11058;-7959;2468;-11490;37;-7830;-2932;4404;1771;-3755;-1150;-1948;15144;-4303;7678;-8921;9872;840;6012;-5580;-3746;-12499;-3785;-14531;4669;7949;5607;-17239;10991;-1276;-7478;5552;-12925;-4765;11520;8943;2937;962;7261;-5658;-410;68;-5522;10586;-8886;528;639;8770;-9042;-3443;10224;-8174;-2116;-12584;-1268;10668;672;-8777;6442;5143;-10083;-5188
-1850;-14828;8524;9280;-7792;4308;869;9770;-7462;11633;6945;13271;2187;12010;16585;6138;499;-10526;13680;-13222;855;4270;-642;13932;-4299;10799;3926;7311;312;-20234;-8079;-6989;1707;926;5807;-2489;-13662;6430;4188;3963;-7821;4271;4615;-21966;-3365;-15412;-2569;-4523;1836;7000;-1647;-6532;-8792;998;5802;594;5216;-11720;10916;5965;2550;12341;11502;13667;-494;-8851;12499;-4148;-8449;7920;4128;5005;-11786;-673;-7767;-1911;6682;4706;9102;4016;17451;10967;13155;-20287;-5164;11771;4968;-6991;-12949;-7698;-8376;-18377;15399;9322;-15647;-1497;-8063;-3412;4605;-8651
-4476;3438;-12778;4497;-313;-220;11069;-15429;3933;9379;3051;-9191;-4281;-7905;4471;2671;-8202;1410;-11491;-10191;-7609;-10695;3325;-17794;-4072;12975;478;-6156;-6577;7636;-7943;1157;59;-148;3499;1860;-1984;-12275;1199;3803;7934;-14959;-2806;-12973;-8978;8626;-10624;-995;-3847;-3408;-13467;13182;4696;-360;4406;-9367;-4202;-1634;-10452;-11941;-6027;-6550;705;-5793;2201;-3868;6115;5869;-2710;-15265;-12264;-8515;7250;-1859;15449;-9559;-17468;6664;-1499;-15595;10958;269;-8679;5208;-2389;7268;10143;4038;4398;4730;3116;-6929;2876;-1896;6677;7301;-17131;-5905;-7176;-5885
8829;-1472;5440;12906;-801;-566;5656;-10;3476;6250;-16524;-12476;9116;-3845;1186;2119;12591;2388;-8695;2305;6300;1160;-262;13498;994;-4845;-10967;-1460;9340;1602;2785;-6925;-1228;11704;-7150;1253;-14142;-9128;11278;-4287;-2195;5495;-9541;2062;-2178;-6592;2726;5019;-8066;2952;-6338;15036;2250;6622;11346;-12516;7309;5861;-7449;-8230;-13844;-855;-1534;-12399;-5152;13878;-2705;5413;-9659;-5597;-242;-7326;696;-2730;16989;9849;6581;4115;4987;-4053;17157;12792;10289;6850;6675;15798;-14042;-284;14030;-12570;18823;-4025;3118;5990;-2215;-974;-12449;2359;-5941;-7825
-3614;-5288;9487;17088;12410;-30;-3503;-2453;8317;-6669;6188;-9351;19730;-6983;246;-32;759;-2222;7192;130;-3729;-8609;6961;7341;12652;8366;1986;14806;-8143;-17544;-1619;-6916;-15983;-1826;-3573;2244;3159;-4065;-3309;1954;-1022;466;-311;-9342;-8419;4267;1217;-2315;237;-6043;17786;95;-2226;-67;-6130;15809;-15341;-8466;-9754;3741;-3354;1793;17439;1497;-4089;-9402;10468;-9696;-7796;-8116;1234;11221;72;1368;5667;140;11896;5912;-18803;555;-4302;-2687;-1539;-12907;1121;-2198;3133;18792;-3963;17998;-21462;3665;6221;4478;-8423;-1434;-3549;848;-12560;6402
-10324;-3417;-5624;-1561;3323;1568;-5853;8409;20495;-1062;20681;-9161;13765;1643;10677;10173;-9221;-6388;-5338;-5777;1300;1877;6165;5224;9440;13563;2392;481;-309;5300;-3572;36;-12066;3722;9503;4552;12041;-2696;8650;-3190;1226;8626;-827;11954;5547;7684;-7095;3444;-1336;-5609;-2576;-1262;3975;6997;7499;3237;-368;-3280;-1595;-1233;-10885;8884;11564;-6810;-1004;-15185;3870;2887;15598;-3127;4504;5622;5488;-3619;3928;14101;3548;-5517;-4060;9179;-3244;-6202;-3818;4494;-5731;7940;11535;-9832;-10428;4220;-7584;7116;552;-1627;8505;-247;7145;4492;-8035;4728
-3175;15411;-989;10181;839;18959;3452;503;-3424;6981;-6733;9150;-1379;2241;-4096;-16825;3804;-7805;9865;-9140;70;-2429;4639;-8824;1706;-3868;7442;9482;2627;2877;11669;10881;-4433;5186;-2827;-6540;-11421;-675;9067;1956;3595;6984;5790;-2112;-7263;-210;487;-18687;-4912;-12628;5779;-271;8264;-8913;-6094;-7880;3779;-9228;4397;4258;-8415;7169;-3498;9761;-11478;4814;8533;-11135;15697;8647;7285;-213;-3331;-614;14690;1262;995;-9195;-10908;-17605;-6335;225;-1155;11999;-10251;-1295;-10969;14924;-1751;-553;6739;-2831;-4617;-1962;-15901;2828;-12087;-3568;-1250;16472
14937;402;17027;5420;2369;708;-12312;-5781;-10460;-7884;5113;-19215;-607;-3987;-204;-1703;2149;4081;2293;12582;-11855;-13010;2598;-13507;-10648;1581;6068;-4738;11119;-7306;-4471;-7353;-3289;8414;-23;-16592;-4686;-4994;-4218;8091;19232;13169;-2311;-10296;-2922;-7551;-5274;-19650;-6415;-20874;3939;6492;19;-5488;2979;3475;3033;-7112;-14623;185;8267;-4143;14216;14969;-2857;18404;-2997;-10238;-16378;-11772;-5520;10392;9087;-12446;-625;-9543;15328;-8215;8738;7928;-8261;-5277;-11785;-22195;11676;2935;4578;11254;-9473;10612;-14943;8408;15434;452;-9945;-13609;-4437;9544;10170;4056
9045;-2296;2629;13824;-5961;1899;5271;-15360;7619;-2423;-17508;4424;9898;6212;1305;-7804;-11269;7908;20412;9600;2719;-3476;1561;3690;1937;-8440;841;5329;2578;-9991;369;-5861;18207;-6547;-8282;-337;1271;-4625;-8829;16755;1348;-8774;-396;-14318;-15029;4522;-825;2687;-7695;-3342;6147;2648;-3045;-12139;30;-4716;-3337;-1091;-6877;10986;791;8709;-15175;-1757;3317;10308;5194;7357;5199;5975;511;-7316;-17956;7362;6635;-8174;-9925;-430;6614;-3215;1107;1483;10923;7334;-1798;-5332;-11696;11065;22027;12427;-3644;6666;6010;1520;13386;-2166;-8501;-8685;-8932;7141
-908;4051;4134;7406;-5477;-3616;-4938;12665;-1108;6098;1258;-4707;-334;5054;-637;-8446;790;-15673;10247;-13043;3247;-10562;23477;-5878;623;-10722;1658;1665;-4361;1971;-1656;-10519;5588;3847;-10240;-5061;2896;1447;1842;4839;4095;-15011;20998;-5160;-5671;16121;5253;-8701;-7436;944;19227;7908;10018;-4580;1565;6164;11093;-7597;-4060;8149;-1392;4359;-16398;-4840;3529;20555;6458;-1224;-7247;3902;4563;22418;-13994;16604;7761;13735;-6683;-5225;12;24;2478;-300;3410;11959;-14221;-12866;1952;-4814;709;-682;-6982;3667;16340;-5916;-3421;-9738;143;-7902;-10201;-7161
-8572;3526;-13647;-2720;21123;-2045;-1991;-506;-18987;6462;-589;-1065;20517;2633;4216;324;6410;-192;5649;-3393;-8601;-7849;2229;3596;10019;-3270;-11655;12077;-12554;-11577;4459;-10099;9774;-5874;-10741;9476;-3655;-2529;-14245;-16854;-413;-8484;7080;16735;-2841;2187;-13343;-7392;-19152;14948;-16041;2388;24884;-3784;4654;-3232;7039;-12944;-5078;-529;10437;-10034;19980;8688;11696;-9907;5470;-6910;8966;-2356;-4533;15831;4969;14460;-1214;2816;-5592;-50;4154;6855;817;16236;-3713;8113;185;11396;-10278;2126;-12404;9873;-5818;-5088;-3823;-8374;7483;7014;-3876;1452;-2400;-4623
3382;-2561;-2548;-4950;1200;10836;9467;-1648;9255;-10099;-3076;14840;6907;-5112;10208;-244;-12186;-16824;3676;-3880;-1770;-912;8082;7562;-2414;-12389;-12148;8315;7232;16147;-302;6679;750;-932;-2011;8678;9726;573;11095;-4984;796;-2566;-14246;-1749;-8253;-12778;-670;2275;4059;-3664;6827;4139;-11413;-2915;3543;-1878;-3061;10880;8641;-6648;-2777;6059;3685;1117;12393;-3011;-5278;-164;4742;9691;-5173;8503;-12022;-101;5221;10095;-3201;15984;531;870;-3110;-15618;-7237;-4840;705;-12598;-1712;-10782;5958;2947;-2392;-1385;-6071;-1695;-1340;-706;-225;3894;-8832;5365
-14531;3928;3760;-8352;5424;1325;-12212;-10412;-2029;1723;13273;-12312;7155;-9855;8801;-3621;-13609;-3694;7568;3296;-12452;9133;7080;3281;3212;1137;-5076;-2718;20332;-7926;5687;-2068;-2987;-4695;-442;-3958;-1859;-3613;-7579;-4393;1893;-9730;4023;7093;5099;-2099;-13313;3211;9907;9931;5692;7092;-8653;2122;-13870;-9935;3022;-3235;-5464;-7979;7699;-9364;13894;-8711;3126;-9457;4032;-14504;-5850;316;9919;6618;1069;-1749;3362;8255;3269;20307;-7814;5839;8277;-1379;18234;5533;-14108;3034;3706;5375;6891;4200;91;-9146;2023;-20043;-1910;-6535;-3584;10613;11383;-11244
-1846;8450;1452;1532;-2088;8382;-9562;-1417;-6107;11436;-1333;-1790;576;12801;15206;4194;-13326;9216;-9469;-1739;-8836;14680;-876;-3215;17710;4010;4837;7744;2320;-6570;-19254;-9856;2950;-10433;6345;3565;-8801;-6487;-3830;1446;1587;-3008;-3190;-3811;4349;-11486;-970;5727;-13352;-7485;7672;-5134;10884;-10369;-10424;-3603;8481;4723;4208;-6322;-5719;8543;15278;5240;-545;-13768;-3172;-13670;10195;9736;5865;-10878;-73;10833;8577;2999;-1777;-237;-9300;6150;295;8762;10264;11240;1981;9132;-3626;1903;-2502;6126;-7300;-5521;-4777;2419;10597;3658;1821;-5582;6709;-5277
5929;-10808;8047;-14176;-6266;-326;-10445;1536;-9187;2043;2706;14780;-8396;17146;2425;-4627;6313;9130;-3711;-3974;5572;5375;-9717;1120;703;4707;-7471;-1467;-8630;11233;7996;15586;10369;-4876;3917;11894;626;405;7942;4383;10373;3274;3714;-5704;1819;-5468;-1039;-1607;-2317;-12533;-5020;-438;-10302;-5205;2859;-8858;7060;11991;-61;-7915;-9513;10669;-8435;2263;-6362;1106;-5545;1404;12309;2677;13066;5875;345;2848;3626;-5043;-1865;-8720;2175;14370;-19060;-9934;-10261;2518;-6306;-5086;13196;-6689;-1645;-2324;8346;4608;-9651;3265;14072;1675;2447;-224;-11028;14315
-4865;11724;-9924;13589;11371;-619;-3420;-5514;-2427;-13790;-24215;-19116;-5340;3855;-15495;7013;7190;-14966;-6754;14782;7162;-9272;-1641;-8356;723;3612;9221;8708;-1135;-7414;-11693;-12356;-14652;2158;-5943;933;-1383;-13672;3423;-3554;-14836;918;-12153;-5599;1414;-13070;-6425;-5121;1094;7037;6027;4804;8812;-3123;-12948;9239;334;-5108;8436;-2568;-2249;-14658;14818;-7068;-10220;-5369;4183;-199;-28034;-7431;-2020;-13598;-3841;-6510;10852;5672;-16155;-12667;-9411;-2928;1835;8288;2227;-7460;-9257;8396;5526;2586;-2865;-7944;6782;-365;1082;-10245;-7431;-2281;847;-2212;11205;1265
4498;-15575;17511;-14419;-3815;2369;5356;-2586;-6985;13681;-4888;6541;9965;11319;11185;-8512;-8041;-4323;908;-273;6394;1676;6334;10397;5791;-4339;-2789;-2810;-1189;5179;-707;-16086;-5390;6230;8642;2535;-6758;-9597;-6024;1015;-12613;-4617;-233;1235;-843;-15249;3399;-2271;-10757;14058;901;-9540;-4314;1829;9262;-10789;-870;-1608;-6043;-1468;3602;2096;15221;2619;-4989;-2071;-8101;-5600;-92;2120;5015;6498;19597;4023;-482;-2561;-3321;2329;14110;13597;-5448;-9751;16945;-313;10186;-21138;7796;14934;-5348;15833;4772;-4298;1867;-1672;11632;750;-10023;-10710;-11212;11919
-19768;-8696;7262;-6977;-2656;3606;2923;2953;3329;-10188;9014;11033;1544;-17757;-4244;16490;-11977;12734;5542;-15244;-209;7833;591;18309;-17269;938;-8112;2844;3002;1902;7860;-1635;8735;-4730;654;-13080;16231;-4319;6810;-2321;-7747;-2504;-1404;8084;7970;-8059;3756;-4984;14301;17288;4481;11130;-9290;10528;6126;-7171;9303;510;-3323;-4994;23582;6642;2927;-11656;-4674;-2250;5680;3409;-1926;-6177;1344;9857;-4186;1522;-15854;-5724;6911;5051;-3847;-7298;4022;-8288;13287;537;-10040;-14407;4344;2756;-4698;14428;-1916;1700;-489;-21092;4609;-3375;-4331;3123;-8130;-8438
-10463;7604;-2925;-6766;6154;5742;-11506;1794;15043;6892;12253;-2842;-8633;12680;5064;-10129;-9036;1311;1614;-7736;-550;4836;6207;4360;11855;8074;4156;-22203;6769;-3253;8335;3607;621;-15230;4206;440;9472;-5260;4332;457;-2884;-6396;-5770;-7114;-7789;4420;5597;6221;-5226;-6109;-8974;11690;3292;-212;-2990;2694;-7627;9212;295;7739;-6316;-5247;-9086;-1608;22212;13322;-3207;15383;-485;-1313;-7792;-1019;15490;15648;-3120;-6141;-9854;-18579;24075;4320;7159;559;5029;1155;4890;9360;-6527;1197;15327;-1006;-939;4490;10562;-17;-2183;9850;-5761;-18307;10980;2280
-12383;-310;-54;5237;-5738;-5396;18507;-869;748;-3240;-2011;-1679;-7785;2060;178;9698;9076;-575;-411;-19266;-1874;-6956;3886;-12843;8227;8078;15266;14357;-2130;-4259;-12885;2445;2734;-1736;9127;-6671;-5091;-3753;-5918;-2032;10928;-7366;8794;-259;-510;12729;899;12016;6078;2481;-5795;-2425;-7079;-13252;5564;11205;1247;7977;9339;-2591;14422;-807;-14446;-7449;3140;6468;2736;24490;-12017;21306;3164;-17908;9144;10730;-3891;1436;-5041;2010;3944;-7062;3892;3088;13834;-12470;-5687;6679;-755;-144;-1393;2970;10743;-9662;327;16481;2322;-7651;4744;-14153;-8383;-13187
2012;-13661;15367;3056;-4942;1518;-3965;-18782;-1049;-2845;15619;-9806;-1867;-5976;-717;2422;4375;10739;-161;21153;3293;-4557;-8242;17218;-4767;3256;2654;-15908;180;-6341;-2383;-2000;9315;6092;-13219;-1330;3202;-2345;6391;1653;2086;4783;-5012;-5449;9929;9213;3863;-5738;6535;-6857;-5323;14066;-3816;8400;-176;4581;3758;1357;5768;-490;-7487;-2438;4308;9687;-12016;6013;3170;11688;-2263;158;14304;1219;-3113;4959;-95;1468;-5634;-5789;-1362;6132;9639;-733;4427;11162;-11635;9630;-3588;3108;13145;-12738;7117;1224;-449;3555;11977;-17683;-5572;-603;4287;12930
-8339;2974;-2274;5505;12130;-14113;7802;-1305;8309;-3648;-11470;-14101;231;-6184;7161;-1172;11159;9668;-7655;-468;2243;-4590;10316;11115;8725;-77;-2365;-1216;192;-8448;-2469;3135;3888;-12997;-9327;3353;-10873;188;23463;3222;472;9507;23422;-10290;-9041;-5964;-3290;-13367;6752;6274;4093;7429;-3558;-9404;2103;7958;5245;4553;5938;-6367;-585;19106;934;-795;-14885;-2469;5547;14453;-4742;-18767;-4922;1295;5636;189;8731;53;-326;-16154;5147;-4339;-8433;5481;-8058;6033;1135;4875;-8545;-3091;16233;-10459;15713;-264;10068;905;-7390;-7473;2606;-1192;-6652;5223
13466;-587;-2213;4235;-1416;14841;639;-2030;7657;524;7728;-3753;-9996;-12688;6820;3366;-11671;-448;7566;3591;-6163;-14759;8594;2515;-13157;-4107;-8090;13383;7465;-12177;-9736;3182;1663;8534;9763;-3148;823;7880;-5099;-3030;5519;-6017;-2542;1569;-8364;3222;-11123;4263;3948;3808;8463;5896;-1650;-440;-4471;905;-7263;1143;-2246;7229;6955;1488;-1151;-6768;3091;10896;5682;10959;-5597;-101;-8772;2175;-1971;1956;-1352;-9282;-3318;13529;5713;5453;4671;1331;-1022;-17871;7388;-1303;-4855;7835;745;13653;-12698;-2688;8882;-6718;7085;13384;-11328;2943;-4483;-15044
-3791;11118;-11449;10733;3236;-12750;-10398;27548;768;7045;3632;-3234;-9643;-16161;-10481;4648;-472;-6286;53;-6;-4188;-17987;-340;-2467;-354;-416;-6222;-1490;-7676;4793;-6137;-15779;-5327;6132;2098;11141;2000;2304;12586;-6631;-10274;-3550;26;4778;-6756;3741;-11972;-11807;1532;15857;1552;5883;2607;8421;4517;-6447;-12491;-6078;4078;-6844;-3094;10021;1697;-22531;-3034;2715;-5792;-4281;5123;-15657;-15752;8860;-721;810;10107;-5304;16550;2463;7689;-5764;-10747;1703;-7360;8084;15630;2982;-12556;-4731;-609;-1688;3947;6647;5658;-5531;-2366;-9527;2019;-6464;10567;-8195
1831;1048;-9024;282;7726;-5509;11396;-2028;-10469;2857;-4804;-6385;-5088;-16265;-9995;2162;16192;10039;-7578;11489;5687;-501;-17075;-10873;375;-14842;10403;203;-7680;4401;-5986;-8719;8460;-9668;-3423;3142;1036;-2367;3784;-14150;-4464;6630;-4928;-7178;10525;-6210;-1956;309;-1075;-3860;534;7485;13316;3771;5076;7566;1927;-11671;-5876;-8122;2317;-6715;7869;-9925;-11719;-4782;-2696;210;-3066;-5691;3593;3127;5195;2385;-10065;-18350;-690;1615;-5195;-5673;-1538;9769;2261;3679;5012;6958;-12968;10396;-5574;-8965;-2994;-1175;-790;5887;11626;1693;3943;-11297;2508;7137
-1890;-20939;21154;-4646;-8940;-4591;3398;-2620;-1417;277;8668;-3204;-4788;-9454;14202;4785;9868;10645;1335;-12286;13593;-1747;-4024;19895;-1375;-1137;-6491;4491;649;-11722;7061;1342;26431;-2341;-9793;4813;-14042;-7375;-12249;-7045;-11418;-9659;12086;-11735;15036;-3124;10875;-296;-4211;4993;-10663;9901;-6711;16011;19484;-15277;4309;-14284;9023;6694;-4624;-4502;4710;-6742;3496;7897;5449;3735;1854;8429;13704;-6984;-12331;-793;-7876;-11716;10797;7364;13240;-960;5236;-13578;7039;1206;-6135;7072;-6889;-1741;2041;-7652;-17922;-8176;-18003;1449;14096;-643;-4195;-7561;-9974;6647
5840;7458;-7197;-9996;-4685;123;-1712;-1377;11346;516;-974;-14306;-6981;-9466;-8340;-5293;-5041;9;10978;18093;-8984;7793;6735;12174;-2166;6164;3766;1286;-1977;-8580;2437;-16573;-252;2173;2627;5746;1897;4700;-7121;5157;-1660;-2231;5365;-5524;7085;-4312;-7221;-22107;2025;4830;-1386;3928;-1071;1879;-1794;8994;-1769;-14096;-6229;1308;14577;5416;6845;7080;7397;-24304;5082;927;2624;621;-17347;809;-223;-6175;5921;-4650;13995;-1221;-1098;-4155;7579;5930;-13645;-2294;-5420;17770;1472;-10712;1142;3282;4058;-9803;-5988;10749;-8382;-3668;-9251;10954;16317;-15744
-10762;-1870;-7071;-3259;5492;614;-3215;2050;5732;3093;14015;2941;-21324;-152;7163;-409;-7078;6734;-9975;-16127;6687;2999;-8241;-14715;-446;-1647;3762;198;-8612;1384;3107;4897;16009;-11529;208;3257;-1248;-7864;2888;2358;-13278;-8674;5964;-13058;3878;6073;4441;-1144;-4392;-7402;-5172;19329;1080;6174;5164;-2251;-11947;-20714;-5559;-6500;-10155;5334;5472;-2663;8372;-1156;6536;1209;6518;-11155;15281;-3579;-6848;-2250;1524;1531;-3884;-5795;5183;-14265;8463;-4501;-6719;6107;-12637;-6439;-103;-4267;1350;-9324;-7072;-1429;-81;11770;14908;13233;-11600;-8798;3424;6673
-3267;-10040;6147;14115;1109;3316;-10126;1287;15017;-4401;4518;1649;13945;8001;11174;3404;-13482;4236;-1057;13886;1804;4484;7691;15456;-2236;9547;-6381;5286;-10832;-4904;-1296;-8484;-4492;14093;-4551;2465;14773;-1796;489;-7541;-1157;2557;7127;10715;8114;1764;17798;-8638;-10913;-1424;10741;5558;420;14314;535;2867;1138;8030;2805;5002;-3902;6376;3843;-2918;2229;-14905;-5476;1940;-8722;9470;1727;-2778;2264;16482;-1162;-719;-7180;2416;-13895;-15495;8043;2431;1179;-69;10584;-873;-6752;13644;-6672;13828;2161;-2727;-12997;5380;-756;2625;8147;-8029;-3639;650
-1532;5390;2126;3112;7144;-15179;-1755;3088;8241;9556;-2486;-1171;9258;5185;-7237;12905;12948;4599;2875;3207;-4379;-5392;4720;9244;-4092;-3880;2175;-2713;3824;-2148;599;4434;1362;2051;-15603;-5252;-1036;-4703;-11267;15757;5282;2821;-8837;15243;19969;-3911;-5818;-1386;6767;-863;-8797;14598;2266;-5190;-12127;19245;1713;-10742;-2970;6107;20180;-17575;-762;7991;1137;29873;7138;4907;1209;-5218;6271;8357;-12870;7764;-2942;-8656;930;-3300;6716;-2539;2157;1308;28550;22078;5704;3921;2488;-4072;-169;-3393;-14971;9116;-2782;8627;-6241;-685;-12930;4115;-2025;-16578
6419;-4171;-17348;-8417;3235;-4304;-7830;-2241;-67;5871;8652;384;6942;-8729;1967;-6192;7211;-1266;2916;18675;-8479;733;-7966;-944;-7825;8854;-4507;-2354;-16536;-6717;1534;-1201;-13938;-166;-9682;1736;3403;2291;3291;-19874;-3035;5990;-1572;144;11023;-2330;5852;-4843;5973;451;4427;2516;2167;6566;4326;-1979;-5176;-13259;-4134;-16;6838;-6363;6598;-14522;6711;-19116;685;817;2333;-12115;-4029;5830;24142;4798;-1009;-9127;-13664;277;1386;-11325;5398;-7697;4823;10966;1510;-2217;-2155;9514;-11068;-7110;-2029;-5222;-11970;11730;-7363;-7558;-3258;-1511;8053;14453
13111;-1396;16423;9677;-17157;11674;-432;1242;8340;1659;12725;-4722;-11088;-6734;3572;5381;10156;-4901;-3746;4811;-9713;-9135;-17716;-4730;-16898;816;2002;-2473;10200;3802;5042;-8943;-2575;6588;1553;-2869;-9087;-6633;14669;-5066;-3323;11797;-4548;-8019;10853;-5618;-5504;-18389;4471;-8398;-21641;6696;-16201;686;5567;2594;-2192;9167;5575;-819;-8319;-6794;-697;-6373;3246;794;236;-4986;-5971;-11317;-2675;1241;-253;-6742;-6347;2491;10887;-12979;3099;3745;3563;-22289;201;-15594;6573;-2640;8185;-4373;11918;-12235;-10458;-852;-4103;2188;-3538;-12411;-2245;-968;4749;-2902
-173;-879;8790;-23225;-6968;6888;17621;-2521;4178;-8329;-4869;11341;-2928;8613;1471;-561;-6209;-15509;-10655;1852;12331;12010;3418;-6162;7520;-1085;6186;20194;5083;-2902;-8724;12963;-10978;-12580;14924;-7225;-3119;6053;-5007;-16136;1766;3893;-12214;-1345;2534;5954;11925;10385;-12035;-7956;-360;-2561;10557;10290;447;-476;7951;-3076;-37;-2765;-4130;-1289;131;4947;1121;721;-7915;4824;-9928;6345;7228;4408;-15967;-1963;3574;1117;-15752;20970;4428;-136;15053;5715;-4389;-8655;62;3655;12877;-815;-15695;2521;-9773;-6683;6166;-3053;7971;-323;-8350;-4162;-2102;-4354
7585;-859;3382;-1405;-9812;-3258;4328;-8360;9241;-106;429;2211;-5102;-284;4586;-11741;-1854;5635;-2084;5852;-7316;-15537;5833;2052;-7756;1761;-8414;6787;-2499;2405;4626;191;4612;11813;3189;-1539;5354;-692;11592;12672;-10199;-3874;-5014;-7988;5885;-1510;-10879;-4642;7157;-16358;-9742;-6396;5567;-2774;11458;13494;-3897;-12634;4551;-7746;19106;-1400;-4064;4100;-2845;9252;6492;4379;-6636;-1444;8108;-6564;13808;-3801;9965;18352;653;-5391;7954;-6146;7806;-21737;-8248;2868;-17796;-3981;7169;-9476;-10107;24334;-10477;-16346;-12584;-678;-1548;-5159;-9645;-4249;-1784;9814
2478;7495;1922;-13413;-4439;-1747;4927;9488;-2769;11856;-5121;-14489;6314;-7695;15752;-12616;17390;9072;4375;-16100;7676;5875;14410;-11957;19375;-274;-4551;5859;-6074;10382;7258;-5336;6463;6682;-2341;8892;-374;-6115;-10782;1666;12022;-9353;3899;-92;-4689;-3845;92;539;15103;-342;10941;2904;8488;-3097;15595;5373;-3245;-19257;5631;-2499;8285;3404;-11190;-4462;12216;-547;-3803;10462;12439;1144;4830;515;7371;823;-4966;-1798;11844;9144;18045;-1851;-2340;-13770;-11096;4217;1801;-3323;2072;-6456;-2838;13000;-212;-5560;-7818;-1969;-6973;2696;653;195;8366;-13119
17269;3877;2035;-7190;1242;-6682;-9736;10840;18972;-23338;6021;8823;9439;9594;-840;6466;-3300;-7106;7989;9864;-2304;-11708;-2255;13819;8191;-6853;-3975;-2538;11815;-2331;12217;-2868;-3546;-2705;2592;-2898;4847;524;-2292;-12209;-10474;23643;-7386;12400;11687;227;720;-3749;4194;41;-2212;6774;-1732;7621;9787;7019;-3159;5112;-8592;13124;-6096;-2403;11084;-25022;-542;-1551;-556;-2137;-6613;2269;13742;1682;3766;-3669;-13965;-6422;12155;-15644;8068;6849;7242;-22110;12193;4924;-1242;7998;1361;-4129;7348;-5099;-4458;21546;-1526;-502;6248;-3157;9653;6250;-6168;4305
-10891;5043;411;-9120;4077;5704;17268;-8280;-10201;-1698;-6699;9239;-10228;1369;1600;-17616;3972;4751;-3536;5381;4614;998;5594;5343;-1389;-13561;-4416;-8054;-7463;838;13484;2174;19721;-6594;3995;2642;-3170;-8872;12002;6842;-9213;-14996;6644;-13118;10082;9825;615;1262;-14013;3105;3327;229;4224;-3534;11433;-5350;999;-4242;-2881;-4211;-492;18591;3052;5875;4898;11098;-6427;-1912;30862;4397;-5729;7164;3746;-1625;-9139;1433;-570;6390;15721;1202;-1500;6771;-8030;17885;-9408;7981;-19410;-8510;-874;2352;-6817;-14692;-1200;2676;-2300;3782;4266;2927;-7578;9574
-1947;73;-8047;16870;-5044;-12963;-5639;1711;-3363;-4186;6044;3023;5335;2329;-17309;8157;6842;3975;3112;6132;-5538;11842;11522;7388;-6416;3693;-11641;-3863;-3703;6886;-2143;8932;5718;-2115;-6886;-14766;2504;6666;3844;-675;78;-97;-647;2946;-2155;7376;-5422;3408;4704;6165;3987;91;-7752;-3522;3135;-711;2157;9131;-1412;1507;18606;1556;-10573;-10492;-2473;-3063;-4974;2625;-3651;-14464;-4553;-5031;-1458;-1703;12327;-2516;-1175;2494;3152;5083;-10336;1689;7846;-764;11073;-3684;7461;1855;12688;-10133;385;18254;-7975;9029;826;-4767;782;-5081;-13834;1813
557;1461;-8427;4267;2635;-3960;-3567;-1062;4024;8308;6086;15297;-15911;1963;-8040;12056;-12776;-7482;-20670;-10157;854;4486;-16583;4890;2729;4854;4839;-6030;134;2479;10708;10801;3528;-13753;4839;16448;3755;560;11036;-5504;-9886;-2145;-11579;-323;3305;7081;-20860;-8434;1441;-11866;-13365;19003;-12609;-2585;1606;-14454;-5998;5049;-5587;336;-6149;-4456;-614;-18937;12612;-4810;-1766;2386;-3876;2301;-5802;-7134;-4705;-6427;-1933;350;10908;-6184;-13771;1981;1907;-3028;-13296;-12496;-14390;-831;159;-9617;7552;-10272;5237;-4676;-6438;-3078;7624;4363;14734;6411;1585;15184
-2450;-16738;818;5249;-572;3072;-16486;-4326;-4428;-10392;-2399;1448;8051;17098;-6249;-2775;-8983;3229;1617;4016;-8140;-1250;11006;-3073;10407;3809;-3375;-21730;-852;15726;27007;-1556;-9242;-1701;-1009;6267;8113;-2462;7095;3170;-10389;5713;1732;1723;2582;-525;10303;3753;-2749;2912;-8155;-8810;-4542;-4512;2936;676;-358;15944;-2288;-5755;-13270;-7104;-9440;1541;10506;1584;-3490;711;7429;-8755;-302;-6975;10669;9606;11290;-8062;-21201;-16297;1272;5773;424;-2485;1688;9235;-466;5551;5106;4525;4106;-8980;4901;10701;-15992;-1925;-6094;1325;6484;-9890;-641;-342
-1601;-11460;13231;-14034;5720;8404;-17621;-9246;4003;3741;6432;11804;8416;-1150;9577;-12093;-16268;-2137;13445;-12756;-6184;-18590;-633;4091;2212;10468;-9452;-5502;164;-2828;12368;-1837;-997;-3007;5808;-4884;14839;678;-2675;-14611;-1237;2952;2762;-161;-8601;-279;5822;15758;2640;9809;-12479;-9488;-6915;3897;16506;13862;-1725;2740;3191;431;-4287;1934;5438;-1844;1782;2393;5422;-3002;15749;4166;563;7973;-1646;412;-93;7102;-15085;365;1178;8383;4152;-264;-1543;-9512;434;-19127;-2822;8452;-356;20424;-7285;-2901;-4114;1198;5625;-578;6513;-7619;-6407;6769
6492;138;3954;3453;-8004;5012;7592;-20097;-14519;11253;-6409;540;-4982;-13054;-348;-3564;10399;-15387;-2095;2402;7488;5675;1627;-11336;-5536;11688;-6144;7931;19162;64;2807;14380;2129;-10859;558;-18037;-12893;4136;-3446;-3232;3491;-3834;3029;1439;-5485;326;-11263;1934;5232;-2698;-1231;-13411;-967;-2427;-1933;2469;-4869;-9028;8537;3498;10120;-12937;3245;-3345;-11979;9601;6651;-13039;-7382;17274;6152;-1978;-2773;-4050;-1595;-7230;878;3380;5034;-12421;1498;-4970;8642;-16686;-1008;10813;2382;12367;-8736;-5260;-9845;-4624;-7786;-5977;581;-3665;-19720;-13530;-4256;3226
-12010;-7917;-5591;6230;17735;-1418;-2262;-4984;-5574;-16149;-2047;669;2530;3741;-10077;-7469;-2319;9632;7127;-20498;-4068;-2576;5090;7277;-10198;-11612;-2581;4954;12745;3131;-2193;7902;1567;10711;933;-4836;-10942;4645;-3078;-3367;-3576;6959;10158;-1401;-2813;244;1609;2360;5879;-14360;13972;-11843;-1385;5089;-1725;-1012;-1513;-13227;16914;292;-2227;7812;9263;5792;-12642;8639;-1446;-18096;4988;7767;3521;4741;-4428;-2677;10092;3360;-1161;7911;-6711;4015;-5981;2587;651;13178;-4630;18618;-1807;-8170;-15284;12962;2385;9866;-6149;-16116;-10003;4298;1897;3997;598;12556
10991;986;10019;4080;2292;-4745;4491;11007;-9381;7780;4723;-874;6491;-13462;-198;-9007;6652;336;3199;5005;-9051;-9633;7261;-3649;5517;-5118;-12910;-1968;556;1238;-6354;-7497;-13553;13787;1209;12951;1897;5943;-11127;-2853;9204;-1700;4508;-5423;-16563;66;-9788;2927;8622;739;-8857;-10065;9374;2647;-5800;4434;-11225;-13306;-3401;6572;398;-4960;-1288;2245;-5674;7607;2230;-11184;-2340;5863;962;11570;-10063;-5348;4466;-4010;2792;-2483;4795;4802;-3649;-2143;-11362;-316;9858;-3815;8438;-13741;-6778;14803;4114;-1195;11748;-6198;2694;-7883;-4264;10563;8826;-10626
-5832;-5078;1491;-1893;-10984;5728;13424;11648;-10296;1328;18259;11167;9584;4835;19925;-3264;165;-6206;-620;-13484;3912;-5695;7274;2381;3338;-1321;1339;13616;389;-5521;-2636;5523;7007;-5049;4740;-6152;-6701;-8241;6356;-134;7594;8637;11137;-6821;-2080;-1507;8060;2553;2461;7414;3666;-9418;-4272;6546;11531;707;1896;-570;-14336;3064;870;4789;3764;5556;11963;-6713;8447;11829;2990;-553;7311;-983;9968;7035;-9532;15995;9619;-8363;8883;-3658;-10329;8235;4296;-9552;-3584;-204;17657;-14700;-2321;-2137;6466;-8082;15334;-8848;9042;-158;-7346;-6265;-2649;11546
-8742;-10690;1376;12337;1190;2558;10170;3951;6279;-13326;7050;-12935;12043;10356;2086;2811;3481;-4576;7246;-3290;-106;-201;-2279;4809;5378;3059;6109;3030;-6318;-8711;-16695;3550;-3858;-288;1511;-1208;10607;4178;853;-1358;4819;-726;-11965;-9824;10719;-3351;6356;366;680;-7000;7326;-8949;-1540;-3666;16143;2945;-10566;3347;3482;11165;-12057;2155;6598;-6887;1052;792;-7645;1162;-10603;13515;-1496;-833;-7342;1272;83;108;-4929;1167;3335;-7146;1527;1138;15077;-3367;-6536;-2196;-696;14306;-15977;-5974;-7267;9846;-10105;14615;-16270;1930;3453;-5463;-10428;8397
-2918;-2875;3507;16367;10458;7468;-6312;-7161;6705;-14845;1760;1331;5619;-6072;-1708;-7574;-11793;-4453;-2527;-4961;-2503;-7335;26059;-3129;3870;2605;9413;-7009;4699;-14928;1267;10745;-5333;11723;3709;-14919;9916;-5077;8324;11255;-7534;16321;9745;-4037;4542;5613;-2182;12635;467;-20921;8851;2357;696;12390;-15197;7776;-20840;3805;-1522;614;-4053;11752;460;2564;-54;12581;-2682;10127;-9187;8908;6286;-5492;4992;-8414;-6374;6974;-4685;-2486;-13874;10497;-506;-6557;-9261;-716;-4739;3107;-735;1506;-5549;22856;-461;-1006;-1375;-10173;-729;-247;8354;-2581;1975;10691
-6527;22091;-7581;-2854;6329;2491;2037;385;17799;2707;8425;-2866;-11371;-1305;1376;-10731;-4847;-7842;-12105;-21575;7676;-3248;2979;3285;3840;14594;12727;-10327;8259;-3812;-1597;-1034;2970;4376;-2096;6298;-10179;-6113;-9214;-1706;-2971;-4657;4723;16490;8081;9724;-2280;-11609;-13869;2008;5412;13095;3627;15597;-14851;-17970;5785;11766;811;-5393;-5825;-4999;-3529;5772;5904;6521;-2536;19775;5188;3699;-5267;9387;-15780;14510;-5518;13808;1810;5929;-1301;4940;4073;11614;-6041;7899;-11474;2210;-4234;2108;18588;4765;3213;4924;4802;-22741;-6499;3616;5434;4617;11031;5351
4186;3117;4708;4518;-3487;4468;280;-3260;14054;11084;5638;-8872;-5075;-20505;-11209;-6198;-13976;8036;-9696;6649;-6162;-2566;3779;9850;178;-7890;8807;-1772;2000;-12495;-1332;3527;11214;-4789;2319;-11181;3701;-166;1089;16590;-16987;-5158;1868;-14149;-2589;1358;-3128;5826;-1740;-1545;4422;1890;-2823;-3390;-3407;4897;-613;-14936;4264;-5231;12659;6524;-14181;4050;6260;-1890;-2912;10617;5342;-3406;2407;-64;1798;5004;5709;1333;-5652;7500;639;559;-1900;-17440;-439;11082;8571;-8467;-5016;198;31;17913;-19226;-7133;-17736;5981;2068;84;-12064;-3757;-990;1421
11216;5298;7597;-10234;-2172;804;-7846;6080;-8954;-2729;14748;3140;-2342;11593;7655;-1418;1666;1057;9915;12930;-6968;1823;3216;-7902;-3199;-10322;2440;-4086;-5603;7997;14825;3669;-2980;-11397;12237;-3353;2724;-16342;-10239;5543;5455;229;-3163;-16144;3139;4099;2350;8432;14870;-2536;11257;7934;-13715;-12127;1645;10432;1609;-6173;6069;-6711;8261;4661;-5240;-2588;8054;-4223;-3382;7097;18301;7014;10051;9132;-3036;-1330;4089;-1182;6520;-8732;3456;14412;-2368;5456;4153;-2181;-6056;-3967;2269;-14272;13252;-3386;-154;856;9186;12951;-14948;-4455;458;3669;6840;-5627
