-36;-15;31;49;32;38;-22;-47;-19;44;12;-33;26;-27;41;37;46;1;33;10;46;37;-42;-45;40;-48;-47;-27;44;39;31;17;41;-26;-28;-16;-24;15;-44;-40;12;-9;-32;-21;7;45;-31;-1;-26;-19;-39;7;-7;-16;42;-20;-50;16;-23;-18;28;43;-12;48;14;17;14;-17;20;30;1;-25;2;45;19;2;-10;34;-26;-24;-9;0;-43;-15;48;-14;-36;10;34;-18;46;-22;23;43;-12;-2;-2;22;-46;-38
-43;-40;-21;48;-30;20;24;-32;-27;-17;-40;-12;-45;8;-4;-23;21;-48;-12;-37;3;-46;32;12;-34;35;-32;8;-46;-26;3;-35;5;7;21;6;-15;-40;-36;-38;-21;-23;-20;26;1;26;-44;-13;27;-39;11;47;35;-24;-43;10;45;33;3;-24;18;-17;-11;18;17;-10;-39;-33;47;-31;-3;-33;-37;48;2;-47;-18;-14;-28;27;5;44;-27;-46;-8;-50;25;22;10;48;-4;-10;19;-28;24;22;33;-30;-38;23
-8;34;29;-11;-37;44;-23;0;-4;35;30;-27;-33;-23;-7;-13;12;-15;-34;-24;18;1;33;42;2;44;34;-15;-16;-50;21;-20;-5;4;24;45;15;9;31;-45;25;46;0;-15;32;-28;49;37;-37;21;0;6;-45;-30;21;-4;-10;-37;23;-47;18;2;-44;21;-22;47;-6;-8;-4;-10;25;-3;35;-48;13;-8;18;30;14;-4;34;28;-20;23;-33;-16;46;6;33;-5;22;43;-48;-5;-24;44;-2;-2;5;6
12;-26;45;0;13;42;-31;-47;-2;22;38;-4;-10;39;7;-1;-27;39;-48;-36;7;9;14;26;42;-22;-27;-1;-11;45;-23;20;-25;6;-14;49;-15;36;16;-48;-1;-39;-26;-9;-9;40;-50;38;11;-12;-16;4;-40;6;46;-33;-48;-5;-14;25;-43;-9;2;-6;-10;20;15;-26;14;34;-19;-43;28;-6;-11;-49;-47;45;-7;-43;48;9;-6;6;-12;-44;8;38;-16;36;-31;-42;44;14;-43;4;-43;-29;-38;-35
-43;32;-49;5;3;-23;-37;-23;-3;1;-50;-29;42;26;43;32;23;-34;-6;33;-44;-33;-35;-11;-7;-18;-4;26;-47;37;31;-32;-29;26;-27;43;16;-23;-10;20;-48;20;31;-41;-18;5;-37;0;-47;-29;-27;1;-23;-14;-48;-37;22;14;8;1;-35;-33;11;0;42;3;36;-40;-12;44;45;-28;19;-22;-10;-20;-15;-2;-35;-48;-20;18;-41;-43;10;-8;-27;48;-14;13;-28;32;1;-34;35;46;-26;-33;-31;-50
21;4;19;-15;36;43;44;-7;21;-30;-26;42;-46;35;-46;-16;-3;43;-49;-14;5;48;-25;-20;13;24;-44;-23;9;3;37;-26;-46;43;31;-8;22;-31;-44;-34;-45;30;-50;-20;37;1;-15;32;-6;-34;-13;19;-7;16;-28;-16;-27;45;43;48;10;22;-14;1;44;14;-38;16;-10;15;-23;-24;-35;-26;19;2;16;-13;7;33;-15;-37;-21;-22;16;-49;-26;32;43;-17;37;15;48;45;-43;48;-33;40;31;-37
1;-15;37;-2;26;7;41;39;-10;33;27;45;39;4;34;-38;-9;-22;18;3;-24;-9;-15;18;-6;45;0;7;10;37;-38;11;-9;-46;30;-29;-31;-5;-35;30;8;41;-21;33;-36;33;-10;-34;17;35;-39;12;18;-30;-17;-47;-28;-25;21;5;-3;31;37;-33;25;7;-12;-28;-44;26;-13;1;-45;-33;47;-9;42;12;-9;-16;-37;13;39;38;33;-47;-10;-43;-3;-28;11;-25;10;-30;-48;10;-24;27;-22;-17
-24;-4;40;23;-27;-8;-2;-29;-5;-48;-8;-38;-2;-1;0;42;-22;-31;20;-7;-35;-39;-33;36;43;20;18;3;-3;-46;-46;4;-5;21;31;-31;13;-29;-45;15;-29;-3;28;10;-19;29;34;-28;12;13;-50;-12;-31;17;-11;-44;32;-18;-23;35;-30;41;-35;17;-26;-42;-26;-7;-46;24;25;35;3;-33;27;-24;-1;-41;33;-45;26;-6;-50;-39;13;2;41;-25;-21;45;42;-16;39;21;-27;3;-41;27;44;-14
-5;-48;-41;-32;42;29;11;-30;13;48;8;38;-18;9;-44;-39;43;49;-23;24;28;-20;12;1;49;9;12;-12;-39;-50;-15;-22;20;-19;-17;-12;-24;-42;46;-10;-26;-11;10;42;-31;7;-25;12;34;-49;-16;43;-43;-37;48;2;-2;-38;4;-39;17;-42;-25;-11;-23;12;24;2;43;-41;28;-40;4;10;-24;-32;-27;46;27;-38;43;23;1;-47;22;25;-36;-49;-1;6;41;22;-43;11;-10;-35;46;4;38;24
25;46;-39;1;-31;13;-1;-50;20;-50;-30;-15;8;-8;8;-41;-47;45;15;11;15;-5;47;14;-30;-12;37;11;36;41;27;-9;-10;-7;-29;-25;-29;11;4;24;-43;-44;0;16;11;-26;31;22;36;24;41;45;31;24;-29;-48;4;-39;31;34;-31;12;-19;18;-22;37;-35;45;-30;-21;-15;35;24;7;-2;-18;13;-40;14;20;11;24;2;-43;26;8;20;21;38;24;-27;3;22;23;-35;-29;16;-37;-6;32
-48;29;33;-46;34;10;-20;11;11;28;2;-6;-32;-16;-24;20;-46;46;36;-20;29;5;13;8;-23;-36;-42;-18;-21;45;36;49;40;-3;26;-5;24;14;-7;21;-9;39;17;11;18;-49;-34;-12;-36;-34;-25;44;12;-39;28;27;17;-9;43;43;-37;-32;3;5;7;-6;-18;-1;30;-32;-44;48;45;-16;-26;-42;49;5;-10;-15;-20;-1;1;-27;22;-32;-41;-2;48;35;12;-19;17;-29;39;-17;10;-34;29;3
-19;-41;5;-16;-25;39;-19;5;-50;-40;-25;44;-50;36;35;-7;27;-41;24;-45;2;-16;-45;0;41;27;12;-14;47;-19;17;-39;19;18;-2;-24;19;37;-47;13;37;18;-17;49;7;-50;-11;-20;18;31;25;-15;33;-16;-22;2;-7;-38;17;-37;-24;32;33;2;48;13;-15;15;-25;-30;-47;39;15;16;-32;-33;-7;18;-23;-36;-42;36;10;-34;-36;-50;27;48;15;1;-37;-23;-21;23;12;44;28;31;-38;3
16;-2;-14;-9;-40;-4;4;-33;25;29;-34;-7;-29;-47;-49;5;18;-6;0;-48;-15;49;-32;31;21;1;23;-24;-36;40;31;21;30;-47;-4;-7;16;-13;-6;-9;16;-38;22;-1;-34;37;25;-21;17;41;30;-6;-38;30;21;1;45;-39;15;19;27;26;44;19;-33;-5;39;16;34;37;5;45;10;39;-19;-49;-40;-37;-2;-47;26;-21;42;-43;-50;-5;-19;-35;39;29;-45;6;-40;-3;39;-7;-39;-28;3;-47
26;-19;16;45;19;32;48;21;23;32;17;-37;-10;2;39;2;12;-5;-32;-2;12;43;34;-22;6;-42;-39;-44;-1;-39;-28;-7;-18;11;41;-37;-38;4;-10;-7;-10;-25;-15;22;7;14;-39;38;-22;-35;-10;-40;-48;-4;36;3;23;-43;18;23;-11;4;-29;39;13;12;37;41;-22;31;12;-40;16;-39;-48;16;-46;14;33;35;49;-8;-36;-38;-7;-14;33;33;-30;-5;29;5;-21;25;24;47;45;15;19;-20
-33;-4;43;5;-15;-33;26;-12;17;35;-45;-9;22;-39;-31;-18;18;-25;-33;-41;-47;27;2;27;5;0;1;-22;37;-21;-29;-30;-24;21;-15;0;-22;23;-28;26;24;40;-38;-14;20;-41;-12;21;12;5;-41;35;-33;8;42;36;-28;28;-5;-17;-22;7;-13;11;-32;21;-47;-1;-45;41;-37;8;-8;38;-14;-14;-43;-40;25;5;-44;27;25;14;-6;9;29;-31;24;-49;-12;-50;-42;-10;-1;25;32;-14;23;-2
-11;-32;-49;9;-40;3;-26;22;3;-43;39;-28;-41;37;-33;45;-37;28;-37;31;-47;-15;24;-46;-29;3;16;16;-49;-35;-34;14;30;-34;-15;29;-18;-12;22;8;14;-6;2;-33;16;1;-46;-10;-6;-35;-39;42;-4;33;-39;-2;7;-29;38;-41;49;-26;19;28;-32;42;-33;-2;7;27;6;9;41;24;37;25;4;-10;-35;41;45;31;0;17;23;30;5;9;-50;-29;-21;19;27;-1;-7;-36;-34;-4;19;-39
-3;-21;25;-13;20;-19;-14;-49;-42;9;27;-40;40;29;38;-7;-18;-22;-41;-2;-46;10;-8;8;49;-46;16;40;40;6;33;-27;-6;-22;-47;-46;-10;-45;42;-34;-14;-25;-3;-7;11;40;-36;-20;12;-3;-41;14;48;22;26;14;40;-6;0;28;40;26;7;-21;-38;-38;-21;-20;-11;-20;-24;43;1;-24;34;-48;45;12;-24;40;43;-44;-7;-40;-22;-7;-19;-4;6;20;-39;-26;24;-13;10;-2;3;-43;0;-42
9;10;24;26;-10;-19;32;46;-30;19;-23;7;-9;-25;-24;28;-41;-40;-24;-38;-7;-27;49;7;11;-10;10;-42;-21;-41;-34;-36;-50;39;19;4;-39;14;1;-38;-49;-38;-45;-12;7;-27;-15;-29;35;43;0;-38;49;32;-29;11;22;-30;4;-37;-25;-36;-28;29;15;-36;-20;33;-50;-49;36;18;25;24;26;-23;27;25;-29;37;-30;27;-25;-47;-50;-33;43;-33;25;-4;48;46;-33;-6;-16;-9;26;-8;-49;-20
-26;-17;-41;38;23;-29;25;-20;33;41;48;24;39;26;-34;-41;33;46;14;45;-29;33;23;-20;-9;18;43;18;-46;-35;19;-26;-1;-11;-1;28;29;37;19;-42;31;-23;-39;4;44;-1;21;-48;2;8;-23;36;-35;-40;45;-6;45;40;49;34;-36;47;41;-13;-9;-48;0;2;-21;23;-42;45;17;38;-44;13;21;30;-38;-45;-2;4;24;16;48;-37;19;-7;28;39;-14;15;47;-38;31;-22;39;-1;-41;39
33;16;1;28;-22;0;-26;-35;38;-12;-23;27;48;10;19;-37;32;35;-33;-14;38;0;42;-30;-27;33;49;23;-11;-40;32;-33;33;42;-10;15;47;-17;-40;21;25;-30;-8;14;-31;0;41;-39;0;19;-3;15;26;41;-31;-44;4;-42;10;3;-2;35;-37;19;-13;-20;-39;-38;-40;-24;12;20;3;11;-40;4;16;-23;-45;-43;-8;-28;-6;-39;42;-1;-8;13;42;15;0;-2;3;38;19;4;-38;-9;29;48
19;-29;-6;-28;46;-10;27;25;47;-32;-43;46;3;-34;40;-34;-10;-31;25;13;23;-38;-7;29;-27;42;2;13;-7;34;-16;25;26;45;13;-2;8;8;39;-47;-1;-44;42;-13;-16;-23;-22;0;-41;-36;23;-26;0;-22;22;-24;-48;38;26;-29;-23;21;-32;41;-21;43;-46;-33;11;6;4;27;-1;-48;-17;43;11;-44;-27;-40;48;1;13;-40;24;21;-21;-11;14;-29;-21;-17;31;43;-3;-24;-44;49;23;3
-41;17;-46;-31;45;20;42;-4;22;-46;-44;-1;-7;5;-34;-50;-6;-17;-18;-26;-42;-9;19;-33;-34;22;25;3;-20;-12;3;-35;5;-27;48;-48;37;3;-44;23;-8;30;5;24;8;-43;-16;-10;22;-21;-43;-32;-20;31;27;-19;48;-26;17;26;33;10;7;38;-18;-48;25;7;10;14;41;3;16;48;41;-30;24;18;47;3;-9;-1;-12;-5;-46;-7;7;-25;-16;-15;-17;-9;11;38;-19;48;23;-12;-16;11
30;-48;9;-10;-23;13;6;-28;-37;-21;30;18;-16;24;20;29;-13;17;-3;-22;-39;6;-4;45;-9;-3;-12;-21;37;-32;-15;-32;-30;-15;15;-2;-1;13;-27;-17;-37;-6;-1;3;-33;-12;0;44;38;27;10;33;-23;-47;-5;8;20;-30;-44;-42;-43;-8;24;10;49;-38;-4;-10;19;-13;-43;-11;-23;23;16;1;36;33;29;19;9;-12;-5;-33;2;-48;-25;-29;-49;-30;0;-24;13;-3;-2;21;10;-38;19;48
-11;40;40;-48;-42;-10;-40;49;20;21;48;-19;-30;7;-10;-8;27;-7;43;-35;-6;1;-11;21;-22;49;-31;-44;11;-21;10;45;-2;-11;-33;-46;17;0;-17;21;-26;38;-9;-7;0;-10;29;-40;-35;-18;19;27;-18;-2;4;-34;-4;5;25;49;37;30;-31;22;-9;19;-22;-26;-18;15;6;38;37;41;-11;25;15;13;-36;5;-28;48;26;-41;-47;36;34;-7;5;-20;35;9;-32;16;-17;27;-21;-11;-13;-30
2;39;28;-42;-8;49;-3;17;-36;-20;38;4;0;14;17;32;-49;36;-25;-39;23;10;-44;22;-38;9;7;41;3;-17;-19;19;-12;35;16;10;25;5;-5;40;22;-34;37;-44;-24;-48;36;22;47;-1;33;0;16;-4;32;43;-34;43;-22;-22;7;18;-22;-47;48;-34;20;-12;-26;-46;26;-45;9;41;15;40;43;-12;-7;-18;18;22;-37;-11;-38;48;3;49;-49;-33;-45;7;-31;7;19;13;26;48;33;-7
6;-25;45;-42;-46;-36;20;-46;-35;-33;25;44;13;-26;-3;31;-7;9;-28;-37;-42;30;27;-34;13;24;8;23;25;-26;-17;48;39;32;-43;-25;-36;-36;5;37;-8;-40;0;11;-37;-24;21;11;5;-44;-39;-10;-4;25;-11;15;-32;-34;-22;13;36;29;-8;-30;28;-11;-50;38;-19;-4;36;8;-19;29;5;17;-27;-20;-33;29;-18;-10;-12;20;-31;38;22;-43;11;20;-38;-44;21;-4;22;10;31;-15;49;-5
29;-31;-5;-1;14;0;32;-32;15;-13;-18;-8;-15;-6;24;-49;35;-36;13;21;33;0;4;-23;5;-11;-35;10;-1;37;22;-13;24;49;-8;6;-41;-14;-28;12;-8;-11;3;-23;0;-42;-6;-43;-33;33;-3;-39;38;40;11;33;-8;-20;29;-9;44;10;-5;49;37;-39;24;-42;-39;-10;34;-50;-6;8;-21;47;45;-13;-44;36;-22;-4;-29;41;44;-36;46;-22;2;-19;-5;-4;4;-1;0;-9;14;3;-15;-23
-12;-44;40;-38;5;9;15;42;37;-7;-20;-14;-28;-38;-17;7;4;-38;32;-7;-2;-17;36;21;16;-10;27;-11;-14;-29;9;-29;-47;-1;-22;34;9;-19;-40;-9;-24;47;47;27;-26;29;-41;39;31;-41;25;15;-23;20;-44;6;-9;-43;40;-37;-18;9;-50;1;-24;-42;38;-11;34;-15;33;-9;-6;-41;15;12;43;-4;1;-36;41;16;-21;-15;-33;-24;-35;20;37;-45;-15;-17;-47;-27;4;36;17;7;-28;-13
8;33;48;-37;-39;8;25;40;1;46;21;37;-18;17;23;30;34;37;-15;2;18;-30;-46;-28;23;-17;-37;1;38;6;7;-36;23;-45;32;-39;-15;-15;17;-7;33;-32;31;46;-20;-50;36;-33;-26;5;-49;48;-38;23;-29;-17;-42;14;-9;39;-20;34;-46;-41;2;-34;2;-10;-19;-17;-25;36;0;4;28;28;-17;-5;47;17;-40;-36;27;-22;-42;25;17;11;25;19;-37;43;-37;-27;-16;33;20;-28;20;44
-38;22;-43;35;41;41;-47;-18;-35;4;0;30;-2;-34;-46;45;5;-41;-24;22;27;27;12;-3;44;28;-14;41;-45;28;34;-20;34;-11;48;30;28;43;-39;14;39;-9;-17;-47;-23;25;-2;46;44;49;47;21;-26;43;-39;19;4;-44;-38;-19;10;-30;-10;25;15;-47;24;-10;-37;47;27;42;33;-19;31;46;6;-50;-20;-8;-41;10;-49;9;19;22;-47;-18;42;-2;-11;-23;36;-38;40;-8;12;24;26;0
24;-47;-14;-9;23;16;2;18;43;33;-47;22;-36;-16;-41;-50;24;2;47;10;-7;-34;-35;-10;-45;39;-24;-47;-28;9;-21;-32;-42;-48;47;7;-10;31;-28;-14;-15;30;5;-42;-11;-4;15;2;5;-31;-10;-25;-47;27;20;45;-2;-40;22;-39;21;2;-40;-5;20;45;33;-27;3;-6;-24;-27;-33;-26;35;-17;26;-44;-37;6;-49;41;-6;25;-13;-50;-46;-12;-11;-19;22;-23;-30;-22;-19;-4;-11;15;47;18
29;-33;-13;8;-32;-35;21;48;36;37;0;-24;47;-35;11;-45;38;-13;-50;40;-39;34;-20;-8;17;21;5;-33;19;44;-27;49;10;9;46;20;-15;-9;-50;-23;-41;-42;-10;-22;-27;20;-46;-26;38;9;-21;12;25;15;10;2;-15;-7;-35;35;-32;-5;37;-27;0;0;9;-31;-19;-9;28;-21;14;-34;-39;-21;-30;-21;-18;-39;-30;29;-41;8;-43;-29;5;8;28;38;17;-26;-47;21;-39;33;18;24;-1;4
-8;-50;33;32;34;47;-13;-1;-4;-12;10;-26;38;-33;-30;17;-28;-50;-27;25;37;6;5;36;35;-19;-44;-45;-46;-30;40;42;8;25;-28;-7;44;-11;40;31;8;26;-36;-26;49;9;32;-32;44;18;24;40;-10;33;27;29;-9;-35;45;-17;-38;18;-8;14;3;-5;26;-46;31;-4;-26;29;39;-39;-9;-6;48;44;-43;14;-5;-7;-21;40;16;-15;49;3;44;12;44;-17;3;-34;-30;25;-8;29;7;-45
-15;-49;17;25;43;38;35;43;-33;3;-21;29;7;30;30;8;38;14;-6;5;-12;4;13;-18;47;27;-38;41;12;45;13;25;5;49;-21;40;32;-28;-33;-27;-31;-13;8;-32;-10;19;-24;41;35;-2;-40;34;36;49;15;35;7;3;12;49;34;-25;-3;31;38;32;4;38;5;-15;35;17;-5;-44;4;49;-16;22;19;40;17;-5;24;29;-47;-44;-50;7;45;41;-9;29;37;-23;13;-28;13;-39;5;8
-26;-44;-37;42;-47;-4;41;-2;-35;17;30;-26;-47;27;1;46;-14;5;-38;45;-28;-9;35;4;-49;-42;21;-44;-37;-28;18;15;-48;-37;43;-30;-48;-14;7;-42;-17;40;-17;-2;-43;14;-33;3;3;12;-7;-31;-40;-32;44;-2;26;10;-20;27;-25;-19;30;-36;37;40;-35;-30;46;19;-40;10;-3;43;-11;-1;-18;-8;-42;-29;-3;23;3;-11;-1;48;44;-35;13;-43;-28;-29;13;-45;41;49;-40;-16;-41;3
-44;39;-2;27;10;32;-48;5;19;41;-46;14;-13;-12;-49;-21;30;2;-49;-34;-7;2;0;26;9;-43;-18;34;8;43;-38;-4;-41;-25;8;3;-23;-21;-27;21;-4;-40;-48;-29;-44;-35;-42;42;11;38;-12;17;-30;-8;-43;24;-2;0;-7;27;-28;49;8;3;36;-25;39;-14;-44;30;11;-5;42;1;-34;-29;-19;-28;-23;-13;8;6;27;0;-26;-40;5;-14;42;20;24;-38;-19;-5;28;43;-47;-10;-35;-38
33;48;31;-43;-8;-36;21;21;-19;-30;-1;-9;31;-48;-40;30;3;-14;-7;-11;-42;-39;-27;-24;-1;6;33;36;-28;-9;40;23;-50;-40;-21;-27;-41;-1;-21;1;-48;-10;-11;-44;41;-5;26;-33;38;-35;-6;-20;3;-48;-3;47;-21;42;-44;49;32;-30;36;-27;23;-9;-23;-16;21;11;-44;25;43;-31;-14;8;37;26;47;29;-2;-38;-33;-45;16;8;-36;-2;8;-8;27;-12;-8;-11;41;-49;-41;-33;5;-16
-36;37;-28;9;17;39;-38;-12;6;0;26;-3;-25;25;45;-40;-41;26;-33;2;-46;30;41;-3;33;19;-50;9;-33;-32;28;46;-25;-24;31;20;17;-1;48;-4;-14;3;-38;7;26;-18;-43;42;-47;-26;-23;-15;-15;15;1;43;0;23;6;-20;-14;-12;12;24;-5;8;14;-34;2;-8;-19;-33;-50;48;-31;17;37;-18;-40;5;9;4;-2;5;-26;33;39;3;-15;-50;-29;28;8;15;-48;11;-9;11;7;-49
-20;-38;47;34;41;-32;31;14;-8;-21;12;10;-33;-14;-19;38;-13;-31;32;-48;-12;-13;48;9;33;-13;29;-21;34;45;-17;-14;16;18;-15;35;-47;-48;8;42;18;4;42;-21;15;13;26;11;43;-2;47;-28;25;22;-48;43;-24;47;-44;7;-3;46;-36;-5;17;23;-22;-38;31;-17;22;15;-27;42;44;-23;-26;-27;-27;18;-48;19;-8;-38;-32;37;-17;-1;-50;-49;22;24;16;-4;-32;49;-17;-44;20;-21
26;-27;-41;-3;47;42;37;-25;-27;-5;-14;-37;-19;-29;13;-4;42;23;-38;33;-2;41;-30;35;-20;-11;18;-8;26;21;35;38;-45;8;-18;28;-38;-29;42;-31;-9;-34;18;7;-16;-16;-7;-20;-15;5;-15;46;17;44;40;-26;45;49;11;39;-9;1;-15;-25;6;26;-42;-34;0;3;-4;24;-49;-5;48;46;41;-12;33;29;-9;4;24;44;42;30;-31;-12;-30;19;32;-34;36;-39;-36;39;-34;-38;3;-8
-3;-45;-44;-17;42;12;23;5;15;47;-49;-47;18;17;11;-34;-26;9;-46;-48;-22;-36;-2;-3;-43;41;-30;2;-22;38;48;36;27;45;10;33;37;-20;8;37;-40;18;-30;-20;49;-46;-25;-24;24;22;-23;-3;-26;20;22;18;-47;-45;-13;6;27;-6;-41;-30;38;-19;-46;19;-46;23;-47;-15;6;-32;45;-1;-23;32;5;-19;-27;-25;-21;-25;-16;0;-34;-8;15;-34;-27;-8;33;-6;0;-35;-50;-38;12;-9
-33;-13;34;-28;-30;-30;41;-19;27;33;10;31;29;13;24;3;33;-29;39;-17;-50;-10;23;3;-39;-49;-40;36;0;26;32;-27;-43;-2;23;16;-46;-42;-46;25;43;20;20;44;15;25;9;-2;13;29;-20;-43;-31;19;-4;-6;27;28;45;-11;35;15;-42;-6;8;35;0;-3;-1;46;-5;33;29;-14;-18;-39;23;-19;-21;-35;-20;10;-20;-18;-20;10;-37;21;14;40;-40;-31;8;19;3;20;-39;30;44;-10
-21;29;-18;-45;6;41;11;-42;-14;31;45;25;-21;34;20;40;-36;-22;32;12;-40;-33;47;25;-32;-23;-17;-21;29;-21;8;16;19;-8;-26;15;41;28;-31;-37;1;33;46;9;45;28;-3;26;37;-23;-2;32;-40;-14;21;-28;5;30;14;17;46;-39;15;-39;-9;-21;-47;-11;-27;33;33;23;13;47;13;42;32;-4;-28;27;-25;23;0;-21;44;19;15;-11;-42;-9;-40;35;16;-31;-14;-38;3;25;0;-37
36;16;14;25;21;19;-17;-26;-19;9;5;25;-42;5;-1;-32;28;-34;-46;-23;11;-11;7;-36;35;41;-15;-42;-38;14;-9;-19;18;-43;-8;-35;14;11;18;16;36;-20;2;16;-24;13;26;26;48;39;-36;-48;41;10;-22;-22;24;8;31;12;7;10;7;11;29;-50;11;-5;29;45;-37;-7;-8;-21;-23;-38;-13;6;-38;-22;7;-37;-30;2;-28;31;14;26;-2;12;24;-2;5;-19;34;10;-39;-46;12;-33
16;9;-11;45;9;25;19;43;16;-46;27;-33;-9;7;-14;-38;11;48;-1;-50;-13;4;45;-38;38;19;31;-37;12;18;-10;21;12;37;38;16;-8;-37;49;12;-42;21;36;-22;24;-4;-36;-46;-42;-9;-22;11;-8;-16;16;-7;26;25;13;9;20;-23;24;0;10;-48;-40;-2;35;47;9;-11;-7;13;0;-44;-15;-41;9;-39;6;42;-11;0;17;9;3;-35;18;7;-4;-5;12;-9;-20;22;-39;1;7;-6
-41;8;2;37;-32;21;28;-9;-27;27;-39;33;-33;6;25;-34;9;48;-39;19;36;-40;39;41;3;-15;-28;-13;-21;13;9;19;3;-26;-33;47;18;17;5;7;-36;47;1;46;24;31;-25;49;-22;-16;-1;-7;-33;-16;-22;-36;11;12;14;46;-35;-35;4;-28;-44;23;-19;-36;21;-1;-44;43;-36;48;4;-27;21;-24;30;5;-16;-33;16;33;9;-32;-9;-30;-49;-3;40;15;32;9;35;27;-20;1;-10;21
21;-36;-35;47;-8;-4;6;37;-32;4;11;32;-10;-22;14;2;-29;18;22;-26;43;47;-34;39;-5;30;-9;-17;30;-18;-4;-11;-20;-15;26;-37;0;-29;11;48;15;-23;-42;5;-16;-17;17;-10;-36;7;8;-42;-1;-28;33;10;-10;-18;20;6;9;41;-46;39;-9;-32;37;36;44;8;-46;19;-28;47;-11;-49;15;15;-35;-28;-25;-31;10;-3;-50;-12;-8;-3;-32;-18;-1;-36;-23;-46;46;-44;-17;-14;20;-23
-7;-26;-50;-29;45;42;11;-46;-50;-47;-20;32;-42;38;-12;-12;28;35;-27;4;38;45;48;-4;8;31;40;-27;5;17;22;6;-21;20;-16;29;-20;48;13;24;-12;-44;39;34;13;-27;-13;-9;-6;17;-37;37;-23;35;17;-37;-16;-31;48;37;-48;-23;-36;-16;39;44;40;-50;-16;-34;-45;20;-46;-48;28;-42;-49;-8;-41;31;-43;0;13;-20;-35;-48;20;-15;-11;37;-37;43;40;-15;27;32;14;-6;27;-5
-43;-16;-11;-30;-29;-27;-48;10;-3;48;6;49;19;43;-40;2;-10;27;-1;27;0;-42;-22;-3;2;-43;18;-30;-26;45;43;-4;32;-40;-11;23;-28;31;29;-1;-48;21;7;-49;40;10;-14;-47;-3;46;47;43;9;10;-34;-43;20;-8;-33;-21;-30;-16;-23;12;47;1;-38;-24;16;-22;-7;-9;15;-25;37;-18;14;-2;-34;9;17;-9;-34;16;10;-18;-29;-29;-19;-35;-24;-37;6;47;1;21;27;25;-4;-28
-6;-6;-14;-28;-42;-49;-39;-28;-19;7;-27;10;-42;-16;-44;46;-24;-42;-16;40;-50;44;-39;-10;41;40;-38;0;30;-3;40;40;-1;17;-1;1;-33;-43;48;0;-42;-23;3;47;49;-44;35;29;20;-9;-31;40;-13;31;30;20;-37;-50;12;4;28;-31;-25;3;32;29;-46;-33;21;-23;20;-22;-35;-9;-7;40;-35;-24;43;41;6;-41;25;14;-26;-22;-41;-25;-45;-50;41;9;9;34;-11;16;15;-33;-13;-22
0;-32;14;-11;15;23;-12;26;-44;-22;11;-10;-3;9;27;-26;33;-1;-31;-4;43;-33;27;-24;14;28;-14;-18;-31;29;-18;-19;16;19;17;39;-37;-23;14;-19;44;35;49;-8;-4;18;14;-22;-37;-42;-23;-9;-45;-43;-11;39;15;-21;13;22;-25;-42;7;38;15;-8;-6;42;0;32;-22;-9;-17;36;-4;0;-38;20;-30;-45;-9;0;36;-31;19;-13;-21;-19;-8;19;-50;-4;-48;14;-20;-22;-42;-16;-46;27
24;-32;34;47;-8;-18;-31;-27;43;-49;-36;17;16;30;-38;-30;44;30;-1;44;-44;34;15;-24;-33;-36;-6;-1;-1;19;33;14;-25;-4;40;-6;17;-39;15;-41;-42;-49;26;-1;-30;-40;-32;-48;-35;-7;-40;-44;-26;42;37;3;17;-47;40;2;27;-10;16;-29;-2;-26;-3;20;-5;-21;-34;-49;18;35;-35;38;29;43;-33;18;47;26;-26;-37;-26;16;29;-4;24;41;-22;-19;-2;-29;-30;-22;-50;-10;42;17
15;40;35;-36;44;-3;10;-29;-32;-26;21;-5;21;14;48;5;-20;24;23;49;-5;-35;39;6;-47;32;15;4;41;45;-42;44;19;35;27;-39;4;-3;42;-17;47;-25;38;5;-2;-44;-22;-19;39;18;-27;2;11;25;0;49;-2;-12;22;15;30;-22;-50;-17;-25;-2;11;-4;-23;-48;30;-22;-31;-44;28;-6;2;-8;9;41;45;-41;-44;-12;-47;-15;-47;-22;-48;-45;-28;38;-8;-24;13;-28;-7;40;20;6
17;5;31;-30;40;34;-27;29;23;-25;17;-43;-26;25;24;-18;23;30;43;19;-36;-8;-20;8;-11;-16;-34;-3;22;27;48;-1;-11;46;12;26;-42;-9;-21;36;-47;17;49;-48;37;-2;38;-11;14;35;39;31;35;-16;-38;46;-8;-2;9;-19;33;0;-16;-13;37;29;14;45;-39;16;42;5;-33;-45;18;-11;48;1;-20;42;45;-8;-30;30;36;43;12;-9;-35;-4;7;15;3;46;16;-4;43;26;-22;-8
-14;-44;7;-32;-13;-4;3;22;-35;-6;-1;-38;-17;49;22;20;49;23;-5;42;39;-34;-39;-28;7;-46;-28;45;-39;-12;14;-12;-9;-45;31;-32;-9;19;-11;15;-31;9;5;12;-35;-13;11;38;-8;-23;14;22;-16;31;-16;36;-33;40;27;-30;39;-43;10;-47;-28;-37;6;24;49;-49;-34;-32;6;-43;16;-9;-25;27;41;4;-13;-45;27;38;-3;14;-49;-2;-10;38;-30;-25;31;19;-23;-46;31;22;14;-4
7;-7;-31;9;16;8;-29;-41;15;15;-10;-3;-25;-45;-36;-9;27;-48;-49;16;-37;22;48;41;10;-41;-6;-10;5;-4;-14;40;27;35;20;-39;-18;-1;-7;-8;-3;-43;2;22;16;34;36;-31;7;37;48;-8;-31;-2;-12;12;-22;-33;-31;-48;-30;-41;16;42;-2;35;3;-43;-50;-10;-8;48;-16;1;-42;-4;-48;43;19;-27;15;-44;-38;14;24;48;44;-5;5;-1;9;-38;8;-2;-3;-33;25;23;-37;19
37;44;11;-12;-43;-21;-50;-14;45;-21;49;2;-13;27;33;-26;-6;17;-20;30;17;46;-21;-18;-33;26;41;-36;48;20;-15;49;-7;2;9;9;43;-42;39;31;34;-30;1;23;-5;-17;-24;-16;-45;-34;-37;12;23;-34;-17;-8;-33;13;38;27;37;-39;-50;-50;32;47;16;37;36;-33;-40;27;43;9;36;38;39;33;-33;33;-6;-16;15;19;21;-6;39;-46;19;-20;7;44;0;1;10;21;-9;-47;43;16
-37;-38;42;-33;27;0;26;-38;34;-23;-12;22;-39;12;23;-43;-48;42;-10;-10;37;-5;30;-2;38;-10;25;-25;-39;38;-26;-24;23;-12;-31;-11;-2;48;15;7;14;-25;1;-46;-17;22;-22;1;31;-34;-25;10;38;10;-27;-5;-8;-21;28;-13;-39;29;3;37;38;47;14;-2;-22;30;48;13;-15;14;47;31;17;11;-36;26;-8;-3;44;-24;-50;45;14;-31;-36;29;8;4;-32;-24;-22;-23;17;-10;-7;21
7;37;-23;-15;-38;-47;40;40;-3;-10;-47;30;10;33;-22;20;-11;-46;-36;11;29;43;46;-43;18;-24;11;-28;-48;18;-47;29;45;15;33;-18;-1;35;4;16;-41;-34;27;12;-22;36;6;9;-47;-3;29;-4;-33;25;-24;29;-36;-6;12;-33;11;-41;-42;40;49;4;14;-19;-32;-24;-21;39;27;-25;-25;-31;7;-41;-24;35;-19;-23;13;37;-9;49;-47;12;-3;39;-20;47;-5;-12;26;6;-27;5;35;-25
11;-21;35;-36;23;-42;-6;10;-18;47;-18;-31;18;3;-7;-38;49;-2;-6;9;-1;27;27;-14;-8;-25;-50;-35;45;-17;39;-28;21;-12;-41;17;10;-48;-36;11;-35;8;-17;-38;-30;-32;-45;-32;48;-41;30;4;-6;-28;-10;48;-42;5;41;-46;14;-20;20;40;-38;-15;-43;4;-44;20;-31;8;39;34;-10;39;27;-11;-37;-37;39;-15;-36;3;-49;-36;24;-50;-45;-2;28;-13;22;-4;29;-17;-23;-27;5;44
-27;33;43;46;21;25;30;-20;29;40;-41;34;41;30;-22;32;-39;-48;-2;-28;-30;-24;-47;10;5;-13;-3;38;13;5;49;-10;46;-45;1;-21;41;-19;12;14;16;-16;-21;40;0;22;-1;20;-42;28;24;43;45;-3;-21;-47;-35;-32;14;35;-27;29;-24;8;-48;13;25;-42;-7;-1;-4;-12;35;-38;-44;-33;-35;20;5;-42;11;10;26;-49;45;-18;-8;18;-45;33;6;38;21;-42;25;11;41;15;-6;-35
22;24;8;11;7;47;29;40;40;-40;-24;9;44;-47;-33;-13;30;36;38;24;17;5;-16;-20;-3;-9;-14;45;48;-14;37;6;-18;-10;-44;37;3;-50;30;6;42;17;-27;37;-22;35;1;12;23;3;1;6;47;11;-8;45;22;-18;-46;43;-1;-44;44;-24;-44;18;47;2;18;49;9;-29;-49;37;-2;29;1;-44;45;-47;46;-15;-16;-36;42;-33;-7;10;13;-40;-15;49;-39;45;-18;5;32;11;-20;-25
28;-43;15;4;-8;27;15;-24;-23;4;8;-31;-46;35;43;-43;23;35;-38;-38;-30;45;-49;4;-38;11;30;-25;-11;-15;-22;-46;-39;38;-22;-3;30;-26;49;12;36;0;6;-38;43;6;12;38;42;34;-1;12;0;-40;-37;-7;20;-29;44;35;33;2;10;13;-39;-6;-32;-41;-20;22;41;17;-49;-15;15;44;-15;34;30;-28;11;15;26;-15;-19;-30;-25;-18;31;9;-32;-14;-47;41;-47;13;-22;-18;18;10
-8;-12;39;18;-16;14;10;-32;27;-5;0;-35;-35;38;31;23;6;28;-46;30;-34;-24;-43;-38;19;48;36;-25;24;-18;34;45;-50;-3;35;-4;5;11;25;31;45;47;36;49;-35;-5;39;-10;-12;-26;12;-11;37;19;3;16;-48;32;43;10;-14;15;38;-44;-16;-48;-24;30;-13;1;-4;32;46;12;30;45;49;21;18;18;5;37;29;-47;25;-31;-45;28;-41;-32;-27;12;-8;38;30;33;-50;-2;24;43
-45;20;6;1;-43;19;23;-1;41;-49;-8;47;-17;42;-5;-13;19;-40;-11;-44;-36;6;14;13;11;-1;32;22;46;46;-19;-30;24;28;44;14;-17;-27;30;49;-39;-8;-26;25;12;-24;-45;42;9;-20;46;21;39;-11;45;-38;-25;5;-44;29;-8;17;-49;-6;-20;-48;-40;-28;-1;18;-49;-6;6;44;49;-12;49;15;-43;18;16;-3;22;8;-34;-9;-12;38;12;-19;-27;30;-15;15;30;-40;38;0;-38;1
10;26;-8;-47;-47;-35;-46;39;42;-38;-23;4;-11;9;25;28;24;11;-4;44;45;40;-15;6;18;19;-6;5;-46;4;42;12;8;-38;34;39;0;-27;22;-36;-14;45;34;-39;19;-4;17;-32;-48;7;14;-34;40;6;-1;-23;8;-35;-49;-20;8;-30;26;-28;-10;-18;-43;-43;-22;0;29;21;32;13;-45;-18;-39;4;-33;-48;-44;-2;-6;-41;-35;-6;-22;-33;-41;-21;28;-24;-4;29;-42;4;-22;-28;26;-20
-34;34;14;16;2;45;12;46;-42;-29;45;9;23;35;-10;36;-7;-21;-44;13;1;34;-12;7;-16;-47;-34;-11;16;-1;-35;-40;-3;-37;25;-45;35;36;26;34;-38;36;15;-47;18;-27;2;16;-13;-10;27;-14;18;-48;-6;-43;36;10;-22;31;22;37;39;-50;33;-1;43;-42;-17;15;48;-9;-24;37;-23;-44;-30;35;-38;26;-21;-46;32;-5;-13;36;10;-35;-13;5;-38;0;26;19;-12;4;-33;-34;32;7
-27;-4;-40;-11;-28;7;-29;-3;35;-43;-23;15;36;22;-15;34;-45;12;-20;-14;-19;-37;5;33;31;40;32;3;-23;-46;-20;6;17;-44;21;39;12;-33;-17;-14;14;31;34;21;-1;-40;41;-2;21;-33;16;-4;17;-47;12;1;-8;-18;4;-16;-27;28;36;5;16;-46;-29;49;-12;48;5;2;-37;-11;-45;-20;-29;-28;29;-27;-40;19;37;28;-21;31;-21;-21;41;-44;39;0;6;37;24;43;11;-45;-47;49
-4;21;43;-2;-25;27;41;-48;-26;6;7;-34;0;-46;32;3;-7;28;11;35;-25;-40;6;0;5;8;42;-24;10;32;32;-29;37;-9;45;-12;-17;-6;-9;-20;13;-30;-38;-27;-42;-8;13;-1;-29;7;-27;8;-14;39;-10;-29;-47;-48;-7;20;-37;-10;21;7;-44;39;28;0;48;7;-33;-6;0;-30;-3;24;25;17;-28;-16;-19;18;22;33;-32;-33;47;-35;20;0;-30;22;47;-19;-18;-14;-36;-39;-32;31
-18;-36;-37;26;-24;38;23;-6;47;20;-2;-47;33;20;31;-3;-16;8;-29;-39;31;25;2;-37;9;-8;4;-2;-6;-47;46;10;2;27;27;-15;45;14;46;40;-22;14;-29;-2;44;17;6;13;-37;-39;-9;37;-10;48;-11;6;10;47;48;-7;36;-17;44;10;17;40;5;-43;-35;-34;-30;-42;-34;-2;47;38;32;-44;30;16;-47;-31;-44;26;-35;-18;24;-36;-45;-9;-26;-48;-27;-4;10;9;31;1;27;46
-18;-39;49;26;13;-22;-34;-49;46;-21;-14;44;16;-37;-40;47;18;35;-30;-16;-43;28;39;41;-20;-50;32;42;-20;16;-33;-9;39;-1;21;-2;-20;-9;-45;-36;0;26;-18;-5;30;-30;8;33;1;21;19;31;8;4;13;15;-10;-19;-34;39;-35;13;-10;-47;-28;15;47;40;44;-38;-30;-15;49;11;31;12;36;31;-29;-16;43;13;33;15;-27;-50;5;13;22;49;45;43;-32;-26;15;-38;27;-38;-22;22
-20;14;-22;-44;-3;39;40;-44;-15;-45;28;-32;12;-43;-11;-37;-47;-39;-45;5;8;7;34;-44;-37;-34;4;-35;40;-27;-28;19;38;-28;-34;-4;49;23;13;-29;-6;-2;41;2;-10;-41;-20;13;-43;44;6;-27;-2;16;10;-31;5;10;-4;-42;9;-21;-18;15;21;-31;-39;29;33;-12;43;17;-20;-23;46;4;48;15;-35;25;-25;8;48;-2;12;-3;24;32;46;35;29;34;-12;-22;-16;15;29;-10;-13;-39
-8;-13;29;-21;-12;-30;-5;-37;-7;-10;-5;-50;44;32;35;14;-23;-24;-3;-6;2;-44;27;-44;39;-46;-9;5;-13;12;-9;-18;7;20;-44;21;14;2;3;27;3;19;42;11;-26;20;35;-11;-43;-40;-3;48;29;28;-11;15;-2;28;-8;-38;9;-49;30;-14;1;-34;-26;-21;39;7;-41;18;42;-18;-32;-26;-1;-49;-26;-36;-18;1;32;8;35;32;31;-48;-36;0;-33;-16;-19;41;37;27;12;-19;-16;-3
43;24;15;35;-22;18;-30;0;46;-24;-39;19;-3;-31;-40;-24;-25;17;-25;-44;15;-23;5;-45;-13;25;39;9;-12;25;9;36;-46;13;-10;11;44;-25;32;-47;40;1;4;33;-49;9;4;21;-21;-44;30;-33;-35;-4;-39;34;-46;36;-37;39;-6;-20;1;38;-32;12;-37;11;36;-21;44;20;22;11;-42;29;9;47;-43;-34;-20;-28;-40;-25;15;-32;-11;40;45;-26;0;-49;44;-49;29;4;-4;27;25;-2
-9;41;21;35;27;-28;-12;-32;11;-37;-37;-23;29;14;38;-5;24;19;37;-19;-1;39;-6;-12;13;-46;-27;43;44;-35;-46;31;20;0;28;34;-24;-24;27;14;38;-10;39;-24;-20;-36;-42;0;-15;-27;11;7;32;-42;-15;-3;-34;-34;-42;-29;-48;40;-23;33;38;-4;31;-44;26;30;-16;-42;-15;-25;14;39;26;-28;-48;-3;7;-6;-16;-4;29;29;-40;-25;-16;35;-16;-23;-17;17;-43;8;43;-28;-28;13
-16;-6;-7;-34;27;-45;-19;26;9;43;47;-48;29;15;-5;46;42;-46;-18;-33;44;40;24;-48;7;-17;47;-8;-13;46;36;-35;35;9;8;-29;47;-26;28;-4;10;-2;43;39;-43;39;11;30;-18;40;13;-36;-4;42;3;-50;-43;-35;14;32;11;-35;21;-48;33;-18;-26;9;15;-13;-15;-20;14;22;-13;-2;2;31;-43;13;11;-48;-14;23;-20;19;-30;9;15;-1;-20;41;16;16;-27;-15;-14;-38;6;8
27;12;14;-47;-35;35;-41;-4;26;6;-32;-45;-47;11;-44;-26;16;25;-18;-35;-46;-21;7;31;-8;43;-14;33;25;49;-11;40;45;10;16;8;-46;-1;-13;-11;19;49;-44;37;6;25;48;2;8;-16;-3;13;-18;-26;-21;44;28;-3;19;-8;22;-30;43;25;29;4;49;-43;-5;-22;33;33;-42;23;-44;-33;-47;22;46;46;-32;46;27;-16;-16;-14;-41;6;-14;-19;-3;-18;44;-39;0;19;44;-18;45;31
-33;48;-9;-36;-1;22;22;37;-49;-41;46;-18;45;-31;26;40;-47;-31;22;-12;9;9;-20;-33;44;-5;-45;-36;-36;4;18;-15;-40;-27;22;-22;12;-17;18;-47;-5;43;28;2;-28;-27;42;-2;-13;-7;-13;26;48;16;-26;-10;31;-48;-22;24;-18;-17;27;-14;-33;10;-49;24;18;36;-38;-32;19;-47;-22;45;-7;9;5;37;-25;15;-19;-15;-3;-15;36;-7;-47;-14;-10;-41;-12;-4;-10;46;40;5;-24;4
-8;-31;14;8;15;-25;43;-6;4;48;-17;-34;-50;-3;-10;-46;-32;-34;26;14;9;-7;35;-21;-25;-15;17;33;44;41;47;-28;0;-19;-32;-47;23;-10;10;15;-35;45;-10;35;42;35;6;15;47;-21;0;27;-8;-39;17;-42;-20;15;-19;-46;22;-49;19;9;-49;48;18;-13;-8;-22;41;-2;12;27;-19;36;-7;-10;-25;35;-3;-39;-46;-36;-47;44;-36;3;-43;34;9;48;-19;46;-46;13;26;-7;-20;40
32;-4;-10;-3;17;16;-14;4;3;-32;28;-33;32;-42;2;31;36;-10;19;-47;-16;31;-30;-48;-35;21;17;48;35;-17;-1;-8;-5;27;26;-26;-50;39;23;-20;21;-2;-6;-10;12;-33;-16;4;-35;-27;42;33;10;-23;-18;-3;17;20;-37;15;-50;-48;-46;-1;-8;28;-2;40;-14;-19;6;-31;24;-24;31;24;1;-38;36;38;-42;-33;11;-46;-17;-27;-23;-18;13;-7;-41;-5;-11;37;-35;-36;-9;25;-6;12
35;2;31;-25;-14;-44;11;21;15;-29;16;-9;-14;-49;-9;-14;3;-37;35;15;1;-49;45;-9;27;25;-39;12;-14;-28;-7;-35;13;30;33;-47;-33;-26;36;-12;45;36;18;37;32;25;37;-7;42;25;0;18;36;17;-17;-35;12;-5;-20;-7;10;-23;8;-13;45;-41;10;-1;1;32;23;40;-30;38;-48;-19;-46;-17;4;-12;-21;7;-30;-50;0;-43;38;-20;-15;-14;42;-30;-10;28;-10;-38;-41;32;-29;-17
21;37;11;17;-49;-36;29;-41;-48;-16;-34;-16;30;-11;42;18;-14;-48;-31;47;42;47;-18;-32;21;-8;16;14;30;38;9;-38;38;5;26;25;-44;42;-27;-40;31;-47;1;-45;-6;-39;12;4;40;-44;6;-18;-35;40;45;-18;-33;-11;7;-13;11;46;-26;-14;-2;13;-10;40;0;-38;-20;-2;-31;40;11;-19;-12;6;-18;15;6;13;37;7;-37;35;-40;-33;7;-3;-12;13;-50;0;34;21;29;29;-36;-24
-3;-47;-44;-5;-1;-32;-4;32;-15;7;-42;34;-22;-10;-20;12;36;47;-36;-14;2;-1;-19;0;29;36;-30;20;10;23;11;-29;-23;49;-20;-19;36;-32;46;-42;-10;-45;-42;-22;29;-29;28;-15;22;39;-30;-50;-44;-33;31;-17;-15;-5;12;15;-32;-40;-20;-49;5;35;-25;34;48;-19;33;-21;-44;-9;-32;41;32;-50;-39;-42;19;-16;-10;34;-39;-30;-45;27;18;24;29;22;-50;-11;-12;-13;-39;47;-33;-13
3;-48;-20;-10;-48;25;-23;32;-27;-12;-2;-26;-12;-18;9;-16;49;-50;46;-50;-20;7;-6;49;-17;39;32;44;34;-41;15;-21;43;-26;19;18;48;-48;-21;-2;2;4;11;-26;8;28;21;-24;-13;-27;-6;5;22;-9;20;8;-36;-29;16;4;-29;-20;-2;-15;43;-43;25;-8;47;-11;-11;31;-43;39;-35;3;-44;-49;42;4;3;30;47;20;-16;42;-39;35;4;25;-6;16;-20;-23;15;29;46;25;-25;29
4;7;12;-9;25;-3;30;13;3;-35;18;-5;-14;25;15;10;-18;-39;18;17;20;-48;7;-22;46;19;46;-9;-23;-28;3;45;17;-37;-18;35;26;-40;39;15;32;-44;25;14;-33;-38;24;-20;-40;-17;1;14;-27;35;1;22;-42;33;-23;1;-32;-10;-8;17;10;19;35;-21;-39;44;39;-25;12;-6;-14;-24;-10;-30;4;-38;23;42;19;22;-18;28;-24;36;35;25;-3;-50;10;-38;11;-18;-36;-17;27;-39
10;19;6;-50;-13;-38;-3;8;12;-40;29;-20;22;-46;4;12;28;12;18;-37;-29;-34;-3;22;48;6;-30;17;49;-20;23;34;2;28;-14;23;27;13;-43;-32;-26;-44;-1;47;47;-5;46;-20;-8;48;47;-12;-22;30;-48;-32;-46;42;-42;41;48;-13;-12;-47;48;-30;8;17;37;-11;6;29;10;40;30;44;27;-36;-25;-38;20;-31;8;9;-27;15;-50;-19;37;7;5;-22;-41;14;-19;42;-45;46;8;-29
-45;-15;6;49;-10;-41;-13;-25;41;0;10;-21;18;42;16;11;-17;-13;5;-22;-27;-2;23;3;25;-10;-49;-28;46;34;-34;-2;-24;0;-11;-48;48;-8;-34;21;-27;9;44;49;-29;35;38;-18;-48;43;41;-7;-49;21;41;37;-28;39;12;40;25;-2;31;-8;-48;25;15;23;35;-6;-45;10;-41;-36;3;-28;-1;30;22;31;-50;-6;-12;27;-48;-20;-10;-38;12;14;46;5;-10;9;-42;28;-49;-47;26;-6
-42;13;-13;27;33;38;25;-3;-2;-21;-15;4;17;7;-12;22;-34;14;-49;44;39;-10;3;-8;-19;0;-23;-33;-8;10;18;28;0;-23;14;-7;7;-21;-43;13;-32;2;-44;13;14;-38;45;34;9;-1;23;-13;34;-37;8;-48;-19;-27;32;11;20;5;-32;-12;17;48;-8;36;35;-31;45;-33;-19;-17;34;-9;-32;49;12;-14;-2;13;-26;-32;36;16;-40;36;-10;-30;-33;-45;-49;18;2;-31;-20;42;-43;23
1;-45;-47;26;9;-1;35;-23;43;-8;36;2;-49;38;-30;45;8;30;-29;-44;-13;-45;-40;-19;18;-24;11;-32;20;-27;32;8;23;-10;0;-44;-17;-8;15;18;-8;-50;-6;-7;-1;-41;24;-16;1;-29;-14;-8;-7;-30;40;49;38;35;-29;-34;-20;11;-27;9;19;7;22;14;-32;-22;-15;37;14;2;-24;13;15;-11;41;-3;2;42;29;-22;0;13;13;14;-39;-4;-13;12;23;15;-37;24;-15;-11;31;-38
46;-50;-28;-8;-41;11;37;10;22;49;40;10;-22;1;33;-16;-40;30;-48;9;-11;48;-20;-20;22;-45;-5;-49;-41;32;8;-38;22;-10;-34;35;3;-47;41;-8;-16;14;42;16;1;43;-2;9;33;-41;-6;16;27;-17;-37;13;-11;-31;24;48;22;-3;-31;8;-30;12;28;40;41;-1;-13;13;-17;-46;8;34;-28;-17;-14;15;3;22;-49;-2;36;-33;42;31;-8;18;25;-18;39;0;11;12;-23;46;33;22
32;30;-42;-43;0;39;-30;0;-1;17;36;-29;-22;18;8;-33;32;-11;-48;25;20;-9;2;43;-36;25;-44;37;12;15;-4;40;-47;-26;47;-5;14;-25;29;-4;42;-37;28;-43;-34;13;-48;-50;10;-50;23;11;30;-12;-7;-33;39;48;-46;15;-10;-42;4;16;-6;13;-10;-33;-22;31;-46;24;-37;20;-21;-42;-44;49;6;-21;-15;-3;-31;-46;-4;-34;39;46;32;29;38;49;-49;20;-5;47;-32;-45;-27;-21
-40;-4;-42;25;43;-2;-39;21;-49;29;-5;-16;-2;35;-17;-20;-4;-28;27;-20;-17;-16;36;40;-8;30;45;1;3;45;-2;33;-20;22;-12;12;-40;23;4;33;5;17;14;12;32;-7;-32;-32;33;10;13;9;12;5;-5;-40;-44;17;-37;12;36;-33;35;-24;-39;0;-21;33;31;-49;-49;32;10;-43;-35;-14;-30;26;28;48;0;3;41;-3;-36;-17;26;-43;-31;2;-28;9;-15;-40;10;-2;9;19;27;-39
11;17;19;-12;-7;29;12;49;-32;-1;1;7;2;1;-15;-11;-36;-9;45;-38;8;-11;-22;21;-36;16;19;-46;-34;49;28;28;35;-5;49;-28;46;-15;10;-48;-16;12;-37;-2;-36;30;-2;-35;-4;-29;-36;39;31;40;0;-6;24;35;9;-31;49;36;-41;-49;24;4;-15;-8;11;-48;-26;-17;35;-21;18;45;45;32;34;45;-29;-40;43;17;-3;13;1;-16;-30;-6;3;-14;7;26;15;25;23;9;36;-34
-5;-36;8;28;-27;-33;37;23;26;36;-9;-22;48;38;22;24;44;-25;47;14;-22;-29;38;38;2;29;32;-14;24;-34;-40;1;43;-4;35;8;-47;15;5;-34;-50;39;37;-15;10;-29;28;20;8;-50;44;42;26;-41;-42;19;32;-6;39;-15;14;10;30;-41;-19;3;10;-6;-13;45;27;-46;-44;22;-7;-10;-31;31;-38;12;-47;-48;-9;49;12;-27;-5;-42;3;42;39;-43;-29;26;12;-39;-28;32;-43;8
-13;-13;0;1;-31;-28;17;35;29;40;44;31;35;21;-32;-33;-47;-29;-36;12;11;31;17;-30;-43;39;13;5;-29;29;21;-25;10;44;9;-14;-12;-50;-38;-24;-47;45;35;-29;42;-16;-36;-46;47;-2;39;-28;1;-16;22;20;-3;34;-28;28;23;34;6;17;45;-16;19;-40;39;27;19;25;-2;48;-18;-12;36;-8;49;-6;-31;-9;-19;-12;-41;-38;5;30;39;4;-45;-14;2;2;-15;17;-4;19;-37;15
-1;-21;32;13;-38;14;-44;-46;30;-7;-29;-34;-42;17;25;-23;25;-16;-48;-43;1;-3;-48;-24;-43;6;-30;33;39;-39;-27;-42;11;2;39;-43;3;-23;35;30;41;-21;-47;-27;11;-45;-18;3;47;8;-6;11;4;-43;34;-27;-16;-25;-34;21;-18;-30;14;-33;-28;13;-9;5;-12;-2;-1;46;37;21;15;-29;3;-30;6;-12;-21;-37;2;12;-36;15;46;36;-44;-24;-29;34;6;-22;49;33;39;23;21;17
-26;-20;32;-31;-35;-26;5;42;5;42;13;-43;12;0;4;32;30;23;-37;41;27;12;45;18;-23;-22;8;14;-39;33;5;28;1;-38;46;-18;-41;11;34;-18;17;-27;21;-37;-10;42;-27;4;32;-17;22;-12;-33;7;7;18;-27;-36;-40;44;-3;-23;37;6;-16;0;-30;-19;27;31;9;-48;-31;-28;33;1;-32;-30;-28;30;-32;-4;46;1;-44;6;45;-21;-4;-22;46;11;43;-29;30;-13;22;45;-14;33
-25;15;8;46;2;5;-12;32;28;43;36;-30;27;46;-36;38;-29;-42;-38;-45;-14;-11;-37;49;-44;8;-26;49;-42;24;30;47;17;47;-24;19;19;-4;14;11;4;31;-23;-45;-15;17;24;-6;5;35;-12;20;4;23;-38;-13;24;-24;23;47;42;-41;-2;-26;-2;28;-31;30;-18;49;4;-31;3;16;19;21;21;25;2;-44;7;31;-46;41;8;41;-35;-1;35;-38;-1;-45;-29;-41;-21;27;39;-12;-16;-24
-15;-10;11;1;-31;-23;-33;-4;17;-7;44;34;39;11;15;11;-23;14;-41;-17;-49;-44;-8;11;-12;39;10;-47;-48;-41;-8;-40;42;-26;-38;38;3;-39;47;-10;24;-8;4;-15;44;-2;12;12;49;47;-19;-17;14;4;39;-43;-35;34;47;4;17;42;6;-42;28;44;43;3;-13;45;44;-6;40;47;19;-24;-38;-39;1;36;40;-27;28;32;-28;-4;-9;4;-37;-5;-16;-10;4;45;-39;-31;24;18;-17;-19
12;25;-41;17;-22;37;42;-10;-27;20;-43;23;45;-4;28;-36;38;-43;42;15;13;49;27;-33;19;-8;17;24;17;46;-22;20;26;48;7;30;-27;8;-1;-33;-46;-48;-26;-31;10;-28;-40;-1;15;-15;-38;6;15;47;8;-11;27;-21;21;23;-6;-16;-21;26;18;-35;-18;39;23;-40;-2;31;-36;24;4;41;0;-20;29;-6;-43;32;11;-5;-4;-26;14;-3;31;36;-24;-19;-16;-42;10;10;-20;-14;45;-7
