47;43;24;47;10;1;-27;26;-41;10;-50;-40;-5;30;3;-48;0;-45;-29;3
-10;42;-48;-20;7;37;2;40;-15;-49;-37;20;23;9;-35;-20;6;-48;11;-13
36;-37;35;19;-43;15;-20;-36;-33;-43;39;13;46;27;6;26;8;26;-14;1
32;-48;-23;-30;-13;-24;-19;-47;-3;-28;-35;-5;24;-19;12;-36;-18;-23;8;46
47;-37;11;45;1;-27;12;36;10;30;-34;-22;-7;9;49;26;39;49;-17;35
-13;49;38;16;-47;-11;-48;-33;20;14;-21;-17;-26;-31;-10;13;2;-22;-23;-32
-39;-6;18;48;27;24;10;26;4;18;34;35;-7;-14;22;33;-5;18;36;-42
-38;14;16;-11;9;20;46;5;-4;24;-25;-40;-33;-24;49;-24;10;-42;27;-15
6;46;17;-10;45;15;-22;-20;-1;-1;-32;-14;-19;6;3;-12;-14;34;21;-34
42;13;9;37;20;10;40;26;-2;8;-19;37;7;-25;5;11;29;-39;3;32
19;-14;-25;11;38;39;17;-15;28;12;7;49;-18;-30;-49;-4;-21;-5;-22;-46
-34;1;-16;-49;-25;37;-22;15;-10;-42;-31;-47;-5;30;-38;43;-7;34;-39;-29
-22;31;44;-33;4;-48;-50;19;23;39;36;28;-31;13;6;14;-12;-7;4;40
-27;-2;48;6;-12;-34;15;-26;14;26;43;-33;-34;-30;20;-8;39;-32;1;6
20;9;48;20;44;-6;35;-25;-12;-38;-36;27;13;-24;-33;-2;30;48;-6;-35
13;-14;-47;-14;25;-49;47;-16;46;8;-11;-19;37;-44;-45;-3;36;-19;36;10
-14;29;-6;-29;-48;17;-37;-35;-17;7;-28;35;19;25;37;-20;18;41;-24;-4
10;22;24;15;24;7;46;24;-8;17;-11;-45;-39;-28;-24;-8;23;32;1;-32
25;-18;-18;-7;15;-18;12;-14;-30;15;-38;7;8;-35;-26;-34;-36;-42;-31;-32
-11;-40;-6;42;-26;-5;-17;-37;20;2;8;16;41;11;27;5;42;-17;1;-34
