-20;-2;37;32;-3;13;26;-15;-13;3;24;2;20;2;-7;-1;-11;33;-50;-50;-24;14;-46;-20;-14;-26;15;3;35;1;-26;7;-31;45;-31;-7;-21;-34;31;-45;40;-17;31;6;29;5;3;-3;13;33;-37;-41;-26;42;-36;-36;-36;0;0;43;-43;3;-11;-10;49;-10;-42;49;4;-25;5;-20;36;-39;-37;41;33;5;7;-20;-10;-26;47;-45;-49;8;41;-30;-6;11;13;-10;31;5;-43;-45;44;-9;14;46
24;-37;44;39;14;-16;-8;18;-28;-40;-10;43;14;-19;37;-35;41;-39;29;26;-31;-33;-45;-39;-46;33;-5;-27;-45;49;-29;-17;32;18;-48;-5;23;29;6;-23;-20;-18;21;18;-27;-1;20;2;6;-20;9;0;-46;47;-17;-7;-42;-8;-11;-26;-42;-48;16;30;7;2;-19;-31;-18;-23;23;-28;9;21;-22;16;-30;-46;3;-40;-29;-23;26;47;38;5;38;43;14;16;26;0;10;-2;-29;19;-21;-38;47;-35
-34;-48;22;22;-5;26;14;9;26;0;29;29;26;-48;17;-11;1;43;43;21;-16;48;-22;18;-20;29;-17;14;-14;-8;13;-48;30;-21;3;-42;12;26;14;2;-8;-34;-20;27;-38;31;-40;13;-49;-47;49;45;12;-2;31;13;42;36;-43;23;19;44;-25;4;-34;-14;9;-48;-50;6;48;-7;21;20;40;24;23;3;-1;-49;-28;49;-19;-12;-43;8;-1;48;-24;40;-10;8;15;-26;-22;-49;-37;-50;-43;30
16;-17;34;41;47;-43;24;-35;46;-6;28;-43;15;34;0;5;-33;-42;46;-46;32;42;6;-18;26;36;25;2;-13;44;-38;20;15;3;0;3;18;22;-5;-49;43;-30;29;8;-33;31;2;34;42;21;-7;44;32;45;39;48;31;-43;-4;-15;-39;-30;10;-12;-34;-26;29;-9;38;-49;-16;-31;17;3;4;-43;32;21;35;-39;21;-25;22;47;41;1;0;4;-35;10;-41;34;16;-21;39;-20;-38;7;23;15
2;-38;-17;-22;41;39;-27;8;-29;-25;11;-42;39;10;13;16;-43;-45;15;20;-37;-47;-19;-34;-9;-1;9;-16;-19;-27;-10;36;-22;45;32;-45;-31;40;-8;39;6;-9;40;42;-26;-22;-10;11;32;-11;37;11;-8;47;-2;-3;29;13;46;11;-26;-12;25;-48;-48;45;42;-31;13;14;-10;-44;47;1;-27;-7;-4;-12;-26;-13;-23;9;41;26;21;-14;-44;-39;36;31;45;-25;-35;-38;45;-35;32;25;38;27
-48;21;41;4;-46;-38;39;-13;6;-32;8;-41;7;26;7;36;33;-36;-31;-35;-43;4;-29;0;-48;-33;12;18;16;-28;8;-5;-14;-46;-8;-16;-27;-33;-27;27;-36;13;-12;45;36;46;44;36;-30;15;24;-7;8;37;-16;-25;3;15;-38;-21;0;-18;36;25;48;-5;-2;24;-42;20;37;29;28;-7;15;41;29;-36;25;-37;-16;-14;-32;-10;31;-20;-35;-44;10;-1;7;6;-45;17;48;11;9;-13;-23;49
6;10;-19;43;-32;26;-43;-33;16;-7;28;-29;18;-17;44;-49;8;-5;-18;-21;3;18;23;-35;34;47;-9;-16;-19;1;28;29;32;-14;10;3;19;-45;16;13;10;15;11;-26;34;-39;-16;47;-34;16;36;-28;0;-25;15;-10;34;-33;-8;15;-4;-12;43;-9;-32;46;10;13;7;-2;-24;0;43;29;26;33;-30;-46;2;-25;-22;24;22;9;31;-42;9;-20;-35;-50;45;-48;14;0;-42;17;20;35;-48;43
-12;-20;1;9;44;-47;28;38;17;10;-41;-23;-33;20;9;2;14;40;-50;-37;24;-47;-47;-38;-17;-30;-45;-48;-7;-17;41;-2;-8;-25;-22;-47;40;22;43;-38;-31;8;30;-38;9;14;-38;3;25;-19;-27;-8;-30;46;30;-6;-36;9;2;1;-14;34;-18;45;8;-15;27;11;-31;-30;-21;-21;1;-14;49;-1;26;-27;-7;-24;42;-34;34;-40;36;40;-35;-49;44;44;25;4;-6;-16;-37;-20;-32;-35;-38;-13
-12;13;-41;9;-25;18;7;14;-37;0;-39;12;5;25;-40;11;5;42;-2;3;8;11;-38;38;-17;23;26;-36;-35;-21;-45;35;-28;-36;37;-10;-30;36;9;44;25;42;-3;-2;-11;-41;-32;-20;22;-6;15;-13;-46;3;37;5;-16;-37;-3;-28;-11;-23;11;-31;8;-43;-46;-35;-4;-18;-15;15;8;31;37;20;-45;18;7;35;-1;-38;-7;-49;1;15;43;37;48;-14;32;42;47;-44;-15;24;13;16;-3;-11
33;-43;-37;6;-16;-21;-12;37;0;26;-28;21;42;-18;36;-14;28;28;35;-29;-38;-3;-10;-14;49;-40;32;-16;8;3;36;-23;48;9;3;-24;-10;2;19;3;-2;37;17;-14;-16;42;10;-35;-41;-19;9;-26;-14;-26;18;-14;16;-46;-42;-49;-3;-50;5;-20;-1;-25;-5;-19;-33;49;-13;39;-40;-22;-41;-37;18;34;35;6;-11;12;-47;-47;-49;-18;13;-40;34;-15;27;37;35;-25;-33;6;44;-25;0;36
-2;3;2;-7;39;-30;-19;-33;-41;8;-14;30;-36;40;-21;-25;19;-23;-22;-2;34;37;-23;22;32;-22;-37;46;49;2;-14;44;10;4;-17;17;39;27;13;-8;27;-36;10;-14;39;6;3;-1;0;-24;28;-26;-5;35;5;-15;3;33;-7;22;-18;-30;-38;-48;-15;-10;39;-1;48;-46;-33;46;-14;46;-13;-2;-23;-14;3;-23;35;-26;-35;2;42;-11;-36;-4;40;38;-41;-20;-46;-45;-38;39;36;6;39;11
23;-47;-11;23;-38;40;-39;-11;-14;-5;-19;-36;43;40;43;-20;28;49;11;38;-50;-45;-17;9;-4;-8;-20;-2;-36;-34;-39;27;-16;27;2;-10;-30;-29;-44;35;-36;41;-36;-7;-47;-47;-33;-25;28;-24;-14;-21;14;-50;-24;-33;2;11;-28;21;-43;21;34;-50;-36;-48;13;-18;-32;-44;-27;-8;-30;9;4;-36;-16;-32;21;-5;-21;-38;1;-43;28;4;-14;-20;4;-33;-44;-13;-42;32;28;-13;42;24;-47;1
-8;-6;40;-41;13;-44;30;-18;41;-7;6;-36;-13;39;31;32;-35;-22;-6;29;13;-23;8;-50;-29;-18;23;-9;1;-40;34;-16;40;12;-17;-46;39;47;-7;48;-1;-34;-16;-25;33;-42;4;-16;14;-50;-30;-12;-50;32;-4;25;48;20;-19;44;-18;-46;15;-49;5;-24;16;2;15;-9;22;-18;-10;-43;-15;45;46;38;48;9;-25;23;31;-2;30;32;-22;5;43;21;18;16;-49;7;-23;33;-34;-25;-11;14
44;43;7;39;49;38;-8;-20;-22;-6;-27;-7;29;47;40;24;45;-37;-5;-49;40;35;-47;-28;23;3;-42;38;26;-41;-25;18;-29;1;-14;-21;13;16;-19;44;-27;13;40;5;-35;-37;-38;28;29;-23;28;-39;-41;47;-39;1;7;-23;-19;32;28;1;-46;-18;25;-14;-29;-15;-39;35;28;26;-21;-45;-37;38;-16;21;11;49;-29;-46;-48;22;-28;-35;35;28;41;27;38;3;-26;-26;33;-26;-20;7;-18;20
-42;28;-47;-31;-19;-39;22;-35;37;-22;39;6;46;-12;-22;-3;-42;-28;34;-7;-29;-14;22;-22;-23;5;-5;-36;47;-28;24;-44;38;-18;-1;-9;40;-24;-27;29;-37;-3;-9;-18;41;-15;-4;-31;21;34;38;9;-33;-48;-10;-20;19;21;-30;30;-34;-15;-34;9;-25;14;3;-28;-5;-46;-4;-26;19;-36;-2;-39;-24;-16;-44;33;41;-47;19;-14;-18;-2;-40;-28;40;-46;-50;-44;34;29;26;-35;-4;49;9;-16
-32;27;-4;28;5;43;27;18;-25;-11;-31;-2;-4;34;11;38;6;42;0;-30;-13;48;-2;-23;8;-39;2;36;26;-19;-8;2;-5;-19;-25;-37;-49;3;-47;-8;-17;-8;37;-16;42;-16;42;34;-44;-32;42;4;-9;28;26;3;30;-35;-49;-35;13;-4;35;-12;18;27;28;22;-34;8;-8;21;-50;45;46;-9;27;-24;23;14;8;39;-12;-39;28;43;38;-13;41;-20;-38;-48;-23;0;-35;-48;18;-21;-3;33
11;-46;-6;-2;-37;-10;4;-24;-16;-21;34;10;27;18;-34;-19;-21;-39;-48;11;-34;-19;-36;-2;23;-7;-1;-40;-16;-16;28;46;1;22;8;-25;-28;10;6;42;39;-14;40;32;-1;-42;44;-39;48;-6;-37;23;-17;21;16;23;13;-6;-37;-42;25;-43;-27;-6;-41;-10;-36;-41;21;-10;3;36;0;48;-25;-18;-25;49;1;-37;46;37;0;-20;-47;15;15;-41;23;12;9;29;15;11;-48;-12;7;49;29;49
5;42;48;48;14;-11;7;13;2;-33;-32;48;5;14;-27;34;-25;-12;31;10;48;-28;38;40;9;-20;11;-17;32;-2;13;-47;-18;-38;35;-18;11;6;47;38;-48;8;-12;-48;-20;29;45;14;16;-34;-6;41;31;-40;-11;-5;-31;13;45;-36;19;-7;36;2;9;-4;-2;-17;1;-30;8;24;-6;32;32;32;-23;-28;4;-17;35;32;-13;1;33;-42;-16;-45;36;-22;-34;-38;48;-50;-42;-1;14;32;33;21
-17;-8;-39;-10;-48;-35;-49;-43;-24;16;29;-39;-10;-1;18;-11;39;-39;-3;40;13;-7;24;-43;23;27;-9;-23;29;-25;-42;-17;-24;48;-12;30;45;18;-12;38;31;-2;-43;-43;-32;-6;46;4;44;-7;-43;-11;-50;40;44;-2;11;-47;-33;-44;-15;42;11;-12;-15;-12;-2;41;1;-3;44;20;-35;43;31;-23;39;-21;27;27;36;28;-35;-33;2;-4;37;-31;22;-21;-29;44;-8;27;45;-29;48;-9;26;11
19;26;-17;7;-30;33;-44;-36;-2;-24;-17;42;-1;-29;-47;-40;26;2;4;11;-21;-16;-20;45;2;-45;-29;-15;-46;27;-26;45;-47;17;12;0;-22;48;-18;-21;-25;4;18;-29;38;-44;-14;-31;-1;31;3;21;-10;-44;-48;-30;-49;47;17;-24;-18;-16;8;-9;-42;-33;-27;44;21;47;43;1;-32;38;-24;14;-39;0;-40;23;-48;-28;27;48;44;-38;-10;33;-45;6;23;-24;8;33;-14;27;14;12;47;15
-12;3;48;-49;-23;34;-32;6;-24;-29;-23;15;-4;12;13;-32;-26;37;-38;-45;5;3;48;-34;-33;46;16;18;-40;49;-24;-29;-19;-1;37;-27;0;-19;45;3;-34;3;23;39;-27;-22;35;-38;8;16;-12;15;35;34;24;23;46;16;-10;-46;-17;11;-12;-39;-45;47;10;-10;40;-15;-3;3;22;11;0;-40;22;-6;-9;-22;-22;32;2;49;-33;-10;1;-49;-38;39;-15;19;-16;-37;-42;49;-32;-9;11;-3
30;-46;30;8;-24;9;-19;18;33;22;-34;36;-16;-36;-49;34;-46;-41;43;-14;46;-41;24;-29;-37;-48;-11;-49;-44;-35;1;4;25;-50;-2;25;30;-49;-16;22;-50;-8;26;-32;14;-11;-9;-50;-11;24;-13;-3;-40;-36;2;-3;-43;42;13;-8;-6;26;5;15;-47;-5;-37;48;43;15;-8;49;36;-1;10;32;20;-3;-46;-29;41;-31;26;-35;-30;14;46;-46;-5;-2;7;-21;-30;28;16;-7;-20;-30;5;20
-50;13;-32;6;-6;-18;44;-41;34;-42;48;33;-44;8;49;22;-49;37;22;-45;-8;48;49;35;-14;-23;-32;-22;0;-30;9;26;11;-10;-49;7;25;-6;8;-47;-19;-10;-46;-35;17;26;-20;29;27;23;-25;10;-21;-2;40;-42;43;14;7;26;-18;36;-23;21;-4;-46;39;-26;6;13;45;13;-2;17;-27;-43;-9;-5;-25;-17;25;42;43;-10;39;-24;-35;10;15;-40;-20;-50;-2;12;-13;15;48;-34;-46;-24
5;5;-7;21;-50;36;37;-12;-23;-45;-40;-43;-16;-9;38;-43;-40;21;22;47;-44;-3;-50;-29;-16;-28;-26;28;-11;-17;-36;-21;-5;-3;-23;25;0;-6;8;7;-18;8;-6;18;9;-2;23;20;49;-22;-5;1;17;36;-24;40;-37;43;20;14;30;12;-37;-24;16;-21;9;-21;28;-14;-18;40;-6;-7;-46;-41;8;36;34;-12;7;31;-46;15;4;48;-21;-15;-15;-29;32;-30;4;-6;-30;-11;40;15;-32;45
28;37;-47;-7;-42;33;-22;-46;43;-49;-8;24;-43;-33;21;-27;18;-10;-45;-17;47;26;24;14;2;-50;-24;46;-15;-24;-42;-2;23;10;17;-39;9;-21;29;-46;-46;-23;-8;34;6;-41;-21;39;13;27;48;-22;-42;-10;-48;-15;11;-7;32;-43;-25;26;-18;4;40;-4;41;43;-3;-44;-32;24;29;33;41;3;-17;-36;-9;-33;-3;-49;-14;-32;-50;-5;-47;47;47;37;17;2;23;42;-46;-34;27;46;-7;33
35;-11;4;1;-5;19;-39;-27;-17;-14;33;14;34;-27;-37;23;-41;44;9;38;8;-23;49;-31;49;21;-8;1;-34;35;35;-6;30;-26;29;46;19;29;-25;6;-15;23;-39;27;-30;36;-18;-45;25;-21;26;-17;31;33;18;-19;34;10;-9;40;10;11;-14;-15;-44;-27;26;4;29;-42;47;-42;28;-26;-33;-42;-37;-36;-18;-20;27;15;-19;39;-35;-39;24;-39;15;-18;-6;1;-26;48;8;33;47;-40;5;-4
-5;-34;-44;26;2;-5;-40;-14;8;-20;-33;24;-20;14;-48;18;-11;45;0;35;-15;-43;48;0;-5;-31;-47;18;39;-34;2;-17;-34;48;33;34;-33;-29;46;11;42;-50;19;19;-23;38;43;-39;23;-34;27;28;24;16;17;5;12;-12;-34;-40;27;27;2;-24;-38;36;-23;-27;6;-28;-28;-30;20;15;-29;-45;26;27;22;0;0;35;-6;14;-10;1;-28;42;36;-50;20;46;-23;9;16;22;-42;-36;-47;-26
-21;-14;-50;-26;24;30;-6;-4;14;-5;-21;-26;8;10;46;43;25;22;-38;-5;-4;-45;3;10;24;38;28;-21;-43;-6;-41;-28;-32;30;44;-28;45;25;34;-38;22;-37;-41;-17;-44;48;28;-8;-40;17;-23;19;27;46;1;5;13;-15;-11;-36;13;-39;-4;2;-24;-29;-42;42;14;28;-36;46;18;-49;18;-12;49;-50;0;48;22;-30;-11;-43;8;23;28;-5;1;-49;-34;-39;-8;-2;-50;-29;32;-46;24;-22
-9;43;-39;20;-31;-26;21;-12;-47;23;12;48;4;31;-12;3;13;-2;18;-47;-36;-16;17;30;31;7;-35;-8;10;-8;-25;-17;-12;-13;-40;33;22;24;-46;-49;25;-44;40;12;30;31;-50;-18;-19;47;-38;-18;20;-26;-18;-34;10;-44;-42;0;40;19;-26;43;-14;-44;8;-49;-39;18;2;4;2;20;-11;-42;29;19;10;-31;-27;-19;30;16;-44;-34;49;18;-50;29;-31;-17;32;19;15;-11;-44;-44;14;10
36;4;29;-12;-23;29;6;-39;9;2;16;-11;-25;35;-23;27;12;49;-50;-9;-25;-24;-30;44;-29;25;6;22;-35;35;18;-5;-47;8;25;23;-8;45;5;2;31;0;5;-29;-30;43;-32;-6;12;11;48;42;-15;36;45;5;-19;-24;49;-32;-10;-47;-50;-23;-29;-28;40;31;35;-5;32;-3;-46;-36;-41;41;7;-29;31;-47;-3;2;43;16;-35;-3;5;3;-39;39;38;-6;18;4;-14;-19;9;-37;-39;-1
-23;-7;31;-26;18;32;16;-24;38;-29;-47;12;-44;-42;-20;37;28;-41;9;-50;5;23;-25;-23;17;38;-17;-8;22;22;-23;26;-22;-39;31;-47;-17;32;27;6;-1;-17;-13;-22;42;-35;25;-13;-11;-44;30;-10;22;-7;21;38;-40;2;21;13;38;10;-30;17;21;19;2;30;48;34;39;10;13;10;-21;-11;33;-1;-13;46;28;39;-17;-10;-29;28;33;38;22;-9;4;29;-22;-31;1;33;43;-47;44;15
25;-48;-37;-42;-19;-40;1;34;-29;29;8;-21;30;-25;-23;49;-40;-42;2;16;27;16;8;-10;-38;-12;-48;12;17;28;7;-48;15;-35;24;-10;5;-11;-20;-16;2;-8;-35;17;5;46;-21;12;39;15;6;-44;-22;-13;21;-26;-40;35;10;28;9;-19;-8;3;39;-7;-36;-2;-42;-36;15;3;24;31;42;-46;3;-26;44;10;-30;-36;-25;-47;41;-15;-12;-41;31;31;34;-46;-12;-21;49;-46;39;7;8;3
4;40;8;44;5;49;-40;-8;-42;29;44;41;-30;24;43;23;4;41;-15;40;43;45;8;-28;45;-34;-43;-15;-3;34;32;-18;-45;-25;-23;-42;31;26;7;-3;30;-29;-37;-10;-30;10;20;13;-16;-1;23;-36;-7;-39;-20;36;-42;-35;-26;-44;-14;-50;44;35;-47;47;16;5;-27;-28;8;-36;-12;-14;-50;27;-36;11;-19;9;-14;-37;13;14;-17;9;44;7;-26;-24;-2;0;36;39;-30;-44;41;40;-48;11
-11;-32;43;20;-17;-22;45;-30;-6;-42;-4;-29;-33;-34;-44;39;-48;49;6;-23;21;-31;-34;9;48;-49;16;-29;34;5;-20;-48;9;-21;1;42;-10;41;-44;-42;-36;1;32;-2;-36;5;-33;-5;23;16;33;-42;48;-19;-27;-17;-34;-49;6;-9;39;34;0;27;-26;13;-7;2;46;-20;-45;-31;44;-10;-26;-17;13;-10;41;10;46;7;-42;-13;32;-12;-35;30;-11;22;18;-36;29;-31;-20;-1;24;8;-43;5
-18;20;-31;11;-40;-37;13;11;-46;-31;-17;-25;-9;0;15;7;26;-23;13;-5;-32;22;-15;-46;45;-28;33;43;-7;-1;49;38;-1;11;33;49;-17;-22;-49;-25;5;-17;-21;-27;-17;-27;46;-39;-6;40;45;38;-4;-35;3;-6;6;-32;33;-47;-29;-50;-30;-5;-13;16;48;-23;12;40;-9;0;-16;-45;-6;38;-22;-6;-22;35;17;7;9;46;7;-33;-34;6;46;-44;13;-36;11;29;16;-12;44;-39;-35;3
-37;-18;12;-35;-44;-7;-20;1;33;-8;-50;30;-47;-27;-22;-36;44;-39;-32;-20;-19;48;-27;29;41;20;-26;19;-33;49;-31;-9;-50;-21;-38;-8;-23;32;-34;47;-49;29;35;30;15;30;7;26;22;28;16;-5;45;-48;-22;-21;6;16;-32;18;-46;-46;-34;38;3;-8;-18;40;-10;37;44;35;-5;-48;-50;18;5;13;21;-17;-41;8;-28;45;-14;45;34;-37;8;38;-24;45;24;-14;-36;17;47;-41;-34;13
20;11;8;22;32;-13;-8;31;9;23;-49;37;-43;-39;5;-30;-13;-39;1;9;-27;43;-40;-39;-18;16;-28;-32;-29;-14;-50;15;-21;-36;-4;-40;-27;41;38;-44;-45;24;30;-15;-16;40;-50;13;-8;-50;-50;39;-5;16;22;-9;45;-43;-14;-49;31;32;-14;25;-3;-37;-44;-32;28;-20;-35;-31;17;-3;-1;43;42;-42;41;-46;20;-47;38;47;4;11;-28;-5;22;-30;-33;-44;30;-38;30;-4;-30;44;-6;28
-30;-35;-16;-14;-25;-12;-12;-47;47;2;47;2;28;-32;-4;1;-15;-35;0;-23;-14;48;-15;-39;-29;-41;40;-19;-49;15;-37;-43;-16;49;-6;10;13;39;43;-50;-19;-37;-22;43;31;31;22;-50;-17;-25;-35;-25;-22;-43;30;-37;-12;-32;-45;-2;36;-23;-28;10;-17;-40;-3;-12;-33;43;47;-32;-37;2;-44;-30;46;5;-33;35;35;-15;48;-3;45;5;-27;-43;-22;33;-45;-43;10;49;-31;20;-4;-17;18;46
-5;-34;19;-18;31;30;48;28;-43;-23;1;20;39;6;-48;23;32;31;-30;32;-20;40;33;49;-9;20;-24;0;49;29;-36;48;30;17;-4;8;-37;27;-29;0;3;0;38;-7;18;-7;-1;6;-38;2;-10;4;12;43;35;-23;-28;-38;22;24;-22;-16;-27;31;25;19;26;4;4;-12;23;17;-35;-11;18;26;-44;16;-10;-23;16;36;-9;24;28;-6;24;-38;31;-26;37;-34;45;41;-6;-29;-26;16;-23;31
24;-10;45;13;29;37;-44;-24;30;-16;0;17;29;8;25;45;20;-29;46;26;-14;-48;-47;-12;44;1;40;20;17;19;6;25;19;-10;-34;24;-19;31;-41;5;31;15;-1;24;13;-24;7;-6;11;-15;41;-3;39;40;34;-14;30;41;9;-30;41;-48;-25;-34;14;-46;-22;-11;-7;-15;-16;37;-32;40;-10;7;16;-16;-8;-25;22;-50;14;-35;26;-37;37;-14;-2;-24;-12;13;-6;44;31;48;-18;-33;-38;35
3;18;6;17;-16;11;-24;5;46;-27;30;-42;-38;-18;-35;39;-32;39;15;16;6;-20;11;-50;25;20;44;41;-4;28;-26;3;28;-34;18;7;44;-32;18;43;-25;39;-1;-21;-42;-25;7;24;-28;-10;0;-18;-33;37;49;26;-17;25;25;-15;20;27;28;31;12;31;28;32;37;-47;-30;-35;14;-13;23;-23;28;-34;-7;39;41;43;8;41;12;10;25;-29;-49;-26;17;-10;-18;46;30;-36;15;-12;35;-10
12;-9;45;-35;17;10;-28;28;-46;-3;13;-49;-11;-20;-7;-6;9;-19;9;1;5;15;39;29;-11;16;26;6;-24;-39;25;-16;38;46;-36;41;-45;40;-29;-27;-43;-4;-37;34;5;-20;12;-30;-34;-4;17;30;17;-6;1;0;-3;4;-25;18;15;43;-21;38;48;-11;-26;-5;-35;-31;-39;-30;-10;32;18;-20;-10;-39;0;7;-19;46;-6;47;6;49;-15;38;-50;25;-50;14;-15;5;37;21;-37;-44;38;26
-9;-20;33;-17;-2;-32;-29;-43;1;9;-43;12;40;36;-11;-6;28;-19;24;21;23;-41;9;-21;30;-47;-19;46;9;-24;-7;44;11;17;29;2;-29;31;22;-22;-38;-39;31;19;11;-12;43;-29;42;-8;30;44;17;33;36;-45;44;-26;-27;26;5;8;41;-40;-14;33;-15;36;-2;10;-26;43;-37;-43;28;19;-26;-38;-25;2;-2;-9;25;-1;12;-6;5;21;-37;-11;-10;45;47;-19;-10;32;-35;29;25;-38
25;-20;-50;-13;-15;41;37;-16;29;7;-47;0;-39;-8;29;-29;-42;11;27;22;4;39;-31;-5;27;-23;-19;18;-36;33;-20;32;-30;-42;43;19;39;37;-38;49;-30;29;40;20;-13;-36;-46;30;-28;-47;-28;42;-23;-40;49;2;35;27;32;-40;-49;-35;7;-50;-6;48;36;-31;-41;-50;-41;-27;31;13;-43;15;27;23;-31;37;7;30;-5;-35;-50;-44;-45;-1;35;-49;31;14;13;-27;-23;-22;-3;46;-36;26
11;-10;-12;36;-42;-47;-1;-50;37;11;-12;-29;-41;35;-42;5;-5;-28;-22;-20;21;-17;-13;28;18;15;22;-40;10;-17;22;21;-38;33;-44;-48;24;0;34;-40;3;19;48;11;-10;32;37;-41;49;46;0;-20;19;12;24;-1;27;10;23;-39;30;-17;-3;-6;17;20;7;-20;13;-48;19;-36;-8;36;19;-50;-37;8;-8;-32;20;-4;-12;-29;2;49;48;-29;21;28;-29;-35;37;-11;49;27;-48;-25;39;-16
14;15;-13;11;28;43;1;29;8;-31;12;3;-42;-15;-23;1;-46;41;8;-38;-8;-1;-37;-1;-22;-43;-12;38;-41;-9;0;-33;-32;-10;24;30;-42;1;1;-21;-38;10;38;-25;8;-14;29;45;4;-1;15;14;38;-10;-47;46;29;13;-1;-39;24;-1;30;-3;-13;18;30;-21;14;-46;-27;1;-18;35;30;-40;45;-21;-38;-31;-26;-2;-45;30;19;16;18;-4;25;32;17;25;29;1;0;43;0;-21;14;42
2;-42;19;43;-40;-48;35;-48;47;0;-12;-11;-11;20;48;47;-15;-6;49;7;10;-14;30;-34;8;-12;37;31;48;-5;-13;-19;30;-24;22;-38;-19;18;-22;-12;-16;-48;-5;20;47;-39;-34;-10;16;-16;24;-30;-46;-31;-34;40;-11;-7;2;25;-30;-48;-20;2;-36;-26;-35;-42;-49;-16;-28;34;28;32;-9;-4;-45;-21;-27;-31;-19;4;-38;26;-42;36;0;40;43;-11;-9;-27;-8;-8;21;-15;-17;47;39;49
-47;39;20;7;-11;-10;39;33;-8;27;26;18;12;16;-13;-35;43;-29;48;8;13;-31;27;8;-30;40;42;24;5;-8;-23;31;3;31;47;18;22;7;26;44;-36;39;-11;-43;26;-2;-1;39;37;17;-13;39;31;-13;40;-2;-47;-28;-24;28;-14;47;-14;14;-26;16;27;-42;-41;44;-45;-22;2;46;30;-6;18;-13;46;2;39;13;-50;27;-1;17;0;-10;-41;-29;26;-7;-4;-23;-16;-10;-47;-14;15;-14
16;-47;-6;43;-13;-14;-46;-13;21;42;-8;9;38;22;-29;-35;5;-43;16;14;-16;3;-30;-25;32;-46;9;-25;-5;44;-38;-42;-44;-3;-34;14;47;2;-25;35;10;-49;-45;-29;-12;-25;-17;21;39;-7;-42;-24;-32;12;-1;-42;-36;-10;-43;-36;-18;11;-25;18;24;-39;-19;-7;-30;42;45;-41;-36;29;0;-28;23;-12;17;-47;26;-15;13;25;43;-32;-40;-18;29;13;41;-27;-10;-3;-50;42;-18;43;-11;49
44;16;44;-14;45;-40;12;-6;32;43;-14;42;-38;-48;13;-46;28;35;20;21;-19;-15;-9;0;47;-49;5;5;-31;-8;48;-25;26;36;12;-12;11;-22;-50;32;-13;-41;15;-14;13;-2;11;4;-32;27;-34;34;26;22;-37;10;-2;47;-17;-13;26;-17;12;-16;12;6;-33;3;-50;21;7;-14;-35;-40;2;-6;-20;20;-6;-37;13;-32;-13;-39;4;-11;47;-21;-39;-48;0;-37;15;-1;33;22;-42;41;-33;-35
44;-10;-46;22;46;-7;9;0;19;41;-16;-14;19;4;-35;-37;18;9;-44;9;-42;1;49;6;-44;-1;-6;31;1;11;-50;20;-4;35;7;-1;34;-14;39;-30;-42;-11;26;34;-17;28;31;-2;-21;44;-33;-15;-2;-5;34;-30;42;-35;0;-12;-33;1;-44;-14;-21;43;-46;-35;-19;23;-20;-15;25;-33;-6;-5;31;-5;-35;44;-8;16;16;6;-1;23;35;18;29;-11;-49;1;-20;41;48;-24;30;34;32;-8
49;-41;26;-42;26;-40;-44;49;26;-48;-10;37;-21;-28;-39;7;-13;49;16;22;-35;18;8;11;28;-29;-2;26;-10;45;41;-4;39;-25;20;-19;24;4;-23;-32;-49;47;21;34;42;20;-2;0;-25;-37;12;-27;27;-27;-50;37;-50;18;-37;-49;6;15;-32;22;45;38;-8;-31;32;32;24;22;40;-43;-16;49;-39;-40;-20;-27;36;45;23;-3;2;-34;-50;29;13;22;-37;49;49;11;-23;-16;-9;-9;-48;26
-1;-29;-25;-48;-41;-31;-39;-30;-9;-41;-47;-43;11;-18;42;-15;41;18;6;44;45;14;25;-27;-24;14;27;24;-10;-10;15;-9;45;-41;49;-7;48;37;41;44;4;-32;29;6;6;-8;-28;23;-5;-9;-16;-4;21;30;-20;-24;22;-40;-8;-11;-7;23;-1;8;28;-19;5;26;-49;-39;-21;-42;-42;-24;20;-32;29;-1;-45;37;-40;-38;34;15;27;-38;11;-30;-41;-40;2;-29;-31;-28;-10;-50;1;-31;-28;-2
-2;35;-16;-13;19;-33;0;29;-31;-24;-7;-30;-24;9;-49;5;27;-45;-41;3;-25;17;49;-45;33;13;-2;-25;21;33;19;13;-1;25;6;-28;28;49;2;45;-28;8;27;-15;18;18;30;-25;46;14;1;-7;12;-24;30;-31;-26;-45;-22;-5;3;-6;-1;-19;48;10;-10;25;6;-47;-19;-50;-2;-42;-32;7;7;-4;43;-19;47;11;11;-34;15;-13;34;41;40;-30;49;-18;33;-39;23;-46;1;-34;35;-46
-17;28;-38;-46;-22;20;25;40;-12;-30;5;43;29;-38;10;41;19;44;-16;11;-20;47;18;38;35;-49;-1;45;-35;-18;-5;-43;-49;42;25;21;29;-22;43;-27;-38;-4;-46;1;-49;-5;-29;29;33;-11;-19;20;20;13;35;-39;29;30;29;28;2;42;35;21;36;-42;-48;-39;49;35;23;32;-17;-40;14;14;-16;-26;13;37;32;-25;11;-20;5;38;25;-29;13;19;-21;-2;0;10;28;1;2;-27;-19;-16
8;-15;-21;-15;-24;38;22;-36;-8;-31;45;-2;-40;-20;37;22;9;-10;21;-10;37;9;-38;7;34;-32;4;38;-28;-7;-24;-1;-26;-11;15;38;-17;37;34;-33;16;-27;-31;31;18;39;-4;8;-6;-44;26;37;-42;42;-10;-44;24;9;-23;-14;-28;22;-19;-1;6;21;-39;34;7;-12;45;2;16;-38;-6;15;-46;7;-15;-1;19;45;18;38;-48;43;12;-18;22;43;-26;45;35;-6;-38;23;24;-25;13;23
33;44;-49;-26;-39;37;-41;29;-48;-20;2;-41;3;-39;9;4;-34;13;-48;40;32;-34;-39;-25;46;-20;-4;3;46;45;-19;-30;10;-21;-40;-41;-35;6;-42;22;25;-42;-30;41;-41;-27;-31;-14;40;-47;-34;-11;27;48;-26;19;-45;-13;-35;-32;18;-22;36;-11;-26;36;-36;-43;-27;25;-23;-21;25;38;-5;-1;33;-48;-10;-46;44;-45;23;7;5;38;4;27;13;4;-15;27;12;28;42;7;17;-8;47;14
27;-38;-13;-32;23;-31;-15;41;-3;-50;20;-21;-38;32;-7;23;-21;21;-31;7;-34;44;-27;17;-13;42;30;26;42;-18;32;18;-8;16;-5;-7;-38;-11;44;13;-43;44;-35;-37;-43;-49;-26;5;8;19;-39;19;1;8;-31;-44;-28;2;-4;19;18;24;-13;37;47;5;0;32;-23;23;34;37;-34;21;-49;-42;41;-3;-40;32;26;-28;49;-9;-2;36;34;-10;-49;-29;-39;-6;-22;10;8;-30;34;-14;37;-19
25;36;48;-42;22;34;14;-33;2;18;-47;20;-20;-27;-15;-17;28;-17;-15;38;-15;-19;-14;-6;25;12;-2;17;-44;-24;-7;-15;15;-11;-5;-29;49;-20;-15;19;-3;29;-45;-33;11;1;-24;-25;38;-9;-48;-27;-10;-35;32;-26;48;-31;-23;-21;-11;21;-8;-16;-20;-40;-28;-31;10;49;-38;48;-29;-4;-34;10;23;44;23;43;-45;-9;-26;2;29;-27;-23;21;23;-10;41;-3;5;16;31;14;-28;-21;-48;-33
27;-44;42;-49;31;-46;-17;-3;-29;2;-49;39;21;6;-9;7;10;3;29;48;-41;-50;36;-20;18;19;16;-40;-13;3;-28;7;-45;8;-31;18;-21;22;-39;-28;11;16;-49;29;13;-32;-31;-35;9;15;-30;-29;-34;42;13;-32;-34;17;-1;19;24;33;-1;-29;-49;29;27;-44;-24;18;0;-16;26;-29;-41;18;44;-16;22;14;-12;-12;29;-28;-49;35;-46;-7;-3;-45;21;16;42;-30;-19;15;19;-36;-45;-41
-34;-37;-29;-28;-19;-50;29;-31;28;11;42;-10;-10;0;27;-41;38;-15;-16;37;19;49;-21;2;-3;-19;41;16;34;49;-26;-41;-15;-32;-8;47;45;-28;-40;-34;-8;43;-18;41;13;-18;38;-39;-18;-46;44;-1;-5;-25;11;25;40;-2;-5;-8;15;-8;45;-1;1;-49;31;10;42;-13;46;42;-48;-33;-45;-28;-8;-11;-6;5;24;-25;-4;-21;-7;34;21;-33;25;-23;20;-40;38;-47;49;-31;-45;27;7;41
27;21;2;43;15;47;-43;-25;12;-34;43;-17;-40;-6;-44;46;27;-45;27;27;44;-41;17;47;1;-3;-22;18;-23;-12;-13;25;-49;-8;14;-14;33;3;-33;-41;-7;-33;-22;-31;15;-26;48;46;-13;13;-35;-32;21;12;24;-22;32;-31;-21;-4;27;40;-3;26;-43;-16;-39;-23;39;-32;-29;-47;23;33;42;-31;-48;18;16;49;33;-5;21;-27;-32;-13;-4;-18;48;-31;-37;22;37;0;-27;10;-41;-8;-13;15
-31;22;35;-49;-11;-7;-30;10;-35;-2;5;24;4;34;-36;29;-46;-19;44;-8;-27;-15;-28;32;23;14;29;-41;20;40;-26;-17;-11;-10;33;4;4;43;-27;8;-50;13;26;-3;-43;-5;-30;24;-16;-6;33;-14;-6;11;-32;29;45;-38;48;27;-25;4;-50;4;43;5;-36;-34;3;-20;47;-10;-8;33;-17;38;-1;48;31;-15;-16;22;-17;-47;-46;47;46;-45;-34;34;2;12;46;-50;-41;-5;24;-23;-44;18
-21;-18;30;-48;-17;39;15;40;-26;43;1;19;-2;31;27;24;20;39;-38;-11;34;-34;-18;-36;42;20;-38;15;-5;38;4;-8;43;23;-16;11;33;37;6;11;39;14;17;-6;-30;-8;30;-29;32;-23;27;18;-1;-50;-43;16;45;-5;-1;7;-7;-31;-18;29;31;-47;35;27;45;-1;-4;32;-9;20;-34;5;48;-38;-1;31;35;37;-1;-30;14;10;-35;1;-7;20;-49;40;9;-12;8;31;25;-11;2;22
6;0;12;21;12;-12;48;-38;-31;-23;-25;48;-39;-11;44;-33;11;28;36;16;-28;-48;-37;46;-23;-10;-16;-19;39;33;33;18;-15;39;-44;26;-35;-38;-33;-10;25;-20;19;-44;-40;-26;-11;4;11;0;22;28;-14;-36;-5;43;-27;23;-35;16;-43;-25;-43;-25;-13;1;7;47;28;-26;-47;-32;21;-27;-9;-12;-24;31;-17;22;4;-25;-16;8;40;-6;-10;31;18;-17;-12;30;10;-34;42;-30;-43;-37;-37;30
-19;-8;42;-25;-25;-8;-16;27;-21;-31;32;-40;48;49;-42;45;48;-26;9;-10;-15;47;-14;6;49;-17;-14;33;-15;-7;-20;-8;6;47;44;16;-4;19;40;-3;41;7;-24;24;-40;22;-41;-12;-39;14;-7;-24;-12;-31;-40;5;4;-41;22;29;42;33;-14;10;30;-25;32;23;-16;-40;-25;20;-36;-46;-13;-44;-11;17;28;-48;-13;-10;-32;5;29;-18;-9;-48;-25;10;-50;-47;-36;41;25;-29;-29;-37;23;-27
25;-50;25;31;-17;47;-42;33;23;-30;29;49;31;42;-16;8;43;20;-1;12;28;-21;-23;27;4;39;-4;21;7;11;19;-22;-41;3;43;7;21;1;-30;8;-20;31;24;-11;-46;-38;-48;11;23;-30;30;4;46;4;38;-24;-24;-23;-25;-28;31;28;18;-45;30;-50;25;29;35;-47;-36;-48;10;-48;-41;12;-17;-20;-23;42;30;-25;-26;-36;-22;47;27;0;28;13;26;35;36;27;-10;31;5;11;-27;-35
-3;-24;32;37;38;-4;-31;-33;-6;-40;-26;45;12;11;-45;-4;-36;43;-2;38;-42;-31;42;23;-45;6;-38;-22;6;32;-21;48;19;-48;46;-9;7;-20;-2;19;15;-20;-13;-4;-34;-37;30;29;-11;-4;-33;35;-18;38;-41;7;-35;-45;38;-16;-39;9;19;4;-33;10;-9;18;-50;-35;38;35;42;-18;20;-3;-45;35;-12;-40;-20;46;37;-30;-6;44;43;9;-37;14;12;46;22;-44;-29;21;-47;-8;21;-46
-29;17;13;-48;30;-23;-2;41;26;23;-24;-20;-47;30;-18;-22;-47;45;-4;-24;45;-35;-30;37;22;33;46;-6;-33;17;-31;19;27;-46;48;-44;-17;43;-10;25;26;-40;-23;-36;32;35;-6;-28;32;30;20;-24;-24;-33;24;-44;29;35;-8;-24;-17;-4;18;19;-6;-48;33;-11;-26;-12;-31;-44;2;10;44;-7;16;41;-8;-2;34;8;-9;46;34;-37;29;-42;-19;-3;-14;-15;-1;-31;-50;49;-33;46;-33;-27
7;-40;48;7;33;-1;-46;12;-43;-27;-7;-12;28;-23;-14;-34;-7;35;-1;-48;-27;8;6;-39;42;-10;-7;-3;-33;1;-20;21;46;-50;9;-11;46;36;-12;17;-9;6;22;-50;25;33;-37;-38;-19;-43;-20;-12;37;-35;5;-32;20;40;-32;-8;-42;22;-43;-47;-13;42;24;17;-31;13;10;-34;-18;32;44;-30;13;-47;-17;-28;-15;29;-38;-27;-32;-24;-17;-23;0;-32;-3;33;-40;31;-32;-22;-40;-43;-7;-47
-31;-17;-1;-31;49;-9;22;-47;6;3;-33;-10;-49;-16;-9;36;-49;24;3;-47;-9;0;37;40;32;-17;29;15;47;-40;-9;-25;40;42;-9;43;-46;49;3;45;-4;19;15;1;-11;-9;-41;46;40;26;21;9;-22;-43;-50;-2;-34;-18;41;-21;-28;-29;-43;-16;3;18;-26;-11;-13;2;-29;-15;-34;-34;21;38;39;-14;-15;-31;-25;-30;24;44;31;13;-17;23;-8;1;26;4;12;-19;-4;13;-5;-11;-8;-12
-34;38;-34;17;41;-30;0;-10;-28;-23;-43;15;-3;-30;-17;21;-8;-19;-23;26;-50;43;-10;15;25;-15;-49;49;-49;-49;5;28;-14;28;31;38;-49;23;-27;-4;42;19;37;-25;35;39;-46;22;-50;-39;-42;39;-2;17;31;15;-34;36;31;-41;32;-49;16;-21;37;-23;32;29;1;17;25;-46;2;37;-20;-44;11;34;46;7;-17;10;-20;43;14;11;11;38;16;-38;-40;36;2;19;12;-3;-38;36;45;11
15;-21;16;45;-8;-26;23;10;-13;-29;-22;-29;6;44;47;43;21;8;-8;49;-22;-36;28;12;-47;-46;-5;19;36;12;-8;23;32;-26;-48;7;6;32;-19;48;-38;-22;21;-15;48;10;-9;14;39;-37;-38;-17;-18;-8;8;-17;-8;-28;-2;-14;32;29;-19;39;-49;9;10;-32;-11;11;44;48;10;19;20;-16;-1;-31;34;45;-44;31;0;-19;-3;-21;35;-48;-25;-9;-4;-47;17;-17;-39;16;-28;-24;-3;3
20;29;-43;45;-31;-25;15;14;-33;30;31;-48;2;48;48;38;38;30;-8;34;-12;15;40;-49;26;-35;36;35;6;40;-37;12;-45;-32;2;-9;-35;49;25;-47;30;-1;-32;-40;8;-39;27;-38;-17;-30;43;-16;-44;49;25;47;-50;-24;21;-22;-50;19;13;34;-22;-42;45;29;4;30;25;-15;-8;9;21;13;15;39;5;-46;-12;-38;14;-12;-42;-24;-33;-43;-27;29;-7;12;5;-39;35;-45;-11;-32;1;26
-31;40;32;22;-14;48;-23;-48;-14;4;-49;39;29;47;-50;-50;5;-41;-25;-1;8;35;-36;-23;46;12;46;-26;26;0;-7;9;0;44;34;10;-38;42;28;-3;34;49;-3;-46;30;38;-23;-13;45;-21;9;-4;-28;-50;-38;-26;-4;11;2;-22;-36;-32;14;-19;-29;26;-12;-13;-10;-7;3;-30;-2;-18;28;20;-30;-6;-44;-6;-22;39;33;-7;39;6;11;-41;-19;-44;-8;2;41;-12;-3;-49;-45;-32;-34;-16
-47;20;-44;15;7;45;-28;9;7;-16;39;-23;-38;-3;-47;-48;31;42;47;-49;14;15;9;40;4;9;-1;6;23;31;40;-24;-32;-33;46;46;-10;-28;47;-26;42;36;-12;1;-35;41;26;-15;-29;41;45;-45;-34;-8;47;-42;-18;-20;0;-47;10;14;8;-2;7;-37;-21;-3;-6;-22;-16;-48;32;20;48;27;11;-45;-34;17;-43;-31;-20;1;-32;36;48;5;-39;30;-15;47;39;-21;-28;38;-44;38;3;-24
-45;-44;-38;6;-28;-38;-44;-29;47;1;-9;-43;-4;6;-32;39;2;-26;10;-18;44;25;-33;-15;-40;22;30;-35;25;1;29;39;34;-13;-44;-35;-47;7;32;23;47;9;-16;-19;34;-40;0;-19;28;15;-15;19;-41;9;-14;41;-47;21;0;-25;0;-13;13;32;23;9;2;-16;-8;20;40;-3;28;-18;41;-25;49;-26;25;-14;49;31;48;3;-29;36;-43;30;-34;-37;36;49;-25;26;11;13;-34;-36;23;-44
-41;10;-39;-20;-27;5;22;-46;-28;-43;35;6;-29;13;15;-40;47;40;-13;-13;6;-49;25;-7;13;40;18;-21;-27;8;-45;15;-24;11;-1;2;-24;9;24;8;-47;-8;16;26;-41;48;2;-46;29;42;-26;23;44;-8;-11;-35;-24;18;16;3;17;9;35;-38;-30;0;-32;5;25;-38;-38;-45;5;18;47;41;-12;41;-33;28;11;-5;20;44;13;29;12;-14;-41;43;17;33;28;-49;-20;-25;4;3;29;24
22;15;43;46;6;-24;-17;-27;36;6;21;12;-33;40;-29;-3;-10;-15;40;3;40;48;-36;32;-46;-29;19;45;28;17;-29;-49;27;-35;35;37;46;-47;38;42;-44;-21;-20;-23;-9;2;14;6;21;-7;44;16;-28;-20;-6;-25;-14;10;44;-31;26;32;-16;-4;-49;-27;5;-20;-46;10;45;4;-30;35;41;17;-43;-43;26;-3;38;8;31;-4;26;-38;-23;-13;44;-10;45;8;-16;-45;18;38;-4;-29;-50;-35
-33;10;-8;-14;-35;-11;-32;-16;-18;-10;-1;2;2;6;-31;-43;-16;17;-49;-39;7;14;-39;33;16;-25;-35;-28;22;19;-43;23;18;44;23;14;-35;-22;28;-34;32;-10;19;-48;-49;44;-42;18;-21;-20;-37;-48;-10;-12;-41;-38;8;44;-37;19;-39;22;-39;-40;-41;-50;39;-2;-7;26;42;-40;36;-20;10;13;28;20;12;39;35;-23;12;-35;-46;2;-40;-48;16;35;-44;12;-45;43;-5;9;9;30;41;-31
1;-39;15;17;-47;37;17;22;-3;44;0;14;-17;5;-6;-23;8;-6;-36;-21;9;38;-22;-42;22;0;36;-16;48;-36;-42;-32;-20;30;31;36;34;-7;49;-33;-32;9;40;-36;-25;11;47;-46;30;-18;26;4;-22;11;26;-32;-14;20;32;-49;11;-15;-35;-7;-24;11;-8;-7;-22;31;-33;-32;-23;38;38;-17;-11;-50;30;-24;-21;-25;48;-47;31;-27;-48;-45;-18;-22;-23;-19;36;14;24;3;32;44;16;15
-46;-38;9;31;-4;17;2;-13;-41;11;-45;10;8;-1;43;40;-12;35;-22;-14;35;23;10;-25;-46;-5;-23;1;-50;21;41;19;-36;-24;-2;11;49;-10;22;-30;-37;22;7;4;-31;36;30;-10;21;-5;44;-12;34;0;31;-46;-22;11;-24;-26;-7;33;33;-25;2;1;16;-25;-45;32;-46;-15;42;-49;-40;46;23;-14;-32;29;-41;33;-40;32;-34;-47;20;34;6;-40;23;12;20;-29;29;47;-18;-21;27;-50
36;1;-48;-31;28;-27;-5;45;-9;-9;18;-34;2;43;18;42;42;-3;-5;2;-49;18;-50;36;47;24;33;-45;25;43;-11;-22;36;-37;-6;33;-14;46;20;-34;35;14;-31;7;25;-28;49;37;-22;-3;7;-18;-31;-35;7;48;38;-16;-15;39;12;20;19;-7;49;26;-46;47;-26;-46;19;26;-37;14;-39;-31;-47;-1;14;-2;3;-48;-32;29;-49;20;-35;4;-8;-8;-1;-2;-13;-49;-12;45;-38;39;-26;-39
-49;25;27;9;-46;-48;-39;-37;16;-21;29;-7;-49;24;22;-7;34;-35;-43;48;43;-34;-11;8;-47;-42;26;-2;1;-34;-15;-14;-7;-8;-12;-44;-43;-33;19;-35;10;-38;7;-17;15;-22;-49;-28;-44;-20;28;12;-25;9;19;-26;-32;0;43;-43;-43;-23;-18;-46;4;-43;24;-6;-48;-37;-15;-8;-39;-28;40;-15;41;-5;43;16;-50;20;-40;-15;-40;9;-23;-39;-31;12;-33;33;22;-32;-43;-22;-47;4;-36;-15
19;26;-32;23;-45;-39;36;-47;9;-15;40;46;2;15;-40;-30;-41;-43;21;33;20;15;4;-23;2;37;-34;-45;46;-28;22;-14;-31;33;-10;-33;-45;-18;-43;-50;0;31;-48;5;-40;-18;46;-2;1;25;36;1;23;6;-27;33;15;-37;45;-18;-35;21;-1;29;5;-18;-19;45;-4;-23;-32;23;47;-14;4;-7;41;-31;12;46;27;-17;9;-41;-22;29;49;13;-42;42;-5;-22;-2;5;-26;10;-35;2;-13;19
5;-21;34;-37;17;34;23;31;14;26;-50;-47;-1;8;22;19;-42;-43;-41;-44;-8;-44;2;39;-32;-12;-24;-22;38;-22;47;-48;-35;-12;11;-10;-7;-2;-33;1;15;-7;26;-43;-4;44;22;-38;20;-42;27;-42;-6;39;-29;-16;12;-29;-26;-3;46;47;8;-44;-34;-12;39;-13;-26;32;4;-12;29;-2;9;-26;-13;41;-11;19;-38;-46;26;43;4;-15;-42;23;4;44;36;36;-5;-21;-11;49;-17;-12;0;-34
16;-44;35;25;-7;15;-8;46;24;-4;34;-48;-28;16;-31;23;27;10;-41;49;-8;-2;-22;-27;-48;-2;41;-35;40;23;15;3;-22;22;3;-6;15;-2;18;6;31;0;-1;48;-38;17;-1;34;-34;4;-12;0;-13;-27;19;45;-21;-47;-50;40;7;28;-23;-29;18;26;-38;9;7;-50;12;45;40;-35;44;26;-7;6;13;-37;-42;7;35;-31;41;16;25;30;-37;-11;0;25;46;-30;-45;-49;46;49;-37;-8
5;-30;-5;6;38;24;-19;-25;-34;-15;34;34;45;6;-31;9;-24;39;-14;-41;-44;17;-31;-18;34;-15;-1;26;-37;-13;-23;-43;11;-16;14;7;41;-5;-12;45;43;-48;-18;-14;46;-7;-29;10;-49;-22;-15;-5;8;-28;-1;4;19;44;22;-46;5;-30;-15;21;-42;-25;10;2;-4;15;-11;-38;4;24;23;5;-7;-13;-44;-36;10;34;34;-10;-40;3;-30;-4;-9;47;2;0;-50;0;-5;8;8;-48;17;41
17;-49;0;-31;-13;25;39;6;-15;6;13;-31;22;12;-18;-35;35;-50;-32;-13;13;-50;42;-39;-33;32;-5;-9;10;12;35;-43;19;2;-29;35;-36;27;-48;23;-35;-11;-7;32;41;-2;1;-43;19;46;35;49;19;33;-17;1;-35;29;19;10;29;-35;1;-30;28;-47;25;-33;8;-39;0;-36;-19;15;17;-21;42;43;-45;-24;-50;-37;-30;7;-18;-42;37;49;-1;-42;-4;35;-44;19;-35;15;-49;-1;-43;-21
24;-16;37;-16;24;8;-29;-12;27;-25;-37;-18;-37;-40;-42;22;-39;1;-27;45;-25;-36;-7;-42;17;8;-32;34;-29;21;13;-45;-30;18;-34;18;9;-25;-15;30;-16;-44;46;-32;-28;-48;17;-10;13;48;5;-31;-23;17;-44;40;-26;-23;-19;-41;-22;18;-39;40;-40;-1;-49;-42;6;-27;-7;0;-30;46;-40;23;49;1;5;21;-12;27;40;45;-49;-48;15;28;36;-1;21;-42;27;24;-38;-8;-38;37;-49;32
0;48;-3;27;36;14;-41;39;39;-13;25;-23;-40;11;26;-48;22;-38;-1;42;-22;-9;36;-39;-21;9;-38;26;0;-30;-32;-8;-50;-24;-44;38;-23;11;-19;-46;-18;-48;1;10;-32;-5;-38;-17;11;6;-45;0;-13;8;-12;-30;12;15;10;-37;33;36;-21;48;36;11;-2;-2;-21;35;-28;22;-47;49;5;46;33;29;30;-9;-10;34;24;43;3;14;29;-3;23;19;16;41;31;4;12;-40;48;16;14;33
31;20;-39;-33;9;30;-3;-41;-35;34;-15;30;-14;-5;20;34;3;-30;-48;-15;1;-13;36;-18;47;22;-30;38;9;20;1;49;-42;2;-9;-14;-34;38;45;-40;-5;-8;26;10;33;-33;30;6;-16;-41;-11;-3;-23;-41;47;7;23;17;-28;15;-3;14;-12;39;22;-37;-34;46;-7;12;-31;-46;31;-16;22;8;-38;-26;-3;44;-41;-39;-50;-47;-32;44;-18;-4;11;-21;-34;-35;39;-41;0;-14;-32;-37;-14;-21
44;10;-40;-30;26;35;-38;48;2;44;30;18;-46;-19;10;-49;-33;8;-23;39;-5;-42;-24;40;8;-41;32;36;40;14;-38;44;-2;-14;-9;-34;-24;15;-49;28;45;-38;-6;-3;-12;-36;-43;42;-26;-1;0;-21;42;19;32;-37;-39;-46;27;46;-13;-34;45;45;18;-1;-7;-21;34;35;15;40;-43;45;7;-33;-49;13;-45;45;-10;-2;-40;-9;4;12;0;-12;-35;14;5;22;35;-13;-49;-38;-50;-2;-20;46
-12;30;-27;-26;-37;24;-29;41;-24;-5;-21;-10;-22;22;24;21;-49;13;45;24;32;31;8;-36;-12;28;-18;33;4;-19;-43;-37;16;1;10;-50;-29;28;0;-3;46;47;-28;-34;-30;30;-34;-26;6;-17;-11;10;43;45;-8;16;45;19;-26;22;-28;-19;27;19;18;-43;47;33;-24;-23;21;47;7;35;-10;-24;-6;-33;34;-19;14;21;-42;-36;-29;-6;-11;-39;-36;8;-33;-7;11;-10;49;33;-37;-45;-25;34
-44;-29;0;4;-36;-11;-10;14;-48;33;-8;-50;-40;-23;-35;32;9;9;28;-41;-47;5;20;-20;34;14;46;-42;-21;-13;10;27;-34;8;42;15;23;-41;-18;-39;-48;-42;14;13;-30;29;-25;-38;-50;-7;-10;7;-39;26;-7;34;38;-23;-31;-35;-49;29;10;-3;2;-7;18;41;21;26;-48;8;12;33;-46;-10;-8;-43;-47;14;48;33;-24;-50;34;29;45;-11;48;-13;9;8;29;-29;-35;41;33;23;-46;7
-6;24;-13;5;36;-3;11;-8;-49;31;48;-38;-38;-16;-12;14;41;2;-29;46;8;27;-22;47;-39;0;48;-23;-30;-31;-50;-1;9;35;-43;22;-19;-9;10;22;17;-15;43;3;32;-37;18;-12;-6;9;47;-14;-8;22;-48;-45;7;-27;26;42;5;-31;-27;2;5;-44;-7;-28;47;41;-17;-13;15;40;-15;-11;-41;24;0;1;-9;-11;31;19;37;-24;-48;32;-16;-27;11;-50;47;-46;-36;-31;5;16;-31;35
25;-1;-46;11;18;30;2;-19;-24;-29;-32;-33;-44;3;-9;-15;0;-15;-46;47;42;-41;31;16;-34;-15;2;-20;-22;-16;-7;-27;17;-20;16;-26;-10;27;19;-25;43;-42;-34;47;-46;-48;-28;27;19;-35;33;33;-14;-39;-6;20;30;-18;11;-40;47;-18;-8;26;-19;-34;-10;-8;-9;-19;12;49;-49;39;-2;-45;-50;26;-21;10;-25;-46;35;-49;-4;32;29;-48;49;-43;-20;2;-16;-35;-27;3;-9;-33;15;-6
-13;-31;-50;15;-6;-7;-32;-16;31;1;28;-15;32;13;6;-8;-3;10;-2;12;27;-23;-39;49;-18;39;-7;-12;33;-1;48;45;40;-50;41;-47;-38;-48;-15;-47;-48;-49;-41;39;31;-22;48;40;33;43;-41;46;40;42;46;19;-3;-8;-47;8;24;41;-28;-7;-33;28;35;-49;5;-16;-28;-16;-32;19;28;40;21;24;-17;14;2;-40;-42;3;41;17;44;0;24;-32;-29;13;-49;25;11;25;32;44;-27;1
-40;47;5;-24;24;3;13;-43;29;-43;4;-36;15;17;-15;-47;40;-3;-22;37;-7;-33;-41;-14;-32;-20;46;-43;22;-1;-20;-30;-31;5;2;-37;-17;-8;33;-6;43;-32;35;17;-29;-47;-28;48;44;-14;33;25;-24;28;33;-36;-28;48;3;-23;-22;-1;33;-43;-15;-11;-46;34;-19;39;-50;-25;24;-41;31;25;0;8;27;-31;43;-26;-2;-35;-42;38;-17;27;-35;38;-39;46;-36;1;45;-34;22;-3;-5;-34
34;-19;-7;23;33;-33;21;41;-16;-48;-30;-9;3;-25;-35;26;16;13;-47;-24;-21;-19;-14;-12;-42;44;-19;-14;13;20;36;-46;39;-6;-14;10;-25;-49;-2;-22;-7;-34;-46;10;-48;-41;-46;6;-13;-34;-35;-41;-14;-23;-42;44;46;32;41;-34;-46;-4;44;26;-26;-36;-28;36;28;-48;5;-13;-14;23;14;-8;34;13;-24;14;43;19;35;-2;-17;-49;-26;-8;-47;-5;22;39;44;-4;19;-12;-42;40;-6;0
