816;-838;1431;2480;3971;5253;2532;4280;856;801;4494;2613;-3513;-462;-1039;4336;-2239;3035;1540;-901
-1120;-303;6744;2828;6145;-3925;-1123;-888;2087;5537;-1216;-213;-5347;-2304;4951;-1201;-284;3740;2491;-1650
5562;-3200;-4189;-2463;-200;-5947;-4657;-1118;176;-711;-201;877;3801;805;-3643;-4794;-4038;-11346;-1327;7047
3456;-3965;-1116;528;-1956;-2644;-1643;134;-1270;2785;2309;2828;3002;2243;4064;-2779;1080;-5482;-917;5844
1450;4864;-95;-2476;4723;2703;-1349;-717;622;883;1655;5706;-1332;3891;-3415;-2267;-1405;8175;-698;-1986
1446;2218;6177;-103;-1076;-10;-1265;-239;-2848;-819;-3657;-5588;-2188;3418;9101;-1720;2245;5067;2799;4640
-3134;8100;-1779;-4612;-4342;-330;-1193;4239;544;475;-5704;-2387;-210;609;-2708;1974;3481;-2411;-1894;-693
-4821;1668;-1905;-3550;-1282;-4272;4201;5383;3846;5009;-1345;-3551;-3326;-3749;1012;1631;3195;-4117;1766;3060
-2777;3063;-6478;-4517;-5774;-3641;1063;-3772;1142;1410;-3880;-5753;304;-4953;-2334;-7918;2102;-8434;-412;-639
-3943;1811;4462;-470;975;-85;-2563;-2045;934;951;1326;3431;-2674;-2022;767;2482;-835;1821;86;-5010
-6415;78;5908;-1979;2118;372;-353;-6417;-1722;-770;3012;-1784;-2406;-702;3440;-2433;-2315;1115;2883;-5204
721;301;2241;1960;-1471;-3503;-1014;532;-658;1552;-1859;-2947;1438;-1466;-222;1457;105;-4525;-334;1239
3626;2498;1642;7224;6106;1343;1080;5201;-2635;4688;-4929;7312;483;1606;5789;-2468;907;-973;458;-1750
-6094;-2002;-2886;-8159;-2747;-776;139;-632;116;-2999;-4609;-5635;-2251;-1081;2662;47;-2621;1031;500;1996
6393;-165;4552;1626;-4273;-11271;-3966;-4279;1007;4930;371;786;1557;-3113;925;-2778;2128;-4836;-2747;7457
2499;6434;9509;4967;-4197;1409;-3154;5283;-4707;-1035;260;3545;-1349;3359;4128;1752;4119;-675;-3053;5335
3084;3157;-474;-3750;-3620;-5772;-6122;-1532;476;-551;-6705;8534;3225;-47;844;-5;-594;1247;-3110;7247
2795;628;-18;13;6201;-1093;4337;629;-1093;1115;2517;1470;-563;-734;-5311;-4474;-1013;-542;183;-3368
-1471;1125;545;2510;-451;6895;1681;-1588;-259;-606;2652;-55;-258;1398;1871;2156;1289;6000;2090;-6548
4676;468;2830;3512;693;-2837;-1296;3059;-3425;-444;-422;3183;4047;4240;1401;664;721;4644;-808;4105
