-1302,-3418,2498,188,-1633,5255,4675,4176,1342,4865
-675,1116,-957,3701,-849,-2843,-2586,-156,-3505,1257
3336,1440,1298,-1361,2907,-2676,-51,-1482,339,-266
1579,-2224,1843,-541,1147,-2834,2919,1802,-934,2487
2029,745,-1562,872,86,-2475,-3034,-2958,-3052,-889
1549,1436,3792,448,685,-69,-303,-1050,1424,2159
-2014,-6482,6966,3993,1735,6458,573,4535,3870,1919
-1439,-4778,-1170,2917,-18,1511,-154,3062,-2068,-676
917,4681,-5002,-5661,-3614,-2526,-1630,-4087,-1313,-3124
233,2074,-1673,2269,-423,-6775,-5266,-855,-3297,-389
