-3131,2971,-10896,-264,441,-4421,6149,-2905,3521,-5269,-4555,816,3730,-5774,-5880,-2052,-150,9562,-2048,8000
5131,3281,-97,-1253,289,2804,-1603,-2818,366,-435,881,1104,2769,2749,3078,-1734,6168,-6059,-4123,-2288
-1765,-5565,-505,-8438,-4825,-2685,4556,-1920,936,-3279,209,2172,-2793,5532,782,-8816,175,1353,-4333,1812
1844,716,-2043,850,-818,4195,-2787,2101,743,-510,1499,-440,-3246,2904,462,-2830,3348,-2466,1968,-4231
-3188,-6284,-983,3604,-18,3725,-4363,3180,-5228,9398,1712,539,2723,2123,-3048,3733,96,-1572,5816,-3005
258,136,-3909,-2689,355,-9089,7340,-2524,8684,-3155,2365,5659,-9829,1399,-550,-2167,-396,2643,-3899,4105
-1981,356,1776,1271,-1205,-6696,-2908,2887,-3018,4745,-1696,3225,5312,3144,-550,1262,-2247,-7870,892,104
283,1870,1437,-2027,5692,7539,4805,3218,3583,-5239,-1636,-192,875,-1728,4526,-4823,2780,1889,-3039,1218
7561,1207,-55,-498,-1547,1179,-6906,-3389,-8450,6497,3788,5747,-4145,6903,4888,-1833,4704,-7441,4715,-5092
2385,5570,-2650,-1254,3309,4023,2240,-795,7288,-4639,-2777,-202,-2301,-3845,-3027,-1941,2929,-1667,-1046,3840
-2025,2595,-146,-741,-160,2989,1337,-2169,-1847,-5676,-1010,-1415,8927,-5508,-862,-436,847,4720,-494,2983
3669,2322,-2656,-2910,6452,8058,5330,-2848,-296,-2390,-772,-2381,-1432,-5663,6423,-3537,6947,5916,-3860,1787
-7196,-4711,-1814,3580,6142,4924,-878,-2886,-2768,1305,7453,-784,-1846,3784,1255,-1494,355,-4036,5969,-4820
-5150,4365,-3979,-4396,1648,-2698,12,-5920,-7062,907,3414,7273,728,-3209,3139,-4845,2352,-1012,2872,-321
3022,-4349,-8478,-4942,-516,6751,3708,-4926,-1435,186,6213,-1821,-4575,2207,2836,-1916,6530,6001,-784,-2237
-5678,-9253,4008,-1555,-4043,-393,-842,-3049,1603,462,1135,-3542,-98,1498,-4311,5827,-5699,2953,91,2290
68,5076,-2958,6306,567,-3764,-48,8025,6750,1121,-4524,-3004,1444,-3533,-2426,4438,-3141,5701,-1420,1118
-1804,2166,713,1941,192,-4533,-3740,-416,-817,914,-4097,-2018,-1539,-4361,-1459,1453,-5772,-2919,2501,-1693
2430,3556,1968,-689,-331,-3281,198,5908,4763,-310,-3857,391,-5846,754,-797,-3596,1740,-1595,-5027,1334
-3908,-6072,-4190,1636,-4144,-1114,-2547,-259,643,2148,4010,-799,1575,11449,-5588,-2500,355,-2354,841,-1424
