2693,-5545,-1933,6657,-5758,-1410,-6592,-6051,2075,-2347,-1750,489,9091,-1514,4606,6094,-710,-1279,15476,-5839,791,-10358,2043,-10215,2804,-4283,7625,-10649,423,2683,4031,-2113,4661,2218,-651,-4653,2861,-6223,6100,-1225,-2956,1879,3702
-2097,-2816,-11005,5945,-975,-63,-7958,-9386,-8716,-5313,-4566,7575,-4028,5850,15663,776,5647,2367,1520,4822,1522,1406,-9549,4747,-5991,63,5334,-3651,-1837,-2374,69,4910,7420,4281,2000,-5805,3132,1211,6021,2685,-3967,6390,4137
-3352,8702,5322,-6352,6499,-5434,4256,9193,7778,6098,9128,15593,-12568,-14768,-15476,-1532,3101,-3518,7711,-2953,7802,-783,3083,-6533,4051,7117,-4318,2773,5015,9078,1409,607,3482,6397,-3565,-603,580,-5318,-6810,-1383,6918,552,4565
7471,3371,-8080,-9904,1012,436,-2725,4648,-1039,1617,13571,-4786,-3448,1645,13990,-4126,-8067,5921,-23527,1069,-9809,-4325,834,4539,-3190,2793,2310,9301,-7113,-3556,-9653,4679,8089,-3296,14442,-7897,-2779,5412,-2359,-2335,2063,5657,7526
3322,4326,7458,-7242,12305,-4038,-1269,689,-5453,-581,-914,-3172,-8859,-1929,-16484,3729,-3907,-1222,-5946,1885,-6879,1255,4946,2565,5068,4509,6447,-3415,2582,4973,-2551,-3832,7241,5266,7165,913,1056,2451,2525,131,9075,-1179,1977
-2877,-2577,3491,7569,2097,8098,-1214,-7965,744,7972,-1863,55,6371,-2351,2794,-5374,836,8841,6067,-2865,4072,-412,2327,-7660,9319,2638,-2662,-1728,3974,-9275,5188,-3897,-2832,-3884,-2323,-1196,5144,-744,7168,2435,3099,-5511,-4594
3046,950,4309,-5601,-577,-2060,-10129,4098,-1029,-1366,3753,-3773,-4729,-8034,-3559,5515,-2819,1780,6292,9917,3054,-255,3596,-2791,-2695,-4664,-8492,10722,-2086,1047,2707,-4347,2749,6569,4632,3857,-1077,-1587,-1775,-4122,-5984,8122,-2955
-905,5052,6267,-2303,-2498,-4378,5821,10719,7804,2325,-1509,-7205,8943,-1799,-16593,719,-1579,-19841,-416,-13015,4698,-6901,1834,-4950,1968,-1251,-7579,-2099,3185,-5431,-2241,-11013,1838,-6154,-3117,2966,5324,4311,2275,3025,-2090,-2408,5060
2446,3886,8649,-2047,-3193,-1155,-2008,-6207,7071,1303,7036,-2819,-7911,-11968,-7057,-4209,-342,4,7576,-4975,893,788,12662,-4389,1924,-1250,-3541,1004,6728,-2017,-3633,-779,-4591,-978,-3153,6963,6132,-4202,367,-9846,-7152,6579,2919
-254,-4930,-6307,-10297,-1810,-170,-2034,-3315,652,9154,-9086,-524,287,-2369,-11448,748,-12028,1989,-7359,5446,76,13369,-2542,838,3753,4931,-9124,-1496,2227,-3526,-496,-660,-12442,-4442,-9066,10951,7210,-3221,481,-53,-4917,7831,534
2714,2652,4240,3860,-1734,-2822,9150,2894,1153,3972,2506,-334,-287,-3645,-3294,2450,2973,8026,4976,4224,-347,-6998,-5529,-5406,1388,4887,7297,-5661,2850,13114,6906,80,1858,1979,-4085,-9307,5303,-1723,46,661,6028,-3661,7712
3142,3808,2929,2557,4519,1108,5407,-11363,-2464,2291,-2427,-9646,455,2728,1209,-6126,3090,2690,-927,-5323,-4715,241,-4760,238,-988,2008,6667,4477,-3582,2784,3961,2727,-1366,-344,-2365,6070,11654,8390,1591,1444,-1367,4669,6781
2727,-6178,-3958,246,-1627,1974,-2965,-303,7579,-8702,1333,-7319,3203,3565,5088,-350,-843,-2501,-1539,3430,9287,2010,-3247,-5423,-8376,-7601,-3131,-6008,3264,-3835,-9744,-691,-3906,-2494,-2292,-2093,-484,3362,8541,3680,3742,-3706,-15244
3944,-2027,-4376,-3237,4741,11100,-6841,-5891,149,537,5577,-5434,7967,7786,194,1144,3631,6178,-4013,6252,3657,3738,-5485,6076,-965,4256,-3581,-12349,7933,-3230,-1057,3224,-1776,-1962,6273,-3474,10224,5543,7605,2594,-1188,2996,-8818
-7553,4186,792,17467,-12899,-648,-3053,-2831,847,1237,4016,-1390,-3969,7930,13497,-3956,9582,3481,9419,-5924,-542,-5565,-10425,-7537,-890,-2729,111,-343,-5428,2766,2382,-459,2459,2822,2675,-4909,3211,117,2641,1862,-5743,1641,1567
-2170,-2444,1029,-2216,1600,-1790,-2413,9959,5323,-1732,5247,-3250,5343,-487,-1729,1315,-1347,-6796,7798,-1683,4212,-4231,857,-4090,-4646,-6523,1101,1124,9532,5866,-1851,2819,4348,1635,265,506,-1102,5737,-6779,898,3141,-3614,-5753
-12771,-3537,7505,4656,2474,4931,-453,-1872,-953,16724,12497,-2601,-4484,-4288,-2012,-2195,-540,11092,11703,-10472,9995,-1882,7194,-13963,1393,-1297,14470,-1726,6741,-649,2045,4028,-2406,-5996,8919,-5336,11088,-3194,-1083,3667,-7277,1591,-2444
3527,8084,-182,-5063,-2258,-8793,-2258,6852,-884,-1755,6731,-7111,4682,7578,7235,3260,1171,-5510,-3415,-1443,-1284,-36,3339,-4063,-2185,-4252,878,9078,-1316,-8598,1399,-1828,6295,1360,10104,-1364,-4361,-4246,-7722,-7772,-2397,3178,10629
-980,-1826,8178,2087,3812,-9827,-933,9252,4976,-1118,4479,-16610,2073,3607,-2138,6896,-622,-4767,9825,-301,10549,-7674,3618,-2002,-4668,-2753,-1456,-3345,1649,7954,6816,-12144,5938,7233,4927,-11149,-3919,-11847,5482,-6105,8574,-7173,-3675
2622,12852,-4481,8129,-6419,5505,-218,-973,-5653,4220,261,8251,-1796,9616,6847,-52,1815,-3097,6367,-14088,-1655,-5832,-5023,-2773,5323,-6133,9344,5090,-1092,-11206,207,-3735,610,-8531,-2404,-3499,-1853,4905,-3118,3467,-7560,4558,-1987
-638,6203,5627,-8819,4964,-2775,-3094,3445,-154,3308,1837,-1953,-2338,7055,-4963,10625,465,94,2040,-609,1863,10464,1673,-1,-6134,1163,-6572,-3910,-1179,-5532,-8255,-3117,3950,-2186,2504,2696,-498,8765,6886,5302,975,4320,-10298
2387,11186,-1507,-6206,-3087,3405,-7148,903,1906,1496,3777,3300,-2954,3099,-1748,5594,4359,-4368,3515,-3329,-1891,6823,1030,345,-4548,-2774,-4163,2308,4331,-4190,-705,683,672,6277,409,3192,-44,1323,-4194,-3827,-4398,4640,-2042
132,-769,-1386,2995,3292,3611,3809,-1262,5216,11240,-678,566,-59,-128,-13505,-3472,1550,-41,7390,-12646,4195,-8218,-5522,-253,-835,9668,1450,-10548,-4120,9490,1663,1068,-4401,1025,-13260,3575,9420,1139,7465,7553,5985,558,4476
-5486,-4311,2842,2464,-586,4453,-1731,-2704,-2077,-2028,-6884,-1483,1767,6752,7711,-727,4727,-2075,-3550,4221,-588,5597,185,349,-3651,-3072,-7825,-799,-16683,-746,2011,-5530,1505,5191,-3282,-2609,3833,7015,7457,5651,-12857,147,3412
7105,-3855,3537,12800,-1919,7418,1481,-11409,-5361,3035,-3381,4387,13132,7810,7658,-6988,-373,1713,3738,-10336,-5760,-3465,-4121,-3485,6908,-14291,4572,-790,-3911,-12183,-1689,-3520,765,-13429,-2472,-3810,-3430,14094,1297,2966,1765,-5833,2946
4130,609,-13724,-359,1790,1640,303,-6589,2460,-132,-13196,-6006,5221,8566,3282,2131,5005,-537,-5879,-2275,-5234,-4225,-4875,3843,1632,3067,-1342,-4966,-6518,-6788,6323,-1009,3930,1765,-11421,331,2892,-384,5781,-739,-992,4187,3675
-5755,-9010,-6837,-588,1853,4830,196,1893,1502,-4578,-6093,1541,-625,-129,-7770,-1249,-218,-4105,612,4140,1387,-4767,-2167,6888,5940,5404,-4389,-6482,3678,9635,7654,-1649,-4873,6520,479,3038,-2621,-12109,1008,-3348,2876,-1309,-4989
4136,2162,3164,2298,-8546,-5620,-5384,5721,2012,2085,-2364,1117,14332,10208,2369,-13103,-8457,-5157,-2544,-9924,-8281,152,-11958,-9393,1394,-9600,7407,374,2650,1278,1384,-4074,4605,-3885,-6856,2508,-5788,3719,-11175,4084,1920,-7288,3981
-5174,-2486,-2586,1459,-208,421,665,126,-2952,9945,-866,359,-1150,-3348,-590,-11810,-984,9059,-7267,8906,-8491,-6462,10292,11955,5804,13072,-4336,-430,-184,-1568,7569,1175,-5993,-150,-4357,-3368,5286,967,-4901,10183,-5994,1259,-1460
10285,-2726,-2829,-4165,764,963,-3402,6459,1838,-5541,-2816,1217,13689,2544,7512,3170,2330,-1160,1533,3037,-3014,-2988,-1657,-5775,-868,-11264,-2996,429,-4464,-1771,5853,-595,-3822,3647,-4069,3760,-14153,-376,-1912,-6483,6177,-789,3736
-12405,6912,7671,-11256,-1454,-6662,8961,3853,8186,-658,789,-2886,-4342,-1753,-5574,2289,116,-3247,1755,3596,-7501,2548,3823,6500,-627,8322,10416,-6328,10321,4395,4316,4073,-5353,12962,5478,5633,-6555,-6231,-9908,-10900,5225,-658,-11944
545,1156,6244,-651,9545,-383,1647,-536,-1642,11569,7480,-1573,-1792,-8747,-8970,466,-1699,6030,4389,-1784,735,-7485,10366,2263,2152,1411,5791,5624,-2112,1634,1470,6275,6023,-5614,10921,-10760,4661,7485,-3855,5412,-2784,641,1568
-560,10998,10982,-6707,9963,-7016,4726,5822,11898,2929,4356,-43,432,-7713,-13370,3520,6425,1426,2460,1417,2036,4921,10949,-7116,6780,384,-8827,2947,-4170,-407,7280,-1017,7449,4620,-3057,-122,2460,-8457,-10486,-8030,417,-152,5853
-749,-8512,1791,-516,8546,-2337,-4491,5392,-2109,1196,6543,-9475,7530,6519,-4550,1961,-11636,-4985,-11561,-7,1372,470,2729,-2771,1394,-10442,12912,2315,2059,11916,-656,-1842,2900,4351,10831,-3982,5241,8100,-6196,10039,-207,2883,8004
-8296,-9572,-158,1916,9533,1166,-274,7915,4291,1122,797,-1696,6435,4934,606,582,8750,-7339,2893,-84,-3460,-6553,1601,5336,3912,-1296,-1158,-1229,1463,-428,12023,-3285,12701,15287,-2391,-9336,-1370,2380,-4000,742,1414,572,-2288
12938,5713,1950,113,-1715,-7865,-5271,3247,1513,-3787,4643,-15605,-1307,833,-189,-9129,-1008,-1480,-9278,-2072,-2015,-4265,-4041,3196,-18315,2542,-5019,1709,3987,1225,-7975,-1835,5429,-1426,-6374,1202,2165,2525,4161,-239,672,4976,-4512
-2515,-7065,3893,7609,6303,-5913,3883,3473,-3502,2518,2219,405,3913,9519,-2387,6728,862,-6872,3894,-661,-2031,9705,-63,411,1010,-13427,-4996,-653,-1584,2495,-627,-1003,-5400,-3430,-4229,2037,-11616,7560,-69,5708,11755,1553,-1451
-4164,-10560,-8238,8219,-291,-2502,409,-5687,-8618,-5051,-742,9712,-9168,-2286,7587,-116,2617,974,1495,-420,550,-5648,-4595,-4581,-2041,-176,7952,-141,3708,12099,-1270,2432,-2289,4950,-6929,6373,-2838,-3687,-1456,23,3181,3874,6830
-9036,12748,10809,3607,-3014,-9960,3250,9507,3315,1918,853,557,-10682,296,1758,-1271,-1989,-5424,3376,-4739,7454,2802,200,-6327,-8282,-5772,6505,12970,-6226,4000,-2004,-1304,10198,8330,3936,-3670,-8834,-4396,-6831,692,1475,-5964,6452
-4549,-1196,-4385,-2517,1857,-6898,-3585,-7283,5055,-2825,-2538,6511,-4956,954,616,1367,-8397,356,-4950,7467,-1176,6983,1350,6736,4660,-3059,3552,1641,-3240,-5326,-3792,1003,4477,2475,3674,-8107,1093,2032,-3288,3376,-6094,3575,-3793
1951,30,239,-9670,6195,831,-4733,5005,-6126,5190,-4349,-7397,1686,15588,-13205,1849,3671,-7029,-3011,3137,-2382,16880,-10282,773,-5726,3107,-12732,-11859,1764,-92,-3651,-2248,-11336,-700,-4196,8211,3772,9445,6441,4636,4203,-3329,-15382
12782,1925,-3723,-9622,281,-9045,-6939,1549,-11455,3726,-7217,-2383,-805,-762,-5305,4443,-12115,-5853,-5496,7001,-4186,10849,322,5990,-3812,-9002,-11897,9974,1180,-4158,-1409,-5187,-4570,-10470,-2453,5675,-6824,-721,-6649,-10425,2606,2584,3681
5564,6649,4429,-1463,3710,7683,4534,4440,3561,8260,5946,3202,142,4813,-8607,6258,-6940,-3217,7743,-7437,2672,-1208,5687,4188,5220,-6326,12697,-2038,3804,-7284,-3683,2747,-2198,2761,7081,-7464,-5908,3159,-4279,-5684,1616,-3453,-7546
